map
random512-30-9.map
pivot
455 65
agent & start
200 410
270 460
41 227
116 322
29 197
224 416
246 444
8 16
84 284
333 495
80 280
239 439
10 14
17 3
42 228
132 336
107 311
218 424
266 462
15 27
138 346
71 269
280 470
152 358
17 1
240 440
166 376
19 169
115 321
247 435
254 452
22 164
224 420
93 293
110 316
208 418
145 353
135 343
238 438
281 471
39 215
242 440
181 391
199 409
14 8
344 502
28 200
261 459
112 318
247 445
125 331
81 277
237 437
83 273
46 234
7 153
161 371
244 438
57 249
33 209
278 468
190 398
37 213
131 333
198 400
164 372
39 219
66 264
1 51
269 463
97 297
248 446
165 373
85 285
105 307
178 388
194 402
253 451
313 487
185 395
21 171
186 396
143 351
352 510
309 483
81 281
109 315
11 159
91 291
312 486
28 198
223 417
228 430
231 433
106 312
250 448
94 294
132 334
136 342
276 466
196 402
22 172
52 236
107 309
35 211
58 252
168 378
161 369
0 54
7 149
16 4
358 510
259 457
63 259
260 458
195 401
18 2
60 254
26 174
8 148
9 17
270 462
222 420
206 416
1 57
273 465
263 461
198 406
27 173
179 389
296 472
343 501
324 492
245 441
24 174
8 154
348 506
136 344
7 151
59 253
108 314
81 271
294 474
20 166
177 387
9 155
68 266
227 429
103 303
14 6
193 403
300 476
267 463
308 482
351 509
272 464
217 423
19 167
51 237
133 339
265 461
277 467
271 463
274 466
162 372
203 413
353 509
314 488
202 412
130 334
10 158
248 434
243 439
80 272
201 411
61 255
297 473
271 461
341 499
335 495
41 217
49 237
137 345
3 57
157 367
189 399
205 415
302 478
23 173
197 407
304 480
114 320
12 20
106 308
42 222
40 224
224 418
9 15
40 218
9 35
64 260
28 196
282 472
32 208
332 494
0 56
226 424
89 289
90 290
102 304
163 373
219 425
223 419
141 349
140 348
202 410
204 414
72 268
67 265
221 423
301 477
293 475
248 444
175 383
13 159
303 479
113 319
11 19
99 299
104 306
226 428
40 226
98 298
349 507
36 210
146 353
217 422
325 492
107 312
63 258
249 434
280 469
132 331
42 227
250 447
81 278
333 494
244 437
61 254
98 297
277 466
302 477
247 444
23 172
178 387
11 14
99 298
153 356
0 55
268 463
205 414
186 395
303 478
10 157
239 438
108 313
80 279
297 472
68 265
2 51
181 390
282 471
255 452
274 465
144 351
17 4
9 154
11 158
133 334
224 421
30 195
141 348
133 336
37 210
220 423
224 419
81 280
108 311
43 222
36 211
9 16
175 382
57 250
204 413
222 421
272 463
228 429
106 307
30 197
82 281
8 151
36 209
292 475
37 212
1 56
242 439
16 23
163 372
165 372
112 317
33 208
136 343
41 224
3 58
84 283
72 269
12 13
273 464
238 437
132 333
27 172
278 467
59 252
21 166
335 494
202 411
104 303
304 479
309 482
142 349
8 153
10 155
134 339
94 293
168 373
42 223
67 264
342 499
13 20
23 164
9 148
107 308
20 167
126 331
254 451
358 509
64 259
7 152
115 320
117 322
110 315
16 27
79 272
350 507
9 36
137 344
314 487
2 57
138 345
280 467
193 402
157 366
209 418
113 318
227 428
245 440
29 198
1 102
269 462
42 217
266 461
329 492
168 377
196 401
145 352
143 350
17 0
48 235
224 417
18 3
29 200
161 370
198 407
230 431
199 408
169 378
170 373
221 422
261 458
24 173
32 207
248 445
92 291
28 199
22 171
26 173
50 237
15 8
270 461
329 490
201 410
80 271
167 376
15 6
85 284
189 398
104 305
18 1
83 274
58 251
248 435
241 440
39 214
287 472
301 476
13 158
226 423
349 506
103 304
219 424
344 501
130 333
90 289
218 423
231 432
244 439
232 433
240 439
279 468
251 448
42 221
179 388
229 430
93 292
162 371
313 486
12 19
202 409
38 213
16 5
351 508
41 226
197 400
206 415
293 474
348 505
247 436
246 443
92 287
51 236
360 509
352 509
111 316
249 446
46 233
7 150
263 460
114 319
14 9
20 169
91 288
29 196
22 165
0 115
40 219
260 457
171 372
152 357
227 427
23 171
250 446
292 474
29 199
8 150
69 265
11 41
9 149
2 102
94 292
288 472
0 114
30 196
0 60
143 349
282 470
42 226
17 5
175 381
168 372
13 19
1 103
79 271
16 22
86 284
359 509
65 259
256 452
246 436
98 296
165 371
0 108
31 195
207 415
9 153
30 200
8 152
16 6
148 352
227 423
245 439
152 356
113 317
168 376
112 316
241 439
269 461
21 169
305 479
171 373
306 480
238 436
92 286
150 356
104 304
64 258
84 274
43 221
251 447
34 208
11 15
249 445
233 433
106 306
252 448
219 423
182 390
179 387
82 280
68 264
23 165
350 506
67 263
18 4
273 463
73 269
48 234
187 393
62 254
274 464
248 436
47 233
14 20
221 421
231 431
108 312
36 208
172 380
145 351
15 7
132 332
35 209
154 360
303 477
130 332
18 0
208 416
266 460
351 507
99 297
345 501
111 315
42 218
225 419
216 422
209 417
189 397
203 411
42 224
246 438
26 172
9 37
226 422
200 408
32 206
199 407
352 508
170 378
40 214
17 27
109 313
204 412
188 396
287 471
298 472
291 475
245 437
17 23
16 24
134 338
206 412
16 8
144 350
43 223
83 275
268 462
330 490
302 476
360 508
240 438
201 409
239 437
131 331
13 13
230 430
60 252
12 158
1 115
334 494
329 491
3 59
147 353
10 156
1 55
226 418
297 471
134 336
137 343
85 283
225 421
206 414
115 319
37 211
24 172
142 348
314 486
116 320
228 428
280 466
310 482
349 505
255 451
59 251
169 373
192 400
31 197
46 232
264 460
41 219
22 166
1 101
117 321
49 235
261 457
186 394
61 253
163 371
169 377
196 400
83 281
267 461
197 399
10 16
92 288
9 151
154 356
170 372
107 307
92 290
249 435
185 393
21 167
328 492
17 11
225 417
247 443
280 468
91 289
81 279
126 330
244 436
10 36
133 331
58 250
30 198
15 9
12 14
157 365
193 401
170 374
39 213
124 328
325 491
139 345
215 421
50 236
33 207
247 437
278 466
173 381
158 366
2 56
343 499
2 52
162 370
133 333
229 429
361 508
289 472
189 396
82 279
133 332
42 225
2 55
239 436
207 414
209 416
24 171
43 220
200 407
127 330
87 284
245 436
109 312
30 199
232 431
39 212
249 436
213 418
144 349
158 365
139 344
138 343
307 480
193 400
144 345
182 389
185 392
2 59
1 104
169 376
135 336
250 435
18 11
298 469
85 282
251 436
33 206
343 498
299 472
174 381
345 500
298 471
50 235
175 380
231 430
155 360
114 317
105 304
268 461
30 193
166 371
23 166
204 411
92 289
192 399
170 375
228 427
173 380
35 208
108 307
251 446
241 438
1 114
111 314
220 421
43 224
283 470
310 481
32 197
19 4
167 372
62 253
230 429
151 356
79 270
208 415
281 468
124 327
172 379
248 437
180 387
0 61
116 319
226 421
188 395
311 482
10 139
143 348
22 167
91 286
226 419
60 251
64 257
65 258
206 413
261 456
300 473
15 20
122 325
127 328
18 5
107 306
146 351
169 372
147 352
171 374
22 169
291 474
246 439
140 345
247 442
38 211
61 252
74 269
253 448
150 355
359 508
65 256
17 24
312 483
126 329
229 428
31 196
12 15
148 353
201 408
11 16
19 0
205 412
187 394
11 156
16 21
117 320
252 447
240 437
170 377
2 103
227 422
297 470
326 491
68 263
113 316
115 318
163 370
251 444
31 194
247 438
12 41
1 68
13 18
130 331
93 288
250 445
226 417
1 108
288 471
210 417
128 331
314 485
159 366
331 490
1 60
11 36
358 507
154 357
47 232
215 420
9 152
59 250
3 52
10 153
0 113
21 168
264 459
99 296
170 371
219 422
143 346
313 484
32 195
25 172
196 399
328 491
216 421
109 308
18 23
279 466
2 101
11 40
161 366
233 432
44 223
350 505
267 460
17 10
255 450
145 350
16 7
67 262
23 170
206 411
303 476
282 469
334 493
86 283
262 457
10 37
110 313
134 333
135 338
17 26
183 390
9 150
70 265
106 305
84 275
93 290
42 219
17 6
84 281
44 221
41 214
154 359
12 157
83 280
48 233
94 291
149 354
179 386
134 337
16 9
186 393
256 451
45 220
34 207
0 109
13 14
352 507
274 463
302 475
344 499
125 328
306 479
43 225
251 437
206 410
5 101
298 470
211 417
45 221
10 38
205 411
250 436
248 442
65 255
31 193
109 307
233 431
135 331
124 326
193 399
1 113
161 365
106 304
116 318
163 369
19 11
23 169
361 507
4 102
298 468
70 264
98 294
136 340
253 447
240 436
311 481
313 483
31 201
314 484
11 37
95 291
18 6
192 398
155 359
190 396
344 498
241 437
196 398
167 371
18 10
67 261
215 419
10 150
12 16
1 109
170 376
126 328
87 281
174 380
74 268
264 458
32 196
170 370
17 25
195 399
158 364
78 270
17 7
283 469
214 418
86 282
160 366
166 370
327 491
10 152
229 427
20 4
144 348
149 353
2 114
359 507
89 285
60 250
142 346
139 343
75 269
168 370
159 365
13 15
12 40
128 330
114 316
255 449
20 0
19 5
31 199
1 69
127 329
3 55
352 506
99 295
68 262
143 345
227 421
140 344
140 342
207 413
11 39
210 416
183 389
115 317
19 23
235 433
110 308
66 256
88 284
110 312
213 417
41 213
252 444
145 349
0 70
350 504
300 472
358 506
353 507
144 344
219 421
279 465
111 313
94 288
39 211
123 325
248 438
69 263
137 341
228 426
11 139
12 156
62 252
15 19
268 460
2 60
14 18
35 207
45 223
188 394
297 469
84 276
87 283
307 479
226 420
345 499
125 327
48 232
172 378
267 459
113 315
2 54
275 463
23 167
173 379
1 61
234 432
274 462
122 324
43 219
22 168
0 98
108 306
138 342
256 450
1 111
343 497
3 101
0 110
3 53
185 391
2 104
151 355
50 234
10 138
135 337
93 289
201 407
228 422
227 419
182 388
262 456
17 21
17 9
146 350
30 192
147 351
252 446
34 206
239 435
33 205
83 279
84 280
288 470
332 490
282 468
303 475
150 354
71 265
209 415
156 360
118 320
171 377
247 439
299 471
11 153
94 290
208 414
0 62
216 420
154 358
312 482
90 286
134 332
44 224
46 222
18 26
171 375
44 220
157 359
291 473
250 444
310 480
25 171
65 257
129 331
266 458
179 385
1 67
301 473
334 492
304 476
180 386
141 345
227 417
289 471
278 464
169 371
186 392
10 140
232 430
230 428
362 508
245 435
306 478
75 268
202 407
241 436
334 491
73 266
310 479
1 110
240 435
111 312
171 376
163 368
136 337
249 438
193 398
94 289
25 170
172 375
112 313
299 470
248 439
86 281
144 347
110 307
351 504
229 422
67 260
20 1
255 448
250 437
98 293
63 252
247 440
32 199
32 203
51 234
139 342
359 506
12 39
183 388
305 472
208 411
66 255
3 104
211 416
11 38
126 327
124 325
14 15
1 66
4 105
216 419
32 201
312 479
108 305
44 219
142 345
68 261
30 191
267 458
90 285
63 250
83 278
160 365
14 17
16 19
141 344
234 431
13 156
314 483
44 225
12 153
248 441
21 4
282 467
119 320
122 323
107 304
2 113
266 457
89 284
146 349
191 396
138 341
96 291
353 506
313 482
263 456
253 444
147 350
78 269
174 379
20 3
256 449
19 12
229 426
2 99
297 468
61 250
41 212
253 446
219 420
186 391
173 374
11 152
18 9
333 490
2 111
301 472
250 443
34 205
39 210
268 459
227 420
1 62
121 322
245 434
140 341
230 427
15 14
46 223
171 370
354 507
115 316
345 498
76 269
3 114
5 102
34 197
49 232
88 283
45 224
85 276
69 262
18 21
18 7
189 394
35 206
156 359
343 496
158 361
167 370
170 369
182 387
210 415
236 433
257 450
264 457
213 416
304 475
307 478
0 71
13 16
11 138
117 318
312 481
2 61
3 54
135 332
47 228
228 417
180 385
62 251
129 330
362 507
84 279
278 463
15 18
99 294
111 308
151 354
327 490
159 364
214 417
164 369
11 150
85 280
118 319
300 471
70 263
233 430
40 211
350 503
9 140
47 222
19 6
74 267
242 437
18 25
143 344
87 282
46 221
179 384
4 103
31 192
1 70
231 428
136 331
17 20
369 508
232 429
3 100
33 204
128 329
290 471
4 55
169 370
71 264
289 470
288 469
157 360
283 468
32 193
252 445
23 168
150 353
196 397
309 480
155 358
172 377
215 418
1 98
137 340
217 420
208 413
20 5
209 414
114 315
66 257
205 410
5 100
42 211
235 432
77 270
275 462
308 479
279 464
31 202
291 472
33 196
136 339
0 97
123 324
195 398
19 24
259 451
295 469
126 326
31 191
86 276
26 170
1 63
126 322
2 110
241 435
194 398
89 283
151 353
17 13
290 470
219 419
205 409
13 39
7 141
186 390
18 20
174 374
74 266
77 269
103 293
172 376
158 360
308 478
111 311
310 478
190 394
268 458
159 361
48 228
111 309
122 322
84 278
257 449
254 446
311 479
242 436
156 358
263 455
267 457
335 491
184 388
209 411
114 314
269 457
187 391
279 463
250 438
36 206
63 251
50 232
179 383
314 482
62 250
117 317
237 433
173 377
98 292
2 112
43 211
21 3
304 474
355 507
123 323
296 468
112 312
287 469
264 456
234 430
115 315
270 458
180 384
14 36
309 479
1 71
0 96
5 53
116 316
210 414
51 233
45 217
260 452
283 467
250 442
5 103
164 368
96 290
95 289
37 207
4 104
167 369
280 464
90 284
253 445
211 415
2 66
34 196
3 113
46 224
232 428
47 221
3 99
230 426
261 453
13 153
285 469
6 102
352 504
240 434
312 478
70 262
368 508
21 1
174 378
274 460
300 470
351 503
47 227
165 369
229 421
35 205
68 260
275 461
21 5
217 419
363 507
248 440
125 325
14 16
191 395
245 433
306 472
108 304
18 8
233 429
229 417
76 268
362 506
32 200
148 350
344 496
39 209
12 38
45 225
67 255
255 447
73 265
145 347
20 2
5 105
142 344
34 198
67 257
208 412
218 420
88 282
33 193
327 489
30 190
141 343
139 341
313 479
183 387
215 417
138 340
262 454
276 462
216 418
0 72
15 15
49 221
129 329
14 156
4 54
35 197
192 396
315 483
136 332
170 368
4 56
124 324
354 506
214 416
20 6
20 24
254 444
34 194
282 466
137 339
203 407
370 508
345 497
19 9
16 18
173 375
195 397
24 168
137 337
19 25
121 321
4 100
33 201
291 471
16 14
12 152
11 151
147 349
305 471
44 218
3 61
47 223
33 199
19 13
353 505
119 319
8 140
40 210
11 47
360 506
32 202
41 211
110 306
11 137
160 364
42 210
212 416
72 264
86 280
235 431
172 370
312 480
346 498
173 369
301 471
229 425
120 320
112 306
2 62
17 19
169 369
334 490
2 98
1 97
228 420
99 293
85 277
33 203
2 70
71 263
304 472
67 254
17 14
32 191
311 478
172 371
263 454
179 380
112 305
34 195
229 418
27 170
72 263
123 322
17 18
284 467
238 431
49 220
0 81
173 370
48 227
1 80
210 413
110 305
344 495
303 472
21 2
234 429
192 395
257 446
294 469
167 368
215 416
242 435
12 151
306 475
129 328
353 504
137 338
254 445
189 388
366 507
102 293
258 449
15 36
16 15
203 406
310 477
205 408
98 291
345 496
274 459
3 110
187 390
125 322
315 482
5 56
14 153
295 468
3 112
260 451
45 216
4 61
190 393
174 375
90 283
91 284
72 255
363 506
86 279
368 507
304 471
48 223
122 321
327 488
111 306
13 38
174 369
184 387
328 489
21 6
250 439
326 489
282 465
160 363
165 368
97 290
105 298
270 457
35 204
0 95
267 456
25 168
3 66
4 99
113 312
181 384
11 46
193 396
47 224
159 360
209 412
77 268
48 221
103 294
116 315
20 7
269 456
283 466
265 456
2 63
241 434
11 136
148 349
259 450
39 208
355 506
112 311
314 479
314 481
51 232
354 505
68 259
188 389
362 505
41 210
38 207
33 200
174 377
74 265
233 428
371 508
35 196
20 9
6 53
14 37
229 420
89 282
31 190
188 391
175 378
232 427
139 340
236 431
35 198
164 367
101 292
173 372
33 192
146 347
279 462
217 418
137 332
262 453
112 309
16 17
5 54
286 469
2 97
183 386
305 474
45 218
309 478
145 346
96 289
64 251
115 314
12 137
1 72
34 199
109 304
30 189
10 49
244 433
69 256
336 491
291 470
360 505
49 228
218 419
285 468
237 432
20 25
97 288
176 379
15 16
346 497
7 142
334 489
302 471
275 460
5 106
268 457
173 376
287 468
60 247
212 415
2 71
313 480
271 458
194 397
86 277
276 461
352 503
85 278
7 102
255 446
211 414
261 452
280 463
138 337
180 383
58 245
301 470
111 310
66 253
130 329
47 226
67 258
347 498
257 448
69 260
138 339
18 19
250 441
300 469
11 48
169 368
62 249
29 188
19 8
151 352
50 231
43 210
126 323
35 194
126 325
370 509
75 266
59 246
264 455
37 206
230 425
249 440
210 411
18 13
5 104
156 357
124 323
52 233
121 320
120 319
33 202
71 262
73 264
191 394
8 141
100 293
127 326
142 343
14 157
306 473
46 225
117 316
161 363
330 488
21 9
257 445
5 61
371 509
206 408
1 81
233 427
311 477
22 6
122 320
52 232
72 254
150 350
58 244
174 376
15 157
12 136
317 483
335 489
203 405
4 68
115 313
71 261
65 251
308 476
211 413
14 152
189 391
148 348
352 502
34 200
31 189
284 466
360 504
120 318
174 370
36 204
66 252
373 507
126 324
262 452
46 218
189 389
3 109
10 50
15 37
69 257
303 471
102 292
111 305
30 188
264 454
48 220
180 382
257 447
235 429
21 25
279 461
347 497
51 207
11 135
301 469
104 294
73 263
16 16
173 371
6 54
41 209
21 7
251 441
34 202
77 267
177 379
286 468
127 325
147 347
137 333
43 209
300 468
6 104
33 191
179 381
103 295
23 5
4 60
27 169
36 198
124 322
232 426
11 45
236 430
230 418
116 314
20 26
210 412
3 97
0 94
8 142
355 505
47 217
292 470
204 406
104 296
12 46
20 8
261 451
260 450
354 504
33 189
216 416
129 327
2 80
275 459
7 103
302 470
61 247
68 254
268 456
113 311
366 506
8 144
188 388
32 190
4 112
309 477
212 414
218 418
328 488
306 474
194 396
17 17
251 439
332 488
72 262
35 195
4 98
297 465
13 151
277 461
68 258
315 481
67 253
1 79
71 255
174 372
169 367
175 375
46 216
149 349
125 321
160 360
13 47
1 95
348 498
100 292
217 417
5 107
285 467
117 315
112 310
75 265
39 207
193 395
6 56
166 368
50 230
326 488
99 291
98 288
346 496
271 457
176 378
4 108
81 265
138 338
62 248
30 168
274 458
234 426
87 277
130 328
3 63
38 206
29 187
110 304
345 493
339 493
0 82
151 351
97 289
8 106
156 356
165 367
91 283
281 463
263 453
370 510
307 475
238 430
243 433
192 394
314 480
231 425
367 507
237 431
4 66
340 494
22 2
60 246
87 279
211 411
69 259
47 225
180 380
90 282
142 342
184 386
255 445
295 467
183 385
175 377
242 434
70 256
316 482
363 505
282 464
25 5
191 393
215 415
160 362
37 205
361 505
3 65
270 456
59 245
118 316
35 199
48 224
256 446
280 462
146 346
294 468
229 419
49 227
101 291
105 297
159 359
16 156
364 504
168 368
25 167
11 49
14 38
86 278
259 449
152 352
164 366
18 18
337 491
188 390
325 489
265 455
63 247
258 448
320 482
69 255
98 290
18 14
51 231
121 319
2 72
89 281
116 312
182 384
344 494
250 440
157 357
106 298
345 495
26 168
139 339
19 27
12 45
72 261
301 468
23 6
32 189
64 247
263 452
111 304
216 415
142 341
344 493
232 425
73 262
341 494
41 208
187 388
207 408
40 207
284 465
3 64
329 488
175 376
12 135
61 246
76 265
79 266
47 218
6 57
81 264
89 276
17 16
1 94
352 501
69 258
80 265
5 60
363 504
184 383
146 345
165 366
98 289
36 195
285 466
68 253
166 367
347 496
121 318
9 106
276 459
230 419
99 290
119 316
15 40
354 503
169 366
8 105
277 460
4 65
21 8
0 93
177 378
261 450
345 494
110 303
205 406
11 50
55 236
149 348
36 199
13 136
91 282
19 18
113 310
262 451
279 460
124 321
4 111
50 227
4 109
69 254
33 188
3 80
88 277
204 405
33 190
151 350
59 244
185 386
9 52
271 456
373 508
123 320
104 295
50 207
307 474
48 225
8 115
5 66
49 226
14 47
332 487
181 382
282 463
281 462
335 488
213 414
138 333
192 393
77 266
115 312
51 206
47 216
315 480
153 352
147 346
283 464
308 475
157 356
36 203
286 467
20 27
26 167
35 202
26 5
339 492
27 168
44 209
127 324
15 42
13 48
71 256
160 359
302 467
161 362
16 41
2 95
30 187
50 229
331 488
10 51
184 385
0 87
18 15
106 297
4 69
49 224
360 503
161 360
0 83
180 381
70 259
71 254
78 267
309 476
280 461
4 63
15 38
242 433
118 315
65 250
72 253
29 168
340 493
349 498
30 169
39 206
28 169
325 488
371 510
183 384
2 79
193 394
367 506
337 490
34 191
131 328
296 465
63 248
345 492
294 467
117 314
7 54
70 255
116 311
235 428
152 351
191 392
31 168
267 454
236 429
16 157
3 72
206 407
278 461
52 231
320 483
211 412
256 445
24 5
268 455
231 424
374 507
316 481
218 417
5 98
49 208
343 494
22 25
293 468
122 319
100 291
120 317
74 263
74 261
338 491
66 251
139 338
182 383
60 245
353 502
105 296
48 219
8 143
102 291
7 104
258 447
18 17
212 413
90 281
194 395
317 482
188 387
234 427
237 430
19 28
348 497
23 2
70 257
2 81
324 487
4 67
148 347
346 493
265 454
311 476
361 504
5 108
159 358
251 440
3 96
252 439
208 407
233 426
168 367
372 509
292 469
295 466
7 56
29 170
37 204
143 342
274 457
355 504
22 9
130 327
64 249
330 487
87 278
178 379
17 156
88 279
318 483
260 449
174 371
14 151
37 198
35 200
364 503
13 46
303 470
189 390
150 349
319 482
190 391
158 357
298 465
8 145
44 208
0 86
88 278
212 412
216 414
77 265
23 25
37 195
346 494
3 95
207 407
56 236
160 358
17 157
175 371
4 80
375 507
332 486
333 485
296 464
5 69
302 468
50 224
204 404
1 87
321 483
292 468
103 291
252 440
49 225
32 168
39 199
278 460
235 427
184 384
275 457
318 482
177 377
12 134
345 491
193 393
151 349
55 235
32 188
154 352
236 428
349 497
350 498
20 28
5 109
70 258
183 383
12 50
237 429
361 503
303 469
37 203
115 311
262 450
3 81
12 52
72 260
48 218
129 325
71 259
70 254
13 49
74 262
8 114
13 135
15 149
256 444
280 460
346 492
261 449
324 486
325 487
48 216
340 492
36 200
19 17
286 466
121 317
277 459
9 115
347 495
352 500
347 493
38 198
298 464
208 406
273 455
264 452
313 477
190 390
35 201
367 505
61 245
348 496
374 508
28 168
10 52
5 97
259 447
48 208
65 249
185 385
19 29
218 416
40 206
128 324
23 7
312 476
308 474
8 54
343 493
45 209
131 327
20 18
140 338
1 93
235 425
105 295
49 207
206 406
36 202
281 461
217 415
213 413
3 79
7 57
24 6
89 279
9 105
271 455
21 27
164 358
114 310
59 243
303 467
79 265
159 357
295 465
53 231
124 318
9 53
293 467
279 459
231 419
16 42
309 475
14 46
242 432
0 90
118 314
317 481
4 72
147 345
52 230
143 341
168 366
22 24
67 251
165 365
283 463
178 378
8 104
34 190
76 264
15 39
27 167
111 303
176 376
5 67
18 16
71 257
89 275
81 263
49 217
299 465
99 289
276 458
363 503
101 289
50 206
338 490
122 318
124 320
30 186
106 296
15 151
91 281
181 381
51 227
373 509
30 170
162 362
73 261
119 315
354 502
0 84
23 1
55 237
268 454
11 51
39 205
1 91
195 395
267 453
2 82
41 207
17 155
372 510
233 425
150 348
9 143
19 15
231 423
15 43
68 252
166 366
6 60
22 8
232 424
336 488
107 297
9 145
187 387
215 413
31 169
37 199
163 359
214 412
139 333
116 310
29 171
285 465
265 453
88 276
364 502
0 88
16 40
316 480
5 111
38 204
78 266
57 235
192 392
304 466
1 83
138 334
157 355
102 290
208 408
149 347
162 360
152 350
66 250
260 448
69 253
14 48
26 4
341 493
123 319
344 492
100 290
64 248
51 229
182 382
161 361
38 196
253 439
4 64
339 491
331 487
31 187
328 486
21 23
337 489
355 503
329 487
13 45
142 340
71 253
346 490
164 359
19 16
362 503
218 415
322 483
4 95
240 431
10 131
260 447
57 234
256 443
149 346
308 473
207 406
354 501
1 92
91 280
115 310
178 377
55 234
51 228
350 497
18 157
162 359
216 413
140 337
15 150
353 500
275 456
39 196
347 492
36 201
57 236
4 73
125 318
27 166
303 466
100 289
16 43
31 186
11 52
292 467
9 54
5 72
68 251
15 46
112 303
16 39
141 338
241 432
122 317
39 204
8 57
164 363
153 350
283 462
76 263
12 51
27 4
8 113
340 491
111 298
280 459
34 167
22 23
263 450
6 97
165 358
259 446
52 229
282 461
81 262
348 493
2 83
303 468
40 205
108 297
25 0
210 409
33 168
236 427
232 423
14 45
154 351
5 110
103 290
25 2
67 250
32 169
22 27
17 154
151 348
7 68
266 453
24 7
2 87
296 463
349 496
7 58
48 207
24 1
5 64
50 225
194 393
182 381
14 149
35 190
13 134
276 457
123 318
274 455
120 315
268 453
38 197
339 490
20 15
363 502
355 500
102 289
106 295
179 378
325 486
236 425
160 357
65 248
38 199
9 114
347 494
374 509
375 508
13 148
14 49
337 488
49 216
23 8
269 454
13 52
30 171
299 464
3 78
73 260
114 309
334 485
107 296
195 394
15 148
79 264
367 504
96 283
51 226
21 22
55 238
78 265
90 279
167 366
314 477
215 412
341 492
1 90
23 26
204 403
28 183
15 48
94 283
183 382
3 82
187 386
0 89
20 29
28 167
124 319
1 84
143 340
214 411
333 484
295 464
36 191
338 489
45 208
309 474
343 492
235 424
352 499
163 360
89 278
89 274
75 262
72 257
186 385
32 187
44 207
56 237
10 145
233 424
345 490
39 198
61 244
80 263
0 85
71 258
239 424
177 376
237 428
5 96
163 358
1 88
304 469
12 133
6 111
9 104
88 275
373 510
24 163
286 465
327 486
6 109
60 243
7 60
162 361
58 235
119 314
37 194
38 203
50 217
49 206
346 491
261 448
2 93
130 325
10 143
272 455
53 230
511 510
318 481
77 264
6 69
192 391
328 485
300 465
329 486
9 56
29 184
71 252
139 334
148 345
253 440
278 459
72 259
6 67
144 339
161 358
158 355
191 390
264 451
267 452
279 458
355 502
129 324
185 384
41 206
331 486
17 40
20 17
111 302
237 426
70 253
26 3
21 28
1 86
4 79
159 356
351 498
277 458
271 454
293 466
284 463
132 327
332 485
213 412
191 388
147 344
176 371
312 475
317 480
166 365
364 501
348 495
304 465
151 346
16 151
52 227
49 218
231 420
13 50
313 476
209 408
369 506
207 405
239 423
16 44
32 166
210 408
70 252
7 97
20 30
290 466
14 134
280 458
50 218
25 1
39 197
143 339
6 110
109 297
237 425
21 15
125 319
206 404
95 283
10 144
352 498
10 54
6 80
361 501
56 234
25 163
96 284
76 262
238 424
55 233
58 236
24 162
238 426
121 315
57 239
26 0
374 510
375 511
313 475
142 338
6 96
187 385
41 205
23 27
14 50
196 394
39 195
325 485
370 506
36 190
7 59
164 360
10 130
145 339
205 403
123 317
5 73
164 362
11 143
368 504
37 201
303 465
94 282
32 186
350 496
179 377
120 314
182 380
44 206
22 22
276 456
233 423
191 389
11 131
309 473
278 458
349 495
162 358
57 233
3 93
314 476
53 229
348 494
39 203
46 208
193 391
257 443
161 357
141 337
9 55
18 40
149 345
3 77
338 488
277 457
77 263
24 8
2 84
36 192
282 460
264 450
315 477
11 53
231 421
40 204
155 351
281 459
5 79
57 237
27 163
9 113
339 489
347 491
216 412
7 69
151 345
52 226
25 7
73 259
4 78
68 250
218 414
254 440
301 465
269 453
344 490
22 160
17 153
31 171
13 133
47 207
150 346
61 243
51 223
7 109
153 349
211 409
1 89
28 166
511 509
237 427
148 344
212 410
369 505
295 463
38 194
29 183
16 152
97 283
1 85
310 474
14 54
186 384
8 112
20 16
66 248
177 375
336 486
3 75
334 484
267 451
48 206
33 167
31 185
292 466
9 103
42 206
285 463
91 279
363 501
259 445
213 411
15 45
176 372
317 479
52 228
34 168
16 150
108 296
329 485
16 134
2 88
232 422
167 365
181 379
240 430
286 464
241 431
13 51
28 182
140 334
88 274
113 303
112 298
72 258
102 288
53 227
110 298
332 484
38 202
3 83
266 452
115 309
261 447
331 485
323 483
305 469
194 392
97 285
160 356
56 238
45 207
273 453
163 361
343 491
195 393
23 161
5 95
58 234
340 490
26 2
133 327
159 355
342 492
217 413
304 468
78 264
351 497
87 275
130 324
107 295
103 289
165 363
22 28
293 465
262 448
318 480
12 146
16 48
13 147
32 170
49 215
7 67
236 424
80 262
100 288
214 410
299 463
258 444
51 217
294 464
17 151
30 184
355 501
2 90
4 74
375 509
327 485
14 148
62 244
112 302
284 462
9 57
16 46
362 502
335 485
27 3
180 378
354 500
165 359
13 53
192 388
274 454
8 68
90 278
6 64
51 225
234 424
19 157
510 510
69 251
178 376
272 454
132 326
2 92
151 347
17 39
183 381
265 451
38 200
11 114
180 377
12 131
24 27
363 500
22 29
27 162
510 509
14 53
207 404
29 182
266 451
12 145
122 315
78 263
292 465
193 388
5 94
4 87
334 483
313 474
193 390
17 38
210 407
46 207
98 285
310 473
162 357
115 308
21 30
77 262
100 287
7 66
91 278
238 427
216 411
349 494
12 143
284 461
161 356
98 283
237 424
166 363
36 189
51 218
62 243
16 49
39 202
273 452
31 184
272 453
63 244
7 64
52 225
338 487
23 160
87 274
145 340
8 69
259 444
9 112
18 39
302 465
371 506
182 379
8 109
356 501
120 313
140 335
317 478
16 133
19 40
74 259
217 410
13 146
40 195
58 237
165 362
332 483
181 378
8 111
5 78
6 81
281 458
348 491
73 258
59 234
352 497
27 2
177 374
47 206
19 150
102 287
58 233
360 501
315 476
16 45
329 484
156 351
212 409
342 491
103 288
3 84
26 163
51 222
314 475
301 464
3 88
299 462
343 490
158 353
79 262
97 284
289 466
285 462
287 464
376 511
368 503
221 414
370 505
324 483
38 201
40 197
189 386
15 134
362 501
325 484
179 376
21 50
54 227
142 337
183 380
508 511
217 412
22 159
184 381
133 326
294 463
154 349
151 344
370 503
27 178
27 176
10 113
330 485
369 504
283 460
197 394
51 220
24 9
50 215
354 499
176 373
132 325
11 144
61 242
7 94
32 165
56 233
270 453
143 338
2 89
10 55
131 324
58 239
52 223
70 251
234 423
8 59
123 316
194 391
195 392
25 8
29 166
375 510
260 445
188 385
108 295
42 205
257 442
14 147
316 477
16 47
7 96
28 165
219 414
112 301
43 206
196 393
86 273
86 271
4 93
6 79
9 68
263 448
18 153
364 499
207 402
95 282
32 171
23 28
336 485
280 457
3 86
236 423
69 250
141 336
293 464
110 297
261 446
32 185
11 130
318 479
243 430
27 164
3 76
164 361
187 384
13 132
92 279
2 85
7 80
67 248
286 463
511 508
192 389
37 192
17 152
104 287
238 423
148 343
17 44
165 360
166 359
126 319
9 58
160 355
167 364
14 51
275 454
255 440
53 228
13 54
33 170
34 169
239 428
7 110
40 203
337 486
109 296
150 345
17 46
241 430
57 238
290 465
353 498
18 49
35 168
331 484
15 50
159 354
39 194
232 421
339 488
341 490
76 261
93 280
305 468
277 456
114 303
33 166
113 302
118 309
265 450
4 75
11 54
134 327
17 150
351 496
282 459
23 22
112 299
22 21
206 403
14 133
25 162
31 172
258 443
288 465
20 49
152 347
3 90
26 1
3 92
21 16
213 410
20 157
278 457
6 95
68 249
6 73
326 485
306 469
350 495
24 161
300 463
10 103
52 217
30 173
106 286
104 286
26 162
379 511
43 205
19 151
311 473
127 319
196 392
33 165
29 175
349 491
377 511
198 394
4 92
87 273
115 307
20 156
5 93
18 152
56 232
105 291
213 409
194 388
91 277
357 501
6 94
3 89
338 486
12 144
7 95
133 325
351 495
325 483
207 403
193 389
3 85
190 386
208 404
103 287
14 146
242 430
5 75
11 113
22 158
282 456
192 384
339 487
19 39
77 261
69 249
240 428
23 159
262 446
16 50
13 101
272 452
180 376
53 217
8 96
10 102
287 463
7 79
15 53
342 490
51 221
317 477
188 384
313 473
284 460
158 352
289 465
245 431
270 452
41 195
10 58
22 30
23 21
286 462
166 362
9 59
38 192
27 179
59 233
10 108
4 84
59 239
12 130
32 172
109 295
40 194
282 458
8 64
354 498
99 285
376 510
50 212
53 223
25 161
362 500
510 508
15 51
19 49
166 360
153 347
58 238
220 414
117 309
42 204
52 222
33 185
32 184
118 308
123 315
369 503
292 464
359 501
315 475
6 82
168 364
18 150
19 41
12 54
197 393
316 476
283 459
51 215
332 482
116 308
78 262
300 462
20 40
70 250
11 55
121 313
17 49
17 149
160 354
214 408
50 214
79 261
14 132
181 377
258 442
35 169
41 203
278 456
266 450
281 457
33 183
39 201
288 464
167 363
30 182
350 494
113 301
507 511
18 38
150 344
192 386
68 248
32 164
25 9
100 286
165 361
8 110
335 483
98 284
208 402
21 51
210 406
330 484
293 463
111 295
41 197
54 216
30 174
314 474
54 228
12 114
28 176
233 421
290 464
363 499
234 422
185 381
95 281
15 135
144 336
337 485
94 280
146 340
76 260
46 206
431 509
75 259
10 112
52 224
36 164
84 266
195 391
4 90
8 80
16 132
291 465
22 16
9 69
177 373
244 430
371 505
10 68
87 271
265 449
85 265
141 335
154 348
17 47
149 343
431 511
191 385
370 502
37 189
264 448
52 220
122 314
63 243
3 91
11 57
276 454
219 413
99 283
101 287
509 509
29 165
329 483
27 177
86 272
326 484
430 510
28 178
212 408
159 353
340 488
31 173
255 439
35 163
301 463
62 242
185 379
131 323
218 410
112 300
6 78
20 50
9 67
302 464
17 45
238 422
24 28
274 452
184 380
310 472
353 497
7 81
27 1
331 483
25 27
134 326
511 507
217 411
23 29
162 356
143 337
33 171
120 312
93 279
193 387
7 73
52 218
4 76
260 444
29 181
508 510
181 375
74 258
182 374
237 423
22 20
318 478
110 296
218 412
4 88
114 304
8 66
182 378
275 453
194 390
13 145
364 498
189 385
53 225
148 342
4 86
156 350
21 31
306 468
113 293
28 164
221 413
18 50
13 143
239 427
28 177
168 363
359 500
241 428
95 280
363 498
282 457
157 350
55 228
319 478
37 164
336 483
8 63
341 488
13 114
289 464
39 162
125 316
150 343
436 511
302 463
113 300
52 219
188 383
258 441
147 340
210 405
377 510
4 91
256 439
19 38
9 70
186 381
110 295
24 29
20 155
161 354
511 498
50 213
96 281
34 185
371 504
30 181
318 477
271 452
240 427
132 323
349 492
52 215
16 131
35 162
86 265
42 199
60 233
287 462
124 315
13 130
30 175
291 464
32 173
237 422
155 348
42 195
15 146
53 216
274 449
103 286
432 509
245 430
35 170
354 497
93 278
21 32
242 429
235 422
20 51
279 456
83 264
29 176
219 410
339 486
143 336
34 163
41 196
276 453
181 376
312 473
158 351
52 221
8 79
211 404
378 511
22 17
7 74
22 157
362 499
7 82
19 48
10 109
257 440
507 510
351 494
42 203
94 279
18 47
355 498
25 28
11 112
193 386
11 68
115 306
194 389
85 266
214 407
340 487
432 511
113 294
9 110
333 482
51 212
286 461
6 93
75 258
314 471
220 413
178 373
278 455
282 455
10 111
9 80
19 42
15 136
51 214
33 164
31 174
284 459
106 287
195 390
350 493
6 75
317 476
11 108
9 60
14 101
219 412
20 39
292 463
19 152
23 16
265 448
13 102
234 419
10 125
352 495
288 463
275 452
70 249
234 421
28 1
182 375
12 129
190 385
28 179
46 205
263 446
18 45
9 64
4 85
115 304
159 352
277 454
29 178
186 379
100 285
8 65
12 119
56 231
5 76
353 496
77 260
101 286
55 216
79 260
40 201
63 232
29 0
107 286
264 447
36 163
285 460
261 444
22 31
12 115
127 318
337 484
31 164
6 83
314 473
17 50
254 437
84 265
153 346
326 483
369 502
329 482
18 149
100 283
333 480
167 362
218 411
55 230
330 483
15 52
25 160
429 510
246 431
12 103
4 89
208 403
12 57
159 350
106 291
111 294
60 239
11 126
88 271
7 78
148 341
510 507
99 284
431 510
180 375
179 374
38 191
29 180
198 393
8 95
357 500
128 319
54 217
184 379
13 144
273 450
332 481
10 67
313 472
53 224
63 242
26 161
13 142
194 387
59 238
114 301
54 225
213 408
192 385
149 342
41 194
244 429
144 335
259 442
12 55
117 308
78 261
162 355
511 506
315 474
43 204
24 159
34 183
69 248
23 20
310 471
120 311
29 164
301 462
509 508
134 325
53 222
21 156
116 307
328 483
37 188
33 172
17 148
142 335
16 147
266 449
26 9
33 184
23 158
105 290
430 509
14 131
197 392
5 84
342 489
338 485
135 326
11 102
306 467
182 373
508 509
10 101
122 313
6 77
379 510
15 132
68 247
211 406
20 41
274 451
87 272
182 377
5 86
114 293
272 451
12 101
11 58
14 145
324 481
92 277
16 51
166 361
191 384
436 510
19 47
70 248
510 498
14 102
41 201
433 511
432 510
42 194
18 148
43 195
115 305
311 471
196 390
285 459
56 228
276 452
107 287
6 86
53 215
8 74
56 230
21 39
280 454
84 264
5 91
13 57
20 42
5 89
377 509
234 420
11 101
194 386
61 233
121 311
267 449
351 493
352 494
160 352
51 213
355 497
106 290
88 272
124 314
20 152
114 294
43 199
379 509
187 381
96 280
113 295
281 455
37 163
8 78
12 118
190 384
363 497
123 313
429 509
36 170
240 426
54 218
43 203
7 83
12 112
282 454
326 482
31 163
182 372
332 480
103 285
256 438
12 116
17 51
14 142
313 471
16 52
510 506
30 0
135 325
278 454
180 374
85 267
142 322
95 279
6 76
307 467
318 476
40 192
11 59
86 266
271 451
30 164
283 457
38 162
78 260
83 263
248 428
163 355
220 412
342 488
53 221
54 224
246 430
286 460
11 67
328 482
15 137
325 481
261 443
110 294
30 178
287 461
378 510
12 58
24 158
337 483
143 335
274 448
247 429
54 220
28 28
186 380
242 428
275 451
34 162
33 163
39 191
9 95
302 462
9 81
260 442
101 285
64 242
23 17
14 104
26 28
26 160
333 481
9 65
7 77
210 404
10 60
255 437
179 373
52 212
315 473
63 231
437 509
14 114
314 472
11 69
265 447
511 499
237 421
12 56
330 482
106 288
30 180
213 407
219 411
45 205
372 504
209 403
358 500
6 84
15 101
193 385
42 192
439 509
116 304
95 277
292 462
435 511
31 175
6 92
29 179
183 375
75 257
244 428
21 155
11 125
27 9
41 193
9 63
133 323
62 232
79 259
34 184
273 449
234 418
319 477
76 258
258 440
142 334
122 312
291 463
362 498
53 219
340 486
46 204
212 406
55 229
108 292
128 318
23 157
100 284
279 455
156 348
353 495
39 161
42 196
114 300
257 439
116 306
8 82
195 389
32 162
60 238
111 293
167 361
13 103
12 104
10 70
39 171
254 436
129 317
350 492
92 276
17 147
5 85
42 198
182 376
33 173
35 185
52 214
10 124
11 107
55 217
57 231
11 111
159 351
39 189
369 501
37 187
312 472
184 378
13 113
77 259
29 1
22 32
153 345
158 350
509 507
69 247
12 126
411 511
15 145
24 20
181 373
63 241
35 171
23 31
340 484
149 341
150 342
274 450
13 119
259 441
14 130
20 52
183 377
19 45
241 427
317 475
36 162
125 315
15 131
148 340
93 277
60 232
428 508
157 349
117 307
320 478
24 30
162 354
19 37
161 353
189 383
10 66
341 487
288 462
212 404
235 421
13 129
196 388
354 496
29 177
323 481
10 110
197 391
361 499
289 463
14 144
20 154
126 316
198 392
12 128
16 146
339 485
169 363
264 446
24 16
140 324
507 509
327 483
51 211
277 452
279 454
354 495
78 259
11 100
150 341
212 405
14 57
14 115
140 325
21 42
62 239
24 157
76 257
44 195
246 429
12 67
52 211
19 46
17 52
30 179
440 509
10 63
247 428
306 465
311 468
39 172
437 508
187 380
220 411
210 403
6 91
213 406
61 232
258 435
194 385
107 290
442 509
362 497
15 102
507 508
22 155
10 65
16 101
24 17
281 454
124 313
378 509
132 311
271 450
38 161
16 145
15 142
43 198
506 509
115 294
341 484
30 177
13 128
8 87
320 477
307 466
133 322
141 322
28 29
332 479
343 488
43 194
267 446
63 240
75 256
8 77
108 291
43 196
21 152
330 481
62 233
114 295
56 227
135 324
10 95
13 58
35 172
39 188
12 111
353 494
56 229
38 171
21 38
12 107
412 511
196 389
509 506
338 483
312 471
162 353
262 443
109 292
373 500
287 458
11 124
183 376
196 387
6 89
130 317
438 509
392 511
86 269
368 501
33 162
20 45
372 503
169 362
29 2
45 204
31 0
11 110
316 473
321 478
258 439
9 74
248 429
267 448
160 351
61 238
31 178
334 481
18 101
31 180
110 293
163 354
19 52
134 323
235 420
27 8
15 130
24 19
259 440
61 234
16 129
40 191
126 315
54 219
36 171
13 112
318 475
358 499
21 154
325 480
125 314
304 463
84 263
243 428
340 485
355 496
511 500
326 481
19 148
28 9
43 202
14 103
197 388
86 267
151 342
128 317
190 383
37 186
70 247
31 176
13 56
16 137
273 448
511 504
179 372
9 82
255 436
92 275
17 146
180 373
93 276
36 185
20 37
32 181
184 377
275 450
433 510
168 361
428 507
410 511
17 136
108 287
13 116
52 213
10 73
41 192
7 76
140 323
25 30
508 507
235 418
14 113
77 258
510 499
37 162
62 231
11 60
242 427
30 163
181 372
236 421
261 442
197 390
259 434
64 241
256 437
94 277
340 483
27 28
361 498
360 499
11 70
32 161
43 200
22 39
339 484
96 279
328 481
410 509
12 109
55 224
117 306
303 462
62 235
35 184
14 129
241 426
31 162
276 451
101 284
149 340
54 221
158 349
57 230
188 381
291 462
331 480
265 446
327 482
115 300
323 480
55 218
287 460
284 457
305 464
114 299
161 352
53 214
8 83
11 66
142 321
34 173
15 114
37 170
198 391
434 511
157 348
27 160
36 161
429 508
280 453
170 363
12 125
289 462
89 272
25 20
106 289
95 278
143 334
411 510
119 306
154 345
436 509
15 144
363 496
12 69
102 285
6 85
272 449
286 459
97 280
42 201
342 487
19 44
18 147
435 510
40 189
14 119
351 492
87 266
121 310
13 104
42 193
315 472
65 242
122 311
23 32
13 118
116 305
23 156
264 445
7 91
466 510
12 60
13 67
11 61
358 498
24 18
15 129
321 477
17 53
143 333
410 510
236 418
131 317
69 245
243 427
323 479
32 160
28 8
15 57
18 146
335 481
43 201
305 463
87 269
18 136
16 128
18 102
442 508
468 510
413 511
378 508
55 223
344 488
44 202
55 221
373 503
16 142
21 43
56 224
25 17
57 227
32 180
14 118
339 483
278 452
14 122
12 70
374 500
136 324
139 323
357 497
180 372
115 295
108 290
20 36
411 509
44 198
13 107
11 71
76 256
97 279
161 351
38 186
58 230
277 451
38 172
197 387
54 214
401 511
151 341
18 52
25 19
17 137
45 195
115 299
21 37
163 353
316 472
265 445
35 173
125 313
56 226
12 72
236 420
210 402
16 144
21 151
44 196
189 381
53 213
17 135
23 155
257 437
438 508
510 500
262 442
342 486
40 188
437 507
9 77
435 507
312 470
96 278
11 99
141 321
102 284
307 465
16 54
241 425
258 438
290 462
140 326
11 63
288 458
319 475
31 1
8 76
22 138
184 376
107 289
6 90
118 306
13 69
16 138
61 231
37 185
276 450
94 276
13 111
8 88
13 105
343 487
362 496
362 494
14 56
130 316
155 345
122 310
126 314
131 315
309 467
13 109
29 3
11 73
19 147
33 175
20 138
394 510
27 21
14 128
14 116
227 411
434 510
62 230
124 312
153 343
304 462
157 347
133 321
17 145
62 234
435 509
11 81
352 492
44 200
289 461
257 435
509 505
13 59
22 154
20 46
364 496
28 160
223 411
140 322
14 68
288 460
341 485
17 101
109 291
133 311
170 362
246 428
13 117
19 137
36 184
15 103
281 453
259 439
259 433
327 481
92 274
134 322
164 354
317 473
9 83
62 238
108 288
21 45
11 65
332 478
255 435
258 434
360 498
13 125
25 157
507 507
280 452
86 268
256 436
117 305
141 325
271 449
30 162
41 189
45 199
361 493
41 187
273 447
217 407
20 44
78 258
55 219
62 236
31 179
263 443
318 474
53 211
12 124
29 133
372 502
64 240
213 405
511 503
197 389
287 459
110 292
90 272
128 316
284 456
199 391
190 382
368 500
41 191
93 275
10 74
83 261
31 177
266 446
510 504
33 161
15 119
13 123
250 430
19 53
188 380
150 340
249 429
429 507
393 511
32 176
20 148
43 197
10 62
230 414
36 172
356 496
132 312
84 262
306 464
20 112
119 305
116 300
38 184
37 161
33 181
57 229
15 143
311 469
392 510
25 31
308 466
43 193
32 178
63 239
87 267
196 384
354 494
45 203
15 55
258 436
63 235
169 361
158 348
436 508
351 491
326 480
27 29
70 246
68 244
194 384
12 66
22 38
373 501
77 257
65 241
506 508
310 468
8 86
511 501
88 266
98 280
330 480
23 33
7 85
279 453
14 112
12 110
22 40
10 96
37 171
221 411
267 447
167 357
15 113
10 82
441 509
161 349
30 161
354 493
306 463
496 505
310 467
12 65
256 435
24 155
284 455
191 382
339 482
344 487
14 123
115 298
331 478
289 458
27 30
214 405
41 190
37 160
24 33
23 42
71 246
430 507
232 413
10 79
162 349
374 503
78 257
320 475
45 196
395 510
18 135
375 504
54 213
25 18
77 256
278 451
11 74
158 347
35 182
58 229
189 380
18 137
45 202
262 441
268 447
236 419
279 452
468 509
13 124
8 89
16 103
63 236
321 476
17 138
26 19
401 510
210 401
231 414
272 447
434 509
109 288
16 57
35 174
83 260
219 406
21 112
372 501
362 493
259 438
506 507
20 137
23 154
9 76
180 371
45 200
65 240
409 510
240 415
393 510
68 243
305 462
357 496
510 501
28 159
168 357
22 45
21 46
498 507
25 32
342 485
170 361
237 418
154 343
16 143
118 305
166 357
495 510
165 354
22 137
327 480
30 3
108 289
69 244
29 8
14 117
273 446
141 326
307 464
408 511
97 278
188 379
87 268
309 466
11 62
39 186
228 411
281 452
338 481
27 20
197 384
335 480
28 133
355 494
165 356
22 149
15 128
109 290
271 448
13 70
115 296
121 308
27 158
375 500
16 55
22 41
8 85
128 315
9 88
285 456
412 509
126 313
32 177
31 2
139 322
258 437
37 184
90 271
288 459
155 344
162 351
318 473
38 185
289 460
28 7
246 427
140 321
132 313
16 115
11 82
19 146
324 479
497 506
25 156
308 465
136 323
21 138
7 90
227 410
218 407
276 449
44 201
144 333
159 348
438 507
29 134
243 426
34 181
361 494
378 507
127 314
84 261
467 510
200 391
63 238
501 508
12 71
44 197
345 488
44 193
15 118
329 480
54 211
190 381
374 501
223 410
171 362
42 187
56 225
164 353
496 509
156 345
15 116
63 234
92 273
56 219
11 96
21 150
157 344
36 183
358 497
195 384
441 508
258 433
99 280
14 67
316 471
122 309
257 434
89 270
88 269
290 461
131 316
333 478
21 148
242 425
33 178
221 410
466 509
34 175
185 376
12 73
352 491
161 350
18 103
17 102
32 179
20 133
26 31
13 60
326 479
33 160
435 508
360 497
20 113
264 443
17 114
10 87
346 487
317 472
12 81
55 222
110 291
134 311
9 84
28 21
437 506
100 281
153 342
364 495
56 223
10 83
151 340
70 245
45 198
42 189
263 442
15 112
332 477
12 61
198 389
22 131
18 145
19 136
21 36
22 37
59 230
402 511
16 127
14 107
15 56
361 496
413 510
133 312
14 59
336 481
436 507
368 499
14 69
25 34
17 54
130 315
509 504
40 187
14 121
216 405
511 502
21 44
237 416
229 412
319 474
16 113
132 315
13 110
18 53
125 312
64 235
119 304
13 106
250 429
362 495
266 445
61 230
251 430
13 82
33 180
32 3
508 505
116 301
94 275
200 377
91 272
363 494
199 390
37 172
222 411
269 448
502 507
12 99
198 387
9 86
66 241
102 283
64 239
152 341
15 122
230 413
134 321
116 295
88 265
57 226
510 503
312 469
33 176
22 43
330 479
217 406
469 510
29 160
98 279
162 350
27 23
199 387
396 510
12 96
316 470
330 478
368 498
37 159
343 485
88 268
59 227
132 314
202 378
237 415
232 414
33 177
361 495
34 176
272 446
480 510
15 127
29 7
265 443
422 508
56 222
434 508
506 506
309 465
44 192
91 271
8 90
308 464
251 429
169 357
375 503
14 106
36 182
466 508
9 85
17 115
23 131
116 298
18 144
117 295
498 506
408 510
190 380
63 237
10 78
322 476
135 321
88 264
255 433
32 4
20 136
127 313
103 283
110 290
87 261
269 447
133 313
12 82
231 413
196 382
185 375
33 179
364 494
335 479
414 510
22 36
138 310
57 219
58 228
27 157
136 322
20 134
151 339
21 113
43 191
507 505
30 160
46 200
10 76
23 43
243 425
30 4
19 133
11 97
14 66
218 406
165 355
14 70
37 173
58 226
164 352
42 190
374 502
403 511
250 428
363 493
98 278
10 84
45 193
219 405
438 506
189 379
20 132
413 509
496 506
500 508
24 132
359 497
314 468
237 417
15 111
376 504
252 430
508 504
15 105
209 399
15 123
40 186
87 263
371 501
25 155
117 303
18 138
256 434
200 390
24 154
260 438
319 473
121 307
16 122
23 41
467 509
377 505
28 6
21 47
45 197
333 477
16 116
393 509
10 88
496 508
290 460
165 353
65 239
22 44
306 462
152 340
122 308
19 135
407 511
439 507
211 401
31 3
17 103
90 270
341 481
186 376
200 378
134 312
56 220
28 134
142 326
125 311
238 416
26 18
130 314
157 343
55 211
18 54
17 57
502 506
11 87
259 437
156 344
402 510
215 405
463 505
12 98
271 447
342 480
246 426
199 389
507 503
34 160
46 194
101 281
153 341
128 314
310 466
358 496
66 240
18 104
132 316
345 487
19 145
227 409
376 500
57 225
278 450
96 276
266 444
13 73
375 501
223 409
282 452
109 289
339 481
235 415
324 478
497 505
238 420
251 425
78 256
15 69
222 410
117 301
28 22
171 361
15 117
289 459
155 343
214 404
365 495
465 509
329 479
12 62
431 507
257 433
17 113
36 174
166 356
118 304
262 440
159 347
14 60
510 502
217 405
64 238
104 284
321 475
65 235
13 83
84 260
336 480
14 124
12 74
499 507
42 188
60 230
95 275
24 42
441 507
279 451
478 510
23 153
100 280
471 509
64 234
26 34
229 411
352 490
509 503
436 506
72 246
10 86
94 272
195 383
77 255
22 150
11 75
16 56
55 213
20 146
357 495
126 312
34 178
27 25
12 64
505 507
68 242
23 149
92 272
168 358
37 183
245 427
13 71
337 481
327 479
340 480
25 33
230 412
35 181
169 359
378 506
26 32
477 509
89 269
14 72
11 79
21 147
17 143
22 132
116 296
263 441
191 381
139 321
317 471
277 449
27 19
197 383
16 58
503 507
14 110
163 349
15 121
313 469
369 499
270 448
21 137
13 65
27 31
180 370
285 455
469 509
445 511
70 244
94 274
495 509
19 113
355 493
240 416
111 291
39 185
17 139
239 415
67 241
346 486
144 332
437 505
199 377
501 507
494 510
232 412
45 201
344 486
9 89
110 288
237 419
28 158
79 257
84 259
357 494
216 403
103 282
360 495
95 274
74 251
69 240
103 280
28 31
12 75
136 311
231 412
500 507
378 505
433 508
277 448
238 417
28 135
118 301
337 480
102 281
465 506
195 382
261 438
407 510
30 21
307 462
46 201
45 188
377 504
21 48
17 140
135 312
134 313
111 290
252 429
11 84
223 408
46 193
432 507
31 4
245 426
446 511
189 378
311 466
58 225
27 18
92 271
445 510
40 185
493 510
393 508
180 369
481 510
18 131
366 495
201 378
187 376
24 41
190 379
15 110
239 420
251 424
101 280
29 158
269 446
110 289
65 236
165 352
359 496
34 177
22 113
34 159
260 437
232 411
72 247
503 506
265 442
283 452
344 485
212 401
239 416
498 505
36 159
271 446
198 381
66 235
85 260
77 254
96 275
336 479
363 492
34 179
26 155
275 442
17 122
365 494
328 479
97 276
48 199
16 117
273 444
156 343
65 238
10 85
334 477
329 478
251 428
262 439
133 316
18 139
215 404
322 475
321 472
23 132
376 503
14 71
396 509
323 476
345 486
67 240
416 511
23 36
403 510
13 64
166 355
238 419
312 467
342 483
16 105
37 174
117 294
497 504
136 321
22 47
9 90
505 506
66 239
317 470
17 56
153 340
20 145
15 72
152 339
257 432
244 425
237 414
88 261
55 212
375 502
104 283
425 508
330 477
444 509
35 178
88 263
321 474
128 313
319 472
18 55
37 182
225 408
27 32
436 505
23 44
142 329
499 506
59 226
314 467
99 278
235 414
480 509
11 78
339 480
226 409
43 188
341 482
174 363
92 269
58 223
24 43
167 352
172 361
463 504
200 389
18 143
44 191
452 511
20 135
369 498
263 440
463 510
364 493
75 252
23 148
465 508
14 65
46 197
199 378
469 508
28 157
234 415
308 463
12 97
495 508
482 511
327 478
25 42
173 362
197 382
507 504
230 411
129 314
508 503
105 284
24 153
181 370
35 176
243 424
470 509
138 321
218 405
68 241
285 454
150 335
217 404
57 220
64 237
90 269
170 359
134 315
202 379
368 497
341 480
367 492
309 464
159 346
267 444
16 69
47 194
211 400
35 180
139 310
253 430
274 445
118 295
371 500
138 311
59 228
70 243
17 104
36 175
398 509
36 181
27 24
117 302
376 501
31 158
32 157
72 245
209 398
506 505
199 388
11 76
27 134
21 114
19 144
28 23
133 314
16 123
250 425
60 229
477 508
13 62
439 506
79 256
116 297
10 89
137 322
18 115
490 511
308 461
169 358
313 468
276 441
27 156
199 380
176 363
11 86
15 66
272 445
464 509
414 509
270 447
290 459
316 469
15 70
16 121
436 503
186 375
286 455
87 262
30 7
122 307
340 479
19 132
279 450
126 311
342 481
26 33
163 350
356 493
15 126
492 511
233 414
310 465
80 257
249 426
14 73
65 234
166 353
501 506
16 59
325 478
255 432
18 113
479 510
30 159
21 136
154 341
91 270
28 25
94 273
93 272
478 509
256 433
438 505
14 61
13 98
23 150
222 409
421 508
440 505
29 6
15 124
201 390
252 425
441 506
28 19
19 114
464 505
118 303
496 507
509 502
423 508
89 268
467 508
12 83
71 244
57 222
15 106
98 277
117 296
138 309
142 327
353 490
17 116
379 506
17 112
343 480
93 268
210 399
100 279
145 332
471 508
118 293
37 158
303 458
21 146
402 507
43 190
191 380
24 133
193 381
93 271
154 340
446 510
47 197
45 187
341 479
482 510
168 352
15 109
345 485
23 151
445 509
182 370
404 510
18 130
13 97
23 147
339 479
19 131
425 507
72 244
210 398
312 466
440 504
15 61
12 84
124 308
498 504
352 486
477 507
466 506
370 498
129 313
367 491
17 123
320 472
28 156
192 380
36 180
160 346
22 114
137 321
67 235
452 510
97 275
249 425
44 188
60 228
483 511
56 212
86 260
236 414
494 508
186 374
491 511
206 394
309 461
164 350
324 476
419 509
317 469
66 238
433 507
69 239
271 445
276 442
59 225
30 6
29 157
493 509
194 382
73 247
140 310
94 268
262 438
79 253
315 467
15 125
134 316
29 19
261 437
355 489
75 245
135 319
439 505
143 329
99 277
19 57
71 243
284 452
159 345
134 318
353 489
398 508
306 460
202 380
403 507
352 488
134 314
305 459
28 24
366 494
26 134
17 117
257 431
16 72
145 331
29 23
275 445
13 63
59 223
26 154
504 506
173 361
66 234
36 176
313 467
248 426
70 242
250 424
240 420
286 454
45 189
14 64
368 496
252 426
344 484
127 311
465 507
48 198
137 309
325 477
27 155
231 411
24 134
239 419
199 379
15 71
307 461
414 508
33 157
479 509
102 280
260 436
170 358
435 503
18 58
226 408
25 117
65 233
40 184
191 377
198 382
416 510
18 140
11 77
435 505
117 297
499 505
252 428
444 508
90 268
304 458
85 259
67 239
252 424
30 158
288 456
22 134
365 493
176 362
453 511
420 508
216 402
13 75
376 502
65 237
16 108
401 507
500 506
379 505
91 269
209 397
95 273
116 292
48 200
12 78
314 466
47 193
79 255
46 192
123 307
153 339
311 465
15 65
394 508
366 492
438 504
39 183
442 506
396 508
415 509
436 504
28 32
263 439
20 144
371 499
327 477
151 335
380 506
69 241
437 503
18 112
464 508
80 256
223 407
100 278
291 459
18 56
508 502
337 479
48 194
30 22
256 432
417 511
28 136
19 115
310 464
78 254
359 495
199 381
25 43
492 510
11 89
369 497
167 351
31 157
98 276
37 175
136 320
144 330
342 482
24 36
74 250
118 292
277 441
41 185
198 378
309 463
17 111
118 296
58 224
215 403
461 509
183 371
478 508
465 505
24 152
377 503
316 468
253 425
155 341
96 274
88 262
402 508
143 327
357 493
24 40
23 47
24 44
35 179
17 59
212 400
27 33
17 105
66 236
136 312
77 253
156 342
27 15
270 446
31 21
166 352
275 443
128 312
321 473
76 252
16 110
118 302
111 289
16 106
68 240
174 362
35 177
254 424
340 478
18 142
451 511
225 407
16 70
179 367
222 408
93 269
441 505
31 5
424 508
149 335
303 457
34 158
36 158
19 143
201 389
467 507
49 199
92 270
480 508
364 492
190 378
57 221
378 504
161 347
142 328
200 388
279 449
224 408
23 133
47 201
200 380
152 338
101 279
277 447
103 281
218 404
11 85
21 115
506 504
22 48
322 474
272 444
234 414
21 145
201 379
308 460
58 222
292 458
397 509
181 369
187 375
255 423
245 425
495 507
463 509
239 417
27 135
328 478
489 511
254 430
434 506
191 379
44 190
105 283
267 443
167 355
15 73
334 476
47 195
319 471
104 282
244 424
18 116
28 18
462 510
308 462
198 380
16 120
137 311
38 182
418 510
406 510
14 74
37 157
403 509
117 293
367 495
464 504
343 479
227 407
343 483
274 444
295 457
138 312
266 442
10 90
25 153
329 477
21 135
354 490
75 251
14 62
175 363
470 508
165 351
328 477
27 136
27 16
49 198
140 311
478 507
26 147
24 151
64 229
174 361
446 509
12 89
395 508
100 277
339 478
17 124
400 507
315 466
143 328
453 510
129 312
180 367
354 489
450 511
74 247
188 375
239 418
47 192
256 423
48 195
296 457
441 504
104 281
228 407
91 268
149 334
381 506
136 313
152 335
309 462
153 334
261 436
499 504
171 358
168 355
492 509
261 434
285 452
90 263
135 314
471 506
403 508
35 158
80 253
473 506
226 407
120 301
269 444
253 428
209 396
295 456
284 451
90 267
378 503
474 505
67 236
377 502
460 509
275 444
18 59
22 145
326 477
22 115
256 431
61 228
67 238
307 460
272 443
73 244
179 366
364 491
494 507
435 504
154 339
15 64
16 107
319 470
241 420
13 76
267 440
181 368
162 347
71 242
156 341
245 424
38 181
79 254
17 110
379 504
357 492
437 502
40 183
26 43
184 371
240 419
175 362
66 237
215 402
153 338
343 482
260 435
49 200
311 464
206 393
106 281
12 77
105 282
329 476
201 388
293 458
34 157
191 378
324 475
172 359
31 22
202 381
345 484
289 456
28 33
244 423
438 503
24 117
94 269
117 292
137 320
417 510
31 20
210 397
268 443
24 147
442 505
312 465
262 437
418 509
18 117
479 508
182 369
136 319
353 488
355 490
320 471
23 48
20 143
144 329
288 455
415 508
165 350
24 45
253 424
201 380
286 453
254 423
78 253
30 19
58 221
39 182
14 97
306 459
37 176
278 447
464 507
20 57
44 187
90 261
508 501
316 467
96 273
270 445
135 318
57 214
16 125
165 346
255 430
491 510
484 511
192 377
359 494
137 312
405 510
28 15
505 502
271 444
21 144
19 142
72 243
36 177
74 249
393 506
99 276
49 194
24 39
23 134
419 508
29 18
167 354
15 74
75 246
11 90
97 274
505 504
66 233
191 376
253 426
24 47
28 155
16 109
338 479
466 505
276 445
187 374
222 407
45 190
101 278
434 503
368 491
194 381
470 507
125 308
148 333
13 78
31 6
462 509
434 505
128 311
19 130
207 394
451 510
305 458
352 487
279 448
218 403
36 157
161 346
80 255
343 478
120 289
467 506
291 458
317 468
439 504
183 370
154 333
424 507
32 21
443 506
213 400
365 492
93 270
18 111
224 407
160 345
266 441
335 476
169 352
16 61
19 56
30 157
16 71
248 425
344 483
313 466
29 24
164 347
68 239
124 307
25 118
41 184
57 212
198 379
26 135
231 410
481 508
47 196
28 17
31 156
258 431
367 494
294 457
276 443
193 380
81 256
20 115
119 302
457 508
380 505
482 509
310 463
277 442
325 476
257 422
134 317
79 252
180 365
234 413
263 438
397 508
433 506
116 291
322 473
199 382
504 505
14 75
192 379
25 36
230 409
18 141
18 69
368 495
112 289
12 85
86 259
19 116
353 486
280 449
26 41
255 424
46 189
489 510
404 509
70 241
136 309
38 175
127 310
197 380
14 63
341 478
89 262
37 180
370 497
22 135
236 413
372 499
371 498
59 224
75 250
70 239
102 279
19 58
48 201
68 235
465 504
292 457
444 507
59 222
210 393
227 406
145 330
173 360
440 503
118 297
146 331
17 120
76 251
249 424
76 245
98 275
17 106
254 429
200 381
304 457
118 291
500 505
166 351
25 134
36 179
48 197
26 153
25 40
324 474
47 189
438 502
121 303
310 462
57 213
73 243
58 214
25 151
296 456
437 501
500 504
323 473
26 136
16 96
146 330
87 259
147 331
174 360
13 89
148 332
369 495
145 329
327 475
392 504
105 281
372 498
213 399
306 456
313 465
50 194
279 447
314 464
13 77
20 130
265 439
20 128
481 507
44 186
120 302
255 429
258 430
20 58
479 507
284 450
25 39
126 308
102 278
182 368
153 333
25 135
68 238
135 309
211 397
15 75
397 507
342 478
307 459
451 509
253 423
63 229
325 475
212 398
207 393
30 18
380 504
49 201
276 444
504 504
194 380
417 509
77 251
169 353
78 252
470 506
219 403
21 143
17 119
71 241
38 176
37 179
261 435
353 487
466 504
39 175
248 424
160 344
61 227
255 425
19 141
292 456
210 396
170 352
18 60
473 505
75 247
317 467
453 509
507 501
214 400
291 457
135 307
485 511
234 412
80 254
20 142
467 505
400 506
346 484
40 182
153 335
270 444
100 276
405 509
154 338
201 381
13 85
222 406
136 316
267 441
49 197
119 287
240 418
26 146
29 33
491 509
404 508
230 408
42 184
14 76
370 496
482 508
442 504
165 347
149 333
226 406
456 508
262 436
18 68
140 312
258 422
119 289
378 502
209 393
359 493
315 465
266 440
152 334
172 358
494 506
267 439
326 476
286 452
22 116
236 412
161 345
316 466
306 458
357 491
418 508
17 71
290 456
231 409
246 424
98 274
59 221
48 192
135 317
478 506
277 443
287 453
27 41
130 312
25 45
271 443
381 505
289 455
14 96
25 147
36 156
60 220
369 491
157 341
23 145
12 90
90 262
257 423
173 359
137 313
68 236
25 119
136 314
190 376
181 365
463 507
368 494
27 153
280 448
416 508
35 157
166 350
64 230
344 482
241 419
421 505
440 502
180 366
76 250
395 507
268 442
127 309
319 469
106 282
17 107
338 478
263 437
49 195
95 269
441 503
26 36
101 277
188 374
262 434
256 424
304 456
506 502
300 456
278 446
23 135
392 502
28 154
120 300
18 118
26 40
39 181
305 457
191 375
335 475
460 508
224 406
97 273
165 345
454 510
28 14
71 239
90 264
505 503
343 477
201 387
18 106
16 62
32 22
94 270
17 125
67 233
245 423
81 255
60 224
28 16
168 354
19 129
26 152
228 406
444 506
394 506
15 97
154 334
215 401
264 438
37 177
320 470
164 348
424 506
480 506
67 237
311 463
109 285
254 426
26 44
30 156
91 267
200 382
128 310
136 318
379 503
153 337
50 202
19 117
283 449
354 488
118 298
489 509
393 505
181 367
20 56
192 378
256 430
75 249
365 491
17 109
439 503
48 196
32 6
19 69
163 347
162 346
113 289
20 116
474 504
15 63
49 193
25 37
472 506
419 505
312 464
120 288
356 490
125 307
18 110
371 497
197 379
328 476
30 24
137 319
119 297
462 508
90 260
425 505
253 427
184 370
23 117
164 346
382 506
193 379
24 48
227 405
154 332
277 445
193 377
293 457
171 357
446 508
117 291
31 19
434 504
46 190
144 328
155 339
76 246
269 443
433 505
458 508
175 361
58 212
24 38
484 510
211 393
450 510
342 477
87 258
379 502
171 352
162 345
119 288
307 458
59 212
81 254
20 69
157 340
200 383
361 490
19 128
262 435
314 463
241 418
419 506
258 429
16 97
450 509
373 496
486 511
21 58
118 289
501 504
65 230
147 330
343 476
40 181
228 405
73 242
277 444
265 438
169 354
264 437
484 509
319 468
21 142
25 38
357 490
74 243
30 17
154 337
391 502
75 242
20 55
305 456
95 270
19 70
128 309
148 331
482 507
75 248
98 273
134 307
20 129
185 370
77 246
203 388
236 411
326 475
32 7
49 192
48 191
211 396
149 332
395 506
224 405
18 119
232 409
68 237
299 456
109 284
58 213
20 117
291 456
439 502
30 155
30 25
27 40
207 392
117 290
263 436
68 231
231 408
283 448
445 506
467 504
256 429
41 182
127 308
161 344
397 506
433 504
50 193
227 404
56 209
18 71
24 119
25 48
97 272
37 178
441 502
253 422
278 445
246 423
292 455
136 317
71 240
432 505
170 353
454 509
506 501
201 382
28 35
507 500
307 456
29 16
171 356
400 505
102 277
358 491
393 504
152 333
293 456
28 153
459 508
18 125
215 400
14 95
193 378
53 204
321 470
182 367
313 464
424 505
327 474
18 109
13 86
214 399
417 508
212 397
23 136
479 506
25 146
504 503
491 508
336 475
135 308
483 508
472 505
235 412
226 405
164 345
19 118
14 77
61 224
18 107
297 456
50 201
425 504
474 503
347 484
154 335
473 504
219 402
38 179
47 190
25 136
359 492
165 348
368 493
345 482
263 434
145 328
25 148
107 282
51 194
146 329
318 467
26 39
49 196
90 259
392 503
34 155
382 505
280 447
405 508
173 358
175 360
304 455
470 505
101 276
399 506
126 307
205 390
43 184
481 506
155 338
391 504
15 76
120 299
320 469
140 313
76 247
72 241
136 315
44 185
91 264
89 260
210 395
190 375
284 449
29 34
418 507
245 422
60 221
485 510
119 298
29 12
372 497
494 505
110 285
443 504
316 465
122 303
317 466
28 13
32 19
18 67
69 236
428 503
457 506
354 487
158 341
121 302
60 219
134 309
15 96
468 505
91 262
328 475
369 492
189 374
137 314
335 474
369 494
24 145
120 287
290 455
103 278
100 275
130 311
62 227
220 403
258 423
63 228
281 448
22 117
338 477
419 504
370 495
306 457
156 339
35 156
394 505
191 374
19 68
270 443
17 62
462 507
16 75
446 507
163 346
114 289
159 342
455 508
493 506
96 271
77 250
122 299
256 425
154 331
51 202
29 154
67 232
422 505
181 366
213 398
32 23
14 89
458 505
266 439
324 473
458 507
22 143
59 216
26 151
438 501
99 274
300 455
108 283
166 349
488 509
50 195
196 379
202 387
33 6
264 433
287 452
453 508
39 176
31 24
27 36
234 411
183 368
30 35
254 427
137 318
248 423
59 218
18 61
17 74
16 63
208 393
26 45
268 441
380 503
13 90
53 206
121 286
222 405
371 496
105 280
418 505
365 490
194 379
78 251
211 392
20 141
311 462
47 188
381 504
420 505
91 266
196 378
129 309
32 24
109 283
428 502
150 332
56 208
280 446
258 424
441 501
484 508
355 487
32 18
228 404
170 354
222 404
28 36
69 237
159 341
24 136
54 192
33 7
96 270
21 129
322 470
68 230
100 274
146 328
429 503
105 279
99 273
318 466
62 226
30 34
215 399
182 366
30 154
470 504
328 474
77 247
52 194
417 507
459 507
63 227
75 241
359 491
26 150
321 469
160 342
137 315
173 357
28 40
127 307
347 483
14 90
246 422
118 288
425 503
205 389
153 331
380 502
15 95
443 503
162 344
26 48
278 444
59 217
122 302
78 246
365 489
155 337
213 397
227 403
232 408
55 191
245 421
48 190
53 205
242 418
167 349
126 306
59 213
21 69
247 423
432 504
176 360
152 332
391 503
189 373
18 74
235 411
41 181
479 505
51 201
317 465
214 398
26 46
54 206
406 508
501 503
161 343
15 77
18 72
39 179
457 505
20 118
201 385
458 506
178 362
74 242
487 509
468 504
256 426
108 282
77 249
60 218
14 88
22 142
16 76
163 345
453 507
263 433
122 298
54 204
149 331
27 39
206 390
270 442
346 482
474 502
92 262
255 427
61 223
450 508
229 405
134 308
399 505
492 506
475 503
139 313
97 271
171 353
382 504
90 258
50 196
92 266
36 0
483 507
241 417
21 55
373 495
13 87
418 506
76 248
42 182
33 23
66 230
137 317
357 489
17 97
420 504
60 216
17 73
38 178
252 422
28 144
372 496
360 490
397 505
103 277
57 209
454 508
25 145
493 505
486 510
203 387
22 58
154 330
21 141
320 466
31 25
345 481
472 504
225 405
123 297
449 509
33 19
19 67
211 395
310 460
231 407
220 402
175 359
27 145
19 125
44 184
506 500
342 476
19 127
299 455
202 386
133 309
117 289
13 91
82 254
120 286
29 13
156 338
398 506
166 348
462 506
269 441
442 502
288 452
147 329
482 506
104 278
88 258
29 143
308 458
157 339
266 438
390 504
31 17
67 231
366 490
33 155
279 445
18 62
20 140
69 231
285 449
201 383
289 453
212 396
114 288
156 334
34 6
264 436
102 276
29 153
298 456
62 222
121 285
18 108
194 378
291 455
30 16
424 504
52 202
219 401
16 90
325 473
326 474
29 35
130 310
507 499
35 155
23 119
53 193
39 177
120 298
91 265
396 506
208 392
61 221
13 93
182 362
183 367
30 12
20 70
473 503
363 489
17 63
155 335
422 504
211 391
256 428
456 506
19 119
439 501
394 504
312 462
26 38
405 507
508 498
313 463
148 330
184 368
263 435
348 484
115 289
15 89
316 464
181 363
78 250
50 192
305 455
27 45
446 506
343 475
361 489
123 303
264 432
319 467
257 429
503 503
23 57
48 188
89 259
73 241
110 284
293 455
25 149
315 463
226 404
190 374
334 474
491 507
282 448
123 299
98 272
338 476
371 495
369 493
204 388
337 475
185 369
47 187
45 185
145 327
27 151
76 242
307 457
22 118
336 474
121 299
172 356
477 501
467 503
72 240
379 501
431 502
16 77
122 297
21 118
129 308
423 504
363 488
439 500
28 37
484 507
26 47
388 503
470 503
17 64
18 97
89 258
502 503
286 449
35 154
222 403
309 458
477 500
447 506
508 497
492 505
398 505
21 70
100 273
305 454
181 362
60 215
27 38
109 282
183 366
62 221
23 54
53 202
179 362
19 120
156 337
79 246
223 404
55 192
364 489
29 144
60 213
167 348
173 356
93 264
25 144
337 474
242 417
53 192
429 502
22 119
395 504
98 271
124 303
33 18
13 92
24 137
264 435
448 507
349 484
402 503
389 504
24 57
201 384
159 340
57 208
459 506
176 359
356 487
229 404
158 339
21 140
63 222
171 354
476 501
102 275
432 503
473 502
43 182
28 45
30 13
33 154
45 184
152 331
471 504
333 474
14 87
444 503
263 432
19 72
19 74
18 73
29 36
313 462
294 455
317 464
405 506
20 71
323 470
366 489
104 277
469 504
69 230
51 196
430 503
161 342
30 15
123 300
54 191
15 94
252 421
445 504
153 330
32 25
258 425
346 481
246 419
42 181
27 150
454 507
30 153
54 205
62 223
34 19
52 193
386 501
16 89
479 504
116 289
424 503
189 372
122 301
28 145
442 501
357 488
150 331
56 207
73 240
23 58
34 7
162 343
203 386
77 248
36 1
99 272
60 217
19 66
486 509
168 349
208 391
172 355
156 335
37 0
215 398
49 188
128 307
359 490
195 378
461 506
493 504
52 201
468 503
285 448
370 493
366 487
264 431
146 327
321 468
67 230
289 452
457 504
348 481
121 298
20 119
380 501
131 310
326 473
288 451
54 203
396 505
372 495
120 285
123 298
26 149
270 441
77 242
31 34
27 144
485 508
103 276
51 192
505 500
178 361
61 214
290 453
184 367
339 476
92 265
491 506
28 39
338 475
51 200
18 65
157 334
206 389
220 401
259 424
52 195
450 507
163 342
390 503
355 486
281 446
310 459
130 309
19 126
50 191
472 503
507 498
14 93
320 467
483 506
225 404
245 420
36 153
257 428
455 506
231 406
53 194
474 501
94 261
266 437
202 383
235 410
347 482
282 447
22 141
19 108
205 388
311 460
78 249
397 504
316 463
32 17
256 427
308 457
420 503
31 16
126 305
449 508
182 363
18 75
319 466
362 489
328 473
47 186
207 390
228 403
147 328
22 55
93 266
438 499
138 317
404 505
417 506
475 502
219 400
33 24
108 281
186 369
110 283
212 395
222 401
232 407
138 315
15 90
58 209
74 241
28 143
318 465
213 396
63 226
97 270
117 288
298 455
342 475
406 507
283 446
39 178
54 193
227 402
92 263
190 373
382 503
365 488
133 308
48 187
246 421
70 237
501 502
18 63
361 488
105 278
202 385
28 151
149 330
329 474
23 56
218 401
139 314
49 190
115 288
279 444
211 390
163 344
66 229
29 152
111 284
40 177
247 422
443 502
291 454
83 254
64 227
22 129
44 183
204 387
16 88
35 7
31 41
23 79
213 395
46 184
38 16
490 506
20 126
333 473
288 450
41 179
19 73
29 37
33 17
273 441
475 501
416 506
52 192
61 213
406 506
231 405
91 251
319 465
45 183
79 247
24 138
26 144
182 364
61 217
232 406
36 152
371 493
404 504
317 463
74 240
349 481
286 448
247 421
257 427
491 505
190 372
22 140
263 431
111 283
325 471
348 482
187 369
109 281
218 400
58 208
96 258
470 502
112 284
31 33
271 441
100 272
117 287
432 502
259 425
34 18
386 500
443 501
358 488
32 26
19 65
84 254
18 64
43 181
468 502
184 366
356 486
149 329
375 497
401 503
313 461
294 454
291 453
169 349
372 494
103 275
40 178
33 153
157 335
49 189
31 15
25 57
362 488
95 261
220 400
73 239
32 16
505 499
63 225
56 206
159 339
62 220
80 244
162 342
430 502
119 285
124 298
222 402
398 504
37 21
340 474
424 502
139 315
229 403
345 479
246 420
341 475
243 417
20 74
99 271
485 507
325 469
281 445
42 180
51 191
508 490
28 150
502 502
23 55
399 503
176 356
507 497
78 248
94 262
163 343
57 207
338 474
89 257
17 77
359 489
461 505
366 488
484 506
50 188
342 474
265 435
230 404
70 230
15 93
88 252
80 250
28 46
22 128
98 270
147 327
20 108
28 38
61 215
180 362
204 386
195 377
53 191
172 354
367 489
105 277
55 205
35 153
67 229
231 401
363 487
28 44
332 474
347 481
19 97
55 193
504 500
421 503
54 202
380 500
364 488
323 469
19 121
110 282
244 418
196 376
152 330
185 367
23 141
388 502
298 454
221 401
52 200
486 508
282 446
183 365
161 341
506 490
28 146
405 505
108 280
207 389
189 371
50 190
173 355
158 338
21 71
508 496
59 209
36 2
96 268
132 308
454 506
474 500
381 501
206 388
382 502
439 499
469 503
305 453
445 503
30 14
20 106
94 260
27 143
318 464
215 397
18 96
479 503
124 302
350 484
476 500
71 237
34 152
402 502
509 491
29 45
48 186
211 389
289 449
21 119
127 305
210 390
274 440
447 505
174 356
97 269
396 504
471 503
357 487
121 297
223 403
205 387
500 502
267 437
146 326
311 459
444 502
151 331
179 361
448 506
52 196
30 152
387 501
445 501
226 402
150 330
321 467
64 226
208 390
450 506
128 306
24 54
216 398
472 502
337 473
93 263
339 475
456 504
139 317
29 43
27 47
123 301
116 288
19 63
27 149
225 403
202 384
21 127
480 504
77 243
309 457
66 228
95 267
389 503
280 444
15 87
63 223
438 498
23 139
156 336
168 348
203 385
493 503
15 91
93 265
29 145
209 391
446 504
130 308
158 334
24 58
131 309
167 347
104 276
177 359
54 194
19 75
56 202
290 452
33 25
423 503
235 409
183 363
449 507
326 472
460 506
329 473
283 445
219 399
34 24
245 419
14 92
203 383
251 421
157 337
51 197
365 487
38 0
456 503
119 284
349 482
105 276
288 449
80 247
490 505
36 7
20 73
35 152
150 329
39 0
473 500
175 356
462 503
416 505
433 502
331 474
79 244
386 499
34 25
37 22
209 390
389 502
115 286
99 270
21 120
38 1
126 303
479 502
24 55
322 467
244 417
273 440
30 151
195 376
281 444
107 278
89 252
89 256
146 325
184 365
421 502
25 56
34 17
480 503
272 441
210 389
492 503
190 371
168 347
23 78
491 504
236 409
174 355
106 277
398 503
22 71
101 272
372 493
435 498
271 440
173 354
81 250
33 26
125 298
223 402
382 501
30 45
33 16
124 301
176 357
270 439
80 249
304 453
350 483
231 400
365 486
224 403
32 33
318 463
147 326
97 268
317 462
28 149
463 502
31 42
31 14
28 47
218 399
268 437
52 197
189 370
368 487
313 460
29 44
71 230
311 458
117 286
325 470
53 196
80 245
46 183
43 180
78 243
289 450
259 426
169 348
380 499
129 296
203 384
506 491
367 488
486 507
17 80
120 295
50 189
85 254
266 435
97 258
464 501
130 307
18 95
30 43
38 17
29 38
294 453
376 497
95 266
152 329
55 202
164 343
500 501
217 398
29 150
345 478
227 400
128 305
457 502
49 186
247 420
481 504
332 473
158 337
51 190
80 243
385 500
232 405
207 388
100 271
185 366
448 505
340 473
205 386
33 28
228 399
326 471
461 504
455 504
45 182
67 228
54 201
507 496
245 418
24 139
33 152
72 237
57 206
55 194
183 364
375 496
64 225
265 434
94 259
228 397
208 389
74 239
108 279
88 253
290 451
364 487
387 500
309 456
19 76
22 127
24 79
20 107
348 479
159 334
94 263
62 215
187 368
417 504
116 287
21 72
158 335
430 501
350 481
42 179
489 506
159 338
269 438
29 46
312 459
188 369
262 431
54 195
62 217
502 501
96 259
204 385
162 341
132 307
52 199
347 480
103 274
90 251
319 464
112 281
508 495
37 16
402 501
446 503
206 387
41 178
439 498
25 58
44 181
151 330
39 20
339 474
161 340
179 360
306 451
94 265
221 400
18 77
111 282
37 8
64 221
346 479
274 439
423 502
233 406
63 220
23 140
396 503
484 505
292 453
114 285
330 473
20 105
324 469
405 504
445 502
476 499
357 486
449 506
213 394
77 240
341 474
443 500
95 260
459 504
407 506
62 213
15 92
177 358
79 248
501 500
258 427
112 283
131 308
342 473
460 505
56 203
139 316
96 267
32 13
52 191
180 361
157 336
470 501
362 487
196 375
485 506
230 403
447 504
314 461
32 41
216 397
400 503
110 281
25 138
509 492
38 21
29 146
287 448
313 458
250 421
193 374
338 473
471 502
469 502
160 339
32 15
176 355
56 205
32 153
30 37
446 501
20 121
226 401
50 187
26 143
298 453
282 445
25 130
404 503
48 185
25 142
31 40
286 445
504 499
444 501
25 54
177 356
507 490
454 505
21 126
19 64
113 284
434 501
19 96
58 207
16 87
31 152
23 70
20 65
230 399
32 27
232 401
25 78
20 63
359 488
231 402
318 461
197 374
63 224
33 42
37 2
475 500
121 296
508 491
26 57
91 252
401 502
60 209
288 448
20 124
260 426
463 501
119 283
228 396
485 505
20 64
279 441
54 196
160 334
114 284
384 500
455 503
95 263
47 183
416 504
30 146
17 85
33 41
331 473
29 149
287 445
281 439
159 337
60 208
17 81
443 499
85 253
364 486
25 59
341 473
507 491
42 178
125 299
23 77
324 468
434 500
151 329
33 15
474 498
18 94
338 472
326 470
43 179
387 499
66 226
229 397
24 78
286 446
290 450
177 357
29 147
38 8
262 430
169 347
404 502
28 50
191 369
170 348
462 502
270 438
90 252
196 374
55 195
112 282
116 286
29 47
308 450
101 271
126 302
96 266
460 504
23 71
459 503
125 301
193 373
33 43
158 336
261 429
32 42
51 189
148 326
73 237
20 104
297 453
406 504
314 460
195 375
150 328
52 190
21 105
62 218
21 107
102 272
127 303
86 254
21 63
453 505
447 503
161 333
372 492
358 486
30 38
34 16
61 209
339 473
407 505
306 450
487 505
31 43
269 437
93 259
30 44
65 225
349 479
25 141
471 501
76 240
481 503
444 500
31 151
368 486
232 402
94 258
104 274
303 453
128 296
359 487
107 277
206 386
96 260
69 227
282 444
357 485
129 295
508 494
368 488
62 212
44 180
17 87
249 421
232 404
173 349
141 317
376 492
259 427
408 504
118 284
185 363
501 499
33 33
131 307
376 496
38 22
194 374
33 13
77 239
32 12
98 258
502 500
233 405
346 478
287 447
38 4
218 398
20 76
18 80
112 280
39 17
320 464
81 243
187 367
64 204
36 16
22 126
189 369
310 456
214 394
382 500
165 343
332 472
473 499
97 267
185 365
115 285
389 501
295 453
232 400
24 140
19 95
35 151
430 500
80 242
233 401
464 500
448 504
26 58
327 471
32 152
128 304
422 502
121 295
117 285
342 472
99 269
489 505
409 503
217 397
32 14
18 78
275 439
53 199
435 499
208 388
105 275
25 129
28 48
486 506
458 502
67 227
375 495
37 5
294 452
53 197
228 398
75 239
120 294
288 444
369 487
39 19
237 409
380 498
146 324
25 55
62 204
32 40
507 495
34 34
113 283
171 349
140 316
423 501
231 403
71 231
48 184
89 253
504 498
111 281
190 370
292 452
34 26
56 204
272 440
110 280
162 340
184 364
248 420
319 463
227 399
322 466
475 499
490 504
417 503
160 338
192 370
398 502
449 505
64 220
388 500
25 77
266 434
274 438
209 389
311 457
434 498
65 221
31 39
492 502
22 72
466 498
350 482
226 400
107 275
33 27
469 501
245 417
230 398
500 500
365 485
232 398
461 503
446 502
286 444
89 255
57 205
63 219
22 76
347 479
39 21
440 498
480 502
433 501
396 502
197 373
16 92
457 501
64 224
323 467
25 139
454 504
92 258
20 96
447 501
236 408
312 458
26 130
403 501
21 73
88 254
362 486
159 335
225 401
50 186
231 399
37 7
21 121
26 56
24 70
74 238
268 436
81 245
273 439
175 355
81 247
38 2
152 328
180 360
313 459
46 182
509 493
81 249
174 354
87 253
281 443
224 402
307 451
55 201
508 492
40 0
79 243
32 28
80 248
58 206
221 399
26 142
17 79
204 384
19 77
479 501
61 205
113 281
21 125
317 461
271 439
95 265
400 502
309 455
168 346
318 462
108 278
37 3
62 216
349 478
405 502
169 346
499 500
64 215
34 27
163 340
22 125
189 368
111 280
22 73
75 238
245 416
50 185
448 503
172 349
234 405
114 283
63 204
62 209
39 18
280 439
81 242
141 316
317 460
97 266
36 25
231 398
79 242
279 440
469 500
505 496
61 210
409 502
331 472
247 418
431 500
31 44
390 501
33 12
448 501
55 196
187 366
74 237
97 260
33 14
174 349
108 277
291 450
65 222
21 76
474 497
312 457
38 5
205 384
376 493
373 492
82 245
377 496
25 60
49 184
82 247
17 86
141 318
128 295
208 387
122 295
369 488
473 498
323 466
32 43
267 434
217 396
29 50
32 29
160 337
364 485
21 96
23 76
407 504
288 445
30 47
125 300
76 239
21 104
62 205
281 440
61 208
147 324
46 181
506 495
287 446
94 257
18 79
179 358
19 94
186 363
383 500
339 472
502 499
227 398
288 447
262 429
65 220
504 497
389 500
404 501
66 225
209 388
237 408
395 502
193 368
129 294
464 499
22 63
58 205
467 498
465 498
99 258
26 55
234 401
471 500
249 420
153 328
233 398
260 427
490 503
232 399
30 149
452 505
175 354
388 499
23 72
107 276
408 503
423 500
64 219
288 443
224 401
18 85
118 283
398 501
376 495
370 489
174 353
81 246
61 206
194 373
276 439
461 502
34 11
463 500
20 95
115 284
333 470
173 348
127 302
328 471
316 461
42 175
406 503
296 453
480 501
273 438
230 397
280 441
47 182
282 443
121 294
433 500
27 56
90 253
57 204
65 224
40 1
116 285
47 20
165 342
294 451
359 486
460 503
85 252
315 460
18 81
261 428
387 498
282 439
501 498
206 385
272 439
103 272
472 499
233 404
20 123
21 122
192 369
39 22
229 396
507 494
443 498
222 399
192 371
232 397
422 501
341 472
324 465
131 306
53 198
26 129
68 227
466 497
375 492
22 109
248 419
327 470
128 303
416 503
29 48
81 248
105 274
269 436
107 274
163 338
178 357
458 501
104 273
54 197
324 467
82 249
292 451
193 372
89 254
25 76
22 107
151 328
43 178
109 278
361 486
35 150
311 456
215 394
347 478
287 444
508 493
37 6
168 345
222 397
507 492
117 284
306 449
63 216
468 499
42 177
368 485
232 403
93 258
99 268
180 359
21 64
196 373
72 231
218 397
488 505
391 500
319 462
28 51
453 504
73 236
21 124
34 33
309 454
320 463
148 325
92 257
454 503
396 501
440 497
113 282
489 504
303 452
48 183
462 501
64 205
159 336
33 34
225 400
20 77
101 270
150 327
434 499
190 369
65 214
366 485
370 487
365 484
162 333
32 39
214 393
106 275
35 16
336 469
24 127
24 71
314 459
444 499
500 499
308 451
31 38
38 7
18 83
486 505
82 243
380 497
281 442
63 218
69 226
358 485
40 21
197 372
195 374
25 128
188 367
459 502
67 226
45 180
30 147
52 189
26 141
238 409
186 365
100 269
55 200
261 426
185 364
297 452
23 104
400 501
86 253
271 438
351 482
27 58
25 140
24 77
33 40
96 265
160 335
38 3
246 417
481 502
22 121
161 338
307 450
36 27
32 35
63 212
31 146
161 334
449 504
182 359
171 348
95 264
36 15
17 92
322 465
309 450
98 267
126 301
281 438
32 151
447 502
492 501
475 498
99 267
196 366
58 204
destination
