map
random512-20-1.map
pivot
250 474
agent & start
440 64
116 8
507 131
413 37
391 15
435 59
64 60
476 100
483 107
448 72
408 32
26 98
426 50
111 13
388 12
421 45
407 31
54 70
433 57
65 59
125 3
129 3
123 5
417 41
418 42
115 9
77 51
484 108
389 13
76 50
102 22
43 81
492 116
429 53
48 76
130 0
99 25
497 121
110 14
25 99
392 18
24 100
11 113
94 30
456 80
109 15
105 19
45 79
44 80
23 101
364 0
509 133
414 38
493 117
487 111
127 3
7 117
38 86
410 38
113 11
5 119
77 47
494 118
91 35
501 125
499 123
392 16
425 49
29 95
9 115
468 92
17 107
35 89
390 14
491 115
377 7
26 100
395 19
397 21
405 29
34 90
4 120
505 129
92 32
375 7
71 53
396 20
85 39
481 105
411 37
436 60
79 47
58 66
470 94
424 48
74 50
27 97
482 106
393 17
51 73
57 67
108 16
95 29
130 2
471 95
129 1
381 5
386 10
478 102
82 42
382 6
97 27
504 128
369 1
21 103
503 127
75 49
430 54
495 119
106 18
84 40
455 79
400 24
403 27
8 116
477 101
128 2
98 26
449 73
368 0
70 54
55 69
510 134
42 82
422 46
458 82
122 4
402 26
443 67
502 126
47 77
427 51
432 56
78 46
73 51
36 88
18 108
387 11
496 120
398 22
103 21
406 30
442 66
462 86
378 6
82 44
56 68
14 110
76 48
96 28
445 69
423 47
18 106
86 38
33 91
100 24
12 112
425 51
420 44
62 62
112 12
37 87
508 132
6 120
415 39
52 72
91 33
15 109
450 74
441 65
371 3
418 44
83 41
467 91
434 58
459 83
444 68
16 108
126 4
121 5
457 81
87 37
416 40
13 111
68 58
32 92
437 61
130 4
124 4
114 10
488 112
480 104
404 28
22 102
486 110
88 36
41 83
485 109
50 74
431 55
500 124
446 70
49 75
80 44
451 75
61 63
401 25
465 89
461 85
120 6
419 43
28 96
463 87
393 18
453 78
52 73
400 25
389 14
27 98
411 38
12 113
78 47
501 126
377 8
502 127
439 64
66 59
397 22
407 32
48 77
369 2
112 13
391 16
124 5
420 45
488 113
373 6
62 63
484 109
454 79
109 16
462 87
492 117
460 87
428 53
81 44
29 96
79 46
101 24
9 116
463 88
487 112
8 117
458 83
507 132
459 84
80 45
64 61
414 39
97 28
470 95
466 91
444 69
396 21
38 87
3 122
126 5
406 31
499 124
430 55
10 115
106 19
405 30
44 81
34 91
398 23
33 92
448 73
100 25
36 89
2 123
91 34
404 29
114 11
113 12
505 130
22 105
25 100
84 41
494 119
483 108
508 133
22 103
42 83
86 39
441 66
92 33
386 11
365 0
130 1
453 80
57 68
427 52
482 107
16 109
401 26
443 68
82 43
436 61
102 23
77 48
122 5
110 15
506 131
403 28
26 101
480 105
119 8
372 5
379 6
477 102
467 92
495 120
446 71
88 37
422 47
509 134
367 0
5 120
440 65
421 46
59 66
63 62
131 0
95 30
65 60
479 104
120 7
432 57
388 13
419 44
434 59
17 108
92 35
108 17
68 59
418 45
504 129
457 82
43 82
87 38
374 7
96 29
24 101
481 106
73 52
103 22
418 43
375 8
476 101
83 42
415 40
510 135
123 6
71 54
386 13
485 110
18 107
461 86
125 4
486 111
500 125
53 72
14 111
116 9
503 128
93 32
424 49
30 95
11 114
493 118
452 77
35 90
382 7
464 89
412 37
378 7
74 51
471 96
50 75
37 88
76 49
89 36
46 79
98 27
496 121
104 21
381 6
15 110
429 54
449 74
4 121
49 76
399 24
447 72
455 80
433 58
13 112
364 1
55 70
395 20
95 32
20 105
490 115
19 106
72 53
371 4
28 97
129 4
450 75
21 104
498 123
425 50
442 67
128 3
417 42
77 50
85 40
431 56
468 94
95 31
73 53
424 50
98 28
54 72
434 60
14 112
501 127
382 8
400 26
365 1
113 13
125 5
15 111
51 75
496 124
482 108
449 75
29 97
22 106
74 52
461 87
77 49
67 59
470 96
385 11
92 34
508 134
439 65
393 19
417 43
43 83
453 79
41 85
420 46
97 29
87 39
37 89
428 54
72 54
493 119
427 53
24 102
129 5
9 117
106 20
488 114
35 91
119 9
441 67
50 76
489 115
63 63
381 7
368 2
16 110
442 68
496 122
4 122
128 4
116 10
505 131
107 19
44 82
406 32
102 24
101 25
23 103
458 84
12 114
476 102
398 24
443 69
27 99
53 73
378 8
447 73
117 9
477 103
39 87
463 89
120 8
122 6
469 95
498 124
25 101
509 135
93 33
132 0
487 113
64 64
34 92
94 32
431 57
78 48
433 59
481 107
124 6
466 92
47 79
373 7
413 39
511 137
126 6
115 11
399 25
495 121
380 6
36 90
432 58
17 109
111 15
83 43
96 30
11 115
388 14
390 16
465 91
13 113
3 123
80 46
483 109
81 45
423 49
510 136
484 110
448 74
60 66
405 31
430 56
20 106
507 133
31 95
108 18
369 3
364 2
440 66
387 13
506 132
90 36
33 93
84 42
492 118
374 8
429 55
104 22
394 20
455 81
500 126
403 29
460 86
66 60
86 40
134 0
62 64
386 12
453 81
371 5
40 86
462 88
436 62
459 85
497 123
30 96
397 23
451 77
58 68
412 38
114 12
376 10
5 121
485 111
131 1
65 61
479 105
2 124
46 80
456 82
89 37
52 74
395 21
28 98
32 94
419 45
38 88
478 104
21 105
460 88
414 40
445 71
55 71
452 80
422 48
121 7
19 107
421 47
435 61
103 23
48 78
45 81
377 9
85 41
109 17
480 106
396 22
127 5
503 129
367 1
452 78
372 6
63 64
67 60
108 19
55 72
462 89
393 20
380 7
45 82
49 78
497 124
495 122
81 46
451 78
48 79
395 22
499 126
397 24
440 67
459 86
32 95
510 137
452 81
372 7
93 34
416 43
125 6
477 104
41 86
503 130
46 81
50 77
53 74
470 97
52 75
119 10
369 4
122 7
394 21
112 15
438 65
455 82
487 114
4 123
128 5
388 15
413 40
379 8
14 113
445 72
483 110
23 104
375 10
430 57
446 73
120 9
31 96
118 9
389 16
70 61
502 129
448 75
107 20
399 26
9 118
469 96
60 67
59 68
458 85
419 46
382 9
461 88
132 1
457 84
2 125
480 107
97 30
441 68
94 33
479 106
402 29
38 89
54 73
98 29
44 83
482 109
21 106
74 53
452 79
420 47
0 127
488 115
384 11
109 18
85 42
62 65
378 9
428 55
498 125
110 17
133 0
134 1
504 131
116 11
73 54
90 37
30 97
106 21
396 23
442 69
476 103
103 24
427 54
500 127
450 77
456 83
492 119
115 12
43 84
29 98
485 112
377 10
96 31
465 92
20 107
496 123
84 43
371 6
366 1
40 87
104 23
494 121
33 94
435 62
374 9
431 58
367 2
135 0
505 132
127 6
511 138
58 69
390 17
78 49
35 92
412 39
365 2
387 14
433 60
75 52
65 62
426 53
102 25
25 102
364 3
385 12
451 80
3 124
64 65
370 5
28 99
47 80
88 39
400 27
467 94
468 95
414 41
370 7
114 13
86 41
404 31
57 70
406 33
508 135
13 114
481 108
126 7
484 111
422 49
491 118
17 110
437 64
466 93
10 117
64 63
99 28
16 111
383 10
56 71
475 102
24 103
5 122
439 66
39 88
105 22
42 85
436 63
37 90
12 115
124 7
381 8
429 56
447 74
432 59
87 40
423 50
506 133
19 109
43 85
478 106
37 91
52 76
450 80
70 62
454 82
379 9
12 116
488 116
412 40
469 97
11 117
508 136
396 24
49 79
367 3
58 70
433 61
491 119
98 30
382 10
112 16
80 48
59 69
81 47
91 37
118 10
4 124
120 10
126 8
457 85
388 16
414 42
57 71
389 17
65 63
504 132
476 104
493 121
60 68
104 24
371 7
466 94
484 112
88 40
498 126
20 108
116 12
128 6
89 39
18 110
122 8
392 20
381 9
421 49
32 96
439 67
497 125
41 87
378 10
14 114
467 95
45 83
83 45
470 98
431 59
393 21
445 73
84 44
53 75
40 88
499 127
10 118
99 29
430 58
79 49
24 104
401 29
380 8
438 66
510 138
46 82
425 53
2 126
487 115
133 1
115 13
444 72
109 19
364 4
1 127
136 0
503 131
456 84
416 44
437 65
69 61
374 10
413 41
390 18
406 34
87 41
107 21
13 115
481 109
366 2
452 82
125 7
102 26
117 11
28 100
396 34
450 78
38 90
75 53
426 54
442 70
451 79
387 15
66 62
447 75
384 12
420 48
134 2
114 14
30 98
34 94
398 26
124 8
391 19
461 89
16 112
5 123
465 93
482 110
394 22
422 50
42 86
479 107
419 47
56 72
424 52
477 105
3 125
475 103
432 60
94 34
435 63
436 64
506 134
458 86
395 23
368 4
372 8
55 73
110 18
74 54
480 108
39 89
483 111
86 42
373 9
443 71
441 69
511 139
423 51
63 65
73 55
21 107
108 20
25 103
474 102
509 137
29 99
82 46
36 92
9 119
51 77
501 129
370 6
399 27
404 32
383 11
462 90
0 128
455 83
427 55
132 2
434 62
429 57
495 123
97 31
103 25
119 11
385 15
365 3
67 61
47 81
440 68
505 133
62 66
369 5
106 22
403 31
61 67
127 7
54 74
402 30
468 96
363 4
109 20
27 102
25 104
17 112
49 80
361 2
67 62
51 78
97 32
384 13
94 35
44 85
426 55
40 89
103 26
493 122
70 63
398 27
510 139
451 82
371 8
128 7
406 35
42 87
437 66
381 10
137 0
19 110
422 51
53 76
456 85
11 118
9 120
429 58
1 128
21 108
136 1
104 25
13 116
509 138
396 35
373 10
398 33
433 62
24 105
472 101
480 109
63 66
56 73
400 31
14 115
367 4
483 112
23 108
439 68
74 55
80 49
16 113
30 99
37 92
59 70
114 15
384 15
118 11
6 123
112 17
90 39
445 74
123 8
404 33
481 110
382 11
54 75
107 22
419 48
440 69
28 101
89 40
452 83
387 16
87 42
443 72
20 109
115 14
12 117
508 137
501 130
76 53
484 113
372 9
503 132
396 33
399 32
61 68
10 119
471 102
461 90
395 24
88 41
447 76
497 126
3 126
477 106
405 34
84 45
99 30
362 3
47 82
92 37
491 120
98 31
423 52
500 129
435 64
475 104
35 94
488 117
369 6
66 63
469 98
392 21
386 15
402 31
0 129
69 62
121 10
394 23
57 72
449 80
391 20
417 46
62 67
444 73
413 42
85 44
81 48
449 78
91 38
492 121
506 135
75 54
36 93
390 19
465 94
431 60
368 5
48 81
455 84
15 114
424 53
113 16
50 79
366 3
450 79
379 10
499 128
421 50
383 12
4 125
102 27
133 2
117 12
505 134
470 99
403 32
411 40
438 67
442 71
110 19
18 111
494 123
479 108
120 11
380 9
34 95
466 95
486 115
83 46
122 9
79 50
43 86
458 87
82 47
41 88
105 24
415 44
45 84
388 17
474 103
467 96
33 96
385 14
96 33
478 107
393 22
127 8
432 61
16 115
125 8
55 74
101 28
2 127
401 30
39 90
365 4
454 83
414 43
402 32
488 118
389 19
399 33
109 21
128 8
138 0
491 121
424 54
87 43
465 95
485 115
458 88
82 48
441 71
406 36
130 6
61 69
18 112
112 18
104 26
117 13
443 73
114 16
425 55
27 103
414 44
383 13
57 73
14 116
108 22
392 22
63 67
49 81
480 110
417 47
136 2
367 5
366 4
9 121
62 68
50 80
32 98
403 33
448 80
60 70
470 100
52 78
110 20
58 74
416 46
2 128
111 19
92 38
107 23
442 72
55 75
456 86
474 104
53 77
492 122
26 106
88 42
84 46
496 126
103 27
13 117
4 126
430 60
397 27
388 18
115 15
380 10
93 37
30 100
477 107
76 54
436 66
45 85
20 110
11 119
133 3
382 12
89 41
25 105
26 104
79 51
404 34
487 117
483 113
48 82
398 28
422 52
464 94
467 97
393 23
33 97
420 50
43 87
381 11
359 1
121 11
77 53
411 41
386 16
10 120
435 65
105 25
116 14
419 49
85 45
429 59
16 114
19 111
398 32
34 96
20 112
362 4
106 24
80 50
129 7
410 40
490 120
439 69
460 90
23 107
47 83
387 17
479 109
37 93
494 124
36 94
51 79
391 21
361 3
477 111
69 63
398 34
372 10
22 108
497 127
493 123
75 55
444 74
452 84
412 42
371 9
505 135
481 111
499 129
453 83
68 62
67 63
504 134
1 129
78 52
451 83
5 125
118 12
24 106
454 84
390 20
41 89
501 131
368 6
469 99
17 115
98 32
401 31
379 11
447 77
90 40
137 1
405 35
360 2
418 48
482 112
466 96
101 29
397 37
438 68
21 109
502 132
446 76
96 34
42 88
120 12
437 67
486 116
475 105
445 75
123 9
413 43
3 127
97 33
511 141
498 128
396 36
473 103
122 10
56 74
0 130
394 24
125 9
478 108
73 57
38 92
397 33
384 14
449 79
99 31
358 0
7 123
35 95
433 63
8 122
102 28
509 139
471 101
31 99
395 25
66 64
44 86
457 87
95 35
431 61
461 91
12 118
400 32
28 102
39 91
508 138
86 44
127 9
472 102
17 113
49 82
467 98
455 86
496 127
40 91
382 13
415 46
489 120
105 26
51 80
74 57
399 34
96 35
398 29
468 99
125 10
20 111
498 129
424 55
417 48
453 84
102 29
109 22
0 131
421 52
418 49
405 36
60 71
413 44
435 66
474 105
137 2
2 129
391 22
430 61
438 69
442 73
448 79
84 47
131 6
398 37
58 73
423 54
45 86
62 69
55 76
27 104
106 25
110 21
50 81
90 41
114 17
400 33
116 15
1 130
499 130
26 107
127 10
393 24
42 89
477 108
19 112
66 65
452 85
504 135
13 118
447 78
104 27
80 51
456 87
65 66
441 72
395 26
121 12
85 46
373 12
48 83
404 35
425 56
368 7
358 1
458 89
67 64
473 104
359 2
429 60
370 9
387 18
37 94
88 43
112 19
22 109
92 39
87 44
118 13
481 112
44 87
437 68
367 6
9 122
32 99
414 45
411 42
33 98
111 20
362 5
14 117
411 44
25 106
410 41
444 75
426 57
59 72
79 52
61 70
130 7
451 84
39 92
389 20
128 9
57 74
17 114
511 142
501 134
495 126
133 4
357 0
8 123
366 5
398 35
136 3
397 32
482 115
14 119
95 36
383 18
445 76
99 32
479 110
397 36
41 90
401 32
3 128
36 95
89 42
478 111
54 77
397 28
38 93
510 141
77 54
454 85
4 127
384 17
35 96
117 14
28 103
122 11
472 103
24 107
505 136
91 40
408 39
465 96
21 110
82 49
490 121
486 117
103 28
108 23
76 55
86 45
477 112
81 50
464 95
64 67
469 100
485 116
386 17
371 10
360 3
436 67
98 33
34 97
56 75
78 53
138 1
402 33
488 119
493 124
412 43
93 38
492 123
53 78
431 62
100 31
501 132
446 77
97 34
459 90
123 10
383 14
5 126
361 4
10 121
381 12
390 21
428 59
420 51
470 101
482 113
30 101
73 58
508 139
433 64
460 91
68 63
500 135
380 11
69 64
376 13
409 40
480 111
75 56
11 120
437 69
356 0
39 93
87 45
8 124
393 25
426 58
388 20
465 97
6 126
109 23
467 99
116 16
389 21
137 3
115 17
491 123
11 121
97 35
139 1
386 18
86 46
34 98
496 128
120 14
425 57
473 105
361 5
85 47
118 14
494 126
135 3
397 29
37 95
480 112
36 96
357 1
91 41
129 9
453 85
33 99
459 91
485 117
67 65
102 30
65 67
42 90
47 85
452 86
474 106
488 120
90 42
383 17
128 10
482 114
22 110
490 122
56 76
498 130
35 97
44 88
508 140
103 29
446 78
31 101
366 6
510 142
106 26
489 121
50 82
484 116
499 131
81 51
362 6
4 128
142 0
412 44
13 119
397 31
30 102
469 101
423 55
92 40
407 39
370 10
75 57
98 34
60 72
364 8
460 92
438 70
410 44
398 36
117 19
468 100
41 91
440 72
114 18
140 0
396 28
404 36
379 13
123 11
395 27
88 44
68 64
408 40
64 68
94 38
131 7
10 122
497 129
428 60
380 12
476 108
25 107
493 125
9 123
27 105
381 13
132 6
384 18
500 132
113 19
442 74
134 4
420 52
457 89
46 88
401 33
444 76
400 34
110 22
105 27
371 11
32 100
472 104
125 11
405 37
43 89
77 55
483 115
443 75
429 61
82 50
15 117
441 73
415 47
79 53
15 121
432 64
502 134
434 66
509 141
387 19
391 23
358 2
455 87
375 13
5 127
492 124
59 73
394 26
61 71
4 130
382 14
12 120
136 4
119 13
104 28
57 75
433 65
499 135
111 21
49 83
478 112
46 86
74 58
419 51
390 22
96 36
108 24
28 104
464 96
83 49
18 114
95 37
51 81
500 134
374 12
368 8
458 90
3 129
48 84
399 37
130 8
101 31
45 87
466 98
66 66
479 111
410 42
84 48
445 77
99 33
417 49
19 113
69 65
399 35
430 62
376 14
1 131
435 67
54 78
40 92
447 79
117 15
110 24
414 46
121 13
451 85
14 118
35 99
2 130
504 136
124 10
80 52
360 4
62 70
21 111
385 17
413 45
372 12
468 101
374 13
424 57
428 61
143 0
393 26
33 100
481 114
142 1
68 65
123 12
509 142
76 57
32 101
507 140
98 35
401 34
388 21
387 20
11 122
54 79
120 15
108 25
110 25
51 82
56 77
88 45
25 108
87 46
382 17
381 14
destination
