map
random512-10-8.map
pivot
185 162
agent & start
465 482
495 452
497 450
507 440
436 511
471 476
510 437
449 496
453 494
440 507
505 442
494 453
471 474
483 464
476 471
439 508
455 492
474 473
451 496
458 489
450 497
452 495
468 479
475 472
501 446
443 504
472 475
486 461
488 459
477 470
493 454
504 443
442 505
490 457
437 510
509 438
461 486
478 469
438 509
444 503
445 502
467 480
479 468
499 448
492 455
448 499
485 462
489 458
464 483
503 444
449 498
511 436
508 439
447 500
498 449
481 466
441 506
463 484
506 441
460 487
473 474
446 501
466 481
459 488
484 463
472 473
502 445
470 477
482 465
469 478
456 491
454 492
449 495
480 466
468 478
460 486
510 436
477 469
435 511
509 437
485 461
483 463
462 484
447 499
448 498
505 441
511 435
501 445
457 489
438 508
458 488
449 497
446 500
500 446
502 444
507 439
479 467
488 458
471 475
464 482
destination
