map
random512-30-7.map
pivot
356 432
agent & start
1 11
0 8
8 14
3 13
1 10
3 12
7 14
1 8
2 11
8 13
0 9
4 13
3 11
5 13
7 13
1 9
4 12
4 3
6 13
2 9
7 12
5 6
4 11
3 10
3 8
5 7
6 6
5 5
5 3
4 8
3 9
6 12
4 4
5 11
6 5
6 3
5 2
5 4
4 9
6 7
5 8
5 10
6 11
6 10
6 2
6 8
5 9
6 0
6 4
5 1
7 5
8 3
7 4
8 5
6 1
7 0
6 9
9 6
7 2
7 8
8 4
9 5
7 1
7 9
9 3
10 6
8 2
11 6
9 2
8 9
8 1
9 4
11 7
10 2
9 9
21 7
9 1
10 4
12 5
13 6
9 0
11 4
21 8
10 9
20 5
21 6
12 7
20 9
11 2
19 9
10 10
11 9
11 1
20 8
20 6
12 2
11 3
14 6
10 0
13 5
destination
