map
random512-35-6.map
pivot
8 383
agent & start
399 138
313 12
398 127
339 60
490 321
459 236
462 235
293 2
462 257
421 156
287 12
474 449
354 69
467 250
344 53
330 29
480 451
284 9
482 335
429 164
290 5
400 123
464 257
482 389
466 249
291 6
477 292
476 449
361 70
326 25
419 160
486 471
481 452
486 383
426 167
440 213
338 45
469 278
431 186
491 314
425 158
486 495
485 340
328 27
281 4
404 149
488 339
375 82
443 202
393 132
470 279
473 436
392 131
489 380
467 264
341 60
471 282
388 115
381 100
280 3
475 288
445 226
491 352
349 70
469 268
477 446
474 431
491 316
443 204
382 99
469 438
396 129
311 14
491 340
485 470
325 24
474 435
467 276
487 494
476 289
399 136
469 266
416 151
398 113
449 226
391 130
481 332
491 378
390 113
337 46
487 338
428 181
358 67
400 125
470 437
486 455
354 73
466 255
338 43
491 320
374 81
485 384
463 440
463 236
476 303
470 283
356 67
463 258
394 109
432 193
339 48
475 422
407 146
492 377
477 448
317 16
359 70
479 332
468 437
493 318
442 205
442 201
466 277
492 341
470 281
456 257
423 178
355 68
488 473
425 178
338 47
410 147
464 441
397 128
422 179
462 259
426 179
441 214
286 11
382 91
476 447
312 13
359 68
451 226
291 4
480 331
485 502
380 101
399 126
494 345
383 98
473 426
493 344
384 97
378 87
490 379
337 48
314 13
389 114
373 80
278 1
415 150
465 262
423 166
394 133
395 110
383 96
337 42
437 198
342 59
350 69
433 192
393 110
481 336
441 200
477 290
467 272
475 450
465 252
466 245
473 430
292 3
316 15
455 258
483 388
478 293
447 224
460 235
434 193
315 14
490 313
429 184
452 225
487 472
343 64
465 244
427 166
457 258
424 167
492 315
475 448
353 70
345 54
468 266
484 384
339 49
488 486
374 82
491 341
473 425
466 264
476 450
381 99
378 86
426 166
410 148
455 259
376 84
484 502
480 450
462 260
465 255
474 432
490 352
415 151
441 201
392 132
474 422
441 205
446 226
475 423
426 180
361 71
404 150
469 279
475 289
489 313
452 226
394 110
477 293
463 257
474 448
335 49
315 17
448 226
437 199
397 113
396 128
338 60
430 186
280 4
489 379
418 160
457 257
439 213
349 71
375 83
492 376
465 251
491 317
421 157
456 258
394 134
354 72
382 92
462 256
465 245
344 54
466 272
442 204
373 81
425 179
456 256
336 50
389 115
464 244
377 85
469 437
439 215
477 291
485 455
424 166
486 340
475 303
436 198
467 265
399 123
427 185
437 197
464 256
490 314
425 159
287 11
398 126
485 473
481 453
487 339
337 45
461 235
351 71
467 271
491 377
302 4
465 263
390 114
428 164
355 69
341 59
488 380
359 69
407 147
326 26
486 494
391 131
377 87
398 138
473 435
431 187
380 100
457 259
477 449
374 84
491 315
463 237
328 28
476 294
476 446
427 181
356 68
487 473
485 471
390 116
470 282
473 431
395 111
312 14
399 137
322 24
293 3
474 424
428 184
315 15
463 261
354 70
288 12
399 125
483 387
442 202
396 112
429 185
278 2
395 129
419 159
337 43
436 196
337 49
480 332
469 283
427 165
314 14
433 193
313 13
493 345
466 250
317 17
475 295
464 262
383 97
460 236
440 214
447 225
393 133
342 64
475 447
423 179
492 318
353 71
350 70
489 487
481 335
325 25
486 382
290 6
338 48
467 277
358 68
329 29
482 388
341 65
469 267
434 194
353 73
462 236
463 441
468 278
292 4
476 290
486 472
424 178
490 320
397 127
472 436
283 9
485 472
418 159
424 179
427 164
456 259
469 436
342 57
474 433
486 493
462 261
279 4
488 313
327 28
354 71
435 196
341 58
336 51
317 18
475 290
409 148
458 257
463 238
329 30
395 112
490 319
491 318
460 237
468 267
357 68
424 159
462 237
467 278
325 26
405 150
465 250
407 148
395 128
355 70
426 165
390 115
484 385
474 303
464 255
416 153
356 69
463 442
490 341
486 473
448 227
380 99
438 199
288 9
391 114
489 378
423 180
487 486
326 27
469 282
322 23
373 82
321 22
382 97
341 66
334 49
335 50
394 111
463 256
414 151
302 5
482 387
336 43
342 65
340 51
441 202
424 165
430 187
315 16
397 114
396 113
480 333
301 4
376 85
484 473
474 447
290 7
324 27
350 71
489 314
447 226
396 127
474 295
463 262
483 384
282 9
313 14
373 84
338 59
490 351
457 256
476 293
398 137
439 214
484 383
464 245
392 133
289 8
474 423
484 501
482 453
475 294
429 186
342 53
479 450
426 181
465 264
477 450
390 117
483 386
398 123
473 434
484 455
352 73
375 84
461 236
491 350
374 85
483 502
382 93
399 116
459 248
321 24
490 377
347 72
487 340
419 158
473 296
426 185
481 334
379 100
466 271
468 283
394 135
438 215
440 201
398 125
293 4
337 44
452 227
394 127
490 315
343 56
351 72
361 72
427 184
475 446
391 132
358 69
353 74
490 317
472 435
338 49
473 424
466 265
343 54
469 280
463 264
316 17
468 279
278 3
436 197
426 161
433 194
420 157
312 15
372 81
476 291
493 346
489 488
491 376
488 487
425 160
485 382
473 432
488 379
441 204
420 159
377 86
288 11
369 78
483 455
467 267
472 434
425 161
339 51
441 203
480 334
464 254
369 79
391 115
335 51
473 295
278 4
382 94
398 116
316 18
463 443
342 66
464 264
334 48
348 72
329 31
347 71
313 15
474 302
483 385
461 237
324 26
463 255
438 200
464 246
490 342
466 270
489 315
474 290
492 346
381 93
394 126
465 265
290 8
473 423
487 487
395 113
416 154
468 280
426 184
424 160
338 58
475 291
427 163
428 186
341 53
430 188
326 28
395 127
370 80
490 318
485 381
330 32
293 5
373 83
297 3
484 456
483 501
321 23
459 247
379 99
473 433
395 135
482 384
340 52
301 5
280 6
469 435
372 82
484 500
485 493
481 387
482 454
397 115
426 164
478 450
425 165
456 260
338 50
473 297
341 57
391 133
475 293
464 250
419 157
434 198
491 349
345 73
360 72
282 8
314 16
350 72
320 22
490 376
426 162
477 451
440 202
343 55
376 86
467 269
489 377
337 51
421 159
405 151
437 215
474 446
490 350
426 182
467 279
342 54
474 444
486 474
397 137
462 262
371 81
472 424
435 197
331 33
467 283
438 214
433 195
429 187
346 70
448 228
331 51
415 153
471 421
294 4
381 97
289 9
434 196
342 56
413 151
357 69
288 10
418 158
373 85
391 117
483 383
407 149
351 73
462 238
399 117
281 9
368 78
488 314
489 489
408 148
447 227
468 282
299 3
474 294
487 341
484 472
460 248
323 27
352 74
462 264
459 257
318 22
423 181
425 181
488 378
397 123
427 183
355 71
424 180
457 255
375 85
398 124
489 317
392 136
394 112
336 44
452 228
371 82
489 318
492 347
299 4
473 294
429 188
335 46
348 73
425 162
491 348
474 291
426 187
464 265
487 342
447 228
395 136
464 249
382 95
458 255
395 114
418 157
467 280
344 73
370 81
451 228
472 297
433 196
357 70
346 71
394 113
372 85
396 137
392 117
391 134
356 71
486 475
350 73
293 6
483 500
329 32
430 195
320 23
334 47
300 5
340 53
461 238
474 301
488 489
438 201
397 124
412 151
343 68
375 86
341 54
411 152
425 164
408 149
484 381
473 302
381 94
434 197
471 422
425 182
342 67
439 202
278 5
472 423
396 115
281 8
463 254
478 451
472 433
488 315
423 160
319 22
301 6
330 33
460 247
483 382
421 160
482 501
381 96
428 187
467 282
484 499
351 74
407 150
456 261
390 133
338 51
482 383
391 136
486 487
464 443
330 51
473 298
422 159
379 98
339 58
414 153
483 472
416 155
396 125
380 97
406 151
392 135
487 488
297 4
466 269
280 7
359 72
290 9
426 183
326 29
423 182
279 6
466 279
340 57
468 281
426 163
313 16
466 283
440 203
470 421
433 198
331 50
317 22
369 80
474 445
485 492
439 204
437 214
372 83
298 3
488 341
431 194
487 378
488 377
482 455
345 70
358 71
368 79
473 444
316 19
345 72
335 44
483 456
341 56
463 444
335 52
294 5
481 386
331 34
490 375
332 51
469 434
337 52
398 117
488 317
482 385
331 52
462 263
323 26
397 116
490 349
479 334
461 262
342 55
395 126
392 115
463 246
475 292
280 9
462 239
295 4
467 268
462 247
289 10
490 343
328 31
459 256
424 181
474 300
408 150
464 444
466 268
471 433
341 55
471 423
278 6
371 83
430 196
463 253
431 195
487 317
489 375
483 381
322 26
394 114
478 334
461 239
488 318
368 80
415 155
345 71
487 489
294 6
376 88
330 34
489 343
380 96
465 269
375 87
379 97
279 9
486 476
465 283
340 56
469 423
483 499
392 116
462 254
487 315
351 75
416 156
484 492
424 182
487 377
459 255
450 228
449 229
411 153
481 383
473 301
381 95
433 197
447 229
429 195
430 194
298 4
319 23
335 53
395 115
334 46
424 162
479 453
395 137
438 202
338 52
369 81
460 246
436 206
425 183
337 53
463 445
459 261
343 69
396 116
464 266
423 183
295 5
438 204
467 281
482 456
414 154
299 5
473 293
291 9
472 298
478 452
451 229
397 117
349 73
472 444
395 125
422 160
486 314
425 163
477 363
457 261
461 247
490 348
330 50
448 230
316 20
280 8
339 57
380 94
344 72
371 85
461 255
300 6
342 78
390 134
470 422
478 464
465 267
437 201
460 262
473 445
339 53
436 214
489 349
406 152
342 68
357 71
491 347
474 292
486 378
409 151
470 434
461 263
290 10
412 152
331 35
476 362
391 135
462 246
316 22
465 279
358 72
313 17
428 188
485 487
332 52
482 458
482 472
479 503
488 342
427 187
396 138
328 32
314 18
481 501
417 157
456 262
446 228
486 488
462 248
335 45
396 124
487 343
326 30
301 7
463 249
481 385
393 115
427 197
490 344
277 5
483 457
458 254
425 187
439 203
458 253
461 240
430 193
342 69
357 72
342 79
435 214
343 78
295 6
474 359
450 229
429 196
446 229
435 208
299 6
338 53
409 152
416 161
428 189
479 454
480 463
340 55
432 197
464 445
476 391
480 385
429 194
416 157
407 152
378 93
481 382
489 348
473 292
333 52
380 95
470 433
315 22
483 498
358 73
434 211
329 50
408 151
485 488
490 345
339 56
487 318
348 75
483 380
328 33
319 24
459 262
482 457
469 424
436 205
478 503
326 31
313 18
330 49
486 489
425 186
434 209
315 20
460 263
320 25
390 135
477 464
334 45
330 35
424 183
470 431
462 249
468 429
464 269
298 5
277 6
376 89
422 161
296 5
465 280
475 464
370 83
291 10
434 213
484 491
394 115
477 362
427 188
481 458
476 361
482 381
466 281
464 283
324 31
414 155
461 246
473 300
470 423
486 377
424 163
489 374
478 387
462 245
351 76
472 299
429 192
424 187
461 254
430 197
469 430
427 196
321 26
462 243
438 203
465 268
478 453
389 134
379 96
478 463
488 375
396 117
395 124
472 293
481 500
428 195
394 123
316 21
485 314
371 84
472 445
486 315
423 162
482 473
339 54
343 70
460 255
327 32
343 72
342 77
448 231
431 196
485 490
413 154
332 39
456 263
486 317
412 153
478 363
344 71
374 89
415 156
333 46
457 262
279 8
477 334
475 506
490 347
489 344
436 207
464 267
396 139
426 197
449 230
341 68
316 23
463 252
410 153
375 88
477 390
488 343
301 8
393 116
395 138
437 202
481 474
479 386
483 492
350 75
487 316
471 410
458 261
486 477
314 19
471 432
368 81
334 53
479 502
349 74
436 202
471 409
462 266
446 230
333 45
475 505
478 386
468 430
332 46
342 80
434 206
461 265
325 31
326 32
333 53
357 73
377 93
413 155
409 153
458 262
319 25
349 75
484 490
485 317
481 381
339 55
407 153
376 90
469 431
315 21
464 282
324 30
428 194
461 253
463 287
472 292
368 82
329 49
461 243
396 142
470 444
460 240
480 362
313 19
428 192
343 79
476 388
320 26
460 254
378 96
278 8
459 253
327 33
486 320
429 197
415 161
427 189
341 69
334 54
379 95
447 231
435 207
474 502
428 190
389 135
474 506
480 458
395 117
487 375
374 90
483 379
471 445
481 457
478 454
350 76
462 244
482 380
464 280
486 316
472 300
464 268
475 335
396 118
423 163
479 463
477 361
432 214
464 270
434 210
315 23
434 212
396 140
481 475
475 393
293 11
461 245
276 6
456 238
464 446
463 267
431 215
485 315
488 344
427 195
477 503
298 6
431 197
488 374
408 152
459 263
465 281
483 493
295 7
375 89
378 94
476 464
435 215
395 123
338 54
425 197
488 348
485 489
482 474
415 157
416 158
484 476
471 301
479 363
476 390
489 347
424 186
476 392
330 36
469 429
300 8
474 358
370 84
475 359
333 55
480 462
394 122
479 385
296 6
395 139
397 141
314 20
412 154
414 156
484 488
342 76
486 318
478 502
481 499
485 477
434 208
483 497
436 204
462 250
437 203
486 376
424 184
332 38
317 25
347 75
422 162
482 498
343 71
471 299
429 193
476 334
476 360
394 116
489 345
477 389
483 491
434 214
331 37
292 10
291 11
461 249
477 387
450 230
331 39
416 160
475 463
470 424
435 201
314 22
470 432
470 410
462 252
457 263
446 231
480 379
396 141
463 268
481 492
479 462
331 38
327 34
395 122
475 358
473 502
329 48
468 433
343 80
434 201
457 238
471 446
455 238
480 363
347 76
395 118
427 192
395 140
480 461
314 21
388 135
484 489
436 203
333 44
475 504
474 505
276 7
375 90
424 185
422 163
432 215
486 319
430 215
484 317
481 380
412 155
468 431
479 384
477 360
475 388
456 239
479 458
426 195
408 153
431 198
426 189
432 209
470 425
473 506
342 71
453 254
475 336
312 19
489 346
470 445
450 231
461 250
471 292
477 502
464 281
432 213
396 143
389 136
463 286
474 503
460 265
429 198
316 25
474 335
460 253
368 83
483 476
475 392
391 138
469 444
477 386
394 117
428 193
461 266
447 232
297 6
342 81
483 494
478 361
482 379
299 8
461 252
319 26
394 139
481 498
476 463
277 8
409 154
427 190
488 347
357 74
478 385
470 409
330 37
458 263
397 142
464 271
377 92
476 359
427 194
425 196
462 287
478 455
323 30
292 11
433 212
460 241
482 491
485 318
485 320
433 210
414 157
463 306
465 446
296 7
473 498
484 477
485 316
471 408
415 160
434 205
487 374
369 84
480 457
476 393
332 45
334 55
329 36
482 497
396 119
341 76
482 493
476 389
470 301
318 25
480 381
333 54
486 375
377 94
476 335
480 361
349 76
434 215
367 82
488 345
475 502
431 214
415 158
341 70
413 156
482 495
435 204
479 456
485 376
331 40
469 432
325 32
469 428
434 207
338 55
482 475
322 29
435 202
462 283
314 23
291 12
344 79
461 244
484 315
471 300
479 362
293 12
477 454
462 267
378 95
433 207
458 264
390 138
335 55
481 495
474 336
467 303
484 316
344 80
358 76
478 384
322 30
431 209
369 85
315 25
377 95
483 315
466 304
376 92
370 86
297 7
479 381
431 213
479 457
408 154
461 267
349 77
484 318
332 44
292 12
363 81
385 139
329 47
477 359
412 156
477 383
362 82
481 497
480 364
476 336
482 494
389 137
461 287
462 306
275 7
421 163
482 476
312 20
487 373
435 203
330 46
465 433
356 74
423 185
429 199
367 83
434 202
476 502
481 363
470 408
394 118
477 501
473 503
484 320
398 144
473 499
481 491
468 302
391 139
341 75
432 212
326 34
474 498
475 357
467 433
474 500
337 69
476 394
331 41
470 300
450 232
430 214
395 121
469 427
395 141
395 119
472 506
431 199
461 251
454 238
463 281
485 319
470 426
388 136
329 37
476 462
479 459
481 379
483 489
461 283
473 505
470 292
482 496
313 23
479 379
481 493
457 239
340 70
460 252
480 492
375 91
415 159
468 446
462 286
487 347
289 19
453 253
433 215
476 358
462 284
321 29
371 87
478 456
488 346
477 455
456 240
482 378
463 271
446 232
432 208
426 190
462 282
341 71
433 205
442 230
332 54
433 201
478 360
479 461
342 82
444 230
319 27
411 155
468 432
325 33
477 385
463 305
394 140
318 26
483 477
473 391
427 193
482 490
420 162
479 361
413 157
469 445
483 377
464 272
346 78
339 69
460 266
475 337
474 504
331 45
460 250
474 392
347 77
394 142
316 26
276 8
357 75
313 21
480 460
291 13
460 244
485 375
469 409
454 254
478 458
327 35
397 143
274 6
330 38
314 24
470 446
299 9
337 55
459 241
475 389
462 268
425 195
465 305
414 160
432 210
465 447
336 55
330 45
465 304
479 360
430 199
389 138
340 71
471 406
385 140
450 233
340 75
371 88
471 306
481 378
460 251
482 489
326 39
459 288
476 337
363 82
411 156
442 231
431 210
467 446
476 357
484 375
299 10
331 42
313 24
474 403
467 302
413 160
477 462
338 69
346 79
468 409
345 80
444 231
356 75
483 376
348 77
472 505
362 83
477 500
414 159
275 8
487 372
289 18
480 491
408 155
460 273
394 141
460 267
462 285
426 191
321 30
346 81
432 201
327 38
482 315
366 85
433 216
481 496
370 87
457 240
339 70
357 76
331 54
482 477
449 232
432 211
424 195
465 306
325 34
393 140
331 44
483 316
329 46
337 70
480 359
468 301
466 433
272 7
385 142
318 27
393 142
461 286
375 92
463 304
433 204
478 461
453 238
431 212
476 383
413 158
472 391
361 82
423 194
481 364
469 408
335 56
432 207
477 358
459 266
473 504
461 304
454 253
461 268
466 303
358 77
482 377
478 359
474 499
290 19
347 78
319 28
460 283
464 305
478 457
395 120
316 27
398 145
481 494
434 203
479 460
473 392
451 234
459 276
362 81
480 479
483 364
386 139
460 287
477 384
422 185
419 162
469 446
289 16
426 193
397 144
474 337
420 163
458 241
461 282
476 501
487 370
315 26
443 230
388 137
467 432
470 447
366 83
459 244
292 13
480 493
470 293
462 269
479 380
477 456
462 281
327 36
274 7
487 346
297 8
394 119
476 395
484 319
291 14
369 86
322 31
477 336
463 272
462 305
475 500
445 232
465 432
461 274
312 21
478 381
469 300
454 237
466 447
458 265
376 95
329 38
273 6
474 389
368 85
355 76
469 426
481 490
453 252
392 139
430 213
343 82
326 38
340 72
470 448
464 304
289 17
444 232
311 21
480 358
363 83
362 84
365 83
483 375
483 487
450 234
460 274
431 201
467 299
433 217
360 82
472 504
394 120
369 87
473 389
477 337
465 307
462 272
397 145
482 376
459 275
358 78
271 7
458 244
449 233
457 265
423 195
453 237
431 207
348 78
458 266
291 19
298 10
326 36
356 76
468 426
461 303
432 204
357 77
433 203
478 380
443 231
272 6
425 191
471 307
318 28
331 43
376 96
461 269
425 193
460 286
290 16
367 85
454 252
458 276
297 9
366 86
459 267
466 432
473 393
290 18
483 365
313 25
476 384
330 44
393 141
321 31
361 81
274 8
458 288
455 303
479 377
481 315
431 211
480 490
366 84
482 488
451 235
476 500
388 138
467 409
336 56
411 157
481 377
273 17
486 370
482 318
474 402
347 81
330 42
483 319
360 80
474 338
470 294
385 141
476 396
453 251
371 89
486 346
471 505
459 287
482 364
315 27
482 478
343 83
355 77
465 303
461 273
422 186
478 460
470 406
445 233
476 338
325 35
386 140
468 300
412 158
477 457
386 142
316 28
338 70
470 306
479 479
408 156
430 212
480 478
441 231
459 251
328 38
462 280
477 357
430 210
418 184
398 146
340 74
481 479
479 497
424 194
458 242
291 15
466 408
375 93
479 359
477 461
475 383
477 499
459 243
480 494
327 39
469 447
330 54
419 163
477 381
346 80
473 403
460 282
482 316
487 371
461 285
322 32
483 479
430 200
292 14
471 391
389 139
480 496
467 447
329 45
475 499
317 27
481 489
457 241
392 140
469 407
471 405
413 159
467 301
462 304
411 158
426 217
478 377
330 43
470 405
322 33
482 479
458 267
309 20
476 457
482 365
466 407
460 281
326 37
325 36
464 303
483 374
291 16
338 71
478 357
388 139
339 74
362 85
469 294
425 218
477 356
421 186
329 54
472 403
308 19
471 404
474 339
448 233
310 21
454 251
475 396
292 15
461 280
458 243
461 270
471 308
424 219
432 203
443 232
291 18
320 31
317 28
375 94
471 392
480 489
471 504
486 371
456 303
422 195
479 496
481 316
396 145
397 146
359 80
467 426
476 397
467 448
459 286
466 301
483 486
367 86
477 338
473 400
452 237
355 78
360 81
371 90
428 213
387 140
431 206
478 497
422 187
296 11
312 25
418 185
479 376
273 16
467 300
485 346
393 120
462 303
459 274
481 376
431 204
272 17
474 383
470 449
460 285
376 97
483 480
482 319
457 266
430 211
457 242
441 232
297 10
419 184
325 38
273 8
455 252
412 159
472 307
424 191
449 234
477 460
479 358
370 89
471 390
274 9
470 295
476 499
466 307
290 17
481 480
364 83
329 44
431 202
344 83
433 218
477 380
472 393
430 205
348 79
418 163
466 299
458 275
458 251
430 201
328 39
386 141
339 72
473 402
483 368
347 80
458 287
470 307
363 84
475 384
479 494
408 157
445 234
311 24
481 318
315 28
318 29
366 87
473 394
356 77
475 386
271 6
482 375
357 78
467 408
469 406
432 217
461 272
298 11
365 84
459 268
336 57
348 81
469 448
465 302
455 302
479 478
424 193
451 236
392 141
369 88
474 387
482 487
472 389
466 431
482 317
293 14
482 366
480 318
428 212
476 460
293 15
388 140
465 301
359 81
471 389
477 497
472 394
319 31
449 235
481 317
473 383
423 219
422 196
472 402
457 243
429 205
424 192
357 79
421 187
355 79
329 53
458 268
423 191
338 72
459 285
419 185
480 376
455 251
484 372
469 295
418 186
462 424
374 94
471 393
458 274
362 86
469 307
345 89
364 84
297 11
426 218
484 368
310 26
311 25
317 29
466 300
483 481
482 320
478 494
339 73
468 448
272 16
476 498
273 9
370 94
474 386
467 407
291 17
480 316
465 299
427 213
430 202
479 375
424 216
292 16
336 58
477 379
396 146
329 43
421 195
396 148
387 141
451 237
482 480
459 281
476 458
471 309
395 145
367 87
478 356
456 302
369 89
461 271
310 24
391 141
430 204
427 217
479 495
418 164
473 401
424 218
475 397
479 477
466 430
470 308
366 88
457 251
478 338
467 449
307 19
432 218
472 400
392 120
481 481
482 486
356 78
465 407
470 504
471 403
328 44
456 266
348 80
467 425
368 88
458 286
448 234
458 250
429 211
271 17
309 21
296 12
474 340
485 347
460 270
375 97
470 296
456 242
461 279
466 308
485 371
468 406
308 20
483 367
482 374
344 84
376 98
472 308
475 385
292 18
476 380
443 233
271 5
475 339
371 93
479 357
349 79
471 503
430 206
328 40
425 215
472 388
397 147
315 29
310 22
324 36
466 406
441 233
370 90
457 303
464 406
473 309
473 387
460 280
470 404
483 485
408 158
450 236
480 488
478 378
457 267
321 33
464 302
470 450
338 74
325 37
420 186
469 449
481 319
411 159
444 234
462 302
431 203
298 13
396 149
396 147
428 205
457 250
420 187
320 33
469 450
426 219
370 93
477 378
422 219
472 401
395 146
461 300
429 206
430 203
317 30
324 37
364 85
456 243
459 280
319 32
470 451
375 98
481 374
478 339
469 308
423 190
474 385
473 384
463 302
271 2
410 159
482 485
419 186
307 20
395 148
482 481
470 503
423 216
457 302
476 497
337 74
462 301
391 142
373 94
465 424
471 402
465 300
369 90
462 425
477 496
472 309
471 502
481 486
482 367
328 43
441 234
480 471
479 488
328 53
470 389
450 237
323 36
465 406
463 424
479 356
460 271
394 145
357 80
358 81
481 366
478 495
421 196
443 234
451 238
469 296
294 15
457 274
425 214
455 250
292 17
270 17
318 31
428 211
423 220
480 319
467 308
368 89
327 44
458 285
440 233
466 405
474 397
442 233
479 476
417 164
409 158
309 26
475 398
271 4
297 12
464 431
424 215
273 10
484 371
344 85
335 58
465 430
481 468
427 212
457 268
329 52
460 279
471 394
480 317
466 429
471 388
308 21
480 487
367 88
314 29
309 22
338 73
391 120
466 425
424 217
472 387
345 88
349 80
476 379
346 89
478 355
479 318
328 41
374 97
476 311
373 106
484 369
448 235
456 267
484 347
470 403
456 251
464 405
449 236
272 15
388 141
427 218
293 16
432 219
390 141
473 386
363 86
467 406
475 340
356 79
306 19
459 272
473 310
423 192
468 449
371 94
480 375
469 404
310 25
481 320
483 372
476 459
457 249
477 495
478 476
482 482
481 485
442 234
309 25
272 10
476 312
473 397
270 2
395 147
464 424
479 355
317 31
458 302
308 22
476 340
467 405
389 141
447 235
422 218
373 105
483 371
476 496
471 395
469 309
478 340
468 450
376 102
455 243
473 385
456 274
481 373
475 311
463 425
431 219
294 18
422 220
372 106
456 250
306 20
484 348
465 311
456 244
455 267
418 188
319 33
462 300
428 204
480 374
476 488
309 27
463 301
420 196
423 221
422 190
480 324
467 297
327 53
294 16
458 272
476 378
416 164
464 300
423 215
455 249
328 52
420 188
345 87
475 379
448 236
470 394
479 317
450 238
364 86
481 469
371 95
480 356
429 203
471 387
316 30
358 82
307 21
472 310
327 41
465 405
457 269
409 159
465 425
296 14
271 9
313 29
472 386
481 467
456 268
374 98
479 373
356 80
271 15
461 299
449 237
463 431
390 120
481 323
423 217
440 234
457 301
422 192
369 93
323 37
458 284
474 398
457 273
480 486
439 233
479 487
481 367
346 88
335 59
470 388
394 146
395 149
427 219
470 502
298 14
350 80
469 451
337 73
300 16
424 214
357 81
293 17
328 42
459 279
410 160
464 430
480 320
327 45
295 15
480 472
470 452
468 296
479 471
369 91
419 187
297 13
420 214
367 89
391 143
464 404
427 211
271 3
484 370
469 389
471 401
465 429
473 311
475 459
318 32
459 271
428 206
270 16
468 308
469 403
344 86
372 94
473 398
473 312
298 15
406 157
457 272
477 340
465 428
464 425
460 299
375 100
367 90
464 403
309 28
449 238
480 323
475 312
480 367
469 310
447 268
420 189
393 146
472 397
455 268
327 42
463 430
346 87
457 284
481 372
449 242
481 322
457 270
476 495
323 38
325 46
484 349
326 45
270 9
467 310
295 18
433 222
481 368
422 221
454 267
316 31
468 451
465 404
423 214
372 105
270 15
327 52
480 485
415 164
296 15
476 487
294 17
479 324
468 309
431 220
469 388
420 215
419 188
367 112
470 401
483 348
421 192
482 483
464 429
442 235
470 453
269 2
368 111
483 370
480 373
466 311
458 271
474 379
300 17
477 476
470 501
441 236
457 422
467 404
295 16
382 145
475 378
480 355
382 147
455 244
271 10
357 82
421 220
371 106
427 206
447 236
469 402
345 86
446 235
366 113
346 85
463 300
478 487
368 91
336 73
350 81
385 114
394 147
376 101
479 472
456 275
467 296
480 467
421 214
374 99
427 204
481 484
420 219
476 313
472 385
301 18
364 87
479 372
479 320
389 142
479 470
421 190
480 469
375 102
471 386
318 33
421 218
313 30
479 486
439 234
305 20
418 189
426 205
422 215
477 488
478 317
308 25
356 81
457 300
468 403
420 197
482 355
474 459
373 98
472 311
458 283
455 286
372 95
428 203
470 395
299 16
427 210
428 219
324 39
373 104
409 160
419 220
471 396
450 241
465 312
394 149
422 217
459 278
369 92
270 3
458 301
297 14
334 59
307 22
390 121
470 387
466 297
391 144
456 249
426 211
390 143
462 299
272 13
458 278
471 397
316 32
318 34
298 16
481 483
420 220
463 299
454 244
465 403
372 104
420 216
367 91
297 15
350 82
479 323
480 484
469 501
382 146
440 236
455 245
324 40
469 395
296 16
393 147
269 3
456 272
422 214
462 430
426 210
420 218
454 268
431 221
456 276
325 47
480 368
388 120
441 237
272 12
347 85
333 73
447 237
425 205
471 385
366 112
457 299
467 451
466 296
372 98
478 472
427 209
372 96
323 41
408 160
382 112
471 311
366 90
270 8
418 220
313 31
469 387
465 297
470 400
364 88
439 235
446 236
306 24
458 300
346 86
472 378
405 157
477 341
455 269
326 52
447 267
479 321
368 92
419 189
325 45
474 378
414 164
478 486
371 105
477 475
479 485
304 20
482 370
307 25
393 149
315 31
326 42
433 223
406 158
383 147
448 238
480 322
421 191
479 467
463 429
295 17
367 111
469 401
476 494
483 349
374 100
415 165
448 242
455 285
464 298
457 423
306 22
301 19
474 312
469 453
271 13
421 221
308 28
479 367
421 217
468 310
458 422
482 354
459 299
383 145
428 202
481 355
472 398
323 39
418 190
269 15
457 271
368 110
476 314
477 487
476 318
442 236
427 203
479 469
389 143
427 207
425 211
365 113
389 121
484 350
466 312
375 101
384 114
450 242
478 316
390 144
302 18
467 311
356 82
457 283
392 146
454 286
468 452
457 277
430 220
270 14
432 222
464 426
467 403
271 11
465 427
426 206
456 248
385 115
299 17
448 268
480 372
468 402
449 241
333 59
420 198
473 459
335 73
305 23
373 99
428 220
355 81
420 217
471 378
471 312
468 387
459 422
297 16
417 222
325 52
467 452
271 12
472 459
428 221
368 109
464 427
300 19
443 236
382 113
472 379
407 160
462 429
456 247
372 103
406 159
351 82
367 110
367 108
465 296
408 161
478 473
455 270
381 112
479 344
321 48
268 15
326 43
323 40
383 116
305 22
315 32
384 145
419 216
304 23
469 500
466 295
316 33
392 149
477 474
448 269
481 370
388 121
367 92
457 278
467 312
420 221
308 29
438 235
456 277
473 458
479 468
421 198
466 313
470 385
309 30
458 299
464 297
418 221
463 298
391 146
388 119
477 342
317 34
269 14
447 238
423 212
466 403
427 202
448 241
479 322
348 85
366 91
475 314
476 319
302 19
304 21
347 86
296 17
384 115
268 3
422 213
372 99
432 223
481 354
476 493
449 240
405 158
480 371
307 26
270 13
322 39
415 166
471 384
387 120
431 222
365 112
426 209
312 31
429 220
447 266
299 18
458 423
370 105
425 210
305 24
355 82
418 219
372 97
479 484
457 298
424 205
454 245
483 350
468 453
482 353
425 206
363 88
446 237
455 246
383 114
333 72
332 59
478 485
420 199
463 428
427 208
311 30
476 317
366 111
306 25
325 44
456 271
389 144
426 207
383 146
314 31
471 398
456 283
419 190
393 148
426 203
334 73
325 48
445 236
303 24
454 285
424 211
450 243
322 47
470 397
474 377
269 8
455 284
371 104
477 486
439 236
479 368
452 243
324 41
413 164
468 311
442 237
364 89
474 313
453 244
433 224
470 399
374 101
469 396
454 269
477 316
480 483
455 276
414 165
468 401
460 423
420 191
326 51
461 430
422 212
463 427
387 119
365 111
465 453
477 343
449 269
445 237
477 473
430 222
324 42
306 28
471 459
322 40
482 350
307 27
304 22
355 83
474 314
477 485
432 224
423 205
480 482
404 158
331 59
447 239
299 19
330 58
470 384
443 237
449 267
435 227
311 31
348 86
428 222
385 145
423 199
469 397
367 109
460 424
303 23
351 83
365 91
297 17
367 107
393 157
420 222
414 166
472 376
371 97
425 209
405 159
335 63
454 284
382 116
316 34
478 344
448 240
480 370
472 380
315 33
455 283
380 112
321 49
418 218
454 270
387 121
468 312
472 458
302 24
451 267
463 455
406 160
469 499
457 297
370 104
367 93
452 244
312 32
473 377
470 460
451 243
413 165
455 271
479 345
389 125
325 51
270 12
394 156
373 101
267 5
392 148
471 377
395 155
310 30
321 39
388 122
384 116
477 319
396 154
429 221
426 202
306 26
448 266
465 295
478 468
436 230
322 46
481 353
390 146
455 277
478 322
458 298
466 314
454 246
323 45
470 398
324 48
456 278
455 247
468 396
466 402
371 103
478 484
386 120
391 147
463 297
326 50
471 495
462 428
336 66
444 236
476 492
467 387
323 47
418 222
472 460
372 100
324 44
464 454
307 29
349 85
298 18
421 199
366 110
471 313
382 114
476 316
464 296
471 457
386 144
305 25
423 211
314 32
268 14
467 313
470 312
461 429
363 89
424 206
267 15
438 236
389 145
422 198
419 191
334 72
407 161
431 223
325 43
309 31
479 369
467 401
459 423
419 217
322 48
467 453
384 146
302 20
468 400
267 3
457 279
417 223
412 164
269 7
426 208
475 315
308 30
325 50
360 87
406 161
314 33
465 454
367 94
369 104
467 314
348 87
381 114
469 384
477 484
416 217
304 25
470 497
335 64
454 283
391 126
460 429
458 297
323 48
450 267
269 10
444 237
395 154
305 26
394 155
464 455
371 100
429 222
315 34
468 385
424 207
418 217
266 5
351 84
388 125
435 228
367 106
468 313
432 227
330 59
476 491
451 266
462 297
470 461
310 31
391 148
470 313
390 147
336 67
468 397
396 153
365 92
363 90
323 44
470 495
479 370
471 496
387 144
463 454
372 101
420 223
471 380
476 343
297 18
319 38
324 43
306 27
438 237
395 152
307 30
417 218
474 315
451 244
481 350
467 386
466 453
437 236
302 23
424 209
462 427
422 199
478 345
366 93
467 400
432 225
368 95
425 202
385 146
309 32
303 22
475 316
302 21
425 208
412 165
435 230
324 49
322 45
480 347
321 40
269 12
476 473
418 199
389 146
461 426
454 271
434 237
382 115
322 49
477 320
365 110
267 14
423 200
471 458
423 206
371 102
470 459
390 125
456 279
267 4
419 192
403 158
386 145
481 352
477 468
461 428
306 29
405 160
334 63
268 7
469 312
331 60
380 113
336 65
473 376
298 19
477 344
370 97
480 353
431 224
311 32
368 105
460 425
267 6
423 210
364 91
355 84
470 457
468 455
417 224
436 229
335 66
469 398
459 424
422 211
421 200
386 121
413 166
386 119
268 13
464 295
449 266
349 86
392 157
454 247
471 460
471 376
447 240
329 58
418 223
466 401
434 227
479 482
453 284
384 117
321 46
443 238
450 269
366 109
393 156
477 322
455 278
387 122
469 498
334 71
299 20
433 226
407 166
469 457
385 121
470 314
302 22
390 148
459 297
365 93
473 375
476 472
381 115
454 278
408 166
424 208
297 21
434 238
474 316
335 65
437 237
472 358
310 32
420 224
480 350
367 95
393 155
417 217
360 88
435 229
368 104
454 272
350 86
306 30
385 119
388 124
430 224
421 201
424 202
450 270
470 380
388 146
380 114
418 224
323 49
266 4
369 99
386 146
468 314
407 163
351 85
477 321
359 87
475 473
454 282
393 151
428 224
450 266
363 91
461 427
389 147
313 33
435 237
466 400
307 31
384 118
467 385
412 166
453 247
370 98
268 12
479 353
476 344
330 60
480 348
320 40
416 216
334 66
468 498
414 216
268 10
463 295
317 37
267 7
324 50
477 469
391 157
305 27
432 226
355 85
390 126
418 200
438 238
371 101
476 490
446 240
367 105
405 161
477 483
423 207
336 68
333 63
312 34
475 343
471 375
469 497
467 315
335 69
478 482
473 315
406 162
404 160
315 35
407 165
298 20
468 398
415 217
453 283
455 279
334 64
481 351
460 428
319 39
466 454
386 122
368 96
349 87
269 11
478 346
469 313
304 26
370 102
267 13
434 230
465 455
444 238
433 227
423 209
321 45
473 357
477 471
329 59
476 322
318 38
468 456
470 352
370 100
460 426
422 210
358 86
384 120
459 425
402 158
297 19
316 36
391 127
417 199
321 41
470 496
348 88
395 153
419 193
362 90
334 70
394 152
451 269
387 145
462 296
478 370
429 223
369 103
323 43
471 461
423 201
470 458
365 109
475 491
477 345
311 33
352 84
451 245
467 455
443 239
422 200
479 347
431 225
314 34
462 454
468 384
458 296
348 89
478 353
468 315
369 102
415 216
306 31
474 343
450 265
479 350
386 147
418 225
407 164
420 225
470 353
423 202
390 149
430 225
462 453
333 64
423 208
422 209
383 120
459 428
266 7
471 462
388 147
467 398
369 98
406 165
268 11
435 238
472 357
460 427
363 92
384 119
297 20
365 94
359 88
368 97
459 426
470 381
469 496
266 13
315 36
452 263
472 355
351 86
296 19
444 239
475 490
475 372
333 66
421 210
469 314
365 108
390 127
466 399
322 43
357 86
475 322
414 215
471 374
391 156
404 161
479 348
364 93
422 201
479 352
451 246
386 123
360 89
301 22
411 166
467 456
305 30
298 21
267 8
475 472
453 272
471 358
419 200
455 280
393 154
334 69
392 155
416 199
417 216
462 295
454 279
473 356
438 239
459 296
473 374
477 470
321 44
434 229
467 384
380 115
475 344
317 38
309 34
330 63
352 85
458 295
334 65
387 124
419 224
367 104
263 0
451 270
385 122
474 373
431 226
454 281
312 35
370 101
469 458
362 91
368 103
334 67
477 370
313 34
480 351
418 193
387 146
471 354
452 247
478 347
329 60
393 152
349 88
320 41
466 455
452 283
384 121
477 482
401 158
428 225
474 491
406 163
335 68
389 148
434 239
468 497
356 85
304 27
433 238
476 321
357 88
474 317
429 224
418 201
473 316
419 194
368 99
477 346
265 4
394 153
437 238
419 210
310 33
323 50
445 240
433 228
378 115
316 37
409 166
318 39
367 96
452 271
476 471
392 151
358 87
471 352
474 344
360 90
391 155
380 116
303 27
473 465
415 199
472 354
315 37
331 63
476 370
304 30
309 35
466 398
419 225
296 20
368 102
438 240
475 371
368 100
333 67
437 239
366 96
473 491
359 89
352 86
390 150
364 94
311 35
329 61
472 356
469 493
471 357
474 472
475 345
468 496
462 294
476 470
477 353
417 215
386 124
320 42
313 35
473 355
402 160
383 119
350 88
477 481
423 203
439 239
469 381
452 274
469 315
362 92
368 98
468 380
416 198
452 262
421 209
351 87
317 39
468 316
415 215
265 3
333 65
379 115
471 353
452 282
404 162
473 317
468 458
419 209
318 40
444 240
406 164
304 28
385 123
329 89
451 271
357 87
478 348
323 51
389 127
378 116
458 426
365 95
453 273
365 107
476 346
405 163
461 453
459 295
266 12
386 132
465 385
367 99
473 373
458 450
450 246
330 62
410 166
383 121
430 226
475 355
454 280
422 208
476 482
262 0
474 490
474 356
363 93
348 90
435 239
452 248
392 152
459 427
472 374
334 68
429 225
433 229
475 471
310 34
479 351
419 201
356 86
382 120
391 151
418 194
436 238
321 43
366 104
267 11
475 321
357 89
332 64
266 8
474 372
393 153
466 456
467 383
465 399
389 149
462 452
403 161
367 103
420 210
387 147
298 22
390 128
417 193
452 272
387 131
471 463
450 264
263 1
432 238
386 148
451 263
422 202
306 32
401 159
369 101
300 22
451 272
477 348
365 104
388 149
429 226
405 164
466 457
387 130
458 427
475 482
472 353
472 317
386 125
446 243
474 481
432 229
415 214
461 452
365 96
472 373
389 128
458 451
367 98
364 107
475 320
471 464
466 383
302 27
303 30
360 91
317 40
348 91
476 481
262 1
399 160
313 36
460 451
477 350
349 92
470 463
452 281
459 450
352 87
329 88
451 274
367 102
382 119
471 356
420 209
414 213
402 161
419 202
467 496
266 11
298 23
261 0
431 228
445 242
266 9
322 51
329 62
410 167
476 369
417 214
450 247
390 151
264 3
415 198
468 381
303 28
475 354
332 65
356 87
333 68
474 471
430 227
472 465
422 203
464 399
459 294
466 397
387 148
265 12
315 38
474 371
464 385
304 29
362 93
383 122
401 160
367 100
470 357
421 208
439 240
364 95
437 240
361 92
475 470
320 43
331 64
350 89
452 261
391 154
432 237
295 20
451 262
467 380
392 153
316 39
304 31
476 353
462 293
475 346
389 150
451 282
478 351
404 163
474 345
332 67
388 129
419 226
467 458
263 4
451 248
461 294
386 131
473 318
465 384
391 152
473 372
305 32
386 149
354 87
453 280
468 493
450 263
300 23
385 124
310 35
330 89
469 492
470 493
379 116
368 101
436 239
444 241
452 273
385 132
433 234
417 194
418 215
473 490
473 466
404 165
403 162
475 370
358 89
469 316
474 321
474 355
468 463
402 162
466 382
261 1
265 11
358 90
362 94
476 348
444 242
468 464
464 398
364 106
386 126
474 354
471 317
355 87
364 104
366 102
439 241
472 318
470 316
472 372
474 470
351 89
473 489
473 371
295 21
389 151
328 62
403 163
365 105
450 262
473 481
415 213
404 164
420 202
476 480
475 483
460 294
469 317
302 28
451 257
466 496
363 95
264 8
303 31
264 12
360 92
299 23
400 160
386 130
323 61
450 248
429 227
452 280
466 380
474 320
431 229
414 198
385 125
418 214
331 65
359 91
468 492
472 490
477 351
266 10
465 383
367 101
473 487
467 459
457 427
381 119
470 356
474 468
262 4
474 362
473 353
475 353
445 243
420 208
313 37
365 97
466 396
256 18
474 346
473 347
474 482
382 122
432 236
260 8
421 207
303 29
383 123
471 465
418 228
444 286
319 43
261 7
329 87
385 131
349 91
391 153
436 240
450 282
450 272
475 369
304 32
437 241
465 457
459 451
384 124
440 240
352 88
451 249
263 3
477 349
354 88
446 244
379 117
300 24
366 100
473 321
332 68
260 16
467 381
301 27
387 129
430 228
449 247
476 352
451 273
452 260
365 103
469 463
384 132
416 194
474 480
465 397
387 149
466 458
315 39
322 52
419 227
463 399
353 87
317 41
416 214
460 452
472 466
445 287
390 152
262 2
410 168
471 491
365 99
414 212
464 384
399 161
422 204
366 98
433 235
456 426
310 36
432 234
350 92
403 165
388 128
469 491
443 241
464 502
462 292
470 492
330 88
316 43
466 395
445 286
390 153
362 95
387 128
418 213
461 292
324 61
471 318
301 28
330 71
364 105
450 261
472 321
260 1
473 482
465 396
440 241
328 63
474 469
358 91
474 479
430 229
444 285
379 118
261 6
415 212
422 229
363 104
421 204
475 364
474 347
360 93
366 101
388 151
470 465
464 503
451 258
471 490
451 260
386 127
385 130
403 164
414 197
365 98
475 352
331 88
468 491
446 287
331 70
447 270
474 363
469 464
323 62
303 32
463 398
389 152
475 480
473 370
431 234
464 383
316 41
448 247
359 92
466 501
416 195
467 460
353 88
455 428
474 353
419 228
472 489
331 68
264 9
302 31
402 163
296 35
355 88
260 15
365 102
310 37
450 273
262 3
473 362
441 240
409 168
442 241
447 260
476 351
444 287
313 38
351 92
451 250
455 426
436 241
327 62
312 37
384 131
361 94
472 319
444 243
314 39
450 281
449 272
322 53
402 165
259 16
265 10
445 288
257 18
464 501
473 468
418 229
382 123
261 2
473 348
474 483
384 125
432 235
470 317
380 119
473 320
470 491
332 69
330 87
474 487
364 99
450 249
420 227
299 24
315 40
261 8
350 91
463 502
256 19
445 244
460 293
465 382
451 256
420 203
317 42
465 496
473 488
465 458
302 29
306 35
459 452
420 207
351 90
456 427
324 53
263 8
397 162
294 21
476 349
470 355
387 150
451 280
429 228
466 381
352 89
469 490
315 44
330 65
416 213
264 13
400 161
471 466
319 44
472 371
415 194
260 7
263 12
398 161
465 380
475 348
466 495
475 368
449 262
471 489
469 465
316 44
466 492
331 69
294 22
319 45
259 7
264 10
474 364
385 129
471 371
472 370
315 41
466 460
317 49
474 484
474 352
260 6
447 271
415 195
324 60
413 197
259 15
465 495
365 101
454 426
357 91
303 33
297 35
388 152
382 124
475 349
318 44
306 36
449 273
352 90
462 382
364 98
322 54
416 212
446 270
261 15
330 86
470 466
465 493
448 248
472 488
450 250
363 99
474 368
384 126
444 288
459 453
445 285
327 63
471 467
463 383
261 3
314 44
463 397
355 89
380 124
428 244
431 241
455 429
destination
