map
random512-25-7.map
pivot
248 201
agent & start
465 480
463 484
451 492
452 493
460 489
48 501
490 459
494 455
442 499
480 469
467 480
443 504
16 467
491 458
4 457
34 487
464 483
1 454
459 490
16 469
54 507
42 495
443 498
53 506
501 448
2 455
55 508
499 450
485 464
468 479
496 453
36 489
12 465
35 488
451 496
446 499
44 497
470 477
454 491
473 476
6 459
30 483
508 441
47 500
495 454
22 475
509 440
25 478
32 483
3 456
488 461
474 475
466 481
478 471
7 460
10 463
455 490
473 474
9 462
19 472
17 470
23 476
471 478
486 461
27 480
31 484
49 502
442 497
498 451
28 481
11 464
482 467
464 479
0 453
29 482
57 510
469 478
510 439
34 485
52 505
18 471
51 504
26 479
50 503
476 473
444 497
54 506
53 505
476 472
31 483
43 495
487 461
498 450
472 476
477 471
28 480
451 495
26 478
492 456
493 455
destination
