map
random512-15-2.map
pivot
219 221
agent & start
511 511
511 510
510 511
511 509
510 510
510 509
508 511
509 510
508 510
510 508
507 511
508 509
507 510
504 511
510 507
504 510
506 510
510 506
505 511
507 509
508 508
509 507
511 505
506 509
508 507
507 508
511 504
505 510
510 505
509 505
510 504
506 508
507 507
508 506
505 509
511 503
505 508
511 502
508 505
509 504
507 506
507 505
504 508
505 507
508 504
511 501
510 502
509 503
503 509
510 501
503 508
509 502
505 506
506 505
504 507
507 504
500 511
508 503
502 509
508 502
507 503
502 508
500 510
505 505
504 506
509 501
506 504
510 500
503 507
499 511
510 499
509 500
502 507
508 501
503 506
506 503
507 502
498 511
499 510
504 505
509 499
504 504
497 511
505 503
507 501
503 505
502 506
498 510
511 497
508 500
506 502
510 498
507 500
504 503
502 505
503 504
508 499
506 501
505 502
509 498
511 496
501 506
510 497
498 509
497 510
495 511
501 503
507 499
510 496
503 503
505 501
501 505
496 510
495 509
511 495
502 504
508 498
509 497
498 508
504 502
500 506
496 509
497 508
498 507
504 501
511 494
505 500
508 497
499 506
500 505
503 502
494 511
506 499
509 496
507 498
510 495
501 504
502 503
495 510
502 502
507 497
494 510
497 507
499 505
503 501
511 493
500 504
505 499
504 500
510 494
498 506
506 498
496 508
508 496
493 511
504 499
508 495
511 492
509 494
498 505
496 507
497 506
506 497
495 506
507 496
493 510
510 493
502 501
499 504
492 511
503 500
505 498
510 492
506 496
501 501
503 499
502 500
505 497
504 498
491 511
493 509
499 503
498 504
496 506
495 507
494 508
509 493
511 491
507 495
497 505
502 499
501 500
500 501
508 493
491 510
496 505
493 508
494 507
509 492
507 494
504 497
490 511
498 503
506 495
505 496
490 509
496 503
510 491
492 509
490 508
491 509
506 494
498 502
504 496
507 493
502 498
493 507
497 503
492 508
499 501
510 490
501 499
500 500
508 492
509 491
511 489
489 511
496 504
510 489
502 497
505 494
497 502
500 493
492 507
501 496
508 491
489 510
495 504
511 488
504 495
503 496
493 506
498 501
491 508
501 498
499 500
506 493
509 490
488 511
507 491
492 506
499 493
508 490
504 494
491 507
498 500
506 492
500 494
501 497
505 493
497 501
488 510
502 496
509 489
511 487
494 504
499 499
493 505
487 511
501 495
500 498
504 493
495 502
505 492
498 499
503 494
501 494
499 494
497 500
506 491
510 487
502 495
493 504
508 489
507 490
487 510
500 497
492 505
500 495
491 506
486 511
496 501
494 503
486 510
490 506
487 509
494 502
496 500
498 498
499 495
495 501
488 508
504 492
507 489
493 503
489 507
499 497
503 493
492 504
502 494
506 490
497 499
510 486
493 502
502 493
491 504
495 500
490 505
509 486
492 503
507 488
496 499
485 510
494 501
484 511
487 508
510 485
489 506
503 492
498 497
504 491
505 490
499 496
488 507
508 487
484 510
496 498
502 492
489 505
488 506
483 511
487 507
508 486
510 484
511 483
498 496
493 501
492 502
506 488
509 485
486 508
497 497
507 487
504 490
505 489
495 499
491 503
503 491
490 504
494 500
489 504
502 491
488 505
484 509
504 489
492 501
483 510
505 488
493 500
503 490
490 503
491 502
495 498
494 499
507 486
497 496
506 487
487 506
510 483
486 507
511 482
482 511
509 484
510 482
491 501
502 490
482 510
493 499
505 487
483 509
494 498
495 497
486 506
507 485
511 481
504 488
503 489
485 507
490 502
509 483
492 500
488 504
501 491
508 484
484 508
481 511
497 495
489 503
509 482
494 497
490 501
481 510
480 511
496 495
486 505
502 489
505 486
486 503
508 483
500 491
506 485
503 488
495 496
489 502
493 498
504 487
501 490
487 504
482 509
510 481
492 499
484 507
483 508
485 506
488 503
500 490
506 484
498 492
491 499
489 501
485 505
508 482
505 485
481 509
494 496
495 495
496 494
479 511
507 483
483 507
497 493
511 479
503 487
480 510
487 503
488 502
504 486
492 498
501 489
502 488
486 504
484 506
482 508
510 480
493 497
488 501
501 488
502 487
495 494
508 481
498 491
492 497
500 489
481 508
509 480
499 490
491 498
490 499
483 506
510 479
504 485
487 502
478 511
497 492
511 478
493 496
484 505
496 493
507 482
485 504
503 486
480 509
505 484
490 498
484 504
483 505
492 496
480 508
496 492
509 479
488 500
498 490
501 487
510 478
487 501
507 481
500 488
505 483
479 509
489 499
506 482
497 491
511 477
482 506
502 486
481 507
503 485
494 494
478 510
493 495
477 511
508 480
495 493
491 497
504 484
498 489
506 481
495 492
511 476
491 496
476 511
500 487
486 501
489 498
482 505
497 490
501 486
484 503
485 502
494 493
504 483
478 509
499 488
507 480
488 499
508 479
481 506
492 495
509 478
496 491
503 484
480 507
502 485
493 494
483 504
490 497
503 483
506 480
511 475
481 505
491 495
483 503
498 488
475 511
502 484
492 494
494 492
496 490
479 507
493 493
485 501
478 508
497 489
486 500
482 504
508 478
504 482
480 506
484 502
487 499
507 479
489 497
499 487
495 491
490 496
501 485
477 509
488 498
510 476
487 498
499 486
484 501
494 491
486 499
502 483
485 500
496 489
492 493
491 494
510 475
478 507
481 504
501 484
501 482
474 511
479 506
508 477
509 476
506 479
477 508
476 509
495 490
488 497
503 482
490 495
483 502
497 488
480 505
493 492
489 496
511 474
507 478
475 509
493 491
508 476
506 478
502 482
499 485
476 508
474 510
473 511
489 495
480 504
496 488
477 507
481 503
494 490
479 505
495 489
505 479
511 473
497 487
486 498
503 481
484 500
497 485
500 484
510 474
501 483
488 496
492 492
504 480
490 494
507 477
482 502
491 493
485 499
498 486
478 505
489 494
498 485
486 497
490 493
510 473
485 498
479 504
508 475
486 495
480 503
481 502
506 477
477 506
473 510
495 488
475 508
488 495
504 479
474 509
496 487
484 499
507 476
509 474
511 472
494 489
492 491
493 490
499 484
500 483
503 480
472 511
502 481
497 486
491 492
487 496
483 500
507 475
489 493
471 511
495 487
498 484
485 497
487 495
506 476
506 474
475 507
496 486
508 474
482 500
504 478
474 508
477 505
491 491
496 482
480 502
503 479
476 506
483 499
502 480
492 490
479 503
505 477
484 498
488 494
510 472
473 509
497 483
493 489
499 483
490 492
511 471
509 473
486 496
483 498
475 506
489 492
511 470
499 482
492 489
474 507
473 508
502 479
495 486
507 474
497 482
479 502
490 491
498 483
503 478
510 471
505 476
508 473
470 511
495 482
481 500
476 505
493 488
506 473
491 490
496 483
478 503
505 474
488 493
477 504
485 496
480 501
487 494
472 509
509 472
509 471
494 486
483 497
476 504
502 478
510 470
501 479
491 489
511 469
498 482
484 496
488 492
494 482
493 487
499 481
471 509
480 500
481 499
479 501
477 503
507 473
490 490
495 485
504 476
469 511
482 498
492 488
487 493
505 475
489 491
503 477
472 508
508 472
474 506
495 483
478 502
473 507
475 505
470 510
493 482
487 492
484 495
486 493
501 478
509 470
471 508
488 491
475 504
490 489
494 485
474 505
478 501
483 496
481 498
480 499
477 502
498 481
479 500
489 490
504 475
511 468
493 486
500 479
476 503
470 509
468 511
510 469
472 507
491 488
507 472
499 480
494 483
485 494
503 476
492 487
498 480
509 469
507 471
494 484
470 508
480 498
508 470
503 475
489 489
471 507
485 493
500 478
501 477
488 490
473 505
487 491
474 504
468 510
491 487
502 476
493 483
511 467
467 511
492 486
472 506
483 495
481 497
476 502
469 509
484 494
490 488
478 500
493 485
482 496
470 507
468 509
485 492
489 488
483 494
478 499
482 495
493 484
509 468
472 505
484 493
507 470
487 490
479 498
471 506
474 503
501 476
475 502
510 467
502 475
476 501
506 471
473 504
477 500
498 479
492 485
503 474
499 478
484 489
480 497
469 508
508 469
466 511
490 487
511 466
503 473
490 486
476 500
480 496
508 468
465 511
500 476
468 508
509 467
498 478
472 504
475 501
510 466
506 470
471 505
511 465
483 489
483 493
467 509
470 506
489 487
501 475
502 474
474 502
488 488
477 499
478 498
485 489
505 471
486 490
499 477
492 484
484 490
491 485
484 492
482 494
485 491
469 507
470 505
503 472
465 510
489 486
504 471
506 469
472 503
477 498
490 485
502 473
482 493
476 499
473 502
507 468
508 467
469 506
511 464
500 475
483 490
510 465
505 470
497 478
466 509
468 507
479 496
467 508
478 497
498 477
486 489
491 484
474 501
488 487
487 488
484 491
467 507
474 500
489 485
479 495
481 493
502 472
510 464
472 502
476 498
500 474
503 471
465 509
511 463
486 488
497 477
478 496
487 487
464 510
482 492
504 470
507 467
483 491
501 473
468 506
499 475
480 494
491 483
490 484
470 504
477 497
463 511
471 503
505 469
506 468
511 462
504 469
477 496
507 466
499 474
471 502
464 509
489 484
465 508
500 473
490 483
510 463
496 477
474 499
463 510
481 492
502 471
501 472
493 480
492 481
467 506
478 495
503 470
505 468
470 503
479 494
486 487
482 491
491 482
466 507
475 498
476 497
473 500
488 485
480 493
480 491
472 501
468 505
506 467
462 511
478 494
474 498
466 506
461 511
476 496
492 480
477 495
489 483
462 510
465 507
491 479
481 491
468 504
504 468
507 465
484 486
497 475
505 467
503 469
491 481
498 474
469 503
499 473
463 509
471 501
467 505
509 463
480 492
470 502
502 470
472 500
501 471
510 462
488 484
486 486
506 466
493 479
467 503
495 477
473 499
496 476
490 481
510 461
466 505
485 486
469 502
467 504
465 506
481 490
494 477
462 509
491 480
483 486
475 496
464 507
468 503
503 468
502 469
479 492
505 466
471 500
509 462
500 471
490 479
498 473
461 510
497 474
504 467
508 463
463 508
501 470
478 493
476 495
477 494
496 475
493 478
473 498
460 511
489 482
486 485
506 465
487 484
495 476
472 499
509 461
460 510
498 472
487 483
466 504
470 500
462 508
508 460
468 502
495 475
505 465
482 486
475 495
463 507
476 494
471 499
494 476
486 484
464 506
472 498
503 467
493 477
501 469
481 489
496 474
489 481
477 493
459 511
507 463
490 480
506 464
482 488
461 509
465 505
500 470
488 482
497 473
469 501
485 485
504 466
478 492
474 496
507 462
501 468
495 474
465 504
505 464
464 505
504 465
472 497
476 493
480 489
481 488
463 506
498 471
497 472
500 469
461 508
482 487
475 494
489 480
471 498
508 461
503 466
485 484
502 467
506 463
496 473
458 511
477 492
509 460
492 477
468 501
494 475
481 486
493 476
465 502
478 491
474 495
488 481
469 500
473 496
462 507
486 483
460 509
487 482
462 506
488 480
458 510
460 508
464 502
485 483
464 504
471 497
504 464
469 499
472 496
463 505
461 507
503 465
500 468
492 476
475 493
467 501
502 466
484 484
494 474
501 467
509 459
499 469
457 511
486 482
466 502
487 481
481 487
478 490
505 463
476 492
473 495
479 489
459 509
507 461
470 498
511 457
465 503
468 500
495 473
496 472
477 491
497 471
470 497
495 472
506 461
456 511
492 475
477 490
483 484
500 467
464 503
496 471
509 458
494 473
467 500
473 494
468 499
472 495
466 501
458 509
511 456
462 505
486 481
485 482
499 468
479 488
460 507
476 491
475 492
510 457
478 489
489 478
474 493
505 462
504 463
463 504
471 496
503 464
461 506
501 466
502 465
488 479
459 508
480 487
493 474
478 488
504 462
484 482
489 477
510 456
470 496
460 506
502 464
477 489
473 493
466 500
501 465
488 478
503 463
468 498
505 461
469 497
498 468
486 480
485 481
499 467
483 483
500 466
455 511
456 510
475 491
508 458
511 455
496 470
476 490
497 469
509 457
482 484
487 479
463 503
462 504
496 468
493 473
479 487
474 492
495 471
494 472
492 474
461 505
457 509
458 508
506 460
472 494
480 485
458 507
471 494
491 474
490 475
492 473
510 455
470 495
495 468
481 484
456 509
454 511
502 463
509 456
488 477
466 499
472 493
504 461
500 465
473 492
498 467
469 496
487 478
507 458
478 487
465 500
486 479
482 483
511 454
455 510
499 466
460 505
495 470
461 504
484 481
499 464
479 486
457 508
468 497
493 472
489 476
477 488
475 490
476 489
505 460
494 471
497 468
462 503
459 506
496 469
467 498
469 495
479 485
493 471
453 511
468 496
511 453
480 484
456 508
457 507
460 504
483 481
484 480
510 454
472 492
503 461
476 488
506 458
482 482
508 456
454 510
504 460
498 466
488 476
463 501
489 475
474 490
459 505
473 491
467 497
495 469
485 479
458 506
466 498
491 473
505 459
494 470
461 503
509 455
464 500
492 472
478 486
475 489
487 477
462 502
502 462
471 493
499 465
490 474
501 463
500 464
497 467
455 509
481 483
470 494
507 456
475 488
473 490
490 473
478 485
484 479
481 482
456 507
510 453
493 470
463 500
487 476
459 504
452 511
481 480
486 477
465 498
470 493
497 466
498 465
492 471
458 505
483 480
489 474
464 499
455 508
508 455
503 460
506 457
491 472
471 492
494 469
476 487
479 484
460 503
482 481
502 461
462 501
477 486
474 489
505 458
509 454
501 462
468 495
485 478
452 509
461 502
466 497
468 493
453 510
500 463
504 459
472 491
480 483
454 508
478 484
452 510
464 498
490 472
460 502
506 456
508 454
486 476
472 490
457 505
504 458
493 469
467 495
474 488
473 489
484 478
510 452
481 481
476 486
468 494
488 474
483 479
470 492
497 465
501 461
480 480
509 453
459 503
492 470
505 457
507 455
477 485
503 459
496 466
455 507
453 509
469 493
487 475
482 480
471 491
511 451
502 460
489 473
466 496
456 506
479 483
475 487
500 462
485 477
465 497
463 499
462 500
469 492
493 468
488 473
450 511
505 456
456 505
457 504
501 460
476 485
474 487
460 501
464 497
511 450
509 452
490 471
485 476
499 462
478 483
502 459
492 469
494 467
462 499
467 494
465 496
480 481
455 506
461 500
506 455
451 510
508 453
486 475
470 491
471 490
497 464
504 457
487 474
510 451
482 479
484 477
479 482
495 466
491 470
473 488
483 478
496 465
500 461
453 508
459 502
458 503
463 498
475 486
489 472
475 485
508 452
490 470
485 475
462 498
449 511
482 478
466 494
471 489
507 453
509 451
491 469
486 474
496 464
450 510
505 455
503 457
453 507
510 450
499 461
464 496
472 488
463 497
479 481
469 491
456 504
494 466
506 454
460 500
461 499
489 471
478 482
501 459
493 467
483 477
504 456
465 495
454 506
492 468
455 505
488 472
474 486
457 503
487 473
500 460
495 465
511 449
476 484
477 483
459 501
470 490
465 494
471 488
476 483
459 500
456 503
458 501
453 506
449 510
469 488
499 460
510 449
455 504
504 455
492 467
505 454
460 499
450 509
494 465
498 461
478 481
454 505
507 452
474 485
495 464
502 457
488 471
485 474
473 486
476 481
482 477
511 448
457 502
484 475
477 482
503 456
489 470
462 497
491 468
448 511
508 451
481 478
486 473
452 507
469 490
463 496
483 476
451 508
500 459
493 466
468 491
475 484
470 489
501 458
466 493
506 453
447 511
453 505
475 483
496 462
482 476
509 449
479 479
477 481
504 454
478 480
483 475
470 488
451 507
459 499
510 448
481 477
491 467
464 494
500 458
484 474
505 453
454 504
476 482
450 508
492 466
462 496
498 460
506 452
463 495
493 465
452 506
494 464
511 447
457 501
480 478
465 493
502 456
507 451
458 500
499 459
467 491
472 486
485 473
455 503
495 463
503 455
490 468
473 485
471 487
456 502
469 489
489 469
487 471
448 510
508 450
468 490
474 484
469 487
501 457
492 465
460 497
502 455
470 487
503 454
473 484
509 448
500 457
457 500
484 473
508 449
447 510
496 461
453 504
488 469
494 463
486 471
448 509
495 462
493 464
485 472
456 501
491 466
483 474
474 483
463 494
481 476
462 495
466 491
505 452
446 511
479 478
471 486
499 458
451 506
506 451
461 496
458 499
489 468
455 502
465 492
472 485
475 482
467 490
510 447
454 503
468 489
449 508
469 486
478 479
507 450
511 446
477 480
452 505
464 493
490 467
487 470
504 453
498 459
480 477
459 498
497 460
505 451
504 452
459 497
454 502
481 475
478 478
503 453
510 446
487 469
496 460
458 498
492 464
457 499
479 477
484 472
498 458
506 450
462 494
507 449
497 459
482 474
494 462
500 456
508 448
450 506
485 471
465 491
455 501
486 470
511 445
466 490
449 507
472 484
448 508
446 510
501 455
473 483
463 493
469 485
502 454
480 476
499 457
445 511
477 479
474 482
452 504
464 492
483 473
489 467
453 503
488 466
467 489
490 466
491 465
460 496
471 485
470 486
506 449
478 477
452 503
472 483
458 497
469 484
489 466
499 456
448 507
476 479
498 457
488 467
451 504
447 508
460 495
481 474
462 493
449 506
509 446
445 510
457 498
466 489
484 471
491 464
495 460
483 472
455 500
503 452
444 511
463 492
461 494
508 447
501 454
494 461
497 458
454 501
465 490
485 470
474 481
453 502
477 478
505 450
482 473
467 488
470 485
471 484
473 482
486 469
507 448
450 505
487 468
480 475
511 444
464 491
478 476
444 510
477 477
496 458
485 469
466 488
486 468
492 462
508 446
510 444
453 501
483 471
489 465
454 500
484 470
479 475
506 448
462 492
461 493
460 494
457 497
470 484
502 452
459 495
490 464
480 474
501 453
450 504
503 451
445 509
448 506
463 491
511 443
464 490
456 498
destination
