map
random512-10-2.map
pivot
407 377
agent & start
179 5
142 42
178 6
80 104
9 175
29 155
119 65
126 58
49 135
70 114
96 88
144 40
92 92
159 25
102 82
20 164
88 96
65 119
160 24
174 10
32 152
171 13
25 159
148 36
52 132
138 46
56 128
63 121
1 183
94 90
158 26
90 94
168 16
105 79
128 56
136 48
141 43
85 99
58 126
139 45
155 29
103 81
46 138
157 27
89 95
101 83
177 7
124 60
97 87
26 158
59 125
28 156
123 61
166 18
73 111
184 0
67 117
6 178
117 67
115 69
83 101
24 160
16 168
133 51
3 181
18 166
156 28
10 174
39 145
104 80
48 136
100 84
81 103
7 177
146 38
42 142
36 148
135 49
5 179
13 171
68 116
109 75
173 11
21 163
77 107
75 109
76 108
15 169
93 91
31 153
107 77
153 31
86 98
78 106
47 137
130 54
113 71
145 39
87 97
17 167
129 55
151 33
54 130
64 120
27 157
108 76
125 59
30 154
169 15
150 34
122 62
110 74
38 146
162 22
50 134
0 184
154 30
82 102
84 100
41 143
74 110
106 78
140 44
176 8
69 115
11 173
61 123
164 20
33 151
172 12
79 105
137 47
43 141
127 57
163 21
98 86
19 165
161 23
115 71
72 112
2 182
112 72
55 129
22 162
143 41
60 124
37 147
165 19
40 144
121 63
175 9
12 172
114 70
34 150
53 131
120 64
118 66
23 161
51 133
131 53
132 52
35 149
180 4
170 14
44 140
66 118
181 3
95 89
57 127
131 54
137 48
27 160
96 89
100 85
46 139
128 57
31 154
185 0
39 146
34 151
179 6
67 118
50 135
124 61
42 143
72 113
60 125
30 155
180 5
132 53
61 124
108 77
166 19
21 164
69 116
25 160
83 102
14 171
82 103
65 120
102 83
125 60
178 7
99 86
45 140
142 43
109 76
92 93
130 55
73 112
141 44
112 73
155 30
22 163
175 10
165 20
12 173
120 65
79 106
133 52
4 181
138 47
38 147
48 137
88 97
36 149
117 68
97 88
171 14
123 62
51 134
173 12
49 136
70 115
29 156
78 107
149 36
115 70
177 8
23 162
74 111
147 38
63 122
8 177
110 75
111 74
77 108
168 17
118 67
153 32
167 18
81 104
0 185
19 166
159 26
106 79
54 131
176 9
157 28
139 46
24 161
174 11
80 105
114 71
135 50
98 87
181 4
27 158
1 184
3 182
71 114
104 81
76 109
44 141
9 176
113 72
170 15
172 13
6 179
103 82
26 159
11 174
87 98
85 100
122 63
5 180
64 121
182 3
90 95
140 45
16 169
94 91
7 178
163 22
53 132
17 168
47 138
28 157
145 40
107 78
136 49
58 127
84 101
89 96
75 110
152 33
35 150
144 41
33 152
154 31
95 90
126 59
59 126
57 128
134 51
151 34
41 144
13 172
101 84
55 130
150 35
66 119
20 165
10 175
161 24
52 133
91 94
18 167
143 42
184 1
156 29
169 16
2 183
62 123
129 56
32 153
93 92
37 148
119 67
112 74
60 126
56 130
66 120
19 167
108 78
130 56
67 119
141 45
49 137
31 155
8 178
50 136
152 34
95 91
4 182
146 40
180 6
14 172
5 181
25 161
70 116
36 150
73 113
93 93
118 68
162 24
88 98
138 48
18 168
129 57
11 175
113 73
174 12
55 131
109 77
2 184
116 70
72 114
83 103
57 129
51 135
140 46
143 43
89 97
121 65
156 30
61 125
96 90
170 16
155 31
136 50
149 37
13 173
114 72
186 0
12 174
63 123
185 1
54 132
163 23
110 76
168 18
171 15
64 122
176 10
127 59
84 102
30 156
97 89
111 75
3 183
76 110
22 164
120 66
92 94
178 8
77 109
172 14
101 85
46 140
128 58
123 63
117 69
52 134
47 139
58 128
104 82
65 121
166 20
80 106
91 95
102 84
122 64
157 29
133 53
26 160
81 105
53 133
182 4
131 55
43 143
23 163
179 7
78 108
94 92
126 60
39 147
124 62
147 39
137 49
35 151
99 87
28 158
79 107
164 22
132 54
16 170
32 154
42 144
160 26
37 149
175 11
1 185
90 96
6 180
41 145
85 101
158 28
24 162
27 159
34 152
125 61
142 44
154 32
145 41
167 19
10 176
165 21
169 17
33 153
159 27
181 5
173 13
17 169
82 104
87 99
106 80
69 117
15 171
9 177
105 81
62 124
103 83
134 52
150 36
21 165
74 112
71 115
184 2
38 148
destination
