map
random512-15-6.map
pivot
256 385
agent & start
511 0
511 1
2 0
510 0
2 1
509 0
510 1
3 0
511 2
4 0
508 0
2 2
509 1
510 2
0 5
2 3
3 2
508 1
5 0
511 4
507 0
4 1
509 2
1 5
506 0
2 4
4 2
509 3
5 1
510 4
0 6
508 2
511 5
3 3
0 7
2 5
505 0
5 2
3 4
507 2
1 6
510 5
509 4
508 3
4 3
506 1
507 3
505 1
7 1
509 5
0 8
6 2
511 7
3 5
506 4
510 6
4 4
1 7
2 6
508 4
504 0
0 9
509 6
2 7
511 8
6 3
508 5
7 2
1 8
506 3
507 4
504 1
3 6
9 0
5 4
8 1
505 2
510 7
9 1
10 0
3 7
507 5
508 6
7 3
2 8
511 9
8 2
505 3
509 7
5 5
6 4
0 10
510 8
504 2
3 8
508 7
6 5
8 3
507 6
4 7
503 2
5 6
0 11
510 9
511 10
7 4
11 0
2 9
501 0
509 8
9 2
504 3
502 1
6 6
8 4
12 2
511 11
5 7
4 8
502 2
7 5
3 9
506 6
1 11
6 8
12 0
2 10
503 3
510 10
501 1
9 3
509 9
508 8
500 0
0 12
11 1
12 1
505 6
2 11
511 12
9 4
507 8
503 4
5 8
501 2
6 7
0 13
12 3
502 3
3 10
4 9
8 5
506 7
13 0
509 10
499 0
500 1
501 3
5 9
4 10
506 8
1 13
498 0
507 9
10 4
0 14
504 6
8 6
510 12
509 11
508 10
9 5
9 7
503 5
502 4
11 3
505 7
3 11
500 2
511 13
13 1
7 7
505 8
5 10
497 0
11 4
506 9
9 8
508 11
9 6
4 11
8 7
500 3
499 2
503 6
498 1
502 5
2 13
10 5
510 13
509 12
504 7
501 4
14 1
1 14
511 14
3 12
4 12
507 11
502 6
503 7
510 14
496 0
506 10
10 6
7 9
499 3
11 5
504 8
508 12
500 4
8 8
14 2
505 9
5 11
9 9
3 13
498 2
2 14
6 10
1 15
501 5
495 0
5 12
501 6
8 9
497 2
13 4
11 6
506 11
504 9
17 0
503 8
509 14
502 7
3 14
7 10
6 11
0 17
15 2
2 15
505 10
500 5
511 16
498 3
499 4
507 12
496 1
4 13
510 15
510 16
502 8
503 9
4 14
1 17
505 11
13 5
509 15
14 4
3 15
500 6
507 13
5 13
501 7
506 12
18 0
494 0
508 14
17 1
16 2
8 10
6 12
504 10
497 3
511 17
11 7
12 6
498 4
496 2
15 3
0 18
2 16
16 3
500 7
7 12
13 6
4 15
497 4
511 18
2 17
504 11
502 9
503 10
495 2
510 17
6 13
1 18
505 12
17 2
12 7
507 14
19 0
506 13
14 5
0 19
498 5
494 1
18 1
509 16
493 0
15 4
508 15
499 6
5 14
8 11
501 8
496 3
3 16
2 18
13 7
19 1
494 2
495 3
499 7
8 12
4 16
496 4
16 4
493 1
12 8
0 20
501 9
511 19
509 17
14 6
492 0
3 17
510 18
15 5
503 11
17 3
7 13
506 14
504 12
500 8
18 2
498 6
508 16
497 5
6 14
502 10
492 1
20 1
501 10
6 15
21 0
16 5
2 19
17 4
506 15
508 17
504 13
500 9
15 6
491 0
19 2
5 16
499 8
508 19
503 12
11 10
0 21
492 3
494 3
13 8
8 13
14 7
18 3
3 18
511 20
502 11
509 18
495 4
498 7
4 17
510 19
1 20
496 5
7 14
493 2
491 1
3 19
495 5
7 15
501 11
19 3
6 16
505 15
496 6
490 0
12 10
492 2
2 20
0 22
21 1
13 9
510 20
494 4
502 12
507 17
1 21
15 7
11 11
511 21
10 12
20 2
499 9
509 19
9 13
500 10
508 18
18 4
493 3
503 13
17 5
4 18
8 14
22 0
506 16
497 7
5 17
510 21
3 20
0 23
12 11
495 6
20 3
509 20
507 18
499 10
9 14
490 1
23 0
2 21
17 6
502 13
5 18
506 17
493 4
16 7
497 8
1 22
7 16
505 16
15 8
21 2
10 13
500 11
491 2
501 12
511 22
18 5
6 17
503 14
13 10
22 1
14 9
496 7
494 5
11 12
498 9
4 19
504 16
489 1
502 16
490 2
506 18
502 14
19 5
505 17
499 11
5 19
8 16
9 15
493 5
500 12
13 11
10 14
510 22
12 12
0 24
3 21
509 21
495 7
15 9
501 13
494 6
14 10
16 8
23 1
6 18
497 9
24 0
20 4
503 15
4 20
1 23
17 7
22 2
2 22
11 13
496 8
16 9
489 2
25 0
5 20
495 8
8 17
493 6
6 19
503 16
501 14
10 15
11 14
9 16
19 6
508 21
504 17
490 3
22 3
17 8
494 7
18 7
15 10
491 4
12 13
492 5
14 11
505 18
496 9
14 13
500 13
507 20
21 4
2 23
509 22
24 1
0 25
23 2
499 12
502 15
510 23
4 21
498 11
13 12
7 18
511 24
1 24
20 6
497 11
17 9
26 0
0 26
12 14
499 13
496 10
492 6
6 20
493 7
507 21
488 2
4 22
11 15
510 24
25 1
501 15
16 10
500 14
490 4
8 18
19 7
498 12
505 19
504 18
21 5
22 4
511 25
14 12
24 2
7 19
1 25
9 17
491 5
15 11
506 20
3 23
489 3
509 23
503 17
10 16
508 22
5 21
23 3
18 8
487 1
495 9
13 13
19 8
487 2
509 24
21 6
4 23
18 9
498 13
511 26
503 18
11 16
0 27
24 3
8 19
12 15
17 10
488 3
500 15
497 12
486 1
496 11
7 20
507 22
16 11
490 5
10 17
510 25
494 9
22 5
23 4
492 7
489 4
491 6
5 22
3 24
15 12
505 20
504 19
26 1
499 14
25 2
494 11
2 25
13 14
27 0
9 18
493 8
489 5
24 4
5 23
18 10
492 8
6 22
498 14
20 8
7 21
1 27
0 28
3 25
2 26
21 7
486 2
511 27
502 18
27 1
16 12
496 12
485 1
19 9
493 9
9 19
494 10
17 11
507 23
508 24
509 25
490 6
4 24
504 20
505 21
13 15
503 19
8 20
23 5
487 3
506 22
497 13
12 16
25 3
495 11
10 18
22 6
510 26
500 16
11 17
508 25
25 4
5 24
14 15
7 22
19 10
502 19
504 21
503 20
22 7
507 24
500 17
484 1
499 16
17 12
27 2
8 21
9 20
2 27
0 29
496 13
510 27
11 18
486 3
3 26
16 13
20 9
1 28
21 8
489 6
506 23
490 7
505 22
487 4
26 3
501 18
485 2
24 5
12 17
488 5
29 0
491 8
498 15
15 16
10 19
4 25
15 14
6 23
492 9
495 12
18 11
511 28
493 10
19 11
9 21
6 24
17 13
500 18
483 1
3 27
11 19
491 9
10 20
507 25
29 1
5 25
506 24
20 10
28 2
510 28
488 6
2 28
498 16
511 29
26 4
30 0
12 18
27 3
22 8
497 15
8 22
13 17
504 22
15 15
495 13
484 2
505 23
14 16
478 0
1 29
18 12
24 6
7 23
15 17
492 10
508 26
509 27
501 19
503 21
25 5
485 3
4 26
489 7
0 30
487 5
16 14
499 17
23 7
508 27
482 1
8 23
502 21
9 22
25 6
497 16
503 22
487 6
11 20
28 3
507 26
492 11
26 5
30 1
19 12
21 10
495 14
6 25
501 20
498 17
489 8
0 31
505 24
488 7
486 5
1 30
479 0
27 4
485 4
506 25
10 21
18 13
12 19
14 17
13 18
31 0
29 2
20 11
17 14
24 7
511 30
494 13
5 26
491 10
478 1
509 28
2 29
504 23
3 28
490 9
484 3
16 15
4 27
499 18
7 24
23 8
507 27
9 23
490 10
483 3
503 23
13 19
494 14
6 26
501 21
26 6
487 7
480 0
30 2
27 5
502 22
23 9
493 13
10 22
482 2
18 14
504 24
508 28
0 32
31 1
8 24
19 13
28 4
4 28
14 18
21 11
496 16
500 20
511 31
29 3
5 27
497 17
1 31
489 9
24 8
509 29
491 11
25 7
498 18
20 12
17 15
481 1
2 30
11 21
7 25
3 29
479 1
505 25
485 5
22 10
481 2
32 1
28 5
496 17
31 2
0 33
1 32
497 18
511 32
491 12
493 14
509 30
485 6
20 13
495 16
480 1
8 25
19 14
27 6
22 11
3 30
508 29
7 26
498 19
33 0
11 22
492 13
490 11
29 4
24 9
484 5
4 29
502 23
487 8
21 12
12 23
501 22
503 24
504 25
13 20
486 7
25 8
482 3
6 27
14 19
483 4
10 23
18 15
494 15
26 7
30 3
5 28
505 26
488 9
507 28
500 21
23 10
3 31
19 15
25 9
20 14
8 26
490 12
500 22
29 5
507 29
34 0
32 2
0 34
503 25
destination
