map
random512-10-5.map
pivot
265 505
agent & start
335 75
480 220
204 66
408 148
155 115
129 141
465 205
240 48
379 119
477 217
501 241
202 68
220 56
500 240
345 85
24 246
283 33
159 111
343 83
281 33
38 232
490 230
470 210
221 55
474 216
237 49
80 190
13 257
136 134
166 104
351 91
336 76
476 216
316 56
227 51
72 198
505 245
319 59
171 99
245 45
88 182
78 192
395 135
20 250
459 199
249 43
390 130
333 73
73 199
309 51
387 127
161 109
190 80
185 85
342 82
455 195
278 36
361 101
446 186
26 244
218 58
325 65
179 91
30 240
507 247
94 176
306 50
22 248
412 152
273 37
396 136
481 221
348 88
51 221
492 232
134 136
435 175
110 160
67 203
331 71
332 72
363 103
50 220
35 235
416 156
251 41
509 249
291 39
28 242
346 86
44 226
99 171
299 45
506 246
70 200
11 259
47 223
468 208
188 82
502 242
401 141
139 131
372 112
14 256
303 49
83 187
371 111
232 48
402 142
224 54
89 181
404 144
409 149
111 159
163 107
262 36
420 160
370 110
193 77
172 98
393 133
301 47
413 153
442 182
496 236
382 122
384 124
449 189
350 90
439 179
122 148
115 155
461 201
121 149
484 224
198 72
488 228
314 54
340 80
107 163
493 233
119 151
295 43
326 66
69 201
250 42
385 125
151 119
242 46
46 224
279 35
137 133
56 214
131 139
282 32
91 179
312 52
178 92
399 139
205 65
360 100
170 100
112 158
174 96
194 76
191 79
410 150
173 97
323 63
366 106
25 245
149 121
93 177
389 129
156 114
144 126
143 127
145 125
133 137
101 169
397 137
472 212
466 206
54 216
239 47
248 44
359 99
290 38
429 169
165 105
441 181
308 52
127 143
451 191
183 87
464 204
76 194
373 113
147 123
219 57
296 44
217 59
184 86
498 238
381 121
453 193
200 70
415 155
454 194
226 52
213 61
7 263
63 207
68 202
380 120
214 60
118 152
285 35
479 219
423 163
255 37
130 140
287 35
475 215
176 94
105 165
337 77
74 196
324 64
41 229
141 131
142 128
168 102
458 198
167 103
436 176
244 46
305 51
320 60
32 238
483 223
141 129
36 234
86 186
186 84
347 87
317 57
95 175
311 51
386 126
58 212
254 38
231 49
318 58
268 36
289 37
8 262
164 106
400 140
469 209
189 81
344 84
330 70
12 258
329 69
182 88
310 50
261 37
39 231
375 115
162 108
148 122
211 63
293 41
511 251
378 118
42 228
55 215
15 255
495 235
450 190
398 138
394 134
209 63
353 93
207 63
65 205
124 146
341 81
123 147
43 227
275 37
302 48
203 67
403 143
338 78
419 159
497 237
430 170
96 174
187 83
421 161
212 62
426 166
108 162
126 144
504 244
482 222
152 118
456 196
368 108
377 117
276 38
222 54
153 117
71 199
307 51
192 78
486 226
418 158
433 173
424 164
135 135
10 260
457 197
391 131
349 89
27 243
510 250
116 154
443 183
277 37
66 204
272 38
438 178
447 187
489 229
304 50
260 38
440 180
100 170
73 197
87 183
300 46
103 167
471 211
40 230
1 269
354 94
37 233
216 58
352 92
473 213
13 259
19 251
132 138
270 38
481 223
175 95
97 173
414 154
208 62
286 34
280 34
16 254
206 64
315 55
294 42
437 177
234 48
197 73
334 74
503 243
154 116
128 142
150 120
256 38
31 239
485 225
9 261
499 239
406 146
238 48
432 172
358 98
157 113
215 59
17 253
392 132
117 153
79 191
288 36
201 69
388 128
23 247
425 165
158 112
478 218
365 105
487 227
405 145
407 147
491 231
199 71
460 200
367 107
196 74
57 213
383 123
146 124
6 264
230 50
34 236
104 166
241 47
140 130
53 217
474 214
508 248
90 180
292 40
85 185
263 35
5 265
463 203
264 34
52 218
362 102
210 64
322 62
228 50
62 208
357 97
284 34
45 225
3 267
411 151
98 172
364 104
321 61
195 75
452 192
271 37
422 162
236 50
269 37
77 193
4 266
333 74
497 238
343 86
319 60
4 267
486 227
429 170
325 66
298 45
127 144
284 35
261 38
14 257
353 94
413 154
334 75
481 224
312 53
336 77
408 149
360 101
75 196
224 55
164 107
361 102
66 205
458 199
329 70
460 201
211 64
386 127
286 35
130 141
187 84
448 189
450 191
146 125
112 159
63 208
20 251
116 155
477 218
2 269
167 104
262 37
377 118
238 49
236 51
124 147
294 43
161 110
398 139
219 58
495 236
375 116
200 71
203 68
199 72
445 186
492 233
205 66
109 164
289 38
263 36
58 213
37 234
7 264
89 182
168 103
363 104
432 173
156 115
194 77
507 248
483 224
67 204
464 205
382 123
506 247
242 47
374 115
416 157
423 164
128 143
81 190
339 80
380 121
300 47
45 226
90 181
33 238
328 69
160 111
505 246
178 93
499 240
107 164
480 221
44 227
218 59
459 200
177 94
290 39
59 212
322 63
406 147
434 175
77 194
244 47
351 92
412 153
442 183
42 229
342 83
255 38
225 54
310 51
474 215
335 76
404 145
54 217
370 111
428 169
252 41
24 247
391 132
74 197
350 91
12 259
74 199
369 110
279 36
267 36
126 145
221 56
109 162
381 122
471 212
470 211
424 165
476 217
352 93
213 62
367 108
175 96
275 38
457 198
192 79
439 180
394 135
53 218
293 42
481 222
16 255
446 187
348 89
108 163
309 52
10 261
110 161
241 48
468 209
144 127
296 45
299 46
152 119
78 193
15 256
122 149
295 44
485 226
268 37
147 124
57 214
393 134
136 135
148 123
0 271
501 242
179 92
311 52
306 51
435 176
100 171
444 185
189 82
321 62
157 114
5 266
385 126
120 151
101 170
13 258
425 166
154 117
11 260
150 121
210 65
85 186
433 174
61 210
376 117
207 64
41 230
327 68
64 207
80 191
400 141
43 228
47 224
462 203
209 64
324 65
140 131
65 206
288 37
340 81
330 71
188 83
511 252
281 34
510 251
503 244
62 209
142 129
137 134
32 239
402 143
478 219
354 95
68 203
392 133
346 87
132 139
345 86
490 231
139 132
14 259
455 196
472 213
163 108
249 44
254 39
465 206
466 207
25 246
395 136
131 140
303 50
440 181
482 223
8 263
123 148
421 162
405 146
491 232
504 245
246 45
172 101
227 52
407 148
315 56
76 195
202 69
410 151
488 229
401 142
443 184
232 49
378 119
183 88
502 243
173 98
509 250
454 195
314 55
171 100
307 52
469 210
26 245
272 39
431 172
191 80
356 97
235 50
280 35
390 131
489 230
151 120
226 53
239 48
496 237
158 113
96 175
201 70
397 138
214 61
320 61
119 152
484 225
318 59
237 50
415 156
84 187
69 202
1 270
228 51
121 150
338 79
230 51
473 216
72 199
190 81
250 43
197 74
467 208
31 240
364 105
357 98
271 38
277 38
265 36
99 172
290 41
38 233
204 67
266 37
149 122
384 125
368 109
403 144
316 57
17 254
278 37
71 200
387 128
165 106
441 182
159 112
247 44
463 204
222 55
82 189
487 228
349 90
51 220
70 201
359 100
98 173
22 249
134 137
396 137
195 76
264 35
355 96
129 142
104 167
196 75
111 160
169 102
437 178
456 197
287 36
273 38
133 138
52 219
420 161
28 243
323 64
93 178
498 239
198 73
347 88
88 183
301 48
55 216
308 53
317 58
27 244
383 124
422 163
23 248
34 237
344 85
79 192
184 87
40 231
105 166
212 63
193 78
245 46
186 85
103 168
39 232
60 211
453 194
92 179
36 235
388 129
304 51
379 120
389 130
206 65
21 250
274 39
479 220
302 49
291 40
372 113
366 107
414 155
138 133
417 158
418 159
216 59
373 114
343 84
94 177
118 153
358 99
83 188
91 180
234 49
145 126
46 225
141 130
270 39
451 192
461 202
208 63
56 215
117 154
341 82
452 193
248 45
185 86
283 34
125 146
162 109
276 39
215 60
297 44
9 262
260 39
332 73
256 39
170 101
282 33
409 150
411 152
371 112
251 42
155 116
231 50
289 41
346 88
485 227
183 89
403 145
505 247
383 125
495 237
203 69
309 53
507 249
335 77
4 268
303 51
24 248
160 112
41 231
48 224
319 61
128 144
250 44
410 152
511 253
103 169
187 85
149 123
148 124
302 50
221 57
35 237
265 37
351 93
18 254
19 253
215 61
68 204
3 269
492 234
323 65
98 174
199 73
110 162
175 99
33 239
377 119
174 98
374 116
342 84
62 210
72 200
239 49
178 94
280 36
171 101
316 58
21 251
132 140
11 261
460 202
16 256
194 78
501 243
246 46
163 109
145 127
247 45
154 118
123 149
405 147
67 205
284 36
144 128
461 203
214 62
7 265
107 165
55 217
502 244
254 40
338 80
277 39
76 196
20 252
119 153
100 172
325 67
28 244
324 66
140 132
204 68
172 100
508 250
127 145
389 131
420 162
158 114
380 122
362 104
449 191
270 40
53 219
39 233
426 168
133 139
315 57
70 202
429 171
278 38
291 41
289 39
264 36
124 148
58 214
88 184
382 124
306 52
237 51
444 186
364 106
44 228
137 135
290 40
344 86
480 222
371 113
26 246
82 190
466 208
273 39
105 167
421 163
198 74
406 148
64 208
352 94
448 190
138 134
314 56
299 47
232 50
169 103
397 139
79 193
295 45
370 112
440 182
108 164
412 154
281 35
260 40
503 245
184 88
469 211
271 39
122 150
307 53
363 105
354 96
345 87
193 79
396 138
456 198
476 218
470 212
366 108
350 92
300 50
369 111
347 89
282 34
109 163
218 60
430 172
330 72
312 54
372 114
168 104
399 141
443 187
84 188
213 63
109 165
317 59
445 187
96 176
111 161
402 144
424 166
101 171
56 216
152 120
357 99
400 142
113 159
235 51
459 201
443 185
283 35
46 226
388 130
175 97
462 204
418 160
433 175
30 242
458 200
242 48
293 43
292 42
207 65
483 225
441 183
425 167
146 126
63 209
245 47
59 213
72 202
261 39
244 48
45 227
12 260
17 255
23 249
195 77
472 214
408 150
0 272
416 158
1 271
365 107
267 37
130 142
8 264
378 120
249 45
225 55
104 168
434 176
446 188
208 64
509 251
287 37
327 69
376 118
238 50
54 218
359 101
490 232
131 141
482 224
386 128
343 85
22 250
339 81
241 49
269 39
331 73
226 54
497 239
106 166
373 115
387 129
97 175
129 143
353 95
286 36
14 258
42 230
125 147
165 107
170 102
381 123
77 195
450 192
47 225
294 44
274 40
467 209
95 177
311 53
159 113
164 108
328 70
15 257
57 215
121 151
134 138
500 242
27 245
139 133
93 179
25 247
272 40
52 220
471 213
69 203
80 192
263 37
6 266
455 197
411 153
233 49
384 126
422 164
427 169
464 206
262 38
197 75
36 236
200 72
413 155
118 154
71 201
9 263
259 41
442 184
81 191
201 71
394 136
436 178
176 96
167 105
409 151
209 65
401 143
102 170
266 38
78 194
179 93
191 81
431 173
493 235
321 63
349 91
220 58
2 270
251 43
227 53
432 174
156 116
320 62
423 165
206 66
99 173
478 220
477 219
379 121
252 42
143 129
217 61
499 241
189 83
334 76
255 39
157 115
276 40
150 122
216 60
83 189
89 183
60 212
256 40
177 95
333 75
510 252
185 87
66 206
219 59
222 56
358 100
275 39
161 111
332 74
61 211
308 54
38 234
40 232
414 156
360 102
486 228
453 195
301 49
498 240
300 48
494 236
310 52
496 238
437 179
114 158
439 181
192 80
116 156
393 135
90 182
186 86
298 46
297 45
91 181
120 152
488 230
452 194
419 161
43 229
348 90
356 98
279 37
85 187
473 215
268 38
329 71
117 155
484 226
228 52
447 189
336 78
5 267
407 149
94 178
326 68
355 97
337 79
153 119
205 67
391 133
415 157
322 64
313 55
231 51
10 262
212 64
479 221
457 199
435 177
489 231
392 134
32 240
288 38
341 83
404 146
368 110
451 193
151 121
142 130
173 99
74 198
65 207
375 117
92 180
468 210
436 179
475 218
275 40
59 214
483 226
166 107
415 158
429 172
283 36
445 188
81 192
379 122
111 162
478 221
146 127
335 80
118 155
319 62
369 112
75 198
467 210
91 182
395 138
26 247
504 247
97 176
310 53
165 108
196 77
287 38
221 58
35 238
312 55
414 157
124 149
161 112
280 37
145 128
510 253
89 184
256 41
170 103
405 148
453 196
183 90
80 193
48 225
219 60
21 252
462 205
274 41
127 146
30 243
114 159
455 198
383 126
175 98
465 208
232 51
134 139
365 108
404 147
336 79
215 62
1 272
381 124
19 254
212 65
77 196
294 45
45 228
239 50
311 54
279 38
352 95
112 161
148 125
46 227
95 178
126 147
416 159
123 150
313 56
360 103
176 99
70 203
430 173
321 64
422 165
487 230
494 237
176 97
418 161
173 100
12 261
253 42
83 190
509 252
362 105
199 74
136 137
399 142
492 235
406 149
167 106
181 92
190 83
113 160
350 93
329 72
452 195
227 54
28 245
393 136
248 47
299 48
417 160
466 209
116 157
143 130
386 129
54 219
501 244
446 189
164 109
484 227
117 156
107 166
195 78
163 110
447 190
233 50
101 172
247 46
259 42
133 140
193 80
330 73
363 106
96 177
273 40
169 104
125 148
106 167
132 141
316 59
234 51
47 226
276 41
353 96
110 163
332 75
482 225
420 163
506 249
85 188
10 263
266 39
335 78
159 114
322 65
0 273
24 249
115 158
184 89
55 218
191 82
25 248
345 88
23 250
402 145
377 120
463 206
289 40
168 105
140 133
499 242
348 91
434 177
213 64
38 235
391 134
470 213
250 45
359 102
5 268
497 240
351 94
288 39
17 256
139 134
182 91
272 41
20 253
18 255
296 47
485 228
119 154
16 257
53 220
297 46
500 243
158 115
410 153
200 73
354 97
225 56
131 142
265 38
255 40
440 183
392 135
460 203
160 113
39 234
334 77
271 40
188 85
505 248
493 236
156 117
324 67
358 101
496 239
450 193
364 107
11 262
412 155
488 231
388 131
401 144
189 84
150 123
194 79
244 49
65 208
121 152
153 120
441 184
187 86
103 170
317 60
291 42
56 217
257 40
507 250
236 53
438 181
144 129
129 144
368 111
293 44
231 52
2 271
468 211
260 41
99 174
223 56
22 251
449 192
57 216
238 51
328 71
66 207
251 44
258 41
63 210
72 203
340 83
456 199
228 53
9 264
367 110
282 35
7 266
264 37
301 50
357 100
130 143
307 54
252 43
376 119
315 58
157 116
503 246
424 167
31 242
331 74
425 168
400 143
277 40
67 206
202 71
464 207
325 68
454 197
286 37
151 122
408 151
344 87
318 61
249 46
92 181
375 118
135 138
245 48
137 136
34 239
459 202
490 233
439 182
435 178
218 61
437 180
32 241
122 151
426 169
88 185
206 67
217 62
427 170
298 47
442 185
477 220
79 194
380 123
254 41
413 156
201 72
93 180
149 124
235 52
442 187
339 82
284 37
327 70
214 63
71 202
349 92
419 162
428 171
337 80
174 99
246 47
458 201
403 146
333 76
61 212
508 251
90 183
120 153
36 237
155 118
292 43
108 165
270 41
209 66
226 55
207 66
72 201
355 98
44 229
306 53
198 75
372 115
179 94
461 204
222 57
229 52
314 57
302 51
177 96
242 49
220 59
94 179
342 85
411 154
203 70
476 219
216 61
62 211
443 186
361 104
374 117
326 69
41 232
278 39
33 240
69 204
60 213
43 230
469 212
6 267
471 214
171 102
243 48
267 38
366 109
432 175
4 269
295 46
378 121
309 54
205 68
152 121
180 93
208 65
3 270
263 38
373 116
347 90
387 130
186 87
385 128
384 127
64 209
356 99
407 150
338 81
104 169
98 175
15 258
491 234
505 250
444 187
308 55
261 40
78 195
479 222
323 66
268 39
300 49
472 215
100 173
144 131
416 161
185 88
502 245
8 265
138 135
68 205
431 174
105 168
102 171
204 69
281 36
371 114
269 40
58 215
178 95
332 77
84 189
397 140
223 57
168 106
395 139
314 58
341 85
490 234
195 79
262 40
54 220
372 116
324 68
501 245
347 91
166 108
298 48
468 212
447 191
455 199
83 191
345 91
189 85
418 162
232 52
131 143
430 174
373 117
6 268
144 130
134 140
86 188
296 48
226 56
359 103
246 48
215 63
102 172
479 223
331 75
148 126
143 131
353 97
351 95
187 87
478 222
363 107
294 46
50 224
312 56
489 233
24 250
277 41
413 157
163 111
403 147
9 265
449 193
61 213
125 149
346 90
53 221
115 159
411 155
15 261
487 231
268 40
486 230
208 66
56 218
57 217
136 138
235 53
375 119
321 65
499 243
335 79
40 234
285 37
209 67
239 51
4 270
242 50
419 163
269 41
280 38
27 247
3 271
251 45
366 110
450 194
158 116
34 240
233 51
318 62
476 220
469 213
392 136
80 194
35 239
48 226
82 192
181 95
282 36
387 131
204 70
126 148
438 182
160 114
63 211
254 42
114 160
377 121
176 98
39 235
485 229
49 225
154 120
385 129
258 42
58 216
470 214
379 123
274 42
446 190
103 171
12 262
383 127
8 266
253 43
451 195
141 133
380 124
315 59
325 69
267 39
322 66
229 53
504 248
409 153
182 92
97 177
26 248
108 166
397 141
245 49
279 39
302 52
474 218
68 206
217 63
90 184
124 150
78 196
29 245
424 168
255 41
231 53
191 83
287 39
71 203
506 250
477 221
308 56
139 135
494 238
79 195
440 184
297 47
463 207
197 77
213 65
352 96
128 146
378 122
426 170
96 178
292 44
247 47
400 144
21 253
444 188
113 161
38 236
192 82
64 210
43 231
87 187
162 112
227 55
306 54
461 205
305 53
142 132
362 106
44 230
311 55
destination
