map
random512-40-2.map
pivot
207 165
agent & start
425 101
419 77
397 107
427 103
438 112
449 51
446 50
443 113
422 104
424 102
445 49
384 98
404 94
466 172
441 111
453 205
455 205
458 182
452 206
444 46
431 109
444 114
426 102
440 110
421 75
385 97
469 17
450 50
420 76
442 112
391 95
468 16
456 204
403 95
446 49
469 16
458 181
440 111
426 103
384 97
444 45
404 93
419 76
448 51
402 95
465 172
447 50
424 103
422 105
441 112
423 104
454 161
397 108
456 159
393 92
454 205
458 159
431 110
398 107
425 102
452 205
403 94
465 170
443 114
449 50
439 112
420 75
391 94
442 113
455 204
454 162
404 92
432 110
398 108
402 94
455 203
442 114
397 109
470 16
455 161
458 160
458 180
457 159
440 112
465 171
445 45
393 91
455 163
399 107
418 76
456 160
464 170
419 75
430 112
454 204
403 93
446 48
423 105
392 92
448 50
390 94
384 96
457 179
452 204
425 103
390 93
404 91
441 114
393 90
403 92
392 91
399 108
455 164
470 15
458 161
425 104
454 203
446 45
391 92
447 48
424 105
455 162
384 95
456 161
430 113
452 203
451 164
419 74
464 171
397 110
440 113
446 47
402 93
418 75
457 178
431 112
458 179
432 111
448 49
457 160
454 164
392 88
453 203
430 114
425 105
389 93
451 165
459 177
456 162
402 92
384 94
463 171
446 46
404 90
470 14
399 109
447 45
448 48
417 75
447 47
398 110
392 90
418 74
390 92
432 112
452 164
440 114
457 161
458 178
439 114
457 162
453 202
471 14
392 89
431 114
384 93
401 92
459 176
448 47
417 74
450 47
453 164
452 165
462 171
391 88
458 177
399 110
454 165
451 46
403 90
472 13
389 92
470 13
425 106
447 46
449 48
390 91
440 115
390 79
391 90
432 113
403 89
450 46
438 114
432 114
385 93
389 79
454 200
391 89
439 115
453 201
449 47
389 91
433 113
401 91
471 13
448 46
400 110
470 12
453 165
425 107
452 46
402 90
399 111
431 115
472 12
390 80
458 176
462 170
457 163
416 74
453 166
433 114
386 93
452 199
402 89
431 116
389 80
416 73
401 110
389 90
400 111
457 164
458 165
428 107
384 83
472 11
388 91
386 83
454 199
471 12
452 45
385 92
388 81
462 167
461 170
414 73
425 108
453 200
413 72
457 176
390 89
390 81
387 92
401 90
438 115
449 46
462 168
427 107
452 198
400 90
389 89
457 165
437 115
431 117
449 45
387 83
439 117
384 84
388 90
389 81
452 44
387 91
386 92
425 109
388 84
413 71
401 111
428 108
388 82
461 169
432 118
456 176
433 115
426 108
458 166
472 10
385 83
438 116
453 167
414 72
434 114
402 88
461 167
415 73
454 198
471 11
453 199
455 176
387 90
433 118
457 166
414 71
426 109
439 118
427 108
402 111
401 88
389 82
388 89
449 44
454 167
434 115
385 84
415 72
438 117
453 198
459 166
432 117
456 165
386 91
471 10
400 89
461 168
455 166
458 167
388 83
389 84
452 43
452 197
460 167
436 115
438 118
400 88
386 90
471 9
397 89
455 167
453 197
451 43
459 167
460 168
456 166
427 109
385 85
472 6
416 70
386 86
433 117
437 117
389 83
449 43
415 71
387 89
402 112
435 115
414 70
455 177
436 116
471 8
472 7
434 117
417 70
415 70
400 87
414 69
450 43
435 116
397 88
456 167
454 177
391 84
386 87
390 83
471 6
402 113
386 89
436 117
385 90
437 118
398 89
427 110
385 86
453 196
459 168
399 88
450 42
471 7
453 195
459 169
414 68
392 84
435 117
384 90
396 88
456 168
453 177
418 68
415 69
398 88
391 83
427 111
385 89
451 179
401 113
386 88
385 87
469 5
417 69
399 87
418 66
436 118
417 68
392 83
428 111
415 68
470 7
385 88
391 82
468 5
384 89
436 119
399 86
396 87
437 122
393 84
451 40
450 179
426 113
457 168
453 194
383 90
418 65
452 177
398 87
469 6
418 67
449 178
401 114
451 178
435 118
457 172
458 169
450 41
454 195
469 8
426 114
451 39
383 89
392 82
456 172
452 36
450 40
455 193
417 67
452 176
435 119
450 178
418 64
468 6
393 83
398 86
384 88
427 113
449 177
457 169
457 171
428 112
468 8
415 67
452 38
400 114
396 86
437 123
436 122
454 194
469 7
435 120
450 39
383 88
398 85
428 113
427 114
393 82
450 177
452 175
456 193
457 170
446 41
455 172
454 193
396 85
400 115
382 89
449 40
468 7
467 6
451 36
451 38
451 176
416 67
417 64
436 123
452 37
437 124
449 176
435 123
451 175
446 40
467 7
455 171
396 84
398 84
428 114
446 174
416 66
466 8
447 41
453 173
456 170
416 64
394 82
449 39
450 176
451 37
434 120
436 124
448 40
456 192
450 38
382 88
454 172
435 125
454 192
448 176
400 116
447 175
400 117
456 191
446 173
449 38
448 175
382 87
447 174
397 84
454 171
466 7
394 81
465 8
435 124
450 37
431 130
396 83
453 172
431 128
452 173
455 170
416 65
434 125
454 191
434 123
433 120
447 40
450 175
428 115
401 117
430 130
447 173
450 174
434 124
449 37
448 174
433 121
431 129
455 191
453 171
465 7
415 65
448 38
397 83
456 190
430 128
395 81
381 87
447 39
452 172
396 82
434 122
454 170
429 115
381 86
433 124
455 188
464 7
453 170
402 117
433 122
432 125
462 7
432 121
451 172
447 38
429 116
455 190
430 129
448 173
448 37
396 81
429 130
414 65
450 173
380 87
397 82
463 7
448 172
378 86
461 7
461 5
428 130
450 172
451 171
380 86
432 124
455 189
413 65
462 6
448 36
455 187
429 129
397 81
448 34
431 125
429 117
432 122
452 170
402 116
414 64
431 121
446 38
450 171
413 64
414 63
428 129
454 189
447 34
431 122
427 130
402 115
379 86
398 81
448 35
455 186
451 170
446 37
463 8
460 5
431 124
449 172
378 85
429 118
429 126
461 6
448 171
463 9
464 10
403 115
455 31
379 85
446 36
397 77
450 170
431 123
428 128
412 62
447 35
429 125
460 6
430 124
448 170
412 64
457 5
449 171
454 186
399 81
429 119
414 62
413 63
429 127
453 189
427 129
430 123
379 84
399 80
454 185
450 169
458 5
428 119
411 62
452 189
413 62
454 31
446 35
412 63
398 79
459 6
455 30
398 77
464 11
428 127
397 78
444 35
457 6
453 188
449 170
453 186
429 124
463 10
427 128
403 114
428 124
411 63
404 114
413 61
399 77
427 119
454 30
458 6
453 185
452 188
398 78
427 127
399 79
412 60
444 34
460 8
463 11
449 169
445 35
453 187
455 29
449 189
451 189
429 123
459 7
428 120
379 83
445 34
459 8
444 33
462 11
449 168
400 77
426 127
404 113
428 123
399 78
455 28
451 188
458 7
379 82
412 59
452 185
410 63
405 114
427 120
452 187
460 9
412 69
429 122
450 189
413 60
453 30
427 126
449 188
461 14
449 167
379 81
428 122
411 65
461 11
453 29
413 59
427 121
425 127
458 8
445 33
401 81
454 26
452 184
450 182
454 28
456 26
451 31
412 70
400 78
459 9
461 15
450 188
405 113
460 14
411 69
427 125
414 60
451 187
451 185
410 64
450 31
455 26
456 25
461 12
403 82
401 80
457 8
460 15
447 166
446 33
427 122
459 10
402 81
426 125
451 184
460 13
422 129
410 65
414 59
411 68
448 181
453 28
454 25
417 54
425 126
451 186
449 182
411 78
380 81
407 78
431 148
401 78
448 167
451 30
411 66
450 183
456 7
454 27
434 149
405 112
411 70
450 187
459 14
426 122
434 150
447 181
460 16
402 80
411 77
380 80
405 81
455 25
402 78
450 184
417 53
447 167
424 126
404 82
450 30
411 71
407 79
446 32
401 79
421 129
403 81
452 28
425 125
445 31
432 148
410 66
455 7
411 67
448 182
410 78
414 58
456 8
408 78
450 186
410 70
449 31
446 166
431 149
459 11
433 149
422 128
453 27
460 12
406 112
408 112
426 124
451 29
449 185
459 13
416 54
449 30
410 71
416 53
408 63
455 8
406 79
422 127
414 57
434 151
426 123
425 122
456 9
415 54
445 30
449 186
446 167
407 112
459 16
405 80
444 31
452 27
403 80
414 53
433 150
404 81
432 149
449 26
458 13
447 182
410 67
380 79
449 184
411 76
446 31
408 113
459 12
451 28
455 24
410 77
447 32
421 128
423 126
402 79
448 185
450 29
446 181
445 168
409 78
448 31
425 124
450 27
408 72
408 114
407 63
379 79
444 168
409 71
411 75
446 182
433 151
432 150
447 31
444 30
450 26
408 64
424 124
445 167
421 127
403 79
455 23
425 123
407 113
422 126
447 183
404 80
446 188
454 10
414 54
452 26
424 122
409 77
434 152
448 186
449 27
455 9
414 56
458 16
409 67
415 53
450 28
448 30
448 184
458 12
453 11
405 79
410 76
409 72
413 56
449 28
445 188
454 11
453 10
454 9
409 76
446 183
451 26
446 187
407 114
421 126
410 73
445 182
410 75
444 167
419 120
406 63
447 186
453 24
454 23
446 185
413 54
379 78
434 153
432 151
407 64
457 12
414 55
409 114
423 124
424 123
415 52
443 168
447 184
408 67
404 79
444 29
447 30
458 15
408 71
448 29
444 28
413 55
410 74
457 15
407 115
410 116
409 73
423 123
421 125
407 67
434 154
453 23
406 64
422 124
409 75
431 151
454 12
448 28
378 78
409 115
404 78
408 66
420 120
407 65
455 11
415 51
446 184
412 56
451 25
451 5
408 70
443 167
433 153
445 183
433 155
452 24
421 121
453 9
447 29
444 188
456 12
411 117
419 121
446 186
454 22
457 14
406 65
407 116
432 153
421 124
409 116
444 183
442 167
452 23
434 155
454 13
451 24
422 123
445 184
431 156
444 27
445 186
432 155
435 154
416 51
407 70
409 74
377 78
456 13
450 5
431 152
420 121
447 28
404 77
411 118
453 22
411 56
452 9
421 122
455 12
412 55
430 151
405 64
444 187
407 66
415 50
451 6
375 78
400 59
410 117
410 118
451 23
452 22
430 152
449 5
431 155
411 55
451 7
405 77
400 60
418 50
421 123
453 21
455 13
447 27
456 14
451 9
442 166
432 156
444 186
440 168
444 184
432 154
407 117
408 116
408 74
399 59
434 156
406 66
411 119
376 78
375 77
452 20
439 167
431 153
416 50
444 26
420 122
435 155
405 65
407 69
406 69
448 5
438 167
430 155
432 157
400 61
446 27
451 20
443 186
399 60
452 21
405 66
441 166
417 50
436 155
431 154
420 123
405 76
435 156
451 8
410 119
439 168
376 77
451 22
418 49
445 26
410 55
408 117
430 153
449 6
455 14
444 185
407 74
440 167
399 61
450 8
405 67
418 48
432 158
410 54
438 168
450 22
430 154
425 151
376 76
451 21
440 166
455 15
405 75
443 185
409 55
449 9
405 69
439 169
436 156
446 26
406 68
406 74
449 7
398 60
448 6
417 49
426 152
409 119
408 118
419 123
405 68
439 164
425 150
426 153
436 157
454 15
448 7
427 150
397 60
405 74
377 76
404 69
417 48
429 154
450 21
427 152
440 165
442 185
449 8
438 169
431 158
418 123
448 9
407 54
409 54
396 61
398 61
426 151
446 25
428 153
417 122
408 119
427 153
397 61
426 150
428 154
453 15
416 122
408 120
396 62
378 76
405 73
446 24
442 184
408 54
407 119
407 53
409 53
438 164
438 170
403 69
449 21
417 123
436 158
404 68
417 47
439 165
427 149
430 158
448 8
440 171
409 52
428 155
416 123
452 15
448 21
379 76
446 23
441 184
407 52
427 154
429 158
436 159
435 158
408 53
426 149
438 171
416 47
396 63
403 68
404 73
438 165
430 157
417 46
404 71
397 62
447 8
407 120
379 75
437 165
403 67
407 121
429 157
434 158
415 123
427 155
451 15
448 20
416 46
408 52
397 63
403 73
441 173
441 183
404 72
428 156
399 63
400 64
428 158
448 14
402 68
438 172
446 8
436 160
439 171
426 148
449 13
440 172
407 51
403 71
445 23
416 125
416 127
403 72
434 159
439 172
441 174
414 49
398 125
448 13
402 73
440 173
406 51
401 70
427 146
398 63
450 15
400 65
445 22
428 157
449 12
426 147
426 155
449 14
408 51
446 9
414 47
406 121
399 64
427 156
435 160
415 46
440 183
380 75
416 45
402 67
441 182
415 124
397 64
447 20
436 165
414 48
413 47
400 70
401 71
413 49
398 126
415 127
401 67
416 126
434 160
447 19
415 125
416 44
446 10
381 75
426 158
439 173
406 122
397 65
415 45
425 155
436 162
399 65
426 146
414 124
440 174
408 50
427 145
402 72
399 125
400 124
398 64
440 0
449 15
436 164
444 22
448 12
450 16
445 21
427 157
414 46
440 182
440 4
405 51
441 4
436 163
400 125
439 0
401 124
426 145
425 144
415 44
399 66
425 158
400 71
424 155
435 162
381 74
433 160
413 48
445 20
414 125
439 174
399 70
448 17
446 11
398 65
424 143
449 16
440 1
414 45
444 21
400 127
404 51
412 47
447 18
440 5
406 123
404 123
440 181
399 126
409 50
400 67
426 157
442 5
401 72
446 19
447 12
415 126
446 18
439 181
438 174
448 16
381 73
425 157
446 12
440 2
433 161
399 71
405 123
439 1
423 143
435 163
411 49
442 6
425 145
441 5
417 137
412 48
424 156
418 136
444 20
406 124
404 124
404 52
414 126
400 72
398 66
407 125
399 67
414 44
434 162
401 127
398 70
401 125
447 17
424 144
445 11
410 50
400 126
399 72
418 135
423 144
411 48
381 72
407 126
413 44
438 175
380 73
424 145
441 6
415 208
401 126
445 12
446 17
424 157
403 52
447 16
410 49
444 11
442 7
408 125
422 143
434 163
398 67
405 124
417 136
445 14
416 137
432 161
398 71
406 125
438 181
446 13
413 126
402 125
445 18
444 19
409 48
439 2
377 69
406 126
438 2
423 157
444 18
445 15
403 125
417 135
445 13
380 72
398 72
437 1
409 47
441 7
412 44
438 176
433 163
415 137
415 209
437 177
397 67
437 181
412 126
409 125
398 68
432 162
402 52
410 48
443 9
422 144
438 180
406 230
423 145
402 126
439 3
442 8
446 16
416 210
416 136
414 208
445 17
405 125
431 161
444 10
412 45
442 9
415 138
407 230
403 126
445 16
432 163
436 181
437 178
417 210
438 3
376 69
422 157
441 8
436 1
437 176
416 135
414 137
378 69
411 46
444 17
444 15
436 177
415 212
380 71
437 2
397 68
405 126
409 126
437 180
413 208
410 47
443 10
412 127
402 51
416 211
397 72
415 210
444 13
422 145
423 212
406 229
423 158
431 162
414 136
415 135
412 128
405 127
407 229
436 2
422 158
435 1
444 16
410 210
441 9
410 46
418 210
379 69
397 69
426 0
422 212
409 127
442 10
423 159
401 51
431 163
381 69
421 145
404 126
414 212
423 211
380 70
437 3
437 179
402 50
415 211
406 228
436 176
443 13
415 139
403 127
411 45
430 162
375 67
413 209
436 180
414 210
376 68
422 156
396 72
396 71
420 145
420 157
413 210
406 227
430 163
441 10
409 128
435 180
421 156
419 210
435 176
418 209
436 179
414 135
416 159
418 159
426 1
442 11
422 211
435 2
443 12
375 66
423 210
396 69
416 139
421 158
443 16
381 68
411 128
420 211
376 67
414 211
428 1
434 1
409 210
427 0
380 69
422 159
403 50
410 45
401 50
420 147
436 3
424 1
404 127
408 129
411 210
407 228
375 65
417 159
413 211
407 227
409 211
407 129
434 180
421 155
421 153
411 211
408 130
401 49
407 131
404 128
434 2
418 158
435 3
380 68
420 148
373 55
403 49
419 143
442 16
409 45
410 128
417 139
422 210
376 66
419 147
409 129
420 156
420 146
429 163
419 145
412 210
419 157
420 210
421 211
416 158
441 11
419 209
396 70
424 2
433 1
413 135
435 179
429 1
406 226
418 140
427 1
421 159
434 176
442 12
425 1
430 1
416 157
418 141
425 2
423 2
408 45
373 56
433 2
417 158
408 227
409 44
417 140
434 177
418 157
441 12
419 146
406 225
409 130
407 130
428 183
424 3
427 2
380 67
401 48
421 152
441 16
420 153
412 211
420 155
419 142
435 4
413 134
395 70
421 210
418 143
418 147
420 209
419 156
409 212
428 163
410 129
442 15
421 160
419 148
434 179
406 223
411 212
374 55
376 65
435 178
404 129
408 131
404 49
374 56
418 148
409 43
421 209
433 3
441 13
433 177
412 212
420 208
379 67
427 183
441 15
401 47
413 133
409 213
418 142
377 65
427 3
405 133
417 141
425 3
429 183
416 156
422 208
432 176
421 161
406 130
430 2
376 64
434 178
409 227
423 3
407 225
405 129
417 157
407 223
428 164
418 156
408 44
426 4
419 153
434 4
422 4
432 2
418 146
420 154
430 182
419 155
404 48
427 163
420 152
394 70
410 130
431 181
405 225
406 224
408 132
426 162
375 55
400 46
393 70
434 5
419 154
408 43
377 64
407 224
426 5
421 208
418 153
394 69
410 213
441 14
423 4
422 5
428 3
378 65
425 4
409 226
425 162
405 132
417 142
427 164
418 149
412 213
426 163
405 130
404 133
416 141
417 146
429 182
432 177
419 152
417 156
412 133
427 4
401 46
408 223
400 45
431 176
426 183
379 66
404 47
431 180
418 155
431 2
422 207
430 181
405 224
409 132
432 3
375 56
433 178
420 151
421 162
410 131
407 44
402 225
432 4
404 224
417 149
401 45
410 214
404 46
434 6
429 181
427 165
433 5
439 15
379 65
426 164
428 4
427 5
407 43
393 69
412 214
431 3
424 162
432 178
403 225
410 132
440 14
419 151
431 179
401 225
378 64
409 225
417 153
376 56
418 152
422 162
431 177
417 155
408 224
375 57
418 154
422 206
417 145
394 68
423 5
411 133
425 163
416 142
405 131
418 150
405 45
402 46
425 5
426 182
377 63
430 180
404 132
421 207
428 181
421 206
378 63
399 222
403 224
431 178
424 163
377 62
405 44
431 4
425 164
404 131
402 45
404 45
416 143
416 145
401 224
433 6
438 15
429 4
376 57
407 42
411 214
426 181
430 179
418 151
417 152
406 43
426 165
423 162
417 150
436 9
439 14
410 215
423 6
428 5
400 223
394 67
409 224
380 65
424 5
410 133
422 205
411 224
413 222
417 154
392 69
404 223
375 58
420 206
399 221
381 65
424 164
417 151
404 222
427 23
405 43
431 5
415 155
410 224
430 174
413 221
424 6
416 150
438 14
416 152
393 67
411 223
403 131
400 222
416 144
432 6
406 42
378 62
411 215
428 6
401 223
410 134
436 12
414 220
423 163
412 222
416 154
376 58
402 44
435 9
425 165
415 143
427 181
421 205
398 132
430 4
392 68
430 178
436 10
404 44
403 223
430 173
409 134
437 14
410 223
415 154
430 5
420 205
405 42
425 166
392 67
376 59
423 164
402 43
436 11
398 133
412 217
404 221
424 7
428 175
413 220
415 144
429 174
399 220
427 22
429 176
414 143
403 44
412 221
428 7
435 12
429 6
379 62
401 222
415 150
424 165
414 155
411 216
435 10
377 60
434 9
431 6
414 219
378 61
426 23
429 178
402 223
428 21
427 180
402 131
410 135
404 43
416 151
393 66
382 65
399 132
411 222
377 58
429 177
400 220
409 135
399 133
402 42
402 222
412 218
428 174
403 221
434 12
392 66
379 61
414 146
401 221
398 134
424 166
429 21
414 154
378 60
436 14
403 35
422 164
415 151
383 65
427 21
428 20
429 173
408 134
413 219
404 42
420 204
430 6
426 22
410 222
434 10
415 153
412 220
428 8
435 11
414 144
429 7
424 8
411 217
428 176
428 178
377 59
423 165
421 165
402 132
403 43
393 65
427 179
413 146
411 220
427 176
434 11
394 63
419 204
403 42
426 21
407 134
436 15
428 177
427 178
421 166
423 8
422 165
400 133
384 65
427 174
420 203
431 8
393 64
410 217
429 20
402 133
424 167
400 219
429 8
414 153
435 16
404 35
398 135
428 173
412 219
414 145
433 10
424 9
409 222
414 151
403 36
430 7
378 59
423 166
392 65
402 221
379 60
408 135
434 16
432 10
409 217
410 218
414 152
433 11
427 173
413 145
430 20
402 220
385 65
407 135
400 134
413 153
430 8
394 62
379 59
411 219
421 167
401 219
402 134
391 65
418 204
393 63
435 15
403 41
429 19
423 9
427 177
405 35
426 20
406 134
384 64
410 220
409 221
431 9
419 203
392 64
426 178
422 166
412 144
403 39
404 36
399 135
424 168
390 66
400 135
380 59
432 11
426 19
409 218
422 167
434 15
392 63
429 18
405 36
430 19
430 9
431 10
412 145
379 56
385 64
409 220
433 16
427 172
393 60
423 10
404 37
401 134
389 66
402 219
393 62
425 178
379 58
390 65
406 135
423 168
413 152
402 217
410 219
418 203
404 39
419 202
403 40
426 177
412 153
408 221
411 144
403 38
431 11
393 61
379 57
404 38
401 135
426 18
389 65
423 169
417 203
404 40
430 10
425 177
423 11
405 37
380 56
403 217
418 202
422 168
392 60
386 64
411 145
430 18
403 219
426 172
402 218
392 62
405 135
380 58
409 219
407 221
400 136
431 13
412 152
416 204
433 15
432 12
405 38
408 219
424 11
380 57
416 203
411 152
400 137
389 64
432 15
405 136
388 65
431 12
425 172
403 218
430 17
422 169
429 10
411 150
392 61
424 177
401 136
410 145
417 202
431 16
387 64
381 58
404 135
407 220
405 40
426 17
415 204
431 14
406 138
406 38
425 11
424 172
410 152
424 176
409 145
411 151
427 17
402 136
404 218
410 150
406 40
381 57
421 169
406 220
401 137
431 15
388 64
391 61
405 137
382 58
429 11
414 204
416 202
390 62
430 14
403 135
430 12
404 136
426 10
407 219
430 16
407 218
404 137
429 12
390 61
409 152
401 138
407 40
424 175
406 139
427 16
409 146
406 219
415 202
423 172
413 204
426 11
422 171
403 136
388 63
421 170
405 138
382 57
416 201
428 11
405 218
406 39
389 62
427 10
408 149
430 15
429 16
410 151
429 15
388 62
403 137
421 171
420 170
389 61
422 172
408 148
414 202
405 139
419 171
408 146
427 11
408 150
394 218
426 12
409 147
428 16
423 173
406 218
407 39
395 219
404 138
423 175
415 201
428 12
407 149
412 204
402 138
382 56
409 151
408 40
395 218
414 201
420 171
403 138
396 219
408 151
421 172
428 15
413 202
412 203
423 174
405 140
406 149
382 55
394 217
406 217
419 172
388 61
408 39
408 147
427 12
407 146
387 61
403 139
396 218
407 147
382 54
405 141
395 217
407 151
406 148
409 39
420 172
406 216
412 202
414 200
427 13
422 174
397 219
428 14
404 215
403 140
387 60
420 173
382 53
396 217
414 199
427 14
410 39
413 200
405 148
397 218
406 143
398 219
412 201
404 141
406 147
407 152
406 215
395 216
421 174
383 53
395 215
410 38
398 218
411 199
409 37
403 215
414 198
402 140
404 214
412 200
406 152
403 141
406 214
411 201
426 14
404 142
387 59
405 147
397 217
405 143
405 215
420 174
421 175
406 144
410 201
420 175
387 58
403 142
402 215
405 214
412 199
398 217
408 37
395 214
425 14
413 198
411 200
405 144
405 152
409 36
403 212
402 141
402 143
384 53
393 212
410 37
399 218
405 146
406 145
406 213
398 216
420 176
386 58
402 142
399 217
419 177
401 141
384 52
405 213
394 212
405 145
408 36
400 216
395 213
404 152
425 13
404 212
410 200
402 214
410 36
402 212
393 211
406 212
412 198
403 143
409 200
403 152
401 212
406 211
407 36
401 214
395 212
405 212
394 211
404 151
419 176
410 35
399 216
403 144
424 13
385 58
401 142
412 197
404 145
384 57
418 177
400 215
385 52
410 198
409 199
407 201
410 34
401 213
406 206
406 210
386 52
418 176
402 152
403 145
385 57
384 56
407 207
405 211
403 147
411 197
399 215
400 142
396 212
408 206
408 198
400 214
423 13
395 211
407 35
403 151
400 143
407 34
395 210
422 13
409 198
408 199
405 210
399 214
396 211
409 34
406 201
401 144
417 176
418 175
407 206
420 17
416 17
407 202
403 146
397 212
406 207
402 151
410 197
407 200
402 147
408 203
408 205
400 213
387 52
385 56
406 208
402 198
417 17
408 34
422 14
401 151
416 16
388 52
409 197
405 207
417 175
401 145
407 199
407 205
402 146
405 201
419 17
421 13
398 212
397 211
405 209
407 203
387 53
400 144
399 213
396 210
408 204
420 16
386 56
421 15
402 197
405 200
405 208
420 13
399 144
418 17
417 174
402 195
389 52
406 203
401 146
396 209
388 53
409 196
407 204
399 212
420 15
403 198
408 33
400 145
417 16
421 14
386 55
387 54
419 16
401 150
406 199
398 211
408 196
396 208
418 16
403 197
408 32
403 195
399 211
398 210
404 208
399 145
406 198
389 53
416 174
420 14
400 150
402 196
406 204
397 209
407 197
387 55
405 199
398 144
404 198
400 146
405 203
389 54
405 204
403 196
399 210
400 149
418 15
402 209
413 28
397 208
400 147
406 197
398 209
408 189
410 31
419 14
398 145
388 55
405 198
416 169
399 150
407 196
399 148
417 170
399 146
409 32
403 208
416 173
416 170
398 146
397 151
397 207
409 31
410 30
411 29
389 55
397 145
418 14
405 197
399 209
408 188
401 209
398 208
415 173
407 189
417 171
406 196
390 56
415 169
399 147
404 204
412 28
403 207
399 149
411 181
402 208
413 27
404 196
398 150
396 206
415 170
402 207
414 173
405 196
415 172
397 150
390 55
409 184
396 145
396 205
391 56
407 178
399 208
401 208
412 27
407 188
411 28
397 204
416 171
413 26
403 204
409 30
411 182
396 151
406 195
398 149
403 206
397 206
418 13
410 29
398 147
406 189
410 183
398 207
411 180
401 207
403 205
407 185
406 190
399 207
402 206
406 178
400 208
406 194
396 150
414 172
406 188
395 145
407 179
397 205
398 206
392 52
397 147
397 149
409 183
408 184
417 13
398 204
411 27
405 195
409 29
415 171
410 180
402 204
391 55
414 170
392 56
412 26
410 182
400 207
408 181
396 147
394 145
406 179
405 190
393 52
406 187
408 183
410 27
409 182
401 206
402 205
406 193
407 184
411 26
408 29
407 180
392 55
397 148
417 12
414 171
407 186
413 170
410 179
392 53
398 205
405 194
395 150
391 54
410 26
406 180
400 206
409 177
406 186
410 178
408 182
412 170
393 145
403 189
402 188
405 191
413 171
396 148
393 53
401 205
405 193
407 181
408 28
406 192
395 147
392 54
394 150
407 29
417 11
399 205
407 183
395 149
405 186
417 10
406 181
408 27
402 189
409 26
411 170
412 171
392 145
410 177
409 176
410 25
393 54
407 28
403 188
405 180
404 193
395 148
403 190
402 187
393 150
405 192
406 183
407 182
400 205
394 54
416 10
411 171
403 191
393 149
405 181
404 192
410 24
400 204
392 146
394 148
408 26
402 190
404 186
410 176
411 21
403 193
406 182
407 27
403 187
402 186
404 180
403 186
405 182
408 25
410 21
401 202
411 22
410 23
400 203
403 192
404 181
393 148
392 147
410 171
392 149
410 175
416 9
407 26
395 54
401 190
408 24
409 23
402 192
403 185
404 182
407 25
410 174
392 148
396 54
401 201
401 191
415 9
409 21
400 202
410 22
409 171
396 53
400 201
410 173
391 148
400 177
401 192
409 22
403 184
414 9
406 25
409 172
404 183
408 23
409 174
407 24
412 9
400 176
413 9
392 50
406 24
409 173
390 148
408 172
412 10
400 192
399 201
391 151
414 10
403 183
396 52
408 22
403 177
401 177
392 49
399 192
408 173
407 172
400 193
407 22
405 24
396 51
398 201
390 149
402 177
391 150
398 191
393 50
402 183
390 151
413 10
407 174
400 175
399 200
404 177
390 150
401 175
402 176
400 194
413 11
407 173
401 183
406 22
392 48
404 176
398 200
397 191
396 50
399 193
393 49
395 51
399 181
398 192
406 174
405 23
404 24
397 200
400 183
396 191
398 181
393 48
404 23
399 182
406 173
398 193
389 150
394 49
398 199
413 12
400 195
395 50
406 21
404 175
402 175
398 194
397 47
393 47
395 191
388 150
387 151
402 174
403 175
403 23
405 173
395 49
400 196
397 199
404 174
396 48
398 182
405 21
412 12
399 183
409 1
394 48
399 196
387 152
411 4
396 47
398 183
402 173
395 48
412 13
395 192
408 1
403 174
403 22
404 21
404 173
388 151
398 195
397 46
394 47
409 2
397 198
411 5
398 184
396 46
397 197
398 196
411 13
403 21
409 5
387 153
393 185
388 152
407 1
410 4
403 173
395 193
395 47
404 20
409 3
410 5
404 19
405 18
387 154
409 4
407 2
402 21
409 14
395 46
406 1
388 153
410 13
393 184
403 172
403 170
394 185
397 196
397 184
396 193
408 3
401 21
409 13
402 170
396 184
388 154
396 196
402 20
399 15
393 43
396 194
403 171
395 185
401 159
405 17
393 183
408 4
406 2
390 154
395 45
408 14
410 6
404 18
393 44
390 155
401 20
407 4
396 195
402 171
402 17
406 3
409 12
388 155
404 165
401 16
400 169
399 14
389 154
407 14
400 15
404 17
408 13
392 43
410 7
394 45
400 159
393 182
401 160
405 2
395 184
399 159
401 171
393 45
394 182
395 195
400 14
394 196
403 17
395 183
400 160
400 172
404 164
409 7
401 19
407 5
388 156
389 155
398 14
402 16
403 163
405 3
408 6
408 12
404 16
401 17
400 16
402 18
403 165
400 170
407 13
392 44
392 182
409 11
399 169
403 166
398 169
400 173
392 45
402 163
401 14
405 4
406 5
402 15
407 6
389 156
408 7
400 161
400 171
403 16
409 10
402 167
395 182
391 182
399 160
394 195
388 157
399 170
401 18
399 158
397 14
400 19
393 196
407 12
403 164
400 17
406 13
399 171
400 162
402 166
402 14
399 161
389 157
396 182
392 196
407 7
397 15
394 194
401 167
408 10
397 157
402 164
400 18
389 47
398 158
391 183
403 15
405 5
401 163
398 170
405 13
395 181
406 12
392 46
399 19
393 195
399 173
398 19
396 157
390 157
401 164
393 194
390 183
391 46
406 11
407 8
392 195
405 6
395 180
399 162
392 193
399 18
408 9
389 46
401 166
397 158
397 170
397 16
403 14
400 163
390 47
398 173
391 184
396 181
398 171
404 13
405 7
401 165
396 180
407 9
395 157
399 163
398 18
392 194
391 157
390 46
406 10
398 172
397 179
396 170
396 158
397 17
391 185
403 13
391 193
390 184
399 164
396 159
377 202
390 45
391 194
396 179
397 178
403 12
405 10
397 172
392 157
397 18
405 8
400 165
390 185
406 9
396 171
395 158
404 7
391 158
396 163
396 162
393 157
376 202
396 18
403 11
396 178
390 186
402 12
397 177
390 194
394 158
399 165
397 163
398 164
392 158
404 8
396 172
405 9
377 201
390 44
396 160
388 197
390 187
377 200
395 162
395 160
402 11
397 20
396 173
375 202
403 8
389 194
397 176
396 19
403 10
393 158
392 159
398 165
396 177
396 161
389 44
397 166
397 164
404 9
388 196
389 187
395 161
389 195
388 44
396 176
397 165
387 197
397 175
375 201
403 9
374 202
396 174
376 200
396 166
393 159
397 21
402 10
396 20
402 8
394 160
388 195
389 188
402 9
387 196
387 44
395 176
376 199
396 165
394 161
396 175
396 21
393 160
397 22
374 201
386 197
399 10
387 195
388 188
386 44
374 200
395 175
396 22
385 197
386 196
400 10
376 198
393 161
401 9
395 165
373 199
399 9
394 176
385 44
392 161
374 199
377 198
395 164
375 198
386 195
395 22
394 175
385 196
400 9
378 197
387 188
384 197
373 198
388 191
393 162
400 8
393 175
394 164
374 198
388 192
384 196
385 195
387 189
393 163
385 43
392 162
386 194
375 197
388 190
391 161
377 197
394 22
378 196
400 7
393 22
384 195
374 197
386 193
383 194
377 196
387 192
393 174
392 173
391 162
393 164
386 189
387 190
385 42
374 196
392 164
393 173
385 193
377 195
386 190
400 6
399 7
386 192
385 41
386 42
383 195
392 172
391 163
384 194
392 22
384 193
373 196
392 165
382 195
385 192
376 195
392 21
391 164
386 191
386 41
390 163
385 190
393 172
399 6
375 195
392 20
399 5
373 195
389 163
398 4
385 191
381 195
386 30
388 160
393 171
376 194
391 165
384 192
372 196
384 190
386 40
372 195
384 191
388 161
381 194
375 194
388 163
373 194
390 23
387 160
391 166
387 30
386 39
388 29
384 161
398 5
379 192
397 4
386 29
393 170
391 20
388 28
390 16
391 169
390 22
378 192
373 193
385 39
379 191
390 20
397 5
388 162
389 23
382 192
390 166
387 29
385 161
375 193
384 162
391 167
381 193
387 161
392 170
372 194
386 38
380 192
383 191
386 161
389 16
385 38
381 192
384 177
389 22
390 167
372 193
391 168
390 169
397 6
390 21
396 5
391 170
388 23
387 36
387 162
382 191
378 191
388 27
385 162
390 17
374 193
387 24
387 28
387 25
389 17
373 191
381 191
388 26
390 172
382 190
385 21
386 22
385 163
384 178
386 36
390 18
372 192
388 16
374 192
388 22
390 168
387 179
385 187
391 171
387 27
396 6
389 169
384 38
386 178
377 191
387 23
389 21
387 35
385 177
386 162
387 164
389 172
387 26
385 164
386 179
384 187
389 168
388 17
386 25
386 35
384 21
376 191
384 37
386 177
388 21
380 189
386 23
374 191
388 165
372 191
387 22
385 176
381 190
385 186
385 178
385 22
390 171
387 34
386 163
388 177
385 36
388 167
396 7
387 178
389 18
386 180
385 179
385 23
387 177
375 191
380 188
388 166
386 176
395 7
388 168
381 189
384 186
386 34
372 190
386 164
382 188
386 26
388 18
387 165
387 21
384 36
389 171
385 27
389 173
385 185
388 20
388 176
384 22
385 184
382 187
376 189
380 187
387 18
386 181
384 185
384 23
385 34
384 27
386 165
389 174
384 35
383 36
381 188
385 180
387 20
387 168
387 172
385 26
388 19
394 7
372 189
383 22
387 176
375 190
388 171
387 166
393 7
386 172
383 23
375 189
386 182
388 170
377 189
381 187
379 187
384 184
386 166
386 168
388 174
382 186
383 35
376 188
384 26
383 185
387 19
385 181
386 20
384 34
387 169
387 171
372 188
387 173
387 175
379 186
382 185
377 188
386 167
386 19
374 189
385 166
386 173
385 168
381 186
372 187
393 6
383 34
381 24
385 182
382 23
384 183
387 170
373 188
386 169
384 25
390 3
386 171
379 24
391 4
378 187
387 174
383 24
383 183
382 24
374 188
381 185
384 166
386 170
391 5
385 173
385 19
384 172
392 6
379 185
373 187
385 169
377 187
379 23
382 34
384 182
380 24
389 3
383 25
385 171
381 23
381 25
390 4
386 174
385 167
384 171
391 6
382 25
383 32
383 182
381 34
385 170
379 40
390 5
384 167
380 185
381 32
389 4
374 187
384 169
384 173
382 183
383 166
380 23
384 19
377 186
385 174
379 22
388 4
389 5
378 40
383 31
382 166
383 19
384 170
379 39
380 184
390 6
381 31
382 182
382 32
380 22
381 35
374 186
382 26
383 167
376 186
384 174
378 39
382 27
382 167
382 181
383 30
379 38
376 185
383 18
375 186
381 166
380 183
388 5
383 28
380 21
380 35
383 174
383 170
382 31
389 6
373 39
381 181
381 167
382 30
382 28
375 185
383 175
380 20
382 168
379 35
379 181
382 174
379 37
378 38
380 182
383 17
383 29
389 7
388 6
382 180
382 170
379 36
388 7
373 38
379 182
383 16
381 180
382 29
374 39
382 175
378 181
380 19
379 20
382 169
381 168
378 37
382 179
378 19
375 184
381 29
375 39
377 37
374 38
379 19
381 179
378 36
376 38
387 7
378 182
383 15
374 0
381 169
378 18
375 183
380 180
377 183
382 176
377 36
369 2
380 179
375 38
375 182
376 37
378 17
380 169
374 1
376 183
382 15
387 8
382 177
377 182
371 0
379 18
381 178
386 7
370 1
380 29
373 0
380 17
375 37
371 1
373 1
380 174
378 16
372 0
376 36
370 2
380 16
376 182
379 17
379 29
381 177
375 181
380 30
386 8
382 14
380 178
369 3
374 36
379 169
379 16
376 35
386 9
372 1
378 169
381 14
380 15
380 177
371 2
369 4
385 8
379 174
379 30
375 36
380 175
374 35
376 181
372 2
380 176
378 30
379 175
376 180
385 9
377 169
380 14
375 35
379 15
371 3
378 14
370 4
375 34
379 176
376 179
385 10
372 3
371 4
376 33
377 170
379 14
377 30
378 171
378 13
371 5
376 178
378 172
384 10
375 33
379 13
377 31
376 32
377 171
373 3
376 30
375 179
378 176
375 178
377 176
374 177
383 10
376 31
375 32
372 5
377 172
374 179
374 3
376 177
379 12
373 5
373 179
382 10
375 177
376 172
374 178
376 176
375 3
375 31
379 11
374 31
380 11
372 35
372 179
376 173
373 6
373 178
381 10
375 176
381 8
375 4
372 177
381 9
378 6
375 175
380 10
362 180
371 179
379 7
373 31
372 178
372 34
375 5
371 35
376 174
373 7
371 177
380 8
370 177
373 172
380 9
373 32
371 34
371 178
378 7
377 6
363 180
374 7
375 6
379 8
362 183
361 180
374 173
375 174
370 179
374 175
372 33
364 180
361 181
373 175
379 9
370 178
362 182
375 7
374 174
371 33
361 183
372 32
373 173
377 7
369 179
372 172
373 174
360 183
360 181
371 32
375 8
365 180
376 7
372 173
378 9
369 178
361 182
368 179
366 180
376 8
367 179
360 182
372 174
371 31
368 178
372 30
378 10
371 169
359 183
376 9
372 29
371 174
371 30
370 169
371 170
369 176
377 10
366 179
367 178
359 182
377 11
371 171
367 177
370 174
370 30
370 170
369 175
368 176
376 10
371 29
366 178
358 182
357 182
368 175
369 174
367 176
375 10
369 170
370 171
366 177
370 29
370 173
376 11
369 171
351 181
368 174
357 181
369 29
374 12
368 30
350 182
366 176
365 177
349 183
370 172
375 11
374 10
356 181
350 181
368 173
373 12
368 171
367 30
369 172
364 177
368 29
348 183
349 182
357 180
365 176
366 175
374 11
352 181
358 180
353 181
367 29
364 176
373 11
365 175
349 181
348 182
356 180
368 172
352 180
355 181
367 171
350 180
368 12
366 174
349 180
368 13
366 173
369 12
372 11
367 172
354 181
353 180
367 28
365 174
364 175
366 171
355 180
359 180
348 181
370 12
366 172
359 179
353 179
366 28
363 175
365 29
347 181
369 13
371 11
348 180
354 180
365 173
349 178
354 179
364 29
364 173
365 28
365 172
347 180
370 13
363 174
371 12
359 178
363 173
364 172
364 28
347 179
362 174
371 13
350 178
354 178
348 178
359 177
347 178
350 177
364 171
349 176
363 172
351 178
354 177
359 176
362 173
371 14
363 28
361 27
362 172
363 171
350 176
347 177
351 177
361 169
352 178
371 15
362 28
348 176
353 177
359 175
360 169
360 27
359 28
362 171
361 28
351 176
370 15
352 177
361 170
361 172
350 175
371 16
347 176
358 175
361 171
358 174
371 17
347 175
352 176
359 29
351 175
346 176
360 28
360 170
370 16
361 30
352 175
351 174
358 173
370 19
347 174
369 16
371 18
370 17
346 175
344 175
360 29
359 170
360 171
360 30
369 17
370 18
369 19
352 174
344 174
358 172
358 170
357 173
359 171
345 175
361 31
368 16
351 173
346 174
351 172
357 172
355 174
360 31
361 32
358 171
369 18
345 174
352 173
367 16
360 32
359 31
345 173
352 172
357 171
354 174
353 173
355 173
367 17
363 35
368 18
367 18
359 32
356 171
353 172
354 173
345 172
363 36
360 33
362 35
354 172
355 171
359 33
361 35
356 170
366 18
360 34
366 20
344 172
363 37
362 36
355 170
359 34
354 171
342 171
360 35
362 37
365 18
366 19
363 38
365 20
343 172
362 15
362 38
360 36
359 35
343 171
365 19
362 16
363 17
342 170
354 170
361 15
362 18
361 37
360 37
342 169
343 170
353 170
364 19
363 18
361 16
354 169
362 17
359 36
361 38
359 37
353 169
343 169
365 25
360 38
361 17
358 36
361 39
344 168
363 19
364 25
363 20
359 38
363 26
345 168
360 39
359 16
344 169
352 169
360 17
371 160
358 37
365 24
355 17
364 22
359 17
370 160
351 169
363 21
346 168
363 25
371 159
360 18
358 38
358 16
362 20
368 162
360 40
364 24
362 26
345 169
364 23
367 162
346 169
357 38
356 17
366 163
360 19
362 21
370 159
360 41
358 17
368 161
362 25
363 22
369 160
351 168
359 18
358 39
359 40
355 18
365 163
358 40
357 39
359 41
362 22
369 159
366 162
362 24
356 18
351 167
369 157
368 160
347 169
370 158
363 23
359 19
360 42
357 17
361 22
365 162
357 18
367 154
349 168
358 41
366 161
369 158
368 157
368 159
366 155
358 19
359 42
362 23
350 167
357 40
348 169
358 42
368 152
349 167
358 20
368 158
357 19
361 23
367 153
364 162
348 168
366 160
366 154
360 22
367 159
356 40
365 155
365 161
367 158
365 154
357 20
348 167
363 162
359 22
355 40
359 44
356 41
365 160
367 152
358 43
360 23
366 159
368 151
356 48
368 150
355 41
362 162
366 152
358 22
359 23
366 158
359 45
364 160
363 161
357 21
358 44
365 153
347 167
352 41
355 48
367 150
365 158
347 166
355 42
356 21
361 162
365 152
357 22
364 159
364 153
354 41
362 161
358 45
356 47
358 23
347 165
356 46
365 151
364 152
361 161
355 47
366 150
357 45
354 42
367 149
362 160
357 23
364 158
355 43
353 41
355 21
352 42
367 148
363 152
365 150
356 45
356 23
346 165
360 161
360 151
350 41
359 150
358 149
367 144
336 169
355 22
363 158
355 46
353 42
352 43
285 242
355 44
361 160
284 241
362 152
354 46
358 160
336 168
361 151
360 160
349 41
366 148
366 144
284 242
355 23
362 158
359 149
352 20
285 241
345 165
364 150
348 20
353 43
355 45
360 150
367 145
284 240
358 148
359 161
354 44
289 241
350 40
337 169
367 147
366 145
361 152
281 244
354 45
288 241
284 243
300 53
289 240
359 148
360 159
358 159
365 148
337 168
361 158
364 149
345 164
362 151
350 39
351 20
352 21
360 149
348 21
366 147
362 157
286 241
354 23
363 150
338 169
285 240
353 44
359 160
349 20
348 41
350 21
286 240
365 147
365 145
354 26
344 164
351 39
366 146
362 156
338 168
352 22
351 21
361 149
287 241
275 215
340 168
350 38
348 42
282 244
299 53
283 243
354 24
349 21
348 22
300 54
364 148
353 45
270 216
360 148
360 158
281 243
361 153
359 159
288 240
362 150
339 169
340 167
299 54
360 153
275 216
348 43
354 25
353 48
271 216
349 22
364 147
359 158
352 23
353 26
289 238
362 149
361 156
339 168
351 22
288 239
344 163
361 154
274 215
365 146
351 38
353 24
343 164
270 217
282 243
300 55
352 45
286 239
281 242
361 148
360 157
287 240
285 237
353 47
287 239
363 147
274 216
359 157
360 154
339 167
291 237
298 54
288 238
349 43
289 237
340 166
349 23
351 23
275 217
282 242
353 25
292 236
343 163
351 45
272 216
352 48
362 148
352 46
364 146
351 37
342 164
360 156
299 55
270 218
293 235
351 48
273 216
340 165
274 217
285 236
293 234
348 53
282 241
272 217
359 156
276 223
287 238
350 23
292 235
351 46
297 56
360 155
271 218
269 234
352 25
299 56
351 36
342 163
275 218
363 146
362 147
352 47
291 236
290 237
286 237
283 236
349 44
339 166
284 237
349 24
298 55
351 24
272 218
287 237
282 240
282 236
298 56
291 235
292 234
273 217
341 163
351 25
339 165
347 53
351 35
275 223
285 235
338 166
349 25
283 237
270 234
350 24
destination
