map
random512-30-4.map
pivot
15 394
agent & start
487 76
483 72
498 89
473 64
499 96
504 97
485 74
480 69
456 37
505 100
511 106
421 4
501 96
505 98
451 32
424 5
496 87
471 58
471 62
425 6
506 99
467 52
494 85
420 5
489 82
482 71
486 75
434 17
458 47
474 65
434 21
423 4
426 7
457 42
479 70
427 10
431 14
510 105
432 15
468 55
506 101
430 13
500 97
492 83
458 41
503 96
488 81
455 36
481 70
422 3
491 82
472 63
450 31
470 61
489 78
499 94
489 80
433 16
495 87
434 20
499 93
421 5
480 70
485 75
486 76
467 55
471 63
466 52
488 78
491 83
498 94
498 96
432 16
470 62
454 36
487 77
425 7
503 97
509 105
505 101
473 65
455 37
489 83
431 15
457 41
458 48
467 51
429 13
450 32
422 4
470 58
504 100
502 96
472 64
498 90
434 18
501 97
427 11
424 6
494 86
488 80
482 72
505 99
488 82
466 50
510 106
486 77
429 14
433 18
481 72
454 37
498 91
484 75
425 8
498 95
494 87
467 54
487 80
491 84
466 53
485 76
430 15
488 83
453 36
469 58
465 50
497 90
467 56
502 97
504 101
509 106
466 51
457 40
433 20
469 62
466 55
480 73
498 93
504 99
497 94
422 5
449 32
501 98
432 17
427 12
423 6
488 79
426 11
470 63
472 65
510 107
458 49
480 71
486 78
427 13
433 19
464 50
483 75
466 54
482 74
509 107
428 14
422 6
487 79
510 108
509 111
426 12
429 15
448 32
503 99
467 61
424 8
425 9
446 32
425 11
484 76
485 77
496 90
510 110
488 84
469 63
432 18
465 51
468 62
497 93
466 56
456 40
467 57
430 16
463 49
423 7
454 38
481 73
480 72
497 91
459 49
497 95
455 39
453 37
490 84
469 59
470 64
509 109
502 98
431 17
496 94
493 87
504 102
471 65
465 55
424 9
467 60
465 54
452 37
484 77
469 64
465 56
504 103
462 49
425 28
423 8
453 38
509 108
473 68
491 86
422 7
487 84
425 12
508 109
482 75
425 26
481 74
470 65
444 33
464 51
460 49
455 40
508 111
430 23
488 85
503 102
464 55
446 33
454 39
509 110
466 61
428 15
496 95
495 94
426 27
468 63
502 99
427 14
448 33
424 11
485 78
463 50
493 88
496 91
511 110
486 79
483 76
447 32
467 58
495 90
492 87
490 85
443 34
496 93
464 57
468 59
459 50
427 26
479 72
432 19
430 17
424 10
423 9
491 87
448 34
425 25
492 96
451 37
465 57
443 33
424 12
495 93
431 21
429 23
469 65
508 108
425 13
490 86
472 68
493 89
426 26
483 77
427 25
426 14
471 67
496 92
455 41
445 33
422 8
452 38
481 75
487 85
504 104
508 110
507 111
505 103
498 98
447 33
424 28
473 69
461 75
492 88
427 15
507 109
430 18
508 112
470 66
511 111
444 32
467 59
464 54
428 24
466 62
464 56
485 79
488 86
444 34
503 103
430 22
463 55
454 40
460 50
496 96
462 50
425 27
502 100
431 19
463 51
478 72
494 94
453 39
494 90
468 64
465 61
461 74
492 89
492 97
427 24
453 40
423 10
506 111
461 50
462 51
465 60
477 72
465 58
495 98
495 92
483 78
467 64
427 16
489 86
490 87
454 41
431 20
424 27
494 93
463 56
423 12
471 68
469 66
451 38
450 37
453 44
494 91
443 32
487 86
460 51
505 104
486 81
479 74
506 113
480 75
491 96
481 76
445 34
465 62
501 100
507 112
425 14
486 83
444 35
464 61
429 18
506 109
511 112
503 104
493 90
460 75
478 73
492 95
491 88
447 34
484 79
466 59
422 9
507 108
463 54
496 97
497 98
426 25
472 69
424 13
462 63
428 23
470 67
493 98
498 99
430 21
507 110
442 30
485 81
462 62
423 13
507 107
493 91
453 41
422 10
426 24
466 66
454 42
465 63
490 88
491 95
429 19
450 38
453 49
469 67
477 73
466 64
418 6
489 87
468 66
498 100
454 48
494 98
493 93
502 104
462 74
462 54
507 113
506 108
491 97
486 86
470 68
430 20
505 105
501 101
452 74
423 27
455 77
461 51
464 60
429 21
460 74
506 106
483 79
464 62
428 22
445 35
479 75
426 16
443 31
463 63
491 89
422 12
453 43
476 72
462 56
510 112
484 80
494 92
461 73
493 99
454 76
485 83
497 99
478 74
465 59
492 94
506 114
506 110
463 61
425 15
486 82
452 44
471 69
500 100
447 35
509 113
481 77
496 98
491 94
454 47
462 61
457 76
498 101
423 26
429 20
500 101
428 21
462 57
435 24
450 39
447 36
465 64
455 48
461 54
483 80
460 73
474 73
441 30
421 10
418 7
491 90
466 65
463 64
458 75
501 104
489 88
461 52
455 76
506 107
472 71
505 106
494 99
476 73
492 99
464 63
426 17
417 6
425 16
497 100
423 14
452 49
456 77
499 100
480 77
501 102
481 78
452 41
492 93
510 113
485 82
462 53
452 73
471 70
505 110
477 76
467 66
493 92
475 72
452 43
453 42
486 87
464 59
479 76
484 81
463 60
468 67
421 12
463 74
453 48
453 50
496 99
427 22
492 91
454 75
469 68
442 31
459 74
491 98
426 23
433 34
454 49
477 74
446 35
451 44
482 79
509 114
453 74
507 114
466 67
427 21
452 42
421 13
464 64
483 83
458 74
508 114
507 115
481 79
492 92
504 106
456 76
475 73
424 24
468 68
485 87
462 60
489 89
494 100
424 16
483 81
426 22
462 70
477 75
476 74
470 70
463 73
474 74
482 80
426 18
490 90
505 107
484 82
453 73
460 72
453 47
492 100
451 49
441 31
452 46
465 65
457 75
486 88
467 67
434 24
449 39
420 14
451 45
462 72
479 77
440 30
421 11
456 48
437 31
478 76
446 36
454 50
454 74
463 59
427 19
473 73
459 73
461 53
472 72
428 20
504 110
491 93
491 91
455 75
491 99
423 15
501 103
435 25
436 32
420 10
461 57
510 114
423 25
496 100
416 6
471 71
433 33
422 14
425 23
451 43
434 34
447 37
499 101
461 71
418 8
436 26
424 17
500 103
489 90
455 74
457 74
459 72
425 18
427 20
452 47
478 77
425 22
491 92
423 16
416 7
434 33
473 74
460 53
451 42
463 72
451 46
447 38
488 89
426 21
418 9
503 110
490 107
476 75
461 58
479 78
510 115
491 100
487 88
469 70
480 79
470 71
421 14
504 109
503 106
437 32
462 71
424 23
436 27
482 81
458 73
482 83
504 107
486 89
441 32
464 65
436 31
483 82
446 37
468 69
455 50
426 19
483 84
462 59
419 10
456 75
436 33
475 74
453 72
508 115
499 102
451 48
471 72
467 68
440 31
420 15
435 26
423 24
433 24
435 32
420 11
493 102
460 71
472 73
435 34
449 40
484 87
461 70
456 49
448 39
450 43
495 100
417 9
503 109
423 17
463 71
482 84
464 66
486 90
484 88
423 23
472 74
447 39
463 67
491 107
433 25
416 8
460 58
461 59
419 11
488 90
475 75
490 100
490 92
451 47
510 116
448 40
457 73
450 48
435 27
425 19
434 32
481 81
489 91
435 35
464 70
418 10
483 89
458 72
503 107
469 71
459 53
483 85
414 8
436 30
456 74
495 101
424 22
491 101
456 50
478 78
450 42
440 32
460 70
454 72
482 82
445 37
422 16
426 20
494 102
490 106
502 110
467 69
473 75
421 15
449 41
479 79
415 9
487 89
436 34
508 116
468 70
435 31
471 73
437 33
472 76
470 72
429 33
499 103
502 106
483 87
455 73
492 102
440 33
486 91
460 69
457 50
424 21
446 39
489 100
422 17
481 82
448 41
495 102
481 84
423 22
470 73
449 42
501 110
490 105
497 102
499 104
435 36
423 18
429 34
425 20
458 51
477 78
483 88
472 75
417 10
414 9
492 107
459 70
489 92
436 29
464 71
503 108
509 116
432 25
502 107
483 86
445 38
415 10
465 70
463 66
467 70
498 103
500 105
458 53
468 71
437 34
488 91
479 80
413 8
462 67
494 103
511 118
459 52
430 33
413 10
435 28
434 31
459 58
482 89
491 102
492 103
473 76
444 37
458 71
438 33
419 12
435 30
487 90
456 73
412 11
491 106
460 59
421 16
480 81
510 117
475 76
491 104
439 32
450 47
434 27
455 72
416 9
418 11
492 106
466 70
502 108
412 8
500 106
413 9
458 60
456 60
489 99
477 79
448 44
501 109
491 103
423 19
489 93
482 88
474 76
414 10
476 78
490 104
429 35
432 26
437 35
511 119
412 10
456 72
438 34
458 70
509 117
418 12
435 29
488 92
482 86
480 82
431 25
417 11
430 34
439 33
496 102
497 103
486 92
499 105
481 85
495 103
465 71
470 74
436 36
446 40
449 47
510 118
487 91
462 66
433 27
445 39
424 20
471 75
479 81
490 102
419 13
430 32
494 104
459 59
421 17
457 51
448 42
459 69
411 11
468 72
443 37
500 110
416 10
458 52
423 21
434 30
432 32
423 20
457 70
429 36
495 104
410 11
480 83
458 69
469 74
429 26
499 106
433 28
417 12
498 105
449 46
416 11
414 11
496 103
434 29
461 66
457 60
500 107
443 38
486 93
470 75
497 104
436 37
466 71
431 26
481 86
493 106
509 118
479 82
421 18
412 9
500 109
438 35
480 85
465 72
510 119
431 34
489 98
433 30
457 52
468 73
411 8
445 40
489 102
431 32
422 19
462 65
487 92
476 79
501 108
456 71
474 77
481 88
490 103
489 94
413 12
440 35
448 43
442 37
456 59
432 31
418 13
458 59
439 34
448 45
489 103
480 86
447 45
475 79
488 94
431 35
432 30
460 66
498 106
470 76
509 119
457 69
411 9
416 12
410 10
445 41
481 87
430 36
446 42
487 93
494 106
438 36
499 109
421 19
417 13
448 46
474 78
479 83
496 104
499 107
489 97
477 81
413 13
447 43
469 75
420 18
442 38
439 35
461 65
479 85
433 29
418 14
456 52
507 117
505 115
429 27
500 108
456 70
506 116
457 67
422 20
431 27
457 59
467 73
508 118
410 8
430 26
466 72
437 37
506 118
440 36
431 31
414 12
480 88
460 63
498 109
499 108
438 37
488 103
414 13
507 118
454 69
431 36
416 13
442 39
417 14
496 105
408 7
458 67
506 117
445 42
447 46
475 80
497 106
455 70
405 6
479 86
469 76
419 18
455 52
461 64
410 9
446 43
456 53
477 86
443 40
460 65
444 41
488 97
487 94
473 78
476 81
406 7
495 106
457 68
477 82
466 73
504 115
430 27
409 8
480 87
488 95
505 116
508 119
439 36
421 20
431 30
467 74
457 58
432 29
478 83
496 106
439 37
466 74
478 84
477 85
507 119
476 82
405 7
459 63
498 108
445 43
476 86
444 42
471 81
477 83
506 120
457 57
442 40
430 28
414 14
438 38
419 17
418 16
432 36
475 81
409 9
505 117
497 107
441 39
456 68
488 96
479 87
487 95
460 64
431 29
454 52
416 14
443 41
457 55
408 8
487 97
504 116
455 69
420 24
407 7
477 87
455 53
418 20
458 66
486 100
473 79
419 19
459 65
468 76
447 47
454 68
404 6
431 37
487 103
420 20
497 108
485 100
467 76
486 99
417 16
438 39
401 6
478 87
417 20
510 123
420 23
420 21
473 80
504 117
476 87
407 8
455 54
432 37
408 9
404 7
471 80
447 48
400 7
455 68
458 65
416 15
430 29
418 17
454 53
508 121
443 42
403 6
418 19
465 74
470 81
476 85
466 75
507 120
486 103
419 24
457 56
476 83
487 96
459 64
468 77
419 20
454 67
496 107
487 104
441 40
471 82
439 38
474 81
456 55
509 122
415 14
472 81
445 44
405 8
506 121
477 84
470 82
504 118
509 123
454 66
507 121
474 82
455 67
470 80
485 103
443 43
442 42
455 55
407 9
417 19
417 17
496 108
400 6
472 82
429 29
433 37
485 99
457 65
399 7
456 56
486 104
419 23
484 100
468 78
404 8
402 6
475 83
403 7
415 15
420 22
467 77
416 16
454 54
432 38
419 21
476 88
465 75
473 81
508 122
486 96
510 124
468 82
440 40
437 39
441 41
477 89
478 88
458 64
442 44
469 81
448 48
439 39
476 84
444 44
437 40
468 79
416 17
415 16
456 65
468 81
485 98
469 80
503 118
486 105
407 10
457 64
441 42
399 6
453 54
429 30
485 96
403 10
435 38
433 38
454 55
473 82
419 22
507 122
475 84
476 89
455 56
442 45
485 104
467 78
443 44
469 82
400 5
509 124
495 108
436 39
439 40
448 49
405 10
406 9
464 75
442 43
478 89
508 123
402 7
484 99
485 94
409 12
417 18
463 76
403 8
434 37
474 83
404 9
476 91
504 119
465 76
466 77
455 66
455 65
485 105
466 78
402 8
418 22
484 94
474 84
406 10
455 57
509 125
476 90
409 13
507 123
435 39
465 77
485 95
453 55
464 76
448 52
475 91
454 56
434 38
405 11
429 31
403 9
463 77
455 63
468 80
441 43
467 79
473 83
494 108
504 120
448 50
485 97
495 109
484 98
477 91
504 122
469 83
408 12
439 41
436 40
503 119
402 10
399 5
440 42
456 64
478 90
484 106
416 18
443 45
415 17
506 123
484 95
464 77
405 12
473 84
414 17
440 43
443 46
508 125
466 79
480 91
409 14
402 9
455 64
467 80
434 39
504 123
494 109
428 31
416 21
493 108
454 57
484 107
507 124
495 110
407 12
484 97
435 40
450 53
475 90
442 47
452 55
478 91
503 120
417 22
406 11
436 41
448 51
408 13
447 50
469 84
454 63
439 42
451 54
398 5
504 121
446 49
485 106
448 53
509 126
505 122
415 18
465 78
507 125
397 5
412 18
407 13
439 43
503 121
434 40
449 53
446 50
474 90
485 107
509 127
483 97
417 23
409 15
493 109
494 110
507 127
396 4
504 124
452 56
436 42
415 19
444 48
453 65
401 9
427 31
480 92
443 47
445 49
479 91
413 17
416 22
447 51
414 18
466 80
454 64
406 12
450 54
442 48
453 57
505 123
506 124
508 126
451 55
469 85
487 107
472 84
464 78
483 95
415 21
408 14
482 95
502 121
439 44
508 127
434 41
507 126
487 108
450 55
441 50
509 128
479 92
416 23
438 43
400 9
483 96
396 5
446 51
466 81
452 57
413 18
433 40
474 89
415 20
484 115
470 85
452 65
449 54
442 49
473 86
493 110
464 79
471 84
415 22
408 15
445 50
444 49
407 14
397 6
414 19
443 48
453 64
437 42
486 107
472 85
474 87
406 13
412 19
427 32
492 109
409 16
395 4
505 124
417 24
453 58
505 125
509 129
433 41
492 110
464 80
506 126
414 22
409 17
415 27
511 143
434 42
438 44
441 49
491 109
394 10
400 10
396 6
416 24
414 20
486 108
488 110
452 64
437 43
465 81
449 57
406 14
442 50
482 96
432 44
402 12
472 86
407 15
502 122
426 32
493 111
444 50
401 11
474 88
485 115
409 19
396 8
471 85
473 87
484 114
449 55
508 128
450 56
463 79
395 9
466 82
452 58
425 31
433 43
487 109
395 5
501 121
424 30
413 19
443 49
479 93
446 52
445 51
393 10
462 79
492 111
402 13
395 8
396 9
479 94
480 95
395 10
433 42
450 57
451 58
440 49
410 19
449 56
409 18
505 126
413 22
408 19
413 28
471 86
424 31
481 96
415 26
511 142
478 95
487 112
434 43
446 53
444 51
463 80
395 6
399 10
406 15
486 109
484 113
405 14
413 20
510 143
472 89
400 11
423 30
466 85
452 59
437 44
472 87
478 93
409 20
464 81
427 34
489 110
443 50
445 52
466 83
501 122
509 130
426 33
491 110
508 129
473 88
465 82
425 32
485 114
414 27
424 33
432 43
487 110
486 113
394 11
431 44
452 63
401 12
415 24
394 9
453 62
488 111
508 130
461 79
404 14
427 35
413 21
437 45
491 111
434 44
502 124
413 29
465 83
394 8
465 85
452 62
415 25
425 33
414 26
486 112
397 9
462 80
400 12
510 142
505 127
478 94
487 111
511 141
408 18
488 112
492 112
466 84
423 31
487 113
451 59
501 123
398 10
464 82
407 17
405 15
393 9
471 89
426 34
410 20
453 61
479 95
431 43
446 54
486 110
395 11
450 58
395 7
448 56
471 87
485 109
506 128
443 51
445 53
424 32
489 111
440 48
414 28
432 42
485 113
403 13
413 27
447 55
480 96
392 10
472 88
404 15
414 29
463 82
477 94
405 16
446 55
425 34
510 141
446 57
476 93
502 125
445 54
412 21
451 62
511 140
396 11
423 32
426 35
488 113
451 60
434 45
400 13
471 88
464 83
394 7
490 111
392 9
450 59
485 112
431 42
414 25
452 61
399 12
461 80
489 112
413 26
505 128
411 20
406 17
507 130
501 124
393 8
509 132
397 10
443 52
462 81
479 96
511 136
508 131
422 31
506 129
486 111
485 110
447 56
509 142
491 112
465 84
437 46
439 48
407 18
403 14
427 36
482 104
485 111
451 61
493 115
438 48
445 57
421 33
397 11
437 47
470 88
416 28
427 37
501 125
506 130
425 35
447 57
396 12
511 139
507 131
510 140
406 18
430 40
420 34
426 36
492 114
508 132
413 25
434 46
398 12
464 84
392 8
403 15
475 93
489 113
431 41
503 127
399 13
510 136
404 16
491 113
450 60
461 81
390 0
412 26
504 128
411 21
415 29
479 97
422 32
405 17
393 7
476 94
448 58
511 137
445 55
509 141
443 53
490 112
502 126
509 133
400 14
483 109
462 82
471 91
441 53
444 54
422 33
461 82
397 12
389 0
442 53
493 116
445 56
434 47
482 109
482 103
509 134
426 37
418 29
420 31
390 1
412 23
448 59
399 14
508 133
429 40
481 104
508 141
484 111
439 50
440 53
436 47
469 88
416 29
441 52
417 28
501 126
405 18
444 57
510 139
411 22
475 94
498 121
478 97
463 84
507 132
419 34
509 136
447 58
499 122
511 138
470 93
481 100
423 34
470 91
471 92
402 15
462 83
503 128
444 55
491 114
420 33
404 17
398 13
440 51
483 110
437 48
403 16
391 8
450 61
438 49
490 113
506 131
412 25
425 36
406 27
482 105
430 41
492 115
392 7
502 127
479 111
498 122
478 98
478 100
499 123
422 34
481 109
391 7
439 53
463 85
402 16
418 30
481 105
509 135
389 1
483 111
404 18
481 103
475 95
411 23
404 26
425 39
423 35
417 29
425 37
434 48
477 111
490 114
444 56
439 51
390 2
418 34
399 15
497 121
449 61
436 48
397 13
508 134
442 54
424 36
510 138
428 40
495 119
502 128
429 41
447 59
435 47
419 31
420 32
469 93
403 17
506 132
406 26
438 50
480 104
409 23
461 83
388 0
507 133
507 141
437 49
405 27
482 110
419 33
432 48
412 24
479 99
448 60
469 89
474 94
491 115
492 116
480 100
503 129
410 22
440 52
470 92
398 14
481 101
438 54
501 127
402 17
479 110
408 23
434 49
474 95
499 124
467 88
406 25
478 99
405 26
418 33
431 48
404 19
477 110
507 134
439 52
438 55
407 24
468 89
446 59
481 110
495 120
424 39
401 16
481 102
438 53
480 109
432 49
508 139
397 14
419 32
398 15
425 38
447 60
509 138
439 54
492 117
437 50
403 18
506 133
479 100
410 23
438 51
424 37
478 111
494 119
507 140
461 84
411 24
390 7
497 122
480 105
490 115
436 49
407 26
468 93
389 2
503 130
482 111
508 135
469 92
443 56
462 85
422 35
418 31
498 123
499 126
423 36
435 48
429 42
391 6
448 61
428 41
502 129
481 108
417 30
480 111
404 25
442 55
500 127
387 0
466 88
436 50
498 124
384 0
481 107
429 43
442 56
449 63
475 97
503 131
495 121
423 37
421 35
491 117
403 19
492 118
499 127
468 92
430 48
480 108
441 55
489 115
424 38
498 126
480 102
497 123
398 16
428 42
507 139
390 4
418 32
407 25
446 60
508 138
390 6
405 25
507 135
397 15
461 85
477 109
404 20
386 0
451 69
387 1
472 94
474 96
389 3
473 95
388 2
477 99
448 62
417 33
410 24
431 49
478 110
480 106
479 103
391 5
417 31
401 17
467 89
423 39
481 111
490 116
438 52
468 90
439 55
437 53
479 101
494 120
450 70
435 49
407 23
502 130
506 134
475 98
432 51
436 51
386 1
465 88
390 5
442 57
385 0
467 90
443 58
459 86
388 3
426 53
397 16
421 36
448 63
493 120
405 22
501 130
498 127
389 4
467 92
508 137
479 102
507 138
440 55
446 61
401 18
466 89
495 124
384 1
416 31
505 134
406 23
491 118
502 131
492 119
472 95
423 38
478 109
471 94
449 70
497 124
430 49
463 88
478 103
403 20
494 121
480 113
410 25
479 108
489 116
431 50
476 99
422 37
498 125
507 136
495 122
383 0
449 64
402 19
408 25
405 24
441 56
474 97
481 112
499 128
428 43
488 115
435 50
417 32
451 68
450 69
496 123
490 117
480 107
460 85
447 62
437 52
468 91
494 122
429 51
384 2
448 64
404 22
471 97
426 54
461 87
491 119
402 20
442 58
479 107
463 89
506 138
492 120
420 36
415 31
446 62
425 57
504 134
447 63
467 91
449 65
478 108
427 55
499 131
464 88
506 136
421 37
474 98
507 137
476 100
433 51
428 52
422 38
400 18
449 69
450 68
383 1
431 51
466 92
428 44
488 116
434 52
478 102
497 125
409 25
430 50
478 104
459 87
475 99
416 32
410 26
385 1
501 131
473 97
481 113
427 53
443 59
396 16
471 95
480 114
405 23
440 58
440 56
393 17
460 86
426 56
439 59
462 88
388 4
477 101
441 57
389 5
498 128
466 90
470 98
386 2
424 58
449 67
495 123
401 19
436 52
472 96
500 130
489 117
435 51
496 124
388 5
471 98
487 116
439 58
401 20
477 102
400 19
425 54
446 63
499 130
428 53
433 52
498 129
383 2
434 53
470 95
481 114
441 58
414 31
386 3
472 97
494 123
415 32
402 21
465 92
448 65
490 119
396 17
394 17
496 125
493 122
440 57
440 59
470 97
448 69
449 68
505 136
497 128
445 62
491 120
393 18
442 59
501 132
429 52
423 58
477 104
410 27
503 134
404 23
459 88
505 138
478 107
478 105
421 38
428 55
461 88
409 26
435 52
466 91
480 115
424 57
474 99
476 101
425 42
426 43
488 117
420 37
462 89
464 89
489 118
460 87
469 98
500 131
427 44
426 55
399 18
449 66
492 121
385 2
430 51
425 56
473 98
403 22
506 137
451 75
391 21
501 133
441 59
433 53
423 57
490 120
386 4
393 19
413 33
446 64
425 43
450 74
489 119
504 138
461 89
503 135
488 118
430 52
422 56
413 31
459 89
470 96
444 64
420 38
415 33
381 3
505 137
481 115
493 123
425 55
424 56
477 105
429 55
385 3
398 18
447 69
435 53
460 88
428 46
402 22
426 44
409 27
472 98
428 54
500 132
496 128
476 104
448 68
383 3
491 121
474 100
465 91
469 97
476 102
400 20
498 130
403 23
427 45
496 126
439 57
421 39
387 5
424 42
401 21
395 17
442 60
487 117
419 37
464 90
448 66
396 18
429 53
445 63
492 122
410 28
447 65
477 107
381 4
427 48
378 1
481 116
401 22
437 56
408 27
423 56
490 121
477 106
424 55
387 6
447 66
415 34
475 104
448 73
419 38
496 127
413 32
425 44
500 133
395 18
392 21
461 90
430 53
380 3
501 134
402 23
418 37
475 102
427 46
397 18
473 100
413 34
425 52
385 4
495 128
460 89
399 20
428 47
494 125
382 3
497 130
496 129
403 24
420 39
459 90
436 55
442 61
432 53
438 57
492 123
451 76
394 19
410 29
469 96
446 69
488 119
386 5
426 51
414 33
422 55
450 75
448 71
503 136
449 74
424 43
491 122
489 120
472 99
464 91
447 70
429 54
441 60
446 65
502 135
482 115
504 137
495 126
487 118
476 103
447 68
433 54
443 64
474 101
391 22
476 105
444 63
419 40
426 45
435 54
494 126
432 54
435 55
424 52
430 54
487 119
493 125
380 4
489 121
482 116
448 72
501 135
447 67
393 21
431 53
418 38
474 104
397 19
437 57
441 61
451 77
401 23
463 91
402 24
426 50
474 102
392 22
499 133
418 40
511 147
503 137
410 30
387 7
486 118
384 4
475 105
426 48
447 71
490 122
495 129
446 68
495 127
446 66
378 2
436 56
450 76
425 51
472 100
381 5
385 5
424 44
412 32
475 103
400 22
446 70
411 33
427 47
473 101
423 43
497 131
425 45
476 106
465 97
448 74
431 61
426 46
419 39
417 37
394 20
379 3
491 123
408 28
468 96
398 20
414 34
442 62
382 4
395 19
377 1
460 90
443 63
423 55
492 125
510 145
498 133
377 2
423 44
384 5
424 53
501 136
382 5
423 54
422 43
486 119
431 60
449 76
426 49
497 134
465 98
393 22
410 33
499 136
489 122
488 121
472 101
402 27
399 22
425 50
411 32
397 20
408 29
448 75
460 91
417 38
467 96
484 117
401 24
511 148
385 6
444 69
432 61
417 40
431 54
379 4
436 57
473 104
474 105
445 66
425 48
426 47
394 21
446 73
450 77
463 92
441 62
435 56
387 8
500 135
464 97
424 45
495 130
491 124
446 67
378 3
447 74
440 61
510 147
381 6
490 123
509 144
386 7
475 106
497 132
493 126
466 97
465 96
410 31
400 23
494 127
462 91
414 35
425 46
418 39
407 30
447 72
446 71
482 117
402 25
432 59
502 137
437 58
395 20
442 63
474 103
398 22
485 119
466 98
446 72
444 68
496 134
508 144
379 5
467 97
444 66
497 133
484 118
382 6
473 103
445 71
501 137
445 67
438 60
384 6
402 26
462 92
510 148
443 69
433 59
400 28
378 4
417 39
474 106
500 136
394 22
410 32
435 57
375 1
383 5
385 7
423 53
424 50
414 36
406 30
490 124
448 76
510 146
386 8
431 55
422 44
473 107
441 63
399 23
488 122
491 125
495 131
489 123
441 65
409 31
472 102
447 75
425 47
395 21
401 27
499 137
415 37
376 2
493 127
509 145
503 139
425 49
437 59
432 60
475 107
450 78
408 30
376 4
400 24
492 126
377 3
417 41
397 21
446 74
483 117
424 46
464 96
439 61
460 92
434 59
437 60
468 99
444 67
436 59
473 108
499 138
475 108
400 25
484 119
467 98
396 21
422 45
408 31
490 125
500 137
450 81
488 123
483 118
492 127
447 76
496 133
433 60
495 132
416 39
474 107
463 94
435 58
400 27
401 28
406 31
385 8
422 53
386 9
446 75
419 42
417 42
445 72
375 2
471 102
464 95
409 32
377 4
394 23
450 79
491 126
398 23
374 1
493 128
439 62
508 145
378 5
376 5
376 3
423 46
440 63
413 36
431 56
509 146
443 68
384 7
494 131
443 66
424 49
501 138
461 92
395 22
421 44
438 61
442 65
462 93
509 148
472 103
397 22
463 96
382 7
424 47
375 4
415 38
466 99
412 35
493 130
440 65
383 6
414 37
414 39
478 113
401 26
375 0
399 24
503 140
502 139
489 124
384 8
418 42
442 66
399 27
450 80
492 130
508 148
377 5
411 35
431 57
406 32
503 141
444 72
461 93
420 44
419 43
504 142
494 132
443 67
469 101
421 45
415 39
479 117
437 61
485 121
380 8
490 126
434 60
466 100
408 32
401 29
442 68
462 94
422 52
422 46
423 47
430 56
412 36
400 26
440 64
413 39
374 2
468 100
449 81
402 30
484 120
375 3
492 128
435 59
398 24
502 140
473 109
374 4
488 124
475 109
414 38
374 0
443 71
467 99
436 60
373 1
474 108
493 131
395 23
495 133
483 119
397 23
439 63
376 6
506 144
396 22
477 113
489 125
449 79
500 138
446 76
470 102
383 7
463 95
478 114
423 49
471 103
386 10
508 146
493 129
465 102
386 11
410 41
401 30
450 83
503 142
479 116
431 58
473 110
384 9
494 133
413 38
502 141
422 51
380 9
507 146
448 79
467 100
373 0
464 103
472 105
487 124
410 35
462 105
444 73
411 36
463 104
500 139
493 132
442 67
378 7
399 26
415 40
505 144
422 47
383 8
376 7
403 32
461 94
471 104
377 6
483 120
395 24
405 34
373 2
476 113
492 129
506 145
468 101
445 76
379 8
372 1
449 80
437 62
422 49
462 95
408 33
474 109
399 30
404 33
478 115
443 72
411 40
373 4
477 114
397 24
469 102
489 126
446 77
485 122
420 45
412 39
448 81
430 57
418 43
508 147
385 10
396 23
402 31
484 123
466 101
478 117
398 25
504 143
435 60
439 64
442 71
406 33
419 44
484 121
501 140
413 40
436 61
374 3
421 47
509 155
411 41
400 30
443 73
401 31
494 134
470 104
477 115
464 102
410 40
422 48
492 132
506 146
488 126
469 103
467 101
409 35
378 8
472 106
444 76
415 41
442 70
386 12
478 116
397 25
372 0
441 67
474 110
373 5
476 112
399 31
419 45
500 140
435 61
451 83
372 2
471 105
483 121
466 102
436 62
372 4
476 114
507 147
505 145
463 103
377 7
493 133
374 6
448 84
491 129
413 41
484 122
402 32
398 30
396 24
445 77
418 44
383 9
405 35
412 38
448 80
407 33
503 143
420 46
404 34
406 34
380 10
373 3
462 104
501 141
376 8
458 104
461 95
460 94
398 26
410 42
449 83
441 71
422 50
430 58
375 7
438 64
437 63
429 57
403 33
485 123
461 105
384 10
487 125
410 36
437 64
419 46
373 6
457 90
371 0
409 36
462 103
486 125
446 81
421 48
414 41
440 71
398 31
410 37
410 39
379 10
463 102
462 99
381 10
458 91
471 106
461 96
411 38
400 31
500 141
459 94
420 51
405 36
444 77
406 35
475 114
490 131
447 82
411 42
443 74
459 104
420 47
442 77
506 147
475 112
397 26
505 146
430 59
485 124
474 113
412 41
429 58
466 103
440 67
439 66
482 121
468 103
417 44
470 105
441 70
438 65
399 32
477 116
374 7
377 8
435 62
401 32
492 133
508 155
503 144
489 132
491 132
397 30
421 50
443 76
449 84
418 45
433 62
442 73
499 140
376 9
371 4
448 85
451 84
458 103
408 35
494 135
380 11
372 3
490 129
474 111
378 9
402 33
461 104
383 10
407 34
509 154
493 134
483 122
467 102
488 127
386 13
447 80
436 63
396 25
403 34
482 122
493 137
420 50
443 77
449 85
418 46
461 103
436 64
397 29
406 36
370 0
455 89
419 47
407 35
405 37
499 141
433 63
466 104
456 90
490 132
381 11
485 127
414 42
376 10
488 128
426 58
395 31
458 92
447 83
435 63
374 8
397 31
398 32
458 94
409 39
460 104
459 93
467 103
372 6
490 130
442 76
501 143
511 161
438 66
410 38
378 10
489 131
491 133
439 67
397 27
461 99
468 104
383 11
400 32
485 125
396 30
504 146
434 62
439 71
502 144
374 12
375 11
460 96
481 121
487 127
441 73
471 107
373 7
377 9
476 116
412 42
509 153
429 59
475 115
489 129
503 145
396 26
441 69
507 155
371 3
443 75
437 65
505 147
379 11
469 105
385 13
459 103
474 114
401 33
416 44
451 85
463 101
457 91
371 5
444 78
503 147
462 100
442 74
403 35
446 80
474 112
493 135
382 10
419 51
408 36
447 85
415 43
420 48
411 43
446 82
459 95
500 142
441 77
407 36
419 48
437 66
446 85
383 12
458 93
441 76
394 31
396 31
457 94
403 36
507 154
494 137
450 85
442 75
469 106
484 125
488 129
418 47
505 148
395 26
405 38
428 59
446 83
371 6
508 153
510 161
457 92
420 49
440 69
408 37
377 10
498 141
415 44
492 135
374 13
375 12
507 158
416 45
470 107
474 115
445 86
441 74
483 124
503 146
397 28
398 33
420 55
440 73
385 14
379 12
509 152
489 130
400 33
397 32
426 59
401 34
501 144
406 37
373 8
454 89
500 143
475 116
499 142
508 151
440 77
460 97
444 79
455 90
375 10
396 27
414 43
372 7
409 38
511 162
374 9
386 15
493 136
467 104
485 126
419 50
491 134
439 72
473 112
481 122
370 3
382 11
381 12
486 127
487 128
435 64
427 58
438 67
460 103
395 32
412 43
461 98
434 63
490 135
490 133
443 78
462 101
370 1
376 11
445 80
458 95
503 148
451 86
373 12
482 123
377 11
489 135
434 64
507 153
453 89
395 29
397 33
446 84
435 67
394 26
439 73
472 112
407 37
405 39
378 12
445 87
368 0
507 151
497 141
504 148
460 102
437 67
483 125
383 13
375 13
469 109
484 126
480 122
427 59
507 157
494 138
498 142
456 92
458 96
369 3
492 136
373 11
446 86
509 163
406 38
382 12
400 34
417 47
495 139
394 32
505 159
490 134
439 69
403 37
505 155
374 10
457 93
408 38
394 34
482 124
435 65
370 2
445 85
426 60
501 145
395 33
370 6
508 152
469 107
459 97
387 19
438 72
420 54
416 46
488 130
373 9
435 77
455 95
412 44
468 106
438 68
461 101
396 28
394 30
502 146
474 116
499 143
467 105
486 128
511 163
438 78
437 79
372 8
393 31
445 83
419 55
507 159
444 80
415 45
506 156
454 90
414 44
385 15
457 95
440 76
487 129
434 78
396 32
509 161
418 48
443 79
470 110
450 86
386 16
460 98
419 49
441 75
436 78
415 46
454 91
439 74
427 60
469 110
400 35
394 29
406 39
511 164
399 34
470 111
508 161
436 67
488 135
495 140
501 146
412 45
396 33
370 7
375 14
407 38
394 33
372 11
419 54
467 106
468 109
486 129
456 93
451 88
433 76
468 107
491 136
373 10
504 149
481 124
371 8
383 14
377 12
436 79
444 81
459 98
402 37
474 117
438 77
367 0
509 162
437 78
460 101
498 143
445 84
452 89
455 94
450 87
434 65
401 36
397 34
443 80
480 123
369 6
413 44
395 34
456 95
483 126
444 85
417 56
414 45
435 66
507 152
394 27
393 26
496 141
487 130
386 19
505 156
504 159
382 13
395 28
374 15
434 77
457 96
438 73
471 112
386 17
506 151
475 118
442 79
368 1
439 76
440 75
458 97
417 48
446 87
472 113
504 155
494 139
506 157
418 49
419 56
506 159
510 163
384 15
497 142
369 2
499 144
393 30
438 69
378 13
435 78
479 122
388 19
416 47
489 134
453 90
438 76
389 23
439 75
433 65
419 53
489 137
494 140
493 141
496 142
493 139
433 75
495 141
456 96
470 112
470 116
438 70
467 107
444 84
488 134
478 122
394 28
458 98
369 7
418 56
395 35
434 66
400 36
453 91
471 115
388 20
367 1
506 152
392 26
401 37
399 35
504 156
475 119
437 69
385 17
368 2
390 24
381 15
506 160
427 61
510 164
499 145
437 77
366 0
367 3
473 117
450 88
446 88
508 162
392 32
472 114
471 113
511 167
501 147
469 117
393 33
498 144
460 100
375 17
455 93
451 89
452 90
435 79
375 15
488 136
415 47
386 18
396 34
443 81
413 45
377 13
383 15
392 30
485 139
507 161
408 40
505 151
389 21
469 111
438 74
393 27
382 14
417 49
459 101
486 138
376 14
504 150
444 82
479 125
479 123
500 146
414 46
468 110
454 92
447 87
505 157
491 137
487 131
503 159
371 9
393 29
459 99
442 80
454 94
474 118
371 11
407 39
436 68
511 165
406 40
480 124
374 16
434 76
503 155
416 48
417 57
482 126
486 130
372 10
408 41
478 123
471 116
495 142
370 11
433 66
458 99
366 3
392 27
415 48
453 94
470 117
490 137
389 22
407 40
478 127
396 35
376 17
370 9
392 29
385 18
493 140
489 138
418 57
435 80
477 122
453 92
393 28
470 115
418 53
381 16
485 138
443 82
443 84
436 69
382 15
475 120
375 16
389 24
434 75
474 119
416 49
501 148
510 167
454 97
437 70
493 142
479 124
468 111
390 25
482 127
494 141
487 134
376 15
413 46
498 145
473 118
400 37
492 141
479 126
452 91
471 114
504 157
392 33
386 25
388 21
450 89
510 165
367 2
419 58
486 131
488 133
437 76
451 90
503 158
507 162
365 0
499 146
459 100
384 17
428 61
487 138
503 156
502 159
485 140
371 10
454 93
366 1
497 144
481 126
486 139
391 32
399 36
511 166
447 88
438 75
449 88
469 116
487 136
377 14
456 97
492 139
467 108
446 89
414 47
488 137
486 137
506 161
368 7
505 152
466 107
469 112
500 147
458 101
442 81
503 150
504 151
387 25
495 143
497 145
469 113
486 136
386 24
389 25
450 90
499 147
491 141
384 18
490 138
414 50
475 121
494 142
417 53
457 99
470 118
387 23
396 36
400 38
414 48
500 148
467 111
446 90
392 28
482 142
421 59
453 93
435 75
502 156
428 62
508 164
365 1
420 58
470 114
437 75
481 127
471 117
451 91
478 126
510 166
485 141
431 67
478 124
419 59
474 122
452 92
468 112
477 123
433 67
418 58
366 2
486 132
386 26
472 118
477 127
382 16
407 41
453 97
368 8
376 16
455 97
479 127
501 149
492 140
436 70
369 11
503 151
458 100
503 157
488 138
369 9
480 126
370 10
387 21
448 88
487 139
502 158
469 115
443 83
418 52
388 22
434 80
447 89
417 51
415 49
487 133
413 47
391 33
449 89
399 37
416 50
466 108
473 119
435 81
442 82
485 131
437 71
484 142
506 162
486 140
433 81
504 152
377 15
485 137
388 24
416 51
390 33
399 38
485 142
484 141
506 163
486 133
487 140
466 111
431 68
421 60
452 93
499 148
494 143
482 129
477 124
422 61
507 164
472 119
391 28
475 122
497 146
479 128
386 23
456 101
453 96
500 149
434 81
388 25
408 43
387 26
474 121
428 63
471 118
448 89
486 141
477 126
503 152
451 92
397 36
482 141
491 140
465 108
509 166
502 151
369 10
436 71
455 98
377 16
441 82
384 19
417 52
507 168
433 82
447 90
500 151
484 131
449 90
485 136
419 60
452 97
389 26
413 50
480 127
508 165
416 53
390 27
367 8
477 128
396 37
413 48
508 167
481 128
502 157
468 113
414 49
488 139
420 59
365 2
407 42
476 129
418 59
467 112
483 142
457 100
432 67
364 1
387 22
473 120
442 83
436 75
382 17
433 68
469 114
490 139
483 131
476 128
486 142
412 50
367 9
390 28
405 43
364 4
435 71
436 72
397 37
507 167
418 60
476 124
423 61
431 69
365 7
483 141
466 112
455 101
365 5
477 129
363 1
420 60
434 82
502 152
383 19
378 16
488 140
500 150
400 40
508 166
368 10
482 130
506 164
496 146
456 102
501 157
432 68
485 135
402 40
475 123
482 140
468 114
499 149
401 41
417 59
422 62
494 144
427 63
497 147
452 96
481 129
413 49
455 99
408 44
490 140
407 43
501 151
428 64
385 21
450 92
421 61
429 65
388 26
473 121
386 22
465 111
465 109
389 27
405 41
477 125
364 2
506 168
389 33
480 128
398 38
476 130
485 133
467 113
419 61
448 90
471 119
449 91
436 74
456 100
416 52
441 83
382 18
451 93
489 140
465 112
421 62
383 20
434 83
417 60
362 1
497 148
420 61
363 2
500 159
475 128
435 72
390 29
433 70
506 167
426 63
499 150
464 109
434 71
367 10
402 41
397 38
411 48
450 97
501 160
400 41
467 114
496 147
482 131
506 165
364 7
405 42
389 28
441 84
488 141
466 113
451 94
493 144
480 129
381 18
429 66
411 50
455 102
487 142
475 124
448 91
406 49
407 44
399 40
403 40
428 65
494 145
383 22
423 62
406 43
363 4
364 3
401 42
450 93
389 32
415 52
471 120
472 121
385 22
412 49
476 125
456 103
436 73
485 134
454 101
384 21
388 27
484 135
455 100
427 64
501 154
379 16
478 129
432 69
451 96
501 152
483 140
425 62
483 132
500 157
398 39
486 143
404 41
364 5
365 6
507 166
477 130
363 3
465 113
500 158
505 165
456 104
500 156
383 21
501 161
382 20
389 29
427 65
495 147
481 131
435 73
499 157
467 117
493 145
449 97
466 120
466 114
433 71
500 160
362 2
389 31
402 42
487 143
388 28
406 48
441 85
471 121
489 141
423 63
406 44
363 7
462 108
478 130
506 166
379 17
454 102
414 52
505 167
464 112
498 150
467 119
384 22
410 48
455 103
410 50
499 159
411 49
483 139
501 153
434 72
440 84
454 100
435 83
401 43
424 62
432 70
405 49
399 41
404 42
484 134
428 66
450 96
480 130
483 133
367 11
472 122
475 125
463 109
496 148
450 94
390 30
500 154
504 164
488 142
475 127
420 62
429 67
470 120
380 18
448 92
497 149
417 61
425 63
364 6
397 39
400 42
403 41
498 151
503 164
497 150
471 122
397 40
440 85
425 64
405 48
427 66
414 53
399 42
363 6
461 108
400 43
397 42
466 119
487 144
450 95
498 157
469 120
406 47
395 38
432 71
500 153
434 73
423 64
416 61
409 48
483 138
482 135
494 147
398 41
505 166
424 63
406 45
501 162
475 126
466 117
388 31
500 155
435 84
449 96
433 72
470 121
499 154
387 28
382 21
467 118
361 2
468 119
362 7
504 165
403 42
447 92
483 134
407 48
455 104
489 142
384 23
453 100
467 120
463 112
472 123
426 65
500 161
396 43
420 63
488 143
465 114
462 109
366 11
389 30
479 130
362 3
492 145
474 125
482 133
441 86
480 131
379 18
496 149
410 49
429 68
453 102
499 158
366 12
425 65
361 3
491 145
404 44
381 21
362 6
497 151
498 160
495 149
459 107
469 121
454 104
440 86
460 108
465 115
482 138
360 2
420 64
504 166
463 111
378 18
423 65
436 84
465 119
464 114
494 148
384 24
499 153
499 161
498 158
439 85
503 165
499 155
431 71
409 49
424 64
396 42
496 150
470 122
493 147
494 162
426 66
427 67
388 30
496 160
387 29
399 43
482 134
460 110
479 131
430 70
489 143
413 53
408 48
473 125
396 40
497 157
452 100
405 47
493 149
482 136
498 152
466 118
397 43
395 39
472 124
468 120
481 133
394 38
463 113
498 156
380 20
488 144
449 95
432 72
433 73
415 61
406 46
405 45
462 110
474 126
500 162
447 93
397 41
466 116
453 103
403 43
429 69
400 44
379 19
481 135
428 68
387 30
427 68
426 67
439 86
495 160
495 150
447 94
464 115
472 127
430 73
411 52
408 49
465 118
364 23
448 95
429 72
394 39
454 105
496 151
383 24
379 20
430 71
458 107
407 50
494 163
361 4
396 41
480 133
453 104
381 22
496 161
497 158
473 126
412 53
452 101
462 113
491 146
497 156
380 21
403 44
449 104
479 132
481 136
405 46
481 134
400 45
459 110
378 19
451 100
493 148
418 63
496 157
359 2
425 66
419 64
428 69
492 147
404 45
424 65
465 116
468 121
415 60
414 61
460 109
488 145
469 122
395 40
499 162
404 47
489 144
498 153
399 44
436 85
365 12
464 119
503 166
397 44
431 72
429 70
492 149
459 108
480 135
482 137
498 161
472 125
495 162
497 152
497 160
498 155
463 114
432 73
361 6
462 111
457 107
464 116
424 66
489 145
417 63
398 44
391 41
481 137
469 123
497 155
447 95
463 115
478 132
472 128
360 6
490 146
418 64
496 162
454 106
411 53
502 166
491 149
488 146
480 134
407 51
495 159
503 167
404 46
383 31
495 157
468 122
362 12
358 2
408 50
386 30
489 151
378 20
419 65
420 66
380 22
360 4
495 151
403 45
449 103
432 74
472 126
497 161
461 111
364 24
402 44
383 25
447 105
428 70
458 110
491 147
462 114
414 60
497 153
429 71
365 13
430 74
410 52
400 46
364 12
498 162
495 163
436 86
363 23
451 101
426 68
395 41
427 69
490 150
360 8
448 104
464 118
363 11
496 158
393 39
439 87
458 108
401 45
399 47
453 105
492 148
379 21
459 109
425 67
494 150
428 72
479 133
431 73
363 24
376 19
498 163
455 106
471 128
456 107
359 6
398 45
494 159
477 132
479 134
496 163
449 102
440 89
360 9
496 153
385 30
458 109
428 71
439 88
363 12
478 133
403 46
399 48
427 70
464 117
462 115
425 68
398 47
488 151
destination
