map
random512-20-2.map
pivot
153 87
agent & start
5 439
376 364
353 387
398 342
245 491
205 511
373 367
54 484
340 400
61 491
64 494
393 347
33 465
451 289
430 310
329 411
434 306
268 472
374 366
274 466
251 487
285 455
445 295
77 501
400 340
90 508
496 244
297 443
472 268
214 508
392 348
237 493
468 272
483 257
447 293
332 408
18 452
326 414
2 436
456 284
252 486
256 484
36 466
224 506
338 402
92 508
307 433
293 447
333 407
8 442
316 424
362 378
479 259
343 397
288 452
308 432
348 392
241 493
452 288
287 453
4 438
382 358
231 499
242 494
379 361
216 508
395 345
466 274
327 413
432 308
418 322
490 250
505 235
97 511
30 462
95 511
440 300
413 327
446 294
311 429
480 260
363 377
494 246
419 321
460 280
26 458
85 507
501 239
32 464
479 261
60 490
270 470
12 446
276 464
495 245
221 507
425 315
437 303
204 510
60 488
20 454
453 287
244 492
357 383
433 307
72 502
370 370
394 346
277 463
509 231
431 309
261 479
208 510
350 390
342 398
404 336
65 495
500 240
507 233
38 468
7 441
229 501
464 276
284 456
74 502
269 471
47 477
438 302
504 236
499 239
401 339
253 485
69 499
303 437
282 458
454 286
477 263
80 504
66 496
277 461
68 498
380 360
225 505
424 316
41 471
61 487
302 438
230 500
217 509
428 312
474 266
415 325
351 389
64 492
502 238
314 426
88 508
290 450
366 374
465 275
78 502
84 506
462 278
381 359
375 365
260 480
396 344
19 453
372 368
1 435
410 330
442 298
59 489
14 448
471 269
49 479
86 506
17 451
349 391
511 229
336 404
307 431
42 472
417 323
246 490
408 332
31 463
335 405
6 440
388 352
506 234
301 439
44 474
40 470
312 428
371 369
328 412
334 406
377 363
27 459
411 329
339 401
91 509
294 446
15 449
199 511
341 399
389 351
306 434
0 434
397 343
232 498
96 510
365 375
28 460
278 462
487 253
359 381
443 297
207 511
510 230
361 379
412 328
318 422
503 237
298 440
379 359
75 501
485 255
236 494
58 488
34 466
57 487
317 423
271 469
325 415
434 304
352 388
3 437
364 376
476 264
259 481
279 461
436 302
484 256
320 420
13 447
347 393
228 502
70 500
89 507
346 394
281 459
255 485
387 353
367 373
289 451
240 492
344 396
257 483
73 503
283 457
222 508
48 478
508 232
35 467
16 450
310 430
296 444
43 473
234 496
435 301
295 445
39 469
25 459
203 511
24 458
227 503
475 265
247 489
226 504
497 243
455 285
406 334
489 251
450 290
461 279
414 326
416 324
469 271
492 248
405 335
233 497
22 456
286 454
390 350
258 482
498 240
51 481
423 317
470 268
52 481
73 502
510 229
65 494
84 505
214 507
207 510
33 464
335 404
229 500
484 255
300 439
347 392
419 320
242 493
439 300
60 489
398 341
376 363
30 461
352 387
45 474
284 455
97 510
357 382
370 369
365 374
293 446
22 455
304 435
374 365
95 510
478 261
508 231
232 497
502 237
297 440
334 405
307 432
438 301
504 235
296 443
348 391
239 492
260 479
297 442
507 232
453 286
241 492
286 453
77 500
28 459
283 456
395 344
58 487
240 491
198 511
407 332
85 506
396 341
471 268
90 507
435 300
414 325
281 458
305 434
34 465
1 434
64 493
79 502
32 463
251 486
479 260
47 476
461 278
404 335
71 500
389 350
505 234
202 509
477 262
343 396
436 301
325 414
48 477
490 249
49 478
303 436
234 495
311 428
316 423
217 508
294 445
256 483
314 425
388 351
455 284
448 291
373 366
5 438
271 468
442 297
375 364
6 439
509 230
220 507
423 316
396 343
333 406
26 457
63 492
418 321
16 449
2 435
329 410
358 381
387 352
249 488
430 309
268 471
66 495
473 266
277 462
19 452
342 397
336 403
444 295
366 373
230 499
53 482
400 339
27 458
364 375
468 271
221 506
74 501
349 390
216 507
403 336
498 241
203 510
245 490
14 447
464 275
274 465
91 508
88 507
379 358
69 498
345 394
288 451
282 457
301 438
378 359
495 244
78 501
346 393
244 491
372 367
204 509
491 248
431 308
361 378
222 507
292 447
226 503
42 471
500 239
447 292
409 330
96 509
98 511
501 238
399 340
236 493
341 398
3 436
255 484
258 481
324 415
328 411
381 358
470 267
474 265
380 359
487 252
278 461
92 507
410 329
199 510
424 315
493 246
339 400
446 293
289 450
54 483
360 379
428 311
391 348
317 422
405 334
25 458
363 376
338 401
472 267
44 473
21 454
406 333
332 407
306 431
303 434
4 437
433 306
247 488
475 264
80 503
412 327
465 274
224 505
451 288
486 253
252 485
490 247
250 487
40 469
228 501
432 307
344 395
18 451
205 510
8 441
488 251
243 492
351 388
225 504
350 389
231 498
23 456
408 331
478 259
308 431
445 294
62 491
425 314
489 250
476 263
315 424
61 488
378 361
312 425
20 453
235 494
246 489
340 399
393 346
377 362
269 470
452 287
437 302
429 310
276 463
275 464
417 322
511 228
13 446
379 360
397 342
449 290
253 484
382 357
319 420
434 305
390 349
72 501
310 429
35 466
272 467
29 460
306 433
503 236
462 277
75 500
7 440
415 324
290 449
24 457
39 468
497 242
62 487
460 279
70 499
93 508
89 506
233 496
394 345
482 257
463 276
326 413
51 480
302 437
218 507
413 326
454 285
98 510
447 291
411 327
230 498
495 243
355 383
381 357
281 457
249 487
219 507
31 461
410 328
78 500
345 393
356 380
389 349
436 300
346 392
27 457
313 425
507 231
439 299
291 447
371 367
283 455
53 481
461 277
382 356
29 459
425 313
69 497
350 388
206 510
308 430
220 506
4 436
349 389
474 264
80 502
343 395
357 381
482 256
354 384
197 511
485 253
325 413
430 308
40 468
239 491
0 432
415 323
445 293
25 457
18 450
491 247
85 505
328 410
236 492
460 278
466 272
317 421
356 382
276 462
301 437
32 462
314 424
464 274
214 506
409 329
448 290
450 288
5 437
392 346
504 234
1 433
300 438
340 396
212 506
42 470
494 244
285 453
489 249
380 358
391 345
95 509
458 280
280 458
509 229
30 460
49 477
84 504
35 465
446 292
94 508
203 509
46 474
258 480
222 506
99 509
248 488
235 493
61 489
370 368
404 334
453 285
9 441
462 276
459 279
48 476
429 309
395 341
338 400
363 375
384 354
67 495
403 335
496 242
234 494
500 238
62 490
88 506
39 467
224 504
505 233
259 479
484 254
398 340
43 471
309 429
63 491
254 482
221 505
451 287
55 483
378 360
360 378
503 235
16 448
347 391
483 255
306 432
324 414
271 467
287 451
54 482
7 439
378 358
305 433
437 301
218 506
38 466
216 506
79 501
269 469
511 227
365 373
227 501
302 434
420 318
478 260
289 449
488 250
359 379
423 315
310 428
247 487
372 366
475 263
50 478
292 446
438 300
229 499
443 295
245 489
444 294
34 464
299 439
396 342
294 444
396 340
231 497
426 312
421 317
24 456
47 475
202 508
233 495
412 326
332 406
65 493
304 434
252 484
487 251
51 479
333 405
77 499
433 305
56 484
344 394
278 460
508 230
492 246
296 442
28 458
435 299
260 478
336 402
335 403
373 365
286 452
463 275
253 483
91 507
340 398
15 447
191 511
326 412
493 245
361 377
198 510
471 267
250 486
232 496
375 363
272 466
448 288
296 440
73 501
452 286
407 331
6 438
387 351
3 435
376 362
319 419
312 426
207 509
432 306
327 411
225 503
288 450
502 236
408 330
473 265
293 445
303 435
243 491
246 488
351 387
74 500
388 350
374 364
397 341
497 241
342 396
241 491
510 228
26 456
19 451
66 494
13 445
316 422
424 314
428 310
282 456
204 508
406 332
402 336
391 347
233 493
467 271
337 401
268 470
427 311
405 333
22 454
93 507
377 361
71 499
454 284
52 480
418 320
476 262
14 446
352 386
274 464
251 485
457 281
270 468
490 248
228 500
62 488
305 431
23 455
486 252
413 325
399 339
8 440
441 297
394 344
89 505
416 322
58 486
45 473
506 232
390 348
477 261
366 372
72 500
96 508
33 463
348 390
501 237
217 507
255 483
465 273
273 465
422 316
226 502
20 452
242 492
354 383
4 435
300 437
67 494
0 431
58 485
217 506
196 511
509 228
32 461
429 308
257 480
347 390
9 440
230 497
376 361
20 451
373 364
100 511
299 438
381 356
39 466
205 508
197 510
37 464
223 504
511 226
192 511
484 253
14 445
282 455
411 326
401 336
481 256
369 366
78 499
79 500
340 397
54 481
46 473
384 353
96 507
24 455
202 507
1 432
377 360
355 382
415 322
453 284
236 491
395 342
26 455
224 503
94 507
218 505
219 506
27 456
66 493
452 285
222 505
424 313
391 346
461 276
229 498
398 339
291 446
19 450
339 396
213 506
242 491
432 305
284 453
7 438
296 441
508 229
destination
