map
random512-30-3.map
pivot
244 197
agent & start
510 508
511 507
511 506
510 507
509 508
509 507
511 505
509 509
508 508
506 507
509 510
508 511
510 505
509 506
508 509
507 508
508 506
507 507
509 505
508 510
507 511
506 508
507 510
507 506
506 509
508 505
506 511
506 510
507 505
507 504
505 510
504 511
503 511
507 503
504 510
504 509
508 503
502 511
503 510
502 510
508 502
510 502
501 511
495 511
503 509
496 511
500 511
501 510
510 501
502 509
495 510
509 502
496 510
500 510
510 500
509 501
501 509
497 511
505 505
499 511
504 505
500 509
498 511
510 499
497 510
509 500
505 504
508 500
509 499
499 509
503 505
498 510
505 503
497 509
510 498
498 509
499 508
502 505
505 502
509 498
507 500
508 498
498 508
499 505
501 505
505 501
506 500
502 503
504 501
498 507
499 504
501 504
507 498
506 499
505 500
500 505
504 499
505 499
502 502
504 500
497 507
507 497
501 503
506 498
504 498
499 503
500 504
505 498
500 503
507 496
0 507
501 502
491 510
502 501
504 497
493 510
503 500
495 508
496 507
491 509
491 511
494 508
495 507
0 506
506 496
1 507
502 500
505 497
492 510
501 501
507 495
493 509
500 502
1 506
0 505
493 508
492 509
505 496
490 511
501 500
504 495
506 495
2 507
500 501
494 507
489 511
2 506
1 505
492 506
499 501
504 494
0 504
506 494
493 507
492 508
500 500
505 495
2 505
499 500
493 506
506 493
0 503
501 498
500 499
489 510
498 501
494 505
492 507
505 494
491 506
495 503
4 506
500 498
505 493
3 505
501 497
509 483
490 508
2 504
489 509
490 506
499 499
510 484
498 500
0 502
488 510
493 505
1 503
494 504
496 502
491 507
489 508
495 502
508 483
499 498
484 511
490 507
493 504
1 500
498 499
destination
