map
random512-35-3.map
pivot
362 84
agent & start
253 391
86 254
411 435
68 246
234 380
43 189
409 435
344 420
40 200
31 35
240 382
202 374
49 99
52 176
49 1
180 358
268 396
47 183
47 7
74 250
38 194
73 251
54 216
398 436
69 245
39 147
145 337
235 381
37 199
276 388
57 177
301 419
100 276
408 434
151 335
103 267
46 58
45 57
302 420
275 389
234 378
40 152
319 407
412 434
41 153
281 383
271 393
98 262
353 427
96 262
41 203
279 383
194 366
47 181
47 97
182 362
144 336
53 59
379 425
211 377
93 251
365 429
210 376
288 414
252 392
33 127
399 437
70 244
292 380
283 387
34 46
55 61
258 394
53 73
352 426
289 415
214 380
142 330
304 418
55 225
348 420
48 0
94 250
39 149
327 409
103 273
259 393
52 2
55 215
282 386
394 432
91 251
337 409
37 195
31 9
263 395
230 376
186 366
395 433
40 140
277 381
281 385
164 344
259 395
150 336
277 387
278 382
292 416
40 146
416 430
349 425
348 424
276 390
197 371
265 393
478 390
40 202
239 383
48 8
52 216
30 36
53 217
291 381
196 370
291 417
204 372
347 421
29 7
272 392
42 190
216 378
166 346
282 382
31 117
39 199
460 384
185 365
274 392
195 365
400 436
144 328
284 382
420 428
34 108
426 426
29 17
25 29
143 335
275 391
54 74
36 110
419 429
92 250
369 429
355 429
62 232
396 434
89 255
37 105
290 416
117 303
463 383
319 411
217 377
45 189
368 430
39 191
414 432
393 431
201 373
82 254
226 376
32 116
323 411
45 99
60 70
33 115
26 26
101 273
184 362
229 375
325 409
165 345
423 425
231 377
336 412
341 415
215 379
334 414
87 253
29 35
27 33
278 386
477 391
54 60
42 204
422 426
372 428
34 116
293 381
30 120
461 385
36 198
168 348
269 395
428 424
118 304
81 253
347 423
32 126
266 394
30 118
476 390
54 72
145 327
35 109
58 68
183 363
431 423
40 158
267 395
277 397
56 176
198 372
48 60
48 98
59 69
284 386
184 363
275 392
283 382
43 204
38 199
427 424
367 430
118 291
196 369
203 372
41 158
216 377
26 29
235 380
325 408
143 330
227 376
71 244
56 225
40 149
379 424
267 394
40 201
258 393
53 216
411 434
185 364
64 231
63 232
166 345
52 177
348 423
372 427
38 195
302 419
165 344
56 177
55 60
54 57
33 116
409 434
58 69
229 374
270 393
30 35
461 384
291 416
103 266
48 59
48 183
40 147
271 392
41 190
41 202
335 412
100 277
98 261
281 384
257 394
343 418
37 198
334 413
211 376
167 346
293 382
278 397
54 73
337 410
462 381
48 181
476 389
320 411
233 378
378 425
371 428
414 431
346 421
431 422
144 329
26 27
69 246
45 190
283 386
234 377
327 408
344 419
164 343
36 109
86 253
415 430
368 429
74 251
198 371
182 361
277 386
239 382
37 106
419 428
347 422
278 383
151 336
193 366
28 33
186 365
31 6
90 255
365 428
45 100
48 5
197 370
253 390
47 6
33 126
114 297
259 394
33 44
32 117
41 138
214 379
273 390
32 125
336 411
341 416
163 342
195 364
48 7
201 372
83 254
94 251
348 421
407 434
269 394
292 381
39 192
194 365
263 394
43 190
25 28
215 378
228 375
202 373
323 410
48 1
296 413
282 383
408 433
230 375
266 393
30 119
236 381
275 388
349 424
181 360
67 230
97 262
213 378
180 359
41 152
29 16
102 273
145 328
284 399
276 391
276 381
369 428
41 140
222 375
412 433
477 390
70 245
481 388
422 425
53 58
169 348
268 395
303 418
31 118
54 215
30 7
396 433
31 8
463 382
52 3
399 436
336 409
347 420
52 59
117 302
232 377
366 429
47 98
92 251
34 45
106 259
52 215
55 72
319 410
44 189
145 336
426 425
296 415
41 146
59 70
289 414
82 253
195 366
355 428
45 56
418 427
210 375
118 303
277 382
144 335
40 151
48 99
35 108
353 426
326 407
46 57
319 408
211 368
478 389
324 409
285 398
101 278
54 59
252 391
394 431
117 291
285 397
349 423
336 410
117 301
212 366
395 431
478 388
202 372
377 425
102 264
104 260
419 427
344 418
32 8
102 278
70 246
166 344
227 375
114 296
49 209
348 422
38 196
32 6
461 379
116 292
75 237
296 414
223 373
32 118
326 406
461 383
234 376
468 382
270 390
33 125
118 302
399 435
378 424
41 191
276 382
459 375
327 407
152 336
destination
