map
random512-15-9.map
pivot
509 460
agent & start
73 296
44 325
291 78
23 348
115 254
278 91
270 99
311 58
332 37
9 364
7 366
312 57
74 295
241 128
210 159
152 217
354 15
103 266
25 346
80 289
175 194
122 247
192 177
254 115
55 314
53 316
315 54
20 351
138 231
321 48
219 150
264 105
184 185
357 12
193 176
102 267
367 2
22 349
100 269
114 255
237 132
271 98
118 251
212 157
341 28
302 67
110 259
265 104
318 51
331 38
261 108
280 89
359 10
7 368
136 233
330 39
218 151
149 220
169 200
141 228
187 182
301 68
113 256
202 167
79 290
2 371
305 64
260 109
96 273
17 356
129 240
282 87
119 250
363 6
322 47
1 372
195 174
234 135
76 293
30 339
19 354
104 265
196 173
255 114
49 320
326 43
75 294
286 83
242 127
323 46
345 24
199 170
181 188
98 271
41 328
20 353
151 218
97 272
251 118
352 17
destination
