map
random512-15-9.map
pivot
509 460
agent & start
178 191
151 218
2 371
239 130
258 111
322 47
254 115
336 33
242 127
313 56
72 297
62 307
21 350
362 7
314 55
221 148
28 341
136 233
76 293
122 247
241 128
175 194
135 234
347 22
96 273
29 340
22 349
354 15
230 139
169 200
66 303
275 94
26 345
199 170
290 79
262 107
193 176
186 183
238 131
302 67
58 311
67 302
251 118
210 159
117 252
110 259
284 85
218 151
340 29
171 198
162 207
187 182
100 269
261 110
228 141
34 337
345 24
247 122
108 261
197 172
190 179
261 108
338 31
138 231
107 262
150 219
144 225
259 110
308 61
123 246
131 238
25 346
268 101
220 149
114 255
337 32
367 2
281 88
0 373
126 243
34 335
257 112
19 352
173 196
305 64
324 45
87 282
132 237
273 96
260 109
264 105
256 113
20 351
14 359
323 46
271 98
270 99
311 58
250 119
352 17
102 267
111 258
48 321
6 367
38 331
115 254
304 65
40 329
246 123
20 353
59 310
33 336
128 241
294 75
288 81
17 356
188 181
19 354
125 244
182 187
47 322
357 12
120 249
194 175
283 86
225 144
39 330
170 199
156 213
306 63
172 197
94 275
103 266
164 205
49 320
37 332
317 52
7 368
253 116
237 132
158 211
97 272
159 210
179 190
41 328
124 245
130 239
185 184
98 271
315 54
332 37
327 42
204 165
286 83
227 142
356 13
109 260
119 250
236 133
363 6
134 235
140 229
91 278
196 173
350 19
369 0
174 195
129 240
333 36
82 287
104 265
106 263
224 145
299 70
291 78
44 325
81 288
229 140
152 217
165 204
231 138
341 28
155 214
184 185
312 57
202 167
361 8
61 308
176 193
353 16
118 251
245 124
1 372
265 104
75 294
301 68
146 223
8 365
366 3
15 358
200 169
293 76
368 1
189 180
83 286
310 59
149 220
219 150
279 90
24 347
65 304
163 206
309 60
188 183
192 177
255 114
329 40
328 41
23 348
154 215
330 39
272 97
300 69
56 313
92 277
240 129
135 236
285 84
365 4
278 91
150 221
226 143
141 228
321 48
84 285
7 366
70 299
167 202
166 203
232 137
145 224
223 146
355 14
55 314
32 337
359 10
54 315
10 363
211 160
211 158
48 323
74 295
52 317
95 274
77 292
63 306
147 222
3 370
35 334
289 80
78 291
148 223
348 21
157 212
320 49
280 89
364 5
79 290
9 364
360 9
318 51
113 256
212 157
30 339
133 236
80 289
73 296
195 174
349 20
207 162
243 126
351 18
153 216
222 147
60 309
267 102
89 280
325 44
177 192
326 43
93 276
282 87
215 154
105 264
201 168
331 38
181 188
234 135
334 35
50 319
53 316
203 166
205 164
127 242
142 227
249 120
208 161
248 121
213 156
183 186
143 226
289 81
233 137
280 90
10 364
213 157
369 1
4 370
108 262
150 220
129 241
367 3
268 102
307 63
119 251
335 35
330 40
321 49
169 201
304 66
71 299
55 315
215 155
265 105
84 286
361 9
225 145
22 350
345 25
15 359
351 19
197 173
258 112
157 213
59 311
318 52
344 26
106 264
295 75
237 133
159 211
81 289
82 288
259 111
16 358
73 297
252 118
170 200
102 268
18 356
51 319
74 296
291 79
191 179
370 0
274 96
222 148
238 132
42 328
205 165
266 104
96 274
312 58
163 207
75 295
109 261
68 302
350 20
60 310
272 98
316 54
195 175
223 147
184 186
107 263
186 184
368 2
287 83
34 336
315 55
220 150
127 243
204 166
87 283
32 338
308 62
178 192
343 27
95 275
354 16
221 149
114 256
311 59
17 357
359 13
360 10
201 169
133 237
363 7
352 18
91 279
27 345
111 259
255 115
249 121
200 170
104 266
69 301
141 229
103 267
21 351
231 139
154 216
248 122
285 85
269 101
76 294
198 172
250 120
1 373
324 46
39 331
94 276
136 234
100 270
28 342
115 255
349 21
341 29
24 348
328 42
138 232
257 113
214 156
41 329
78 292
294 76
300 70
153 217
79 291
293 77
251 119
366 4
156 214
325 45
365 5
286 84
162 208
14 360
243 127
49 321
132 238
143 227
9 365
30 340
212 158
256 114
196 174
180 190
364 6
239 131
77 293
48 322
357 13
19 355
144 226
23 349
247 123
353 17
327 43
229 141
190 180
86 284
123 247
187 183
232 138
182 188
275 95
219 151
211 159
122 248
202 168
369 3
337 33
334 36
241 129
3 371
166 204
199 171
61 309
31 339
134 236
130 240
117 253
278 92
11 363
236 134
89 281
267 103
234 136
270 100
26 346
29 341
193 177
244 126
125 245
226 144
98 272
323 47
230 140
176 194
7 367
279 91
92 278
53 317
168 202
218 154
254 116
52 318
155 215
326 44
253 117
105 265
36 334
37 333
80 290
164 206
317 53
173 197
306 64
314 56
177 193
93 277
116 254
179 191
147 223
246 124
260 110
305 65
189 183
216 154
110 260
101 269
348 22
57 313
322 48
131 239
242 128
8 366
283 87
172 198
310 60
83 287
319 51
320 50
224 146
21 353
329 41
359 11
118 252
174 196
65 305
146 224
356 14
99 271
263 107
262 108
303 67
66 304
70 300
188 182
264 106
124 246
301 69
135 235
340 30
120 250
208 162
181 189
332 38
338 32
151 221
302 68
194 176
54 316
0 374
167 203
151 219
271 99
63 307
67 303
203 167
355 15
282 88
336 34
126 244
288 82
235 135
45 325
139 231
20 352
228 142
90 280
35 335
97 273
313 57
217 153
33 337
261 109
283 88
85 286
206 165
165 206
354 17
367 4
119 252
106 265
189 182
237 134
221 150
181 190
359 12
18 357
239 132
193 180
190 181
216 155
24 349
179 192
82 289
334 37
235 136
222 149
29 342
201 170
304 67
107 264
35 336
43 328
286 85
253 118
10 365
61 310
172 199
295 76
262 109
63 308
164 207
152 219
219 152
160 211
185 186
252 119
238 133
86 285
22 351
227 144
287 84
70 301
32 339
259 112
324 47
92 279
325 46
122 249
370 3
362 9
73 298
315 56
158 213
330 41
285 86
74 297
352 19
142 229
323 48
360 11
12 363
138 233
243 128
327 44
269 102
39 332
184 187
247 124
130 241
272 99
105 266
291 80
345 26
147 224
67 304
274 97
218 153
62 309
182 189
33 338
266 105
347 24
313 58
332 39
264 107
167 204
248 123
279 92
358 13
1 374
209 162
78 293
21 352
312 59
84 287
169 202
175 196
22 353
89 282
8 367
302 69
200 171
241 130
152 221
346 25
52 319
197 174
282 89
90 281
121 250
230 141
5 370
311 60
370 7
316 55
215 156
75 296
137 234
366 5
349 22
30 341
203 168
357 14
108 263
31 340
151 220
156 215
300 71
192 179
344 27
56 315
64 307
202 169
257 114
11 364
307 64
217 154
139 232
87 284
37 334
343 28
310 61
55 316
129 242
322 49
273 98
134 237
180 191
326 45
318 53
176 195
112 259
153 218
98 273
228 143
59 312
159 212
187 184
118 253
296 75
212 159
249 122
368 3
333 38
254 117
234 137
342 29
348 23
155 216
102 269
171 200
280 91
80 291
57 314
28 345
14 361
140 231
284 87
124 247
214 157
69 304
79 292
131 240
103 268
256 115
174 197
294 77
265 106
198 175
350 21
240 131
207 164
305 66
220 151
101 270
204 167
183 188
15 360
293 78
278 93
271 100
95 276
178 193
163 208
353 18
21 354
194 181
371 0
229 142
260 111
125 246
104 267
132 239
365 6
69 302
36 335
9 366
42 329
335 38
225 146
72 299
232 139
136 235
16 359
224 147
99 272
88 283
116 255
83 288
146 225
290 81
292 79
364 7
336 35
303 68
91 280
289 82
100 271
369 2
49 322
144 227
166 205
195 176
46 325
351 20
120 251
41 330
60 311
281 90
145 226
369 4
4 371
339 32
40 331
20 355
177 194
268 103
320 51
355 16
245 126
242 129
288 83
361 10
270 101
194 177
162 209
53 318
356 15
128 243
93 278
199 172
338 33
27 346
319 52
154 217
251 120
267 104
157 214
54 317
370 1
38 333
236 135
111 260
196 175
127 244
77 294
276 95
113 258
114 257
87 286
258 113
126 245
309 62
337 34
223 148
233 138
66 305
341 30
331 40
143 228
213 158
23 350
109 262
328 43
308 63
208 163
317 54
96 275
193 178
17 358
19 357
208 164
224 148
174 198
73 299
129 243
25 349
303 69
196 176
230 142
202 170
298 74
247 125
101 271
24 350
153 219
128 244
122 250
323 49
271 101
68 304
363 9
20 356
256 116
294 78
36 336
318 54
370 6
169 203
324 48
83 289
300 72
170 202
361 11
338 34
362 10
369 5
5 371
123 249
111 261
326 46
248 124
9 367
367 5
302 70
276 96
4 372
283 89
133 239
237 135
297 75
350 22
65 307
364 8
140 232
116 256
306 66
255 117
167 207
193 179
241 131
234 138
305 67
12 364
52 320
242 130
145 227
332 40
264 108
330 42
321 51
66 306
357 15
102 270
187 185
342 30
284 88
1 375
221 151
179 193
307 65
65 309
21 355
159 213
231 141
28 344
154 218
331 41
312 60
258 114
16 360
42 330
82 290
287 85
199 173
269 103
85 287
78 294
219 153
186 186
90 282
322 50
120 252
289 83
117 255
87 285
232 140
336 36
125 247
213 159
217 155
340 32
38 334
178 194
337 35
164 208
329 43
127 247
28 346
254 118
356 16
240 132
13 363
104 268
6 370
180 192
358 14
368 4
177 195
138 234
108 264
366 6
175 197
110 262
33 339
137 235
55 317
74 298
265 107
23 353
185 187
195 177
76 296
191 181
88 286
360 12
228 144
249 123
250 122
210 162
200 172
80 292
328 44
348 24
347 25
354 18
47 325
325 47
301 71
216 156
257 115
139 233
23 355
2 374
345 27
106 266
222 150
53 319
309 63
253 119
100 272
178 196
352 20
206 166
40 332
56 316
93 279
339 33
279 93
61 311
156 216
160 212
134 238
209 163
17 359
273 99
205 167
46 326
92 280
113 259
207 165
333 39
69 305
105 267
147 225
272 102
251 121
84 288
158 214
260 112
126 246
225 147
30 342
293 79
239 133
272 100
171 201
107 265
94 278
245 127
37 335
143 229
166 206
183 189
168 204
167 205
263 109
270 102
98 274
308 64
229 143
319 53
310 62
41 331
181 191
314 58
91 281
163 209
86 286
295 77
198 174
132 240
280 92
291 81
365 7
203 169
334 38
109 263
29 345
281 91
335 37
313 59
62 310
64 308
299 73
50 322
71 301
288 84
51 321
1 377
296 76
370 2
194 180
199 175
204 168
327 45
343 29
244 128
197 175
152 220
23 351
67 305
243 129
63 309
316 56
96 276
119 253
11 365
190 182
26 348
268 104
103 269
18 358
317 55
285 87
157 215
193 181
227 145
370 4
57 315
45 327
353 19
69 303
371 1
320 52
114 258
27 347
77 295
286 86
275 97
233 139
146 226
194 182
22 352
44 328
238 134
60 312
236 136
292 80
130 242
341 31
32 340
278 94
223 149
215 157
165 207
173 199
14 362
371 7
161 211
89 283
192 180
29 343
79 293
346 26
99 273
97 275
349 23
43 329
266 106
162 210
15 361
373 0
259 114
340 33
168 205
80 293
210 163
183 190
325 48
268 105
35 338
132 241
186 187
40 333
177 196
12 365
255 118
299 74
73 300
297 76
64 309
89 284
79 294
249 124
33 340
31 342
94 279
181 192
199 174
131 242
6 371
60 313
83 290
45 328
245 128
298 75
371 6
158 215
239 134
367 6
66 307
109 264
346 27
246 127
47 326
253 120
32 341
243 130
202 171
256 117
23 354
138 235
354 19
364 9
133 240
339 34
4 379
170 203
369 6
148 225
337 36
247 126
153 220
95 278
143 230
7 370
231 142
77 296
269 104
304 69
302 71
347 26
163 210
76 297
119 254
290 83
74 299
281 92
34 339
345 28
29 346
260 113
232 141
356 17
230 143
280 93
187 186
338 35
120 253
107 266
372 3
209 164
104 269
332 41
333 40
206 167
22 355
58 315
37 336
2 377
71 302
125 250
23 352
296 77
113 260
141 232
20 357
146 227
193 182
164 209
309 64
98 275
30 343
172 201
46 327
341 34
262 111
108 265
308 65
228 145
51 322
105 268
21 356
17 360
283 90
0 379
213 160
67 306
274 99
160 213
311 62
272 101
85 288
41 332
27 348
179 194
252 121
334 39
343 30
237 136
28 347
275 98
38 335
323 50
289 84
314 59
36 337
56 317
251 122
24 353
315 58
341 32
144 229
211 162
212 161
287 86
29 344
156 217
86 287
167 206
192 181
75 298
174 199
348 25
134 239
4 373
254 119
324 49
139 234
13 364
175 198
18 359
235 138
371 2
224 149
241 132
221 152
169 204
265 108
359 16
122 251
50 323
353 20
89 286
195 178
361 12
44 329
30 345
127 246
159 214
54 319
293 80
227 146
352 21
242 131
97 276
53 320
370 5
140 233
112 261
258 115
305 68
196 177
171 202
317 56
215 158
288 85
39 334
81 292
68 305
214 159
52 321
61 312
191 182
142 231
14 363
70 303
217 156
326 47
117 256
110 263
284 89
78 295
307 66
282 91
100 273
2 375
185 188
10 367
101 272
233 140
147 226
62 311
365 8
103 270
194 179
25 350
9 368
366 7
362 11
295 78
271 102
19 358
65 308
208 165
222 151
286 87
55 318
329 44
161 212
277 96
226 147
371 4
182 191
43 330
266 107
129 244
162 211
5 372
24 351
278 95
57 316
84 289
194 183
126 247
204 169
363 10
180 193
1 376
99 274
300 73
313 60
137 236
176 197
173 200
355 18
216 157
121 252
124 249
207 166
357 16
15 362
250 123
291 82
203 170
273 100
72 301
201 172
358 15
267 106
261 112
123 250
351 22
276 97
234 139
91 282
155 218
165 208
102 271
263 110
244 129
336 37
111 262
368 5
319 54
16 361
26 349
310 63
166 207
331 42
220 153
240 133
350 23
342 31
24 355
63 310
93 280
96 277
321 52
303 70
90 283
328 45
168 207
167 208
197 176
372 1
205 168
292 81
318 55
301 72
88 285
178 195
248 125
229 144
236 137
135 238
225 148
115 258
373 7
319 55
111 263
125 249
115 259
64 310
265 109
371 5
130 244
49 325
255 119
22 356
14 364
164 210
287 87
225 149
5 373
46 328
52 322
350 24
142 232
252 122
234 140
278 98
281 93
56 318
126 248
94 280
124 250
195 179
193 183
76 298
47 327
310 64
114 260
214 160
213 161
176 198
53 321
128 246
361 13
312 62
132 242
133 241
356 18
60 314
302 72
273 101
90 284
144 230
161 213
202 172
106 268
118 256
43 331
32 342
323 51
337 37
166 208
44 330
16 362
368 6
110 264
329 45
334 40
355 19
173 201
320 54
203 171
66 308
57 317
220 154
271 103
321 53
168 206
3 379
83 291
59 315
260 114
158 216
286 88
324 50
48 326
212 162
339 35
270 104
251 123
333 41
289 85
25 351
293 81
237 137
122 252
284 90
346 28
364 10
352 22
182 192
51 323
169 205
186 188
171 203
207 167
291 83
305 69
146 228
24 354
13 365
215 159
191 183
177 197
208 166
140 234
50 324
34 340
185 189
226 148
372 2
84 290
154 220
192 182
183 191
8 370
262 112
20 358
278 96
246 128
197 177
264 110
318 56
297 77
17 361
34 342
242 132
231 143
258 116
33 341
24 352
221 153
135 239
340 34
374 0
7 371
349 25
307 67
299 75
28 348
330 44
148 226
317 59
332 42
81 293
55 319
82 292
85 289
331 43
174 200
358 16
102 272
210 164
54 320
353 21
35 339
250 124
276 98
184 190
241 133
313 61
304 70
298 76
74 300
206 168
238 136
37 337
73 301
327 47
351 23
232 142
131 243
279 95
343 31
30 344
129 245
93 281
100 274
39 335
235 139
27 349
159 215
145 229
119 255
61 313
222 152
29 347
245 129
41 333
295 79
187 187
322 52
362 12
354 20
91 283
78 296
315 59
143 231
40 334
103 271
141 233
230 144
112 262
248 126
157 217
98 276
139 235
239 135
58 316
36 338
172 202
205 169
165 209
290 84
254 120
325 49
229 145
253 121
216 158
236 138
227 147
342 34
62 312
367 7
11 367
38 336
113 261
89 285
217 157
96 278
283 91
92 282
309 65
306 68
267 107
105 269
249 125
363 11
180 194
170 204
341 33
218 156
211 163
79 295
196 178
263 111
373 1
359 15
86 288
280 94
338 36
109 265
294 80
108 266
1 379
45 329
360 16
311 63
18 360
99 275
224 150
357 17
201 173
107 267
296 78
120 254
30 346
156 218
347 27
285 89
373 3
204 170
68 306
4 380
348 26
326 48
10 368
200 174
147 227
163 211
77 297
366 8
2 376
288 86
181 193
233 141
365 9
42 332
274 100
137 237
71 303
0 380
266 108
155 219
244 130
269 105
314 60
300 74
361 17
104 270
179 195
219 155
256 118
138 236
328 46
372 6
97 277
25 353
15 363
12 366
188 186
303 71
134 240
26 350
2 378
155 220
1 380
25 352
143 232
116 259
278 97
53 322
308 67
287 88
320 55
292 83
186 189
228 147
171 204
235 140
90 285
108 267
122 253
204 171
46 329
215 160
304 71
62 313
114 261
201 174
31 346
263 112
283 92
200 177
126 249
86 289
14 365
197 178
296 79
61 314
265 110
182 193
372 5
361 14
75 300
110 265
47 328
328 47
301 74
164 211
257 118
2 379
112 265
358 17
281 94
361 16
244 131
223 152
342 33
307 68
198 177
317 58
344 31
219 156
274 101
96 279
26 353
224 151
25 354
367 8
189 186
131 244
218 157
264 111
173 202
360 17
166 209
234 141
124 251
322 53
188 187
41 334
57 318
177 198
121 254
206 169
107 268
243 132
7 372
109 266
31 344
3 380
220 155
374 1
145 230
17 362
254 121
365 10
238 137
55 320
280 95
71 304
279 100
68 307
298 77
335 40
196 179
104 271
13 366
354 21
39 336
142 233
203 172
135 240
268 107
279 96
269 106
282 93
214 161
191 184
221 154
32 343
129 246
368 7
248 127
34 341
6 373
101 274
290 85
251 124
356 19
74 301
313 62
130 247
334 41
136 239
11 368
64 311
98 277
169 206
271 104
360 15
231 144
78 297
230 145
99 276
72 303
318 57
141 234
311 64
275 100
217 158
91 284
233 142
331 44
113 262
170 205
241 134
144 231
51 324
0 385
21 358
259 116
134 241
253 122
36 339
255 120
43 332
355 20
59 316
211 164
94 281
276 99
4 375
208 169
9 370
67 308
225 150
327 48
303 72
79 296
373 2
222 153
56 319
18 361
295 80
252 123
140 235
138 237
93 282
373 6
185 190
309 66
207 168
237 138
375 0
149 226
38 337
246 129
85 290
26 351
249 126
3 376
245 130
258 117
364 11
332 43
260 115
120 255
325 50
333 42
310 65
19 360
58 317
229 146
45 330
29 348
266 109
60 315
130 245
20 359
330 45
81 294
28 349
163 212
5 374
324 51
339 36
357 18
205 170
326 49
311 66
319 56
156 219
183 192
30 347
261 114
312 67
119 256
22 357
95 280
286 89
139 236
208 167
312 63
288 87
147 228
209 166
315 60
187 188
50 325
192 183
154 221
362 13
54 321
76 299
353 22
316 59
49 326
202 173
374 7
16 363
226 149
146 229
100 275
175 200
256 119
73 302
103 272
157 218
314 61
32 345
305 70
112 263
33 342
239 136
294 81
82 293
348 27
232 143
115 260
148 227
262 113
176 199
162 213
347 28
278 99
133 242
240 135
250 125
160 215
351 24
340 35
123 252
285 90
172 203
12 367
161 214
212 163
44 331
111 264
300 75
345 30
158 217
159 216
52 323
181 194
83 292
132 243
299 76
323 52
180 195
236 139
293 82
105 270
350 25
87 290
297 78
337 38
206 170
17 363
272 104
162 214
190 186
256 120
79 297
191 185
42 334
30 348
29 349
45 331
117 259
100 276
124 252
375 1
274 104
93 283
282 94
77 299
296 80
248 128
311 65
365 11
105 271
302 74
207 169
311 67
268 108
288 88
107 269
350 26
150 226
179 197
284 92
254 122
278 100
121 255
156 220
224 152
312 64
163 213
259 117
104 272
101 275
128 248
109 267
80 296
322 54
376 0
290 86
154 222
214 162
221 155
54 322
72 304
263 113
187 189
306 70
94 282
374 2
319 57
304 72
361 15
363 13
295 81
81 295
331 45
50 326
344 32
279 101
329 47
112 264
261 115
28 350
323 53
333 43
41 335
243 133
129 247
366 10
84 292
199 177
139 237
149 227
70 306
200 176
184 192
267 109
0 382
73 303
40 336
115 261
313 63
205 171
26 354
277 99
357 19
240 136
116 260
251 125
353 23
265 111
270 106
102 274
291 85
273 103
266 110
4 376
219 157
86 290
351 25
255 121
85 291
246 130
141 235
120 256
260 116
241 135
223 153
279 99
212 164
242 134
325 51
131 245
33 343
5 375
0 384
53 323
192 184
157 219
346 30
232 144
61 315
367 9
299 77
253 123
247 129
271 105
12 368
283 93
348 28
264 112
352 24
229 147
159 217
98 278
312 66
186 190
280 96
374 6
56 320
7 373
2 380
23 357
208 168
99 277
165 211
82 294
275 101
202 174
230 146
57 319
64 312
8 372
0 386
257 119
332 44
55 321
216 160
285 91
78 298
244 132
113 263
276 100
297 79
360 18
252 124
91 285
308 68
166 210
328 48
209 167
203 173
47 329
362 14
174 202
135 241
1 381
66 310
75 301
27 351
294 82
35 341
20 360
144 232
21 359
213 163
88 288
130 246
171 205
68 308
279 97
316 60
175 201
307 69
145 231
32 344
36 340
136 240
31 347
137 239
183 193
373 5
336 40
178 198
134 242
72 306
233 143
52 324
65 311
301 75
368 8
69 307
235 141
354 22
286 90
231 145
345 31
133 243
76 300
181 195
358 18
197 179
364 12
245 131
32 346
340 36
111 265
238 138
326 50
153 223
328 50
204 172
217 159
347 29
71 305
211 165
13 367
377 1
213 165
234 142
225 151
330 46
262 114
143 233
49 327
198 178
83 293
18 362
88 290
324 52
38 338
138 238
310 66
127 249
287 89
148 228
44 332
236 140
146 230
315 61
164 212
269 107
130 248
103 273
87 289
3 381
62 314
334 42
142 234
249 127
67 309
293 83
292 84
227 149
226 150
176 200
158 218
160 216
321 55
305 71
96 280
9 371
14 366
343 33
95 281
327 49
51 325
58 318
132 244
338 38
309 67
182 194
289 87
110 266
210 166
356 20
339 37
39 337
335 41
215 161
170 206
189 187
59 317
122 254
355 21
26 352
318 58
123 253
173 203
314 63
85 292
377 0
111 266
286 91
66 313
353 24
129 248
72 305
338 39
345 32
263 114
311 68
55 322
141 236
115 264
340 37
284 93
213 166
238 139
41 336
362 15
336 41
64 313
117 260
296 81
151 226
244 133
255 122
230 147
313 64
16 365
143 234
254 123
207 170
163 214
82 295
148 229
12 369
37 340
171 206
240 137
272 105
59 318
176 201
256 121
135 242
249 128
334 43
139 238
206 171
235 142
144 233
242 135
102 275
216 161
306 71
174 203
93 284
219 158
205 172
6 375
17 364
201 176
298 79
261 116
279 102
367 10
250 127
164 213
179 198
4 377
106 271
156 221
27 352
177 200
221 156
185 192
253 124
33 346
147 230
364 13
123 254
183 194
167 210
299 78
127 250
122 255
13 368
328 51
48 329
275 102
280 97
218 159
107 270
62 315
217 160
346 31
274 103
170 207
278 101
173 204
309 68
328 49
332 45
46 331
157 220
99 278
9 372
288 89
115 262
142 235
109 268
222 155
110 267
121 256
316 61
280 99
267 110
322 55
162 215
140 237
165 212
192 185
66 311
47 330
349 28
198 179
56 321
138 239
113 264
57 320
352 25
188 189
277 100
84 293
331 46
243 134
319 58
159 218
282 95
150 227
350 27
227 150
58 319
77 300
321 56
175 202
374 5
136 241
323 54
11 370
98 279
38 339
49 328
18 363
145 232
266 111
231 146
259 118
313 66
245 132
104 273
53 324
23 358
146 231
22 359
191 186
116 261
131 246
71 306
186 191
329 50
65 312
128 249
61 316
258 119
36 341
45 332
252 125
101 276
237 140
8 373
178 199
1 386
27 354
182 195
304 73
320 57
30 349
291 86
124 253
324 53
80 297
125 252
69 308
377 2
213 164
289 88
134 243
305 72
83 294
97 280
2 381
149 228
43 334
25 356
248 129
33 344
341 36
310 67
108 269
333 44
233 144
292 85
301 76
7 374
180 197
355 22
39 338
359 18
307 70
212 165
158 219
5 376
225 152
40 337
78 299
0 387
197 180
325 52
42 335
94 283
189 188
153 224
344 33
19 362
308 69
273 104
28 351
232 145
204 173
154 223
88 289
264 113
378 1
184 193
215 162
0 389
1 384
29 350
241 136
63 314
44 333
50 327
1 382
92 285
89 288
376 1
21 360
303 74
330 47
166 211
73 304
105 272
357 20
31 348
199 178
70 307
294 83
226 151
51 326
270 107
375 2
293 84
133 244
366 11
268 109
211 166
103 274
223 154
329 48
132 245
203 174
224 153
276 101
54 323
52 325
315 62
297 80
234 143
68 309
269 108
236 141
100 277
290 87
339 38
161 216
0 383
246 131
95 282
356 21
351 26
295 82
160 217
118 259
324 55
75 302
368 9
20 361
86 291
337 40
81 296
260 117
257 120
369 8
74 303
60 317
348 29
172 205
365 12
262 115
326 51
190 187
187 190
220 157
10 371
312 65
363 14
114 263
251 126
67 310
14 367
209 168
271 106
24 357
73 305
81 297
359 19
289 89
326 52
0 390
225 153
167 211
254 124
33 347
184 194
86 292
335 43
175 203
343 35
50 328
78 300
159 219
115 263
21 361
99 279
229 149
365 13
8 374
124 254
374 4
140 238
15 367
63 315
243 135
315 63
324 54
52 326
84 294
2 382
323 55
70 310
237 141
345 33
31 349
344 34
34 346
7 375
1 389
119 259
337 41
270 108
236 142
93 285
41 337
2 386
296 82
45 333
321 57
204 174
23 359
273 105
213 167
39 339
26 356
199 179
149 229
189 189
151 227
269 109
256 122
226 152
271 107
369 9
240 138
51 327
118 260
64 314
132 246
248 130
11 371
157 221
220 158
89 289
306 72
217 161
166 212
298 82
282 96
121 257
291 87
218 160
28 354
10 372
198 180
111 267
260 118
153 225
367 11
58 320
67 311
61 317
150 228
181 197
172 206
32 348
288 90
264 114
186 192
232 146
272 106
219 159
1 387
20 362
97 281
314 66
28 352
25 357
177 201
171 207
262 116
224 154
351 27
329 49
62 316
275 103
202 176
165 213
158 220
357 21
106 272
22 360
12 370
356 22
230 148
206 172
29 351
368 10
160 218
192 186
364 14
285 93
333 45
292 86
5 377
125 253
92 286
139 239
268 110
338 40
203 175
253 125
143 235
284 94
91 287
24 358
127 251
38 340
349 29
191 187
90 288
190 188
339 39
105 273
48 330
94 284
174 204
104 274
304 74
66 312
245 133
267 111
34 344
354 24
56 322
341 37
207 171
173 205
246 132
169 209
300 78
77 301
331 47
98 280
249 129
0 388
378 0
27 355
135 243
358 20
43 335
116 262
40 338
148 230
187 191
316 62
55 323
114 264
109 269
108 270
348 30
350 28
244 134
287 91
265 113
222 156
163 215
281 97
293 85
179 199
178 200
182 196
332 46
342 36
239 139
228 150
42 336
255 123
322 56
297 81
96 282
134 244
37 341
65 313
197 181
9 373
53 325
49 329
120 258
19 363
314 64
145 233
301 77
193 185
211 167
71 307
59 319
214 164
156 222
307 71
286 92
305 73
100 278
129 249
280 98
144 234
278 102
366 12
103 275
227 151
320 58
346 32
75 303
251 127
330 48
259 119
233 145
205 173
216 162
319 59
128 250
355 23
299 79
238 140
325 53
231 147
376 2
110 268
142 236
212 166
310 68
83 295
17 365
162 216
85 293
241 137
334 44
30 350
122 256
188 190
1 383
35 343
170 208
176 202
363 15
353 25
298 80
261 117
152 226
277 101
137 241
95 283
123 255
154 224
141 237
313 65
36 342
16 366
375 3
327 51
352 26
161 217
6 376
102 276
74 304
252 126
302 76
210 168
155 223
136 242
14 368
168 210
242 136
309 69
70 308
60 318
266 112
147 231
258 120
68 310
223 155
101 277
257 121
234 144
47 331
295 83
2 384
308 70
190 189
231 148
138 241
277 102
290 89
103 276
216 163
2 385
107 272
54 325
26 357
210 169
8 375
170 209
199 180
116 263
111 268
182 197
268 111
32 349
94 285
95 284
121 258
120 259
337 42
320 59
123 256
15 368
316 63
243 136
367 12
363 16
31 350
220 159
34 345
98 281
251 128
132 247
7 376
169 210
6 377
304 75
366 13
67 312
228 151
23 360
236 143
180 199
154 225
122 257
156 223
299 80
335 44
165 214
47 332
144 235
187 192
40 339
270 109
345 34
247 132
99 280
234 145
317 62
35 346
218 161
347 32
303 76
233 146
191 188
1 390
295 84
163 216
197 182
86 293
305 74
289 90
64 315
192 187
306 73
63 316
18 365
327 52
9 374
257 122
209 170
326 53
65 314
61 318
212 167
194 185
338 41
206 173
87 292
13 370
173 206
344 35
42 337
215 164
55 324
160 219
217 162
127 252
341 38
29 354
252 127
230 149
239 140
333 46
300 79
232 147
153 226
342 37
57 322
151 228
68 311
137 244
325 54
284 95
364 15
202 177
60 319
176 203
34 347
208 171
297 82
119 260
139 240
150 229
375 4
84 295
71 308
250 129
125 254
203 176
330 49
30 351
74 305
167 212
249 130
171 208
11 372
143 236
152 227
265 114
178 201
287 92
222 157
356 23
276 103
53 326
109 270
141 238
355 24
296 83
50 329
286 93
46 333
161 218
106 273
340 39
302 77
253 126
164 215
205 174
49 330
258 121
354 25
22 361
224 155
259 120
16 367
229 150
108 271
158 221
2 383
20 363
105 274
223 156
19 364
48 331
349 30
78 301
137 242
272 107
3 386
148 231
96 283
140 239
25 358
288 91
314 65
248 131
177 202
261 118
188 191
209 172
331 48
21 362
75 304
82 297
322 57
58 321
114 265
379 0
41 338
104 275
134 245
44 335
262 117
129 250
298 81
2 387
346 33
307 72
241 138
1 388
10 373
112 267
294 85
204 175
175 204
370 9
245 134
90 289
36 343
172 207
242 137
226 153
315 64
1 392
43 336
183 196
376 3
69 310
235 144
211 168
184 195
168 211
147 232
269 110
339 40
77 302
51 328
201 178
237 142
159 220
179 200
45 334
359 20
193 186
186 193
62 317
17 366
24 359
101 278
267 112
93 286
28 355
38 341
92 287
113 266
174 205
200 179
0 391
35 344
357 22
368 11
145 234
273 106
28 353
157 222
336 43
291 88
136 243
59 320
281 98
238 141
343 36
351 28
83 296
369 10
293 86
278 103
308 71
198 181
283 96
195 184
149 230
352 27
348 31
323 56
135 244
142 237
256 123
282 97
334 45
76 303
255 124
128 251
70 309
310 69
181 198
91 288
14 369
52 327
100 279
227 152
309 70
246 133
244 135
254 126
48 332
277 103
47 333
196 184
197 183
108 272
24 360
256 124
289 91
200 180
339 41
247 133
239 141
135 245
134 246
343 37
362 20
114 266
140 240
258 122
272 108
20 364
349 31
263 117
45 335
72 308
2 392
334 46
30 352
257 123
46 334
44 336
340 40
95 285
155 225
125 255
55 325
117 263
331 49
290 90
138 242
203 179
248 132
64 316
321 59
71 309
228 152
220 160
3 383
23 361
102 278
154 226
3 389
366 14
159 221
61 319
189 191
149 231
284 96
205 175
358 22
317 63
79 301
182 198
307 73
267 113
332 48
252 128
199 181
152 228
132 248
316 64
162 218
156 224
21 363
82 298
10 374
351 29
276 104
225 155
233 147
122 258
17 367
219 161
14 370
210 170
208 172
234 146
361 19
118 262
158 222
181 199
41 339
29 353
109 271
84 296
322 58
3 385
320 60
28 356
178 202
150 230
123 257
68 312
78 302
127 253
211 169
306 74
36 344
131 249
363 17
346 34
97 283
221 159
3 387
171 209
350 30
345 35
202 178
38 342
212 168
206 174
121 259
356 24
308 72
203 177
128 252
112 268
34 348
297 83
238 142
137 243
300 80
235 145
270 110
250 130
69 311
286 94
229 151
249 131
274 106
119 261
315 65
168 212
365 15
51 329
273 107
380 0
230 150
84 298
176 204
260 120
120 260
368 12
90 290
88 292
242 138
7 377
288 92
35 347
8 376
364 16
244 136
49 331
26 358
255 125
336 44
303 77
104 276
209 171
215 165
192 188
36 346
246 134
335 45
57 323
273 109
141 239
27 357
194 186
170 210
2 388
58 322
344 36
174 206
11 373
144 236
65 315
243 137
348 32
354 26
13 371
217 163
369 11
173 207
282 98
42 338
367 13
253 127
231 149
292 88
18 366
261 119
138 244
236 144
245 135
164 216
283 97
151 229
198 182
268 112
291 89
33 349
16 368
191 189
186 194
89 291
188 192
136 244
296 84
326 54
157 223
77 303
269 111
93 287
6 378
62 318
91 289
305 75
15 369
56 324
345 37
285 95
240 140
29 355
126 254
376 4
323 57
142 238
226 154
37 343
180 200
4 386
113 267
222 158
75 305
52 328
87 293
146 234
352 28
12 372
337 43
147 233
153 227
100 280
85 295
218 162
172 208
137 245
50 330
210 172
163 217
76 304
341 39
224 156
2 390
193 187
75 307
362 18
187 193
165 215
130 250
232 148
179 201
304 76
195 185
371 9
170 212
86 294
271 109
74 306
287 93
327 53
98 282
139 241
201 179
110 270
25 359
259 121
107 273
35 345
94 286
357 23
60 320
359 21
9 375
370 10
1 391
53 327
22 362
111 269
342 38
96 284
32 350
106 274
190 190
266 114
124 256
99 281
54 326
184 196
301 79
227 153
143 237
133 247
299 81
295 85
262 118
185 195
160 220
43 337
353 27
63 317
338 42
294 86
347 33
309 71
251 129
223 157
145 235
310 70
207 173
34 349
309 72
370 11
123 258
74 307
249 132
32 351
49 332
345 36
138 243
206 175
240 141
66 315
100 281
264 117
266 115
72 309
349 32
18 367
212 169
340 41
376 5
139 242
148 233
154 227
157 224
82 299
277 104
258 123
343 38
194 187
5 386
170 211
143 238
326 55
4 385
316 65
330 51
350 31
327 54
197 184
205 176
233 148
160 221
196 185
256 125
106 275
30 353
102 279
144 237
177 204
359 22
207 174
297 84
292 89
338 43
224 157
94 287
276 105
285 96
4 389
8 377
217 164
92 289
250 131
226 155
366 15
331 50
248 133
31 354
260 121
126 255
23 362
215 166
152 229
300 81
162 219
363 18
195 186
181 200
75 306
6 379
118 263
112 269
270 111
85 296
381 0
83 298
372 9
189 192
96 285
95 286
344 37
203 178
109 272
90 291
219 162
174 207
9 376
55 326
262 119
358 23
231 150
76 305
31 352
204 177
178 203
210 171
43 338
56 325
211 170
35 348
218 163
190 191
108 273
147 234
368 13
124 257
360 21
318 63
347 34
335 46
7 378
14 371
11 374
242 139
21 364
87 294
334 47
175 206
348 33
129 252
3 388
150 231
101 280
4 383
98 283
167 216
99 282
191 190
291 90
127 254
227 154
153 228
60 321
235 146
310 71
254 127
78 303
308 73
188 193
13 372
339 42
44 337
3 390
37 344
63 318
105 276
97 284
183 198
165 216
166 215
158 223
62 319
365 16
2 391
57 324
39 342
125 256
163 218
182 199
110 271
86 295
328 53
225 156
180 201
295 86
12 373
259 122
211 172
255 126
131 250
355 26
4 387
104 277
284 97
69 312
321 60
36 347
373 10
354 27
305 76
193 188
41 340
37 346
271 110
36 345
91 290
257 124
369 12
207 176
377 4
161 220
65 316
272 109
289 92
336 45
16 369
26 359
120 261
17 368
311 70
341 40
221 160
149 232
296 85
333 48
33 350
52 329
286 95
151 230
141 240
135 246
50 331
353 28
29 356
172 209
322 59
269 112
28 357
319 62
261 120
320 61
263 118
42 339
236 145
245 136
169 212
171 210
159 222
239 142
223 158
268 113
167 214
22 363
323 58
128 253
20 365
304 77
185 196
156 225
229 152
252 129
306 75
244 137
201 180
79 302
282 99
114 267
228 153
301 80
273 108
187 194
202 179
24 361
253 128
84 297
132 249
220 161
238 143
136 245
351 30
64 317
80 301
237 144
173 208
287 94
361 20
27 358
283 98
317 64
54 327
10 375
380 1
51 330
47 334
317 66
198 183
45 336
274 107
117 264
111 270
15 370
19 366
170 213
200 181
127 256
133 248
119 262
199 182
140 241
362 19
146 235
267 114
176 205
89 292
184 197
93 288
307 74
208 173
142 239
108 275
222 159
77 304
30 355
46 335
357 24
115 266
246 135
251 130
107 274
59 322
145 236
356 25
337 44
352 29
38 343
234 147
7 380
121 260
324 57
325 56
66 316
152 230
263 119
174 208
193 189
122 260
120 262
164 218
182 200
31 353
283 99
11 375
166 216
320 62
373 11
4 388
126 256
105 277
200 182
361 21
296 86
156 226
46 336
121 261
333 49
340 42
0 394
129 253
42 340
175 207
330 52
162 220
271 111
284 98
328 54
341 41
336 46
286 96
37 347
288 94
304 78
54 328
252 130
98 284
115 267
207 175
9 377
4 384
109 273
27 359
15 371
7 381
101 281
86 296
19 367
235 147
338 44
172 210
248 134
135 247
179 203
21 365
192 190
70 312
321 61
349 33
270 112
217 165
255 127
130 252
57 325
180 202
212 170
358 24
18 368
81 301
62 320
185 197
12 374
342 40
25 361
378 4
65 317
79 303
371 11
236 146
246 136
247 135
99 283
28 358
249 133
49 333
93 289
300 82
108 274
237 145
206 176
258 124
348 34
376 6
88 294
335 47
176 206
161 221
171 211
250 132
8 378
146 236
184 200
136 246
173 209
55 327
123 259
205 177
326 56
154 228
332 50
242 140
67 317
282 100
64 318
216 166
194 188
233 149
261 121
53 329
181 201
308 74
277 105
380 2
307 75
30 356
40 342
165 217
128 258
73 309
74 308
199 183
240 142
360 22
116 266
322 60
106 276
169 213
72 310
229 153
363 19
167 215
127 257
124 258
272 110
302 80
315 67
183 199
16 370
254 128
24 362
139 243
276 106
36 348
285 99
47 335
191 191
23 363
327 55
111 271
145 237
244 138
10 376
234 148
168 214
292 90
264 118
110 272
241 141
8 380
262 120
352 30
96 286
188 194
159 223
220 162
148 234
251 131
355 27
85 297
291 91
226 156
13 373
160 222
31 355
76 306
314 68
366 16
364 18
133 249
155 227
354 28
268 114
196 186
80 302
325 57
92 290
372 10
301 81
293 89
269 113
127 255
211 171
344 38
357 25
370 12
38 346
128 254
298 84
253 129
113 269
143 239
35 349
69 313
351 31
7 379
45 337
238 144
239 143
37 345
48 334
251 133
43 339
305 77
141 241
204 178
107 275
34 350
158 224
56 326
29 357
381 1
3 391
232 150
100 282
195 187
132 250
142 240
184 198
202 180
177 205
178 204
33 351
382 0
334 48
147 235
274 108
157 225
150 232
63 319
61 321
39 343
32 354
5 387
228 154
32 352
223 159
201 181
323 59
311 71
91 291
190 192
60 322
50 332
104 278
267 115
78 304
77 305
83 299
289 93
149 233
369 13
353 29
324 58
256 126
197 185
259 123
331 51
144 238
51 331
377 5
265 117
368 14
89 293
297 85
20 366
125 257
318 64
38 344
225 157
189 193
103 279
153 229
112 270
309 73
97 285
339 43
114 268
245 137
94 288
316 66
350 32
67 315
319 63
118 264
134 248
367 15
5 385
208 174
346 36
329 53
222 160
306 76
186 196
218 164
87 295
317 65
173 210
301 82
354 29
6 389
212 171
371 12
98 285
155 228
352 31
191 192
275 108
87 296
127 258
190 193
6 385
351 32
28 359
179 204
344 39
328 55
7 382
107 276
184 201
241 142
124 259
32 355
62 321
231 152
72 311
165 218
321 62
169 214
74 309
66 317
216 167
218 165
24 363
342 41
235 148
224 159
73 310
149 234
39 344
205 178
30 357
248 135
201 182
168 215
339 44
181 202
332 51
198 185
131 252
318 65
287 96
330 53
343 40
226 157
48 335
176 209
47 336
368 15
288 95
307 76
257 126
54 329
57 326
369 14
250 133
4 391
14 373
16 371
46 337
128 259
309 74
310 73
21 366
269 114
337 46
267 116
125 258
178 205
50 333
143 240
129 254
245 138
265 118
37 348
118 265
304 79
97 286
45 338
185 200
18 369
112 271
129 258
64 319
263 120
378 5
262 121
277 106
266 117
253 130
140 243
41 342
115 268
313 70
121 262
323 60
341 42
355 28
27 360
13 374
128 257
232 151
364 19
147 236
286 97
130 253
327 56
237 146
383 0
33 352
247 136
172 211
119 264
308 75
361 22
49 334
222 161
23 364
29 358
335 48
382 1
5 388
163 220
251 132
258 125
0 395
233 150
219 164
153 230
145 238
159 224
42 341
10 377
93 290
268 115
340 43
58 325
348 35
272 111
200 183
270 113
132 251
92 291
9 378
350 33
234 149
367 16
282 101
20 367
126 257
142 241
114 269
223 160
146 237
186 197
175 208
32 353
305 78
174 209
105 278
202 181
135 248
94 291
44 339
5 390
276 107
77 306
8 379
148 235
194 189
82 301
79 304
38 347
322 61
8 381
236 147
161 222
188 195
5 384
357 26
353 30
106 277
102 281
336 47
283 100
196 187
69 314
61 322
99 284
206 177
246 137
136 247
88 295
83 300
252 131
56 327
55 328
312 71
1 394
65 318
315 68
238 145
333 50
109 274
38 345
180 203
302 81
101 282
221 162
133 250
123 260
90 293
243 140
156 227
349 34
296 87
166 217
264 119
63 320
40 343
289 94
33 354
59 324
80 303
261 122
70 313
377 6
81 302
293 90
326 57
177 206
120 263
11 376
183 200
157 226
372 11
25 362
331 52
17 370
51 332
347 36
370 13
228 155
259 124
220 163
239 144
195 188
144 239
31 356
217 166
192 191
176 207
297 86
292 91
303 80
213 170
295 88
100 283
86 297
360 23
281 102
154 229
96 287
285 98
89 294
227 156
298 85
6 383
184 199
193 190
152 231
255 128
12 375
15 372
314 69
141 242
284 99
36 349
240 143
116 267
95 288
52 331
299 84
324 59
359 24
381 2
316 67
334 49
208 175
249 134
209 174
160 223
67 316
113 270
103 280
306 77
150 233
230 153
111 272
319 64
22 365
94 289
128 255
26 361
189 194
34 351
254 129
329 54
314 70
30 358
5 391
383 1
141 243
49 335
60 324
242 142
315 69
6 388
142 242
286 98
336 48
288 96
33 355
169 215
202 182
340 44
232 152
254 130
5 393
338 46
11 377
9 381
76 308
51 333
25 363
173 211
217 167
148 236
261 123
124 260
101 283
52 334
230 154
195 191
144 240
274 110
176 208
302 82
93 291
154 230
79 305
300 84
339 45
275 109
343 41
265 119
252 132
164 220
345 39
191 193
209 175
358 26
359 25
77 307
342 42
310 74
24 364
114 270
52 332
244 140
205 179
216 168
85 299
71 313
234 150
133 251
96 288
273 111
36 350
33 353
279 107
38 348
105 279
214 170
115 269
62 322
279 105
305 79
98 286
239 145
166 218
192 192
8 382
237 147
193 191
247 137
68 316
246 138
78 306
203 181
156 228
94 290
143 241
372 12
1 395
28 360
179 205
219 165
163 221
334 50
201 183
188 196
16 372
155 229
376 8
256 128
356 28
113 271
118 266
224 160
61 323
152 232
72 312
229 155
100 284
328 56
361 23
337 47
89 295
369 15
0 398
354 30
199 185
183 201
87 297
46 338
31 357
355 29
136 248
259 125
352 32
320 64
346 38
165 219
47 337
326 58
22 366
40 346
365 19
56 328
39 347
378 6
227 157
189 195
298 86
306 78
103 281
3 393
382 2
32 356
187 197
7 385
225 159
116 268
341 43
312 72
210 174
311 73
63 321
255 129
348 36
104 280
240 144
27 363
149 235
198 186
176 210
331 53
321 63
110 274
94 292
17 371
83 301
14 374
371 13
226 158
34 354
194 190
276 108
127 259
90 294
200 184
81 303
177 207
264 120
248 136
327 57
313 71
299 85
278 106
69 315
190 194
281 103
97 287
174 210
304 80
59 325
204 180
55 329
245 139
80 304
64 320
57 327
122 262
117 267
6 390
367 17
213 171
84 300
126 258
381 3
287 97
180 204
196 188
297 87
353 31
284 100
9 379
290 96
258 126
75 309
10 378
323 61
13 375
39 345
121 263
377 7
206 178
107 277
250 134
223 161
350 34
119 265
134 250
65 319
329 55
146 238
112 272
34 352
58 326
120 264
125 259
106 278
357 27
316 68
73 311
91 293
303 81
18 370
296 88
186 198
4 392
243 141
301 83
137 247
50 334
253 131
82 302
282 102
231 153
322 62
15 373
182 202
330 54
95 291
145 239
268 116
102 282
41 343
218 166
333 51
43 341
45 339
86 298
267 117
379 5
181 203
66 318
129 255
21 367
157 227
130 254
233 151
129 257
185 199
332 52
257 127
262 122
197 187
228 156
349 35
10 380
23 365
152 234
221 163
53 331
175 209
27 361
269 115
150 234
37 349
364 20
325 59
160 224
250 136
362 22
319 65
74 310
132 252
271 113
35 351
123 261
308 76
44 340
153 231
291 93
84 302
7 383
26 362
6 384
293 91
295 89
309 75
236 148
140 244
161 223
266 118
2 394
290 94
351 33
195 189
48 336
178 206
133 252
40 345
271 114
59 326
1 396
340 45
345 40
190 195
257 128
343 42
143 242
353 32
22 367
124 261
379 6
200 185
198 187
241 144
83 302
14 375
85 300
8 385
145 240
151 234
284 101
261 124
287 98
99 286
134 251
278 107
309 76
253 132
183 204
348 37
307 78
46 339
180 205
274 111
326 59
18 371
330 55
141 244
130 255
370 15
105 280
275 110
327 58
356 29
249 136
311 74
279 106
211 174
43 342
53 334
355 30
255 130
317 68
328 57
182 203
220 165
21 368
86 299
25 364
354 31
7 390
115 270
38 349
69 316
72 313
90 295
225 160
195 190
34 355
240 145
258 127
372 13
5 392
229 156
66 319
368 17
224 161
24 365
235 150
147 238
136 249
161 224
8 383
234 151
335 50
181 204
125 260
339 46
149 236
352 33
62 323
344 41
226 159
262 123
51 334
85 302
54 331
242 143
91 294
233 152
41 346
48 337
27 362
310 75
28 361
230 155
383 2
303 82
16 373
263 122
170 215
293 92
292 93
270 115
34 353
207 178
110 275
1 398
218 167
104 281
321 64
228 157
273 112
313 72
188 197
289 96
205 180
120 265
359 26
214 171
71 314
189 196
231 154
378 7
280 105
259 126
341 44
312 73
196 189
305 80
23 366
282 103
177 208
371 14
291 94
361 24
247 138
342 43
42 343
325 60
77 308
266 119
26 363
192 193
76 309
150 235
250 135
93 292
169 216
347 38
82 303
294 91
132 253
306 79
210 175
106 279
6 391
283 102
142 243
129 256
334 51
2 395
144 241
217 168
322 63
272 113
216 169
165 220
276 109
324 61
164 221
100 285
121 264
376 9
137 248
103 282
118 267
122 263
7 384
350 35
221 164
223 162
346 39
385 0
360 25
168 217
236 149
319 66
300 85
248 137
187 198
15 374
30 359
155 230
101 284
186 199
243 142
17 372
301 84
116 269
29 360
156 229
323 62
331 54
84 301
109 276
96 289
166 219
131 254
123 262
227 158
111 274
163 222
74 311
173 212
11 380
304 81
124 263
84 303
95 290
222 163
57 328
232 153
215 170
70 315
0 399
9 382
3 394
203 182
154 231
364 21
367 18
114 271
316 69
10 379
10 381
329 56
254 131
162 223
366 19
49 336
277 108
4 393
302 83
39 348
193 192
112 273
87 298
5 394
202 183
351 34
92 293
296 89
32 357
113 272
126 259
237 148
290 95
61 324
338 47
336 49
199 186
31 358
89 298
88 297
318 67
362 23
219 166
98 287
314 71
363 22
53 332
206 179
260 125
167 218
298 87
153 232
265 120
121 266
153 234
333 52
201 184
73 312
245 140
183 202
146 239
238 147
47 338
288 97
138 247
80 305
295 90
175 210
349 36
11 378
377 8
65 320
7 388
140 245
268 117
302 85
107 278
36 351
28 363
97 288
13 376
365 20
358 27
299 86
264 121
179 206
269 116
246 139
157 228
281 104
381 4
12 377
117 268
202 185
256 129
204 181
19 370
63 322
194 191
56 329
239 146
45 340
35 354
108 277
244 141
79 306
197 188
297 88
135 250
16 374
189 197
358 28
321 65
305 81
372 14
232 154
188 198
342 44
108 278
249 137
55 331
3 395
196 190
317 69
215 171
338 48
78 308
380 6
26 364
115 271
24 366
178 208
324 62
12 378
235 153
307 79
216 170
254 132
42 346
53 333
49 337
204 182
246 140
74 312
57 329
280 106
315 71
318 68
308 78
320 66
340 46
54 334
379 7
91 295
34 356
46 340
242 144
281 105
224 162
251 135
218 168
351 35
356 30
336 50
157 229
96 290
278 108
106 280
309 77
203 185
166 220
384 2
77 309
8 384
255 131
303 83
333 53
262 124
150 236
143 243
197 189
240 146
168 218
62 324
228 158
200 186
297 89
348 38
9 385
116 270
107 279
293 93
334 52
113 273
121 265
76 310
174 212
287 99
11 381
231 155
41 347
156 230
36 352
193 193
148 238
51 335
44 342
319 67
1 399
233 153
144 242
221 165
82 304
48 338
211 175
299 87
50 336
85 301
67 319
13 377
72 314
226 160
367 19
271 115
350 36
327 59
366 20
122 264
18 372
80 306
101 285
223 163
331 55
32 358
258 128
42 344
145 241
114 272
68 318
104 282
12 380
289 97
190 196
41 345
222 164
364 22
65 321
206 180
179 207
191 195
359 27
302 86
134 252
276 110
261 125
6 392
314 72
279 109
220 166
245 141
349 37
341 45
230 156
130 256
165 221
132 254
151 235
88 298
35 355
83 303
209 177
272 114
61 325
187 199
2 398
43 343
141 245
368 18
142 244
69 317
199 187
306 80
244 142
365 21
100 286
102 284
75 311
298 88
86 300
273 113
335 51
247 139
97 289
194 192
138 248
139 247
29 363
285 101
344 42
292 94
227 159
296 90
17 373
89 297
257 129
381 5
180 206
235 151
38 350
259 127
286 100
126 260
183 203
11 379
14 376
131 255
133 253
182 204
15 375
90 296
20 370
316 70
378 8
31 359
248 138
236 150
263 123
382 4
343 43
268 118
282 104
275 111
310 76
329 57
385 1
294 92
117 269
277 109
103 283
241 145
112 274
7 391
322 64
149 237
170 216
302 84
73 313
239 147
119 267
23 367
219 167
270 116
225 161
8 386
234 152
28 362
330 56
354 32
58 328
47 339
93 293
267 119
111 275
118 268
66 320
337 49
332 54
122 266
125 263
346 40
105 281
313 73
225 163
0 400
98 288
136 250
328 58
35 353
10 382
59 327
269 117
163 223
162 224
4 394
300 86
280 110
146 240
284 102
360 26
40 348
153 233
266 120
386 0
71 315
29 361
373 13
92 294
288 98
137 249
207 179
347 39
260 126
291 95
110 276
371 15
353 33
8 388
301 85
175 211
109 277
237 149
304 82
30 360
22 368
229 157
169 217
361 25
164 222
325 61
256 130
64 322
192 194
312 74
25 365
36 354
155 231
339 47
265 121
124 262
203 183
2 396
125 261
45 341
253 133
376 10
1 397
202 184
171 215
181 205
158 228
243 143
60 326
363 23
167 219
157 230
328 59
44 343
387 0
341 46
158 229
343 44
309 78
145 242
143 244
323 64
18 373
248 139
305 82
363 24
191 198
62 325
33 358
47 340
73 314
234 153
100 287
77 310
105 282
91 296
282 105
19 372
42 345
171 216
168 219
184 203
24 367
98 289
149 238
370 17
383 4
211 176
123 264
223 164
358 29
340 47
49 338
271 116
293 94
151 236
139 248
266 121
371 16
75 312
316 71
172 215
246 141
21 370
116 271
110 277
297 90
294 93
1 400
379 8
34 357
360 27
2 397
64 323
237 150
365 22
384 3
25 366
13 378
99 288
289 98
134 253
204 183
244 143
11 382
194 193
208 179
222 165
330 57
332 55
199 188
3 398
170 217
317 70
39 350
181 206
50 337
280 111
3 396
42 347
101 286
255 132
296 91
106 281
41 348
224 163
191 196
14 377
144 243
276 111
243 144
188 199
284 103
31 360
179 208
88 299
298 89
338 49
239 148
335 52
350 37
165 222
93 294
242 145
353 34
8 391
81 306
235 154
138 249
15 376
275 112
115 272
252 135
36 355
32 359
232 155
322 65
70 317
102 285
29 362
263 124
218 169
205 182
351 36
0 401
61 326
193 194
4 395
362 25
156 231
154 233
37 352
189 198
312 75
40 349
265 122
57 330
56 331
155 232
283 104
249 138
325 62
117 270
69 318
136 251
268 119
109 278
214 175
355 32
320 67
92 295
197 190
80 307
261 126
79 308
44 347
43 346
376 11
377 10
259 128
347 40
67 320
215 172
103 284
315 72
292 95
331 56
281 106
210 177
83 304
279 110
329 58
326 61
380 7
300 87
135 252
258 129
299 88
140 247
348 39
269 118
122 265
59 328
308 79
51 336
26 365
97 290
373 14
137 250
368 19
227 160
295 92
245 142
374 13
207 180
226 161
287 100
173 214
235 152
345 42
125 262
228 159
187 200
286 101
304 83
381 6
357 30
55 332
364 23
90 297
200 187
186 201
310 77
16 375
303 84
386 1
175 212
104 283
319 68
161 226
288 99
318 69
220 167
230 157
264 123
108 279
120 267
12 381
334 53
206 181
113 274
7 392
46 341
17 374
180 207
43 344
132 255
162 225
72 315
87 300
20 371
369 18
221 166
119 268
333 54
36 353
366 21
241 146
203 184
182 205
185 202
359 28
321 66
174 213
118 269
270 117
126 261
131 256
12 379
112 275
169 218
190 197
229 158
48 339
65 322
74 313
13 380
142 245
111 276
63 324
352 35
339 48
301 86
9 384
147 240
2 399
354 33
307 80
164 223
178 209
313 74
22 369
314 73
8 387
86 301
198 189
113 276
257 130
367 20
68 319
356 31
236 151
163 224
166 221
306 81
344 43
254 133
272 115
71 316
54 333
10 385
192 195
167 220
274 113
372 15
45 342
30 361
35 356
337 50
66 321
225 162
311 76
10 383
107 280
209 178
159 228
253 134
336 51
216 171
278 109
78 309
233 154
173 215
335 53
19 373
41 349
291 97
244 144
366 22
328 60
39 351
65 323
213 175
207 181
95 295
185 203
175 213
236 152
182 206
2 400
172 216
361 27
14 378
44 344
127 261
150 238
329 59
208 180
346 42
170 218
237 151
241 147
92 296
164 224
72 316
83 305
285 103
296 92
143 245
186 202
33 359
110 278
341 47
10 384
386 2
4 396
367 21
253 135
369 19
370 18
311 77
11 385
26 366
339 49
365 23
159 229
332 56
288 100
74 314
67 321
206 182
118 270
356 34
77 311
169 219
219 169
333 55
62 326
75 313
71 317
387 1
357 31
261 127
257 131
227 161
73 315
268 120
299 89
135 253
105 283
66 322
222 166
91 297
232 156
63 325
8 392
306 82
192 196
223 165
315 73
305 83
162 226
23 369
211 177
321 67
250 138
152 236
352 36
284 104
148 240
180 208
79 309
307 81
132 256
17 375
11 383
254 134
158 230
337 51
300 88
372 16
234 154
342 46
106 282
108 280
251 137
248 140
297 91
12 382
226 162
44 346
243 145
51 337
200 188
292 96
350 38
97 291
49 339
272 116
135 255
178 210
287 101
171 217
310 78
263 125
70 318
281 107
40 350
264 124
32 360
371 17
375 13
126 262
104 284
36 356
179 209
20 372
22 370
167 221
327 61
43 347
163 225
64 324
82 306
345 43
384 4
324 64
27 365
246 142
15 377
278 110
258 130
220 168
195 193
378 10
354 34
168 220
139 249
93 295
381 7
176 212
56 332
228 160
280 112
149 239
169 221
187 201
52 336
21 371
240 148
42 348
78 310
35 357
331 57
116 272
382 6
277 111
189 199
145 243
290 98
112 276
205 183
380 8
349 39
201 187
30 362
43 345
81 307
216 172
347 41
144 244
198 190
275 113
1 401
80 308
269 119
316 72
131 257
156 232
301 87
270 118
13 379
45 343
165 223
221 167
37 355
138 250
343 45
101 287
364 24
344 44
247 141
238 150
0 402
383 5
323 65
242 146
9 387
193 199
282 106
48 340
283 105
98 290
209 179
192 198
279 111
109 279
107 281
24 368
214 174
204 184
233 155
218 170
256 132
100 288
319 69
136 252
140 248
276 112
249 139
166 222
212 176
161 227
59 329
55 333
103 287
25 367
174 214
94 294
68 320
99 289
304 84
273 115
351 37
88 300
188 200
61 327
355 33
38 352
318 70
312 76
114 274
271 117
16 376
360 28
9 391
3 397
359 29
260 128
262 126
113 275
87 301
69 319
388 0
293 95
137 251
314 74
353 35
147 241
119 269
37 353
117 271
379 9
239 149
362 26
193 195
308 80
255 133
217 171
373 15
259 129
330 58
60 328
31 361
356 32
123 265
265 123
13 381
151 237
57 331
230 158
133 255
326 62
295 93
120 268
231 157
76 312
155 233
377 11
103 285
325 63
46 342
58 330
191 197
266 122
14 380
224 164
245 143
197 191
199 189
309 79
116 273
213 176
148 241
132 257
222 167
331 58
82 307
155 234
242 147
335 56
305 84
0 405
389 0
271 118
12 383
101 288
313 76
369 20
366 23
263 126
91 298
85 304
103 286
47 342
297 92
59 330
234 155
194 199
35 358
98 291
379 10
307 82
163 226
79 310
58 331
67 322
270 119
266 123
265 124
193 198
327 62
165 224
283 106
357 32
39 352
304 85
210 179
258 131
358 31
365 24
377 12
57 332
196 193
68 321
190 199
218 171
353 36
328 61
381 8
176 213
359 30
301 90
88 301
92 297
216 173
295 94
89 300
298 91
20 373
180 209
9 390
175 214
1 406
212 177
361 28
78 311
169 220
69 320
296 93
257 132
220 169
108 281
239 150
87 302
352 37
139 250
15 378
260 129
277 112
224 165
174 215
291 98
230 159
244 145
135 254
184 205
181 208
281 108
50 339
74 315
170 219
199 190
340 49
269 120
232 157
326 63
319 70
248 141
376 13
223 166
161 228
318 71
371 18
289 100
137 252
254 135
167 222
32 361
16 377
317 72
205 184
81 308
145 244
355 34
10 391
22 371
121 268
256 133
272 117
182 207
382 7
38 353
294 95
159 230
208 181
351 38
17 376
56 333
143 246
179 210
3 400
288 101
35 360
323 66
314 75
28 365
172 217
233 156
325 64
284 105
241 148
117 272
36 357
37 356
34 359
80 309
161 230
171 218
375 14
14 379
9 392
314 77
140 249
142 247
251 138
275 114
252 137
245 144
1 402
75 314
360 29
301 88
111 278
94 295
387 2
368 21
333 56
40 351
38 355
229 160
48 341
264 125
185 204
65 324
316 73
217 172
44 345
261 128
253 136
27 366
273 116
110 279
274 115
299 90
322 67
13 382
118 271
228 161
384 5
77 312
321 68
134 255
102 287
4 397
151 238
219 170
206 183
374 15
141 248
308 81
344 45
41 350
341 48
287 102
114 275
72 317
350 39
152 237
346 43
215 174
178 211
43 348
332 57
201 188
95 294
320 69
26 367
120 269
300 89
194 195
330 59
162 227
195 194
231 158
103 288
363 26
388 1
292 97
150 239
187 202
329 60
364 25
335 54
356 33
53 336
149 240
237 152
177 212
168 221
112 277
383 6
343 46
262 127
312 77
315 74
63 326
84 305
336 53
198 191
259 130
31 362
372 17
45 344
249 140
99 290
111 280
5 396
200 189
290 99
293 96
127 262
306 83
146 243
42 349
209 180
188 201
166 223
64 325
157 232
240 149
285 104
243 146
347 42
14 381
11 384
324 65
153 236
25 368
148 243
227 162
278 111
115 274
338 51
18 375
106 283
136 253
156 233
334 55
61 328
192 197
105 284
345 44
60 329
348 41
158 231
144 245
73 316
24 369
10 387
39 354
124 265
100 289
279 112
339 50
70 319
380 9
52 337
268 121
311 78
119 270
186 203
280 113
23 370
160 229
246 143
310 79
2 401
337 52
86 303
62 327
189 200
255 134
90 300
61 329
268 122
355 35
385 5
111 279
290 100
152 238
304 86
218 172
28 366
298 92
130 260
16 378
341 49
288 102
281 109
340 50
212 178
329 61
389 1
149 241
293 97
291 99
384 6
92 298
141 249
205 185
64 326
274 116
295 95
57 333
335 57
139 251
245 145
343 47
122 268
224 166
369 21
17 377
325 65
83 307
25 369
225 165
37 357
375 15
342 48
106 284
69 321
382 8
347 43
338 52
15 381
186 204
48 342
126 264
12 384
297 93
98 292
172 218
364 26
84 306
20 374
208 182
199 191
116 274
47 343
6 398
306 84
380 10
34 360
307 83
183 207
165 225
27 367
221 169
145 245
30 364
321 69
219 171
5 397
250 140
58 332
43 351
50 340
156 234
171 219
300 90
36 358
339 51
96 294
105 285
42 350
39 353
26 368
348 42
244 146
287 103
232 158
381 9
71 319
87 303
109 281
365 25
238 152
31 363
164 226
181 209
315 75
117 273
228 162
38 356
388 2
19 375
194 198
233 157
147 243
102 288
51 339
0 406
320 70
232 160
336 56
285 105
318 72
361 29
11 387
115 275
247 143
368 22
78 312
137 253
217 173
211 179
239 151
336 54
18 376
317 73
272 118
104 286
310 80
66 324
283 107
328 62
345 45
249 141
322 68
99 291
14 382
377 13
88 302
207 183
39 355
261 129
194 196
260 130
107 283
296 94
252 138
335 55
85 305
256 134
234 156
222 168
370 20
119 271
23 371
101 289
273 117
49 341
326 64
7 399
118 272
60 330
3 401
188 202
154 236
32 362
344 46
65 325
254 136
353 37
45 345
324 66
77 313
351 39
189 201
94 296
180 210
74 316
357 33
243 147
265 125
112 278
330 60
41 351
178 212
136 254
263 127
184 206
167 223
86 304
67 323
259 131
79 311
266 124
213 177
161 229
81 309
334 56
132 258
201 189
241 149
148 242
373 17
148 244
24 370
258 132
378 12
43 349
151 239
190 200
159 231
123 267
301 89
150 240
204 186
337 53
282 108
386 4
160 230
29 365
97 293
362 28
366 24
331 59
10 390
173 217
354 36
63 327
387 3
121 269
158 232
200 190
68 322
289 101
53 337
153 237
253 137
242 148
269 121
363 27
323 67
332 58
176 214
168 222
4 400
175 215
142 248
372 18
72 318
40 352
292 98
157 233
286 104
10 388
125 265
314 76
120 270
162 228
303 87
197 193
128 262
177 213
248 142
193 197
16 380
278 112
376 14
75 315
11 391
216 174
277 113
82 308
52 338
196 194
264 126
352 38
15 379
110 280
138 252
143 247
302 88
327 63
187 203
13 383
1 405
56 334
10 392
144 246
36 360
312 78
166 224
275 115
129 261
374 16
229 161
134 256
360 30
279 113
210 180
80 310
313 77
2 402
131 259
230 160
100 290
89 301
170 220
359 31
62 328
309 81
358 32
271 119
185 205
59 331
209 181
293 98
312 79
369 22
94 297
250 143
290 101
92 299
64 327
49 342
212 179
205 186
338 53
0 407
90 301
235 156
53 338
18 377
174 217
149 242
2 405
278 113
152 239
295 96
258 133
189 202
154 237
120 271
341 50
259 132
304 87
7 396
351 40
19 376
244 147
185 206
153 238
62 329
144 247
260 131
150 241
85 306
105 286
163 228
129 262
246 145
368 23
86 305
253 138
56 335
373 18
344 47
202 189
43 350
22 373
317 74
1 404
30 365
166 225
130 261
261 130
46 345
251 140
122 269
158 233
89 302
134 257
362 29
317 76
164 227
82 309
177 214
73 318
172 219
175 216
355 36
276 115
299 92
361 30
201 190
343 48
98 293
78 313
27 368
286 105
116 275
156 235
102 289
139 252
340 51
294 97
383 8
88 303
282 109
208 183
214 177
321 70
331 60
24 371
145 246
124 267
265 126
256 135
36 359
57 334
176 215
54 337
140 251
160 231
12 387
162 229
44 349
6 397
309 82
63 328
55 336
59 332
210 181
252 139
232 159
11 392
366 25
50 341
65 326
325 66
200 191
7 398
93 298
326 65
360 31
300 91
217 174
12 391
347 44
110 281
337 54
255 136
29 366
250 141
387 4
17 380
350 41
206 185
207 184
178 213
378 13
17 378
379 12
155 236
339 52
58 333
257 134
21 374
386 5
348 43
15 382
76 315
6 399
264 127
121 270
273 118
272 119
67 324
97 294
237 154
41 352
315 76
42 351
10 389
4 401
126 265
334 57
221 170
367 24
71 320
11 390
11 388
219 172
353 38
20 375
345 46
271 120
231 160
123 268
138 253
106 285
181 210
238 153
107 284
3 402
308 83
188 203
277 114
388 3
389 2
374 17
385 6
68 323
128 263
37 358
179 212
41 354
303 88
131 260
229 162
311 80
243 148
323 68
225 166
297 94
66 325
199 192
318 73
306 85
127 264
147 244
330 61
186 205
375 16
262 129
40 353
38 357
79 312
119 272
254 139
141 250
239 152
80 311
354 37
274 117
363 28
327 66
146 245
310 81
13 384
133 258
292 99
242 149
336 55
268 123
319 72
143 248
81 310
213 178
349 42
267 124
204 187
195 196
390 1
305 86
288 103
248 143
191 200
33 362
324 67
117 274
372 19
316 75
222 169
196 195
371 20
284 107
365 26
34 361
381 10
266 125
151 240
112 279
48 343
283 108
39 356
352 39
31 364
370 21
313 78
234 157
132 259
223 168
114 277
328 63
32 363
289 102
249 142
52 339
74 317
23 372
69 322
14 383
16 379
101 290
298 93
113 278
245 146
230 161
364 27
376 15
83 308
60 331
270 121
171 220
254 137
118 273
194 197
91 300
382 9
218 173
72 319
47 344
100 291
165 226
187 204
226 165
25 370
125 266
75 316
346 45
137 254
302 89
342 49
275 116
168 223
358 33
167 224
87 304
263 128
380 11
197 194
378 15
182 209
333 58
115 276
2 403
51 340
327 64
84 307
391 0
184 207
10 393
5 400
24 372
235 157
155 237
101 291
44 350
146 246
278 114
139 253
143 249
276 116
234 158
375 17
65 327
106 286
297 95
85 307
186 206
309 83
254 138
41 355
4 402
61 331
320 72
300 92
6 400
131 261
108 284
39 357
0 410
224 168
250 142
341 51
229 163
158 234
187 205
130 262
218 174
169 223
12 388
15 383
252 140
222 170
57 335
205 187
52 340
25 371
164 228
199 193
13 387
239 153
210 182
217 175
88 304
3 403
348 44
332 60
200 192
17 381
246 146
306 86
363 29
213 179
7 397
391 1
129 263
27 369
87 305
56 336
22 374
16 384
347 45
365 27
327 65
386 6
345 47
152 240
100 292
147 245
328 64
18 380
86 306
76 316
82 310
96 296
356 36
97 295
233 159
14 384
342 50
326 66
175 217
259 133
207 185
382 10
69 323
41 353
182 210
299 93
260 132
269 123
284 108
295 97
28 368
195 197
312 80
188 204
322 70
72 320
334 58
236 156
163 229
124 270
110 282
10 394
46 346
73 319
133 259
351 41
364 28
261 131
142 250
92 300
45 349
119 273
172 220
198 194
84 308
265 127
343 49
219 173
12 392
21 375
251 141
132 260
173 219
323 69
8 398
249 143
250 144
204 188
34 362
192 200
203 189
49 343
226 166
392 0
105 287
90 302
355 37
115 277
346 46
124 268
31 365
225 167
293 99
128 264
340 52
353 39
16 382
244 148
50 344
248 144
354 38
264 128
0 510
373 19
165 227
268 124
121 271
99 293
122 270
274 118
102 290
53 339
118 274
271 121
120 272
0 408
51 341
287 105
18 378
367 25
94 298
329 63
317 75
291 101
42 354
12 390
220 172
179 213
80 312
221 171
114 278
296 96
282 110
366 26
116 276
154 238
370 22
387 5
79 313
350 42
247 145
184 208
2 404
134 258
361 31
8 396
256 136
238 154
262 130
58 334
62 330
307 85
378 14
59 333
19 377
325 67
11 393
196 196
389 3
289 103
237 155
266 126
78 314
26 370
37 359
359 33
160 232
360 32
255 137
64 328
275 117
380 12
156 236
251 143
357 35
371 21
344 48
352 40
125 267
292 100
33 363
303 89
316 76
0 412
368 24
257 135
40 356
138 254
272 120
201 191
176 216
245 147
377 15
237 157
38 358
383 9
66 326
89 303
321 71
358 34
369 23
376 16
189 203
75 317
263 129
13 385
324 68
151 241
212 180
230 162
277 115
310 82
23 373
338 54
29 367
150 242
11 389
372 20
157 235
331 61
77 315
83 309
258 134
42 352
374 18
98 294
55 337
17 379
305 87
288 104
313 79
67 325
333 59
174 218
339 53
214 178
267 125
256 140
197 195
144 248
390 2
135 257
93 299
227 165
319 73
20 376
170 222
113 279
221 173
388 4
209 183
253 139
337 55
294 98
311 81
141 251
117 275
47 345
127 265
167 225
68 324
231 161
243 149
74 318
159 233
178 214
54 338
381 11
223 169
318 74
329 64
67 326
322 71
110 283
135 258
374 19
295 98
170 223
217 176
48 345
252 143
42 353
52 341
1 410
357 36
81 312
157 236
78 315
143 250
297 96
263 130
275 118
364 29
47 346
118 275
248 145
180 213
80 313
41 356
69 324
311 82
347 46
260 133
390 3
308 85
245 148
59 334
222 173
161 232
114 279
366 27
219 174
128 265
204 189
139 254
62 331
121 272
192 203
258 135
13 390
167 226
35 362
25 372
330 63
382 11
116 277
211 182
344 49
229 164
380 13
321 72
10 395
186 207
23 374
120 273
223 170
300 93
54 339
73 320
98 295
96 297
166 227
262 131
155 238
46 349
266 127
221 172
205 188
9 396
388 5
87 306
43 354
174 219
214 179
238 155
305 88
4 403
288 105
386 7
285 108
343 50
240 153
264 129
393 0
350 43
27 370
12 389
379 14
257 136
282 111
159 236
381 12
284 109
21 376
207 186
71 322
58 335
13 388
283 110
375 18
125 268
61 332
0 409
184 209
239 154
237 156
192 201
19 378
129 264
307 86
293 100
315 78
218 175
102 291
340 53
198 195
103 290
276 117
278 115
256 137
159 234
290 103
9 398
111 282
255 140
98 297
1 510
108 285
331 62
187 206
272 121
191 202
124 269
242 151
306 87
145 248
301 92
371 22
175 218
39 358
60 333
328 65
377 16
100 293
40 357
324 69
177 216
26 371
224 169
363 30
79 314
91 302
377 18
222 171
274 119
220 173
345 48
362 31
354 39
123 270
29 368
97 296
294 99
122 271
57 336
226 167
296 97
142 251
92 301
320 73
323 70
171 222
312 81
151 242
68 325
16 383
115 278
356 37
389 4
289 104
150 243
0 509
163 230
197 196
373 20
200 193
94 299
1 408
298 95
82 311
14 385
88 305
314 79
0 411
101 292
188 205
215 178
259 134
261 132
201 192
244 149
334 59
164 229
367 26
387 6
106 287
236 157
210 183
1 412
154 239
133 260
269 124
338 55
3 404
318 75
368 25
130 263
326 67
203 190
365 28
31 366
237 158
76 317
168 225
234 159
8 397
34 363
15 384
352 41
182 211
372 21
131 262
256 141
99 294
199 194
127 266
45 350
75 318
173 220
202 191
6 401
56 337
74 319
255 138
176 217
251 142
30 367
291 104
196 197
19 380
267 126
38 359
230 163
369 24
225 168
70 323
84 309
179 214
183 210
355 38
18 381
313 80
227 166
332 61
117 276
17 382
309 86
66 327
341 52
253 140
360 33
304 89
178 215
309 84
246 147
86 307
209 184
107 286
113 280
383 10
42 355
147 246
271 122
358 35
72 321
213 180
119 274
287 106
50 343
77 316
257 142
370 23
310 83
333 60
152 241
349 44
162 231
126 267
22 375
89 304
5 402
235 158
18 379
83 310
144 249
391 2
132 261
316 77
65 328
134 259
93 300
228 165
156 237
291 102
265 128
141 252
49 344
247 146
11 394
249 144
12 393
189 204
392 1
342 51
146 247
0 413
353 40
346 47
325 68
231 162
153 240
20 377
238 157
74 320
189 205
6 402
145 249
320 74
205 189
42 356
20 378
234 160
290 104
98 296
268 126
118 276
150 244
283 111
381 13
288 106
223 171
265 129
257 141
285 109
119 275
2 410
103 291
84 310
19 381
87 307
122 272
65 329
41 357
31 367
110 284
101 293
72 322
363 31
330 64
25 373
350 44
279 115
184 210
47 349
99 297
343 51
242 152
294 100
91 303
323 71
28 370
66 328
116 278
14 388
133 261
131 263
24 374
252 142
4 404
71 323
289 105
373 21
391 3
311 83
273 121
360 34
202 192
380 14
148 246
1 509
219 175
164 230
333 61
27 371
17 383
136 260
217 177
216 178
132 262
267 127
207 187
390 4
365 29
190 204
192 202
43 353
68 326
341 53
44 354
186 208
102 292
128 266
106 288
176 218
255 141
40 358
134 260
69 325
114 280
197 197
203 191
182 212
235 159
21 377
140 254
175 219
276 118
154 240
256 142
332 62
243 151
342 54
266 128
300 94
213 181
188 206
136 258
99 295
264 130
374 20
37 361
393 1
92 302
274 120
356 38
349 45
115 279
2 412
39 359
382 12
1 411
23 375
168 226
299 95
348 46
153 241
335 59
58 336
369 25
67 327
7 401
326 68
177 217
240 154
85 309
309 85
19 379
47 347
77 317
185 209
275 119
263 131
0 508
306 88
218 176
334 60
135 259
169 225
312 82
228 166
163 231
342 52
113 281
297 97
386 8
225 169
346 48
214 180
286 108
12 394
160 234
359 35
271 123
322 72
310 84
45 351
126 268
295 99
370 24
244 150
105 289
80 314
200 194
222 172
81 313
129 265
9 397
46 348
180 214
257 137
121 273
22 376
54 340
368 26
97 297
315 79
261 133
123 271
231 163
347 47
236 158
256 138
174 220
301 93
146 248
307 87
143 251
292 102
387 7
361 33
362 32
0 414
160 236
319 75
260 134
258 136
18 382
358 36
212 182
104 290
171 223
13 389
270 124
165 229
157 237
49 345
107 287
162 232
282 112
371 23
26 372
148 248
59 335
51 343
15 385
329 65
272 122
248 146
310 86
83 311
292 104
224 170
262 132
367 27
155 239
336 58
94 300
249 145
167 227
331 63
293 101
344 50
1 409
112 282
79 317
210 184
253 141
211 183
5 403
308 86
291 103
88 306
78 316
64 330
48 350
388 6
44 352
29 369
376 18
56 338
277 117
172 222
61 333
269 125
109 285
147 247
364 30
305 89
321 73
79 315
10 396
352 42
384 10
187 207
193 201
389 5
259 135
90 304
89 305
13 393
36 362
247 147
179 215
296 98
70 324
73 321
392 2
191 203
230 164
35 363
314 80
284 110
183 211
159 235
34 364
385 9
245 149
138 256
55 339
324 70
111 283
108 286
206 188
345 49
152 242
377 17
105 291
353 41
2 408
316 78
82 312
156 238
198 196
220 174
125 269
278 116
351 43
38 360
238 156
325 69
149 245
170 224
161 233
53 341
32 366
141 253
11 395
14 392
204 190
75 319
338 56
227 167
313 81
337 57
14 386
246 148
46 350
130 264
354 40
63 331
12 395
342 55
145 250
127 268
343 52
326 69
388 7
179 216
295 100
100 295
37 362
232 163
25 374
84 311
178 217
288 107
387 8
109 286
106 289
325 70
47 350
69 326
318 77
371 24
10 397
32 367
7 402
384 11
73 322
197 198
40 359
87 308
239 156
195 200
382 13
265 130
335 62
58 337
289 106
141 254
128 267
93 302
342 53
170 225
350 45
116 279
302 93
256 143
346 49
267 128
131 264
0 415
334 61
53 342
234 161
313 82
283 112
344 51
370 25
348 47
188 207
56 339
262 133
226 169
13 394
90 305
359 36
14 393
366 29
23 376
277 118
299 96
174 221
247 148
272 123
220 175
13 396
82 313
5 404
143 252
99 296
165 230
102 293
31 368
293 102
354 41
94 301
283 114
391 4
64 331
104 291
205 190
349 46
48 349
308 87
133 262
261 134
235 160
248 147
368 27
49 346
312 83
14 391
1 508
280 115
34 365
2 509
2 407
52 343
8 401
273 122
103 292
91 304
3 412
144 251
21 380
365 30
97 298
151 244
287 108
160 235
376 19
364 31
270 125
322 73
138 257
176 219
282 113
191 204
55 340
146 249
63 332
115 280
38 361
161 234
286 109
212 183
355 40
163 232
186 209
327 68
367 28
372 23
180 215
45 354
26 373
390 5
356 39
43 356
79 316
227 168
5 510
2 411
385 10
338 57
122 273
323 72
206 189
304 91
153 242
130 265
361 34
66 329
254 141
294 101
155 240
60 335
65 330
357 38
245 150
319 76
137 258
3 406
285 110
202 193
162 233
375 20
193 202
154 241
148 247
62 333
59 336
380 15
320 75
194 201
347 48
1 414
335 60
77 318
246 149
61 334
275 120
187 208
3 408
181 214
15 388
259 136
258 141
182 213
228 167
54 341
209 186
211 184
2 409
183 212
92 303
28 371
217 178
18 383
14 389
315 80
150 245
210 185
392 3
300 95
249 146
46 351
244 151
213 182
216 179
15 386
171 224
42 357
394 1
362 33
257 138
351 44
303 92
278 117
95 300
136 259
381 14
337 58
341 54
177 218
333 62
243 152
110 285
113 282
120 275
345 50
389 6
134 261
72 323
314 81
336 59
316 79
255 142
225 170
373 22
114 281
284 113
80 315
88 307
75 320
201 194
214 181
21 378
169 226
149 246
140 255
71 324
126 269
39 360
20 379
67 328
218 177
79 318
185 210
386 9
281 114
321 74
47 348
223 172
70 325
121 274
156 239
20 381
358 37
360 35
112 283
224 171
208 187
297 98
305 90
123 272
332 63
76 319
184 211
317 78
219 176
44 353
292 103
139 256
172 223
107 288
258 137
301 94
30 369
89 306
203 192
149 248
231 164
253 142
22 377
190 205
353 42
268 127
157 238
3 510
119 276
306 89
329 66
24 375
105 290
274 121
27 372
96 299
168 227
4 405
393 2
101 294
310 85
199 196
135 260
241 154
284 111
11 396
85 310
369 26
0 507
290 105
378 17
41 358
36 363
331 64
269 126
78 317
132 263
164 231
68 327
263 132
276 119
236 159
196 199
230 165
45 352
74 321
229 166
116 280
289 107
320 76
353 43
214 182
335 63
304 92
47 351
384 12
28 372
37 363
334 62
81 315
331 65
121 275
162 234
190 206
117 279
371 25
96 300
132 264
273 123
43 357
201 195
248 148
196 200
4 412
3 411
391 5
138 258
231 165
210 186
268 128
9 401
395 1
359 37
134 262
330 66
261 135
11 397
246 150
224 172
77 319
145 251
347 49
49 349
296 100
21 381
14 394
150 246
56 340
297 99
141 255
284 114
199 197
275 121
15 393
241 155
15 391
325 71
78 318
184 212
95 301
301 95
110 286
341 55
143 255
75 321
97 299
120 276
195 201
86 310
358 38
128 268
165 231
14 396
35 365
122 274
317 79
27 373
22 378
150 248
260 136
174 222
74 322
147 249
8 402
332 64
15 389
61 335
3 409
355 41
130 266
20 382
282 114
127 269
114 282
386 10
70 326
2 414
19 383
318 78
18 384
42 358
205 191
139 257
285 111
220 176
350 46
5 405
62 334
175 221
1 415
53 343
100 296
2 508
176 220
54 342
58 338
345 51
227 169
388 8
229 167
112 284
328 68
324 72
280 116
322 74
305 91
258 138
90 306
185 211
312 84
369 27
200 196
262 134
40 360
344 52
1 507
123 273
311 85
287 109
180 216
245 151
171 225
321 75
133 263
288 108
142 254
106 290
198 198
244 152
232 164
221 175
236 162
143 253
92 304
46 352
202 194
279 117
7 403
276 120
243 153
29 371
69 327
16 392
374 22
382 14
151 245
226 170
76 320
80 316
21 379
173 223
48 348
362 34
368 28
178 218
270 126
307 89
216 180
265 131
41 359
294 102
337 59
352 44
379 17
258 140
346 50
372 24
333 63
36 364
22 380
189 207
34 366
125 271
68 328
272 124
298 100
170 226
365 31
201 197
124 272
4 406
59 337
263 133
6 404
51 345
83 313
102 294
115 281
284 112
338 58
281 115
23 377
308 88
335 61
71 325
129 267
172 224
38 362
89 307
191 205
13 395
16 386
348 48
254 142
153 243
65 331
207 189
247 149
118 278
361 35
286 110
204 192
135 261
155 241
126 270
376 20
256 144
298 98
336 60
137 259
303 93
179 217
219 177
360 36
66 330
169 227
315 81
187 209
25 375
167 229
264 132
101 295
60 336
300 96
91 305
45 355
30 370
339 57
316 80
392 4
152 244
266 130
343 53
181 215
215 181
240 156
255 143
364 32
49 347
271 125
381 15
194 202
394 2
249 147
299 97
88 308
64 332
161 235
218 178
356 40
293 103
140 256
182 214
58 340
93 303
7 413
383 13
45 353
393 3
168 230
213 183
186 210
349 47
208 188
113 283
314 82
228 168
313 83
354 42
327 69
212 184
295 101
15 387
319 77
1 505
389 7
302 94
351 45
166 230
269 127
111 285
242 154
43 359
4 510
380 16
72 324
0 418
385 11
236 160
46 354
259 137
188 208
163 233
157 239
211 185
3 407
52 344
119 277
3 509
230 166
104 292
24 376
250 146
16 388
205 193
149 247
306 92
390 6
73 323
274 122
156 240
32 368
209 187
197 199
234 162
206 190
85 311
154 242
5 511
63 333
103 293
290 106
107 289
278 118
366 30
370 26
217 179
31 369
346 51
265 132
151 248
384 13
169 228
27 374
192 205
315 82
195 202
131 266
221 176
218 179
78 319
107 290
140 257
53 344
153 244
143 254
151 246
28 373
274 123
267 130
87 310
4 413
208 189
127 270
64 333
50 347
101 296
157 240
139 258
24 377
71 326
16 391
249 148
184 213
128 269
191 206
130 267
303 94
20 383
186 211
2 415
55 342
392 5
37 364
317 80
297 100
7 412
189 208
396 1
92 305
228 169
260 137
285 114
60 337
326 71
4 407
97 300
200 197
156 241
336 61
304 93
115 282
0 419
1 416
333 64
376 21
118 279
345 52
19 384
167 230
121 276
371 26
81 316
235 162
114 283
269 128
23 378
6 405
11 398
155 242
62 335
8 403
350 47
179 218
367 30
89 308
242 155
51 346
175 222
32 369
125 272
25 376
375 22
111 286
363 34
215 182
247 150
15 390
43 358
199 198
313 84
210 187
214 183
185 212
22 381
162 235
194 203
172 225
65 332
93 304
339 58
359 38
237 160
382 15
21 382
225 172
251 146
75 322
360 37
337 60
266 131
96 301
300 97
44 357
227 170
58 339
40 361
385 12
341 56
168 229
2 505
176 221
254 143
306 91
76 321
4 409
181 216
229 168
112 285
387 10
348 49
381 16
301 96
173 224
314 83
250 147
349 48
73 324
373 24
204 193
122 275
63 334
197 200
47 352
318 79
320 77
94 303
217 180
379 18
232 165
344 53
243 154
170 227
244 153
276 121
305 92
298 101
351 46
154 243
268 129
288 109
163 234
52 345
368 29
241 156
164 233
3 508
391 6
165 232
17 386
198 199
84 313
279 118
36 365
277 120
329 68
95 302
259 140
108 289
138 259
240 157
201 196
70 327
17 388
271 126
324 73
56 341
16 387
117 280
72 325
182 215
291 106
9 402
141 256
388 9
282 115
187 210
325 72
5 412
14 395
45 356
116 281
378 19
133 264
16 389
287 110
39 362
261 136
16 393
205 192
393 4
119 278
3 414
59 338
365 32
180 217
347 50
34 367
239 158
2 507
178 219
85 312
147 250
338 59
42 359
294 103
102 295
142 255
245 152
212 185
74 323
4 411
353 44
278 119
202 195
290 107
103 294
319 78
280 117
285 112
272 125
323 74
270 127
370 27
41 360
10 399
263 134
390 7
273 124
6 511
30 371
152 245
327 70
67 330
144 253
183 214
174 223
98 299
394 3
248 149
171 226
312 85
126 271
203 194
246 151
299 98
66 331
104 293
358 39
7 404
120 277
234 163
286 111
190 207
49 348
223 174
380 17
275 122
0 417
29 372
134 263
237 162
57 340
316 81
357 40
355 42
296 101
61 336
322 75
354 43
372 25
46 355
46 353
1 506
22 379
145 252
6 413
10 401
383 14
307 90
226 171
362 35
236 161
331 66
255 144
4 509
264 133
298 99
289 108
188 209
374 23
206 191
330 67
15 394
209 188
302 95
88 309
5 406
1 504
135 262
177 220
207 190
259 138
361 36
7 414
90 307
389 8
68 329
328 69
146 251
295 102
262 135
220 177
213 184
369 28
377 20
334 63
129 268
150 247
208 191
230 167
308 89
69 328
233 164
47 354
12 397
113 284
35 366
321 76
123 274
0 501
394 4
397 1
59 339
316 82
62 336
51 347
4 508
272 126
140 258
75 323
137 261
3 415
202 196
366 32
133 265
16 394
114 284
2 504
0 500
0 464
324 74
305 93
70 328
123 275
319 79
113 285
380 18
383 17
178 220
228 170
115 283
313 85
175 223
1 503
17 387
337 61
15 395
11 399
6 412
303 95
304 94
245 153
7 415
23 379
111 287
209 189
166 232
307 91
9 403
334 64
40 362
27 375
266 132
145 253
346 52
128 270
220 178
155 243
224 174
103 295
163 235
185 213
3 507
199 199
268 130
290 108
282 116
372 26
198 200
353 45
102 296
98 300
5 407
341 57
131 267
221 177
1 501
117 281
21 383
264 134
45 357
241 157
317 81
293 105
105 293
104 294
277 121
237 161
6 414
391 7
210 188
158 240
148 250
204 194
363 35
107 291
179 219
238 160
354 44
195 203
35 367
82 316
36 366
61 337
72 326
332 66
322 76
85 313
29 373
373 25
40 364
274 124
367 31
38 364
2 506
171 227
280 118
225 173
226 172
378 20
260 138
357 41
50 348
259 139
330 68
235 163
91 307
318 80
262 136
387 11
186 212
362 36
12 398
227 171
65 333
32 370
206 192
250 148
23 381
389 9
172 226
164 234
194 204
390 8
385 13
7 511
139 259
286 112
196 202
35 369
289 109
321 77
0 472
309 89
252 146
129 269
187 211
334 68
46 356
78 320
193 207
273 125
254 144
323 75
73 325
142 256
28 374
68 330
302 96
121 277
18 386
339 59
320 78
212 186
160 238
350 48
203 195
22 382
24 380
108 290
238 162
230 168
219 179
88 310
20 384
124 274
174 224
386 12
169 229
377 21
52 346
333 65
134 264
216 182
4 410
232 166
19 385
271 127
110 288
315 83
182 216
376 22
86 312
197 201
180 218
345 53
300 98
348 50
278 120
240 158
10 402
251 147
217 181
370 28
106 292
312 86
122 276
135 263
331 67
293 107
136 262
379 19
398 0
325 73
326 72
156 242
301 97
382 16
127 273
0 468
126 272
31 371
275 123
184 214
64 334
223 175
48 354
291 107
211 187
66 332
359 39
356 42
67 331
388 10
311 87
340 58
200 198
253 145
281 117
358 40
0 492
120 278
2 502
215 183
48 352
396 2
167 231
384 14
93 305
127 271
141 257
1 417
57 341
147 251
32 372
191 207
54 344
393 5
233 165
352 46
295 103
371 27
181 217
95 303
365 33
279 119
47 353
383 15
49 351
25 377
207 191
265 133
37 365
231 167
369 29
214 184
118 280
296 102
55 343
392 6
10 400
9 405
41 361
69 329
263 135
333 67
144 254
248 150
192 206
361 37
42 360
2 416
152 246
90 308
94 304
287 111
355 43
351 47
298 102
77 321
360 38
243 155
276 122
138 260
286 114
229 169
7 405
74 324
294 104
299 99
92 306
119 279
47 355
189 209
176 222
165 233
26 376
97 301
208 190
1 419
327 71
16 390
112 286
153 245
132 266
274 126
338 60
375 23
81 317
116 282
146 252
381 17
244 154
60 338
6 406
53 345
308 90
328 70
246 152
87 311
368 30
151 247
292 106
63 335
5 413
44 358
125 273
349 49
4 414
89 309
261 137
71 327
154 244
239 159
270 128
297 101
170 228
177 221
352 47
276 123
353 46
135 264
367 32
36 367
46 357
129 270
159 240
197 202
195 204
26 377
110 289
214 185
217 182
91 308
165 234
101 298
244 155
339 60
218 181
296 103
321 78
74 325
145 254
338 61
0 473
269 130
328 71
33 370
destination
