map
random512-10-7.map
pivot
486 297
agent & start
0 511
14 69
8 75
17 66
69 14
76 7
47 36
45 38
42 41
33 50
54 29
83 0
44 39
53 30
52 31
20 63
57 26
60 23
22 61
80 3
61 22
51 32
23 60
75 8
0 83
1 82
58 25
19 64
77 6
82 1
64 19
67 16
40 43
56 27
4 79
50 33
41 42
9 74
81 2
26 57
62 21
10 73
35 48
6 77
66 17
49 36
72 13
27 56
70 13
46 37
55 28
25 58
36 47
24 59
43 40
74 9
7 76
68 15
48 35
16 67
31 52
65 18
38 45
71 12
34 49
5 78
2 81
72 11
49 34
13 70
30 53
15 68
3 80
28 55
78 5
11 72
37 46
32 51
73 10
21 62
29 54
12 71
69 15
1 83
43 41
46 38
8 76
53 31
4 80
44 40
50 34
28 56
26 58
40 44
57 27
17 67
68 16
55 29
82 2
11 73
30 54
51 33
45 39
20 64
77 7
21 65
23 61
64 20
32 52
42 42
9 75
73 11
33 51
63 21
18 66
81 3
12 72
19 65
1 511
22 62
56 28
71 13
65 19
41 43
39 45
76 8
35 49
47 37
31 53
7 77
59 25
5 79
52 32
34 50
49 35
75 9
24 60
73 13
0 510
54 30
84 0
61 23
72 12
70 14
36 48
25 59
27 57
16 68
10 74
48 36
38 46
14 70
29 55
13 71
21 63
3 81
67 17
83 1
66 18
62 22
78 6
74 10
0 84
46 39
25 60
85 0
48 37
35 50
12 73
33 52
65 20
19 66
60 25
79 8
61 24
10 75
27 58
21 64
42 43
3 82
76 9
7 78
6 79
50 35
8 77
73 12
29 56
40 45
54 31
43 42
1 510
28 57
15 70
62 23
1 84
9 76
82 3
53 32
2 83
32 53
destination
