map
random512-35-0.map
pivot
404 227
agent & start
8 483
13 480
13 488
11 482
15 492
10 483
14 487
12 481
12 480
7 481
15 491
10 482
14 488
14 490
8 482
7 480
11 480
10 481
15 490
8 481
14 489
16 488
15 489
10 480
7 479
9 481
13 477
17 491
17 490
8 479
7 478
18 491
19 484
9 480
12 477
14 477
16 489
17 488
13 476
15 478
18 488
18 484
13 475
8 478
17 489
9 479
17 479
16 478
15 477
20 478
19 485
11 477
18 490
19 478
9 478
17 478
8 477
12 475
13 474
10 477
16 477
18 489
14 475
19 490
18 483
19 486
18 479
20 477
20 491
19 487
21 491
17 477
19 489
9 477
20 476
11 475
19 479
12 474
19 477
18 478
20 490
16 476
14 474
18 482
20 487
20 475
17 476
21 490
9 476
11 474
18 481
19 480
18 477
19 482
20 489
15 474
19 476
23 495
18 476
21 489
20 488
16 474
9 475
10 474
19 481
19 475
25 495
22 490
21 483
20 482
16 473
24 495
22 483
23 494
21 482
9 474
20 481
10 473
21 488
22 489
23 490
18 475
25 494
37 507
22 488
24 494
23 489
2 466
22 482
18 474
8 474
23 493
21 479
17 473
21 481
9 473
23 491
37 506
24 493
38 507
21 480
2 1
18 473
23 488
9 472
22 487
23 482
0 465
2 465
8 473
22 479
2 467
3 466
22 481
3 0
23 492
6 471
1 465
23 481
19 473
23 487
38 506
3 467
22 486
2 2
4 466
6 470
4 0
37 505
7 471
22 480
8 472
24 484
24 492
0 464
24 488
3 1
25 492
39 506
24 483
8 471
23 486
4 467
5 0
25 478
20 473
37 504
25 488
24 485
3 2
4 1
20 471
24 481
23 480
1 464
7 470
8 470
26 478
24 486
5 1
destination
