map
random512-25-2.map
pivot
465 483
agent & start
406 86
409 85
189 259
304 144
155 293
354 104
330 124
54 502
102 370
59 467
469 83
176 276
486 74
256 192
208 240
283 167
283 165
203 245
127 325
435 83
401 85
108 362
240 210
470 82
60 462
281 167
179 269
306 144
483 73
221 227
465 85
52 484
73 435
410 84
235 213
49 481
441 81
439 81
86 390
148 304
412 82
215 235
140 312
84 410
139 313
119 341
370 90
375 87
471 81
64 448
259 189
507 83
72 436
207 241
50 498
188 262
60 466
91 383
402 86
374 88
211 237
82 406
452 82
169 279
451 81
492 78
172 276
135 315
398 88
460 80
459 79
54 478
52 500
72 434
199 249
100 372
191 257
61 453
142 308
399 87
88 386
170 278
123 331
237 211
365 95
511 85
421 83
214 236
117 347
62 450
89 385
378 88
299 149
52 476
287 161
343 111
471 83
171 277
331 125
463 81
309 141
407 87
369 91
357 101
426 82
52 478
212 236
473 79
251 199
132 318
107 363
386 90
364 94
314 136
124 332
348 106
250 198
54 472
149 299
454 78
55 509
162 286
145 305
404 86
296 152
379 89
292 158
443 81
215 233
143 307
79 419
84 412
98 374
497 81
456 78
126 328
368 92
85 393
329 123
325 125
163 285
474 78
434 84
449 81
142 312
228 220
380 88
226 222
80 418
506 82
273 175
200 248
266 182
192 258
90 384
257 191
311 139
88 388
445 79
85 413
405 87
362 96
245 203
56 510
79 423
69 439
466 84
110 354
51 487
318 132
284 164
239 209
61 465
190 258
376 88
465 83
232 216
305 145
272 176
187 261
312 138
230 218
424 84
209 239
125 329
156 292
282 166
86 394
54 508
352 106
185 263
79 421
213 235
422 84
317 133
181 267
390 86
347 107
61 455
109 361
265 183
52 474
366 96
80 424
192 256
269 179
253 195
58 468
264 184
397 89
123 335
274 174
147 301
462 80
377 87
444 80
161 287
295 153
159 289
50 490
450 82
411 83
61 451
119 343
49 497
233 215
131 319
358 100
476 78
315 135
87 387
413 81
73 431
394 88
51 483
94 380
472 80
193 255
229 219
242 206
87 395
241 207
231 217
252 200
271 177
134 316
51 499
326 124
254 194
499 83
313 137
371 89
193 257
391 85
97 375
291 157
278 170
372 88
173 275
342 112
429 81
431 83
127 327
50 480
302 146
201 247
85 397
248 200
49 489
460 82
68 440
461 81
131 321
119 337
332 126
164 286
356 102
60 454
50 488
151 297
280 168
111 353
498 82
72 432
110 358
202 246
141 311
147 303
57 469
180 268
495 79
373 89
116 348
149 305
118 340
255 193
285 163
59 461
92 382
457 77
63 449
120 346
94 382
243 205
359 99
494 78
277 171
333 127
270 178
353 105
303 145
53 477
224 224
84 398
294 154
234 214
101 371
400 86
252 196
78 426
425 83
114 350
238 210
297 151
355 103
119 339
432 84
53 501
481 75
106 366
453 79
452 80
480 76
121 347
133 317
319 131
502 80
144 306
108 360
82 400
244 204
289 159
420 82
51 491
65 447
188 260
427 81
475 77
458 78
132 320
236 212
120 336
73 434
268 181
238 211
298 151
349 106
452 81
117 348
457 78
120 347
51 498
79 426
179 270
53 494
266 183
376 89
403 86
51 480
85 412
398 89
461 82
73 436
107 364
74 431
120 345
161 288
66 447
236 213
64 449
465 84
101 372
148 305
375 88
51 490
140 315
172 281
196 253
124 333
113 352
443 82
134 317
52 499
283 166
95 380
75 436
352 107
313 138
239 210
306 145
202 247
356 103
52 475
188 263
210 239
89 388
84 405
225 224
142 311
257 192
458 79
330 125
79 422
57 470
148 303
121 346
171 278
315 136
172 277
297 152
80 425
171 280
111 358
357 102
377 88
193 256
304 145
88 389
331 126
505 82
164 287
56 509
471 82
318 133
269 180
252 201
232 217
245 204
50 489
385 90
426 83
498 85
114 351
460 81
271 178
275 174
160 289
86 393
120 337
362 97
248 201
281 168
72 433
58 469
492 79
396 89
141 316
226 223
102 371
51 488
359 100
216 235
274 175
61 452
135 316
288 161
162 287
456 79
157 292
88 395
273 176
420 83
251 198
464 85
204 245
463 82
365 96
222 227
144 307
50 497
141 312
80 419
207 242
407 88
149 304
391 86
181 268
92 383
132 319
186 263
230 219
220 229
303 146
270 179
107 366
348 107
110 361
63 450
165 286
497 82
201 248
51 482
108 363
54 473
358 101
145 306
343 112
367 96
290 159
283 168
291 158
163 286
98 375
262 191
353 106
483 74
87 396
120 343
116 349
370 91
109 360
100 373
60 461
438 83
234 215
363 96
346 111
246 203
110 359
449 84
233 216
213 236
364 95
53 500
209 240
124 331
316 135
500 83
62 451
397 90
173 276
61 454
314 137
208 241
425 84
374 89
497 86
439 82
400 87
212 237
319 132
326 125
421 84
62 465
475 78
227 222
435 84
176 277
384 91
494 79
474 79
265 184
413 82
464 83
84 409
85 398
69 440
445 80
254 195
244 205
470 83
510 85
485 74
55 508
61 466
57 510
200 249
506 83
366 95
231 218
267 182
54 501
59 460
50 481
251 200
462 81
296 153
259 190
355 104
412 83
481 76
115 350
300 149
132 321
311 140
83 400
60 467
511 86
308 143
149 300
440 81
241 208
387 90
380 89
305 146
454 79
287 162
83 406
120 339
243 206
156 293
379 90
127 328
228 221
390 87
242 207
482 75
495 80
253 200
441 82
312 139
87 390
405 88
88 387
264 185
229 220
205 244
337 118
125 332
191 258
261 190
428 81
53 476
255 194
489 76
473 80
253 196
408 87
332 127
119 340
142 309
388 89
216 233
406 87
170 279
52 483
125 330
499 84
372 89
58 511
317 134
237 212
333 128
431 84
449 82
152 297
487 76
65 448
448 81
133 318
272 177
138 313
354 105
180 269
480 77
329 124
62 453
486 75
217 232
393 88
80 421
189 260
502 81
123 334
91 384
369 92
282 167
285 164
410 85
141 310
93 382
94 381
61 462
310 141
112 353
358 103
401 86
258 191
85 410
295 154
148 301
89 386
81 418
111 354
53 478
404 87
143 308
128 325
249 200
187 262
62 455
278 171
53 492
74 435
421 85
121 337
314 138
405 89
227 223
204 246
82 418
298 152
55 507
57 471
309 143
353 107
148 306
110 362
498 84
401 87
115 351
496 82
54 474
71 439
205 245
148 302
379 91
500 84
59 469
489 77
482 76
329 125
497 87
74 434
67 447
54 500
285 165
254 196
396 90
53 475
152 298
268 182
134 318
121 343
474 80
470 84
244 206
412 84
385 91
326 126
235 215
109 367
85 409
358 102
435 85
389 89
88 390
81 425
163 287
51 497
62 454
344 112
348 108
299 151
427 83
107 369
357 103
242 208
140 314
501 83
457 79
296 154
179 271
103 371
79 427
138 314
255 195
142 316
92 384
485 75
438 84
237 213
278 172
355 105
52 498
450 84
497 83
120 348
52 480
88 396
248 202
86 412
502 82
162 288
51 489
300 150
60 468
291 159
157 293
281 169
488 76
108 366
113 353
171 279
124 334
404 88
59 511
261 189
399 89
319 133
431 85
109 363
337 119
172 280
510 86
161 289
249 201
136 316
208 242
129 325
112 358
498 86
125 333
373 91
410 86
261 191
91 385
141 315
475 79
252 198
65 449
139 315
505 83
413 83
302 148
327 125
62 466
224 230
121 345
82 426
61 467
60 458
206 244
259 191
387 91
53 499
238 212
301 149
297 153
73 437
201 249
120 340
99 375
213 237
191 259
52 482
90 386
70 440
352 108
246 204
84 404
165 287
282 168
126 330
316 136
262 188
279 171
180 270
286 164
175 277
394 90
436 84
487 77
338 120
87 393
315 137
454 80
89 395
85 399
160 290
95 381
338 118
463 83
456 80
149 301
196 254
331 127
359 101
182 268
445 81
383 91
444 82
267 183
84 408
407 89
481 77
253 199
232 218
393 89
128 326
308 144
374 90
110 360
142 310
145 307
133 321
251 201
332 128
346 112
265 185
126 334
66 448
171 281
392 88
463 85
367 95
143 309
137 315
207 243
380 90
61 461
106 370
483 75
343 113
89 387
503 83
56 508
243 207
218 232
164 288
187 263
462 82
108 364
233 217
76 430
330 126
453 81
336 120
114 352
272 178
464 84
135 317
199 251
62 452
363 97
120 338
440 82
403 87
225 225
53 493
170 282
197 253
306 146
494 80
226 224
51 481
443 83
52 494
419 83
335 121
84 406
275 175
391 87
150 300
195 255
223 229
318 134
75 435
349 107
270 180
310 142
223 227
212 238
149 303
63 451
58 510
141 313
88 394
151 299
417 85
439 83
307 145
269 181
266 184
63 465
181 269
313 139
60 460
53 479
85 411
388 90
87 397
290 160
101 373
59 459
62 462
230 220
284 166
65 465
229 221
63 453
257 195
173 277
492 80
428 82
55 501
364 96
203 247
133 319
64 450
274 176
140 316
75 431
368 96
231 219
53 491
509 85
121 339
220 230
395 91
258 192
277 175
370 92
210 240
245 205
200 250
384 92
127 329
409 87
408 88
262 190
117 349
80 422
239 211
102 372
414 82
112 354
118 348
217 235
80 420
73 433
459 81
93 383
356 104
166 286
372 90
217 233
111 359
125 331
75 437
448 82
289 161
312 140
156 294
426 84
397 91
287 163
375 89
221 229
354 106
304 146
74 432
472 82
346 110
194 256
288 162
406 88
159 291
54 492
398 90
254 200
377 89
400 88
449 83
80 426
211 239
190 260
84 400
352 109
375 90
62 467
223 230
497 84
121 344
243 208
87 412
373 92
286 165
339 118
454 81
66 465
52 489
62 463
303 148
289 162
319 134
143 310
107 370
493 80
129 326
228 223
87 398
307 146
104 371
349 108
421 86
475 80
327 126
79 428
364 97
63 466
111 360
411 86
274 177
473 82
61 458
201 250
354 107
302 149
255 196
462 83
57 502
88 397
360 101
74 433
110 363
74 437
116 351
301 150
217 236
335 122
483 76
224 229
271 180
431 86
265 186
166 287
139 316
56 473
110 367
55 500
102 373
63 464
129 328
114 353
331 128
451 84
436 85
357 104
440 83
172 279
254 199
96 381
121 342
76 435
115 352
224 227
58 509
204 247
444 85
484 75
127 330
437 84
496 83
338 119
84 407
137 316
285 166
242 209
113 358
131 324
402 89
457 80
174 277
445 82
59 470
463 84
379 92
75 432
191 260
231 220
395 92
159 292
397 92
368 95
277 174
439 84
426 85
81 420
385 92
488 77
497 88
54 493
235 216
332 129
92 385
171 282
328 125
64 461
53 480
268 183
353 108
60 459
82 425
127 334
210 241
181 270
213 238
65 466
502 83
505 84
147 306
208 243
121 338
374 91
246 205
380 91
263 190
401 88
126 331
329 126
393 90
134 321
443 84
219 232
145 308
68 447
308 145
281 170
253 198
121 350
180 271
80 427
160 291
225 230
52 497
88 391
492 81
225 226
89 396
218 233
111 362
330 127
316 137
297 154
79 438
63 452
315 138
90 387
198 253
428 83
56 507
489 78
403 88
152 299
255 200
258 195
404 89
63 454
250 201
336 121
312 141
83 418
444 83
101 374
238 213
158 293
136 317
112 359
182 269
427 84
450 87
410 87
151 300
494 81
267 184
299 152
371 92
57 508
150 301
501 84
392 89
388 91
58 471
276 175
125 334
262 189
82 419
506 85
91 386
372 91
88 393
398 91
314 139
355 106
212 239
64 453
499 86
118 349
311 142
72 439
76 437
261 192
273 178
245 206
103 372
113 354
164 289
248 203
170 283
83 426
244 207
141 314
247 204
254 197
73 438
117 350
291 160
257 196
438 85
389 90
359 102
120 349
221 230
456 81
133 322
482 77
288 163
258 193
86 399
53 490
193 260
163 288
126 333
81 422
337 120
211 240
350 109
77 430
134 319
455 80
112 361
65 450
52 481
157 294
399 90
495 82
487 78
63 462
54 491
108 369
416 85
207 244
144 309
55 492
86 411
60 469
310 143
394 91
239 212
71 440
229 222
263 188
290 161
377 90
64 465
417 86
52 495
85 408
121 340
296 155
222 229
199 252
485 76
162 289
213 240
391 88
230 221
51 496
142 315
62 461
384 93
54 475
269 182
414 83
60 511
85 400
106 371
346 113
504 83
187 264
309 144
382 91
59 510
458 81
93 384
126 335
227 224
412 85
122 343
85 406
54 499
282 169
279 172
356 105
419 84
195 256
278 173
405 90
408 89
85 404
420 85
390 89
234 217
149 302
78 437
509 86
448 83
223 228
409 88
108 365
76 431
200 251
304 147
66 449
205 246
347 110
165 288
408 93
135 318
406 89
196 255
345 112
260 191
270 181
470 85
298 153
418 85
462 85
396 91
138 315
266 185
89 394
343 114
232 219
100 375
56 501
109 366
175 278
381 90
471 85
121 349
82 420
345 113
108 370
360 102
303 149
225 227
245 207
203 251
504 84
312 142
128 330
57 501
112 362
354 108
264 188
57 505
355 107
232 220
500 86
191 261
199 253
89 393
280 172
489 79
311 143
159 293
380 92
61 511
160 292
414 84
493 81
114 358
437 85
123 337
304 148
136 320
235 217
200 252
230 222
444 86
213 239
287 165
81 427
249 203
122 344
388 92
410 88
64 462
187 265
337 121
258 194
474 82
69 443
129 327
233 219
66 450
58 502
396 92
93 385
357 105
209 243
109 365
91 395
122 350
64 454
113 355
317 137
170 284
207 245
54 498
407 93
55 491
267 185
285 167
481 79
226 226
57 507
87 399
83 425
76 432
307 147
77 435
78 438
408 90
349 109
107 371
56 500
90 394
133 323
182 270
429 85
298 154
313 141
445 83
206 246
484 76
65 453
508 86
495 83
266 186
119 349
171 285
55 493
487 79
111 363
77 431
314 140
58 508
174 278
350 110
212 240
123 343
240 212
394 94
62 468
278 174
256 196
135 321
82 422
413 85
482 78
320 134
101 375
105 371
94 384
496 84
234 218
372 92
244 208
382 92
275 177
56 474
381 91
163 289
161 291
250 202
407 91
117 351
197 255
208 244
98 380
509 87
375 91
369 95
65 451
473 83
166 288
59 471
412 86
103 373
223 231
225 229
428 84
83 419
301 151
106 372
302 150
318 136
331 129
145 309
475 81
290 162
127 331
505 85
406 90
79 439
218 236
404 90
222 230
452 84
61 457
393 91
181 271
502 84
384 94
450 86
136 318
260 192
87 411
72 440
389 91
348 110
343 115
56 478
255 197
201 251
352 110
492 82
183 269
447 83
430 86
420 86
214 238
69 445
87 413
157 295
58 472
152 300
158 294
56 492
299 153
63 461
226 230
192 260
135 319
254 198
478 80
52 496
125 335
102 374
455 81
193 261
282 170
198 254
411 89
462 84
255 199
64 452
510 88
499 87
229 223
196 256
219 233
401 89
228 224
330 128
147 307
65 467
62 460
451 85
116 352
91 387
288 164
315 139
63 463
377 91
364 98
408 92
400 90
296 156
144 310
438 86
60 510
77 437
242 210
386 92
73 439
419 85
110 366
506 86
173 279
92 386
55 499
63 467
270 182
272 180
457 81
134 322
79 437
66 466
86 404
373 93
151 301
470 86
167 287
444 84
336 122
88 412
326 128
142 314
276 176
146 308
472 84
385 93
286 166
483 77
395 93
162 290
427 85
488 78
115 353
60 470
440 84
54 480
299 155
111 367
64 464
340 118
150 302
415 85
319 135
224 228
220 232
309 145
248 204
96 382
54 490
300 152
246 206
392 90
86 408
353 109
241 211
417 87
501 85
195 257
238 214
97 381
132 324
328 126
86 400
387 93
131 325
90 396
297 155
55 475
59 509
139 317
391 89
74 438
53 481
112 360
89 391
205 247
171 283
274 178
67 449
339 119
210 242
57 473
80 428
374 92
279 173
127 333
456 82
498 88
130 326
53 489
263 189
89 397
122 338
202 250
121 341
399 91
110 364
75 433
68 446
130 328
403 89
85 407
137 317
269 183
451 87
61 459
292 160
273 179
259 193
327 127
138 316
82 424
371 94
188 265
302 151
152 301
214 239
482 79
508 87
327 128
225 228
105 372
355 108
495 84
115 354
159 294
489 80
89 392
131 328
330 129
97 382
218 237
79 440
256 197
62 457
126 337
114 359
90 397
349 110
92 395
264 189
208 245
374 93
138 317
108 371
461 84
98 379
250 203
172 283
70 445
132 325
392 91
456 83
198 255
171 284
356 107
241 212
69 444
391 90
196 257
385 94
204 251
113 360
402 91
298 155
282 171
92 387
90 391
183 270
296 157
476 81
91 394
163 290
380 93
343 116
417 88
409 90
287 166
56 477
247 206
481 80
63 468
312 143
509 88
344 115
209 244
341 120
301 156
205 248
452 85
61 470
128 331
136 321
78 439
292 163
207 246
204 249
200 253
82 421
83 424
117 352
146 309
454 83
381 92
313 142
203 250
227 226
245 208
352 111
89 398
170 285
180 275
63 470
283 170
442 85
145 310
84 425
102 375
410 89
81 428
158 295
229 224
311 144
58 505
279 174
472 85
415 86
479 80
428 85
303 150
56 479
314 141
478 81
345 114
299 156
353 110
238 215
499 88
152 303
300 153
53 488
326 129
122 341
220 233
231 222
340 119
59 508
234 219
350 111
191 262
373 94
55 490
56 493
233 220
406 93
130 327
407 92
390 91
62 469
412 87
85 418
377 92
274 179
276 177
437 86
268 185
64 467
429 86
502 85
483 78
69 446
309 146
286 167
195 258
178 275
317 138
418 87
506 87
484 77
74 439
221 232
136 319
66 451
455 82
66 453
443 86
319 136
87 400
211 242
147 308
411 88
65 454
167 288
473 84
406 91
510 89
265 188
153 300
77 438
110 365
62 511
79 436
235 218
351 110
55 476
219 236
337 122
60 509
62 459
240 213
107 374
488 79
486 79
67 450
501 86
328 127
57 506
318 137
259 194
210 243
162 291
408 91
249 204
387 94
357 106
174 279
438 87
270 183
316 139
111 366
88 399
57 500
124 337
474 83
440 85
137 320
103 374
106 373
168 285
480 81
396 93
222 231
401 90
360 103
273 180
107 372
169 284
114 355
388 93
329 128
182 271
255 198
192 261
84 419
487 80
451 86
67 466
413 86
134 323
266 187
78 435
54 481
64 455
320 135
77 432
86 407
271 182
58 501
160 293
118 351
87 416
72 441
212 241
504 85
87 408
57 478
129 330
365 98
57 474
185 268
119 350
348 111
272 181
56 475
299 154
125 336
280 173
285 168
151 302
394 93
353 112
86 403
127 332
96 383
54 489
94 385
53 496
239 214
123 346
151 304
403 90
400 91
104 373
112 363
291 162
123 342
445 84
197 256
70 443
73 440
123 344
88 413
246 207
55 498
372 93
244 209
457 82
494 83
206 247
447 84
439 86
134 325
87 410
370 95
376 91
59 472
64 463
416 87
166 289
111 364
300 155
312 145
470 87
226 229
304 149
475 82
55 494
242 211
54 497
201 252
65 452
56 499
122 349
500 87
394 95
260 193
419 86
131 326
375 92
288 165
143 314
123 338
90 393
414 85
63 460
99 378
58 473
308 147
292 161
59 502
76 433
289 164
386 93
161 292
101 376
493 82
98 381
137 319
58 506
354 112
251 203
112 366
301 155
481 81
480 82
278 176
71 443
279 175
88 400
98 382
57 499
180 274
313 143
210 244
116 354
124 338
350 112
311 145
244 210
138 320
338 122
410 90
99 379
353 113
169 285
84 424
389 93
111 365
79 435
297 157
366 98
91 389
102 376
59 507
504 86
357 107
300 156
209 245
163 291
64 456
128 332
191 263
173 283
330 130
234 220
304 150
413 87
238 216
295 159
133 325
126 338
67 467
226 228
392 92
375 93
475 83
500 88
85 419
178 276
92 396
501 87
188 266
460 84
56 494
65 455
115 359
90 398
288 166
54 496
186 268
280 174
240 214
317 139
90 392
409 91
145 311
138 318
94 386
175 285
67 451
114 356
320 136
99 381
283 171
231 223
269 185
182 272
134 324
292 162
91 393
160 294
153 301
477 81
315 141
454 84
374 96
381 93
401 91
58 500
302 152
472 86
406 92
91 391
286 168
309 147
479 81
206 248
371 95
272 182
68 450
474 84
183 271
165 291
414 86
298 156
179 275
300 154
56 480
132 326
196 258
66 462
103 375
301 157
274 180
271 183
137 321
220 234
453 85
117 353
174 284
329 129
107 373
74 440
457 83
441 85
100 378
276 178
67 453
195 259
83 423
343 117
185 269
403 91
184 270
348 112
168 286
108 372
216 238
97 383
55 489
455 83
358 106
124 346
362 102
294 160
494 84
354 110
70 444
181 273
169 291
267 187
428 86
58 474
55 483
265 189
446 84
122 348
478 82
148 308
161 293
256 198
344 116
305 149
208 246
239 215
483 79
484 78
336 124
352 112
64 468
412 88
72 442
476 82
393 93
119 351
227 227
58 492
57 475
440 86
172 284
417 89
55 495
198 256
200 254
247 207
447 85
388 94
201 253
312 146
293 163
249 205
65 463
73 441
485 79
118 352
87 407
508 88
275 179
313 145
270 184
63 457
230 224
218 238
62 470
233 221
135 323
341 121
241 213
327 129
507 87
319 137
374 94
416 88
452 86
394 96
106 374
86 402
143 313
132 328
222 232
376 92
434 88
419 87
61 509
92 388
232 222
144 312
59 473
353 111
66 454
345 115
62 510
152 304
57 491
123 341
221 233
167 289
293 161
398 94
488 80
168 290
289 165
228 226
63 459
328 128
87 401
502 86
86 418
233 225
56 490
400 92
365 99
382 94
154 300
510 90
340 120
93 395
123 345
59 505
114 360
112 364
54 488
427 87
147 309
396 94
129 331
192 262
370 96
162 292
380 94
355 109
57 477
55 481
493 83
301 153
437 87
390 92
109 371
123 347
88 416
159 295
342 120
219 235
125 337
156 298
386 94
204 250
105 373
88 410
212 242
57 479
70 446
372 94
391 91
303 151
357 109
92 394
351 111
93 387
89 413
77 433
115 355
75 439
489 81
153 303
53 487
78 440
326 130
361 103
205 249
83 421
77 439
387 95
260 194
87 417
100 380
442 86
63 469
152 302
273 183
471 87
84 420
245 209
503 85
235 219
131 327
151 305
349 111
71 445
433 87
123 339
291 163
81 429
174 280
63 511
243 211
136 322
342 118
66 452
337 123
56 498
215 239
87 409
59 501
470 88
56 476
287 167
439 87
304 151
488 81
88 409
439 88
270 185
374 97
71 446
373 96
90 399
428 87
305 150
318 139
358 107
101 378
168 289
215 240
316 149
359 106
93 394
91 390
257 198
477 82
68 451
123 340
64 511
151 306
482 81
248 207
100 381
125 338
316 141
162 293
67 468
108 373
216 239
345 116
217 238
413 88
392 93
314 143
267 188
437 88
169 286
507 88
362 103
371 96
75 440
349 112
78 433
294 163
176 285
174 281
441 86
116 355
354 111
95 386
117 360
336 125
260 195
62 509
66 463
476 83
478 83
149 308
129 332
390 93
164 291
277 178
289 166
99 384
114 371
58 475
90 415
294 161
214 241
343 118
235 220
184 271
366 99
72 443
92 389
364 101
279 176
211 244
57 494
293 162
196 259
188 267
55 496
57 476
372 95
471 88
274 181
58 499
159 296
67 454
459 84
66 461
265 190
490 83
208 247
87 418
231 224
474 85
185 270
387 96
100 383
342 119
109 374
380 95
152 305
355 116
276 179
175 286
238 217
198 257
308 149
117 354
244 211
453 86
370 97
96 385
181 274
401 92
363 102
114 361
457 84
165 292
214 243
357 108
386 95
79 434
89 410
94 387
100 379
233 222
297 158
110 371
317 140
103 376
169 290
145 312
447 86
205 250
136 323
432 87
92 391
278 177
56 483
53 486
403 92
338 123
284 171
311 146
173 284
104 375
135 324
388 95
306 149
195 260
71 444
59 474
54 485
89 416
394 97
229 226
485 80
287 168
86 419
138 319
247 208
510 91
233 224
105 374
296 159
123 348
272 183
251 204
379 94
220 235
170 291
242 213
320 137
77 440
340 121
446 85
435 88
479 82
56 495
65 456
288 167
234 221
93 388
174 283
88 417
199 256
321 136
70 447
132 329
88 403
300 157
280 175
240 215
89 414
232 223
154 301
55 484
395 96
90 413
351 112
87 402
93 396
381 94
362 105
153 302
213 242
201 254
89 404
56 481
175 284
484 79
415 88
78 441
367 98
160 295
84 421
202 253
55 488
182 273
222 233
253 202
113 366
475 84
309 148
137 322
212 243
246 213
509 90
315 142
455 84
146 311
298 157
436 87
195 262
391 92
358 109
314 145
405 92
186 269
355 110
353 114
261 194
73 442
301 154
302 153
480 83
376 93
398 95
440 87
500 89
250 205
419 88
178 277
344 117
57 480
144 313
350 113
64 457
59 506
156 299
160 297
57 490
58 491
72 445
427 88
60 507
433 88
375 94
228 227
101 380
115 360
56 497
59 492
434 89
494 85
291 164
67 462
268 189
245 212
473 86
147 310
355 112
410 91
239 216
283 172
327 130
337 124
192 263
133 326
245 210
124 345
207 250
266 189
55 482
127 342
329 130
85 420
118 353
175 280
132 327
112 365
227 228
155 300
99 382
382 95
113 364
91 392
493 84
84 423
124 341
361 104
483 80
98 383
120 351
503 86
470 89
154 303
61 508
319 138
303 152
232 225
54 487
82 429
68 453
138 321
354 113
374 95
241 214
157 298
74 441
64 469
58 479
65 460
58 493
89 400
414 87
64 459
174 285
115 356
200 255
209 246
501 88
126 343
237 218
163 292
418 89
313 144
302 155
210 245
472 87
62 471
67 452
88 401
348 113
76 439
295 160
273 182
328 129
207 248
416 89
59 500
139 320
179 276
352 113
397 94
87 406
105 375
127 343
126 342
56 488
136 324
179 277
294 164
103 377
269 189
60 506
73 443
230 226
328 130
397 95
363 105
65 469
399 95
488 82
76 440
303 153
242 214
507 89
496 90
272 184
67 469
410 92
93 397
251 205
293 165
186 270
246 210
339 123
110 372
208 250
89 409
112 370
102 380
228 228
117 375
398 96
161 297
221 237
77 441
59 499
73 445
160 296
483 81
89 401
125 339
234 224
427 89
414 88
455 85
368 98
222 234
116 374
262 194
89 405
233 223
395 97
126 344
287 169
474 86
479 83
260 196
416 90
278 178
492 84
99 385
97 385
196 260
201 255
271 185
93 389
249 207
188 268
508 90
373 97
269 187
379 95
480 84
396 96
114 372
117 361
336 126
401 93
246 212
101 383
57 489
60 480
276 180
209 247
94 388
245 213
174 286
203 253
145 313
65 511
216 240
214 242
254 202
291 165
128 342
221 235
471 89
239 217
351 113
133 327
175 283
117 355
102 378
55 485
358 108
222 238
88 418
388 96
432 88
198 258
75 441
257 199
88 402
237 219
280 176
477 83
310 148
149 309
83 429
61 507
176 280
89 411
459 85
133 329
350 114
55 487
458 84
93 393
316 142
289 167
454 86
196 262
194 262
375 95
62 472
100 382
213 243
354 114
356 116
190 268
428 88
90 404
149 311
54 486
68 462
253 203
359 107
69 453
120 352
67 461
115 357
494 86
238 218
290 166
274 182
389 95
347 117
113 371
62 508
300 158
95 387
90 400
67 463
371 97
129 333
155 303
210 246
156 300
144 316
478 84
343 119
315 149
296 160
199 257
60 474
326 132
68 452
92 390
390 94
193 263
346 116
65 457
90 416
338 124
270 186
58 476
56 496
66 460
111 371
376 94
284 172
501 89
314 146
58 480
178 278
110 374
364 102
491 83
275 181
169 289
90 414
169 287
316 148
208 248
446 86
366 100
87 419
182 274
400 94
58 490
247 213
91 415
90 410
207 251
295 163
115 373
88 406
69 451
245 211
184 272
57 495
180 278
211 245
71 447
320 138
113 365
367 99
162 294
153 305
57 497
85 423
355 111
92 392
433 89
386 96
64 458
372 96
317 141
441 87
206 250
306 150
391 93
383 97
440 88
248 208
378 94
419 89
124 348
476 84
261 195
322 136
90 412
321 137
311 147
102 384
192 264
510 92
68 454
163 293
164 292
197 259
154 302
148 312
382 96
355 117
148 310
362 104
361 105
436 88
170 290
503 87
250 206
231 225
472 90
309 149
118 354
363 103
98 384
91 399
435 89
161 295
215 241
139 321
175 281
89 417
59 475
453 87
308 150
65 459
96 386
265 191
195 261
115 361
340 122
509 93
279 177
412 90
81 431
157 299
152 306
298 158
63 509
173 285
155 301
150 308
109 373
100 384
349 113
79 433
345 117
381 95
146 312
423 89
404 92
344 118
472 88
72 444
413 89
56 482
318 140
281 175
72 446
101 379
415 89
200 256
484 80
297 159
305 151
360 106
267 189
125 345
112 368
89 403
217 239
74 442
369 97
240 216
475 85
282 174
138 322
124 340
85 421
490 84
466 88
286 170
86 420
365 101
235 221
268 188
266 190
116 360
116 356
314 144
348 114
151 307
355 115
465 87
302 154
207 249
176 284
504 88
236 220
294 162
295 161
103 385
59 493
139 319
176 283
402 93
344 119
97 386
184 273
298 159
285 172
178 279
228 229
91 400
365 102
57 496
81 432
130 333
304 153
66 469
288 169
475 86
156 301
433 90
103 380
404 93
125 348
351 114
259 198
287 170
415 90
382 97
356 115
163 294
98 385
309 150
102 381
345 118
66 511
489 84
356 113
457 86
155 302
269 188
267 190
347 116
146 313
400 97
175 282
477 84
60 491
432 89
197 262
101 382
199 258
145 314
295 162
103 386
383 98
128 343
66 459
96 387
250 207
464 87
453 88
115 366
169 288
507 90
412 91
149 312
80 433
162 297
502 89
479 84
208 249
110 373
147 312
121 352
296 161
294 165
239 218
311 148
364 105
346 117
117 374
94 391
495 90
180 277
399 96
90 405
234 223
112 369
148 313
186 271
315 144
200 259
200 257
318 141
275 182
400 95
140 321
116 373
428 89
139 322
116 361
115 362
269 190
286 171
467 88
494 87
424 89
314 147
149 310
157 300
193 264
211 246
391 94
455 86
396 97
205 252
320 139
153 306
249 208
67 456
316 143
161 296
266 191
164 293
416 91
371 100
192 265
221 238
291 166
213 244
476 85
222 235
134 327
115 372
63 508
276 181
77 442
91 418
384 97
126 345
429 88
69 462
508 91
414 89
183 274
315 148
390 95
179 278
413 90
55 486
431 88
59 498
410 93
201 256
102 383
317 148
480 85
300 159
355 114
86 423
338 125
118 355
357 116
194 263
217 240
196 261
261 196
171 290
71 448
319 140
210 247
93 392
58 481
246 211
170 289
95 388
501 90
386 97
76 441
89 408
101 384
60 475
504 89
491 84
203 254
140 319
195 264
105 376
132 331
70 449
289 168
238 219
73 444
363 104
69 454
306 151
361 106
68 455
321 138
326 133
113 370
187 270
176 281
83 430
244 213
337 126
369 98
446 87
94 389
378 95
133 330
359 108
381 96
92 415
237 220
60 477
102 379
262 195
93 398
61 506
182 275
322 137
436 89
437 90
74 445
64 509
103 378
235 222
65 470
125 340
87 420
144 317
364 103
67 464
230 227
57 482
185 272
158 299
253 204
197 260
481 86
368 99
112 371
138 323
240 217
310 149
236 221
215 242
243 214
281 176
257 200
156 303
89 406
472 89
349 114
62 473
372 97
62 507
151 308
398 97
496 89
126 341
118 375
59 490
316 147
60 481
91 416
327 132
162 295
67 460
115 374
441 88
116 357
69 452
377 94
209 250
317 142
508 93
385 96
495 88
487 82
181 276
173 286
70 453
89 418
340 123
401 94
409 94
290 167
56 485
150 309
366 101
152 307
202 255
104 385
484 81
100 385
265 192
59 480
59 476
65 458
116 375
74 443
86 421
353 116
223 238
471 90
493 86
229 228
419 90
93 390
91 414
127 344
189 268
73 446
296 163
509 92
114 367
90 401
336 127
252 205
206 251
328 131
102 385
458 85
90 411
82 431
57 488
303 154
231 226
279 178
190 269
223 234
348 115
271 186
72 447
356 111
272 185
204 253
395 98
114 365
459 86
389 96
60 493
423 90
481 84
503 88
465 88
251 206
222 237
220 237
292 165
264 193
119 354
295 164
203 256
376 95
270 187
224 233
254 203
90 403
136 325
144 315
113 368
247 212
466 89
355 118
483 82
283 174
90 417
103 384
426 89
397 96
367 100
137 324
490 85
68 463
282 175
89 402
418 91
360 107
93 399
187 271
231 227
437 91
177 281
252 206
91 403
64 508
92 416
120 354
82 432
145 315
217 241
185 273
413 91
121 353
271 187
338 126
91 419
164 294
446 88
371 99
275 183
57 485
317 147
351 115
74 444
56 486
118 374
126 340
481 85
70 450
94 390
319 141
57 487
225 233
280 178
116 362
298 160
404 94
125 349
372 98
88 420
290 168
235 223
401 95
116 372
83 431
132 332
304 154
202 256
428 90
468 88
146 326
171 287
86 422
204 256
153 307
385 97
115 367
92 418
128 344
201 259
91 411
353 117
176 282
324 136
458 86
186 272
336 128
400 98
143 317
75 445
189 269
105 377
429 89
410 94
432 90
475 87
94 392
322 138
491 85
251 207
313 147
70 454
392 96
92 414
248 212
95 391
114 368
67 511
211 247
218 240
299 159
223 237
247 211
229 229
141 321
297 163
261 197
179 279
73 447
402 94
259 199
270 190
138 324
453 89
138 326
383 99
156 304
66 510
508 92
239 219
395 99
90 418
68 456
286 172
377 95
139 323
67 457
326 134
75 443
117 357
364 104
273 185
58 488
93 405
142 324
87 421
480 86
255 203
257 201
267 191
270 188
61 493
213 245
111 373
116 376
70 452
130 334
66 458
504 90
97 387
98 386
254 204
104 384
152 308
244 214
474 88
181 277
366 102
90 408
171 289
102 382
102 386
112 372
314 148
483 83
282 176
76 442
119 355
237 221
134 328
60 476
157 303
236 222
490 86
249 209
350 116
352 116
156 302
357 115
163 295
101 385
199 259
423 91
399 97
417 91
74 446
391 95
258 200
133 331
183 275
455 87
69 463
422 90
81 433
170 288
412 92
318 142
337 127
137 325
195 265
409 95
59 497
253 205
209 249
113 369
265 193
150 310
284 174
91 405
63 507
60 498
299 165
182 276
369 99
223 235
467 89
60 478
348 116
60 482
438 90
279 179
141 319
431 89
477 85
295 165
288 170
71 449
123 351
367 101
360 108
506 90
198 260
103 379
397 97
206 252
61 477
238 220
89 419
201 257
228 230
205 253
58 482
65 509
194 264
386 98
71 453
390 96
106 376
445 87
240 218
96 388
71 451
344 120
61 491
312 148
289 169
220 238
486 82
84 430
440 90
154 306
151 309
494 88
311 149
502 90
172 286
396 98
419 91
158 300
264 194
342 122
305 153
131 333
368 100
425 89
503 89
200 260
361 107
414 90
488 84
357 111
71 461
91 401
454 88
67 459
242 216
328 132
287 171
149 313
357 113
62 474
89 407
142 318
384 98
68 460
68 464
61 475
457 87
442 88
93 415
323 137
141 323
296 164
479 85
72 448
62 506
184 274
320 140
263 195
471 91
484 82
317 143
283 175
135 327
146 314
495 89
59 481
291 167
306 152
92 400
436 90
103 383
492 86
103 381
92 404
370 100
118 356
464 88
127 345
266 192
58 496
316 144
376 96
381 97
341 123
200 258
222 236
433 91
356 114
114 374
147 313
91 417
124 350
69 455
216 242
203 255
354 118
349 115
115 365
224 234
162 296
346 118
90 402
90 406
59 489
310 150
459 87
426 90
155 305
260 198
321 139
276 182
140 322
60 490
473 89
243 215
192 266
482 84
95 389
197 261
204 254
219 241
281 177
296 162
122 352
230 228
113 373
66 470
493 87
430 90
210 248
118 358
292 166
104 379
104 381
91 420
399 98
491 86
68 465
317 144
353 118
229 230
120 375
276 183
122 353
135 328
121 354
69 460
240 219
67 458
119 358
76 443
338 127
409 96
93 404
85 430
357 114
384 99
152 309
114 369
58 483
260 199
254 205
179 280
150 315
75 444
92 417
290 169
415 92
272 187
177 282
93 416
494 89
61 490
193 266
199 260
158 305
474 89
398 99
255 204
295 166
244 215
323 138
127 346
270 191
75 446
497 94
178 281
68 511
411 94
410 95
412 93
124 351
202 257
148 315
261 198
188 271
288 171
484 83
350 117
92 419
464 89
341 124
61 492
358 111
158 301
139 324
496 95
298 165
346 119
172 287
66 509
306 153
101 386
216 243
357 112
433 92
83 432
205 254
91 402
93 414
454 89
96 391
71 452
413 92
485 82
360 109
98 387
487 84
248 211
451 90
492 87
396 99
285 174
194 265
439 90
57 486
62 477
92 403
103 382
87 422
89 420
429 90
424 91
367 102
102 387
71 460
93 400
318 143
142 323
365 104
270 193
239 220
68 457
113 374
305 154
185 274
82 433
164 295
91 408
57 484
344 121
347 120
277 182
163 296
123 352
143 318
153 308
189 270
64 507
487 86
267 192
59 496
171 288
219 242
93 418
112 373
90 419
155 306
220 239
76 445
137 326
280 179
92 401
424 93
253 206
182 277
69 464
136 327
138 325
372 99
419 92
236 223
146 325
63 506
351 116
104 383
416 93
206 253
313 148
60 489
402 95
265 194
70 455
299 160
316 145
258 201
283 176
115 376
390 97
146 315
107 376
241 218
128 345
143 324
479 86
310 151
431 90
311 150
157 304
282 177
62 493
358 113
165 294
281 178
141 324
505 90
414 91
61 478
59 482
328 133
300 165
296 165
395 100
127 340
214 245
397 98
243 216
425 90
217 242
377 96
114 375
385 98
468 89
256 203
497 92
417 92
381 98
329 132
366 103
266 193
335 128
475 88
120 355
62 475
321 140
507 92
115 368
125 350
273 186
72 461
349 116
460 87
116 371
141 322
71 450
455 88
344 123
122 375
337 128
438 91
69 468
133 332
380 97
149 314
60 497
117 366
95 392
132 333
292 167
463 88
92 405
116 365
358 115
476 87
400 99
73 448
382 99
116 363
84 431
297 162
147 326
105 378
90 407
345 120
432 91
158 303
142 319
297 164
93 410
299 164
242 217
204 255
71 462
287 172
96 389
229 232
483 84
95 390
131 334
493 88
486 83
342 123
443 88
354 119
420 91
91 406
231 228
237 222
150 313
211 248
317 146
264 195
456 87
250 209
325 136
457 88
186 273
61 476
147 314
441 90
106 377
151 310
225 234
223 236
218 241
370 101
184 275
339 126
391 96
119 356
183 276
343 122
249 212
96 393
201 258
62 505
470 91
230 229
332 131
220 241
445 88
224 235
423 92
336 129
58 487
298 163
289 170
408 95
489 86
324 137
195 266
362 107
320 141
271 188
284 175
322 139
436 91
291 168
210 249
62 491
442 89
118 357
477 86
262 197
506 91
458 87
142 321
368 101
66 471
430 91
275 184
274 185
422 91
403 94
503 90
157 302
252 207
198 261
118 373
482 85
369 100
119 374
71 454
392 97
156 305
92 411
401 96
327 134
94 404
320 142
94 410
425 91
159 303
93 401
159 301
126 350
257 203
327 135
230 232
380 98
72 452
431 91
285 175
324 138
105 379
344 122
93 403
318 144
299 161
377 97
237 223
281 179
134 332
76 446
63 475
452 90
345 123
323 139
296 166
398 100
289 171
438 92
185 275
121 355
72 462
127 339
506 92
179 281
181 279
286 174
487 85
340 126
262 198
421 91
422 92
253 209
69 457
293 167
260 200
136 328
413 93
366 104
70 468
73 449
227 233
412 98
245 215
128 346
147 325
114 376
395 101
417 93
83 433
505 91
305 155
159 305
150 316
115 369
497 95
424 92
96 392
241 219
442 90
403 95
240 220
423 93
271 193
299 163
158 302
165 295
186 274
89 421
491 87
97 389
188 272
92 406
148 316
67 471
295 167
346 120
325 137
62 502
319 143
215 245
73 453
272 190
182 278
76 444
90 420
373 99
117 371
142 322
450 92
113 375
368 102
155 307
292 168
326 136
112 374
274 186
288 172
309 153
123 353
460 88
61 497
254 206
93 413
483 85
434 92
224 236
199 261
75 447
358 112
153 309
353 119
68 510
70 456
225 235
152 310
92 420
313 149
143 319
70 460
379 99
60 496
58 486
210 252
400 100
463 89
226 234
358 114
456 88
311 151
72 454
261 199
476 88
150 314
335 129
214 246
284 176
143 323
276 184
145 325
363 107
66 508
135 331
496 94
83 435
63 491
328 134
64 474
429 91
489 87
232 228
468 90
332 132
359 111
189 271
272 188
390 98
187 273
462 88
235 225
205 255
416 94
69 469
338 128
137 327
349 117
420 92
256 204
412 94
139 325
381 99
229 231
77 445
259 201
122 374
439 91
336 130
436 92
184 276
414 92
149 315
475 89
64 506
156 306
271 189
451 91
135 329
492 88
479 87
61 489
317 145
252 208
144 324
128 338
281 181
250 210
140 324
91 407
62 490
131 337
408 96
485 83
382 100
455 89
385 99
121 375
178 282
120 374
493 89
119 373
60 488
120 356
474 90
206 254
337 131
298 162
255 205
124 352
235 227
218 242
369 101
238 224
443 89
477 87
415 93
486 84
242 218
249 211
141 325
62 478
277 183
101 387
393 99
207 253
72 450
290 170
98 388
211 249
104 382
331 131
91 421
96 394
445 89
312 150
69 465
92 402
297 165
368 104
347 119
435 91
351 117
85 431
350 118
458 88
62 492
193 267
497 93
397 99
131 335
217 243
342 124
402 96
147 315
419 93
484 84
265 195
129 337
194 266
230 230
268 192
266 194
96 390
71 455
384 100
121 359
231 229
158 304
275 185
219 243
411 97
306 154
352 118
430 92
209 253
282 178
164 296
287 173
106 378
270 192
132 334
98 394
399 99
487 87
396 100
67 509
361 109
88 422
329 133
63 505
92 412
367 103
337 129
236 224
69 459
142 320
84 432
107 377
321 141
62 476
69 511
117 365
253 207
251 209
503 91
202 258
116 368
333 131
437 93
244 216
172 288
59 485
93 417
59 483
300 164
470 92
58 484
118 366
496 92
73 451
93 411
68 458
339 127
220 240
411 95
192 268
117 363
391 97
116 370
115 377
119 357
258 202
84 433
120 357
211 252
119 362
130 345
367 104
94 411
178 283
112 375
231 230
185 276
243 218
93 408
438 93
78 443
336 131
393 100
193 268
379 100
303 158
503 92
212 249
296 167
364 107
126 351
125 352
146 317
323 140
159 302
122 355
200 265
153 310
380 99
145 318
421 92
119 366
89 428
402 97
234 227
308 153
116 369
147 324
233 228
88 423
86 431
399 100
123 354
190 271
283 178
266 195
140 325
338 129
66 507
68 509
73 450
442 91
392 99
93 402
63 492
330 133
63 476
419 94
152 315
418 93
199 262
436 93
478 87
297 166
66 473
416 95
331 132
332 133
159 304
69 466
230 231
287 174
143 320
313 150
194 267
259 202
479 88
188 273
245 216
148 317
238 223
192 269
469 92
118 365
415 94
491 88
121 374
281 180
183 278
300 163
226 235
403 96
94 409
410 97
493 90
276 185
128 339
366 105
282 179
77 446
94 403
187 274
184 277
241 220
151 314
70 459
145 324
307 154
117 368
310 153
351 118
65 506
341 126
74 453
431 92
221 240
272 191
377 98
99 394
209 254
124 355
132 337
118 367
277 184
236 227
385 100
346 121
326 137
60 487
253 208
360 115
443 90
210 251
477 88
63 502
101 388
412 95
289 172
136 331
85 432
94 417
69 458
121 356
63 500
361 110
257 204
391 98
460 89
144 323
129 346
429 92
62 503
290 171
64 505
98 395
492 89
444 89
96 395
246 215
114 377
408 97
349 118
333 132
70 467
250 211
304 157
255 206
263 198
235 226
88 427
412 97
105 382
449 92
295 168
506 93
143 322
468 91
90 421
414 93
83 436
321 142
348 119
160 301
369 102
461 88
206 255
327 136
83 434
318 145
133 334
488 87
121 358
394 101
274 187
113 376
413 94
98 389
147 316
161 300
271 192
173 288
497 96
345 122
496 93
71 468
435 92
337 132
272 193
359 114
64 475
92 407
397 100
129 338
71 464
305 156
97 390
65 474
120 373
73 454
88 429
156 307
117 364
69 470
70 457
285 176
254 209
93 412
411 96
452 91
476 91
136 329
286 175
69 510
67 472
261 200
273 188
67 474
325 138
destination
