map
random512-20-1.map
pivot
250 474
agent & start
509 1
511 1
509 0
510 1
511 2
508 0
511 3
510 2
510 3
507 0
509 3
508 2
506 0
511 5
507 1
510 4
508 3
511 6
510 5
507 2
505 0
506 2
507 3
505 1
504 0
509 5
511 7
510 6
508 4
508 5
506 3
507 4
510 7
505 2
503 0
509 6
504 1
506 4
504 2
509 7
503 1
507 5
508 6
509 8
503 2
505 4
507 6
501 0
508 7
506 5
510 9
502 1
511 10
506 6
507 7
510 10
509 9
505 5
511 11
504 4
501 1
500 0
508 8
502 2
505 6
511 12
501 2
500 1
499 0
510 11
0 1
507 8
509 10
506 7
508 9
503 4
504 5
507 9
500 2
510 12
0 2
508 10
499 1
503 5
504 6
502 4
1 1
506 8
507 10
501 4
1 2
504 7
0 3
509 12
502 5
2 1
497 0
503 6
500 3
505 8
498 1
496 0
508 12
497 1
2 2
501 5
500 4
0 4
505 9
1 3
510 14
502 6
499 3
498 2
503 7
507 11
509 13
511 15
504 8
4 0
510 15
496 1
508 13
503 8
499 4
507 12
495 0
4 1
511 16
497 2
498 3
1 4
509 14
505 10
5 0
6 1
500 5
3 2
504 9
2 3
0 5
501 6
495 1
502 8
497 3
501 7
511 17
6 2
0 6
5 1
504 10
506 12
496 2
509 15
500 6
505 11
498 4
499 5
507 13
510 16
3 3
2 4
6 0
508 14
502 9
497 4
499 6
0 7
4 3
498 5
5 2
495 2
494 1
509 16
507 14
496 3
501 8
505 12
506 13
2 5
1 6
510 17
504 11
7 0
493 0
503 10
500 7
496 4
492 0
5 3
508 16
494 2
2 6
502 10
504 16
509 17
4 4
506 14
8 0
505 13
destination
