map
random512-10-3.map
pivot
65 143
agent & start
437 15
460 38
429 277
509 91
495 73
477 55
317 389
465 43
445 261
478 56
506 86
261 445
225 481
256 450
285 421
281 425
323 383
293 413
295 411
484 62
415 291
310 396
448 26
506 200
437 269
307 399
422 0
390 316
491 215
422 284
431 9
348 358
397 309
451 255
462 244
335 371
507 199
218 488
450 256
460 246
247 459
354 352
333 373
449 257
443 263
330 376
224 482
311 395
306 400
501 205
292 414
197 509
347 359
453 253
426 4
423 283
351 355
378 328
470 48
341 365
467 45
214 492
451 29
420 286
300 406
458 36
238 468
497 209
475 53
457 35
466 44
196 510
428 6
252 454
195 511
299 407
499 207
353 353
244 462
273 433
379 327
393 313
469 237
459 247
502 80
361 345
434 12
287 419
428 278
511 93
439 267
212 494
268 438
510 196
474 232
202 504
384 322
304 402
372 334
389 317
271 435
498 76
324 382
266 440
226 480
297 409
332 374
471 235
230 476
449 27
485 221
472 234
246 460
461 245
290 416
382 324
219 487
406 300
320 386
490 216
349 355
357 349
208 498
494 72
233 473
505 201
201 505
454 252
345 361
280 426
463 41
412 294
265 439
338 368
452 30
236 470
316 390
284 422
417 289
200 506
221 485
509 89
228 478
216 490
494 212
427 279
496 74
276 430
435 271
508 198
440 18
444 22
262 444
237 469
408 298
424 2
396 310
504 82
423 1
315 391
203 503
481 225
254 452
217 489
492 70
403 303
370 336
462 40
469 47
327 379
258 448
198 508
497 75
248 458
298 408
362 344
405 301
235 471
450 28
455 251
381 325
334 372
288 418
294 412
482 60
454 32
359 347
313 393
490 68
414 292
510 92
509 197
476 230
264 442
239 467
367 339
510 90
404 302
436 270
466 240
468 46
426 280
253 453
486 64
445 23
282 424
507 87
204 502
388 318
471 49
432 274
394 312
259 447
383 323
432 10
433 273
498 208
207 499
485 63
463 243
478 228
430 8
468 238
358 348
305 401
309 397
222 484
499 77
407 299
286 420
461 39
265 441
369 337
234 472
502 204
373 333
205 501
425 3
366 340
503 81
251 455
505 83
481 59
493 213
325 381
418 288
447 259
487 219
303 403
435 13
363 343
491 69
376 330
492 214
318 388
227 479
215 491
206 500
424 282
434 272
443 21
249 457
438 16
364 342
501 79
374 332
480 58
199 507
480 226
508 88
474 52
350 356
493 71
260 446
477 229
355 351
488 218
511 193
430 276
322 384
456 34
479 57
398 308
250 456
416 290
401 305
275 431
456 250
312 394
269 437
296 410
446 260
319 387
444 262
375 331
486 220
413 293
455 33
377 329
495 211
482 224
387 319
231 475
483 61
232 474
504 84
489 67
496 210
308 398
504 202
368 338
505 85
365 341
241 465
255 451
470 236
464 42
267 439
278 428
447 25
436 14
329 377
410 296
339 367
344 362
399 307
429 7
240 466
433 11
476 54
302 404
395 311
467 239
446 24
475 231
483 223
438 268
465 241
473 51
457 249
427 5
346 360
431 275
210 496
340 366
488 66
411 295
400 306
425 5
328 378
326 380
314 392
442 264
356 350
473 233
489 217
409 297
270 436
245 461
342 364
349 357
279 427
283 423
421 285
352 354
413 292
439 266
278 427
226 479
337 368
436 269
207 498
469 234
501 204
443 262
470 49
424 281
328 377
483 62
511 94
252 453
472 51
298 407
464 43
448 257
319 386
322 383
495 74
363 342
197 508
332 373
273 432
439 18
335 370
461 244
308 397
373 332
357 348
427 6
429 276
510 93
275 430
449 28
423 2
235 470
253 452
505 200
353 352
299 406
388 317
478 227
266 439
434 13
198 507
425 280
416 289
206 499
511 194
445 260
367 338
471 234
312 393
341 364
455 34
265 438
279 426
246 459
497 76
290 415
476 55
415 290
484 221
318 387
507 88
243 462
263 442
231 474
315 390
369 336
472 233
419 286
340 365
432 273
327 378
503 202
429 8
379 326
368 337
321 384
453 252
225 480
384 321
425 278
491 70
219 486
339 366
398 307
208 497
387 318
431 274
446 259
445 24
276 429
211 494
281 424
257 448
462 243
375 330
510 195
466 239
481 224
502 203
359 346
303 402
458 247
221 484
260 445
215 490
505 86
476 229
376 329
286 419
498 207
201 504
482 223
408 297
508 91
295 410
425 4
442 21
417 288
460 245
292 413
503 82
410 295
428 7
324 381
334 371
442 263
205 500
389 316
488 217
259 446
456 249
291 414
494 73
454 33
230 475
218 487
287 418
293 412
224 479
350 355
484 63
294 411
372 333
401 304
403 302
460 39
392 313
195 510
393 312
420 285
245 460
467 46
210 495
457 248
338 367
386 319
344 361
194 511
449 256
196 509
356 349
486 219
464 241
262 443
349 354
395 310
396 309
488 67
240 465
475 230
478 57
255 450
216 489
496 75
473 52
378 327
220 485
309 396
247 458
330 375
465 44
493 72
502 81
467 238
348 357
479 226
399 306
232 473
233 472
305 400
485 64
423 282
300 405
508 89
228 477
424 3
297 408
382 323
241 464
477 56
440 19
500 79
370 335
480 225
411 294
438 17
497 208
487 218
412 293
447 26
414 291
491 214
256 449
509 92
304 401
377 328
345 360
333 372
494 211
361 344
459 38
271 434
217 488
506 199
452 31
313 392
456 35
503 84
507 198
468 47
200 505
451 30
499 78
354 351
400 305
506 87
498 77
323 382
267 438
277 428
457 36
436 15
405 300
431 10
453 32
496 209
229 476
371 334
347 358
426 279
432 11
418 287
435 270
450 255
360 345
352 353
504 201
272 433
493 212
227 478
331 374
490 69
474 53
316 389
470 235
224 481
437 16
320 385
374 331
265 440
509 196
385 320
421 284
397 308
465 240
426 5
422 283
285 420
199 506
402 303
404 301
274 431
509 90
433 272
492 71
455 250
461 40
214 491
471 50
307 398
454 251
504 83
248 457
269 436
407 298
237 468
438 267
421 0
489 68
284 421
250 455
381 324
489 216
462 41
268 437
508 197
443 22
296 409
239 466
444 23
458 37
301 404
468 237
409 296
270 435
501 80
450 29
475 54
329 376
452 253
346 359
499 206
469 48
288 417
364 341
504 85
325 380
510 193
223 482
448 27
203 502
258 447
433 12
480 59
463 242
435 14
473 232
380 325
427 278
474 231
482 61
280 425
430 9
311 394
351 354
477 228
355 350
283 422
463 42
366 339
428 277
349 356
234 471
314 391
289 416
483 222
365 340
373 331
403 301
484 220
455 249
475 55
476 56
347 357
414 290
487 217
284 420
359 345
415 289
295 409
466 238
351 353
465 239
366 338
206 498
294 410
491 213
196 508
443 261
209 495
497 77
299 405
449 255
291 413
422 2
459 39
368 336
469 49
505 87
194 510
413 291
436 268
485 219
332 372
264 440
325 379
357 347
195 509
394 310
458 246
324 380
385 319
409 295
258 446
489 215
508 92
496 76
249 455
271 433
448 28
389 315
437 17
444 260
198 506
428 276
431 273
377 327
218 486
482 222
202 502
421 1
197 507
470 50
454 250
423 281
427 277
261 443
348 356
263 441
235 469
361 343
498 78
469 235
246 458
502 82
283 421
494 74
464 44
344 360
256 448
451 253
309 395
255 449
510 194
330 374
222 482
406 298
433 271
337 367
221 483
376 328
456 248
214 490
422 282
268 436
306 398
260 444
229 475
489 69
234 470
463 43
411 293
272 430
492 212
511 95
509 93
243 461
383 321
290 414
471 51
212 492
483 221
435 15
457 247
308 396
438 18
280 424
345 359
444 24
501 81
420 284
501 203
495 75
420 0
228 476
502 84
236 468
356 348
448 256
446 26
352 352
502 202
312 392
293 411
493 211
446 258
340 364
504 86
452 32
270 434
474 54
412 292
342 360
455 35
506 88
481 223
468 236
259 445
459 245
253 451
483 63
442 262
473 53
426 278
215 489
397 307
201 503
405 299
460 40
447 27
440 20
422 4
353 351
231 473
490 214
220 484
477 227
451 31
391 313
307 397
426 6
418 286
467 237
316 388
495 209
378 326
443 23
484 64
314 390
421 283
457 37
281 423
466 46
462 242
465 45
461 41
396 308
400 304
223 481
425 279
237 467
505 199
479 59
350 354
302 402
387 317
460 244
375 329
355 349
297 407
327 377
326 378
461 243
298 406
499 205
438 266
402 302
224 480
498 206
493 73
480 224
419 285
386 318
200 504
486 218
504 200
424 4
497 207
239 465
363 341
266 438
317 387
286 418
241 463
445 25
304 400
491 71
476 228
252 452
305 399
254 450
470 234
435 269
358 346
331 373
262 442
510 94
485 65
429 9
433 13
381 323
320 384
458 38
233 471
217 487
226 478
496 208
472 52
315 389
482 62
311 393
441 21
467 47
407 297
257 447
364 340
424 280
503 201
310 394
456 36
207 497
445 259
487 67
333 371
267 437
390 314
392 312
204 500
508 196
225 479
468 48
454 34
488 216
410 294
503 83
507 197
296 408
500 204
269 435
334 370
303 401
434 14
289 415
380 324
242 462
301 403
450 254
439 265
398 306
478 58
339 365
384 320
336 368
469 233
439 19
473 231
278 426
437 267
463 241
277 427
292 412
423 3
508 90
427 7
274 430
248 456
210 494
393 311
300 404
453 33
346 358
464 240
193 511
452 252
272 432
441 263
379 325
499 79
328 376
509 195
462 42
432 12
360 344
238 466
404 300
208 496
232 472
486 66
431 11
318 386
436 16
288 416
319 385
382 322
490 70
416 288
399 305
338 366
447 257
395 309
369 335
282 422
478 226
371 333
329 375
401 303
362 342
475 229
372 332
205 499
219 485
507 91
471 233
494 210
417 287
322 382
275 429
367 337
370 334
430 10
492 72
247 457
365 339
321 383
211 493
506 198
245 459
449 29
269 433
234 469
309 394
258 445
274 429
498 79
470 233
313 390
252 451
283 420
461 42
465 46
504 199
213 490
243 460
451 252
445 258
435 268
206 497
271 432
493 210
435 16
430 11
215 488
504 87
336 367
382 319
507 92
290 413
441 22
506 197
495 76
200 503
249 454
412 291
272 431
453 250
296 407
318 385
446 257
463 44
250 453
282 421
417 286
492 211
431 12
363 340
263 440
471 52
262 441
223 480
447 28
502 85
207 496
327 376
276 427
242 461
438 265
291 412
261 442
485 66
238 465
496 207
473 230
416 287
450 31
300 403
507 90
385 318
494 209
316 387
319 384
460 243
239 464
391 312
346 357
246 457
288 415
286 417
458 245
350 353
439 20
394 309
492 73
405 298
481 62
461 242
362 341
420 283
436 267
429 274
488 215
415 288
396 307
331 372
447 256
440 263
204 499
232 471
320 383
456 247
508 195
473 54
256 447
219 484
421 282
468 49
427 276
370 333
194 509
284 419
221 482
511 96
257 446
437 18
371 332
305 398
483 64
277 426
326 377
193 510
241 462
315 388
203 500
422 3
452 33
211 492
468 235
476 227
388 315
434 269
438 19
498 205
240 463
421 2
497 78
321 382
464 45
466 47
373 330
505 88
509 94
423 4
259 444
332 371
365 338
306 397
294 409
278 425
368 335
505 198
345 358
474 55
478 59
490 71
449 254
228 475
202 501
254 449
347 356
503 200
459 40
197 506
409 294
507 196
441 262
299 404
317 386
387 316
420 1
395 308
360 343
427 8
404 299
377 326
428 9
423 280
399 304
433 270
403 300
485 218
443 260
470 51
217 486
353 350
454 249
477 226
214 489
448 29
304 399
433 14
443 24
342 361
257 444
307 396
486 67
458 39
381 322
352 351
275 428
310 393
475 228
442 261
476 57
426 277
501 202
251 452
424 279
467 48
298 405
255 448
486 217
400 303
205 498
192 511
482 63
456 37
481 222
220 483
236 467
379 324
422 281
488 69
289 414
455 248
493 74
269 434
341 362
389 314
444 25
449 30
500 81
450 253
434 15
490 213
196 507
390 313
244 459
335 368
414 289
384 319
499 80
419 284
210 493
455 36
406 297
392 311
489 214
293 410
432 271
260 443
303 400
469 50
330 373
401 302
343 360
322 381
226 477
266 437
222 481
366 337
295 408
382 321
372 331
339 364
356 347
375 328
482 221
237 466
510 95
426 7
351 352
465 238
500 203
487 216
364 339
445 26
358 345
297 406
338 365
457 246
383 320
478 225
344 359
471 232
280 423
506 91
292 411
451 32
308 395
333 370
229 474
496 77
374 329
212 491
507 194
472 231
198 505
506 89
454 35
208 495
460 41
393 310
509 194
301 402
462 43
462 241
328 375
442 23
466 237
495 208
459 244
225 478
354 349
413 290
508 93
467 236
248 455
491 72
499 204
302 401
477 58
230 473
484 65
440 21
479 224
323 380
457 38
247 456
281 422
402 301
491 212
267 436
199 504
314 389
432 13
463 240
408 295
312 391
285 418
324 379
503 86
448 255
464 239
270 433
398 305
444 259
325 378
201 502
502 83
231 472
253 450
497 206
436 17
501 82
472 53
397 306
376 327
487 68
483 220
279 424
502 201
429 10
431 272
227 476
410 293
357 346
452 251
359 344
340 363
474 229
380 323
287 416
235 468
386 317
311 392
273 430
486 68
232 470
251 451
200 502
357 345
295 407
375 327
333 369
450 252
454 248
455 37
317 385
392 310
412 290
391 311
476 226
367 335
352 350
244 458
309 393
289 411
466 236
396 306
323 379
257 445
505 197
413 289
370 332
500 84
507 93
191 511
361 341
414 288
479 223
446 256
386 316
505 91
487 69
332 370
506 92
259 443
407 295
498 204
347 355
471 53
471 231
495 207
204 498
488 70
398 304
381 321
213 489
470 52
325 377
460 42
397 305
429 11
506 90
437 265
463 45
431 271
239 463
439 263
358 344
435 265
409 293
490 212
463 239
480 62
449 31
452 34
278 424
428 274
388 314
306 396
453 35
478 224
435 17
472 56
458 40
318 384
484 66
434 268
502 86
294 408
418 284
424 6
504 88
377 325
442 260
421 3
461 241
304 398
366 336
362 340
448 30
221 481
280 422
299 403
384 318
372 330
227 475
433 269
238 464
467 235
208 494
497 205
193 509
324 378
345 357
387 315
482 64
451 33
395 307
481 63
364 338
229 473
219 483
337 365
344 356
447 255
426 8
296 406
230 472
275 427
249 453
282 420
431 13
432 270
263 439
501 83
335 367
271 431
360 342
378 324
420 2
427 275
329 373
279 423
237 465
203 499
500 82
303 399
255 447
302 400
328 374
491 211
311 391
209 493
228 474
473 229
416 286
484 218
445 27
292 410
363 339
408 294
354 348
390 312
206 496
511 189
340 362
502 200
473 55
476 58
482 220
351 351
253 449
319 383
425 7
266 436
455 247
338 364
472 230
197 505
308 394
211 491
423 5
434 16
426 276
462 44
380 322
456 246
248 454
346 356
444 258
283 419
503 199
465 47
273 429
477 225
401 301
250 452
242 460
389 313
231 471
450 32
477 59
195 507
448 254
446 28
430 272
274 428
459 243
403 299
202 500
429 273
262 440
468 50
285 417
508 194
359 343
194 508
233 469
465 237
433 15
440 262
419 1
331 371
415 287
411 291
385 317
464 238
297 405
291 411
481 221
344 358
435 267
341 361
493 209
305 397
438 264
478 60
495 77
494 208
373 329
379 323
270 432
315 387
301 401
355 347
469 51
288 414
417 285
210 492
245 457
443 25
420 282
490 72
462 240
410 292
327 375
439 21
501 85
334 368
205 497
441 261
406 296
509 95
216 486
350 352
289 413
343 359
256 446
503 87
404 298
437 19
356 346
501 201
487 215
261 441
312 390
475 57
436 18
480 222
457 39
441 23
423 279
506 196
445 257
504 198
330 372
467 49
456 38
243 459
353 349
485 67
287 415
493 75
222 480
422 280
236 466
314 388
460 242
371 331
418 0
313 389
225 477
475 227
497 79
440 22
507 195
449 253
402 300
320 382
457 245
300 402
215 487
252 450
510 96
419 283
461 43
322 380
368 334
284 418
492 74
199 503
257 443
374 328
499 81
485 217
491 73
470 232
235 467
196 506
260 442
268 434
218 484
430 12
336 366
217 485
489 213
496 78
499 203
293 409
508 94
192 510
316 386
326 376
474 228
486 216
277 425
207 495
459 41
369 333
400 302
438 20
474 56
383 319
382 320
307 395
498 80
241 461
496 206
472 54
276 426
443 259
494 76
394 308
464 46
500 202
220 482
483 219
453 249
466 48
428 10
247 455
214 488
298 404
454 36
399 303
240 462
290 412
451 251
505 89
201 501
273 428
220 481
338 363
420 3
337 364
345 356
265 436
471 230
476 59
438 21
227 474
248 453
304 397
355 346
253 448
432 269
486 215
331 370
305 396
426 9
267 434
430 13
235 466
242 459
454 37
423 6
442 25
437 20
365 336
236 465
511 188
426 275
497 80
224 477
287 414
509 192
222 479
200 501
467 50
439 22
494 207
510 191
298 403
475 226
433 16
429 12
500 201
358 343
347 354
234 467
209 492
491 74
424 277
458 41
488 213
424 7
389 312
333 368
467 234
482 219
291 410
288 413
504 91
431 14
401 300
508 193
498 81
198 503
506 195
380 321
491 210
499 202
464 47
295 406
457 40
228 473
418 1
322 379
266 435
263 438
343 358
425 8
205 496
249 452
303 398
473 228
399 302
354 347
330 371
201 500
453 248
406 295
435 18
492 209
213 488
457 244
452 35
314 387
509 96
407 292
459 242
483 66
350 351
438 263
422 279
198 501
451 34
320 381
480 221
505 90
503 198
395 306
481 64
489 72
423 278
346 355
381 320
462 45
434 265
456 39
192 509
452 249
446 255
447 254
203 498
240 461
420 281
344 357
397 304
427 274
394 307
471 54
398 303
441 260
373 328
459 42
419 282
493 208
501 200
260 441
473 56
282 419
500 85
428 273
199 502
466 235
494 77
454 247
302 399
256 445
325 376
433 268
496 205
449 32
356 345
393 308
246 455
450 33
351 350
421 280
464 237
411 290
481 220
299 402
367 334
390 311
311 390
210 491
432 15
329 372
278 423
506 93
262 439
437 264
474 57
328 373
315 386
297 404
480 63
195 506
479 222
280 421
466 49
499 82
487 214
292 409
229 472
241 460
493 76
276 425
462 239
361 340
430 271
488 71
460 241
434 17
254 447
485 216
334 367
447 30
279 422
388 313
244 457
465 236
456 245
323 378
255 446
310 391
408 293
221 480
230 471
217 484
409 292
486 69
226 475
472 55
208 493
378 323
405 296
455 38
444 257
250 451
392 309
436 265
510 189
290 411
497 204
415 286
318 383
219 482
369 332
505 196
252 449
324 377
396 305
508 95
212 489
216 485
465 48
500 83
293 408
301 400
477 224
505 92
312 389
504 197
436 19
489 212
503 88
492 75
400 301
270 431
362 339
402 299
349 352
363 338
451 250
425 276
207 494
348 353
202 499
444 27
416 285
495 78
326 375
428 11
448 253
386 315
313 388
455 246
498 203
385 316
206 495
283 418
245 456
414 287
360 341
502 199
232 469
218 483
319 382
477 60
375 326
412 289
490 211
475 58
340 361
332 369
339 362
443 258
429 272
449 252
309 392
194 507
431 270
371 330
204 497
211 490
383 318
238 463
511 190
453 36
237 464
374 327
359 342
308 393
434 267
427 10
357 344
317 384
440 261
504 89
463 238
419 2
404 297
247 454
306 395
410 291
450 251
439 262
417 284
259 442
285 416
510 97
487 70
300 401
274 427
448 31
407 294
417 0
490 73
284 417
442 259
215 486
258 443
193 508
472 229
190 511
461 44
460 43
377 324
316 385
289 412
470 231
446 29
239 462
335 366
251 450
243 458
445 256
191 510
469 52
370 331
196 505
352 349
307 394
468 51
499 84
413 288
294 407
443 26
275 426
484 67
197 504
501 86
384 317
484 217
387 314
233 468
476 225
296 405
281 420
403 298
485 68
496 79
289 410
231 470
440 23
462 238
478 222
281 419
504 196
455 39
499 85
480 64
347 353
460 44
471 55
468 52
268 432
250 450
449 251
216 484
368 332
504 90
228 472
495 205
342 358
331 369
489 73
380 320
322 378
374 326
431 269
436 20
327 373
242 458
264 436
332 368
444 256
294 406
425 275
386 314
503 91
318 382
353 347
480 220
455 245
245 455
258 442
373 327
415 285
454 246
311 389
430 14
383 317
448 32
267 433
412 288
348 352
504 92
224 476
209 491
225 475
232 468
445 255
213 487
490 210
454 38
485 69
254 446
497 201
420 280
471 229
229 471
446 30
494 78
195 505
333 367
234 466
453 247
450 34
404 296
482 66
433 17
398 302
316 384
503 197
495 79
405 295
423 7
367 333
269 431
499 83
451 35
440 24
239 461
473 227
314 386
372 328
241 459
293 407
428 272
387 313
428 12
496 80
358 342
375 325
379 321
273 427
297 403
467 233
192 508
235 465
498 202
465 49
334 366
274 426
326 374
442 28
414 286
500 86
461 239
255 445
402 298
385 315
437 263
217 483
470 230
434 266
198 502
196 504
246 454
430 270
413 287
464 236
222 478
464 48
505 93
220 480
491 209
400 300
468 232
438 262
510 188
487 213
474 58
378 322
499 201
291 409
482 218
200 500
236 464
365 335
266 434
417 1
306 394
366 334
252 448
507 95
491 75
463 47
475 225
425 9
497 203
310 390
253 447
463 237
388 312
433 267
442 258
290 410
231 469
501 87
418 282
492 208
287 413
370 330
424 276
243 457
315 385
238 462
352 348
420 4
506 94
467 51
277 423
498 82
191 509
490 74
476 60
338 362
501 199
423 277
389 311
305 395
249 451
421 279
509 97
422 6
462 46
439 23
426 274
510 190
453 37
189 511
429 271
364 336
479 63
376 324
371 329
260 440
303 397
197 503
419 3
355 345
349 351
509 189
422 278
275 425
282 418
361 339
335 365
325 375
261 439
357 343
288 412
483 217
323 377
272 428
498 84
343 357
403 297
447 253
356 344
247 453
304 396
509 191
484 68
458 42
461 45
489 211
444 28
511 187
341 359
427 11
441 259
406 294
259 441
395 305
484 216
226 474
299 401
418 2
401 299
485 215
210 490
452 248
354 346
330 370
450 250
439 261
466 234
442 26
411 289
279 421
448 252
207 493
394 306
409 291
452 36
494 206
456 40
324 376
419 281
313 387
393 307
440 260
426 10
474 226
317 383
460 240
360 340
298 402
500 200
493 77
215 485
445 29
508 192
399 301
469 53
319 381
469 231
377 323
451 249
473 57
339 361
432 16
223 477
437 21
201 499
487 71
251 449
502 198
438 22
336 364
340 360
481 219
369 331
190 510
205 495
505 195
488 72
204 496
244 456
240 460
278 422
193 507
435 19
295 405
211 489
199 501
230 470
203 497
329 371
283 417
416 284
276 424
219 481
429 13
432 268
296 404
458 242
503 89
496 204
470 54
424 8
206 494
227 473
337 363
350 350
410 290
476 224
359 341
391 309
457 243
300 400
502 88
301 399
486 70
441 25
466 50
475 59
457 41
265 435
477 223
202 498
436 264
479 221
262 438
362 338
408 292
363 337
407 293
214 486
286 414
309 391
477 61
397 303
285 415
416 0
346 354
345 355
488 212
483 67
447 31
427 273
292 408
508 96
328 372
284 416
456 244
396 304
308 392
505 94
236 463
361 338
384 315
393 306
260 439
352 347
338 361
358 341
438 261
466 233
421 278
200 499
471 228
478 221
459 240
455 40
491 76
484 69
496 81
479 220
507 192
382 317
473 58
465 234
505 194
401 298
348 351
423 8
234 465
225 474
494 79
201 498
364 335
267 432
245 454
495 204
449 34
511 186
434 19
222 477
219 480
454 39
396 303
276 423
400 299
313 386
233 466
508 191
503 196
435 20
318 381
415 0
473 226
498 201
496 203
351 348
243 456
336 363
360 339
402 297
451 248
469 230
476 61
388 311
406 293
470 229
317 382
416 1
189 510
465 50
283 416
264 435
369 330
277 422
489 74
475 224
433 266
290 409
268 431
226 473
342 355
458 43
395 304
193 506
345 354
502 89
340 359
390 309
274 425
449 250
480 219
221 478
457 42
470 55
500 87
231 468
259 440
469 54
314 385
324 375
424 275
385 314
438 23
419 4
482 67
371 328
203 496
443 28
218 481
291 408
237 462
422 7
484 215
199 500
447 252
442 257
492 77
506 95
342 357
349 350
483 68
498 83
430 15
472 227
431 268
217 482
337 362
440 259
462 47
244 455
210 489
235 464
368 331
285 414
442 27
194 505
462 237
387 312
247 450
258 441
200 497
250 449
453 38
354 345
209 490
502 197
431 16
223 476
413 286
507 96
430 269
241 458
399 300
246 453
415 284
464 235
418 3
497 82
455 244
370 329
477 62
481 218
504 195
487 212
333 366
463 48
363 336
509 98
367 332
366 333
463 236
439 260
458 241
238 461
347 352
499 86
195 504
439 24
328 371
212 487
467 52
305 394
262 437
481 66
280 419
461 46
389 310
269 430
509 188
229 470
421 6
224 475
383 316
444 255
365 334
284 415
441 26
450 249
228 471
419 280
279 420
251 448
359 340
425 10
247 452
445 30
409 290
448 251
196 503
310 389
477 222
252 447
411 288
446 253
227 472
468 231
350 349
418 281
248 451
379 320
450 35
493 206
508 189
508 97
230 469
273 426
215 484
253 446
491 208
403 296
501 88
412 287
503 90
316 383
255 444
428 271
486 71
479 64
427 12
356 343
509 190
306 393
322 377
287 412
493 78
346 353
397 302
451 36
454 245
191 508
263 436
500 199
286 413
432 267
453 246
427 272
437 262
422 277
475 60
213 486
188 511
315 384
321 378
488 73
362 337
275 424
292 407
299 400
414 285
330 369
448 33
271 428
398 301
436 263
408 291
440 25
353 346
504 93
254 445
197 502
239 460
490 209
206 493
301 398
506 193
208 491
372 327
297 402
357 342
494 205
308 391
326 373
339 360
216 483
432 17
374 325
489 210
423 276
485 214
375 324
394 305
441 258
392 307
417 2
474 59
309 390
220 479
428 13
429 270
425 274
429 14
420 5
266 433
466 51
294 405
496 201
376 323
373 326
436 21
204 495
335 364
482 217
492 207
501 198
485 70
341 358
443 256
433 18
325 374
386 313
327 372
456 243
460 239
300 399
261 438
460 45
272 427
420 279
446 31
371 326
490 75
319 380
242 457
331 368
474 225
202 497
487 72
281 418
483 216
495 80
426 11
447 32
476 223
456 41
461 238
497 202
320 379
312 387
486 213
190 509
510 187
445 254
192 507
444 29
303 396
205 494
214 485
295 404
467 232
480 65
240 459
311 388
332 367
207 492
391 308
404 295
378 321
334 365
452 247
237 461
422 276
298 400
464 234
384 314
294 404
488 210
426 12
428 14
308 390
265 433
264 434
221 477
291 407
249 449
420 278
503 93
190 508
305 393
440 258
458 240
428 270
426 272
456 42
476 62
403 295
387 311
465 233
502 90
479 219
222 476
477 63
235 463
462 48
431 267
425 273
429 15
447 33
253 445
287 411
277 421
507 97
372 326
451 37
506 192
244 454
269 429
272 426
421 9
456 242
211 487
464 50
440 26
342 356
352 346
246 452
210 488
411 287
366 330
498 200
303 395
278 420
204 494
447 251
225 473
451 247
335 363
418 280
333 365
467 53
419 279
189 509
340 358
415 1
238 460
248 450
233 465
501 89
450 36
367 331
251 447
376 322
351 347
304 394
326 372
448 250
490 208
511 183
492 206
511 185
395 303
280 418
419 5
200 498
415 283
394 304
472 226
449 249
497 85
350 348
508 190
503 195
271 427
313 385
445 253
332 366
345 353
438 24
323 375
324 374
496 82
322 376
285 413
430 16
482 68
370 328
318 380
205 493
430 268
479 65
486 212
413 285
359 339
358 340
349 349
436 262
390 308
453 39
208 490
346 352
486 72
310 388
423 9
330 368
391 307
258 440
302 396
455 41
454 244
218 480
348 350
227 471
360 338
228 470
502 196
439 259
414 0
436 22
476 222
255 443
339 359
470 228
465 51
427 13
444 254
206 492
242 456
454 40
341 357
493 79
495 201
432 18
510 186
247 451
437 261
460 238
421 7
492 78
446 252
245 453
226 472
329 369
444 30
485 213
484 70
494 80
489 209
441 257
424 274
374 324
209 489
457 43
509 187
459 45
496 84
408 290
201 497
297 401
262 436
491 77
501 197
474 60
424 10
487 73
404 294
311 387
382 316
315 383
482 216
334 364
213 485
499 199
244 452
475 223
470 56
259 439
375 323
463 235
499 87
364 334
431 17
420 6
215 483
267 431
469 229
442 256
281 417
402 296
263 435
478 220
266 432
338 360
443 255
276 422
306 392
446 32
268 430
468 54
432 266
497 83
256 442
445 31
214 484
296 402
241 457
496 202
193 505
378 320
480 218
478 64
240 458
505 95
393 305
422 8
309 389
203 495
273 425
495 203
319 379
290 408
507 189
254 444
409 289
452 246
461 47
377 321
369 329
494 204
292 404
505 193
243 455
274 424
355 343
275 423
508 98
316 382
475 61
433 19
490 76
453 245
488 74
438 260
401 297
388 310
471 57
429 269
396 302
474 224
472 58
196 502
500 88
283 415
481 217
191 507
347 351
343 355
371 327
379 319
489 75
336 362
473 59
463 49
507 191
292 406
457 241
239 459
405 293
257 441
392 306
234 464
417 281
299 399
295 403
219 479
212 486
483 215
307 391
207 491
397 301
416 2
400 298
480 66
399 299
484 214
220 478
354 344
417 3
312 386
462 236
195 503
300 398
368 330
468 230
385 313
477 221
461 237
423 275
230 468
223 475
510 100
325 373
471 227
485 71
260 438
427 271
331 367
188 510
366 332
509 99
317 381
344 354
487 211
437 23
416 282
439 25
458 44
321 377
425 11
467 231
363 335
508 188
469 55
199 499
357 341
448 34
491 207
328 370
443 29
362 336
435 263
434 20
410 288
187 511
418 4
460 46
504 94
217 481
373 325
506 96
327 371
301 397
320 378
504 194
441 27
500 198
483 69
293 405
386 312
353 345
459 239
250 448
194 504
473 225
216 482
396 301
399 298
479 218
469 228
194 503
465 232
277 420
235 462
291 404
389 308
332 365
421 276
488 75
370 327
489 76
423 10
192 505
240 455
493 80
313 384
423 274
324 373
404 293
215 482
386 311
511 182
475 62
438 25
243 454
309 388
319 378
478 65
435 22
419 278
464 51
393 304
228 469
369 328
230 467
189 508
355 342
402 295
336 361
190 507
344 353
473 224
341 356
474 61
217 480
465 54
327 370
448 249
477 64
437 24
490 205
211 486
417 4
201 496
476 63
391 306
262 435
458 45
263 434
503 194
432 265
242 455
487 210
475 222
197 500
481 68
367 330
451 38
199 498
446 33
198 499
218 479
310 387
485 72
453 244
506 191
381 316
368 329
240 457
237 460
509 186
304 393
494 203
249 448
406 291
483 214
272 425
447 34
499 88
346 351
267 430
496 83
323 374
495 84
292 405
454 243
452 39
459 46
405 292
432 19
473 60
507 188
278 419
505 96
305 392
339 358
259 438
286 411
274 423
334 363
447 250
356 341
491 78
373 324
195 502
315 382
493 204
378 319
413 0
394 303
413 284
455 242
290 407
349 348
300 397
273 424
343 354
255 442
364 333
478 219
246 451
329 368
208 489
231 466
351 346
384 313
419 6
471 226
417 280
239 458
476 221
455 42
193 504
265 432
438 259
241 456
450 247
376 321
337 360
449 36
206 491
443 254
225 472
462 235
481 216
467 54
251 446
258 439
354 343
284 413
422 275
433 20
462 49
458 239
331 366
403 294
456 241
362 335
365 330
424 11
470 57
482 215
234 463
390 307
480 217
333 364
353 344
398 299
456 43
330 367
425 272
492 79
205 492
202 495
204 493
224 473
252 445
317 380
392 305
220 477
435 262
426 271
442 255
266 431
395 302
414 1
453 40
463 234
410 287
468 55
288 409
335 362
431 266
340 357
222 475
429 268
415 2
295 402
480 67
495 202
361 336
213 484
268 429
439 258
486 73
422 9
248 449
250 447
468 229
495 82
461 236
338 359
301 396
434 21
191 506
374 323
291 406
457 44
219 478
352 345
216 481
465 52
226 471
492 205
500 197
504 193
452 245
408 289
506 97
260 437
482 69
451 246
501 196
430 17
426 13
501 90
253 444
486 211
445 32
254 443
488 209
508 99
499 198
365 332
203 494
236 461
449 248
479 66
415 282
320 377
186 511
188 509
425 12
427 14
484 71
436 23
244 453
289 408
292 403
503 94
427 270
420 7
471 58
207 490
227 470
501 92
303 394
502 93
445 252
325 372
437 260
296 401
299 398
510 185
358 339
256 441
440 27
477 220
464 233
416 3
312 385
348 349
302 395
446 251
416 281
454 41
466 231
285 412
307 390
505 192
460 237
275 422
412 285
294 403
397 300
420 277
484 213
257 440
511 106
414 283
298 399
450 37
511 184
448 35
280 417
487 74
210 487
366 331
245 452
375 322
360 337
233 464
507 190
328 369
314 383
470 227
400 297
421 8
491 206
271 426
383 314
466 53
229 468
212 485
409 288
350 347
411 286
282 415
440 257
372 325
223 474
363 334
382 315
441 256
357 340
498 199
498 87
489 208
322 375
264 433
424 273
379 318
281 416
443 30
316 381
221 476
209 488
506 189
401 296
429 16
496 85
276 421
326 371
509 100
293 404
507 98
460 47
345 352
407 290
444 253
270 427
490 207
428 269
238 459
388 309
418 279
497 86
508 187
459 238
474 223
232 465
321 376
467 230
318 379
308 389
472 225
385 312
510 101
457 240
273 423
326 370
460 236
448 248
356 340
432 264
314 382
452 244
304 392
481 215
461 49
422 274
369 327
201 495
410 286
215 481
195 501
334 362
325 371
275 421
443 31
506 190
497 199
395 301
389 307
344 352
237 459
380 316
478 218
345 351
420 276
291 405
285 411
463 51
441 255
353 343
193 503
367 329
372 324
213 483
396 300
470 58
295 401
333 363
401 295
489 207
412 0
350 346
349 347
358 338
235 461
208 488
482 214
397 299
329 367
385 311
332 364
489 77
209 487
194 502
409 287
466 230
243 453
272 424
390 306
417 279
436 24
313 383
511 179
508 100
225 471
306 390
316 380
205 491
377 319
280 416
439 257
207 489
330 366
491 205
190 506
214 482
446 250
375 321
463 233
249 447
478 66
294 402
381 315
412 284
431 19
480 68
418 6
447 249
407 289
480 216
423 11
501 195
289 407
386 310
419 277
473 223
229 467
228 468
198 498
454 242
265 431
504 192
393 303
252 444
226 470
499 197
374 322
286 410
414 282
406 290
500 92
307 389
457 45
428 16
444 252
216 480
260 436
282 414
267 429
324 372
495 85
311 385
429 17
468 56
424 12
507 187
488 208
475 63
399 297
414 2
500 196
497 87
261 435
202 494
416 280
446 34
426 14
469 57
430 18
422 10
394 302
510 182
335 361
210 486
456 240
425 13
503 193
452 40
420 8
505 191
486 74
475 221
466 54
492 80
440 256
499 89
509 185
298 398
436 260
465 53
204 492
479 217
500 90
457 239
245 451
421 275
508 186
408 288
511 181
448 36
493 203
453 243
186 510
354 342
432 20
479 67
315 381
483 71
378 318
496 86
363 333
509 183
419 7
434 262
471 225
510 184
196 500
458 46
365 331
413 283
511 103
347 349
279 417
450 246
462 234
430 266
388 308
433 21
507 99
505 97
456 44
415 3
338 358
328 368
387 309
296 400
239 457
495 83
234 462
472 224
427 15
227 469
312 384
355 341
455 241
250 446
376 320
425 271
327 369
339 357
310 386
482 70
493 81
416 4
462 50
269 427
271 425
485 211
438 26
368 328
451 39
305 391
501 93
348 348
357 339
506 188
437 25
254 442
240 456
337 359
460 48
224 472
429 267
258 438
211 485
340 356
476 220
467 55
442 30
259 437
346 350
464 52
309 387
268 428
404 292
453 41
489 205
413 1
230 466
336 360
442 254
398 298
491 79
212 484
405 291
474 62
257 439
503 95
321 375
264 432
373 323
476 64
302 394
461 235
417 5
492 204
443 253
266 430
481 69
445 33
300 396
454 42
287 409
238 458
400 296
483 213
308 388
318 378
360 336
447 35
494 82
477 219
343 353
459 237
472 60
502 194
403 293
188 508
283 413
474 222
323 373
435 261
510 106
465 231
470 226
241 455
221 475
490 206
426 270
449 247
236 460
464 232
232 464
361 335
299 397
484 72
331 365
435 23
218 478
276 420
439 27
322 374
506 98
253 443
402 294
192 504
424 272
189 507
411 285
319 377
458 238
501 91
382 314
509 101
297 399
485 73
383 313
451 245
293 403
468 228
437 259
219 477
418 278
444 32
284 412
256 440
440 28
233 463
290 406
251 445
248 448
490 78
428 268
362 334
351 345
364 332
288 408
450 38
434 22
511 107
278 418
484 212
197 499
488 76
352 344
391 305
231 465
217 479
263 433
510 180
384 312
486 210
415 281
487 75
223 473
191 505
455 43
477 65
449 37
427 269
469 227
502 94
459 47
504 96
498 88
262 434
494 202
511 105
332 363
459 236
262 433
497 198
403 292
434 23
415 4
236 459
458 237
506 99
251 444
344 351
466 55
305 390
281 414
425 14
279 416
455 240
395 300
498 89
269 426
422 273
210 485
417 278
313 382
482 71
450 245
510 181
467 228
431 264
453 42
264 431
373 322
331 364
211 484
505 98
505 190
379 316
339 356
438 27
381 314
356 339
197 498
186 509
324 371
496 87
263 432
257 438
427 16
475 64
198 497
302 393
282 413
510 103
433 22
471 60
421 274
453 242
494 85
508 183
223 472
364 331
442 31
481 70
195 500
404 291
227 468
461 50
338 357
448 37
484 73
470 225
423 272
474 221
431 20
196 499
493 202
273 422
425 270
454 241
471 224
448 247
451 244
232 463
367 328
437 258
190 505
326 369
231 464
432 263
380 315
207 488
316 379
306 389
330 365
445 250
369 326
489 206
501 94
505 188
275 420
222 473
413 2
500 195
259 436
485 210
410 285
483 212
387 308
335 360
371 324
466 229
260 435
342 353
213 482
414 281
295 400
460 235
354 341
192 503
284 411
411 0
474 63
194 501
508 101
378 317
468 57
405 290
272 423
268 427
485 74
509 184
509 180
445 34
465 230
455 44
482 213
477 218
420 275
333 362
219 476
511 108
217 478
436 259
476 65
363 332
245 450
454 43
255 440
509 182
510 105
502 95
271 424
492 81
462 51
503 96
212 483
225 470
418 7
496 199
508 185
229 466
383 312
499 90
311 384
507 186
460 49
358 337
252 443
429 266
204 491
376 319
216 479
329 366
323 372
468 227
504 189
440 255
191 504
215 480
345 350
242 453
504 97
377 318
422 11
428 17
412 283
499 92
385 310
248 447
340 355
321 374
317 378
238 457
497 88
351 344
452 243
350 345
359 336
419 8
266 429
337 358
341 354
429 18
318 377
449 246
203 492
481 214
414 3
511 178
406 289
494 83
265 430
285 410
498 197
226 469
446 35
235 460
509 106
299 396
447 248
301 394
419 276
278 417
469 58
389 306
502 193
501 194
261 434
488 77
423 12
230 465
507 100
491 204
308 387
361 334
224 471
399 296
424 271
428 267
193 502
270 425
479 68
391 304
407 288
353 342
400 295
287 408
300 395
486 207
393 302
348 347
447 36
500 91
442 253
205 490
218 477
432 21
430 265
495 86
506 187
449 38
441 254
214 481
315 380
396 299
343 352
473 62
511 104
280 415
424 13
418 277
310 385
368 327
443 252
185 510
386 309
490 79
427 268
503 192
374 321
307 388
464 231
450 39
286 409
392 303
397 298
463 232
314 381
258 437
458 47
375 320
435 260
334 361
288 407
412 1
472 223
480 69
457 46
463 52
486 75
509 102
283 412
435 24
500 93
202 493
249 446
416 279
253 442
298 397
462 233
475 220
325 368
349 346
296 399
336 359
489 78
415 280
208 487
443 32
446 249
325 370
439 256
267 428
473 222
504 191
309 386
472 61
362 333
444 33
426 269
436 25
402 293
328 367
246 449
220 475
487 208
467 56
233 462
293 402
409 286
426 15
254 441
457 238
237 458
322 373
492 203
493 82
464 53
221 474
469 226
357 338
352 343
241 454
294 401
189 506
470 59
188 507
459 48
439 28
510 107
388 307
234 461
413 282
187 508
256 439
478 217
510 179
456 239
511 176
209 486
451 40
411 284
355 340
304 391
456 45
346 349
401 294
320 375
372 323
297 398
201 494
347 348
477 66
239 456
247 448
416 5
290 405
394 301
312 383
441 30
430 19
483 72
480 215
434 261
486 209
479 216
488 207
303 392
494 200
426 16
432 22
484 210
303 391
394 300
251 443
380 314
411 1
495 87
367 327
191 503
509 107
258 436
189 505
466 228
499 93
443 251
315 379
507 185
400 294
307 387
382 312
389 305
494 86
228 466
492 82
218 476
438 28
373 321
287 407
271 423
415 5
397 297
499 195
499 91
196 498
309 385
459 235
276 418
329 365
475 219
500 94
328 366
260 434
353 341
505 187
475 65
493 201
445 249
201 493
286 408
198 496
508 106
341 353
238 456
416 278
439 255
449 245
436 258
204 490
244 450
452 242
491 203
375 319
356 338
342 352
408 286
278 416
184 510
454 240
340 354
241 453
273 421
434 24
421 11
297 397
330 364
270 424
468 226
509 103
262 432
437 257
449 39
186 508
496 198
469 59
256 438
338 356
442 252
465 229
362 332
410 0
234 460
275 419
391 303
510 108
255 439
221 473
480 214
280 414
462 232
404 290
298 396
471 61
504 190
257 437
195 499
250 444
246 448
366 328
212 482
425 269
206 488
474 64
248 446
472 222
424 270
418 276
508 180
431 263
363 331
472 62
487 77
217 477
458 236
214 480
509 179
231 461
503 97
302 392
223 471
504 188
440 30
508 184
456 238
343 351
193 501
197 497
470 60
478 68
458 48
209 485
422 272
510 104
385 309
498 90
473 63
332 362
232 462
183 511
350 344
379 315
263 431
454 44
463 53
423 271
295 399
489 79
455 45
473 221
194 500
424 14
435 259
370 324
481 71
441 31
414 280
335 359
505 99
428 18
432 262
210 484
511 109
274 420
249 445
488 78
495 199
440 254
219 475
511 177
497 197
377 317
419 9
237 457
455 239
490 80
316 378
446 248
466 56
203 491
374 320
486 208
426 268
289 405
467 227
477 67
498 92
390 304
403 291
444 250
441 253
439 29
205 489
334 360
482 72
504 98
502 96
503 191
414 4
427 267
450 244
422 12
485 75
308 386
488 206
510 176
279 415
483 73
213 481
461 233
453 241
233 461
322 372
284 410
463 231
423 13
486 76
310 384
508 102
457 47
460 234
421 273
314 380
313 381
268 426
188 506
381 313
501 95
452 42
471 223
410 284
331 363
299 395
388 306
461 51
487 207
412 282
420 274
230 464
226 468
267 427
485 209
301 393
318 376
447 37
215 479
399 295
464 230
252 442
383 311
477 217
395 299
509 105
277 417
229 465
324 370
355 339
225 469
378 316
481 213
405 289
492 202
474 220
415 279
336 358
412 2
190 504
253 441
460 50
269 425
479 215
511 175
419 275
339 355
433 23
245 449
434 260
282 412
312 382
456 46
211 483
254 440
453 43
281 413
376 318
446 36
192 502
502 192
468 58
272 422
187 507
483 211
333 361
327 367
509 181
467 57
503 189
360 334
393 301
462 52
259 435
479 69
352 342
448 246
493 83
208 486
407 287
349 345
345 349
507 101
346 348
417 7
409 285
447 247
293 401
392 302
450 40
235 459
430 20
431 21
296 398
305 389
216 478
429 265
354 340
430 264
411 283
386 308
326 368
323 371
480 70
347 347
384 310
236 458
470 224
413 281
372 322
320 374
506 100
337 357
435 25
247 447
319 375
445 35
387 307
185 509
510 178
264 430
497 89
427 17
416 6
406 288
358 336
476 66
448 38
199 495
437 27
402 292
476 218
321 373
433 261
482 212
498 196
442 32
265 429
261 433
351 343
508 182
300 394
222 472
444 34
325 369
294 400
500 194
231 463
459 49
429 19
242 452
348 346
207 487
368 326
491 81
473 220
454 239
510 177
418 275
462 231
471 222
451 242
419 274
262 431
317 376
218 475
433 260
382 311
418 9
447 38
296 397
446 247
222 471
408 285
507 184
438 29
212 481
479 214
510 109
491 82
505 100
425 268
260 433
305 388
454 45
437 256
450 243
266 427
196 497
371 322
485 76
455 238
254 439
267 426
508 179
390 303
186 507
303 390
420 273
185 508
352 341
405 288
496 89
494 87
232 461
488 79
369 324
339 354
477 68
376 317
324 369
372 321
380 313
225 468
462 53
410 1
237 456
419 272
483 210
414 5
399 294
358 335
444 35
455 46
226 467
227 466
337 356
354 339
437 28
435 258
482 73
255 438
472 221
373 320
458 235
415 278
252 441
445 36
336 357
441 32
360 333
505 186
385 308
442 251
279 414
315 378
453 240
350 343
493 86
478 69
328 365
311 382
346 347
238 455
464 55
508 107
416 7
308 385
415 6
460 233
244 449
248 445
200 493
498 195
223 470
368 325
228 465
428 265
469 60
496 93
236 457
327 366
183 510
273 420
190 503
507 182
475 66
485 208
287 406
224 469
458 49
332 361
492 201
434 259
271 422
294 399
347 346
265 428
500 95
344 349
392 301
309 384
487 206
433 24
471 62
490 81
441 252
449 40
377 316
506 185
391 302
481 212
509 108
443 34
314 379
323 370
504 187
447 246
511 110
304 389
250 443
375 318
425 16
438 255
214 479
335 358
461 52
193 500
210 483
338 355
269 424
476 67
469 224
310 383
359 334
435 26
342 351
480 71
490 203
510 175
261 432
333 358
442 33
270 423
474 219
312 381
492 83
456 237
184 509
409 0
509 176
470 223
275 418
319 374
295 398
419 10
378 315
357 336
195 498
209 484
351 342
282 411
436 27
263 430
468 225
453 44
430 21
198 495
204 489
483 74
422 271
258 435
497 196
340 353
402 291
345 348
503 98
431 22
365 328
499 94
306 387
511 174
246 447
388 305
221 472
361 332
318 375
331 362
189 504
253 440
460 51
413 4
206 487
465 56
326 367
297 396
394 299
243 450
494 199
420 11
251 442
367 326
320 373
448 39
374 319
411 2
452 43
459 234
283 410
321 372
428 19
461 232
329 364
291 402
496 197
286 407
229 464
493 84
281 412
457 236
381 312
230 463
245 448
406 287
422 13
234 459
334 359
451 42
322 371
349 344
379 314
412 3
353 340
473 64
502 189
194 499
440 31
439 30
487 78
247 446
333 360
277 416
182 511
489 80
429 264
417 8
289 404
423 270
191 502
300 393
272 421
497 90
411 282
509 104
503 190
246 445
256 437
301 392
464 229
421 12
203 490
249 444
502 97
362 331
427 266
366 327
341 352
478 215
330 363
484 75
467 226
430 263
507 102
313 380
424 15
456 47
463 230
486 77
288 405
459 50
493 200
440 253
463 54
452 241
472 63
426 17
201 492
426 267
481 72
316 377
393 300
268 425
417 276
446 37
508 181
509 178
413 280
443 250
278 415
355 338
364 329
432 261
432 23
404 289
407 286
397 296
284 409
293 400
403 290
202 491
429 20
491 202
500 193
211 482
276 417
466 57
423 14
501 96
239 454
416 277
384 309
292 401
479 70
387 306
285 408
395 298
495 88
205 488
465 228
197 496
230 461
199 494
410 283
476 217
506 101
348 345
467 58
299 394
497 92
307 386
474 65
217 476
444 249
450 41
192 501
477 216
389 304
409 284
188 505
208 485
259 434
503 188
302 391
448 245
215 478
356 337
501 192
482 211
383 310
187 506
427 18
274 419
414 279
424 269
240 453
207 486
480 213
241 452
363 330
386 307
508 105
280 413
257 436
495 198
498 91
326 366
425 17
432 24
508 178
510 174
323 369
279 413
234 458
372 320
430 22
418 10
506 182
453 239
264 428
288 404
187 505
296 396
311 381
446 246
208 484
486 78
247 445
426 266
199 493
465 57
363 329
338 354
369 323
225 467
185 507
472 64
297 395
413 5
212 480
454 46
196 496
290 402
438 30
454 238
289 403
501 191
508 176
447 245
412 280
315 377
506 184
333 359
202 490
353 339
198 494
439 31
452 240
461 231
292 400
406 286
211 481
252 440
436 28
181 511
495 197
505 101
410 2
307 385
477 215
240 452
448 40
383 309
316 376
504 186
509 175
312 380
507 103
497 91
455 47
236 456
466 226
249 443
470 222
340 352
458 234
251 441
358 334
317 375
407 285
439 253
475 217
455 237
184 508
464 56
424 268
509 109
449 243
484 76
495 89
503 99
216 476
343 349
452 44
376 316
346 346
451 43
484 208
500 192
492 84
260 432
209 483
492 200
499 95
328 364
367 325
457 49
205 487
442 34
195 497
501 97
351 341
385 307
309 383
285 407
308 384
492 86
451 241
331 361
474 218
382 310
504 100
450 242
502 188
322 370
387 305
418 272
393 299
429 263
298 394
421 13
246 446
508 104
479 213
505 185
327 365
238 454
453 45
375 317
509 111
419 11
463 229
415 277
235 457
474 66
460 52
463 55
397 295
201 491
441 251
509 177
478 214
361 331
431 23
417 9
488 204
342 350
510 110
295 397
271 421
215 477
370 322
284 408
373 319
293 399
409 283
502 190
294 398
218 474
411 3
374 318
355 337
469 223
345 347
365 327
228 464
391 301
447 39
496 90
357 335
405 287
291 401
265 427
415 7
229 463
491 83
232 460
412 4
281 411
467 225
487 205
186 506
301 391
473 65
219 473
437 29
420 12
248 444
349 343
266 426
253 439
440 252
438 254
193 499
366 326
450 42
319 373
416 276
347 345
334 358
461 53
426 18
398 294
476 216
267 425
468 60
460 232
197 495
203 489
239 453
304 388
380 312
182 510
400 292
507 107
359 333
394 298
227 465
226 466
220 472
433 25
194 498
403 289
222 470
416 8
210 482
488 80
490 82
441 33
378 314
302 390
261 431
483 209
250 442
314 378
414 6
243 449
335 357
341 351
467 59
262 430
433 259
206 486
503 187
508 108
233 459
408 2
435 257
507 181
410 282
466 58
417 275
446 38
511 173
404 288
421 271
223 469
350 342
456 48
275 417
476 68
245 447
386 306
409 1
427 19
432 260
442 250
465 227
276 416
244 448
320 372
434 258
448 244
472 220
493 199
482 74
487 79
430 262
429 21
449 241
443 249
389 303
192 500
283 409
496 196
263 429
396 296
480 72
300 392
364 328
337 355
477 69
414 278
444 248
272 420
190 502
411 281
507 105
475 67
268 424
287 405
499 193
395 297
481 211
437 255
402 290
368 324
445 37
494 198
506 180
277 415
459 233
489 203
457 235
230 462
498 94
258 434
408 284
306 386
497 93
257 435
428 264
435 27
481 73
344 348
473 219
348 344
436 256
458 50
360 332
224 468
254 438
468 224
310 382
356 336
431 261
204 488
491 201
352 340
241 451
377 315
462 54
424 16
183 509
489 81
354 338
419 273
464 228
425 267
423 15
318 374
390 302
207 485
502 98
494 88
507 179
498 194
221 471
493 87
399 293
256 436
191 501
200 492
420 272
270 422
303 389
511 111
427 265
496 92
471 63
485 77
214 478
422 270
440 32
362 330
469 61
299 393
330 362
422 14
478 70
213 479
490 202
444 36
188 504
482 210
273 419
305 387
255 437
259 433
269 423
483 75
365 326
252 439
450 241
344 347
309 382
487 80
415 8
379 312
454 237
380 311
267 424
434 27
454 47
453 46
498 193
323 368
315 376
372 319
506 181
457 234
508 175
389 302
232 459
391 300
510 111
406 285
475 216
410 3
425 20
324 367
446 245
327 364
215 476
275 416
470 63
297 394
455 48
419 12
299 392
287 404
251 440
407 2
253 438
505 102
431 260
489 82
446 39
370 321
234 457
444 247
429 22
207 484
495 92
448 243
453 238
429 262
276 415
405 286
455 236
356 335
424 267
468 61
470 221
221 470
425 18
274 417
452 239
477 70
506 183
319 372
385 306
486 79
259 432
418 11
321 370
507 104
440 33
410 281
456 49
499 192
416 275
182 509
495 90
325 366
360 331
191 500
475 68
427 20
290 401
350 341
445 38
248 443
484 77
291 400
437 254
348 343
444 37
448 241
430 23
220 471
308 383
238 453
263 428
501 190
447 244
270 421
374 317
188 503
488 203
500 97
408 3
482 209
219 472
341 350
225 466
461 54
449 240
199 492
304 387
300 391
202 489
205 486
400 291
437 30
312 379
496 91
393 298
426 265
433 258
213 478
397 294
331 360
500 191
301 390
368 323
474 67
394 297
294 397
388 303
262 429
279 412
386 305
384 307
281 410
316 375
292 399
278 413
187 504
460 231
479 212
509 110
364 327
245 446
211 480
296 395
443 36
418 273
479 72
442 249
506 179
416 9
371 320
289 400
461 230
503 186
492 199
261 430
458 233
409 2
362 329
209 482
421 270
310 381
367 324
369 322
247 444
438 31
329 362
463 56
256 435
420 13
440 251
280 409
499 96
428 21
427 264
285 406
431 24
264 427
227 464
476 69
377 314
189 502
465 226
507 108
233 458
494 197
229 462
483 76
439 32
450 43
302 389
236 455
194 497
457 50
243 448
197 494
195 496
337 354
436 29
357 334
462 55
469 222
303 388
317 374
502 187
376 315
392 299
474 217
382 309
277 414
271 420
465 58
491 200
449 42
428 263
260 431
486 205
438 253
492 85
439 252
483 208
373 318
421 14
480 73
363 328
320 371
301 388
422 15
395 296
269 422
180 511
282 409
298 393
417 10
495 196
505 180
471 220
358 333
432 259
404 287
244 447
412 279
355 336
471 64
378 313
493 198
249 442
464 227
235 456
463 228
265 426
456 235
503 100
184 507
399 292
322 369
423 16
398 293
306 385
328 363
497 94
511 112
433 26
451 240
250 441
498 95
420 271
489 202
307 384
449 242
435 28
442 35
332 359
216 475
381 310
480 211
504 101
295 396
478 71
346 345
254 437
482 75
481 210
351 340
485 78
289 402
336 355
266 425
430 261
502 99
203 488
451 44
196 495
181 510
258 433
491 84
272 419
473 218
228 463
504 185
412 5
353 338
496 195
217 474
472 65
493 88
240 451
305 386
407 284
424 17
505 184
352 339
425 266
411 280
204 487
361 330
408 283
190 501
214 477
510 173
466 59
223 468
286 405
423 268
339 352
432 25
459 232
443 248
335 356
468 223
448 41
441 250
500 189
345 346
192 499
343 348
484 207
509 174
467 224
326 365
396 295
257 434
375 316
436 255
460 53
314 377
273 418
511 172
402 289
340 351
414 7
508 177
487 204
183 508
334 357
501 98
409 282
347 344
237 454
288 403
481 74
434 257
342 349
422 269
505 182
338 353
464 57
293 398
473 66
411 4
210 481
466 225
208 483
383 308
366 325
198 493
506 103
201 490
330 361
268 423
239 450
218 473
185 506
239 452
472 219
488 81
414 277
477 214
318 373
226 465
255 436
284 407
200 491
212 479
354 337
476 215
469 62
296 394
431 259
494 92
416 10
298 392
187 503
264 426
434 28
280 410
475 69
256 434
499 189
395 295
197 493
301 387
310 380
369 321
354 336
465 225
249 441
480 74
490 200
258 432
179 511
220 470
263 427
502 186
337 353
428 262
401 289
224 466
358 332
432 258
252 438
351 339
505 103
441 249
309 381
344 346
500 190
271 419
203 487
330 360
292 398
418 12
429 23
506 178
350 340
472 66
410 280
390 300
454 236
415 9
268 422
474 68
409 281
497 193
478 72
436 254
490 84
208 482
439 251
483 77
480 210
428 22
505 181
434 256
443 37
323 367
499 191
413 277
426 264
341 349
285 405
349 341
247 443
283 407
251 439
370 320
301 389
452 238
311 379
429 261
335 355
478 212
363 327
458 232
453 47
419 13
459 231
346 344
377 313
202 488
493 89
300 390
231 459
219 471
425 265
491 199
439 33
195 495
272 418
321 369
275 415
383 307
420 14
447 41
484 78
438 252
380 310
406 284
449 43
455 235
507 109
444 246
216 474
238 452
338 352
353 337
375 315
469 63
379 311
471 219
424 266
486 204
447 243
289 401
212 478
424 18
306 384
391 299
228 462
279 411
504 180
456 234
421 15
233 457
466 224
239 451
273 417
226 464
240 450
506 104
223 467
437 31
422 268
278 412
361 329
440 250
204 486
254 436
411 279
484 206
329 361
400 290
313 377
396 294
205 485
345 345
368 322
238 450
499 97
244 446
507 177
213 477
211 479
458 52
427 21
457 233
282 408
312 378
305 385
221 469
504 182
294 396
413 7
218 472
399 291
504 102
265 425
365 325
328 362
188 502
322 368
459 53
476 214
356 334
446 244
435 29
479 211
235 455
470 64
217 473
461 55
326 364
366 324
440 34
189 501
460 54
445 39
433 257
423 267
364 326
397 293
362 328
464 226
403 287
385 305
180 510
408 282
260 430
190 500
476 70
234 456
304 386
486 80
411 5
232 458
503 101
198 492
479 73
451 239
425 19
186 504
426 20
386 304
441 35
318 372
406 2
276 414
239 449
488 202
291 399
393 297
371 319
442 36
288 402
303 387
376 314
509 173
503 185
248 442
388 302
331 359
471 65
487 203
505 179
494 196
214 476
406 0
462 228
372 318
430 260
199 491
302 388
489 201
506 176
477 71
340 350
497 95
215 475
207 483
508 110
367 321
510 112
360 330
505 183
389 301
185 505
414 276
409 3
452 46
461 229
467 223
463 57
407 283
477 213
468 62
315 375
412 6
417 11
436 30
295 395
352 338
451 45
422 16
466 60
421 269
307 383
266 424
316 374
192 498
196 494
508 174
430 24
194 496
269 421
495 195
342 348
442 248
473 67
267 423
367 323
489 83
243 447
504 184
209 481
201 489
261 429
253 437
456 50
384 306
454 48
378 312
241 449
334 356
236 454
286 404
498 96
300 388
193 497
359 331
482 208
222 468
511 113
491 87
200 490
373 317
381 309
416 274
487 81
382 308
394 296
483 207
448 42
210 480
485 79
511 171
467 61
453 237
182 508
277 413
284 406
259 431
494 90
445 245
281 409
495 91
410 4
500 98
464 58
431 25
493 197
319 371
462 56
448 242
510 172
415 275
355 335
492 198
325 365
498 192
242 448
460 230
357 333
290 400
443 247
288 400
446 40
237 453
423 17
475 215
270 420
324 366
274 416
181 509
450 240
491 85
348 342
481 209
398 292
320 370
427 263
507 175
438 32
502 100
293 397
336 354
387 303
482 76
472 218
347 343
470 220
308 382
463 227
339 351
420 270
457 51
343 347
412 278
492 88
473 217
184 506
405 285
433 27
255 435
287 403
469 221
511 115
297 393
327 363
437 253
417 273
314 376
507 110
504 183
475 70
409 4
485 204
187 502
200 489
336 353
494 91
491 198
186 503
254 435
478 211
498 97
472 67
447 242
209 480
503 184
432 27
240 449
508 173
377 312
478 73
300 389
421 16
239 448
238 451
283 406
229 460
438 251
443 246
228 461
343 346
480 75
489 200
221 468
250 439
507 174
332 357
196 493
398 291
330 359
504 179
182 507
501 100
201 488
500 99
465 60
506 177
263 426
291 398
473 216
444 39
211 478
458 53
456 51
484 205
483 206
430 259
408 281
399 290
353 336
225 464
413 8
429 260
261 428
224 465
302 387
193 496
510 171
480 209
287 402
442 37
207 482
357 332
505 178
483 78
370 319
403 286
465 224
446 41
472 217
444 245
310 379
427 22
464 59
441 248
306 383
249 440
428 261
252 437
417 12
258 431
317 372
482 77
286 403
429 24
424 19
202 487
183 506
464 225
460 229
422 267
397 292
198 491
455 234
420 15
414 9
381 308
333 356
195 494
405 0
488 83
510 115
446 243
320 369
402 287
341 348
490 85
266 423
270 419
394 295
356 333
372 317
433 28
443 38
284 405
305 384
510 113
294 395
471 66
466 61
288 401
312 377
205 484
378 311
278 411
409 280
243 446
212 477
475 214
395 294
373 316
313 376
468 63
388 301
419 270
436 31
496 193
454 235
451 238
445 40
479 74
322 367
450 239
188 501
413 276
272 417
244 445
391 298
474 69
275 414
349 340
365 324
233 456
189 500
325 364
367 322
226 463
350 339
274 415
352 337
271 418
434 29
324 365
355 334
276 413
191 498
488 201
295 394
335 354
469 220
468 221
493 92
259 430
506 175
285 404
366 321
430 25
366 323
456 233
299 390
457 52
251 438
351 338
269 420
277 412
246 443
389 300
327 362
454 49
471 218
476 71
264 425
232 457
452 47
265 424
192 497
236 453
219 470
247 442
412 277
231 458
436 253
401 288
314 375
459 230
459 54
470 219
411 278
497 192
486 81
435 30
463 226
503 102
184 505
190 499
496 95
435 254
380 309
504 181
340 349
457 232
331 358
293 396
279 410
416 11
432 257
303 386
490 87
361 328
505 176
203 486
282 407
260 429
329 360
347 342
449 44
326 363
467 62
439 250
185 504
348 341
504 103
406 1
421 268
204 485
344 345
434 255
179 510
418 13
502 101
180 509
441 36
503 182
241 448
382 307
256 433
304 385
482 207
499 190
359 330
273 416
485 80
500 187
257 432
206 483
423 18
281 408
178 511
473 68
379 310
292 397
208 481
481 208
371 318
385 304
199 490
501 186
345 344
307 382
511 170
297 392
316 373
369 320
484 79
460 55
242 447
364 325
431 258
393 296
390 299
505 106
462 227
234 455
451 46
479 210
492 197
262 427
290 399
407 282
489 84
217 472
511 114
426 21
431 26
368 321
311 378
462 57
453 48
425 264
412 7
509 172
410 5
486 203
400 289
437 32
470 65
339 350
181 508
498 191
494 93
396 293
461 228
442 247
423 266
494 195
298 391
491 88
437 252
427 262
469 64
358 331
461 56
346 343
503 180
467 222
197 492
420 269
237 452
440 249
354 335
415 10
440 35
309 380
360 329
323 366
410 279
450 45
319 370
392 297
376 313
511 116
466 223
328 361
386 303
338 351
506 109
253 436
416 273
502 185
499 98
374 315
463 58
235 454
222 467
493 90
337 352
405 284
477 212
267 422
447 42
342 347
438 33
493 196
215 474
255 434
453 236
424 265
415 274
452 237
318 371
505 104
495 94
505 108
458 231
230 459
227 462
375 314
455 50
220 469
487 202
422 17
384 305
362 327
428 23
213 476
223 466
210 479
321 368
508 172
310 378
211 477
414 10
363 325
252 436
372 316
445 41
467 63
503 181
244 444
191 497
502 184
482 206
278 410
421 267
419 269
295 393
282 406
225 463
355 333
383 305
465 223
489 199
463 59
510 114
275 413
227 461
459 229
267 421
445 243
320 368
434 32
489 85
285 403
428 24
442 246
481 77
505 105
269 419
505 107
290 398
452 236
427 261
433 29
199 489
306 382
294 394
298 390
475 213
422 18
508 112
314 374
502 182
497 97
413 275
440 36
329 359
386 302
402 286
483 79
268 420
223 465
374 314
258 430
178 510
484 80
241 447
256 432
208 480
460 56
400 288
203 485
468 220
435 253
433 255
452 48
281 407
292 396
382 306
353 335
432 256
190 498
467 221
450 46
509 113
326 362
394 294
379 309
494 94
483 205
390 298
493 93
179 509
503 183
454 234
365 323
436 252
262 426
435 31
511 117
261 427
194 494
309 379
387 301
426 22
177 511
502 102
202 486
491 197
492 92
277 411
450 238
419 15
405 283
333 355
451 237
253 435
497 191
453 235
391 297
426 262
434 254
209 479
321 367
470 218
499 187
248 440
505 109
260 428
273 415
380 308
221 467
490 198
345 343
509 115
373 315
186 502
305 383
455 51
362 326
490 88
341 347
339 349
226 462
436 32
404 0
500 186
293 395
461 57
232 456
457 53
506 110
438 250
494 194
240 448
311 377
291 397
205 483
432 28
299 389
437 33
495 95
182 506
479 75
415 273
466 222
370 318
482 78
484 204
469 219
489 87
410 6
296 392
213 475
193 495
234 454
328 360
444 40
464 60
388 300
347 341
304 384
495 193
396 292
420 268
335 353
259 429
243 445
409 279
456 232
189 499
247 441
503 103
439 35
317 371
504 108
187 501
385 303
185 503
474 214
505 177
287 401
323 365
444 244
235 453
195 493
499 99
478 210
228 460
233 455
180 508
359 329
477 73
222 466
230 458
429 25
220 468
307 381
340 348
493 195
458 54
420 16
368 320
510 170
393 295
474 70
501 185
476 72
389 299
405 1
360 328
441 247
423 19
375 313
183 505
198 490
255 433
308 380
336 352
448 44
417 13
413 9
265 423
181 507
401 287
511 167
504 176
446 42
354 334
453 49
504 106
192 496
501 101
498 98
197 491
378 310
485 81
381 307
411 277
312 376
466 62
350 338
364 324
257 431
429 259
366 322
206 482
500 100
411 7
344 344
272 416
492 90
415 11
284 404
297 391
342 346
404 284
437 251
421 17
201 487
480 76
449 45
408 280
302 386
480 208
431 257
460 228
457 231
430 258
263 425
357 331
188 500
322 366
456 52
343 345
331 357
352 336
423 265
384 304
430 26
229 459
424 264
412 276
237 451
418 270
485 203
507 111
422 266
409 5
200 488
207 481
486 202
217 471
218 470
427 23
270 418
212 476
231 457
477 211
431 27
303 385
472 68
498 190
438 34
454 50
440 248
468 64
451 47
392 296
471 217
406 282
414 274
264 424
461 227
327 361
246 442
338 350
490 86
504 178
443 39
319 369
250 438
416 272
313 375
487 201
463 225
219 469
434 30
458 230
200 486
488 200
215 473
465 61
479 209
455 233
242 446
376 312
441 37
471 67
507 173
511 169
332 356
271 417
214 474
286 402
425 263
196 492
346 342
492 196
488 84
210 478
325 363
184 504
316 372
470 66
395 293
416 12
442 38
334 354
398 290
447 43
412 8
462 226
318 370
509 171
472 216
348 340
496 192
503 179
476 212
473 215
324 364
361 327
249 439
481 207
511 165
493 91
506 174
446 242
418 14
254 434
224 464
443 245
504 104
462 58
369 319
500 101
225 462
509 114
361 326
507 172
506 111
316 371
387 300
294 393
492 91
408 5
281 406
446 241
392 295
439 248
430 257
484 203
254 433
181 506
460 57
403 284
257 430
177 510
444 243
452 49
502 183
313 374
453 234
196 491
253 434
397 290
510 169
323 364
250 437
440 247
389 298
477 74
472 215
344 343
448 45
501 184
431 256
478 75
502 109
201 486
475 212
236 451
327 360
483 80
355 332
462 59
255 432
286 401
358 329
176 511
451 48
280 407
184 503
501 102
188 499
459 228
473 72
490 197
228 459
475 72
483 204
192 495
458 229
463 224
200 487
510 119
214 473
215 472
508 171
441 246
478 209
473 214
479 208
437 34
373 314
493 94
457 54
292 395
380 307
349 338
492 195
262 425
509 170
248 439
212 475
307 380
393 294
291 396
383 304
411 8
420 17
336 351
468 65
321 366
510 117
256 431
491 196
232 455
511 164
489 88
479 76
388 299
484 81
438 249
190 497
443 244
413 10
278 409
340 347
451 236
507 112
193 494
277 410
322 365
220 467
377 310
198 489
199 488
454 51
320 367
210 477
251 436
457 230
399 288
470 67
330 357
503 104
419 268
356 331
422 19
480 207
303 384
268 419
308 379
338 349
357 330
504 177
328 359
429 258
407 4
310 377
436 33
371 316
412 275
474 213
317 370
430 27
271 416
374 313
431 30
302 385
505 110
263 424
456 53
466 221
418 15
497 190
491 90
227 460
410 7
450 47
467 220
503 106
365 322
224 463
421 18
242 445
494 193
511 118
424 263
472 69
436 251
261 426
346 341
341 346
473 70
324 363
504 107
206 481
233 454
189 498
334 353
467 64
386 301
231 456
442 39
498 187
319 368
481 206
440 37
293 394
412 9
376 311
178 509
398 289
452 235
381 306
504 175
469 218
504 109
409 278
494 95
415 272
345 342
434 31
428 25
284 403
342 345
489 198
209 478
183 504
444 41
243 444
435 252
339 348
400 287
474 71
448 239
203 484
456 231
370 317
347 340
360 327
503 176
414 11
226 461
333 354
353 334
417 14
426 261
305 382
466 63
486 201
469 66
422 265
463 60
465 62
222 465
450 237
511 166
510 167
432 255
326 361
455 52
259 428
449 238
428 259
439 36
368 319
314 373
477 210
372 315
487 200
182 505
362 325
506 173
187 500
438 35
485 202
468 219
240 447
420 267
352 335
490 89
258 429
275 412
406 281
413 274
446 43
337 350
500 185
488 85
510 165
219 468
464 61
435 32
394 293
295 392
247 440
218 469
459 56
289 398
434 253
502 103
427 260
453 50
335 352
437 250
297 390
431 28
433 30
492 93
223 464
180 507
325 362
405 282
415 12
496 191
244 443
499 100
407 280
395 292
375 312
318 369
197 490
290 397
511 168
260 427
433 254
460 227
265 422
390 297
488 87
351 336
235 452
364 323
315 372
441 38
404 283
508 113
332 355
432 29
482 79
195 492
408 279
285 402
269 418
276 411
429 26
414 273
409 8
425 22
208 479
378 309
471 216
283 404
449 46
489 86
495 192
499 186
481 78
465 222
462 225
272 415
274 413
205 482
417 270
411 276
216 471
504 105
245 442
211 476
423 20
369 318
309 378
426 23
424 21
503 108
306 381
497 98
298 389
296 391
461 58
442 245
476 73
461 226
447 44
409 6
266 421
379 308
404 1
421 266
502 181
427 24
186 501
509 116
401 286
194 493
470 217
491 92
230 457
445 242
252 435
191 496
488 199
508 115
348 339
511 128
350 337
410 277
396 291
312 375
502 179
419 16
354 333
447 240
454 233
331 356
264 423
359 328
482 205
267 420
403 0
480 77
385 302
270 417
263 423
325 361
503 105
426 24
210 476
337 349
398 288
507 113
335 351
329 357
488 88
382 304
501 179
196 490
511 127
222 464
195 491
383 303
409 7
374 312
509 167
404 282
386 300
191 495
423 263
441 39
193 493
340 346
221 465
478 208
364 322
412 10
219 467
454 52
235 451
447 239
379 307
460 226
261 425
367 319
496 190
380 306
420 266
470 216
481 205
285 401
211 475
476 210
318 368
407 279
302 384
207 479
440 246
392 294
457 229
314 372
407 5
179 507
439 37
497 187
481 79
286 400
315 371
390 296
356 330
425 23
501 181
408 8
342 344
184 502
440 38
508 116
338 348
482 204
477 209
493 193
274 412
256 430
426 260
454 232
490 92
220 466
266 420
259 427
490 90
415 13
205 481
451 235
252 434
346 340
358 328
312 374
417 15
185 501
435 33
429 27
178 508
505 173
474 72
355 331
444 42
296 390
449 237
306 380
202 484
442 244
406 280
433 31
208 478
466 220
418 268
304 382
368 318
479 207
415 271
456 230
491 91
455 231
236 450
412 274
421 19
255 431
373 313
485 201
311 375
509 117
339 347
181 505
229 457
257 429
435 251
281 405
413 11
276 410
269 417
489 197
463 223
233 453
417 269
280 406
499 101
511 129
199 487
393 293
467 219
448 46
490 194
484 82
305 381
242 444
504 110
343 343
443 243
333 353
452 50
186 500
321 365
464 62
453 51
437 249
494 192
487 199
313 373
268 418
466 64
507 115
370 316
499 185
359 327
247 439
187 499
397 289
500 182
436 250
451 49
345 341
192 494
201 485
405 281
322 364
449 47
251 435
436 34
317 369
293 393
388 298
300 386
508 170
424 262
448 238
504 174
216 470
316 370
452 234
468 218
473 213
264 422
468 66
347 339
478 76
190 496
215 471
262 424
493 95
408 278
470 68
472 214
497 189
416 14
240 446
458 56
508 114
503 177
422 20
243 443
253 433
272 414
309 377
460 58
322 362
406 4
310 376
275 411
422 264
502 178
471 69
488 86
501 183
401 285
463 61
228 458
439 247
430 256
350 336
301 385
458 228
450 236
371 315
413 273
477 75
447 45
292 394
409 277
360 326
432 30
303 383
457 55
189 497
510 166
502 176
351 335
331 355
254 432
441 245
421 265
461 225
419 267
502 108
385 301
352 334
443 41
450 48
197 489
486 84
175 511
446 44
479 77
507 171
176 510
273 413
491 195
265 421
506 112
459 227
203 483
320 366
485 83
225 461
378 308
482 80
438 38
375 311
427 25
459 57
277 409
464 222
283 403
326 360
400 286
410 276
307 379
425 261
341 345
284 402
438 36
336 350
424 22
445 241
483 203
492 94
399 287
472 70
183 503
328 358
486 200
250 436
491 93
444 242
509 169
494 96
231 455
376 310
298 388
487 87
433 253
214 472
387 299
354 332
227 459
308 378
213 473
295 391
511 119
411 275
453 233
427 259
372 314
510 118
495 191
381 305
423 21
430 28
290 396
503 175
245 441
349 337
487 85
431 29
500 102
405 3
324 362
420 18
287 399
467 65
474 212
271 415
198 488
496 98
389 297
509 165
344 342
465 221
473 71
204 482
177 509
249 437
461 59
419 17
402 0
505 111
270 416
489 89
248 438
226 460
297 389
428 258
395 291
475 211
502 104
428 26
408 6
506 172
403 283
418 16
414 12
465 63
319 367
291 395
377 309
432 254
217 469
511 163
384 302
267 419
462 224
332 354
246 440
469 67
446 240
282 404
510 168
299 387
497 99
462 60
180 506
429 257
503 107
224 462
476 74
232 454
212 474
289 397
404 2
348 338
411 9
498 188
510 164
294 392
209 477
503 109
391 295
369 317
394 292
456 54
480 78
361 325
241 445
431 255
362 324
323 363
445 43
501 103
442 40
357 329
283 402
337 348
436 35
342 343
477 208
444 43
406 5
205 480
469 216
258 427
481 204
386 299
489 196
239 446
480 205
510 163
388 297
407 6
344 341
482 81
191 494
385 300
174 511
405 4
268 417
424 23
508 117
474 211
328 357
358 327
284 401
204 481
399 286
228 457
267 418
422 263
383 302
261 424
430 29
460 59
437 36
457 228
231 454
203 482
483 202
287 398
412 273
468 67
452 233
499 102
507 170
475 74
183 502
416 15
236 449
348 337
461 60
216 469
273 412
230 455
439 38
456 229
412 11
296 389
180 505
393 292
428 27
259 426
220 465
338 347
252 433
418 17
421 20
463 222
372 313
470 69
262 423
490 93
433 252
350 335
215 470
368 317
317 368
175 510
488 197
405 280
329 356
359 326
224 461
484 201
270 415
476 209
299 386
292 393
289 396
392 293
438 37
487 86
190 495
307 378
504 173
458 57
196 489
406 279
272 413
312 373
349 336
335 350
446 239
355 330
326 359
511 162
440 39
496 189
353 332
451 234
361 324
461 224
447 46
253 432
410 9
460 225
442 243
465 64
306 379
410 275
281 404
446 45
460 63
485 84
475 210
443 242
182 503
492 95
331 354
381 304
364 321
494 191
382 303
217 468
474 73
286 399
298 387
486 199
431 254
445 240
330 355
247 438
213 472
471 214
464 221
374 311
468 217
497 188
207 478
467 218
502 177
248 437
341 344
509 166
426 259
278 407
413 272
432 31
408 277
185 500
428 257
484 83
245 440
226 459
347 338
486 87
309 376
462 223
343 342
263 422
404 281
208 477
336 349
427 26
451 50
450 49
429 28
340 345
390 295
318 367
413 12
404 3
202 483
438 247
188 497
187 498
250 435
499 182
496 99
506 115
409 276
448 237
176 509
246 439
225 460
448 47
222 463
463 62
395 290
489 90
241 444
472 213
481 80
302 383
430 255
502 107
495 98
179 506
487 198
508 165
417 268
478 207
391 294
420 19
425 24
458 227
498 185
221 464
401 0
454 53
301 384
209 476
407 278
189 496
475 208
314 371
322 363
479 78
497 100
462 61
264 421
422 21
419 18
501 104
449 236
437 248
211 474
415 270
501 180
293 392
233 452
397 288
490 91
415 14
178 507
459 58
181 504
315 370
414 13
257 428
219 466
499 184
295 390
507 114
256 429
367 318
260 425
401 284
249 436
504 111
477 76
384 301
466 219
502 105
490 195
235 450
496 187
457 56
500 181
498 101
491 194
424 261
323 362
459 226
473 212
500 103
420 265
417 16
311 374
488 89
305 380
234 451
402 1
495 190
487 88
455 54
449 48
277 408
280 405
489 92
308 377
454 231
195 490
503 174
509 168
398 287
439 246
229 456
482 203
445 44
443 42
509 128
421 264
435 34
201 484
380 305
444 241
505 172
461 62
389 296
266 419
198 487
486 85
297 388
501 178
378 307
373 312
294 391
466 65
508 167
464 63
379 306
403 2
310 375
357 328
505 112
483 82
506 171
377 308
450 235
467 66
511 130
507 116
369 316
465 220
500 183
425 260
509 118
497 186
394 291
440 245
510 127
269 416
327 358
472 71
485 200
427 258
324 361
288 397
251 434
303 382
423 262
194 491
423 22
455 230
320 365
291 394
345 340
197 488
479 206
500 179
214 471
510 129
282 403
325 360
456 55
502 175
240 445
418 267
408 7
503 110
255 430
441 40
396 289
218 467
435 250
300 385
371 314
186 499
493 96
184 501
376 309
333 352
275 410
206 479
400 285
362 323
227 458
511 120
354 331
276 409
351 334
193 492
492 193
177 508
375 310
360 325
511 126
426 25
402 283
452 51
352 333
429 256
453 232
279 406
243 442
416 269
223 462
321 364
442 41
332 353
453 52
441 244
508 169
370 315
304 381
316 369
419 266
356 329
403 282
265 420
290 395
295 389
429 29
208 476
460 224
463 63
500 178
289 395
291 393
296 388
486 88
256 428
458 58
230 454
400 284
181 503
503 111
363 321
439 245
487 89
258 426
210 474
301 383
207 477
357 327
492 96
501 107
450 234
270 414
399 285
459 59
419 265
508 168
262 422
206 478
508 166
445 239
498 102
375 307
189 495
439 39
288 396
495 99
500 104
395 289
349 335
387 297
173 511
464 220
302 382
488 92
267 417
337 347
209 475
212 472
424 24
285 399
431 253
508 164
182 500
440 40
409 275
490 94
342 342
408 276
448 236
264 420
403 3
478 78
465 65
329 355
204 480
419 19
467 67
255 429
375 309
360 324
234 450
294 390
197 487
367 317
180 504
491 95
300 384
220 464
235 449
193 491
502 174
509 127
201 483
384 300
312 372
260 424
432 32
319 365
231 453
426 258
503 173
350 334
481 203
276 408
368 316
453 53
370 314
489 91
466 218
219 465
422 262
442 242
421 263
254 430
400 0
318 366
249 435
266 418
477 207
411 273
417 267
455 229
338 346
436 36
175 509
412 272
475 209
402 282
506 114
504 112
243 441
380 304
191 493
489 195
365 319
354 330
200 484
410 274
443 43
441 243
376 308
511 131
287 397
183 501
306 378
495 189
281 403
440 244
227 457
507 117
347 337
229 455
446 46
495 187
213 471
475 75
476 76
233 451
445 45
184 500
315 369
307 377
407 7
506 116
241 443
414 14
336 348
389 295
434 34
464 64
216 468
361 323
496 186
486 198
253 431
261 423
425 25
415 15
496 188
511 157
407 277
474 210
499 183
414 270
485 199
186 498
341 343
450 50
417 17
455 55
394 290
426 26
449 49
498 184
391 293
251 433
275 409
268 416
416 268
467 217
398 286
292 392
324 360
339 345
316 368
309 375
476 208
486 86
499 181
185 499
232 452
427 257
401 1
447 47
416 16
406 278
449 235
428 256
437 37
438 246
494 98
468 216
369 315
238 446
382 302
446 238
278 406
364 320
488 196
479 79
420 20
484 84
505 113
479 205
203 481
194 490
205 479
492 192
359 325
401 283
444 240
247 437
323 361
371 313
432 252
174 510
211 473
509 163
427 27
374 310
456 56
228 456
282 402
508 128
441 41
481 81
468 68
199 485
327 357
274 410
245 439
362 322
413 13
217 467
246 438
477 77
509 129
404 280
510 130
430 254
310 374
428 28
345 339
510 162
425 259
447 237
265 419
462 222
496 100
453 231
448 48
506 170
501 177
240 444
348 336
390 294
478 206
423 23
424 260
405 5
482 202
501 105
474 74
317 367
176 508
499 179
340 344
457 57
225 459
314 370
473 211
511 121
308 376
420 264
280 404
372 312
485 85
501 175
442 42
297 387
224 460
182 502
330 354
403 281
480 80
461 63
221 463
436 248
239 445
373 311
326 358
271 413
483 83
402 2
434 250
172 510
466 66
218 466
386 298
299 385
259 425
222 462
461 61
462 62
321 363
404 4
460 60
498 182
396 288
422 22
305 379
507 169
508 118
456 228
437 247
179 505
444 44
470 70
226 458
435 249
355 329
458 226
483 201
333 351
223 461
452 232
482 82
392 292
497 101
383 301
277 407
325 359
507 167
500 180
177 507
460 62
471 71
451 233
499 103
461 223
190 494
454 230
429 255
328 356
494 190
493 191
346 338
418 18
335 349
252 432
497 185
242 442
284 400
415 269
388 296
303 381
379 305
470 214
344 340
187 497
484 200
188 496
485 87
511 125
489 93
178 506
480 204
451 51
433 251
421 21
491 193
377 307
244 440
493 97
412 12
215 469
273 411
279 405
257 427
418 266
488 90
406 6
192 492
263 421
469 215
469 69
511 161
366 318
504 172
293 391
378 306
195 489
410 10
320 364
304 380
405 279
510 126
385 299
290 394
472 212
332 352
413 271
352 332
446 237
401 2
400 1
308 375
409 274
509 126
491 192
467 216
482 201
361 322
423 24
324 359
403 280
427 256
203 480
282 401
456 57
507 166
499 104
495 188
485 198
494 187
511 152
414 269
312 371
375 308
316 367
291 392
175 508
485 86
421 22
297 386
222 461
207 476
309 374
218 465
228 455
283 400
443 240
415 16
509 162
264 419
231 452
511 156
265 418
449 50
495 186
417 266
400 283
510 161
270 413
410 11
368 315
466 217
480 81
445 46
484 199
438 245
436 247
411 272
455 56
477 78
487 196
434 35
205 478
402 3
399 284
267 416
187 496
503 112
470 71
465 66
392 291
419 264
363 320
183 500
318 365
481 202
464 219
436 37
352 331
350 333
511 154
421 262
482 83
497 182
504 171
508 119
499 180
449 234
413 270
358 325
266 417
437 246
462 221
255 428
509 130
374 309
226 457
503 172
234 449
334 349
420 21
501 174
216 467
477 206
500 177
387 296
405 278
498 181
300 383
238 445
483 198
317 366
504 113
497 184
440 243
198 485
394 289
275 408
458 59
424 25
371 312
463 64
492 191
468 215
410 273
476 207
211 472
419 20
485 88
511 132
354 329
431 32
447 48
407 276
246 437
399 0
351 332
227 456
412 271
347 336
511 122
379 304
465 218
190 493
273 410
435 248
212 471
362 321
479 80
262 421
333 350
511 144
259 424
369 314
495 100
210 473
494 99
462 63
257 426
460 61
208 475
342 341
412 13
439 40
355 328
403 4
269 414
499 178
315 368
487 92
247 436
388 295
278 405
457 226
493 98
220 463
510 131
481 82
219 464
411 12
510 125
359 324
177 506
382 301
510 157
277 406
174 509
505 170
507 128
206 477
444 45
471 212
468 71
331 352
327 356
508 129
408 275
468 69
223 460
486 197
418 265
473 74
461 222
474 209
439 244
245 438
319 364
508 163
459 60
463 220
435 36
496 101
418 19
367 316
505 114
292 391
456 227
383 300
433 250
376 307
173 510
492 97
199 484
510 121
417 18
431 252
195 488
256 427
401 282
202 481
500 107
490 95
240 443
254 429
339 344
329 354
434 249
372 311
459 62
172 511
332 351
502 111
428 255
426 257
396 287
451 52
213 470
472 73
191 492
221 462
454 229
310 373
447 236
373 310
357 326
440 41
454 55
426 27
409 10
428 29
500 105
469 214
295 388
507 118
194 489
181 502
489 94
422 23
425 26
498 103
430 31
487 90
427 28
432 251
474 75
446 47
381 302
193 490
386 297
178 505
506 167
488 195
501 106
453 230
391 292
422 261
432 33
494 189
486 89
506 169
397 286
466 67
349 334
301 382
288 395
405 6
430 253
469 70
188 495
185 498
179 504
189 494
366 317
414 15
230 453
261 422
445 238
450 233
424 259
389 294
395 288
496 185
320 363
497 102
450 51
294 389
272 411
451 232
251 432
398 285
511 124
311 372
293 390
443 44
498 183
406 7
511 158
501 110
180 503
471 72
384 299
441 242
250 433
402 281
353 330
344 339
314 369
285 398
470 213
429 254
253 430
455 228
274 409
483 84
464 65
280 403
284 399
505 116
248 435
286 397
442 241
186 497
478 79
441 42
214 469
244 439
263 420
233 450
289 394
296 387
304 379
390 293
425 258
341 342
298 385
232 451
279 404
416 267
365 318
413 14
217 466
224 459
345 338
378 305
182 501
239 444
507 168
271 412
484 87
348 335
225 458
323 360
393 290
192 491
330 353
473 210
337 346
511 160
197 486
303 380
360 323
328 355
380 303
200 483
457 58
276 407
459 224
467 68
423 260
377 306
415 268
326 357
480 203
452 53
502 173
343 340
488 93
483 200
307 376
340 343
290 393
356 327
176 507
229 454
184 499
241 442
452 231
385 298
475 76
196 487
237 446
260 423
268 415
204 479
335 348
306 377
287 396
201 482
458 225
252 431
479 204
209 474
281 402
249 434
448 49
243 440
313 370
491 96
488 91
509 120
507 164
364 319
404 279
416 17
508 127
346 337
480 82
321 361
253 429
417 265
439 41
497 103
308 374
232 450
438 244
484 86
399 283
511 145
270 412
508 120
434 36
171 511
486 196
505 167
452 230
452 54
299 383
314 368
251 431
508 162
364 318
407 275
259 423
196 486
412 270
303 379
474 76
499 177
320 362
311 371
493 187
201 481
472 210
496 102
500 108
440 42
348 334
472 74
441 241
391 291
425 27
225 457
189 493
509 121
336 346
499 105
431 33
340 342
243 439
175 507
508 126
509 125
382 300
339 343
328 354
491 97
176 506
221 461
477 205
500 106
200 482
468 214
510 134
276 406
435 37
367 315
267 415
322 360
511 151
429 31
356 326
354 328
337 345
179 503
383 299
448 234
510 122
237 445
413 269
242 440
503 113
455 227
332 350
466 68
506 164
205 477
488 94
419 263
319 363
264 418
223 459
400 282
498 104
471 73
507 119
427 29
234 448
324 358
494 102
309 373
362 320
502 172
191 491
202 480
502 112
511 155
454 228
263 419
410 272
246 436
403 5
511 137
198 484
424 258
402 280
190 492
350 332
510 158
277 405
463 65
396 286
300 382
415 267
380 302
432 34
466 216
406 8
470 72
510 156
241 441
432 250
254 428
194 488
476 78
211 471
217 465
462 220
359 323
464 218
449 51
487 91
228 454
184 498
481 201
402 4
511 133
444 236
492 98
511 159
442 240
428 30
483 199
342 340
479 81
411 13
352 330
374 308
177 505
218 464
506 168
489 95
504 114
439 243
345 337
455 57
214 468
414 16
387 295
430 32
265 417
409 273
404 278
281 401
385 297
401 3
193 489
506 118
411 271
398 284
412 14
220 462
279 403
426 256
376 306
275 407
421 23
436 38
262 420
418 264
210 472
187 495
454 56
302 380
236 446
419 21
416 18
481 83
307 375
463 219
399 1
285 397
456 226
208 474
509 161
327 355
469 71
508 130
252 430
478 204
501 111
478 80
423 25
485 197
363 319
490 192
239 443
492 190
401 281
441 43
231 451
510 154
488 194
273 409
493 99
431 251
353 329
450 52
440 242
240 442
507 127
195 487
490 96
494 188
482 84
496 182
288 394
406 276
323 359
498 180
484 198
510 124
467 215
424 26
258 424
222 460
215 467
203 479
467 69
330 352
416 266
284 398
484 88
341 341
461 221
386 296
291 391
181 501
430 252
349 333
397 285
437 245
444 46
447 49
445 237
458 224
185 497
410 12
507 129
486 90
247 435
357 325
178 504
333 349
206 476
368 314
186 496
473 75
473 209
315 367
335 347
306 376
369 313
313 369
366 316
388 294
433 35
482 200
312 370
360 322
282 400
453 229
504 116
301 381
289 393
377 305
443 45
427 255
489 193
343 339
188 494
347 335
501 173
487 93
316 366
371 311
212 470
216 466
471 211
261 421
229 453
456 58
423 259
293 389
462 64
433 249
504 170
448 50
509 157
394 288
260 422
487 195
398 0
292 390
183 499
511 153
450 232
256 426
287 395
248 434
250 432
297 385
458 62
295 387
497 183
413 15
483 87
317 365
496 184
420 262
506 166
392 290
436 246
506 128
470 212
505 169
290 392
511 135
390 292
451 231
209 473
505 117
435 247
355 327
511 123
475 77
449 233
485 89
278 404
500 110
438 40
468 70
408 274
428 254
493 189
173 509
480 202
224 458
245 437
425 257
409 11
415 17
405 7
384 298
510 152
451 53
325 357
244 438
199 483
257 425
283 399
479 203
507 163
266 416
274 408
272 410
174 508
495 185
444 238
417 19
465 67
494 186
326 356
373 309
458 60
213 469
421 261
204 478
269 413
296 386
446 48
405 277
197 485
446 236
510 160
280 402
465 217
495 101
437 39
420 22
509 131
488 192
318 364
457 225
418 20
483 85
422 260
255 427
499 107
378 304
379 303
331 351
414 268
497 181
469 213
457 59
334 348
230 452
443 239
226 456
268 414
476 206
511 143
434 248
338 344
460 222
344 338
305 377
192 490
459 61
494 100
219 463
510 159
406 275
222 459
400 281
422 259
429 252
483 86
404 7
321 360
415 266
destination
