map
random512-10-3.map
pivot
65 143
agent & start
511 93
271 435
226 480
374 332
201 505
389 317
287 419
218 488
426 4
421 285
477 229
425 5
428 278
510 92
486 220
245 461
432 10
268 438
330 376
198 508
286 420
369 337
396 310
499 77
279 427
437 15
270 436
429 7
422 284
239 467
493 71
338 368
504 84
348 358
315 391
357 349
504 82
417 289
345 361
378 328
364 342
258 448
505 201
463 41
436 270
381 325
474 232
328 378
314 392
222 484
344 362
474 52
456 34
251 455
355 351
318 388
382 324
255 451
490 68
410 296
473 233
307 399
390 316
477 55
499 207
433 11
458 36
446 260
276 430
508 198
473 51
280 426
428 6
376 330
482 224
406 300
332 374
349 357
228 478
432 274
260 446
443 263
370 336
236 470
495 211
204 502
496 74
465 43
306 400
444 262
324 382
451 29
464 42
437 269
501 79
505 83
379 327
455 33
475 231
302 404
501 205
426 280
290 416
340 366
490 216
413 293
511 193
244 462
296 410
502 204
492 214
352 354
230 476
250 456
493 213
506 86
219 487
266 440
509 89
311 395
508 88
488 66
431 9
339 367
483 223
283 423
433 273
375 331
261 445
467 239
241 465
449 27
282 424
325 381
377 329
224 482
476 230
284 422
414 292
468 238
404 302
305 401
448 26
409 297
485 221
200 506
342 364
300 406
439 267
265 439
494 72
503 81
309 397
231 475
384 322
509 197
405 301
202 504
488 218
365 341
502 80
478 228
506 200
510 196
320 386
403 303
480 226
199 507
427 279
505 85
434 272
482 60
207 499
471 49
498 208
347 359
383 323
205 501
462 40
285 421
317 389
438 16
359 347
227 479
387 319
424 282
281 425
478 56
373 333
423 1
333 373
461 245
469 47
246 460
420 286
335 371
476 54
326 380
217 489
363 343
447 259
292 414
427 5
234 472
322 384
399 307
416 290
507 199
470 48
319 387
232 474
423 283
472 234
415 291
430 276
327 379
288 418
430 8
397 309
252 454
462 244
509 91
463 243
225 481
393 313
491 215
210 496
351 355
247 459
297 409
446 24
407 299
445 23
459 247
436 14
349 355
468 46
264 442
358 348
253 453
496 210
350 356
395 311
450 28
452 30
479 57
366 340
388 318
238 468
195 511
497 209
233 473
212 494
401 305
237 469
425 3
354 352
248 458
400 306
447 25
497 75
424 2
398 308
346 360
256 450
449 257
362 344
492 70
275 431
510 90
221 485
494 212
293 413
356 350
489 67
467 45
487 219
329 377
466 44
435 271
442 264
498 76
445 261
259 447
267 439
299 407
298 408
444 22
394 312
455 251
197 509
215 491
294 412
313 393
206 500
438 268
418 288
431 275
429 277
208 498
316 390
454 32
457 35
450 256
361 345
491 69
341 365
334 372
295 411
435 13
453 253
235 471
456 250
434 12
507 87
367 339
368 338
254 452
481 225
460 246
312 394
454 252
443 21
214 492
412 294
466 240
240 466
196 510
411 295
203 503
269 437
265 441
372 334
304 402
408 298
471 235
483 61
310 396
495 73
481 59
323 383
504 202
475 53
469 237
440 18
460 38
461 39
262 444
249 457
216 490
273 433
353 353
480 58
308 398
278 428
489 217
485 63
484 62
486 64
422 0
465 241
457 249
451 255
303 403
470 236
412 293
216 489
423 2
331 374
280 425
229 476
217 488
424 3
272 433
354 351
430 9
419 286
477 56
195 510
507 88
263 442
474 53
452 253
307 398
404 301
493 72
497 208
437 16
479 226
403 302
475 230
335 370
480 225
303 402
365 340
269 436
332 373
318 387
312 393
401 304
459 38
257 448
425 280
489 216
277 428
199 506
431 274
366 339
371 334
436 269
402 303
427 278
348 357
220 485
361 344
453 32
388 317
400 305
201 504
234 471
458 37
477 228
450 255
344 361
298 407
508 89
481 224
439 18
509 196
389 316
407 298
296 409
510 195
255 450
498 77
421 0
339 366
246 459
387 318
239 466
356 349
330 375
414 291
231 474
440 19
453 252
457 36
328 377
360 345
245 460
461 244
455 34
493 212
380 325
487 218
297 408
511 94
484 221
443 262
446 259
511 194
258 447
337 368
445 24
369 336
284 421
262 443
250 455
313 392
438 267
415 290
466 239
483 222
350 355
385 320
461 40
416 289
428 7
240 465
505 200
447 26
290 415
433 272
273 432
463 42
503 84
226 479
443 22
211 494
382 323
456 35
228 477
489 68
259 446
395 310
469 234
357 348
458 247
227 478
294 411
457 248
333 372
504 201
503 202
449 28
491 70
214 491
410 295
237 468
482 61
292 413
373 332
421 284
320 385
206 499
210 495
460 39
423 282
509 92
508 197
495 74
279 426
505 86
340 365
224 481
417 288
425 4
194 511
471 234
278 427
291 414
232 473
325 380
502 203
451 30
506 199
508 91
462 243
260 445
203 502
496 209
324 381
393 312
464 241
265 438
470 235
311 394
473 232
405 300
509 90
429 8
197 508
267 438
502 81
376 329
433 12
381 324
275 430
305 400
469 48
488 217
372 333
468 237
465 44
224 479
295 410
448 27
467 46
500 79
316 389
221 484
281 424
455 250
378 327
435 14
270 435
439 266
266 439
431 10
494 73
426 279
399 306
205 500
375 330
347 358
268 437
467 238
449 256
247 458
329 376
484 63
265 440
507 198
478 227
454 251
287 418
473 52
299 406
476 55
370 335
334 371
435 270
285 420
377 328
355 350
208 497
470 49
196 509
411 294
492 71
353 352
308 397
429 276
322 383
498 207
368 337
442 263
434 13
499 206
241 464
293 412
198 507
396 309
230 475
432 273
364 341
352 353
218 487
462 41
475 54
233 472
349 356
497 76
252 453
207 498
452 31
506 87
463 242
438 17
428 277
274 431
464 43
420 285
319 386
289 416
359 346
442 21
323 382
494 211
346 359
235 470
341 364
465 240
256 449
425 278
200 505
397 308
379 326
384 321
432 11
471 50
225 480
501 80
426 5
480 59
374 331
445 260
315 390
504 85
499 78
309 396
450 29
321 384
478 57
454 33
349 354
276 429
483 62
474 231
482 223
363 342
510 193
409 296
501 204
427 6
301 404
472 51
283 422
503 82
351 354
271 434
338 367
286 419
444 23
510 93
248 457
327 378
468 47
345 360
392 313
223 482
504 83
219 486
215 490
456 249
491 214
488 67
408 297
472 233
413 292
314 391
485 64
243 462
304 401
490 69
253 452
448 257
418 287
386 319
476 229
300 405
367 338
436 15
398 307
422 283
288 417
486 219
460 245
496 75
424 281
482 62
254 450
485 219
476 56
231 473
232 472
328 376
510 94
433 13
481 223
238 466
317 387
291 413
491 213
431 11
245 459
509 195
377 327
282 422
262 442
293 411
206 498
221 483
289 415
283 421
399 305
485 65
345 359
447 27
269 433
448 28
433 271
452 252
436 16
502 202
329 375
215 489
363 341
385 319
242 462
217 487
337 367
358 346
469 235
338 366
297 407
493 73
414 290
418 286
449 255
488 216
475 229
486 66
446 258
473 53
370 334
314 390
210 494
384 320
257 447
372 332
325 379
393 311
493 211
492 212
430 10
267 437
509 93
484 220
440 20
499 79
508 92
423 3
302 402
438 266
395 309
457 247
389 315
466 238
506 198
392 312
309 395
304 400
484 64
458 38
464 44
496 76
507 91
322 382
422 2
422 282
298 406
303 401
469 233
501 203
315 389
435 15
295 409
453 33
375 329
207 497
318 386
233 471
421 283
427 7
438 18
290 414
211 493
483 63
352 352
226 478
346 358
274 430
194 510
355 349
464 240
470 234
468 48
243 461
428 276
441 21
410 294
444 24
479 59
246 458
394 310
423 281
425 279
371 333
256 448
507 197
426 278
427 277
478 226
288 416
443 261
281 423
476 228
405 299
391 313
416 288
401 303
237 467
496 208
333 371
495 75
422 4
459 39
241 463
195 509
467 47
494 210
400 304
499 205
486 218
480 224
224 480
235 469
360 344
361 343
506 88
380 324
503 83
508 196
348 356
261 443
447 257
451 31
229 475
223 481
463 241
272 430
411 293
383 321
204 500
301 403
382 322
212 492
441 263
455 35
471 233
466 46
334 370
344 360
362 342
321 383
299 405
208 496
308 396
272 432
260 444
196 508
508 90
353 351
373 331
220 484
463 43
474 54
462 42
459 245
356 348
369 335
271 433
409 295
429 9
402 302
490 214
247 457
461 41
347 357
424 4
467 237
419 285
465 239
197 507
456 36
471 51
259 445
473 231
357 347
472 52
412 292
268 436
444 260
364 340
465 45
332 372
424 280
305 399
497 77
407 297
432 12
477 227
307 397
368 336
455 249
198 506
505 87
487 217
397 307
490 70
446 26
449 29
225 479
503 201
487 67
445 25
311 393
327 377
200 504
310 394
483 221
420 0
359 345
461 243
502 84
202 502
306 398
214 490
434 14
201 503
489 215
239 465
478 58
249 455
489 69
460 40
331 373
443 23
326 378
336 368
255 449
275 429
469 49
442 262
330 374
492 72
286 418
406 298
437 17
365 339
340 364
300 404
277 427
494 74
470 50
366 338
454 34
415 289
457 37
511 95
436 268
445 259
378 326
448 256
452 32
386 318
500 204
222 482
454 250
431 273
437 267
439 19
252 452
504 200
367 337
510 194
253 451
421 1
458 246
482 222
342 360
236 468
451 253
234 470
270 434
505 199
294 410
193 511
501 81
390 314
491 71
219 485
495 209
324 380
248 456
498 206
413 291
475 55
209 495
319 385
280 424
426 6
228 476
296 408
456 248
403 301
266 438
351 353
269 435
504 86
450 254
439 265
320 384
435 269
404 300
498 78
312 392
497 207
420 284
396 308
218 486
379 325
376 328
468 236
417 287
339 365
263 441
462 242
316 388
387 317
264 440
460 244
502 82
278 426
398 306
284 420
205 499
381 323
258 446
292 412
350 354
198 505
253 450
454 249
442 261
199 504
486 217
254 449
338 365
196 507
358 345
452 251
271 432
357 346
497 78
463 240
464 45
485 66
438 19
459 244
472 53
452 33
274 429
464 239
359 344
501 202
267 436
193 510
297 406
484 65
471 52
304 399
381 322
256 447
285 418
368 335
483 64
204 499
339 364
201 502
382 319
432 271
303 400
473 54
327 376
435 16
506 89
283 420
371 332
295 408
437 18
507 196
305 398
247 456
433 270
365 338
351 352
468 49
333 370
496 207
478 225
443 260
302 401
475 228
308 395
432 13
380 323
410 293
507 90
294 409
412 291
463 44
415 288
310 393
342 361
248 455
296 407
301 402
194 509
444 259
377 326
465 238
336 367
423 280
290 413
237 466
457 246
225 478
460 243
286 417
511 96
215 488
485 218
445 258
422 281
210 493
456 247
221 482
324 379
419 284
353 350
192 511
222 481
376 327
389 314
272 431
417 286
323 380
461 242
434 269
220 483
469 50
340 363
284 419
382 321
498 205
445 26
466 237
331 372
420 1
424 279
197 506
451 32
426 7
277 426
226 477
231 472
259 444
394 309
483 220
482 221
447 256
205 498
240 463
289 414
379 324
326 377
477 226
298 405
366 337
282 421
332 371
422 3
314 389
252 451
203 500
402 301
397 306
230 473
255 448
300 403
467 48
373 330
448 255
403 300
311 392
207 496
399 304
481 222
438 265
503 86
509 94
239 464
493 210
356 347
457 38
494 209
393 310
375 328
263 440
258 445
354 349
497 206
487 216
362 341
273 430
208 495
454 35
453 250
243 460
325 378
470 51
430 11
320 383
364 339
499 204
503 200
316 387
388 315
269 434
506 197
281 422
487 68
401 302
387 316
306 397
436 267
280 423
498 79
493 74
317 386
470 233
413 290
490 213
451 252
395 308
370 333
496 77
505 198
345 358
227 476
491 72
421 282
307 396
241 462
473 230
276 427
360 343
441 22
398 305
481 62
206 497
428 9
456 37
212 491
479 224
447 28
502 85
499 80
404 299
344 359
442 23
462 43
408 295
420 283
257 446
508 195
416 287
467 236
251 452
448 29
235 468
330 373
468 235
309 394
426 277
460 41
238 465
507 92
474 55
261 442
350 353
383 320
458 245
346 357
279 424
472 231
489 214
214 489
435 268
313 390
228 475
232 471
504 87
427 8
490 71
444 25
390 313
396 307
439 20
462 241
423 4
436 17
414 289
440 263
492 73
471 232
391 312
477 58
250 453
506 91
427 276
244 459
202 501
321 382
211 492
434 15
262 441
213 490
458 39
400 303
315 388
234 469
200 503
510 95
450 31
495 76
405 298
455 248
363 340
260 443
440 21
508 93
392 311
421 2
450 253
270 433
488 215
386 317
491 212
242 461
433 14
246 457
299 404
335 368
465 46
509 194
292 411
406 297
291 412
236 467
449 30
318 385
431 272
501 82
319 384
455 36
275 428
352 351
500 81
459 40
293 410
482 63
374 329
372 331
347 356
502 83
343 360
322 381
478 59
441 262
466 47
504 199
461 42
223 480
486 67
443 24
429 10
312 391
257 444
217 486
429 274
495 208
328 375
288 415
476 227
278 425
385 318
476 57
449 254
505 88
266 437
500 203
229 474
431 12
474 229
492 211
249 454
502 201
409 294
384 319
446 257
287 416
341 362
219 484
507 194
488 69
361 341
362 340
312 390
437 19
488 70
449 31
485 67
217 485
205 497
256 446
331 371
207 495
210 492
449 253
214 488
431 13
500 82
305 397
426 8
270 432
411 291
437 265
200 502
280 422
463 45
418 0
499 203
461 43
462 44
384 318
391 311
435 17
195 507
320 382
261 441
216 486
481 63
423 279
206 496
249 453
505 197
344 356
231 471
408 294
386 316
464 238
322 380
332 370
257 443
441 261
197 505
346 356
300 402
268 434
394 308
482 64
458 40
299 403
315 387
245 457
292 410
266 436
466 48
311 391
473 55
407 295
472 54
336 366
457 39
252 450
276 426
468 50
500 84
496 78
471 53
359 343
487 69
379 323
230 472
222 480
481 221
289 411
504 88
465 237
301 401
251 451
403 299
279 423
456 38
423 5
302 400
485 217
354 348
456 246
387 315
297 405
484 66
237 465
459 243
502 86
402 300
426 276
193 509
430 272
445 27
380 322
324 378
293 409
433 269
424 6
410 292
439 263
243 459
506 196
209 493
326 376
232 470
505 91
507 93
509 95
388 314
466 236
470 52
470 232
309 393
450 32
404 298
505 89
215 487
372 330
327 375
419 1
397 305
401 301
201 501
229 473
290 412
257 445
508 94
433 15
330 372
363 339
208 494
501 201
306 396
353 349
445 257
356 346
368 334
378 324
385 317
199 503
228 474
271 431
477 59
506 92
475 227
498 80
242 460
495 207
491 73
461 241
497 79
479 223
497 205
440 262
233 469
465 47
274 428
238 464
503 87
308 394
467 49
248 454
480 222
338 364
340 362
221 481
428 274
307 395
506 90
448 254
436 18
420 282
383 319
352 350
452 34
373 329
202 500
476 58
235 467
474 228
317 385
314 388
464 46
441 23
462 240
438 264
304 398
240 462
420 2
467 235
288 414
350 352
490 72
337 365
429 11
253 449
282 420
440 22
366 336
443 25
204 498
421 3
211 491
191 511
219 483
439 21
492 74
406 296
503 199
414 288
247 455
422 280
489 213
477 225
351 351
510 96
463 239
460 242
291 411
225 477
435 267
398 304
399 303
360 342
490 212
345 357
446 28
412 290
275 427
493 75
343 359
432 270
438 20
478 60
260 442
493 209
457 245
236 466
451 251
371 331
494 208
443 259
250 452
329 373
434 268
460 42
287 415
323 379
392 310
415 287
298 404
454 248
295 407
425 7
454 36
448 30
471 231
367 335
344 358
400 302
334 368
500 202
284 418
313 389
453 35
427 275
474 56
328 374
196 506
358 344
241 461
447 255
203 499
508 194
278 424
409 293
429 273
341 361
296 406
495 77
227 475
434 16
419 283
476 226
389 313
417 285
395 307
289 413
442 260
472 230
294 408
213 489
377 325
374 328
475 57
511 189
220 482
484 218
496 206
501 83
491 211
428 10
375 327
285 417
431 271
218 484
325 377
381 321
347 355
255 447
480 62
370 332
469 51
364 338
482 220
459 41
446 256
453 249
318 384
335 367
486 68
273 429
262 440
259 443
455 37
194 508
444 258
498 204
396 306
486 216
390 312
369 333
244 458
303 399
355 347
501 85
413 289
483 219
316 386
455 247
319 383
283 419
430 12
499 81
416 286
357 345
382 320
507 195
192 510
239 463
478 224
487 215
494 76
435 265
277 425
263 439
502 200
472 56
450 252
418 284
473 229
504 198
333 369
451 33
474 57
210 491
259 442
407 294
361 340
377 324
265 436
446 29
343 358
459 42
357 344
423 278
417 284
240 461
429 272
374 327
246 455
510 191
493 208
428 273
288 413
430 271
375 326
330 371
503 88
292 409
354 347
389 312
280 421
413 288
383 318
471 230
425 8
317 384
270 431
244 457
301 400
395 306
483 66
412 289
436 19
335 366
420 3
295 406
204 497
436 265
426 9
448 31
418 1
315 386
466 49
263 438
504 89
337 364
232 469
416 285
473 56
410 291
276 425
345 356
485 68
275 426
236 465
511 190
445 256
393 308
505 196
497 204
454 247
471 54
266 435
216 485
486 215
505 92
449 32
363 338
498 203
312 389
480 63
455 246
350 351
248 453
194 507
249 452
195 506
192 509
504 197
306 395
340 361
250 451
458 41
464 237
390 311
453 248
274 427
485 216
308 393
365 336
491 74
325 376
224 477
486 69
284 417
476 59
488 71
440 261
506 93
467 50
496 205
197 504
508 193
437 264
488 213
400 301
493 76
432 269
369 332
316 385
475 58
421 280
510 97
492 209
450 251
304 397
351 350
228 473
433 16
438 21
360 341
196 505
344 357
406 295
467 234
247 454
509 192
319 382
283 418
373 328
457 244
287 414
329 372
424 277
201 500
235 466
489 72
509 96
destination
