map
random512-15-2.map
pivot
219 221
agent & start
511 511
510 511
511 510
510 510
511 509
510 509
508 511
509 510
510 508
508 510
507 511
510 507
508 509
504 511
507 510
508 508
509 507
504 510
506 510
507 509
510 506
511 505
505 511
505 510
507 508
510 505
511 504
506 509
508 507
509 505
508 506
506 508
505 509
507 507
511 503
510 504
511 502
507 506
508 505
505 508
509 504
504 508
505 507
508 504
510 502
511 501
503 509
507 505
509 503
509 502
510 501
508 503
503 508
500 511
507 504
502 509
505 506
506 505
504 507
508 502
509 501
510 500
500 510
507 503
499 511
505 505
503 507
506 504
502 508
504 506
504 505
498 511
502 507
503 506
508 501
499 510
506 503
507 502
509 500
510 499
508 500
498 510
510 498
507 501
502 506
497 511
504 504
509 499
506 502
511 497
505 503
503 505
497 510
506 501
503 504
511 496
509 498
507 500
504 503
502 505
498 509
510 497
505 502
501 506
508 499
496 510
502 504
508 498
501 505
505 501
509 497
495 511
498 508
510 496
503 503
507 499
501 503
495 509
511 495
500 506
504 502
508 497
497 508
509 496
498 507
507 498
504 501
511 494
500 505
494 511
506 499
510 495
495 510
499 506
501 504
496 509
505 500
503 502
502 503
508 496
496 508
493 511
507 497
500 504
503 501
511 493
499 505
504 500
494 510
497 507
498 506
506 498
502 502
505 499
510 494
511 492
498 505
496 507
510 493
506 497
493 510
497 506
509 494
502 501
495 506
505 498
492 511
503 500
508 495
507 496
499 504
504 499
495 507
496 506
511 491
506 496
505 497
491 511
504 498
493 509
499 503
497 505
502 500
498 504
501 501
503 499
507 495
509 493
494 508
510 492
492 509
496 505
510 491
500 501
493 508
498 503
504 497
490 511
505 496
490 509
destination
