map
random512-15-2.map
pivot
219 221
agent & start
511 511
511 510
510 511
510 510
511 509
508 511
509 510
510 509
510 508
508 510
507 511
504 511
510 507
507 510
508 509
508 508
507 509
510 506
505 511
506 510
509 507
511 505
504 510
510 505
506 509
511 504
507 508
505 510
508 507
507 507
511 503
506 508
505 509
509 505
510 504
508 506
508 505
509 504
511 502
505 508
507 506
509 503
511 501
504 508
503 509
505 507
510 502
507 505
508 504
500 511
506 505
505 506
510 501
507 504
509 502
503 508
508 503
502 509
504 507
507 503
505 505
502 508
504 506
503 507
510 500
509 501
499 511
500 510
506 504
508 502
507 502
510 499
503 506
502 507
508 501
504 505
499 510
498 511
506 503
509 500
502 506
503 505
497 511
505 503
511 497
508 500
507 501
510 498
506 502
504 504
498 510
509 499
507 500
511 496
503 504
498 509
508 499
504 503
501 506
502 505
506 501
510 497
505 502
509 498
497 510
501 505
508 498
501 503
505 501
511 495
496 510
509 497
498 508
510 496
500 506
507 499
495 511
502 504
503 503
504 502
495 509
509 496
508 497
498 507
507 498
500 505
503 502
504 501
505 500
497 508
506 499
496 509
499 506
511 494
510 495
494 511
495 510
502 503
501 504
508 496
511 493
498 506
505 499
503 501
497 507
494 510
496 508
504 500
502 502
506 498
507 497
493 511
510 494
499 505
500 504
495 506
499 504
511 492
507 496
504 499
492 511
506 497
502 501
509 494
503 500
498 505
510 493
493 510
508 495
496 507
497 506
505 498
495 507
502 500
499 503
505 497
506 496
494 508
491 511
511 491
493 509
496 506
503 499
498 504
507 495
509 493
504 498
497 505
501 501
510 492
500 501
509 492
494 507
491 510
496 505
504 497
490 511
507 494
493 508
502 499
508 493
492 509
501 500
506 495
496 503
490 509
505 496
510 491
498 503
498 502
496 504
510 490
511 489
499 501
500 500
492 508
497 503
509 491
502 498
491 509
504 496
493 507
489 511
508 492
501 499
507 493
506 494
490 508
495 504
501 498
509 490
504 495
508 491
511 488
505 494
498 501
510 489
488 511
497 502
503 496
506 493
500 493
499 500
493 506
501 496
491 508
489 510
492 507
502 497
500 498
500 494
504 494
507 491
499 499
498 500
488 510
501 495
487 511
502 496
506 492
505 493
501 497
491 507
509 489
497 501
494 504
511 487
492 506
499 493
493 505
508 490
500 495
493 504
492 505
507 490
508 489
502 495
487 510
505 492
501 494
496 501
500 497
506 491
497 500
510 487
498 499
491 506
495 502
499 494
504 493
503 494
486 511
494 503
507 489
486 510
498 498
494 502
487 509
499 497
496 500
506 490
495 501
488 508
492 504
497 499
503 493
499 495
490 506
510 486
502 494
489 507
493 503
504 492
484 511
505 490
509 486
492 503
490 505
489 506
488 507
504 491
495 500
508 487
510 485
507 488
487 508
485 510
496 499
493 502
499 496
503 492
494 501
502 493
498 497
491 504
508 486
496 498
511 483
492 502
495 499
494 500
504 490
505 489
502 492
497 497
483 511
491 503
509 485
484 510
488 506
486 508
493 501
490 504
506 488
489 505
510 484
498 496
503 491
487 507
507 487
487 506
504 489
509 484
511 482
493 500
503 490
505 488
507 486
491 502
488 505
490 503
482 511
510 483
495 498
506 487
486 507
484 509
497 496
492 501
483 510
489 504
494 499
502 491
489 503
505 487
510 482
491 501
483 509
493 499
485 507
501 491
481 511
495 497
497 495
503 489
488 504
511 481
490 502
504 488
509 483
486 506
508 484
507 485
492 500
502 490
484 508
482 510
494 498
484 507
488 503
486 505
508 483
490 501
492 499
480 511
504 487
495 496
481 510
503 488
487 504
485 506
509 482
500 491
493 498
501 490
505 486
486 503
494 497
506 485
510 481
502 489
496 495
489 502
482 509
483 508
506 484
482 508
511 479
507 483
496 494
483 507
498 492
481 509
508 482
510 480
487 503
500 490
486 504
495 495
485 505
489 501
505 485
503 487
491 499
493 497
484 506
497 493
504 486
479 511
488 502
502 488
501 489
492 498
494 496
480 510
488 501
497 492
492 497
480 509
481 508
487 502
505 484
502 487
499 490
509 480
490 499
493 496
508 481
485 504
501 488
510 479
504 485
484 505
483 506
496 493
491 498
495 494
478 511
498 491
507 482
500 489
503 486
511 478
497 491
488 500
494 494
481 507
479 509
487 501
496 492
destination
