map
random512-15-2.map
pivot
219 221
agent & start
511 511
511 510
510 511
510 510
511 509
510 509
509 510
508 511
508 510
507 511
510 508
504 511
507 510
508 509
510 507
511 505
509 507
510 506
504 510
508 508
505 511
506 510
507 509
507 508
511 504
506 509
508 507
510 505
505 510
506 508
505 509
508 506
511 503
510 504
507 507
509 505
508 505
507 506
509 504
505 508
511 502
505 507
509 503
504 508
508 504
511 501
510 502
507 505
503 509
505 506
509 502
507 504
502 509
506 505
503 508
500 511
504 507
508 503
510 501
504 506
506 504
509 501
499 511
510 500
508 502
507 503
500 510
505 505
502 508
503 507
507 502
510 499
504 505
506 503
502 507
498 511
503 506
499 510
508 501
509 500
509 499
502 506
504 504
503 505
510 498
505 503
498 510
508 500
507 501
506 502
511 497
497 511
501 506
508 499
507 500
497 510
504 503
510 497
506 501
511 496
503 504
509 498
502 505
498 509
505 502
508 498
510 496
507 499
503 503
509 497
496 510
498 508
495 509
500 506
501 503
505 501
495 511
504 502
501 505
511 495
502 504
498 507
500 505
499 506
495 510
506 499
509 496
505 500
507 498
502 503
511 494
503 502
494 511
497 508
510 495
508 497
501 504
496 509
504 501
502 502
493 511
511 493
507 497
496 508
497 507
499 505
508 496
506 498
500 504
504 500
498 506
510 494
503 501
505 499
494 510
505 498
498 505
511 492
499 504
507 496
495 506
492 511
508 495
510 493
503 500
493 510
504 499
496 507
506 497
502 501
509 494
497 506
504 498
494 508
503 499
509 493
510 492
498 504
495 507
502 500
497 505
506 496
499 503
505 497
493 509
491 511
496 506
511 491
507 495
501 501
496 503
509 492
504 497
490 511
500 501
496 505
491 510
494 507
492 509
493 508
507 494
510 491
505 496
498 503
508 493
490 509
501 500
506 495
502 499
500 500
501 499
511 489
506 494
509 491
507 493
489 511
502 498
491 509
510 490
496 504
499 501
492 508
508 492
504 496
497 503
490 508
498 502
493 507
506 493
495 504
508 491
502 497
498 501
492 507
488 511
503 496
500 493
504 495
505 494
497 502
489 510
511 488
501 496
493 506
499 500
510 489
509 490
501 498
491 508
498 500
493 505
501 495
497 501
500 494
487 511
499 499
507 491
506 492
494 504
501 497
488 510
508 490
492 506
491 507
505 493
509 489
502 496
504 494
500 498
511 487
499 493
510 487
487 510
497 500
504 493
502 495
505 492
500 497
495 502
498 499
492 505
493 504
507 490
499 494
508 489
496 501
506 491
494 503
491 506
486 511
500 495
503 494
501 494
487 509
498 498
488 508
490 506
497 499
494 502
495 501
499 495
499 497
502 494
510 486
504 492
496 500
489 507
506 490
486 510
507 489
492 504
503 493
493 503
490 505
498 497
510 485
509 486
502 493
485 510
492 503
503 492
507 488
484 511
493 502
488 507
505 490
487 508
496 499
504 491
489 506
499 496
508 487
491 504
495 500
494 501
506 488
484 510
492 502
511 483
498 496
495 499
487 507
489 505
505 489
504 490
493 501
502 492
494 500
491 503
507 487
497 497
508 486
503 491
510 484
490 504
488 506
486 508
483 511
496 498
509 485
511 482
502 491
482 511
490 503
504 489
486 507
507 486
497 496
488 505
487 506
491 502
509 484
510 483
493 500
483 510
494 499
505 488
492 501
503 490
506 487
484 509
489 504
495 498
497 495
503 489
492 500
495 497
511 481
502 490
505 487
482 510
488 504
504 488
481 511
491 501
507 485
494 498
508 484
489 503
509 483
483 509
490 502
486 506
501 491
510 482
484 508
485 507
493 499
481 510
488 503
494 497
508 483
487 504
501 490
485 506
486 505
493 498
502 489
496 495
503 488
492 499
509 482
482 509
504 487
486 503
483 508
489 502
495 496
505 486
480 511
510 481
484 507
506 485
490 501
500 491
489 501
504 486
486 504
498 492
507 483
484 506
483 507
495 495
505 485
503 487
497 493
496 494
492 498
481 509
502 488
487 503
493 497
480 510
508 482
500 490
479 511
510 480
501 489
506 484
482 508
485 505
494 496
488 502
511 479
491 499
478 511
496 493
509 480
500 489
497 492
492 497
498 491
480 509
504 485
505 484
508 481
502 487
491 498
507 482
495 494
483 506
510 479
481 508
484 505
503 486
493 496
499 490
485 504
488 501
511 478
501 488
487 502
490 499
503 485
489 499
492 496
509 479
495 493
477 511
507 481
487 501
498 490
482 506
500 488
511 477
497 491
478 510
501 487
493 495
506 482
510 478
479 509
494 494
504 484
496 492
488 500
481 507
490 498
508 480
480 508
484 504
491 497
505 483
502 486
483 505
495 492
497 490
488 499
503 484
502 485
504 483
480 507
500 487
484 503
490 497
498 489
499 488
501 486
493 494
506 481
496 491
481 506
508 479
491 496
486 501
511 476
509 478
485 502
507 480
494 493
478 509
483 504
482 505
476 511
492 495
489 498
503 483
498 488
477 509
494 492
478 508
493 493
508 478
475 511
507 479
497 489
485 501
483 503
481 505
506 480
490 496
511 475
482 504
487 499
501 485
499 487
496 490
488 498
480 506
489 497
510 476
504 482
484 502
502 484
491 495
486 500
479 507
495 491
492 494
489 496
478 507
488 497
484 501
474 511
491 494
487 498
502 483
476 509
490 495
497 488
508 477
499 486
483 502
506 479
480 505
485 500
501 484
503 482
510 475
477 508
492 493
495 490
481 504
501 482
486 499
494 491
496 489
493 492
479 506
509 476
511 474
507 478
493 491
496 488
474 510
481 503
480 504
510 474
500 484
497 485
475 509
476 508
473 511
508 476
482 502
485 499
477 507
505 479
495 489
502 482
486 498
491 493
479 505
490 494
484 500
507 477
501 483
488 496
503 481
504 480
497 487
494 490
492 492
498 486
506 478
511 473
489 495
499 485
472 511
493 490
486 495
490 493
473 510
502 481
479 504
495 488
511 472
477 506
500 483
475 508
508 475
480 503
504 479
499 484
487 496
506 477
478 505
507 476
492 491
481 502
509 474
483 500
491 492
503 480
497 486
496 487
486 497
489 494
485 498
488 495
494 489
474 509
498 485
510 473
484 499
505 477
506 476
490 492
482 500
492 490
508 474
506 474
486 496
474 508
484 498
476 506
498 484
503 479
510 472
480 502
504 478
511 471
495 487
487 495
509 473
491 491
496 486
497 483
493 489
485 497
473 509
507 475
496 482
502 480
477 505
475 507
479 503
483 499
489 493
499 483
488 494
471 511
481 500
507 474
505 476
491 490
495 486
477 504
480 501
487 494
474 507
497 482
485 496
490 491
503 478
496 483
498 483
502 479
495 482
509 472
508 473
492 489
493 488
505 474
478 503
506 473
489 492
511 470
499 482
488 493
475 506
470 511
476 505
479 502
473 508
472 509
510 471
483 498
491 489
508 472
495 485
507 473
494 482
492 488
473 507
489 491
503 477
481 499
495 483
470 510
482 498
511 469
499 481
505 475
479 501
480 500
490 490
494 486
510 470
509 471
501 479
487 493
478 502
488 492
493 487
471 509
483 497
474 506
469 511
472 508
484 496
476 504
498 482
504 476
475 505
502 478
477 503
471 508
507 472
477 502
499 480
468 511
481 498
498 481
476 503
501 478
478 501
491 488
486 493
470 509
475 504
494 483
489 490
488 491
500 479
511 468
509 470
484 495
493 482
485 494
504 475
472 507
483 496
493 486
503 476
479 500
490 489
480 499
474 505
487 492
492 487
510 469
494 485
494 484
469 509
493 485
483 495
492 486
490 488
472 506
511 467
481 497
468 510
485 493
503 475
478 500
508 470
507 471
474 504
493 483
467 511
509 469
500 478
487 491
471 507
502 476
480 498
473 505
484 494
470 508
482 496
491 487
498 480
501 477
488 490
489 489
476 502
509 468
489 488
466 511
470 507
483 494
498 479
511 466
485 492
501 476
477 500
471 506
499 478
507 470
476 501
510 467
508 469
475 502
493 484
487 490
506 471
468 509
482 495
472 505
474 503
480 497
502 475
503 474
478 499
492 485
469 508
484 489
484 493
473 504
479 498
490 487
486 490
477 499
465 511
501 475
471 505
468 508
505 471
482 494
490 486
500 476
483 493
467 509
499 477
478 498
485 491
475 501
469 507
474 502
480 496
476 500
509 467
506 470
498 478
503 473
470 506
502 474
488 488
489 487
484 490
511 465
491 485
508 468
483 489
492 484
485 489
472 504
510 466
484 492
508 467
497 478
468 507
503 472
482 493
488 487
466 509
483 490
473 502
500 475
489 486
504 471
467 508
490 485
478 497
498 477
507 468
476 499
506 469
477 498
502 473
484 491
465 510
505 470
486 489
474 501
479 496
487 488
491 484
470 505
469 506
510 465
511 464
472 503
504 470
465 509
503 471
467 507
464 510
510 464
472 502
483 491
487 487
468 506
470 504
480 494
489 485
476 498
481 493
497 477
477 497
463 511
482 492
491 483
511 463
486 488
500 474
474 500
506 468
471 503
490 484
505 469
502 472
478 496
501 473
499 475
479 495
507 467
488 485
463 510
510 463
473 500
502 471
503 470
505 468
480 493
480 491
471 502
474 499
482 491
511 462
481 492
479 494
466 507
492 481
468 505
507 466
467 506
478 495
491 482
506 467
490 483
504 469
501 472
499 474
470 503
496 477
465 508
462 511
500 473
489 484
476 497
477 496
472 501
493 480
475 498
486 487
464 509
489 483
492 480
493 479
499 473
463 509
509 463
478 494
496 476
474 498
484 486
497 475
467 505
510 462
491 479
471 501
477 495
480 492
491 481
503 469
466 506
476 496
486 486
504 468
465 507
481 491
495 477
507 465
469 503
462 510
461 511
501 471
498 474
472 500
505 467
473 499
467 503
468 504
488 484
502 470
470 502
506 466
500 471
510 461
505 466
502 469
501 470
504 467
508 463
462 509
489 482
461 510
471 500
495 476
472 499
498 473
468 503
487 484
460 511
466 505
490 479
503 468
476 495
478 493
506 465
497 474
493 478
494 477
469 502
483 486
473 498
479 492
509 462
486 485
485 486
464 507
481 490
463 508
465 506
490 481
475 496
496 475
467 504
477 494
491 480
471 499
464 506
482 488
481 489
490 480
494 476
462 508
509 461
485 485
482 486
474 496
468 502
461 509
500 470
476 494
489 481
503 467
507 463
466 504
460 510
463 507
488 482
487 483
504 466
477 493
478 492
495 475
470 500
472 498
501 469
493 477
506 464
465 505
486 484
469 501
498 472
459 511
496 474
497 473
508 460
505 465
475 495
505 464
493 476
498 471
488 481
471 498
482 487
458 511
469 500
508 461
496 473
502 467
497 472
500 469
465 502
463 506
481 488
477 492
485 484
462 507
503 466
495 474
472 497
478 491
507 462
460 509
489 480
504 465
464 505
468 501
475 494
501 468
461 508
509 460
476 493
494 475
492 477
506 463
465 504
486 483
487 482
474 495
473 496
481 486
480 489
461 507
468 500
467 501
457 511
464 502
504 464
466 502
472 496
492 476
470 498
502 466
463 505
505 463
494 474
511 457
469 499
499 469
459 509
509 459
462 506
465 503
484 484
488 480
481 487
495 473
496 472
507 461
503 465
487 481
464 504
473 495
460 508
478 490
485 483
477 491
476 492
458 510
471 497
486 482
501 467
479 489
475 493
500 468
497 471
461 506
483 484
488 479
499 468
502 465
466 501
485 482
492 475
462 505
460 507
511 456
495 472
463 504
456 511
494 473
478 489
472 495
505 462
477 490
475 492
458 509
479 488
486 481
476 491
480 487
510 457
470 497
500 467
496 471
471 496
464 503
489 478
506 461
459 508
467 500
503 464
473 494
468 499
504 463
501 466
509 458
493 474
474 493
456 510
458 508
475 491
478 488
484 482
495 471
472 494
509 457
463 503
489 477
486 480
505 461
457 509
501 465
506 460
460 506
498 468
462 504
502 464
461 505
511 455
488 478
482 484
492 474
466 500
504 462
494 472
500 466
497 469
496 470
508 458
479 487
496 468
477 489
468 498
470 496
469 497
510 456
474 492
473 493
493 473
499 467
483 483
503 463
455 511
476 490
487 479
485 481
481 484
484 481
504 461
482 483
489 476
496 469
499 464
477 488
495 470
469 496
461 504
478 487
490 475
493 472
511 454
492 473
491 474
475 490
468 497
472 493
465 500
499 466
476 489
457 508
470 495
505 460
495 468
460 505
466 499
479 486
462 503
455 510
456 509
473 492
458 507
454 511
488 477
509 456
498 467
502 463
467 498
494 471
510 455
500 465
480 485
486 479
459 506
507 458
497 468
471 494
487 478
471 493
464 500
502 462
478 486
506 458
472 492
480 484
453 511
463 501
457 507
511 453
509 455
497 467
474 490
483 481
473 491
494 470
489 475
491 473
459 505
484 480
493 471
466 498
510 454
485 479
503 461
505 459
455 509
476 488
475 489
501 463
469 495
454 510
499 465
470 494
487 477
504 460
492 472
488 476
479 485
456 508
490 474
461 503
460 504
468 496
458 506
495 469
500 464
467 497
508 456
482 482
498 466
481 483
462 502
476 487
510 453
475 488
503 460
498 465
465 498
452 509
460 503
504 459
492 471
463 500
486 477
455 508
508 455
491 472
509 454
506 457
502 461
471 492
497 466
458 505
483 480
479 484
493 470
472 491
459 504
481 480
464 499
452 511
477 486
480 483
478 485
481 482
489 474
453 510
470 493
500 463
494 469
468 493
490 473
507 456
501 462
485 478
461 502
466 497
462 501
468 495
482 481
474 489
473 490
487 476
505 458
456 507
484 479
505 457
503 459
454 508
460 502
507 455
485 477
452 510
483 479
504 458
473 489
466 496
496 466
482 480
476 486
497 465
500 462
465 497
453 509
468 494
506 456
481 481
467 495
459 503
480 480
463 499
510 452
475 487
456 506
479 483
474 488
455 507
490 472
457 505
470 492
501 461
502 460
477 485
509 453
464 498
462 500
478 484
508 454
484 478
492 470
472 490
493 469
488 474
469 493
489 473
486 476
487 475
511 451
471 491
473 488
465 496
483 478
456 505
496 465
491 470
467 494
494 467
505 456
501 460
484 477
458 503
475 486
460 501
482 479
470 491
506 455
474 487
510 451
495 466
493 468
509 452
480 481
479 482
459 502
450 511
453 508
455 506
464 497
486 475
502 459
469 492
463 498
487 474
499 462
500 461
492 469
504 457
485 476
461 500
508 453
462 499
451 510
490 471
457 504
497 464
511 450
478 483
471 490
476 485
489 472
488 473
463 497
507 453
493 467
485 475
464 496
472 488
500 460
466 494
506 454
487 473
482 478
474 486
504 456
492 468
471 489
486 474
459 501
501 459
456 504
477 483
490 470
449 511
510 450
494 466
505 455
479 481
483 477
457 503
476 484
489 471
491 469
470 490
496 464
495 465
469 491
465 495
461 499
509 451
503 457
453 507
499 461
488 472
478 482
462 498
508 452
460 500
455 505
450 510
454 506
475 485
511 449
489 470
477 482
481 478
505 454
448 511
449 510
474 485
452 507
453 506
502 457
507 452
488 471
458 501
506 453
466 493
510 449
499 460
478 481
491 468
468 491
459 500
457 502
485 474
465 494
454 505
504 455
456 503
495 464
469 488
484 475
501 458
511 448
450 509
462 497
476 481
483 476
473 486
508 451
500 459
498 461
482 477
471 488
455 504
460 499
469 490
503 456
476 483
463 496
486 473
475 484
470 489
492 467
494 465
493 466
451 508
480 478
465 493
459 499
451 507
502 456
481 477
475 483
487 471
477 481
479 479
462 496
458 500
467 491
455 503
450 508
483 475
452 506
474 484
501 457
491 467
482 476
504 454
453 505
469 489
476 482
448 510
457 501
468 490
469 487
478 480
510 448
496 462
456 502
507 451
509 449
463 495
511 447
454 504
470 488
471 487
499 459
500 458
508 450
492 466
485 473
490 468
498 460
493 465
505 453
489 469
464 494
506 452
503 455
472 486
484 474
495 463
494 464
473 485
447 511
511 446
463 494
453 504
452 505
475 482
470 487
496 461
502 455
488 469
454 503
459 498
479 478
492 465
509 448
446 511
493 464
505 452
477 480
495 462
469 486
486 471
478 479
504 453
449 508
484 473
494 463
455 502
489 468
500 457
466 491
461 496
473 484
471 486
474 483
498 459
490 467
508 449
458 499
464 493
456 501
497 460
447 510
503 454
468 489
487 470
507 450
485 472
499 458
465 492
472 485
483 474
467 490
480 477
457 500
491 466
481 476
451 506
448 509
510 447
506 451
460 497
462 495
484 472
504 452
454 502
482 474
498 458
492 464
489 467
501 455
469 485
458 498
448 508
450 506
466 490
500 456
479 477
511 445
459 497
463 493
477 479
491 465
506 450
485 471
446 510
455 501
470 486
465 491
449 507
445 511
494 462
499 457
452 504
457 499
462 494
481 475
471 485
508 448
483 473
510 446
488 466
473 483
478 478
472 484
490 466
464 492
460 496
502 454
497 459
453 503
487 469
503 453
496 460
505 451
486 470
480 476
474 482
507 449
467 489
453 502
494 461
477 478
458 497
507 448
474 481
503 452
473 482
467 488
484 471
487 468
465 490
497 458
509 446
464 491
501 454
444 511
469 484
495 460
498 457
470 485
451 504
462 493
488 467
448 507
480 475
486 469
454 501
450 505
491 464
445 510
452 503
461 494
449 506
455 500
472 483
463 492
505 450
478 477
457 498
460 495
485 470
508 447
466 489
447 508
499 456
489 466
481 474
483 472
511 444
482 473
476 479
471 484
506 449
447 507
475 479
464 490
492 462
483 471
511 443
495 459
456 498
506 448
455 499
510 444
502 452
489 465
486 468
499 455
484 470
481 473
496 458
453 501
482 472
462 492
487 467
480 474
490 464
448 506
477 477
452 502
460 494
465 489
479 475
450 504
454 500
445 509
470 484
449 505
459 495
501 453
457 497
485 469
503 451
461 493
508 446
463 491
493 461
446 508
478 476
476 478
498 456
472 482
466 488
497 457
444 510
473 481
458 496
505 449
490 463
506 447
445 508
496 457
491 462
452 501
480 473
444 509
479 474
498 455
461 492
489 464
492 461
473 480
449 504
465 488
502 451
454 499
478 475
493 460
466 487
476 477
503 450
460 493
448 505
481 472
475 478
510 443
507 446
482 471
459 494
504 449
484 469
477 476
494 459
451 502
447 506
474 479
462 491
456 497
505 448
470 483
483 470
511 0
509 444
463 490
446 507
455 498
464 489
511 442
453 500
497 456
499 454
457 496
471 482
500 453
450 503
486 467
485 468
458 495
445 507
482 470
477 475
455 497
466 486
455 495
497 455
478 474
506 446
498 454
446 506
511 1
450 502
496 456
510 0
499 453
483 469
449 503
502 450
479 473
504 448
503 449
456 496
442 510
486 466
464 488
491 461
444 508
484 468
474 478
462 490
511 441
509 443
461 491
476 476
447 505
494 458
489 463
495 457
480 472
505 447
458 494
488 464
452 500
510 442
472 480
460 492
441 511
473 479
475 477
492 460
508 444
457 495
453 499
481 471
500 452
454 498
470 482
465 487
478 473
450 501
491 460
472 477
510 1
472 479
495 456
493 458
440 511
464 487
475 476
477 474
497 454
443 508
492 459
448 503
501 450
463 488
504 447
484 467
462 489
473 478
453 498
476 475
466 485
444 507
511 440
446 505
455 496
467 484
509 442
498 453
458 493
461 490
465 486
494 457
483 468
480 471
452 499
503 448
459 492
488 463
456 495
486 465
499 452
457 494
502 449
505 446
496 455
470 481
508 443
451 500
441 510
489 462
506 445
469 482
445 506
509 0
481 470
490 461
500 451
507 444
482 469
442 509
488 462
501 449
481 469
463 487
472 478
456 494
465 485
511 3
477 473
509 441
490 460
499 451
460 490
462 488
439 511
448 502
506 444
461 489
466 484
450 500
452 498
505 445
489 461
503 447
475 475
473 477
441 509
509 1
451 499
483 467
511 439
500 450
471 479
495 455
442 508
497 453
508 0
498 452
493 457
485 465
470 480
492 458
467 483
444 506
494 456
454 496
491 459
510 440
496 454
459 491
453 497
480 470
484 466
507 443
482 468
504 446
476 474
443 507
457 493
508 442
445 505
474 476
469 481
458 492
471 478
438 511
473 476
462 487
507 0
479 470
452 497
492 457
464 485
481 468
493 456
502 447
489 460
496 453
468 481
458 491
486 463
456 493
498 451
441 508
499 450
480 469
508 441
494 455
447 502
469 480
439 510
482 467
463 486
500 449
505 444
451 498
453 496
485 464
507 442
491 458
501 448
510 439
511 4
448 501
461 488
444 505
497 452
510 3
474 475
440 509
450 499
442 507
457 492
511 438
487 462
503 446
508 1
509 2
449 500
506 443
470 479
483 466
465 484
476 473
459 490
460 489
467 482
445 504
475 474
443 506
459 489
507 1
439 509
468 480
461 487
506 442
493 455
492 456
440 508
500 448
462 486
483 465
494 454
456 492
475 473
455 493
502 446
511 5
509 439
442 506
452 496
511 437
450 498
507 441
443 505
467 481
458 490
485 463
466 482
469 479
448 500
451 497
457 491
486 462
476 472
482 466
444 504
479 469
447 501
510 4
463 485
508 438
509 3
438 510
505 443
465 483
473 475
504 444
474 474
449 499
481 467
489 459
496 452
498 450
470 478
480 468
491 457
445 503
501 447
503 445
453 495
473 473
490 458
508 2
499 449
437 511
484 464
490 457
447 500
473 474
488 459
450 497
511 6
487 460
509 438
462 485
475 472
498 449
457 490
499 448
501 446
456 491
436 511
508 3
441 506
507 2
495 452
485 462
489 458
460 487
511 436
481 466
506 441
468 479
496 451
486 461
465 482
505 2
444 503
479 468
474 473
467 480
509 4
508 439
500 447
463 484
452 495
459 488
504 443
472 475
483 464
493 454
461 486
480 467
484 463
451 496
448 499
449 498
472 473
440 507
478 469
466 481
503 444
491 456
510 437
458 489
438 509
446 501
510 5
502 445
470 477
471 476
455 492
507 440
505 442
506 1
442 505
443 504
474 472
494 452
492 454
501 445
484 462
460 486
466 480
483 463
454 492
499 447
470 476
446 500
491 455
440 506
459 487
486 460
510 436
443 503
490 456
511 435
488 458
441 505
465 481
438 508
503 443
498 448
437 509
510 6
505 1
472 474
464 482
449 497
456 490
478 468
463 483
493 453
507 439
439 507
455 491
489 457
451 495
471 475
445 501
448 498
436 510
497 449
476 470
509 5
481 465
482 464
507 3
458 488
504 0
456 488
442 504
506 2
511 7
487 459
479 467
496 450
468 478
477 469
461 485
500 446
452 494
506 440
457 489
508 4
450 496
467 479
475 471
504 442
509 437
457 488
463 482
505 440
478 467
464 481
467 478
509 436
503 0
470 475
462 483
492 453
471 474
503 442
510 7
456 489
3 510
498 447
508 5
474 471
455 490
437 508
494 451
440 505
476 469
434 511
486 459
484 461
448 497
450 495
438 507
482 463
442 503
451 494
502 443
441 504
445 500
511 434
483 462
496 449
487 458
468 477
506 3
497 448
500 445
439 506
458 487
488 457
485 460
475 470
466 479
495 450
480 465
454 491
504 441
443 502
499 446
510 435
461 484
481 464
506 439
436 509
452 493
459 486
467 476
504 1
491 454
501 444
490 455
493 452
435 510
465 480
446 499
489 456
503 441
1 507
3 509
492 452
444 500
450 494
496 448
473 471
495 449
441 503
500 444
499 445
451 493
466 476
506 4
446 498
470 474
484 460
434 510
466 478
481 463
485 459
447 497
461 483
506 438
439 505
509 7
469 475
491 453
479 465
438 506
480 464
448 496
510 8
449 495
507 5
445 499
435 509
487 457
477 467
508 6
475 469
509 435
478 466
460 484
474 470
463 481
493 451
459 485
465 479
440 504
433 511
488 456
497 447
453 491
501 443
482 462
454 490
437 507
467 477
458 486
510 434
503 1
457 487
483 461
494 450
507 437
505 439
455 489
442 502
443 501
468 476
4 510
476 468
502 0
489 455
502 442
504 440
504 439
502 1
488 455
482 461
505 436
452 491
438 505
459 484
505 438
480 463
509 434
506 5
475 468
3 508
474 469
453 490
447 496
468 475
454 489
477 466
508 7
473 470
436 507
486 457
445 498
460 483
499 444
451 492
457 486
504 3
496 447
508 435
484 459
1 506
483 460
509 8
435 508
507 436
446 497
5 510
448 495
487 456
458 485
472 471
465 478
443 500
481 462
476 467
434 509
442 501
505 4
503 440
7 510
433 510
501 0
463 480
2 507
492 451
450 493
497 446
439 504
495 448
490 453
432 511
440 503
510 433
466 477
511 432
437 506
494 449
506 437
449 494
479 464
504 435
489 454
441 502
444 499
469 474
485 458
462 481
501 442
469 473
443 499
508 434
451 491
500 0
505 5
447 495
468 474
484 458
487 455
435 507
504 438
502 440
507 435
493 449
454 488
489 453
433 509
503 3
449 493
458 484
503 439
4 508
504 4
446 496
508 8
474 468
490 452
506 436
506 6
436 506
486 456
444 498
511 431
441 501
457 485
459 483
496 446
501 441
7 511
485 457
478 464
495 447
7 509
461 481
486 454
499 443
2 506
431 511
509 433
3 507
501 1
1 505
5 509
505 435
448 494
510 432
497 445
6 510
453 489
471 471
494 448
480 462
438 504
498 444
507 7
488 454
440 502
0 504
434 508
464 478
456 486
491 451
465 477
504 436
481 461
482 460
475 467
477 465
445 497
483 459
472 470
473 469
439 503
442 500
504 434
462 480
476 466
479 463
498 443
435 506
445 496
4 507
493 448
502 439
439 502
499 442
505 434
488 453
474 467
461 480
0 503
481 460
497 444
8 511
470 471
446 495
510 431
434 507
503 438
432 509
504 5
463 478
462 479
440 501
2 505
500 1
455 486
478 463
436 505
506 7
430 511
508 9
485 456
486 453
454 487
459 482
457 484
475 466
451 490
504 437
482 459
450 491
495 446
505 6
3 506
476 465
6 509
464 477
452 489
483 458
503 4
448 493
447 494
494 447
480 461
509 432
449 492
453 488
500 441
456 485
496 445
438 503
484 457
471 470
506 435
490 451
473 468
491 450
469 472
442 499
492 449
1 504
489 452
443 498
487 454
5 508
508 433
499 0
479 462
468 473
467 474
500 2
3 505
454 486
460 480
480 460
499 441
498 0
499 1
502 438
495 445
449 491
487 453
464 476
443 497
506 434
483 457
468 472
493 447
496 444
459 481
6 508
462 478
467 473
481 459
476 464
501 439
507 9
429 509
433 507
492 448
508 432
506 8
434 506
5 507
445 495
435 505
508 10
455 485
507 433
457 483
509 431
488 452
474 466
463 477
478 462
447 493
442 498
431 509
448 492
497 443
438 502
1 503
450 490
475 465
472 468
486 452
453 487
485 455
498 442
440 500
473 467
505 7
477 463
461 479
9 511
444 496
503 5
469 471
430 510
482 458
479 461
500 440
484 456
429 511
439 501
441 499
471 469
491 449
490 450
451 489
510 430
503 437
489 451
506 9
469 470
487 452
498 1
6 507
3 504
450 489
480 459
446 493
493 446
444 495
470 469
478 461
449 490
507 432
509 430
464 475
481 458
499 440
471 468
491 448
508 11
431 508
501 438
428 511
445 494
483 456
509 12
456 483
466 473
500 3
490 449
460 479
432 507
452 487
442 497
463 476
2 503
492 447
508 431
435 504
451 488
476 463
477 462
448 491
504 7
500 439
453 486
447 492
439 500
503 6
511 428
502 5
429 510
502 437
434 505
474 465
472 467
440 499
497 442
498 441
475 464
4 505
10 511
5 506
467 472
473 466
494 445
499 2
454 485
443 496
437 502
462 477
497 0
455 484
496 443
507 10
468 471
506 433
438 501
488 451
458 481
484 455
433 506
457 482
9 510
430 509
482 457
461 478
479 460
502 436
503 7
436 502
449 489
488 448
458 480
471 467
475 463
442 496
3 503
495 443
484 454
11 511
479 459
482 456
438 500
498 440
510 428
473 465
470 468
434 504
498 2
497 1
494 444
453 485
441 497
509 13
464 474
439 499
6 506
463 475
506 10
468 470
500 438
8 508
467 471
474 464
492 446
489 449
4 504
462 476
1 501
465 473
461 477
445 493
480 458
500 4
446 492
493 445
508 430
440 498
443 495
511 427
483 455
435 503
481 457
491 447
450 488
460 478
7 507
455 483
2 502
476 462
502 6
428 510
437 501
452 486
509 429
478 460
431 507
466 472
504 8
448 490
430 508
433 505
487 451
451 487
497 441
477 461
456 482
496 440
506 432
444 494
488 450
9 507
508 12
459 479
499 439
501 437
490 448
5 505
454 484
9 509
496 442
501 5
496 0
8 507
476 461
427 510
509 428
431 506
497 440
4 503
510 427
505 432
452 485
482 455
489 448
498 3
453 484
491 446
464 473
1 500
439 498
496 439
454 483
499 438
446 491
506 11
481 456
5 504
440 497
3 502
451 486
450 487
499 4
501 436
460 477
502 435
0 499
474 463
438 499
495 440
502 7
469 468
506 431
432 505
461 476
509 14
6 505
490 447
434 503
501 6
511 426
507 12
472 465
433 504
484 453
495 0
455 482
10 509
508 429
9 508
467 470
448 489
504 9
465 472
4 501
479 458
503 8
500 437
500 5
12 511
445 492
488 447
507 430
442 495
436 501
488 449
478 459
480 457
430 507
458 479
495 442
449 488
473 464
7 506
447 490
457 480
470 467
477 460
443 494
492 445
435 502
2 501
494 443
475 462
441 496
437 500
487 450
11 510
444 493
508 13
466 471
497 2
496 441
505 10
462 475
468 469
441 495
492 444
470 466
428 508
6 504
13 511
501 7
431 505
427 509
489 447
450 486
511 425
496 2
430 506
494 0
495 441
485 451
459 477
452 484
510 426
471 465
461 475
5 503
8 506
506 12
507 13
474 462
7 505
425 511
3 501
468 468
497 3
501 435
434 502
447 489
465 471
503 9
467 469
499 5
448 488
429 507
472 464
473 463
457 479
11 509
504 10
477 459
480 456
466 470
509 427
426 510
455 481
456 480
486 450
464 472
490 446
463 473
479 457
500 6
483 453
442 494
505 431
2 500
505 11
437 499
508 14
507 429
493 443
432 504
436 500
487 449
469 467
500 436
440 496
439 497
10 508
498 438
435 501
478 458
476 460
458 478
499 437
508 428
506 430
445 491
475 461
462 474
4 502
482 454
497 439
454 482
0 498
1 499
491 445
498 4
460 476
443 493
491 444
440 495
457 478
497 4
493 0
425 510
462 473
430 505
435 500
508 15
6 503
489 446
500 7
5 502
470 465
13 510
506 13
485 450
424 511
472 463
475 460
501 8
504 11
7 504
477 458
508 427
447 488
511 424
478 457
455 480
444 491
453 482
505 430
440 493
458 477
428 507
451 484
465 470
481 454
494 1
433 502
510 425
438 497
448 487
3 500
480 455
463 472
493 442
445 490
492 443
429 506
434 501
498 437
505 12
0 497
471 464
431 504
426 509
427 508
506 429
501 434
490 445
449 486
504 431
461 474
473 462
439 496
459 476
483 452
479 456
499 436
484 451
502 433
1 498
482 453
476 459
8 505
437 498
460 475
456 479
509 16
494 441
499 6
436 499
496 3
486 449
498 5
469 466
442 493
500 435
509 426
495 2
464 471
450 485
452 483
14 511
468 467
12 509
497 438
507 428
11 508
502 9
441 494
432 503
467 468
454 481
11 507
495 3
464 470
460 474
468 466
457 477
471 463
458 476
510 18
14 510
505 429
450 484
462 472
439 493
15 511
478 456
449 485
6 502
9 505
13 509
494 2
506 428
475 459
501 433
428 506
511 423
426 508
444 490
490 444
455 479
3 499
451 483
427 507
493 441
508 16
1 497
496 4
0 496
507 15
483 451
473 461
502 10
10 506
452 482
425 509
465 469
447 487
482 452
506 14
443 491
504 430
499 7
469 465
463 471
508 426
436 498
459 475
481 453
430 504
505 13
439 495
499 435
472 462
509 17
440 494
497 5
467 467
441 493
474 460
446 488
510 424
438 496
432 502
492 442
2 498
476 458
491 443
434 500
429 505
470 464
493 1
8 504
437 497
466 468
501 9
498 6
509 425
502 432
503 11
424 510
500 8
497 437
489 445
12 508
448 486
480 454
461 473
7 503
477 457
486 448
479 455
454 480
431 503
423 511
485 449
483 450
427 506
2 497
488 445
479 454
503 430
434 499
430 503
491 0
439 494
501 10
464 469
13 508
468 465
459 474
10 505
442 491
507 16
500 9
7 502
433 500
455 478
500 431
436 497
8 503
502 431
504 13
441 492
504 429
472 461
511 20
505 428
437 496
469 464
487 446
448 485
15 510
495 4
499 8
470 463
443 490
454 479
12 507
428 505
471 462
14 509
445 488
502 11
449 484
500 433
466 467
491 442
431 502
457 476
435 498
475 458
493 440
506 15
458 475
460 473
498 435
438 495
496 5
422 511
7 500
478 455
4 499
467 466
452 481
508 425
498 7
0 495
473 460
11 506
425 508
497 6
503 12
423 510
508 17
424 509
429 504
432 501
480 453
509 18
496 437
505 14
510 19
506 427
495 438
485 448
447 486
461 472
494 3
481 452
444 489
511 422
5 500
493 2
451 482
501 432
436 495
510 423
465 468
462 471
486 447
3 498
476 457
463 470
489 444
2 495
426 507
450 483
489 0
6 501
507 426
425 507
16 510
445 487
476 456
501 13
493 439
457 475
479 453
448 484
431 501
455 477
509 19
494 4
503 13
497 7
3 497
498 434
502 430
465 467
489 1
490 442
14 508
475 457
509 423
430 502
10 504
451 481
3 495
487 443
13 507
485 447
441 491
424 508
438 494
443 489
9 503
433 499
511 21
510 422
5 499
459 473
466 466
447 485
2 496
464 468
421 511
501 431
458 474
449 483
482 450
510 20
494 438
506 426
12 506
511 421
495 5
436 496
508 424
2 494
493 3
477 455
437 495
484 448
450 482
488 444
469 463
480 452
483 449
456 476
8 502
471 461
461 471
489 443
446 486
468 464
498 8
462 470
506 16
452 480
486 446
491 1
427 505
472 460
499 9
500 432
503 429
508 18
429 503
10 502
467 465
453 479
435 497
491 441
1 495
507 425
4 498
496 6
504 428
487 445
478 454
442 490
495 437
6 500
501 11
502 12
7 501
504 14
490 0
473 459
492 440
499 433
481 451
423 509
460 472
464 467
11 502
427 504
492 3
496 9
504 427
479 452
475 456
420 511
445 486
4 497
448 483
470 461
510 21
0 493
490 441
450 481
491 440
477 454
487 444
502 429
492 439
503 428
493 438
15 508
490 1
497 8
456 475
494 437
501 430
501 12
466 465
3 496
464 465
494 5
460 471
14 507
469 462
431 500
511 420
435 496
444 487
421 510
508 423
496 7
11 504
454 477
17 510
471 460
449 482
507 424
8 501
478 453
506 17
453 478
13 506
495 6
504 15
507 18
498 433
503 14
510 421
467 464
495 436
424 507
462 469
500 13
472 459
428 503
10 503
499 10
511 22
481 450
465 466
12 505
452 479
485 446
455 476
497 434
459 472
496 435
457 474
499 432
501 14
509 20
489 2
1 494
491 2
506 425
443 488
461 470
480 451
429 502
6 499
488 443
432 499
447 484
422 509
458 473
430 501
486 445
463 468
9 502
423 506
468 463
493 4
434 497
441 490
509 422
482 449
489 442
425 506
426 505
500 11
484 447
440 491
505 426
437 494
489 441
497 9
481 449
498 10
429 501
506 424
492 4
441 489
458 472
445 485
507 19
490 440
13 505
459 471
498 432
492 438
477 453
427 503
505 425
495 435
17 509
442 488
509 421
504 16
468 462
479 451
419 511
18 510
463 467
449 481
460 470
494 6
508 20
476 454
4 496
485 445
483 447
6 498
447 483
503 427
16 508
475 455
495 7
443 487
11 503
491 3
9 501
497 433
446 484
493 437
0 492
473 457
494 436
457 473
466 464
504 426
499 11
423 507
503 15
451 479
455 475
495 9
421 509
501 429
507 423
478 452
454 476
510 24
430 500
502 428
511 23
12 504
491 439
439 491
453 477
431 499
422 508
489 3
428 502
15 507
461 469
502 14
434 496
490 2
452 478
480 450
505 17
484 446
465 465
510 420
450 480
509 21
469 461
486 444
440 490
14 506
493 5
474 456
510 22
496 8
467 463
496 434
5 497
508 422
464 466
488 442
511 419
425 505
471 459
456 474
437 493
482 448
500 12
433 497
438 492
424 506
1 493
420 510
442 487
493 436
427 502
471 458
456 473
500 429
506 19
446 483
420 509
462 467
428 501
511 24
480 449
504 425
473 456
425 504
498 11
499 12
445 484
453 476
476 453
507 20
426 503
437 492
6 497
436 493
17 508
1 492
439 490
460 469
15 506
510 419
494 7
444 485
451 478
483 446
421 508
0 491
488 441
497 432
507 422
449 478
498 431
508 421
9 500
484 445
467 462
458 471
502 15
452 477
7 498
454 475
509 24
424 505
469 460
19 510
457 472
509 22
505 18
477 452
503 16
449 480
503 426
491 438
463 466
441 488
510 23
497 10
13 504
443 486
492 437
491 4
499 430
5 496
438 491
461 468
502 427
505 424
506 423
495 434
418 511
478 451
479 450
430 499
466 463
12 503
472 457
419 510
431 498
509 420
489 440
433 496
493 6
495 8
434 495
501 428
474 455
465 464
448 481
490 439
492 5
490 3
18 509
481 448
450 479
485 444
468 461
455 474
508 21
14 505
422 507
16 507
438 490
492 6
502 16
455 473
498 430
480 448
433 495
447 481
488 440
10 500
424 504
16 506
503 425
459 469
471 457
475 453
430 498
508 22
449 477
5 495
429 499
482 446
466 462
4 492
490 4
443 485
9 499
502 426
484 444
2 492
429 497
435 493
485 443
495 433
497 431
511 25
487 441
509 23
499 429
467 461
493 7
21 511
493 435
450 478
419 509
427 501
508 420
0 490
417 511
461 467
15 505
506 422
491 5
442 486
492 436
441 487
13 503
494 434
425 503
473 455
460 468
445 483
468 460
504 424
497 11
465 463
432 496
472 456
491 437
479 449
436 492
510 418
421 507
470 458
486 442
452 476
489 439
18 508
457 471
456 472
418 510
483 445
453 475
4 494
478 450
506 20
7 497
14 504
1 491
504 18
448 480
469 459
500 428
440 488
481 447
462 466
431 497
494 8
426 502
476 452
509 419
454 474
505 423
507 21
451 477
437 491
486 0
19 509
501 427
6 496
420 508
17 507
498 12
446 482
503 17
496 431
10 499
484 443
475 452
2 491
485 442
471 456
472 455
480 447
427 500
485 0
500 427
446 481
489 438
17 506
438 489
428 499
468 459
436 491
422 505
507 22
456 471
491 436
419 506
502 17
8 497
440 487
5 492
15 504
501 16
20 509
426 501
486 441
418 509
461 466
511 26
430 497
493 8
506 21
469 458
504 423
424 503
454 473
487 440
505 422
466 461
420 507
11 500
492 7
492 435
499 14
476 451
421 506
504 19
19 508
479 448
488 439
13 502
455 472
433 494
445 482
507 420
509 418
0 489
488 437
493 434
501 426
477 450
494 433
459 468
448 479
5 494
423 504
453 474
497 12
482 445
9 498
478 447
3 492
450 477
451 476
486 1
464 463
4 493
452 475
498 429
496 11
495 432
478 449
439 488
503 424
500 15
16 505
417 510
6 495
497 430
447 480
483 444
4 491
498 15
458 469
460 467
505 20
437 490
490 437
508 23
490 5
14 503
419 508
425 502
431 496
416 511
465 462
7 496
502 425
22 511
470 457
444 483
12 501
491 6
429 498
21 510
467 460
435 492
473 454
442 485
499 428
443 484
1 490
444 482
427 499
416 510
503 423
454 472
415 511
6 494
472 454
465 461
447 479
511 27
482 444
13 501
458 468
446 480
14 502
468 458
430 496
420 506
428 498
502 18
484 442
504 20
494 432
466 460
507 23
477 449
423 503
462 464
1 489
457 469
419 507
510 26
487 439
440 486
491 435
485 441
489 437
445 481
486 440
422 504
426 500
481 445
425 501
438 488
500 16
508 418
7 495
507 419
3 491
436 490
505 21
475 451
2 490
493 433
417 509
509 417
489 5
10 498
460 466
16 504
442 484
17 505
443 483
496 430
19 507
455 471
469 457
502 424
11 499
496 12
8 496
459 467
485 1
421 505
488 438
471 455
501 425
499 15
506 420
478 448
490 436
492 8
20 508
5 493
18 506
503 19
23 511
470 456
452 474
505 421
480 446
479 447
473 453
435 491
12 500
497 13
495 431
0 488
511 415
15 503
498 428
500 426
441 485
450 476
504 422
4 490
493 9
456 470
461 465
437 489
498 14
506 22
464 462
439 487
418 508
486 2
432 494
490 6
21 509
483 443
9 497
506 419
439 486
414 511
485 2
11 498
21 508
484 441
479 446
499 426
24 509
496 13
442 483
500 425
501 424
508 25
505 420
483 442
500 17
495 430
453 472
1 488
507 418
469 456
446 479
503 422
470 455
19 506
461 464
445 480
23 510
510 27
455 470
473 452
476 449
507 24
493 432
463 462
492 9
508 417
17 504
438 487
486 439
14 501
3 490
456 469
462 463
471 454
496 429
498 425
16 503
511 28
422 503
474 451
511 414
444 481
488 5
482 443
441 484
450 475
477 448
466 459
435 490
472 453
15 502
489 436
24 511
498 427
480 445
491 434
424 501
433 492
0 487
431 494
465 460
2 489
497 14
503 20
8 495
502 423
437 488
418 507
425 500
468 457
13 500
6 493
454 471
504 21
464 461
443 482
430 495
489 6
460 465
510 415
467 458
506 23
415 510
457 468
447 478
493 10
426 499
499 16
485 440
505 22
451 474
20 507
509 416
494 431
423 502
427 498
10 497
18 505
416 509
417 508
481 444
502 19
7 494
487 438
459 466
436 489
22 509
504 421
490 435
458 467
420 505
432 493
501 18
495 13
422 502
505 23
427 497
484 440
509 27
465 459
462 462
488 6
437 487
445 479
0 486
479 445
470 454
13 499
2 488
3 489
446 478
491 9
442 482
433 491
476 448
489 7
9 495
491 433
413 511
509 415
494 430
490 434
25 511
493 431
492 432
436 488
414 510
451 473
24 510
11 497
485 439
8 494
506 418
424 500
492 10
415 509
507 25
425 499
486 4
456 468
473 451
450 474
1 487
459 465
426 496
499 17
503 421
464 460
21 507
494 12
484 2
500 18
426 498
458 466
504 420
432 492
510 28
14 500
14 498
502 422
18 504
472 452
486 438
507 417
511 413
417 507
511 29
416 508
506 24
421 503
468 456
469 455
16 502
498 426
499 425
460 464
430 494
502 20
505 419
440 484
466 458
497 427
481 443
420 504
23 509
10 496
434 490
501 423
20 506
467 457
15 501
461 463
423 501
501 19
441 483
463 461
496 14
485 3
508 26
455 469
471 453
443 481
496 428
7 493
503 21
453 471
429 495
438 486
500 424
12 498
454 470
482 442
495 429
489 435
480 444
457 467
431 493
447 475
435 488
453 470
509 414
425 496
471 452
488 435
484 439
503 420
490 433
507 26
485 4
506 417
460 463
425 498
510 29
449 474
11 496
508 27
452 471
3 488
13 498
502 421
434 489
496 15
421 502
491 432
19 504
510 413
505 418
507 416
499 424
502 21
414 509
500 423
501 422
508 415
506 25
509 28
424 499
419 504
504 23
473 450
499 18
17 502
448 475
438 485
25 510
458 465
12 497
459 464
511 412
451 472
492 11
468 455
493 12
496 427
437 486
1 486
469 454
485 438
445 478
439 484
420 503
477 446
415 508
413 510
432 491
494 13
455 468
456 467
23 508
484 3
489 8
15 500
14 499
503 22
478 445
497 16
0 485
431 492
475 448
486 437
430 493
495 428
463 460
454 469
443 480
441 482
483 440
21 506
505 24
486 5
422 501
16 501
412 511
511 30
426 497
493 430
9 494
8 493
482 441
494 427
479 444
462 461
498 17
10 495
20 505
22 507
495 14
487 6
446 477
467 456
436 487
450 473
504 419
472 451
447 476
464 459
480 443
465 458
489 434
478 443
500 19
497 426
487 436
444 479
2 487
433 490
457 466
466 457
474 449
416 507
492 431
481 442
428 495
423 500
483 2
491 10
442 481
26 511
3 487
475 447
508 28
424 498
461 461
415 507
492 430
420 502
451 471
449 473
476 446
467 455
493 429
501 21
437 485
489 433
439 483
494 428
26 510
442 480
495 15
459 463
474 448
454 468
502 22
413 509
4 488
478 444
509 413
491 431
494 426
455 467
505 417
496 426
466 456
453 469
499 21
429 493
destination
