map
random512-10-7.map
pivot
486 297
agent & start
22 269
239 44
61 372
186 497
155 466
54 229
31 338
23 268
203 80
190 501
97 408
37 346
83 394
66 217
25 324
145 456
140 451
174 109
229 54
166 477
25 330
26 329
75 208
107 176
225 58
69 380
149 460
224 59
64 219
187 498
120 431
86 397
27 332
175 486
192 503
254 29
235 48
115 426
92 191
38 347
40 351
40 245
46 357
110 173
130 441
245 38
259 24
146 457
170 113
72 383
107 178
44 241
233 50
190 93
133 150
211 72
121 162
34 251
111 172
85 396
25 314
128 439
166 117
57 368
130 153
100 411
102 413
266 17
213 70
19 280
43 242
32 255
138 449
33 342
238 45
278 5
68 215
181 102
29 336
41 244
167 478
154 129
90 401
67 216
122 433
207 78
103 180
69 214
33 252
19 300
79 204
24 319
74 385
249 34
113 424
271 12
122 161
142 453
168 479
220 63
25 320
90 193
104 415
20 271
262 21
79 390
47 358
160 471
151 132
198 85
117 166
120 163
17 282
84 395
18 303
157 126
123 160
96 407
36 249
274 9
34 341
149 134
56 227
169 114
45 240
176 487
184 495
237 46
197 86
221 62
193 90
96 187
20 273
29 334
200 83
247 36
283 0
159 470
145 138
58 369
163 120
17 290
28 261
168 115
273 10
206 77
88 399
134 149
83 200
78 205
73 210
102 181
27 328
257 26
136 447
173 110
23 322
159 124
103 414
218 65
28 259
74 209
125 158
51 232
227 56
178 105
182 101
104 179
27 326
109 420
194 89
24 323
177 106
251 32
77 206
156 127
116 167
231 52
20 305
270 13
55 366
107 418
21 270
46 239
70 213
169 480
123 434
77 388
91 402
17 284
164 475
171 482
207 76
30 257
19 294
127 156
24 317
199 510
17 276
160 123
45 356
261 22
215 68
114 169
45 238
272 11
33 254
106 177
18 295
126 437
216 67
24 313
32 339
22 311
105 416
72 211
155 128
99 410
19 272
16 291
100 183
82 393
85 198
240 43
183 494
201 82
81 392
192 91
89 400
277 6
24 321
137 146
58 225
34 253
250 33
41 352
128 155
20 299
137 448
147 458
188 95
28 327
208 75
219 64
53 230
263 20
154 465
23 312
76 387
151 462
18 275
255 28
19 298
106 417
197 508
95 188
196 507
132 151
131 442
62 221
202 81
105 178
93 190
134 445
92 403
87 398
183 100
195 506
57 226
118 429
51 362
264 19
138 145
38 247
17 296
281 2
28 335
86 197
141 142
48 235
61 222
188 499
280 3
66 377
70 381
157 468
54 365
18 301
119 164
139 450
153 464
199 84
269 14
191 92
109 174
152 131
84 199
18 297
17 302
143 454
18 307
222 61
33 340
98 409
91 192
161 122
124 159
60 371
124 435
133 444
73 384
50 361
17 292
214 69
44 355
146 137
76 207
180 103
163 474
165 476
127 438
112 423
80 391
217 66
205 78
180 491
17 286
115 168
253 30
152 463
236 47
265 18
204 79
242 41
80 203
89 194
50 233
226 57
99 184
95 406
34 343
36 345
43 354
198 509
71 382
209 74
172 483
184 99
59 224
25 266
78 389
172 111
173 484
42 353
141 452
113 170
121 432
223 60
153 130
195 88
185 98
35 344
71 212
136 147
48 359
24 315
46 237
18 277
35 250
148 459
101 182
112 171
189 94
19 274
179 490
64 375
63 220
39 350
20 309
26 331
150 133
158 125
18 293
55 228
67 378
29 258
21 310
196 87
194 505
158 469
150 461
19 304
182 493
17 288
118 165
19 306
18 279
189 500
16 283
178 489
132 443
26 325
174 485
26 263
171 112
93 404
81 202
126 157
228 55
116 427
260 23
75 386
117 428
65 218
108 419
175 108
60 223
179 104
65 376
162 121
19 278
200 511
144 139
161 472
232 51
162 473
42 243
20 293
82 201
110 421
243 40
268 15
170 481
101 412
148 135
129 440
187 96
230 53
39 246
212 71
37 248
144 455
87 196
241 42
140 143
27 260
156 467
125 436
164 119
97 186
167 116
176 107
254 30
168 478
29 261
74 210
28 262
142 142
61 371
107 177
17 291
26 320
21 271
139 449
102 412
255 29
274 10
138 146
25 321
29 333
82 202
33 255
112 172
180 490
226 58
279 5
224 60
268 16
121 431
193 91
157 467
88 398
21 305
191 93
136 148
175 109
238 46
251 33
216 68
135 149
74 384
265 19
239 45
129 439
223 61
210 74
189 95
42 244
129 155
147 137
175 485
75 385
214 70
94 404
130 440
126 158
19 295
18 288
192 92
46 242
159 125
20 298
118 166
272 12
184 100
110 174
40 246
104 414
69 379
114 170
85 199
87 397
97 187
18 276
144 140
208 76
55 365
20 308
95 189
20 274
58 226
37 345
215 69
154 130
135 445
197 507
163 121
50 360
116 168
197 87
137 147
73 211
198 508
151 461
180 104
182 102
33 339
149 135
196 88
20 272
22 310
130 154
104 180
34 254
23 269
25 317
50 234
54 230
262 22
212 72
128 156
45 355
96 188
147 457
29 327
85 395
60 370
52 362
134 150
95 405
157 127
93 191
77 387
249 35
20 304
18 284
128 438
40 350
106 178
176 486
99 409
55 229
77 207
35 341
24 268
243 41
61 223
67 217
92 402
150 460
127 437
176 108
28 328
181 103
98 408
46 356
126 436
188 498
36 250
169 115
207 77
282 2
145 139
173 111
136 446
141 143
273 11
124 434
100 184
179 105
219 65
73 383
20 300
191 501
167 477
49 359
30 258
21 299
156 128
199 509
72 382
146 138
257 27
19 275
48 358
71 381
41 245
47 237
66 218
83 393
146 456
227 57
169 479
57 367
81 203
284 0
174 110
231 53
137 447
19 307
69 215
270 14
28 326
17 283
158 126
26 324
283 1
138 448
109 419
113 423
173 483
160 470
277 7
70 214
19 303
171 113
222 62
79 205
230 54
115 425
172 112
65 375
281 3
20 280
27 329
119 429
153 463
51 233
64 220
143 453
48 236
102 182
172 482
34 340
101 183
182 492
233 51
78 206
76 386
199 85
264 20
186 496
161 471
174 484
192 502
201 511
127 157
228 56
30 334
213 71
246 38
94 190
25 315
25 319
110 420
188 96
167 117
281 5
152 462
168 116
83 201
100 410
218 66
34 252
20 278
39 347
229 55
133 151
46 240
21 309
205 79
38 248
122 162
247 37
107 417
86 198
206 78
47 239
44 242
263 21
148 136
151 133
35 251
190 500
141 451
29 335
86 396
18 282
217 67
225 59
194 90
89 399
200 84
241 43
158 468
96 406
37 249
232 52
88 196
280 4
187 97
65 219
18 286
140 450
19 277
185 495
68 216
32 338
195 505
161 123
68 378
275 9
150 134
26 330
204 80
248 36
124 160
178 106
144 454
118 428
133 443
25 323
121 163
250 34
189 499
43 243
278 6
153 131
34 342
162 472
152 132
120 164
63 373
166 476
125 159
91 401
105 415
27 263
89 195
103 181
165 475
23 311
75 209
148 458
79 389
47 357
171 481
122 432
105 179
164 474
178 488
26 314
164 120
123 433
19 301
60 226
27 325
24 312
177 487
20 294
26 266
66 376
177 107
181 491
18 292
276 8
25 267
81 391
115 169
19 285
125 435
245 39
155 129
134 444
24 322
91 193
203 81
43 353
111 173
28 260
67 377
271 13
46 238
62 222
256 28
195 89
18 302
185 99
194 504
59 225
240 44
193 503
237 47
64 374
236 48
132 152
116 426
266 18
82 392
103 413
269 15
183 101
59 369
87 197
71 213
51 361
42 352
76 208
143 141
36 344
19 279
155 465
58 368
112 422
261 23
78 388
56 228
220 64
120 430
187 497
18 296
117 167
156 466
242 42
44 354
117 427
170 114
49 235
179 489
70 380
109 175
80 390
21 273
98 186
29 259
140 144
145 455
160 124
186 98
28 332
90 400
211 73
139 145
27 265
149 459
132 442
60 224
131 441
41 351
80 204
19 297
22 270
39 247
221 63
244 40
38 346
258 26
183 493
54 364
162 122
123 161
259 25
201 83
170 480
190 94
81 204
21 304
129 156
60 369
191 94
68 377
192 501
275 10
138 447
193 502
21 298
175 484
38 345
122 431
261 24
127 436
268 17
67 376
228 57
126 159
181 490
266 19
113 422
72 213
72 381
42 351
22 305
183 492
106 179
91 400
20 307
25 316
272 13
185 494
31 336
196 89
116 425
144 141
61 224
104 181
136 445
179 488
30 259
78 207
84 201
28 265
122 163
69 378
115 170
87 396
137 148
184 493
265 20
88 397
199 508
98 187
97 406
34 339
161 470
189 498
278 7
95 190
25 322
197 88
221 64
49 236
110 175
191 500
119 428
64 373
99 186
20 303
20 301
93 402
91 194
44 353
98 407
25 268
224 61
230 55
35 252
248 37
119 166
103 412
107 416
79 206
125 434
66 219
214 71
53 232
86 395
24 269
118 167
39 346
160 469
destination
