map
random512-10-7.map
pivot
486 297
agent & start
141 142
30 257
117 166
207 76
78 389
180 103
253 30
18 307
17 284
178 489
228 55
54 365
40 351
178 105
171 112
18 301
146 137
265 18
59 224
26 263
99 410
37 248
242 41
100 183
43 242
68 215
173 484
131 442
211 72
25 330
133 150
277 6
118 165
126 157
187 498
179 490
206 77
171 482
38 247
88 399
151 462
105 178
134 149
151 132
164 475
120 431
239 44
58 369
90 401
167 478
188 499
100 411
73 384
225 58
132 151
77 206
175 486
156 467
213 70
75 386
48 359
87 398
179 104
177 106
145 456
20 273
240 43
157 126
270 13
200 511
183 100
54 229
116 427
264 19
80 391
107 418
168 479
28 259
21 310
233 50
140 143
19 272
124 159
61 222
114 169
18 275
108 419
24 323
209 74
219 64
216 67
45 238
113 424
29 258
104 179
97 186
50 361
281 2
87 196
32 255
138 449
47 358
72 383
34 253
70 213
41 244
17 276
241 42
80 203
158 469
164 119
143 454
141 452
144 139
184 99
162 121
227 56
273 10
237 46
43 354
129 440
278 5
25 314
18 279
163 120
17 286
60 223
155 466
130 153
128 155
33 340
18 303
83 200
73 210
163 474
221 62
89 194
199 510
24 313
29 336
212 71
95 406
109 174
160 123
165 476
65 376
217 66
189 500
72 211
65 218
26 329
145 138
123 160
26 331
22 311
196 87
125 158
58 225
167 116
17 282
263 20
133 444
69 214
224 59
105 416
134 445
45 240
194 89
110 173
200 83
81 202
215 68
185 98
125 436
169 114
247 36
251 32
66 377
82 201
76 207
62 221
19 294
161 122
40 245
24 315
127 438
77 388
158 125
190 501
232 51
75 208
39 350
102 413
195 506
255 28
45 356
66 217
22 269
74 209
130 441
223 60
41 352
195 88
208 75
32 339
192 91
152 463
174 109
50 233
214 69
120 163
266 17
257 26
193 90
205 78
23 312
110 421
92 191
104 415
85 198
168 115
280 3
274 9
16 291
17 302
199 84
197 86
166 117
176 487
36 345
235 48
243 40
166 477
64 375
207 78
34 341
176 107
181 102
124 435
194 505
44 241
102 181
71 212
121 432
103 414
18 277
85 396
118 429
254 29
180 491
138 145
37 346
20 299
116 167
34 343
19 300
91 402
19 278
103 180
148 459
150 133
173 110
57 368
271 12
189 94
91 192
25 324
186 497
109 420
90 193
74 385
25 266
150 461
48 235
27 326
17 296
76 387
188 95
19 304
79 390
147 458
42 353
122 161
70 381
31 338
55 228
175 108
60 371
202 81
261 22
39 246
34 251
121 162
28 261
86 197
27 260
79 204
46 357
230 53
172 483
17 288
218 65
96 407
33 252
196 507
19 280
78 205
162 473
148 135
89 400
20 271
20 309
101 182
27 332
201 82
245 38
154 129
21 270
117 428
83 394
156 127
42 243
106 417
106 177
184 495
259 24
55 366
154 465
229 54
187 96
24 321
136 447
198 509
33 342
155 128
19 274
198 85
137 146
16 283
99 184
268 15
61 372
174 485
283 0
238 45
19 306
112 423
84 395
226 57
161 472
35 344
18 293
119 164
67 378
170 481
115 426
172 111
26 325
92 403
157 468
236 47
17 290
46 237
44 355
159 470
20 305
250 33
24 317
128 439
153 464
69 380
222 61
35 250
64 219
191 92
95 188
51 362
93 190
182 493
123 434
107 176
27 328
203 80
56 227
122 433
107 178
23 322
97 408
29 334
18 297
93 404
112 171
159 124
190 93
136 147
183 494
126 437
86 397
19 298
260 23
18 295
57 226
23 268
63 220
249 34
28 335
192 503
231 52
84 199
82 393
169 480
182 101
101 412
46 239
149 460
33 254
153 130
28 327
149 134
142 453
96 187
38 347
81 392
140 451
269 14
25 320
204 79
127 156
36 249
137 448
272 11
17 292
139 450
160 471
71 382
20 293
24 319
67 216
51 232
220 63
170 113
98 409
152 131
144 455
115 168
146 457
111 172
53 230
132 443
113 170
197 508
262 21
26 324
232 52
129 155
167 117
94 404
147 457
35 341
37 249
98 186
143 453
96 188
46 356
18 296
154 130
23 311
111 173
25 267
164 120
117 167
69 215
58 226
48 358
144 140
138 146
199 509
169 479
187 97
139 449
179 489
133 151
220 64
185 99
256 28
33 255
101 183
65 219
283 1
195 89
134 150
71 381
160 124
167 477
173 111
24 312
125 435
229 55
245 39
21 273
280 4
26 320
70 214
49 359
151 133
74 210
105 179
199 85
268 16
87 197
21 309
197 507
19 307
182 492
284 0
156 466
146 138
201 83
246 38
72 382
179 105
158 468
25 315
227 57
190 500
159 125
75 209
21 305
255 29
183 101
18 276
91 401
93 191
142 142
36 250
145 139
275 9
170 114
134 444
263 21
155 129
241 43
169 115
25 323
198 508
177 487
277 7
67 377
196 88
164 474
115 169
281 3
102 182
251 33
41 245
210 74
19 301
145 455
137 147
80 390
195 505
22 270
181 103
68 378
282 2
151 461
117 427
271 13
63 373
81 203
76 386
206 78
176 486
26 266
19 285
79 389
172 112
265 19
127 157
274 10
192 92
91 193
99 409
18 288
112 172
34 342
46 240
122 162
162 472
28 328
26 314
269 15
197 87
129 439
30 334
186 98
89 399
180 490
163 121
242 42
166 476
177 107
131 441
257 27
81 391
171 113
67 217
273 11
90 400
132 152
18 286
213 71
20 304
60 370
141 143
28 262
173 483
188 96
174 110
156 128
276 8
59 225
114 170
278 6
51 361
88 196
224 60
178 106
191 93
18 282
149 135
66 218
51 233
102 412
48 236
59 369
126 436
157 467
71 213
150 460
55 365
130 154
153 131
189 499
24 268
120 430
176 108
97 187
28 326
185 495
85 199
110 420
207 77
124 434
261 23
87 397
116 168
77 207
230 54
27 329
80 204
165 475
215 69
135 445
237 47
130 440
187 497
104 414
174 484
29 335
259 25
264 20
254 30
233 51
69 379
49 235
136 446
132 442
121 431
222 62
56 228
128 438
76 208
127 437
183 493
103 413
181 491
214 70
225 59
34 340
47 237
239 45
39 347
123 433
249 35
73 383
50 360
243 41
95 189
86 198
25 319
153 463
19 275
205 79
135 149
160 470
27 263
137 447
203 81
20 280
120 164
113 423
92 402
168 478
21 299
175 485
270 14
61 371
109 175
140 144
204 80
262 22
82 392
124 160
193 91
136 148
34 252
193 503
180 104
40 350
200 84
29 259
43 353
194 90
201 511
161 471
116 426
20 278
258 26
42 352
182 102
18 292
107 177
109 419
36 344
18 284
62 222
17 291
281 5
191 501
94 190
217 67
27 265
103 181
60 226
55 229
244 40
20 272
17 283
158 126
35 251
125 159
250 34
140 450
20 298
96 406
236 48
110 174
248 36
184 100
32 338
60 224
212 72
118 428
20 308
40 246
20 300
44 242
24 322
161 123
157 127
18 302
216 68
121 163
44 354
189 95
100 410
98 408
190 94
240 44
74 384
57 367
78 206
28 260
64 374
19 297
162 122
26 330
58 368
27 325
25 317
95 405
43 243
37 345
128 156
219 65
20 294
19 277
178 488
126 158
25 321
82 202
52 362
89 195
149 459
148 458
247 37
83 393
38 248
104 180
139 145
112 422
29 261
138 448
20 274
21 271
123 161
30 258
143 141
194 504
41 351
85 395
188 498
105 415
22 310
78 388
66 376
39 247
70 380
38 346
152 462
46 238
100 184
46 242
279 5
19 295
147 137
150 134
88 398
223 61
168 116
61 223
47 239
186 496
118 166
221 63
23 269
54 364
211 73
231 53
73 211
148 136
19 279
19 303
33 339
115 425
47 357
272 12
29 327
141 451
144 454
86 396
106 178
79 205
45 355
238 46
266 18
42 244
119 429
175 109
171 481
146 456
122 432
54 230
218 66
155 465
133 443
172 482
226 58
34 254
208 76
107 417
77 387
75 385
29 333
83 201
64 220
228 56
28 332
152 132
65 375
50 234
170 480
68 216
192 502
52 233
158 127
30 261
266 19
214 71
30 335
65 220
280 5
69 378
96 189
138 447
20 297
170 115
76 209
116 425
151 134
181 104
152 133
237 48
166 119
78 387
49 236
139 448
106 415
197 506
222 63
105 180
165 120
148 137
20 303
75 210
124 433
185 100
67 218
56 229
123 432
160 125
183 102
37 250
46 241
27 324
21 300
82 203
261 24
155 130
149 136
92 401
196 89
19 296
129 156
28 325
282 3
124 161
123 162
53 362
177 108
232 53
191 94
28 329
223 62
102 183
22 299
230 55
150 459
19 284
68 217
247 38
163 122
81 204
74 383
24 269
120 165
210 75
272 13
83 202
50 359
21 294
117 426
131 440
53 232
18 283
128 157
88 197
146 455
205 80
22 305
38 345
110 419
259 26
193 502
131 154
215 70
52 361
153 462
154 131
22 309
132 441
59 226
249 36
35 340
80 389
140 145
136 445
56 365
29 262
179 106
29 328
119 428
21 298
250 35
227 58
113 422
258 27
95 404
67 376
26 323
59 368
25 316
188 97
110 175
200 509
246 39
251 34
88 397
277 8
98 187
172 481
149 458
211 74
150 135
218 67
122 431
125 160
194 91
126 435
165 474
161 124
118 167
32 337
60 225
164 121
22 271
64 221
89 196
121 164
166 475
21 274
87 396
60 369
76 385
174 483
186 99
176 109
41 246
21 306
126 159
219 66
129 438
157 128
147 138
143 452
32 257
68 377
81 390
54 231
122 163
194 503
157 466
133 442
274 11
195 90
70 379
78 207
182 491
182 103
44 243
65 374
26 315
195 504
125 434
28 331
271 14
106 179
142 451
70 215
25 268
253 32
46 243
187 98
64 373
276 9
269 16
42 245
55 364
190 95
173 112
221 64
245 40
35 342
172 113
203 82
33 338
107 416
28 265
191 500
265 20
93 402
192 501
175 484
137 446
239 46
73 212
84 201
21 308
128 437
26 319
63 222
111 174
140 449
74 211
72 381
233 52
136 149
45 354
47 240
30 327
91 194
145 140
102 411
19 290
27 330
21 272
270 15
226 59
181 490
27 264
21 278
177 486
161 470
263 22
54 363
168 117
58 227
40 349
121 430
35 252
20 279
167 476
92 193
189 498
72 213
151 460
208 77
20 277
243 42
48 357
169 116
29 332
115 170
47 356
58 367
147 456
162 123
188 497
120 429
100 409
173 482
283 2
135 444
104 181
262 23
139 146
156 465
99 186
23 310
109 418
23 270
108 417
73 382
284 1
82 391
168 477
228 57
127 158
183 492
260 25
185 494
244 41
141 144
66 219
42 351
43 244
77 208
20 295
103 182
275 10
285 0
108 177
20 301
27 266
162 471
35 254
44 353
224 61
86 199
176 485
200 85
87 198
31 258
48 239
213 72
20 285
159 468
33 256
281 4
18 289
193 92
98 407
49 358
202 83
279 6
36 343
174 111
171 480
169 478
179 488
29 260
94 403
83 204
127 436
47 238
85 394
19 286
134 151
94 193
27 320
186 495
26 267
184 493
22 273
225 60
99 408
63 372
143 142
204 81
255 30
217 68
30 259
236 49
40 247
62 371
116 169
30 333
101 184
80 205
85 200
97 406
160 469
201 84
158 467
86 395
34 255
103 412
45 242
61 370
198 87
145 454
109 176
117 168
190 499
100 185
93 192
118 427
25 322
267 18
138 147
144 141
39 248
206 79
91 400
199 508
57 366
113 172
75 384
37 344
20 307
133 152
46 355
41 350
264 21
178 107
19 276
137 148
234 51
79 388
94 191
231 54
101 410
257 28
180 105
156 129
39 346
229 56
175 110
34 339
18 291
148 457
79 206
95 190
184 101
66 375
242 43
40 347
132 153
55 230
187 496
96 405
197 88
235 50
135 150
254 31
159 126
51 360
105 414
24 311
50 235
90 399
43 352
21 304
198 507
31 336
119 166
152 461
61 224
202 511
268 17
90 195
240 45
84 393
167 118
19 302
20 275
141 450
180 489
171 114
238 47
278 7
248 37
26 321
144 453
189 96
142 144
168 118
20 296
29 265
149 457
87 395
131 155
189 497
22 300
156 130
39 249
19 287
84 202
120 428
74 382
43 351
115 171
82 390
56 364
42 246
155 131
99 407
52 360
75 211
233 53
38 344
77 385
229 57
85 201
107 415
204 82
271 15
86 200
184 492
151 135
153 133
263 23
163 123
144 452
61 225
104 412
199 507
253 33
166 120
249 37
127 435
220 66
209 77
69 377
40 346
78 386
161 125
56 230
268 18
226 60
133 153
20 286
270 16
128 158
133 441
259 27
64 222
53 233
29 331
110 176
54 362
140 146
140 448
157 465
98 188
117 169
126 162
210 76
120 166
100 186
81 205
21 279
126 434
73 213
54 232
165 473
24 270
212 74
49 357
215 71
21 285
186 494
65 221
61 369
23 271
36 254
62 370
285 1
21 301
19 283
169 117
35 255
91 195
134 152
181 105
48 238
181 489
72 214
228 58
22 272
59 227
57 365
167 475
97 405
104 182
50 236
32 334
28 324
113 421
60 368
95 191
34 256
185 493
176 110
44 244
28 266
21 275
27 323
19 289
49 239
75 383
227 59
21 303
94 194
154 132
151 459
97 189
27 321
89 397
261 25
153 461
170 116
42 350
83 203
170 478
196 504
232 54
20 276
26 316
37 341
224 62
30 326
230 56
36 342
201 509
36 252
211 75
173 113
33 337
67 375
179 107
71 215
30 328
258 28
182 490
89 197
39 345
265 21
29 263
145 453
135 151
166 474
191 97
119 167
102 184
267 19
129 437
99 187
93 193
76 210
37 251
239 47
187 495
32 336
231 55
21 307
68 376
182 104
245 41
148 138
192 94
219 67
28 264
108 416
24 310
275 11
123 163
248 38
175 483
26 318
76 384
124 162
45 353
242 44
216 70
141 449
244 42
184 102
25 311
272 14
256 30
23 299
200 86
138 446
29 329
103 183
136 150
198 88
20 302
40 348
49 237
66 374
26 322
155 463
47 241
199 87
73 381
22 278
273 13
190 96
201 85
121 429
205 81
95 403
200 508
286 0
254 32
27 319
67 219
264 22
28 330
69 217
137 149
260 26
178 108
58 228
156 464
278 8
92 194
189 97
163 471
279 7
82 204
173 481
92 400
74 212
206 80
169 477
111 175
41 349
21 281
147 139
139 147
48 356
30 332
52 234
64 372
185 101
152 134
21 277
21 297
62 224
121 165
63 371
191 499
164 122
223 63
159 127
146 454
197 505
222 64
43 245
46 354
187 99
122 164
190 498
171 479
175 111
172 114
33 257
168 476
20 290
35 339
114 172
136 444
238 48
29 325
34 338
25 269
180 488
236 50
246 40
183 103
174 112
202 510
158 128
154 462
122 430
158 466
45 243
218 68
167 119
194 502
20 282
150 458
195 503
86 394
30 260
217 69
66 220
28 320
196 90
53 361
269 17
124 432
139 447
172 480
22 304
214 72
31 333
112 420
128 436
23 273
27 315
250 36
113 173
98 406
257 29
117 425
71 379
80 388
32 258
101 409
41 247
106 414
145 141
132 440
36 340
88 198
203 511
30 262
277 9
193 93
162 124
127 159
26 268
251 35
119 427
55 231
123 431
84 392
171 115
27 267
22 294
213 73
134 442
243 43
78 208
125 161
91 399
31 259
85 393
138 148
194 92
266 20
88 396
160 468
144 142
276 10
118 168
110 418
105 181
141 145
70 216
109 417
102 410
240 46
103 411
59 367
130 156
109 177
94 192
80 206
96 404
48 240
72 380
37 343
241 45
149 137
106 180
225 61
63 223
143 451
161 469
118 426
81 389
22 274
79 207
47 355
137 445
165 121
284 2
31 335
221 65
19 291
41 347
96 190
94 402
114 422
125 433
23 309
159 467
180 106
188 496
116 170
21 295
280 6
51 235
162 470
157 129
177 485
283 3
193 501
202 84
179 487
143 143
176 484
152 460
100 408
40 248
83 391
126 160
46 244
90 196
148 456
79 387
51 359
235 51
178 486
282 4
68 218
253 34
257 30
225 62
199 506
144 143
87 200
49 356
169 118
126 433
192 95
31 326
180 107
111 176
122 429
95 402
75 382
176 111
191 96
67 220
23 272
236 51
110 417
178 109
250 37
174 481
77 210
278 9
89 198
125 432
85 392
22 301
36 253
100 187
269 18
66 373
198 89
106 181
176 483
24 299
205 82
43 246
37 340
33 336
194 501
219 68
21 296
231 56
168 475
101 408
122 165
272 15
107 414
58 229
190 497
26 311
275 12
31 332
201 508
135 442
109 416
103 410
100 407
129 436
197 90
280 7
42 349
99 188
97 190
175 112
61 368
34 257
74 213
103 184
173 114
46 353
177 484
135 152
48 355
262 25
39 344
164 123
218 69
93 400
101 186
21 290
115 172
86 393
90 397
245 42
260 27
221 66
200 87
132 155
138 445
145 452
235 52
62 225
102 409
204 511
171 116
157 130
134 441
120 427
22 297
148 139
182 489
247 40
113 420
189 496
21 292
228 59
287 0
203 510
20 283
113 174
41 346
28 323
140 147
162 469
263 24
164 471
233 54
240 47
32 259
134 153
142 145
183 104
23 274
29 264
165 122
90 197
214 73
286 1
237 50
49 238
126 161
168 119
65 372
261 26
30 263
22 281
35 256
213 74
167 474
158 465
20 291
30 325
37 342
162 125
114 421
21 302
59 228
230 57
37 254
27 318
67 374
41 248
22 303
139 148
140 447
182 105
124 431
117 424
56 231
108 415
141 146
32 333
58 365
88 395
226 61
141 448
48 241
276 11
55 232
26 269
96 403
161 126
21 286
195 502
227 60
31 260
76 211
186 101
170 477
177 110
20 287
152 459
142 449
22 275
109 178
124 163
78 209
47 354
149 138
22 293
38 341
62 369
76 383
destination
