map
random512-40-6.map
pivot
193 346
agent & start
36 409
37 409
36 410
36 408
37 410
30 403
31 408
32 409
35 408
33 409
31 403
32 408
38 410
31 407
30 402
34 408
33 408
31 404
31 406
39 410
34 407
30 401
29 401
40 410
32 404
31 405
33 407
30 400
27 400
33 404
33 406
28 401
32 405
29 400
40 409
40 408
33 405
27 399
29 399
28 400
34 405
28 399
40 407
28 398
35 405
40 406
28 396
29 395
28 397
29 396
39 406
30 395
36 405
37 405
29 397
39 405
30 396
31 396
30 397
54 399
38 405
55 400
55 401
30 398
31 397
38 404
54 398
54 400
47 402
47 400
32 397
48 401
38 403
31 398
55 398
54 401
46 402
55 397
32 398
53 401
47 401
37 403
48 400
31 399
46 400
46 401
36 403
33 398
52 401
55 396
49 400
56 397
45 400
32 399
52 400
45 401
369 477
50 400
57 397
56 396
32 400
35 403
46 396
34 402
33 399
50 399
46 397
33 400
56 395
46 395
368 477
34 401
43 394
369 478
57 396
44 395
51 400
44 401
35 402
34 400
45 395
51 399
50 398
57 393
368 478
43 395
43 401
367 479
47 397
35 401
57 395
49 397
44 394
44 396
370 480
369 480
44 393
43 400
45 394
368 479
51 398
50 397
58 393
57 394
44 397
370 481
43 396
367 478
52 397
36 401
35 400
48 397
45 393
58 394
371 483
368 480
369 481
370 482
43 397
52 396
367 481
42 400
51 397
37 401
36 400
366 478
42 396
371 481
43 399
48 396
371 482
59 394
46 393
370 483
42 399
51 396
367 482
375 484
50 395
38 401
37 400
371 484
368 481
365 478
42 397
48 395
51 395
375 483
374 484
41 397
60 394
368 482
370 484
41 399
37 399
49 395
373 483
38 400
372 482
369 483
50 394
365 479
47 393
40 399
374 483
373 482
369 484
61 394
365 480
49 394
368 483
38 399
51 394
48 393
41 398
62 395
368 484
369 485
38 398
48 392
52 384
365 481
51 393
61 395
49 393
374 482
53 385
40 398
39 399
62 396
38 397
61 396
51 384
365 482
39 398
374 481
49 392
363 484
53 386
368 485
52 385
51 392
52 386
375 481
365 483
51 385
51 391
50 392
53 387
59 397
363 485
367 485
60 396
364 484
38 396
39 397
51 386
367 486
365 484
35 390
50 391
364 485
59 398
53 388
51 390
39 396
60 397
376 481
52 387
52 389
377 479
376 480
50 386
39 395
50 390
35 391
37 389
61 399
52 388
36 390
60 398
51 389
365 485
366 486
51 387
366 487
38 389
365 486
37 390
49 386
376 479
39 394
51 388
50 387
377 478
50 389
37 392
36 391
61 400
60 399
375 479
365 487
376 478
49 387
38 390
60 400
37 391
40 394
48 390
50 388
38 392
49 389
48 389
41 394
47 390
38 391
365 488
372 479
60 401
49 388
39 392
375 478
39 390
47 389
39 391
373 479
40 392
374 478
57 403
364 488
372 478
48 388
365 489
60 402
41 393
40 390
41 390
46 387
47 388
372 477
57 404
58 403
59 402
374 477
42 393
41 392
40 391
368 493
365 490
364 489
373 478
368 492
366 492
367 493
373 477
59 403
47 387
365 491
41 391
365 493
372 476
364 490
57 405
46 386
42 392
58 404
373 476
364 491
42 391
366 491
43 392
365 492
367 492
364 493
58 405
47 386
59 404
45 390
58 406
372 498
44 390
367 491
59 405
373 475
60 404
363 491
43 391
45 389
364 492
363 493
47 385
61 404
373 498
44 389
372 497
367 490
60 405
363 492
373 474
58 407
64 407
47 384
43 390
362 493
43 389
62 406
372 496
362 492
375 499
368 490
368 488
63 407
60 406
44 388
64 408
372 492
361 493
61 405
373 497
47 383
58 408
374 474
361 492
372 495
44 387
47 382
375 470
373 492
62 407
372 491
60 407
61 406
375 498
368 489
374 473
360 493
368 487
371 492
64 409
373 496
43 388
369 490
376 499
58 409
376 496
360 492
59 409
370 490
375 471
46 382
369 489
377 499
375 473
61 407
375 497
374 496
58 410
376 470
372 494
43 387
47 381
64 410
60 408
373 493
371 491
374 472
376 498
62 408
379 499
361 491
369 487
60 409
0 359
42 387
373 494
59 410
42 383
376 471
378 499
360 491
376 495
375 496
46 381
371 490
45 382
370 489
370 487
58 411
375 472
61 408
377 498
39 388
379 498
63 410
62 409
42 384
41 387
45 381
0 358
371 489
destination
