map
random512-25-1.map
pivot
454 157
agent & start
10 501
9 500
8 501
7 504
1 504
3 506
0 503
4 505
2 504
9 511
1 503
8 502
7 503
9 501
7 505
3 505
3 504
9 510
8 503
9 502
10 511
8 505
2 503
6 503
9 509
11 511
3 503
9 505
5 503
9 503
10 510
9 508
10 503
11 510
4 503
9 504
10 509
3 502
4 502
10 504
12 510
10 508
11 509
10 507
11 508
12 509
4 501
11 504
12 508
11 507
4 500
1 497
0 496
14 510
11 505
2 497
15 510
4 499
13 508
11 506
12 507
14 509
0 495
1 496
14 508
2 496
4 498
13 507
15 509
5 499
1 495
17 511
12 506
0 493
16 509
3 496
13 506
1 494
18 511
2 495
14 507
4 497
17 510
5 498
2 494
14 506
6 498
18 510
19 511
15 507
3 495
0 492
5 497
16 508
1 493
20 511
14 505
5 496
2 493
6 497
destination
