map
random512-30-6.map
pivot
286 216
agent & start
1 504
8 510
2 504
9 511
1 503
3 504
10 511
9 510
8 509
2 503
10 509
1 502
2 502
9 509
3 503
10 510
11 509
1 501
11 511
4 504
9 508
2 501
12 511
4 503
12 509
1 500
11 510
9 507
2 500
1 499
12 510
3 501
4 502
13 511
13 509
5 503
3 500
13 510
6 503
2 499
14 509
5 502
1 498
10 507
11 507
6 502
3 499
14 510
15 511
4 500
7 503
5 501
2 498
7 502
15 510
4 499
12 505
5 500
16 511
3 498
11 506
6 501
13 505
16 510
7 501
12 506
6 500
4 498
13 506
16 509
8 501
14 505
7 500
5 498
17 510
5 497
0 490
16 508
14 506
8 500
9 501
0 488
17 509
15 506
9 500
18 509
17 508
10 501
0 489
1 488
19 510
5 496
1 490
20 511
19 509
20 510
9 499
16 506
21 511
0 486
17 507
1 489
11 501
10 500
6 496
1 487
2 490
12 501
10 499
2 489
14 503
7 496
19 508
11 500
17 506
0 485
18 507
21 510
15 504
16 505
1 486
16 504
20 508
2 486
3 489
15 503
21 509
7 495
10 498
17 505
12 500
11 499
14 502
19 507
13 501
1 485
22 510
7 494
3 488
11 498
2 485
19 504
9 496
10 497
3 484
21 508
14 501
44 511
8 495
13 500
20 507
22 509
18 505
19 506
17 504
15 502
1 483
14 500
2 484
0 482
14 496
37 511
17 503
16 502
3 487
10 496
7 493
5 491
13 497
9 495
3 483
15 501
12 498
23 509
13 499
43 511
4 488
21 507
19 505
44 510
19 503
21 506
14 499
36 511
14 495
16 501
34 511
42 511
13 498
8 493
19 502
5 488
0 481
23 508
22 507
1 482
2 483
15 500
4 487
11 496
13 496
7 492
6 491
43 510
5 490
10 495
38 511
20 505
18 503
13 495
35 511
15 499
6 488
10 494
17 499
5 489
41 511
23 507
18 502
7 491
34 510
8 492
42 510
43 507
9 493
21 505
14 498
19 497
24 508
16 500
39 511
0 480
2 482
18 498
17 501
11 495
5 487
6 490
13 494
7 490
10 493
19 498
15 498
18 499
40 511
42 507
0 479
35 510
18 497
17 500
34 509
21 504
42 509
6 489
17 498
11 494
43 508
2 481
6 487
8 491
18 501
22 505
12 495
24 507
1 480
27 508
25 507
6 486
40 510
2 480
8 490
11 493
16 498
3 481
17 497
22 504
1 479
19 499
18 500
0 478
18 496
24 506
9 491
15 497
27 507
7 489
34 508
42 508
12 494
26 508
23 505
35 509
23 504
25 506
8 489
21 502
24 505
26 507
19 500
9 490
3 480
16 497
12 493
1 478
22 503
17 496
7 486
20 501
41 508
33 508
4 481
35 506
36 505
40 509
36 509
35 508
34 507
2 479
0 477
22 502
0 476
26 506
35 507
36 504
5 481
39 509
3 479
2 478
20 500
9 489
36 508
8 486
6 482
9 485
33 507
40 508
24 504
16 496
36 506
32 508
4 480
21 501
12 492
7 482
16 495
21 500
9 486
22 501
32 507
1 476
24 503
36 507
9 488
6 481
39 508
25 504
33 506
35 504
37 508
8 481
4 479
12 491
26 505
3 478
10 485
15 494
0 475
3 477
26 504
12 490
5 479
4 478
37 507
22 500
21 499
7 481
11 489
10 486
32 506
2 476
8 480
15 493
16 494
6 480
34 504
10 488
14 490
25 503
1 475
38 508
2 475
38 507
8 479
15 490
21 498
22 499
11 488
24 501
10 487
31 506
12 489
5 478
14 491
0 467
4 477
23 498
0 473
3 476
16 493
25 502
32 505
7 480
26 503
33 504
13 490
23 500
13 489
3 475
21 497
4 476
17 493
28 504
31 505
23 499
33 503
1 473
1 467
25 501
15 491
7 479
32 504
22 498
12 488
24 500
0 472
16 492
16 490
0 466
11 487
6 478
38 506
23 497
27 503
5 477
20 496
0 468
16 491
26 501
29 504
24 499
3 474
12 487
4 475
5 476
32 503
7 478
31 504
2 473
1 466
21 496
20 495
39 506
0 469
13 488
28 503
1 468
18 493
30 505
27 502
16 489
38 505
6 477
25 500
0 465
1 472
22 497
0 462
7 477
29 503
39 505
14 488
20 494
12 486
4 474
16 488
17 491
2 466
21 495
3 473
22 496
27 501
6 476
30 504
19 493
2 472
25 499
1 465
1 469
17 489
0 464
23 495
32 502
13 487
21 494
16 487
31 502
24 495
1 464
6 475
2 465
18 491
29 502
1 470
0 463
8 475
19 492
39 502
12 485
27 500
3 472
4 473
39 504
1 462
13 486
8 477
26 499
2 471
24 493
22 495
30 503
38 503
14 487
23 494
7 476
25 498
20 493
18 489
14 486
13 485
3 471
38 502
17 485
10 474
33 501
22 494
27 499
32 500
31 501
30 502
7 475
24 494
39 503
15 487
5 473
25 497
36 500
24 496
26 498
18 490
20 492
8 476
23 493
2 470
1 463
19 489
6 474
16 486
21 493
2 464
35 501
25 494
21 492
35 500
25 496
20 491
14 485
18 485
6 473
17 486
10 475
15 486
33 500
18 487
32 499
26 497
9 476
28 499
30 501
22 493
40 503
31 500
37 500
2 463
3 470
20 489
41 502
27 486
9 474
19 488
10 473
29 500
27 498
34 501
19 490
38 501
23 492
7 474
22 492
4 468
27 485
4 470
3 463
19 487
29 499
42 502
12 482
26 486
34 500
27 497
35 499
31 499
26 496
10 476
7 473
11 481
18 486
11 475
30 500
14 484
41 503
38 500
9 473
20 490
26 494
15 485
26 485
5 470
39 498
31 498
27 494
40 497
4 469
11 480
7 472
35 498
13 482
11 476
22 491
39 500
43 504
27 484
30 499
25 486
12 481
19 486
20 487
27 496
12 475
8 473
4 467
9 472
14 469
34 499
21 490
29 498
45 506
22 487
42 503
28 497
15 484
3 462
12 476
11 477
22 490
7 471
4 462
29 497
6 470
30 498
22 488
27 495
39 497
38 498
25 485
14 470
14 482
12 480
23 487
34 498
5 469
28 496
20 486
35 497
40 498
5 467
46 506
16 484
25 487
26 484
24 486
15 469
4 466
27 483
43 503
40 500
15 483
8 472
44 504
45 505
13 476
6 469
24 487
40 499
44 503
52 507
13 480
12 479
46 505
5 462
27 482
48 507
16 469
22 489
30 497
33 498
12 477
13 470
45 504
25 484
23 488
23 490
34 497
38 497
6 467
24 485
7 470
28 495
29 496
4 465
14 481
5 466
13 472
16 483
37 498
8 471
26 483
21 486
6 468
35 495
26 482
45 503
4 464
14 476
41 499
24 490
5 463
24 484
33 497
29 495
21 485
14 480
30 496
12 478
49 507
13 471
7 467
20 484
23 485
13 479
46 504
23 489
8 470
17 483
34 496
47 505
46 502
52 506
12 472
6 466
16 470
51 507
48 506
24 488
15 471
7 469
37 497
23 484
15 472
35 494
13 478
31 496
47 502
48 505
22 485
30 495
25 482
49 506
24 489
19 484
21 484
29 494
46 501
45 502
49 500
8 469
51 506
42 499
14 477
24 483
33 496
16 471
7 466
12 471
6 463
18 483
9 470
11 472
17 482
5 464
26 479
14 479
46 503
34 495
37 496
47 504
7 468
17 481
23 483
51 505
49 505
49 499
25 481
8 468
7 465
24 482
46 500
26 478
42 496
30 494
48 504
42 498
14 478
8 466
29 493
47 503
44 500
50 500
50 506
16 472
25 479
48 502
37 495
35 493
9 469
33 495
43 499
49 501
31 495
11 471
25 489
19 481
9 467
45 501
22 484
19 483
48 500
6 464
36 493
47 500
17 480
45 500
43 498
15 474
22 483
25 480
19 482
26 477
30 493
10 469
9 466
25 478
24 481
31 494
49 504
50 501
50 505
44 499
10 463
46 499
26 489
11 470
15 478
43 496
37 494
9 464
32 495
9 468
49 498
27 490
28 491
48 499
18 481
19 480
48 503
33 494
42 497
7 464
16 473
38 495
50 504
48 498
8 464
28 490
12 464
49 503
33 493
22 482
20 482
17 473
46 498
18 480
50 502
24 480
45 499
16 474
16 478
10 466
29 491
10 468
11 469
15 475
27 489
47 499
44 498
37 493
9 463
23 481
32 494
43 497
38 494
25 477
11 463
41 493
30 492
40 493
50 503
28 489
23 480
17 478
17 474
11 466
12 459
21 482
37 492
24 477
42 493
44 497
13 464
18 479
16 477
9 460
45 498
39 494
41 494
10 461
47 498
22 481
9 462
12 463
30 491
8 463
16 475
48 497
11 468
12 469
32 493
23 477
39 493
29 489
17 475
51 503
32 492
18 478
31 491
9 461
11 467
8 462
38 492
10 460
23 479
13 463
47 497
21 481
42 494
12 462
45 497
11 461
12 468
13 459
17 477
destination
