map
random512-30-7.map
pivot
356 432
agent & start
387 47
116 174
161 133
329 59
95 195
290 68
320 60
364 46
113 177
188 112
213 93
142 148
510 100
378 46
455 75
291 67
424 60
436 66
28 284
367 47
382 52
128 166
145 145
60 232
111 179
252 76
501 95
466 80
332 62
311 67
474 90
5 305
94 196
23 285
337 55
312 66
447 65
430 60
309 69
129 163
265 73
39 261
162 132
67 225
156 136
363 45
3 323
475 87
56 236
71 219
36 264
52 240
66 226
57 235
50 244
5 301
405 47
340 58
308 68
426 62
295 67
32 272
226 84
461 81
375 47
144 146
49 245
408 46
262 74
63 229
493 95
338 56
35 265
34 278
452 72
165 129
212 94
389 49
319 61
456 76
287 71
431 61
121 171
69 221
330 60
224 84
112 178
509 99
317 63
55 237
491 95
116 176
396 48
88 204
202 102
448 66
393 51
281 69
161 135
54 238
104 188
314 64
420 56
163 135
459 79
388 48
44 250
394 50
173 121
183 119
313 65
42 254
4 302
250 78
3 329
503 97
162 134
421 57
181 119
337 53
13 291
103 193
382 50
398 46
457 77
433 63
407 45
46 248
218 92
5 309
434 64
53 239
480 88
164 130
59 233
99 191
126 166
58 234
96 194
441 65
260 74
12 292
409 47
107 191
108 192
410 46
2 330
316 64
500 94
79 211
412 50
167 125
73 219
263 73
381 49
210 96
284 70
2 322
5 325
26 282
337 61
344 48
105 197
124 168
106 190
379 47
503 99
22 286
296 68
10 296
345 47
477 87
266 74
61 231
155 137
461 83
399 45
423 59
359 43
259 73
87 205
6 326
51 241
412 48
164 128
81 209
97 193
506 96
54 240
141 149
293 65
397 47
238 84
49 247
83 211
334 60
68 224
315 63
209 101
38 262
123 169
440 66
59 235
21 287
91 201
476 86
219 93
352 42
411 47
4 328
125 167
248 80
147 143
339 57
3 331
178 122
450 68
14 290
280 68
115 177
369 45
128 164
43 253
479 87
138 152
64 228
454 74
508 98
294 66
307 69
251 77
44 252
25 283
154 138
191 109
358 44
511 101
365 47
390 50
115 175
129 165
208 98
502 96
105 195
310 68
444 66
460 82
105 189
80 210
4 330
340 50
192 108
289 69
377 47
492 96
58 236
153 141
279 69
98 192
143 147
468 82
30 274
5 327
122 170
425 61
490 96
82 210
189 111
406 46
160 134
435 65
6 306
11 293
163 131
19 287
504 98
180 120
166 126
190 110
219 89
4 324
47 247
504 100
449 67
473 89
225 83
120 172
298 66
208 100
474 88
160 135
363 46
504 99
148 143
411 48
467 82
202 103
104 195
503 98
50 243
8 299
120 173
225 84
183 120
460 81
416 61
182 119
168 125
322 59
2 321
441 66
14 291
163 134
51 244
412 51
192 109
474 89
27 284
389 50
440 67
376 47
2 331
157 136
445 66
6 325
263 74
44 251
475 88
381 52
286 75
449 68
162 133
61 232
279 70
92 201
319 62
145 146
329 60
295 68
178 123
12 293
505 98
298 67
208 99
123 170
342 57
506 97
65 228
209 100
461 84
71 220
81 210
345 48
7 306
8 301
375 48
125 168
4 329
458 79
130 163
63 232
35 266
476 87
296 69
220 89
164 131
70 221
436 67
362 45
284 71
425 62
98 193
1 332
219 94
4 323
13 292
443 66
95 196
212 95
454 75
259 74
412 49
108 191
5 310
448 67
220 93
430 61
22 287
320 61
49 246
356 43
9 298
508 99
64 229
24 285
420 57
377 48
88 205
157 144
502 97
318 63
203 102
143 148
341 50
46 249
310 69
110 183
398 47
433 64
501 96
105 188
23 286
394 51
333 62
509 100
163 132
106 187
446 65
494 95
381 50
456 77
308 69
6 305
249 80
435 66
67 226
129 164
5 304
47 248
39 262
321 60
103 194
252 77
97 194
266 75
492 97
112 179
32 273
142 149
480 89
285 72
357 44
338 55
186 115
6 327
299 68
238 85
455 76
116 175
177 124
427 62
58 237
312 67
10 297
459 80
408 47
262 75
128 167
211 96
465 82
181 120
251 78
338 53
352 43
493 96
119 174
114 177
113 178
424 61
423 60
54 241
380 49
35 278
55 238
289 70
339 56
52 241
57 236
294 67
94 197
309 70
139 152
400 45
291 68
126 167
344 49
489 98
479 88
368 47
26 283
53 240
144 147
395 50
444 67
161 136
468 83
59 234
122 171
62 231
369 46
226 85
334 61
107 190
452 73
499 94
154 141
407 46
173 122
3 332
60 233
73 220
434 65
447 66
71 224
359 44
104 197
69 224
431 62
293 66
336 61
25 284
387 48
341 58
491 96
50 245
48 247
287 72
364 47
3 322
265 74
80 211
99 192
457 78
292 67
190 111
379 48
313 66
5 328
410 47
167 126
45 252
6 301
218 93
213 94
315 64
36 265
189 112
0 333
165 128
87 206
72 225
45 250
280 69
5 330
106 189
330 61
405 48
511 102
428 61
43 254
155 138
378 47
5 302
51 242
340 57
453 74
314 65
396 49
237 84
84 211
358 45
19 288
332 63
466 81
31 274
507 98
17 289
71 221
212 96
32 274
430 62
333 63
192 110
33 273
111 181
24 286
290 70
88 206
6 324
407 47
398 48
4 322
164 132
2 332
8 308
97 195
19 289
395 51
315 65
489 99
396 50
226 86
294 68
99 193
142 152
103 195
71 225
287 73
130 164
169 125
219 95
412 52
318 64
352 44
499 95
45 251
68 226
479 89
102 194
475 89
435 67
506 98
95 197
330 62
167 127
39 263
358 46
423 61
3 333
296 70
36 278
251 81
465 83
50 246
361 45
369 47
287 75
188 114
10 298
284 72
60 234
119 175
413 51
25 285
113 179
106 188
432 64
52 242
111 183
321 61
128 168
379 49
285 73
139 153
505 99
7 305
364 48
87 207
411 49
2 320
458 80
341 57
461 85
249 81
70 222
399 47
238 86
144 148
359 45
72 224
155 141
35 277
221 89
406 48
71 223
35 267
427 63
120 174
495 95
279 71
65 229
121 173
236 84
490 98
292 68
63 233
109 191
0 334
313 67
447 67
23 287
362 46
500 96
46 250
341 51
468 84
419 57
158 144
209 99
467 83
298 68
126 168
502 98
509 101
214 94
460 84
456 78
331 63
425 63
387 49
377 49
295 69
6 302
157 137
107 187
177 125
429 61
444 68
160 136
344 50
408 48
178 124
340 56
26 284
442 66
342 50
163 133
263 75
448 68
388 50
334 62
414 52
340 52
394 52
507 99
508 100
109 183
51 245
66 228
251 79
481 93
57 237
510 102
476 88
457 79
114 178
511 103
80 212
374 48
15 291
216 94
123 171
6 304
1 333
265 75
322 60
179 123
501 97
164 134
311 69
202 104
445 67
452 74
37 265
410 48
61 233
166 128
6 328
110 182
9 299
431 63
143 149
203 103
155 139
186 116
48 248
248 82
189 113
329 61
308 70
418 58
491 97
118 174
190 112
404 48
172 122
182 120
11 307
378 48
297 69
441 67
69 225
342 56
146 146
13 293
454 76
93 201
416 60
221 93
386 50
400 46
299 69
73 225
53 241
433 65
117 175
488 98
56 238
156 142
145 147
44 254
51 243
124 172
357 45
355 43
9 307
161 137
283 71
108 190
428 62
225 85
63 231
338 54
501 99
466 82
81 211
375 49
345 49
417 61
103 197
380 50
280 70
259 75
356 44
67 227
5 303
6 310
237 85
38 266
7 327
5 329
38 264
72 220
293 67
459 81
252 78
440 68
8 300
187 115
286 74
319 63
434 66
148 144
112 180
323 59
246 84
157 143
7 301
64 230
376 48
493 97
18 288
446 66
84 212
380 52
335 61
217 93
126 169
56 239
343 50
168 127
417 60
404 49
170 125
14 293
334 63
160 137
247 84
7 304
259 76
236 85
214 95
423 62
416 59
73 224
81 212
156 143
225 86
398 49
121 174
506 99
15 292
158 143
124 173
52 243
37 266
112 183
433 66
70 225
2 333
7 328
157 142
121 176
141 152
14 295
341 52
186 117
373 48
454 77
478 89
203 104
181 122
493 98
123 172
24 287
336 69
10 307
44 255
508 101
481 92
422 61
11 308
420 59
84 213
114 179
113 180
334 67
376 49
476 89
409 50
494 99
285 74
395 52
487 98
72 223
45 254
318 65
293 68
333 66
283 72
440 69
501 98
147 146
2 337
62 233
292 69
237 86
510 103
248 83
36 269
380 51
18 289
354 43
6 303
432 65
169 126
322 61
434 67
331 64
323 60
403 48
378 49
397 50
172 123
88 207
396 55
53 242
3 320
442 67
252 79
458 81
118 175
249 82
36 277
264 75
456 79
452 75
178 125
362 47
399 48
46 251
164 133
190 113
34 273
107 188
488 99
246 85
287 74
441 68
370 47
296 71
253 78
11 306
415 54
358 47
430 63
0 337
400 47
1 336
4 321
destination
