map
random512-35-6.map
pivot
8 383
agent & start
344 371
167 84
235 134
105 56
225 124
116 67
354 337
108 59
115 66
303 252
140 71
251 154
29 48
175 86
104 57
10 67
352 423
46 39
284 203
351 358
9 66
345 358
266 173
236 129
144 73
248 151
347 320
65 48
240 141
269 196
351 368
293 228
289 222
116 71
299 232
314 247
193 98
336 487
135 74
294 227
302 243
349 356
70 45
360 449
185 98
211 112
318 253
332 279
40 41
184 95
291 224
267 172
249 150
334 495
247 148
353 338
344 475
347 408
62 65
197 106
357 452
263 178
58 61
340 479
12 77
351 424
298 231
346 409
165 80
110 63
329 278
243 144
355 436
121 72
136 73
348 421
134 73
236 131
278 197
16 83
342 423
333 496
352 455
30 47
265 174
345 410
329 496
17 84
228 125
336 423
43 40
163 78
68 45
346 321
111 62
351 454
350 357
194 99
256 157
210 113
196 107
237 140
112 75
15 82
235 128
236 141
8 71
170 85
301 244
295 230
344 391
351 422
344 359
343 472
277 198
241 142
143 74
323 506
178 93
330 497
326 485
318 509
45 40
354 345
90 53
87 52
212 111
63 64
353 336
319 508
346 405
113 64
313 246
328 495
237 132
165 86
356 437
139 70
64 49
267 170
352 421
328 485
345 390
346 371
196 105
61 58
322 507
342 393
48 39
335 424
288 223
164 79
83 48
238 135
212 109
346 357
239 136
44 39
345 388
10 73
359 450
63 50
19 58
219 124
344 411
38 41
335 486
61 50
355 344
254 155
11 74
352 367
264 175
192 97
328 273
331 498
14 81
115 72
177 94
59 60
200 105
269 198
297 232
349 422
344 471
317 248
184 97
347 356
75 46
88 51
304 251
286 223
339 480
255 156
253 154
350 453
119 72
239 140
283 204
277 196
335 422
8 69
109 60
283 202
346 389
248 149
258 159
220 123
165 82
191 96
12 73
252 153
9 70
337 488
154 81
236 133
66 47
315 506
353 348
13 76
341 292
347 406
156 79
111 76
348 319
42 41
176 95
333 281
63 65
352 336
11 65
347 319
30 48
139 71
330 496
328 274
347 357
352 342
352 338
234 134
19 59
38 42
323 505
350 452
332 280
263 175
299 233
115 73
227 125
351 453
263 179
291 225
220 124
252 154
9 69
350 424
176 94
238 136
235 141
154 82
9 71
32 46
12 78
277 197
166 86
317 249
174 86
342 392
343 471
345 359
322 506
194 100
332 496
344 388
286 224
336 488
235 129
108 60
327 497
350 358
349 423
57 61
340 292
40 42
327 485
184 98
47 39
357 451
347 371
344 422
353 337
65 49
134 74
16 82
354 344
360 448
317 253
287 223
135 75
43 41
137 73
191 97
39 41
267 171
242 144
138 72
200 106
282 202
329 485
329 275
352 454
346 358
15 81
74 46
46 40
165 81
313 247
264 174
185 99
66 48
71 45
235 133
294 230
351 367
62 52
241 143
18 84
353 343
195 107
333 495
111 77
58 60
343 371
335 423
10 66
266 172
212 110
89 53
229 127
359 449
45 41
105 57
343 391
282 204
328 496
321 507
224 124
10 72
301 243
61 51
347 421
239 137
14 80
304 252
344 470
270 196
346 406
179 93
318 508
136 74
68 46
113 65
234 128
332 486
298 232
358 450
289 223
184 96
339 479
346 408
355 437
236 132
210 112
164 80
143 73
67 47
238 138
110 62
340 478
348 422
31 47
355 435
223 125
177 93
119 73
295 231
346 320
285 225
115 67
239 141
331 497
262 180
82 48
348 356
256 158
353 347
293 227
193 99
296 232
292 228
14 76
238 140
63 51
109 63
254 156
13 77
326 484
234 140
228 126
303 253
345 389
352 422
61 57
114 66
192 98
211 111
11 73
219 125
248 150
163 79
156 80
113 75
334 486
316 506
343 423
237 141
10 70
345 409
117 73
344 390
343 473
61 53
167 85
317 507
342 472
240 142
329 277
343 475
270 198
44 40
247 151
170 86
109 79
88 52
209 107
195 105
122 72
283 203
258 160
246 148
196 106
236 140
116 72
344 410
110 78
341 393
349 357
235 140
296 233
60 53
122 73
332 281
11 66
300 243
235 132
355 438
46 41
339 292
348 357
345 320
220 125
111 78
19 84
331 496
15 80
234 139
291 226
64 65
318 507
61 54
266 171
334 487
343 410
331 486
263 174
64 51
16 81
234 133
210 109
355 452
341 392
11 72
319 506
32 47
61 56
211 110
313 248
105 58
338 293
347 422
354 435
346 359
329 276
326 497
341 314
331 422
245 148
286 225
183 96
82 49
343 390
176 93
179 94
11 70
281 204
109 62
118 73
65 50
71 46
352 337
113 76
292 227
342 473
138 73
194 107
305 252
353 344
113 66
175 88
239 142
200 107
321 506
184 99
237 138
298 233
108 61
57 60
15 76
327 496
333 282
228 127
317 250
33 46
352 347
294 231
137 74
289 224
347 370
234 129
332 495
270 197
219 126
353 452
116 73
304 253
207 106
347 358
291 228
328 277
195 106
208 107
12 65
107 60
335 488
343 424
139 72
106 59
39 42
231 142
38 43
333 486
292 233
41 42
352 343
346 421
191 98
238 137
323 502
344 389
110 79
356 451
344 423
345 422
262 175
236 139
115 68
327 484
68 47
253 158
353 422
72 45
345 406
241 144
223 126
287 224
227 126
357 450
333 494
157 80
14 77
342 475
177 92
10 71
290 225
328 275
282 203
44 41
262 179
322 505
126 75
18 59
73 46
88 53
81 48
346 319
348 449
349 358
285 226
180 93
63 52
340 395
69 46
43 42
255 158
17 82
209 108
339 478
343 470
171 86
252 155
61 52
67 48
224 125
247 150
164 81
68 49
323 504
345 408
335 282
329 420
210 111
271 198
351 338
13 78
350 367
237 136
352 453
341 472
253 156
109 80
257 160
134 75
230 127
316 249
316 253
350 365
167 86
10 69
338 479
337 480
347 318
47 40
201 106
174 87
330 485
295 232
235 142
114 75
316 505
359 448
261 180
154 83
276 197
317 506
349 424
265 170
343 370
351 452
30 49
110 81
162 79
142 73
108 63
163 80
334 423
168 85
351 342
344 409
238 141
193 100
234 141
66 64
335 283
343 469
329 419
332 494
233 141
336 480
16 80
107 61
65 65
290 226
69 47
124 74
65 51
193 101
14 78
231 127
339 395
293 233
347 369
291 229
180 94
60 52
233 129
244 148
237 137
113 67
252 156
154 84
21 85
80 48
11 71
333 423
105 59
341 391
358 448
328 276
342 368
31 49
15 63
330 420
333 487
168 86
345 407
265 171
44 42
184 100
341 313
59 53
72 46
346 422
343 409
126 76
348 448
338 394
122 74
349 425
206 106
141 73
262 174
191 99
342 470
322 502
312 248
116 74
220 126
194 106
300 242
41 43
175 89
322 504
235 139
331 421
340 396
45 43
232 142
324 502
254 158
318 506
326 390
18 60
118 74
331 485
294 232
347 423
63 53
344 424
167 87
348 358
125 75
357 439
347 359
291 233
335 489
219 127
342 474
207 107
319 505
331 495
334 282
110 80
261 179
327 483
263 173
323 501
332 282
233 133
114 68
202 106
351 337
81 49
240 144
332 422
338 292
353 435
138 74
112 78
67 49
111 81
262 176
339 291
354 422
350 366
182 96
243 147
234 132
298 234
177 91
210 110
88 54
108 62
232 128
246 150
193 107
348 368
47 41
15 79
192 100
32 48
289 225
238 142
245 149
239 143
355 439
287 225
351 347
39 43
352 344
327 389
231 143
12 66
68 48
344 408
264 170
16 76
275 197
64 52
61 55
257 161
354 452
115 75
281 203
291 227
114 76
340 472
234 142
271 197
286 226
346 318
139 73
350 342
33 47
337 479
201 107
299 243
209 109
227 127
158 80
317 251
224 126
337 293
11 69
208 108
176 92
292 232
19 83
123 73
338 478
305 253
343 389
172 86
345 423
162 80
62 54
349 365
274 196
264 172
343 321
341 473
107 63
106 60
343 369
112 82
316 252
153 83
349 449
344 320
355 451
241 145
163 81
260 180
330 484
317 505
57 59
174 88
133 75
333 493
329 387
321 505
326 496
236 138
113 77
351 343
253 157
357 449
245 153
323 503
59 51
18 82
73 47
333 283
316 250
326 498
295 233
342 314
352 452
12 71
355 450
17 80
342 321
355 440
190 99
274 197
159 80
192 101
351 450
326 391
12 67
352 451
337 478
207 108
261 178
343 406
290 227
318 505
343 368
125 76
254 159
348 425
21 84
208 109
331 494
58 51
15 78
69 48
351 346
259 180
147 88
244 153
331 484
232 143
288 225
332 389
80 49
327 390
287 226
337 292
153 84
351 344
131 80
321 502
112 81
115 76
13 66
203 106
132 79
124 75
56 59
16 79
47 42
15 64
354 451
340 473
16 75
14 65
342 367
116 75
243 148
348 447
342 389
331 420
292 231
132 75
118 75
350 337
325 498
88 55
172 87
335 480
339 290
245 150
305 254
44 43
347 368
202 107
348 359
239 144
308 251
350 343
264 171
338 477
322 503
193 106
295 234
64 53
343 468
62 55
344 317
273 196
162 81
329 418
16 77
341 390
113 78
263 172
67 50
350 449
343 320
111 80
139 74
327 276
261 174
22 85
341 410
112 67
316 251
331 282
275 198
291 230
346 423
255 160
70 47
181 96
39 44
348 367
344 369
244 149
45 44
191 100
32 49
258 179
242 147
176 91
65 52
174 89
332 283
324 501
105 60
326 275
335 284
336 393
329 388
356 439
19 82
257 162
206 107
333 482
208 111
354 423
343 316
272 197
183 100
343 466
65 64
180 95
252 157
140 73
232 129
113 68
235 138
168 87
182 97
321 504
122 75
330 419
262 177
294 233
113 82
11 68
353 440
123 74
346 369
330 387
33 48
16 63
333 488
245 152
107 62
59 52
334 283
349 448
161 80
225 126
338 393
313 250
18 61
349 366
112 79
339 396
342 469
289 226
233 142
55 60
236 137
233 132
326 495
299 242
192 107
357 440
173 88
184 101
240 145
280 203
344 407
327 482
291 232
328 389
347 424
300 241
334 489
345 424
41 44
261 176
163 82
209 110
238 143
219 128
357 448
325 494
342 409
320 505
353 436
256 161
296 235
226 127
340 313
333 422
231 128
340 469
345 318
66 63
141 74
338 395
220 127
342 315
298 235
341 474
72 47
337 394
312 249
333 492
46 43
104 59
335 397
220 128
55 49
349 339
191 101
122 76
223 129
13 67
342 316
66 52
312 250
66 62
274 198
336 396
239 145
182 98
342 406
245 151
88 56
338 476
335 479
15 65
242 148
335 285
346 424
161 81
354 424
112 72
263 171
343 367
89 55
203 107
251 157
333 421
208 112
273 197
20 82
334 480
181 97
124 76
344 318
190 100
67 51
328 390
291 231
232 130
336 392
55 47
335 393
342 468
339 397
351 449
233 131
342 466
280 206
331 483
332 482
357 447
336 478
343 407
341 389
238 144
351 345
244 152
342 320
347 367
169 87
21 83
352 450
296 236
259 179
337 393
172 88
19 81
222 128
331 389
353 439
39 45
17 63
72 48
331 493
356 440
159 81
243 149
254 162
162 82
14 66
298 236
34 48
325 275
324 494
254 160
350 344
231 129
113 81
347 425
148 88
255 161
65 53
114 78
343 317
334 284
288 226
340 410
180 96
333 481
55 59
233 143
179 101
112 68
63 55
279 203
294 234
224 128
48 42
306 254
332 492
192 102
354 450
343 467
225 127
336 292
343 319
208 110
332 386
338 290
46 44
104 60
332 420
174 90
342 322
58 52
261 177
329 389
330 418
65 63
320 504
12 68
147 87
18 80
73 49
240 146
16 78
309 251
326 276
353 437
330 282
47 43
206 108
64 54
318 504
325 499
297 235
332 390
87 55
342 408
41 45
337 395
105 61
33 49
337 291
348 366
17 75
328 482
330 388
132 76
257 163
258 178
118 76
348 360
261 173
183 101
193 103
327 391
326 278
339 469
345 369
23 85
329 417
121 75
331 387
192 106
160 80
349 447
333 489
116 76
299 241
153 85
355 441
340 390
339 313
219 129
17 79
70 48
241 147
313 251
106 62
13 71
349 337
308 252
341 409
342 366
54 60
175 91
113 69
64 62
123 75
19 61
256 162
130 80
331 283
289 227
119 75
235 137
315 251
336 394
352 440
307 253
117 75
340 474
115 77
341 469
300 240
207 109
44 44
140 74
131 79
325 495
80 50
324 500
132 78
57 53
341 321
112 80
321 503
336 291
113 80
308 253
328 391
17 64
19 80
334 397
357 446
338 391
34 49
340 409
352 449
132 77
55 48
332 387
310 251
193 104
71 48
173 90
295 236
330 389
347 366
17 74
330 417
262 171
336 395
72 49
104 61
342 317
153 86
238 145
329 390
179 96
207 110
182 101
279 204
350 345
64 61
339 312
179 102
112 71
231 130
353 438
338 289
289 228
327 392
260 177
225 128
335 478
328 481
333 392
353 450
54 47
341 316
57 52
258 177
79 50
324 275
339 322
343 366
343 318
191 102
154 87
205 108
275 200
280 223
116 77
351 448
73 50
174 91
180 97
21 82
24 83
332 481
356 441
352 439
15 66
105 62
220 129
330 283
180 101
140 75
329 482
337 392
221 128
190 101
13 68
348 339
340 389
235 136
47 44
121 76
44 45
69 50
339 398
261 172
14 71
339 474
335 396
65 54
338 469
124 77
114 81
85 56
335 390
290 231
348 361
288 227
333 386
84 57
337 290
331 418
80 51
333 480
242 149
324 495
18 79
341 322
232 131
56 53
330 493
337 396
111 72
252 159
14 67
23 84
312 251
147 86
345 368
331 390
169 88
326 277
255 162
311 250
122 77
69 52
318 503
192 105
334 285
89 56
65 62
256 163
352 437
313 252
222 129
40 45
18 63
331 492
342 407
325 278
299 238
43 44
244 151
192 103
46 45
297 236
123 76
341 468
349 344
342 467
39 46
253 160
294 235
314 251
204 107
19 62
334 479
336 391
171 88
208 113
320 503
224 129
16 65
233 144
344 367
48 43
14 69
203 108
350 447
307 254
63 56
300 239
130 79
259 178
178 103
55 50
160 81
279 206
112 69
17 72
340 321
117 76
296 237
276 201
331 482
333 420
223 130
355 442
351 440
324 499
332 489
191 106
17 78
273 198
13 70
67 52
277 202
334 393
331 284
339 470
341 408
111 68
254 163
346 425
149 88
274 199
349 340
178 105
181 98
274 227
347 332
254 161
240 147
182 99
336 477
337 476
299 240
349 338
35 48
52 59
251 158
87 56
206 109
243 150
354 425
119 76
161 82
280 207
54 59
342 319
88 57
343 328
131 78
70 49
114 79
157 83
288 228
278 206
221 129
234 136
338 390
25 83
333 387
348 344
348 338
22 82
274 228
27 81
159 83
72 50
338 312
342 318
347 333
147 85
356 446
336 466
338 470
104 62
319 503
123 77
19 63
349 345
347 365
47 45
351 447
327 393
252 160
340 322
191 103
341 319
279 223
20 62
357 443
331 391
42 46
52 58
341 317
337 397
151 87
322 500
335 395
192 104
299 239
324 276
341 467
333 285
181 99
71 49
332 480
346 350
237 145
121 77
352 448
35 49
14 68
337 475
180 102
255 163
346 366
309 253
323 495
54 48
79 51
153 87
332 392
336 390
53 59
190 102
140 76
180 98
191 105
207 113
160 82
345 367
331 417
334 386
344 366
340 408
251 159
233 145
339 403
294 236
44 46
345 427
323 499
239 147
330 492
319 277
14 70
280 224
333 419
328 392
181 101
54 50
277 223
43 45
48 44
256 164
17 73
331 491
206 110
339 389
259 177
338 468
56 52
112 70
289 231
169 89
150 88
111 69
356 442
54 58
311 251
339 323
173 91
224 130
155 87
331 481
69 51
277 203
336 290
313 253
174 92
329 481
253 161
314 252
277 227
275 201
18 72
353 425
114 80
23 83
330 284
64 56
354 426
343 329
340 316
203 109
240 148
331 489
333 479
84 58
335 389
238 148
279 207
348 362
222 130
205 109
178 104
279 205
53 47
332 418
334 396
346 426
334 286
341 351
350 440
24 82
124 78
122 78
307 255
130 78
19 79
342 328
16 66
231 131
66 54
346 332
325 277
111 71
179 105
310 252
289 229
278 224
70 50
225 129
67 53
119 77
330 482
337 391
273 199
357 445
324 496
86 56
274 200
335 477
347 347
40 46
275 227
89 57
55 53
353 449
297 237
68 52
18 64
65 55
180 100
204 108
131 77
116 78
334 394
349 341
351 439
276 202
261 171
243 151
242 150
312 252
333 393
338 474
339 399
337 289
65 61
130 76
21 81
348 340
179 103
117 77
171 89
87 57
18 78
15 67
298 238
296 238
330 390
341 407
85 57
308 254
241 149
352 438
179 97
345 351
104 63
329 480
346 363
298 239
338 467
111 70
87 58
347 362
347 340
35 50
277 206
37 54
332 479
337 470
277 222
155 86
330 491
122 79
15 68
259 176
120 77
350 439
353 448
47 46
279 208
173 92
179 104
340 323
53 48
191 104
242 151
18 65
25 82
278 205
121 78
345 428
146 85
40 47
356 445
234 145
337 398
48 45
22 81
319 278
330 481
279 210
279 222
52 47
278 223
55 52
130 77
276 203
180 105
206 111
237 148
348 345
347 346
142 77
339 316
71 50
180 103
152 87
204 109
322 499
275 202
129 76
151 88
65 56
289 230
324 277
345 332
141 76
68 53
240 149
330 391
337 466
334 395
341 318
20 63
221 130
277 226
159 84
78 51
319 502
353 428
336 389
357 444
18 77
261 170
225 130
331 490
348 343
110 71
70 51
251 160
236 145
179 98
66 55
346 333
334 419
23 82
171 90
287 228
339 404
333 478
336 289
345 350
336 475
336 467
19 78
208 117
356 443
338 389
181 102
351 438
323 496
310 253
17 66
65 60
337 474
85 58
288 229
153 88
338 403
348 341
278 225
340 317
115 80
314 253
36 49
157 84
338 473
337 390
330 285
170 89
105 64
329 492
333 286
344 351
53 58
106 65
342 329
335 388
332 285
321 500
54 57
231 132
207 118
332 393
346 427
346 349
342 351
276 227
256 165
28 81
188 101
239 148
189 102
343 330
15 70
190 105
347 334
252 161
16 69
89 58
172 91
352 447
42 47
275 228
340 319
123 78
158 83
311 252
79 52
103 62
341 328
346 335
328 393
294 237
347 338
54 51
86 57
156 85
332 417
312 253
43 46
322 495
333 394
337 312
353 426
16 67
297 238
331 480
309 254
255 164
241 150
67 54
281 224
340 407
160 83
208 115
345 366
347 336
320 277
338 399
207 114
308 255
55 54
117 78
329 392
346 347
334 387
205 110
273 200
18 73
346 365
116 79
180 99
233 136
340 467
233 146
293 236
26 81
341 352
334 477
38 48
188 102
109 69
311 253
347 427
335 387
190 104
257 169
109 71
356 444
120 78
240 150
344 350
19 77
66 60
319 501
230 132
332 286
156 86
281 225
346 346
279 225
343 351
20 64
276 206
65 59
55 55
204 110
228 130
336 398
335 467
237 147
207 115
26 80
160 84
115 83
280 226
260 182
86 58
251 161
333 417
129 77
345 365
355 445
71 51
327 493
335 289
259 175
330 392
339 407
346 336
340 324
347 345
346 362
346 428
103 63
278 226
337 473
338 404
89 59
104 64
341 329
236 146
345 429
336 470
331 393
106 66
337 389
350 438
331 479
323 277
322 496
337 399
341 353
66 56
277 205
128 76
256 170
206 118
339 317
116 80
29 81
340 318
17 67
343 331
207 117
54 52
330 480
340 328
342 350
345 335
122 80
256 182
19 73
153 89
287 239
255 165
118 78
170 90
117 79
329 491
36 54
275 229
229 131
78 52
334 288
181 103
180 104
187 101
47 47
121 79
319 499
339 319
315 255
292 236
346 334
241 151
16 68
333 287
288 230
35 53
16 70
333 477
158 84
235 145
346 348
221 131
141 77
102 62
321 499
110 70
332 394
23 81
332 478
234 146
352 428
54 56
345 333
346 364
334 418
320 278
309 255
260 170
336 474
347 337
353 447
40 48
54 54
353 427
43 47
105 65
239 149
67 55
348 342
329 285
142 78
205 111
337 311
333 395
146 84
272 200
297 239
53 51
37 55
53 57
347 343
337 471
233 137
278 210
18 76
18 66
314 254
329 393
278 222
255 183
152 88
340 466
273 201
274 202
179 99
49 45
36 50
178 98
226 130
338 388
339 405
347 341
345 349
312 254
77 51
279 209
339 467
330 490
68 54
352 426
329 479
172 92
208 116
52 48
242 152
25 81
123 79
276 204
276 228
287 229
293 237
157 85
338 466
328 394
255 182
342 331
335 474
314 255
321 278
171 92
35 54
17 70
322 497
181 104
206 117
102 63
332 477
334 289
25 80
123 80
182 103
287 230
152 89
68 55
33 80
37 50
38 49
239 150
315 256
105 66
241 152
336 311
256 183
229 132
19 76
256 169
116 81
81 54
188 103
320 499
279 226
338 405
121 80
338 407
255 166
254 165
340 329
234 147
337 400
170 91
326 493
17 68
25 60
260 183
19 66
282 227
76 51
343 332
141 78
227 130
333 476
343 350
283 228
336 471
20 65
333 288
336 387
228 131
236 147
335 416
290 237
40 49
259 174
350 437
207 116
355 444
342 349
339 318
330 393
53 52
30 81
250 161
329 490
71 52
340 465
19 74
344 349
345 336
154 89
334 467
115 82
259 170
334 417
43 48
36 55
120 79
66 59
101 62
204 111
281 226
329 286
346 337
187 102
337 472
86 59
328 491
276 229
109 70
78 53
322 277
310 255
232 137
273 202
247 160
108 69
332 395
347 342
128 77
278 209
177 98
235 146
336 469
161 86
53 56
327 492
118 79
21 78
345 364
321 498
337 310
142 79
345 362
349 436
338 319
54 55
116 83
272 201
67 56
335 468
206 115
278 221
286 229
36 53
346 429
103 64
276 205
277 210
332 287
158 85
288 239
275 204
292 237
311 254
330 479
346 345
257 182
160 85
20 77
106 67
287 240
35 52
336 399
353 446
319 498
347 428
178 99
354 445
337 388
29 80
297 240
259 182
339 466
117 80
51 48
352 427
88 59
346 343
157 86
345 334
146 83
48 47
329 394
345 348
24 61
189 104
257 170
23 80
335 470
220 131
108 71
331 394
289 238
318 501
82 55
49 46
39 48
339 406
340 325
320 279
340 353
334 416
338 318
276 230
118 84
333 289
26 60
278 220
120 80
330 414
277 209
328 490
339 329
257 183
320 498
354 444
286 230
331 293
219 131
182 104
256 184
258 170
337 319
344 334
317 501
258 182
336 462
33 79
204 112
334 474
161 87
52 56
158 86
75 51
334 468
240 152
88 60
335 469
339 353
68 56
283 229
249 161
51 49
205 115
332 288
76 52
220 132
117 83
39 49
278 212
285 229
326 492
346 344
288 240
310 256
339 465
25 61
281 227
105 77
188 104
282 228
259 173
170 92
313 255
349 437
116 82
19 75
205 117
81 57
18 68
176 98
354 430
123 81
330 478
20 74
30 80
67 59
312 256
22 78
160 86
82 56
336 414
71 53
327 491
70 54
275 205
340 354
338 406
335 399
228 132
69 55
335 461
24 62
231 137
239 151
187 103
272 202
152 90
105 67
353 445
291 237
344 362
52 52
271 201
35 55
145 83
336 386
102 64
43 49
24 80
314 256
334 290
36 52
38 50
80 54
259 183
104 66
348 436
118 80
336 310
335 415
322 278
290 238
256 168
254 182
177 99
81 55
21 77
344 336
101 63
259 171
206 116
336 472
343 333
330 394
32 80
277 211
53 55
235 147
345 341
344 364
279 227
348 428
171 109
117 81
342 348
289 239
49 47
347 429
311 255
18 70
78 54
331 477
19 67
50 48
321 497
331 287
108 70
246 160
310 496
34 56
346 342
345 337
86 60
343 335
289 241
343 349
254 166
155 89
246 162
339 325
344 348
154 90
333 415
227 131
169 91
333 475
350 436
141 79
142 80
336 400
341 331
255 181
128 78
247 161
250 162
351 427
48 48
332 396
218 132
329 287
104 78
119 79
296 240
333 291
20 66
337 387
258 174
36 56
321 279
349 427
118 83
330 287
144 83
254 181
231 136
329 288
98 63
331 396
239 152
102 65
168 91
331 414
104 77
105 76
228 139
330 477
238 151
330 395
80 55
333 290
81 58
295 240
258 171
317 500
38 51
124 81
332 415
81 56
339 464
141 80
345 340
311 256
333 474
244 157
341 332
74 51
335 462
334 469
258 173
160 87
277 212
37 60
88 61
332 397
204 117
354 431
48 49
320 497
25 62
311 496
274 205
187 104
128 79
159 86
31 80
331 474
32 79
289 240
348 429
75 52
279 228
19 70
70 55
278 219
321 280
26 61
327 490
151 90
281 228
52 55
105 68
155 90
20 75
245 162
44 49
337 386
229 138
338 329
257 174
176 99
168 113
51 56
204 113
353 430
255 168
103 78
344 347
219 132
348 437
119 80
71 54
337 462
240 153
205 116
21 76
335 414
257 184
350 427
336 461
259 184
326 491
282 229
343 364
290 239
35 56
21 66
169 112
255 180
328 489
38 63
152 91
37 52
246 161
325 492
24 79
52 53
246 159
237 152
347 430
49 48
254 167
68 59
337 318
336 413
339 326
277 230
86 61
22 77
170 109
344 345
344 363
343 334
273 204
310 497
334 471
332 475
353 444
344 343
337 406
284 229
101 64
334 461
342 333
235 148
34 57
272 203
344 337
285 230
314 257
69 56
107 70
313 256
278 213
183 104
258 183
85 60
335 310
339 354
343 362
51 50
277 220
331 292
39 50
329 396
103 66
322 279
20 67
169 92
236 149
330 413
250 163
343 348
153 92
330 293
172 109
350 435
345 342
170 111
271 202
276 209
259 172
227 132
340 331
335 400
291 238
332 291
270 201
79 54
345 344
249 162
334 415
349 428
230 137
337 316
18 69
290 241
119 84
342 335
331 476
117 82
186 103
156 89
331 288
245 158
154 91
335 472
336 317
218 133
33 78
100 63
344 459
171 110
334 473
22 65
154 93
338 325
227 133
79 55
327 489
229 139
348 438
203 113
119 81
285 231
275 209
291 239
336 316
344 340
183 105
245 163
336 314
332 474
338 326
80 56
146 90
24 78
336 406
333 471
25 77
339 463
26 62
85 61
337 461
172 108
22 76
353 431
324 492
334 472
257 173
284 230
168 92
277 219
154 92
204 116
100 78
281 229
244 158
320 496
37 63
48 50
36 60
335 413
278 230
315 499
151 91
186 104
27 61
330 476
102 78
338 354
173 109
126 82
101 65
344 344
240 154
314 258
343 459
341 333
258 184
312 498
338 462
88 62
228 138
160 88
331 475
173 111
254 180
334 310
159 87
331 413
313 499
343 363
203 117
334 414
236 150
290 240
253 179
44 50
348 430
143 83
21 67
170 110
276 220
104 68
167 113
243 163
330 396
333 469
72 54
317 499
37 59
335 317
344 458
31 79
50 50
105 75
128 80
316 500
345 339
175 99
259 185
344 342
352 430
333 473
124 82
331 291
69 59
38 62
52 54
51 55
326 490
313 257
334 462
256 174
328 488
335 407
330 288
49 49
342 364
311 497
152 94
237 153
343 337
153 93
172 110
245 159
330 292
329 397
334 400
118 82
350 428
279 229
322 280
32 78
294 240
99 63
328 396
38 52
102 66
344 338
336 318
174 98
351 435
19 69
81 59
22 66
272 204
140 80
338 386
332 290
352 444
277 213
249 163
238 152
343 347
274 206
245 161
332 414
254 168
169 111
340 332
337 315
37 61
239 153
219 133
230 136
258 172
145 91
237 151
168 112
74 52
105 69
312 496
39 51
273 205
89 61
104 76
243 157
311 257
187 105
23 77
338 328
336 460
169 109
103 67
23 65
331 397
349 429
119 83
169 93
332 398
98 64
342 362
35 57
106 70
236 152
270 202
25 63
336 412
344 346
155 91
337 325
156 90
21 75
235 149
342 334
218 134
70 56
244 163
335 318
101 66
330 291
291 240
236 151
341 362
145 92
343 346
351 430
341 364
313 258
352 431
330 475
71 56
27 62
332 413
102 67
292 239
339 462
103 68
315 274
350 429
343 342
203 116
330 397
294 241
21 72
172 107
74 53
275 220
171 112
22 67
89 62
273 206
332 473
72 55
331 412
169 110
26 63
79 56
103 76
23 76
337 328
172 111
224 133
104 69
255 174
338 385
338 355
333 318
23 66
228 135
142 83
324 491
336 315
174 99
257 172
237 154
101 78
24 65
315 498
330 289
144 91
329 476
275 210
105 70
280 229
184 105
344 339
100 65
146 91
128 81
312 497
325 460
156 91
202 113
336 411
342 343
319 496
139 80
31 78
253 168
276 219
284 231
272 205
338 327
25 64
176 109
228 137
50 55
243 162
69 58
333 310
253 178
173 110
20 69
78 57
136 81
70 57
96 65
322 281
72 57
334 413
219 134
241 156
102 77
144 93
334 401
254 179
351 444
335 316
324 457
351 434
335 406
326 489
127 82
344 457
35 58
73 54
37 62
347 438
337 460
250 165
278 231
141 82
334 317
336 405
39 52
336 325
173 98
24 67
124 83
172 97
332 471
80 61
50 51
238 153
244 159
25 76
338 371
343 458
311 258
36 59
338 461
340 333
334 311
229 140
316 499
256 173
239 154
178 111
258 185
229 136
152 93
85 62
335 314
341 334
333 462
21 68
81 60
271 204
49 50
316 275
328 397
337 326
125 82
166 113
313 498
140 81
314 259
279 230
270 203
143 84
22 75
328 461
332 463
342 459
37 58
147 90
249 164
314 499
242 157
24 77
243 158
227 134
186 105
159 88
277 214
331 290
40 51
317 498
235 150
329 398
150 91
167 112
327 488
343 338
333 470
99 64
32 77
349 430
100 77
325 490
151 94
28 61
332 399
119 82
44 51
281 230
38 59
277 218
51 54
314 275
175 100
151 92
342 363
168 111
343 344
155 92
244 161
248 163
336 407
174 109
168 93
333 472
104 75
325 456
314 276
23 67
185 109
136 82
167 93
101 77
224 134
244 160
316 498
334 312
24 76
344 456
172 98
314 498
24 66
143 85
331 399
137 81
70 58
315 497
252 168
158 90
187 107
332 470
228 136
156 92
330 462
185 111
247 163
72 56
104 70
74 54
347 439
125 83
313 277
350 442
256 172
255 175
30 60
333 317
202 114
173 99
140 82
240 156
186 108
202 116
329 475
157 91
336 326
350 430
145 93
241 157
143 91
335 315
40 52
35 59
324 490
342 344
328 398
171 105
333 413
277 215
229 141
223 133
312 258
336 324
341 459
242 158
343 457
332 462
21 73
331 469
316 276
340 384
103 75
127 83
159 89
348 440
334 318
337 327
50 54
325 457
102 76
27 63
102 68
25 67
329 461
31 77
31 59
38 58
340 362
351 431
22 72
270 204
315 275
330 398
335 313
324 458
171 97
36 62
340 334
178 110
314 260
351 433
336 408
339 361
172 106
23 75
249 165
276 214
186 106
151 93
96 66
89 63
234 150
283 231
338 356
185 105
179 111
334 402
77 57
171 113
147 91
314 274
326 460
280 230
141 83
220 134
238 154
339 461
326 488
25 65
242 162
244 164
100 76
243 161
172 112
351 443
24 68
150 92
144 94
308 270
335 319
272 206
73 55
332 310
203 115
335 325
81 61
338 372
337 371
331 463
343 339
99 65
258 186
293 241
101 67
338 384
342 342
274 210
97 65
275 217
332 472
325 459
326 456
250 166
78 56
50 52
336 410
341 363
166 112
328 460
332 412
330 290
342 346
329 291
276 218
171 107
174 110
29 61
174 100
279 231
84 62
120 82
43 51
273 209
71 57
227 135
80 62
168 94
313 273
253 169
292 240
201 113
168 110
138 80
335 405
128 82
322 282
275 219
331 411
338 460
254 178
176 110
318 496
350 444
126 84
225 133
235 151
336 322
329 399
226 134
177 109
21 69
49 51
313 497
341 343
274 211
333 402
254 175
248 165
207 120
328 289
257 186
308 271
328 475
32 59
334 405
23 68
28 63
40 53
137 82
138 81
282 231
150 93
166 111
173 114
239 156
339 334
225 134
318 495
241 158
335 322
312 277
333 316
99 66
273 210
172 113
49 52
102 75
338 361
342 339
89 64
75 54
335 404
325 458
147 92
349 442
292 241
186 107
275 214
274 217
270 205
342 341
125 84
71 58
335 320
170 97
126 85
186 109
331 470
29 62
339 360
289 248
200 113
253 170
171 104
103 74
227 136
330 399
313 260
24 75
328 399
22 73
334 319
185 106
334 325
334 315
321 282
164 111
331 472
350 443
77 56
341 346
329 290
331 400
293 242
312 259
316 497
314 497
172 99
35 62
81 62
139 82
342 345
347 440
339 384
23 74
233 150
31 60
186 111
340 459
222 133
340 363
272 209
42 51
329 474
163 110
351 432
83 62
26 65
242 159
348 441
170 107
101 68
31 76
102 69
73 56
127 84
330 473
341 458
271 206
168 95
240 157
238 155
276 215
244 165
178 109
315 276
343 456
41 52
336 409
325 488
149 92
22 71
187 108
332 461
171 98
333 312
158 91
185 110
142 91
340 383
25 66
228 141
312 261
247 164
313 276
173 100
251 168
128 83
254 177
101 76
27 64
339 362
234 151
338 459
104 71
175 110
23 72
169 96
30 61
275 218
201 114
21 70
171 106
337 372
338 357
50 53
330 469
338 383
230 151
226 135
326 457
308 269
156 93
143 86
38 57
242 161
334 411
159 90
34 59
97 66
338 373
227 146
140 83
327 460
339 460
339 358
96 67
206 121
220 135
179 110
167 94
127 86
280 231
121 82
145 94
249 166
336 323
334 313
255 172
326 459
332 401
84 63
313 274
317 496
172 101
332 411
74 55
202 115
335 410
243 160
331 462
143 90
336 327
167 110
252 169
333 412
323 490
341 344
157 92
331 310
324 487
312 273
350 431
330 461
273 213
338 362
290 248
81 63
137 83
339 383
331 401
147 93
225 135
273 211
207 121
316 496
230 152
254 172
245 165
201 115
200 112
341 345
129 83
327 399
248 166
246 164
333 411
167 95
339 343
320 282
35 61
161 91
179 109
330 400
169 97
272 212
185 107
333 313
142 86
249 167
226 140
330 470
160 90
334 320
97 67
326 458
168 96
333 403
289 247
339 459
225 141
208 120
332 402
339 359
329 469
89 65
314 496
24 72
316 278
159 91
292 242
140 84
233 151
26 66
169 107
30 62
323 487
157 93
272 208
338 458
328 290
125 85
175 111
334 326
335 323
337 361
274 216
172 100
330 460
342 456
49 53
173 113
98 66
327 475
33 59
227 141
323 485
76 56
170 106
312 274
23 73
350 432
317 495
71 59
312 276
100 68
82 62
174 114
23 69
334 404
239 157
221 135
222 134
327 289
338 334
242 160
31 73
282 232
31 75
331 461
280 232
334 410
83 63
349 443
332 460
231 151
166 94
238 156
171 101
270 206
29 63
171 99
22 70
205 121
146 94
333 315
312 260
274 218
252 170
336 372
38 56
330 472
271 207
311 273
226 146
339 363
291 247
341 341
206 120
127 85
165 111
340 344
101 75
75 55
348 442
142 90
99 67
42 52
28 64
149 93
232 150
337 373
103 73
340 458
347 441
342 340
128 88
340 382
256 186
250 168
103 71
179 107
324 488
323 401
324 400
274 214
226 136
32 60
40 54
166 110
101 69
332 326
327 459
127 87
315 277
339 335
334 324
141 85
102 70
308 272
330 310
138 82
104 72
335 409
171 103
163 109
74 56
273 217
24 74
241 159
346 440
39 55
121 83
335 327
128 84
338 358
275 215
188 108
329 473
311 261
254 176
333 325
41 53
323 489
164 110
227 145
186 110
307 269
249 168
339 346
331 460
233 152
141 86
34 61
330 401
138 83
48 53
251 170
349 432
124 85
140 91
291 246
31 74
273 218
102 73
319 490
175 114
270 209
200 115
88 67
82 63
253 172
339 342
334 321
349 434
102 71
160 91
330 459
162 91
174 113
333 404
198 111
166 95
42 53
245 166
340 345
325 400
226 141
75 56
327 458
330 471
148 93
99 68
139 84
338 343
316 279
327 474
312 275
332 459
127 88
327 400
332 325
179 108
141 90
341 340
168 97
348 443
226 145
232 151
97 68
337 360
347 442
290 249
73 58
315 278
330 311
125 86
129 84
274 215
332 403
161 92
323 488
273 214
253 176
169 106
339 458
271 212
222 135
184 107
128 87
39 56
311 274
149 94
308 273
171 100
256 187
72 59
338 359
208 121
332 315
336 373
247 166
333 324
90 65
341 456
165 94
47 52
165 110
338 335
340 457
292 243
175 112
241 160
224 141
100 69
225 140
205 120
237 156
30 63
314 495
24 73
309 272
272 213
269 206
272 219
290 247
101 74
246 165
167 96
281 232
147 94
250 169
333 410
323 486
170 99
180 107
30 73
291 248
307 272
307 274
23 70
187 110
328 469
27 66
334 409
328 473
339 336
327 290
158 93
122 83
306 269
140 85
319 282
157 94
189 108
337 334
333 314
225 136
24 71
164 109
316 495
336 361
255 186
324 401
272 211
199 112
33 60
322 487
103 72
317 494
252 171
128 85
322 485
334 323
170 101
271 208
338 363
31 62
334 327
231 152
98 67
246 187
333 326
170 103
40 55
311 260
339 382
346 441
270 207
238 157
289 246
29 64
282 233
323 402
227 144
325 401
332 458
163 93
250 170
331 325
101 71
233 153
240 160
332 324
272 218
73 59
130 84
129 85
160 92
330 312
90 66
271 211
331 459
166 96
87 67
306 270
100 74
291 245
255 187
320 490
292 244
158 94
271 219
147 95
98 68
102 72
269 209
308 274
29 65
180 108
328 458
41 55
339 345
333 327
89 67
31 63
328 470
165 109
348 434
88 68
28 66
246 166
324 402
346 442
292 248
139 85
226 144
237 157
46 52
47 53
169 103
347 443
252 176
190 108
331 313
247 187
335 373
170 100
167 97
322 488
271 217
75 57
296 248
169 101
270 208
314 278
281 233
100 70
188 110
338 342
329 311
24 70
340 340
33 61
331 403
226 142
169 99
337 359
327 473
82 64
141 89
227 143
315 495
138 84
328 472
208 122
336 362
122 84
247 167
322 486
319 491
181 107
43 53
40 56
162 92
326 400
248 184
307 273
189 109
149 95
249 183
140 86
317 281
285 245
329 401
249 169
204 120
197 111
332 374
252 172
321 489
164 94
124 86
272 216
337 335
332 314
199 115
140 90
129 87
291 249
349 433
339 337
330 402
148 94
270 210
224 140
141 87
246 186
331 315
101 73
337 343
25 73
339 381
252 184
251 183
271 213
256 188
318 282
336 374
311 275
333 323
198 112
273 215
339 457
305 269
169 105
200 116
159 93
175 113
231 153
232 152
125 91
309 273
338 336
251 171
224 136
99 75
327 291
333 409
74 58
337 363
315 279
338 346
225 137
247 185
91 65
268 206
310 260
332 404
340 456
139 91
99 69
338 344
183 107
316 494
329 471
290 246
126 88
333 329
223 135
333 321
30 74
328 401
348 433
251 172
271 214
330 403
339 456
317 282
248 183
28 67
292 249
148 95
269 208
130 85
162 93
247 184
164 95
236 157
251 176
183 108
91 66
130 87
314 279
331 314
252 185
330 313
190 109
124 91
285 244
333 322
247 186
122 85
286 245
249 170
316 493
82 65
326 291
246 167
74 59
340 455
43 54
332 323
251 184
267 206
181 108
41 56
306 273
306 271
160 93
194 109
163 106
224 145
86 67
297 248
248 171
87 70
239 160
321 486
165 108
320 489
248 169
163 94
336 375
100 71
169 102
139 90
332 375
315 494
332 329
336 335
176 113
338 341
333 368
339 338
318 491
30 65
326 473
75 58
270 219
250 171
166 97
328 471
329 312
169 104
44 53
47 54
159 94
272 215
26 73
338 381
233 154
305 270
203 120
309 260
347 434
334 373
337 346
347 444
327 470
268 207
141 88
100 73
326 453
335 374
99 70
33 62
99 74
271 216
328 457
129 86
224 137
232 153
138 85
336 363
250 183
310 275
309 274
271 218
339 380
223 136
245 186
98 69
208 123
169 100
336 347
168 101
338 337
336 359
89 68
331 458
326 401
290 245
123 86
320 485
197 112
182 107
346 443
336 343
333 374
255 188
291 244
126 89
321 488
247 168
205 124
29 74
338 345
189 110
199 116
270 211
296 249
333 328
332 405
333 408
140 87
335 360
198 113
337 342
87 68
331 324
224 139
101 72
98 75
281 234
332 409
25 70
123 92
316 281
46 53
252 173
270 217
226 143
337 336
125 90
31 64
325 402
308 259
225 144
340 339
308 275
139 86
335 363
87 69
204 124
326 454
139 87
335 359
236 158
320 486
139 89
251 173
340 450
269 211
280 234
338 338
123 87
347 433
267 207
33 63
244 186
331 369
343 431
335 375
334 374
340 454
97 75
123 91
336 336
75 59
270 218
196 112
166 106
163 95
198 116
99 73
332 368
242 164
254 188
328 402
167 99
207 123
339 339
124 90
270 214
177 113
162 94
240 162
287 245
223 139
92 66
182 108
222 138
237 159
223 145
193 109
316 282
125 89
271 215
307 259
332 408
122 92
345 443
336 358
326 402
28 74
337 341
331 321
272 232
331 367
320 484
309 275
279 233
247 171
342 450
336 344
330 314
241 163
330 404
337 381
331 323
137 85
252 186
138 86
334 360
165 97
90 68
225 143
28 68
328 456
91 67
268 208
292 250
326 472
206 124
336 346
332 322
168 104
332 328
250 184
241 165
270 216
339 379
168 102
216 130
133 83
251 177
224 144
26 72
333 367
204 122
246 168
247 183
337 345
100 72
248 186
166 98
223 137
305 271
326 292
194 110
296 250
249 185
314 280
209 123
308 260
165 107
334 366
160 94
86 70
235 159
163 105
189 111
339 455
168 100
140 88
203 125
122 86
346 444
315 493
250 176
190 110
89 69
205 123
267 227
327 453
295 249
46 54
99 71
203 121
167 105
286 244
197 113
305 273
315 281
98 70
338 380
331 405
246 184
298 250
42 56
247 169
317 283
191 109
26 70
327 455
82 66
291 251
269 219
148 96
44 54
232 154
290 244
317 491
338 340
251 185
331 457
86 68
337 337
297 249
32 64
249 171
313 283
239 161
327 471
320 488
130 86
29 67
329 313
333 375
31 65
335 347
164 106
336 342
333 407
335 365
167 104
44 55
331 322
162 95
33 64
306 261
197 114
332 407
333 376
165 106
240 163
310 279
340 451
123 90
334 365
148 97
328 327
86 69
326 403
298 251
330 405
250 173
338 339
287 244
28 73
160 95
98 73
277 232
202 121
327 402
345 432
288 245
163 96
222 137
335 346
139 88
341 450
133 84
343 432
328 455
320 487
181 110
177 114
331 328
330 369
122 87
124 89
250 185
333 366
309 276
307 260
267 228
339 454
296 251
336 345
334 375
228 155
292 251
271 232
137 86
244 185
198 117
319 488
327 454
268 227
335 358
134 83
340 449
334 343
336 337
190 111
29 68
316 283
337 380
241 164
336 341
220 147
346 433
334 359
314 493
335 376
167 100
331 368
317 484
252 187
267 208
329 406
216 131
99 72
326 471
204 123
293 250
314 281
297 250
253 188
250 177
317 490
268 211
295 250
232 155
46 55
164 97
97 74
345 444
269 216
242 165
91 68
166 105
92 67
309 278
210 125
202 125
335 342
235 160
191 110
337 340
222 141
315 282
209 124
193 110
195 112
131 86
236 159
30 67
164 105
278 233
45 54
338 379
203 122
332 367
240 165
90 69
246 183
203 124
207 124
289 244
320 483
122 91
249 172
161 94
101 90
266 207
98 71
249 186
75 60
342 449
330 321
269 218
313 494
314 283
247 170
132 85
246 169
206 125
34 63
138 87
166 99
32 65
313 280
27 70
304 271
43 56
272 231
334 363
305 272
224 143
279 234
28 69
331 406
84 67
239 162
313 282
215 130
245 168
233 156
331 456
70 61
123 88
290 251
325 292
147 98
223 144
328 453
27 72
223 142
165 98
335 364
167 102
82 67
321 482
194 113
329 314
182 109
222 139
237 160
344 431
270 215
270 227
85 69
316 284
272 230
34 64
339 453
318 488
233 157
331 455
222 142
244 184
334 364
319 487
271 231
178 114
313 281
341 449
182 110
90 70
179 113
266 208
315 283
228 158
288 244
298 252
202 124
250 186
181 111
251 187
221 141
310 280
219 147
328 314
148 98
246 170
333 343
336 380
289 243
222 144
133 85
196 114
338 454
345 433
245 183
331 407
291 253
83 67
destination
