map
random512-25-0.map
pivot
496 179
agent & start
80 189
214 397
158 27
101 94
90 115
83 154
300 483
130 297
125 60
286 469
129 294
163 16
95 106
123 290
139 312
320 503
204 387
138 43
118 283
118 73
99 236
267 450
174 357
86 171
80 157
121 68
278 461
154 335
241 422
205 388
271 450
173 4
140 41
85 200
122 67
79 206
150 329
80 207
241 424
88 221
96 99
166 347
80 205
95 100
81 166
106 253
148 327
90 113
266 449
83 132
80 165
220 403
145 36
312 489
203 386
87 214
164 15
181 364
91 120
217 400
319 502
295 478
282 465
160 341
119 286
79 192
142 39
167 10
116 273
157 338
124 63
172 355
102 93
165 14
98 235
170 351
302 483
251 434
149 32
223 406
112 79
104 253
79 158
90 223
85 172
104 241
151 332
96 223
222 403
85 128
85 176
160 21
199 378
90 111
89 124
135 300
153 28
85 178
118 285
283 466
236 419
225 408
102 245
222 405
315 498
316 499
216 399
313 488
294 477
82 155
86 199
262 445
287 470
81 156
158 339
244 427
78 191
116 277
127 294
167 348
125 62
309 492
279 460
84 169
89 112
310 491
256 439
229 412
151 30
234 417
213 396
175 356
144 323
147 34
188 371
92 109
271 454
84 129
272 455
322 505
115 272
311 494
146 325
138 311
122 289
85 212
82 181
171 354
85 216
288 471
90 119
85 180
126 293
177 360
84 173
297 480
166 11
159 22
95 228
245 428
285 468
94 227
154 27
106 255
99 238
172 5
161 18
137 44
118 281
85 218
80 159
326 509
313 496
119 70
189 372
190 373
94 225
81 208
103 92
91 222
123 64
257 440
195 374
116 275
82 133
171 6
161 340
87 220
78 197
140 313
153 334
152 333
179 362
126 61
133 48
159 340
102 251
270 453
79 160
86 213
240 423
135 306
170 353
83 202
156 337
82 187
276 459
127 56
206 389
243 426
86 215
121 288
166 13
158 23
152 29
298 479
119 72
143 322
168 349
178 361
199 376
265 448
93 226
183 366
81 134
198 377
84 179
230 413
107 88
81 204
237 420
120 71
174 3
97 234
79 164
169 352
321 504
218 401
83 146
101 250
87 126
90 121
103 242
193 376
84 131
106 259
284 467
299 482
129 298
312 495
130 299
250 433
161 20
318 501
79 190
89 122
99 232
263 446
128 295
96 105
134 47
100 239
134 301
247 430
296 479
87 170
125 292
83 186
180 363
146 37
133 302
194 375
264 447
150 331
212 395
97 222
242 425
85 198
82 167
201 382
113 270
88 125
141 314
95 224
117 74
176 359
253 436
77 198
91 118
173 356
83 168
325 508
283 464
200 381
192 375
139 42
113 78
82 145
149 328
86 127
84 175
261 444
106 89
231 414
126 57
184 367
120 69
126 59
115 76
317 500
83 210
91 110
157 24
86 177
100 238
85 175
120 70
130 298
86 180
92 110
124 68
171 7
86 178
85 131
151 329
138 310
122 288
271 453
167 347
134 300
131 297
185 367
160 340
113 267
256 438
137 45
153 29
133 301
241 423
298 480
326 508
253 435
80 200
123 67
79 163
86 212
83 203
85 169
186 368
140 42
127 61
157 337
90 112
204 386
213 395
83 155
80 158
89 221
82 156
87 215
107 89
86 170
102 250
84 168
81 201
167 11
82 182
86 216
121 69
166 12
85 201
107 259
120 74
90 122
102 244
85 173
296 478
179 361
112 80
180 362
172 6
138 44
270 450
149 327
87 177
96 106
229 411
117 75
94 226
95 225
262 444
119 281
245 427
167 13
123 289
87 169
134 48
317 499
235 417
261 443
313 489
82 202
207 389
83 209
113 79
128 294
158 338
312 494
86 128
267 449
163 17
80 164
126 60
96 100
105 253
84 180
148 34
152 30
264 446
171 353
80 192
310 492
230 412
126 292
133 49
283 465
161 19
88 214
288 470
86 218
193 375
220 402
120 286
117 275
316 498
194 374
321 503
294 476
143 39
97 229
176 358
86 172
102 94
79 199
82 134
258 440
117 277
248 430
85 179
175 355
151 331
106 254
297 479
254 436
158 26
82 166
116 276
121 71
311 493
154 334
129 293
263 443
150 328
115 77
270 452
277 459
175 3
84 186
136 306
152 330
313 495
104 92
201 381
312 490
286 468
272 454
200 376
79 191
118 74
95 227
88 126
179 7
325 507
83 185
120 72
159 339
201 379
263 445
79 197
300 482
85 129
155 335
154 28
162 20
274 454
202 382
103 243
80 160
96 222
122 68
199 377
282 464
144 322
81 165
278 460
83 187
182 364
100 236
319 501
169 349
107 255
271 451
223 403
97 99
119 285
94 224
98 98
119 283
80 190
95 223
223 405
285 467
92 120
170 350
157 25
189 371
295 477
87 219
244 426
116 272
188 370
78 198
166 14
81 205
161 21
311 491
97 101
141 41
83 145
170 352
84 132
117 273
121 281
120 282
80 206
150 32
222 402
97 223
155 27
82 208
234 416
322 504
217 399
165 15
266 448
190 372
314 496
146 36
247 429
104 242
173 5
139 311
99 235
99 233
81 207
85 185
164 16
237 417
91 119
174 4
159 23
203 385
172 354
87 213
136 46
301 483
153 333
116 76
124 64
251 431
140 312
264 442
90 124
156 336
174 356
126 62
96 224
139 43
91 113
91 115
162 18
184 366
147 35
99 97
191 373
85 199
131 299
177 359
183 365
141 313
206 388
101 95
84 198
92 118
219 401
151 31
83 133
205 387
279 461
232 414
251 433
127 57
127 293
225 407
114 270
121 287
315 497
237 419
265 447
82 204
255 437
236 418
103 93
118 280
132 300
178 360
222 404
146 324
91 117
98 234
187 369
158 24
200 378
215 397
87 127
90 222
148 326
157 27
106 90
109 261
152 332
243 425
147 36
172 7
84 155
81 200
83 156
142 41
245 426
114 267
83 134
147 324
153 332
282 463
114 269
109 260
284 465
86 129
251 430
100 97
98 229
96 221
327 508
236 417
205 386
202 381
312 493
142 313
83 182
158 337
206 387
117 76
84 167
123 288
190 371
244 423
184 365
136 47
255 436
177 2
274 455
127 60
83 204
130 55
99 98
223 402
163 18
80 191
86 179
177 6
83 208
98 99
170 349
316 497
105 92
256 437
273 454
167 12
102 237
120 283
148 325
204 383
192 373
265 446
269 450
175 4
128 293
132 299
87 172
322 501
84 133
119 280
167 14
140 311
235 416
128 57
118 279
179 0
301 482
131 298
105 242
118 277
174 355
91 122
226 407
92 113
251 432
92 117
120 285
84 209
140 43
128 61
149 34
148 35
220 401
143 40
162 21
177 358
117 278
267 448
98 101
234 415
179 8
80 199
106 91
201 380
122 69
312 491
104 93
91 124
148 41
86 131
82 157
89 214
217 398
178 359
188 369
85 186
173 354
322 503
102 249
133 300
200 377
224 403
244 425
178 7
262 443
85 146
138 45
92 111
135 48
141 42
164 17
157 336
315 496
174 5
117 272
118 275
216 397
94 223
243 424
204 385
276 457
91 116
93 118
98 223
92 115
105 252
300 481
127 62
201 378
99 234
152 331
84 145
107 254
278 459
101 236
313 494
82 165
116 271
167 346
81 160
84 187
104 243
254 435
121 282
95 222
121 70
179 2
151 32
286 467
102 95
225 406
277 458
83 166
299 480
122 287
160 339
202 379
87 212
124 289
230 411
186 367
291 472
297 478
141 312
85 168
127 58
214 395
117 274
223 404
123 68
319 500
88 213
89 126
285 466
201 376
95 226
168 347
138 309
86 173
87 216
295 476
120 73
137 308
87 218
311 492
180 361
87 178
150 327
151 328
124 69
119 74
326 507
107 90
81 158
259 440
121 280
97 100
171 352
137 46
221 402
232 413
134 49
152 329
159 338
92 119
117 276
144 321
290 471
88 177
264 445
120 75
180 359
110 261
154 29
179 360
88 215
264 443
208 389
185 366
152 31
271 452
81 164
81 190
296 477
82 201
215 396
162 19
193 374
80 163
165 16
237 418
86 169
294 475
97 106
125 64
107 258
79 198
113 80
103 244
300 479
96 227
189 370
84 185
219 400
248 429
97 228
207 388
135 50
176 5
86 175
156 335
84 199
85 202
84 181
313 490
252 433
265 442
242 423
103 250
100 233
137 306
181 358
101 238
118 273
289 470
318 499
156 27
183 364
118 75
129 56
155 334
150 33
154 333
263 444
317 498
90 221
272 453
280 461
115 78
225 402
81 206
88 127
176 3
160 23
158 25
270 449
320 501
86 217
97 224
127 292
266 447
114 79
187 368
91 112
113 268
104 94
154 328
124 288
178 2
140 44
86 210
90 220
160 338
87 179
81 161
290 470
103 249
249 429
291 471
86 156
156 28
181 357
94 222
143 41
162 22
202 378
106 92
87 217
103 95
142 42
236 416
193 373
88 216
111 261
168 12
301 481
154 332
150 34
87 131
86 168
84 166
276 456
137 307
190 370
84 204
264 444
118 272
85 145
323 503
161 23
320 500
103 237
174 6
102 236
92 124
201 377
137 47
178 358
318 498
113 263
117 271
89 215
97 107
130 56
293 473
316 496
257 437
317 497
259 439
144 40
231 411
141 47
85 133
100 98
244 424
145 321
287 467
221 401
179 359
202 380
82 200
180 0
203 381
295 475
123 69
82 206
88 172
261 441
313 493
102 238
136 48
220 400
82 158
163 19
300 480
141 43
143 313
125 65
208 388
84 156
286 466
207 387
180 360
179 1
219 399
151 33
113 81
83 207
138 308
294 472
269 449
266 446
114 268
189 369
119 279
128 292
253 433
169 11
108 258
171 349
117 77
91 123
81 163
181 361
225 405
84 208
115 79
136 50
94 118
184 364
301 479
256 436
272 452
226 402
243 423
266 442
85 203
153 331
84 184
313 491
152 32
252 432
95 221
321 501
150 326
212 392
186 366
176 4
111 87
89 213
188 368
121 285
105 243
81 191
153 329
326 506
277 457
176 6
279 457
140 46
192 372
227 407
115 267
206 386
108 90
273 453
99 99
149 325
165 17
120 280
123 287
80 198
88 128
126 64
204 382
122 282
106 242
100 234
178 8
105 93
121 73
246 426
98 228
238 418
255 435
90 126
83 205
139 309
168 14
182 362
92 116
104 250
93 119
181 359
177 3
312 492
163 21
127 63
177 7
84 182
87 211
282 462
119 75
82 160
110 260
135 49
226 406
121 283
281 461
154 30
85 209
204 384
83 199
135 51
107 257
178 6
285 465
119 275
159 337
146 322
315 495
173 353
254 434
173 7
93 111
101 233
278 458
120 284
86 174
89 219
122 70
174 354
327 507
87 173
87 129
131 57
158 336
139 45
164 18
205 385
225 403
82 164
88 178
224 402
84 134
168 346
172 8
118 76
83 183
230 410
109 259
141 311
96 226
265 443
98 100
322 502
182 358
160 24
118 274
93 121
245 425
235 415
107 91
262 442
292 472
108 254
152 328
166 16
156 334
81 199
216 396
128 58
222 400
294 474
85 187
267 447
129 57
132 298
205 383
147 323
159 25
233 413
167 15
122 286
133 299
218 398
147 41
87 175
172 352
118 276
170 348
86 146
148 36
88 176
101 97
297 477
215 395
99 101
83 165
97 227
331 511
128 60
224 404
234 414
251 429
92 112
225 401
131 55
118 278
275 455
297 475
105 251
148 42
104 244
185 365
323 501
98 224
183 363
142 312
253 432
97 226
147 322
94 117
142 43
148 43
231 410
108 91
216 395
103 236
121 284
147 42
92 123
94 119
129 58
90 219
178 3
302 481
332 511
183 362
106 251
131 56
174 7
100 99
212 391
114 81
144 313
220 399
145 320
89 212
228 407
119 274
163 22
91 220
117 78
203 378
282 461
170 347
123 282
84 135
176 7
118 77
265 444
112 87
243 422
133 298
224 401
287 466
266 445
156 29
129 290
256 435
160 25
319 498
161 24
114 263
180 1
107 92
87 146
169 346
88 173
90 213
334 511
177 8
119 272
82 199
155 30
122 283
141 44
153 32
225 404
247 426
84 165
143 312
103 238
122 73
234 413
331 510
261 440
219 398
127 64
94 111
85 204
295 474
213 392
91 214
316 495
297 476
101 98
154 31
267 446
211 390
203 380
251 428
141 46
113 264
150 325
177 4
104 237
94 121
249 428
223 400
85 134
101 234
141 48
92 221
120 279
115 80
138 307
86 133
105 244
209 388
178 5
98 227
88 175
84 205
90 177
193 372
260 439
88 211
87 174
105 250
170 11
99 100
321 500
185 364
85 144
313 492
298 477
278 457
145 40
236 415
137 48
108 257
116 79
89 128
93 122
105 94
202 377
87 130
119 276
259 438
314 493
262 441
82 163
86 147
84 183
326 505
82 159
130 57
215 394
111 260
266 441
178 9
162 23
286 465
169 12
230 407
123 70
126 281
148 323
291 470
302 479
84 207
155 332
328 507
320 499
152 33
85 208
111 88
327 506
85 182
280 459
85 148
85 156
145 314
175 6
86 145
289 468
157 334
276 455
117 270
206 383
164 19
168 15
151 34
94 221
232 411
246 425
173 8
89 218
182 359
140 309
90 215
255 434
141 310
124 287
139 308
122 285
99 228
281 460
99 224
89 216
181 0
148 37
86 209
161 338
180 357
292 471
81 162
89 176
222 399
293 472
128 291
83 164
284 463
173 352
280 457
189 368
93 124
108 253
139 46
273 452
115 268
296 475
159 336
114 265
102 235
190 369
172 351
89 172
164 21
221 400
317 496
106 93
97 108
154 327
88 179
104 249
179 358
119 76
149 36
88 129
205 382
207 386
239 418
123 286
218 397
295 472
90 127
138 47
86 167
144 41
136 49
83 206
119 278
240 417
182 1
94 115
86 155
257 436
205 384
301 480
146 321
155 328
158 335
93 222
143 42
103 248
83 158
188 367
323 502
290 469
279 458
172 349
126 65
226 403
268 447
85 188
120 275
81 198
88 217
269 448
318 497
125 288
110 259
142 311
106 243
174 353
165 18
136 51
235 414
294 473
87 210
182 361
285 464
154 331
206 385
116 267
167 16
113 262
83 160
93 112
181 360
187 366
152 327
208 387
93 116
104 95
135 52
128 59
153 328
82 191
245 424
226 405
215 393
136 52
96 118
255 433
172 348
161 25
333 511
116 80
232 410
100 104
254 432
141 309
144 42
194 372
89 173
223 399
85 157
95 119
100 228
137 49
92 220
205 381
88 130
218 396
154 32
149 37
140 48
233 411
266 444
110 254
237 415
317 495
182 0
321 499
274 452
90 178
110 258
91 213
211 389
89 129
181 1
101 99
153 327
99 225
86 208
82 198
112 88
262 438
220 398
293 471
183 361
241 419
156 328
206 382
319 497
185 363
145 41
284 462
130 60
203 377
111 259
142 310
277 455
119 271
257 435
157 333
120 278
98 226
123 71
164 22
129 59
171 11
106 94
120 276
222 398
335 511
89 217
116 268
278 456
94 120
150 324
113 87
214 392
141 45
174 352
93 221
88 148
91 127
296 474
281 459
123 285
212 390
84 158
106 244
209 387
115 265
113 89
88 202
90 218
266 440
207 383
145 315
103 239
170 12
207 385
324 502
152 326
177 9
81 197
99 227
204 378
93 123
170 346
151 323
242 420
162 24
327 505
204 380
153 33
105 95
117 79
117 269
86 134
285 463
139 307
134 298
178 4
94 116
314 492
173 351
120 274
175 353
151 325
146 42
104 96
150 36
133 297
231 407
246 424
328 506
122 284
90 176
240 418
169 15
332 510
85 149
290 468
282 460
86 166
261 439
94 114
250 428
217 395
139 47
123 283
147 321
114 264
86 148
195 371
87 145
102 234
190 368
144 312
130 58
175 7
83 159
88 174
146 320
98 108
289 467
89 211
174 8
85 205
89 179
86 154
247 423
260 438
95 111
123 73
126 282
166 18
104 248
318 496
118 270
108 252
104 238
171 347
224 400
84 206
115 81
82 162
88 210
241 417
140 308
295 473
263 441
85 135
108 92
88 146
291 469
286 464
147 43
243 421
259 437
85 183
130 290
152 34
165 21
87 181
91 219
103 235
125 281
90 216
269 447
334 510
86 182
163 23
315 493
258 436
187 365
159 335
96 110
247 425
228 406
156 30
91 215
105 237
157 29
253 431
161 337
204 376
143 43
149 323
133 55
179 357
280 458
267 445
165 19
227 405
84 136
146 316
121 275
122 74
84 140
276 454
155 329
236 414
273 451
298 476
113 261
100 100
118 78
135 53
86 188
167 17
235 411
112 260
158 334
226 404
111 89
208 386
229 407
86 144
86 204
234 412
122 72
248 426
206 384
320 498
126 288
119 77
94 112
219 397
84 164
221 399
316 494
184 362
182 360
326 504
180 356
104 236
93 125
188 366
287 465
83 191
183 359
109 257
155 331
302 480
87 209
97 109
132 56
84 160
101 229
127 65
106 250
83 161
213 391
129 291
82 192
124 286
169 345
109 91
146 314
102 98
111 90
303 480
94 123
194 371
85 206
190 367
281 458
232 409
162 25
150 37
112 259
93 126
244 421
210 387
113 86
129 64
93 220
110 257
318 495
161 336
157 30
113 88
243 420
144 311
145 42
134 55
152 325
114 261
88 201
321 498
145 312
152 35
170 15
123 284
126 67
237 414
97 118
158 333
183 0
156 31
133 56
286 463
165 340
86 135
219 396
215 392
105 96
326 503
99 226
150 323
218 395
105 248
101 228
157 328
88 145
317 494
269 446
122 75
89 130
103 98
293 470
124 73
120 273
147 44
85 158
86 205
196 373
121 274
127 66
116 81
315 492
109 92
179 356
100 105
89 180
151 322
257 434
223 398
86 183
122 275
91 218
206 381
115 82
171 346
87 208
146 319
95 124
104 235
260 437
139 306
131 60
85 150
272 449
135 298
135 54
97 110
119 78
171 12
95 116
89 210
327 504
111 254
92 213
246 423
115 264
105 246
82 193
119 270
250 427
149 38
86 207
136 53
123 72
98 109
204 379
221 398
258 435
144 309
319 496
117 80
332 509
88 135
125 282
118 81
147 316
83 192
296 473
83 162
165 22
235 412
89 208
87 144
325 502
116 265
88 147
85 136
122 271
262 439
130 291
320 497
336 511
126 287
180 3
89 146
114 89
242 417
103 234
229 406
116 263
165 20
179 4
186 363
86 165
288 465
117 268
282 459
163 338
130 59
87 182
158 29
90 179
107 94
96 111
141 306
267 444
164 337
159 334
263 440
285 462
94 125
181 2
185 362
84 161
91 212
245 422
242 419
91 128
273 450
139 48
124 285
146 315
329 506
169 344
233 410
86 143
235 410
84 141
125 286
275 452
108 93
254 431
142 309
106 237
328 505
299 476
193 370
86 153
92 215
174 9
176 9
247 424
88 149
110 91
140 307
142 45
124 283
204 377
89 174
101 100
177 354
125 280
96 119
277 454
121 76
270 447
144 43
108 251
213 390
224 399
195 372
134 297
87 204
319 494
183 360
169 16
88 203
130 63
208 381
101 104
153 34
96 117
173 346
222 397
88 209
175 8
95 120
88 181
110 253
160 335
130 65
175 352
99 108
287 464
84 137
187 364
94 113
174 345
174 351
85 164
207 384
241 418
291 468
167 18
104 239
138 49
90 217
248 425
147 314
118 269
146 43
147 320
211 386
207 382
84 159
95 112
253 430
172 347
216 393
333 510
289 466
120 277
102 229
100 225
156 329
90 175
205 380
265 440
156 331
188 365
87 134
316 493
176 353
283 460
211 388
205 376
84 139
154 33
231 406
115 262
84 163
120 271
153 326
217 394
162 337
87 188
236 411
92 219
209 386
91 176
148 321
107 244
228 405
107 250
109 244
220 397
105 238
212 389
261 438
256 433
82 197
227 404
87 148
278 455
163 24
136 298
124 284
211 387
318 494
260 436
164 24
109 245
283 459
85 163
243 419
97 117
125 73
173 345
259 435
104 98
131 59
157 31
116 264
250 426
185 361
144 310
161 27
152 324
105 235
149 321
282 458
113 85
321 497
174 346
255 431
91 179
105 247
86 152
118 82
124 74
142 306
172 346
208 384
86 160
88 208
136 296
317 493
215 391
87 143
157 329
95 113
177 353
131 63
119 269
105 239
298 474
159 333
138 304
132 60
254 430
184 0
157 331
134 296
86 190
273 449
121 273
136 54
292 468
162 336
207 381
299 475
258 434
145 43
127 287
121 271
92 216
84 162
145 311
217 393
331 507
154 34
320 496
86 136
173 347
131 61
123 75
178 354
89 181
335 509
132 58
114 88
212 388
163 25
114 86
180 4
181 3
115 83
108 236
83 193
323 499
167 19
170 16
143 309
88 134
253 429
172 12
158 332
139 305
91 211
208 380
98 110
118 80
122 76
124 72
147 313
192 368
102 104
248 424
101 105
86 150
86 164
134 56
328 504
268 444
237 413
84 138
89 201
297 473
293 469
92 218
98 118
146 44
107 245
165 23
162 26
275 451
89 145
122 274
106 238
267 443
90 174
82 194
225 399
152 36
190 366
112 254
100 226
257 433
100 108
325 501
275 449
126 286
87 149
102 100
152 322
102 228
119 79
119 81
88 204
205 379
320 494
130 292
87 187
292 466
110 92
156 330
125 285
87 183
111 253
141 307
129 65
116 82
168 342
86 142
279 455
120 78
121 277
213 389
176 352
304 480
108 94
90 180
160 334
150 38
175 9
85 141
93 213
244 420
245 421
92 128
238 414
108 250
284 460
135 297
330 506
233 409
91 217
327 503
285 461
95 125
132 66
236 412
131 65
147 315
333 509
96 112
89 147
160 332
246 422
99 109
138 50
126 68
278 454
90 210
194 370
86 140
101 101
229 405
127 67
88 200
153 325
294 470
104 234
97 119
274 450
269 445
130 64
90 146
289 465
219 395
242 418
220 396
88 144
113 259
336 510
161 335
96 116
210 386
147 317
271 447
193 369
108 244
234 410
109 251
169 343
123 275
124 280
92 176
221 397
187 363
86 206
87 135
89 155
276 452
93 127
87 205
329 503
110 252
197 373
206 380
147 319
164 338
111 257
89 131
196 372
300 476
146 312
256 432
106 248
139 49
264 440
263 439
106 246
87 189
288 464
112 90
174 350
179 355
261 437
153 35
143 45
97 111
125 71
205 377
144 44
228 404
87 207
93 219
122 272
319 493
223 397
184 360
91 175
226 400
116 262
103 99
287 463
88 182
293 465
118 268
166 20
163 337
159 29
96 120
218 394
107 237
231 405
85 159
290 466
85 137
83 197
165 339
115 261
121 77
272 448
216 392
270 446
125 283
106 236
166 340
170 344
150 322
105 97
89 209
95 123
322 498
316 492
188 364
89 188
102 227
162 27
92 175
166 339
179 354
112 93
174 349
138 51
139 304
136 55
123 276
264 439
125 74
283 458
88 207
97 112
133 60
91 172
103 228
292 467
126 73
101 226
297 472
246 421
115 260
92 129
143 46
97 120
190 365
206 377
299 474
158 331
305 480
89 144
234 409
258 433
108 245
95 122
86 151
329 504
144 45
105 234
86 137
90 131
243 418
198 373
226 399
116 261
287 462
118 265
86 159
249 424
181 4
217 392
145 310
116 83
330 505
159 30
150 39
92 217
176 351
115 86
134 295
88 205
321 496
126 285
139 50
126 71
142 307
87 190
160 29
96 123
132 293
98 111
223 396
149 314
90 147
136 295
93 218
163 26
98 117
91 174
96 125
111 252
184 1
87 140
178 353
87 136
121 270
93 128
125 70
119 80
146 45
260 435
301 476
91 180
88 143
207 380
160 333
237 412
291 466
212 387
272 447
137 296
121 78
94 219
326 501
225 398
188 363
282 457
271 446
113 254
148 313
268 443
109 250
110 93
238 413
145 44
131 66
328 503
89 200
303 476
107 238
183 2
275 450
213 386
251 426
106 247
157 32
230 405
99 110
189 364
254 429
114 259
96 121
131 292
112 255
192 367
137 298
147 318
100 107
132 59
160 331
140 305
292 465
135 56
149 320
165 338
257 432
111 92
255 430
87 158
276 449
167 20
163 336
143 308
197 372
103 100
135 296
155 34
337 506
133 294
146 311
128 67
227 400
89 182
94 177
101 108
165 24
119 268
122 277
108 243
89 166
125 284
112 251
153 324
194 369
193 368
151 38
153 322
100 109
244 419
290 465
86 163
172 345
150 321
169 342
294 469
250 425
112 253
138 303
83 194
96 113
332 507
96 115
219 394
320 495
106 235
103 104
173 12
87 142
215 390
86 161
159 332
110 251
90 165
175 10
221 396
285 460
132 65
129 66
118 267
335 508
167 340
87 150
108 237
113 258
152 37
116 87
143 306
90 209
329 502
85 138
83 196
85 162
256 431
123 274
108 95
134 57
322 497
218 393
166 23
102 105
111 256
87 206
148 315
293 466
97 116
210 385
124 279
112 257
98 119
161 28
316 491
154 35
106 239
117 264
170 343
153 36
124 75
174 347
101 106
87 164
105 98
128 287
185 360
229 404
114 85
127 68
273 448
261 436
318 493
93 170
293 468
92 171
89 134
209 384
133 58
289 464
298 473
147 312
90 181
137 54
304 479
102 103
122 273
131 62
288 463
171 344
122 77
89 156
132 63
206 379
131 64
279 454
177 352
270 445
276 451
171 16
126 69
87 160
86 139
88 185
88 183
123 76
86 191
91 210
93 214
125 72
92 179
94 127
324 499
300 475
115 88
95 126
112 91
259 434
323 498
127 286
102 101
168 341
157 330
132 67
286 461
87 152
107 236
182 3
213 388
274 449
245 420
86 141
93 176
331 506
89 154
92 211
333 508
120 269
162 335
117 82
336 509
214 389
186 361
158 31
91 146
88 187
327 502
173 13
87 137
124 76
304 476
147 311
172 16
101 107
280 454
140 304
88 140
178 352
138 298
89 199
164 26
336 508
132 292
294 468
337 507
121 269
114 258
99 111
88 190
111 251
116 84
129 287
158 330
83 195
90 148
318 492
218 392
89 185
167 21
214 388
198 372
87 191
135 295
163 335
89 133
173 15
166 24
273 447
113 253
111 93
89 183
197 371
112 252
93 217
270 444
132 62
161 29
260 434
175 11
154 324
283 457
93 171
94 212
108 238
102 108
189 363
88 206
89 187
160 30
108 242
116 260
254 428
88 164
103 227
306 480
168 340
133 61
134 60
126 70
88 152
84 196
215 389
239 413
166 338
162 334
95 169
119 267
272 446
152 38
276 450
274 448
269 443
90 154
238 412
192 366
182 4
148 318
110 250
179 353
182 356
115 259
93 211
305 479
90 166
161 333
223 395
92 170
149 317
234 408
102 106
230 404
123 277
93 129
90 156
88 158
94 170
190 364
113 91
184 2
92 174
103 101
91 209
87 139
93 179
101 109
89 165
150 320
89 189
199 373
126 284
94 178
121 79
169 19
120 268
127 285
107 239
299 473
91 147
228 400
94 214
90 182
134 58
293 467
249 423
286 460
321 495
331 505
113 251
95 127
114 254
103 105
213 387
139 303
143 47
91 145
145 45
90 134
245 419
104 100
104 104
94 176
103 103
186 360
250 424
131 67
116 88
117 87
87 159
276 446
191 365
180 354
124 278
253 427
88 142
102 102
139 51
317 491
170 342
87 141
302 476
123 273
108 246
259 433
93 175
156 34
97 115
248 422
298 472
86 138
138 294
112 256
128 286
107 247
285 459
95 219
150 314
102 226
219 393
137 295
105 99
104 228
165 25
271 445
137 55
134 294
117 261
159 31
227 399
133 63
120 80
194 368
159 331
168 20
98 112
107 235
109 249
207 379
175 347
287 461
256 430
252 426
151 39
291 465
289 463
127 69
97 113
90 144
87 151
118 264
135 57
214 386
144 306
334 508
167 23
92 172
264 438
133 293
333 507
261 435
196 370
100 110
301 475
338 506
149 313
255 429
163 27
126 72
113 257
247 421
94 128
323 497
91 131
92 146
183 3
177 351
88 186
97 121
99 117
328 502
91 173
93 181
132 64
117 83
324 498
109 237
262 436
88 184
330 504
155 35
106 234
87 163
290 464
92 210
210 384
279 453
158 32
122 78
327 501
133 59
182 354
116 86
175 349
129 67
94 218
275 447
153 323
112 92
96 122
115 85
167 339
172 344
221 395
277 451
162 28
335 507
91 181
86 162
96 126
105 233
244 418
119 265
257 431
109 95
225 397
136 56
300 474
107 241
149 315
336 506
98 120
146 310
325 499
126 74
143 307
110 94
206 378
284 458
154 36
226 397
144 47
173 16
90 167
159 330
99 222
338 511
119 264
105 100
171 18
93 130
149 312
248 421
91 208
322 495
97 114
97 126
91 166
91 144
126 75
145 46
89 190
146 309
93 146
136 57
162 333
117 84
227 398
281 454
260 433
182 355
120 267
186 359
221 394
114 257
325 498
109 98
150 315
113 252
118 261
196 369
116 89
327 500
256 429
271 444
121 80
137 294
288 461
300 473
88 137
93 210
116 259
328 501
89 206
153 38
277 450
214 387
125 76
178 351
197 370
234 405
172 343
85 196
127 72
298 471
297 470
318 491
174 15
183 354
112 95
331 504
123 78
151 40
113 256
91 132
111 250
274 447
200 373
95 170
189 362
249 422
124 77
104 105
108 247
98 121
135 58
135 294
170 19
90 189
179 350
289 462
306 479
238 411
210 383
110 249
244 417
92 145
99 116
287 460
199 372
191 364
295 466
284 457
94 175
92 173
154 37
88 161
192 365
275 446
124 277
84 195
87 138
92 131
134 61
130 67
122 269
90 183
107 234
168 23
88 139
104 227
118 263
170 341
276 445
159 32
167 338
286 459
279 452
87 192
90 133
117 86
87 162
103 102
115 254
144 307
100 117
94 179
107 240
109 242
302 475
262 435
129 68
88 151
167 24
164 27
149 316
165 26
138 299
137 56
89 158
183 356
134 293
299 472
323 496
285 458
125 274
97 220
171 342
106 99
155 324
93 172
150 319
134 59
96 127
163 334
270 443
95 218
291 464
295 468
180 353
88 159
105 230
305 476
92 209
105 232
93 182
252 425
138 295
176 11
125 278
254 427
94 217
110 237
102 109
141 304
179 10
151 314
93 180
100 111
156 35
296 465
89 186
338 507
95 178
169 340
114 91
97 122
193 366
163 28
103 226
91 156
103 108
219 392
175 348
195 368
119 266
183 4
145 304
114 255
98 113
94 211
273 446
110 95
90 153
224 395
251 424
184 3
145 308
257 430
228 399
100 217
106 233
151 320
89 160
222 395
337 508
194 367
326 499
310 481
169 20
101 224
92 147
295 464
115 258
127 70
265 438
211 384
263 436
113 92
88 141
161 30
168 21
264 437
182 353
148 311
160 31
89 198
121 268
108 239
111 94
91 188
129 286
168 339
234 407
117 88
122 79
127 284
90 149
88 163
93 174
239 412
128 285
187 360
215 388
99 112
116 85
108 241
96 169
138 297
198 371
103 106
247 420
95 214
255 428
173 14
176 349
95 176
107 98
95 212
89 184
105 228
182 5
140 51
132 291
272 445
253 426
124 273
133 62
335 506
101 110
104 101
92 169
278 451
207 378
154 323
334 507
246 419
135 60
152 39
89 164
283 456
104 103
102 225
144 305
133 64
317 490
102 107
140 303
90 207
179 352
91 182
282 455
150 317
166 337
149 318
95 128
220 393
230 403
115 90
185 358
218 391
294 467
318 490
106 232
159 33
225 395
264 436
167 25
234 406
120 88
97 127
95 155
105 101
91 183
136 58
216 388
155 37
146 308
109 241
288 460
201 373
169 339
164 334
125 277
198 370
114 256
187 359
289 461
89 141
91 133
239 411
281 453
90 152
215 387
166 336
110 236
228 398
88 138
233 405
110 238
129 69
238 410
325 497
88 192
168 338
145 47
174 14
235 407
120 266
96 170
323 493
190 362
162 30
301 473
116 254
332 504
123 79
148 310
88 162
179 11
272 444
139 53
159 329
291 463
176 348
219 391
111 249
244 416
126 278
308 480
99 221
94 216
316 488
230 402
109 239
118 84
89 151
105 227
171 19
93 131
110 248
151 315
94 180
105 229
140 52
115 257
102 224
114 252
208 378
300 472
197 369
154 38
310 480
271 443
166 26
266 438
150 312
121 81
252 424
92 208
322 494
90 206
139 299
119 263
91 149
185 3
235 405
107 233
279 451
101 111
296 466
328 500
328 498
126 274
93 155
178 350
278 450
302 474
128 284
307 479
139 297
177 349
98 220
99 115
141 303
151 313
163 29
178 12
109 99
97 169
115 255
210 382
226 396
94 130
212 384
92 188
297 469
91 167
324 496
253 425
93 173
150 318
105 231
171 341
283 455
87 197
89 161
95 179
134 64
92 154
94 182
222 394
144 304
257 429
261 433
326 498
160 32
296 464
147 309
133 291
263 435
199 371
150 316
248 420
92 168
254 426
251 423
290 462
173 17
339 511
118 86
152 40
139 295
317 489
116 90
161 31
157 35
87 193
333 505
124 78
295 467
91 187
262 434
91 207
169 21
98 114
250 422
125 77
93 209
100 116
104 108
100 218
135 293
186 358
191 363
170 340
319 491
104 106
179 351
110 242
108 234
107 99
90 158
168 24
217 389
91 157
94 210
98 126
92 156
246 418
99 219
96 128
93 183
195 367
88 198
135 61
121 267
92 144
90 184
100 112
95 211
116 258
151 319
89 191
125 273
89 139
164 28
153 39
94 168
137 57
101 217
111 95
298 470
112 96
273 445
182 6
183 5
156 36
305 477
155 323
85 195
95 217
227 397
100 222
127 75
172 18
130 286
99 121
145 307
306 478
103 111
111 237
126 76
334 506
185 357
231 403
103 107
117 85
93 145
338 510
108 240
90 186
280 452
90 160
232 404
114 92
285 457
135 59
296 468
93 147
92 182
89 159
129 285
286 458
118 260
323 495
173 19
94 172
295 463
96 218
186 2
103 109
172 342
128 70
108 98
240 412
183 355
163 333
255 427
102 110
221 393
338 508
128 72
97 219
315 487
162 332
180 10
130 68
94 174
118 88
174 16
115 91
122 268
192 364
220 392
105 105
282 454
105 103
309 481
165 335
95 215
218 390
101 223
145 305
103 225
257 427
95 175
270 442
134 62
137 293
170 20
275 445
109 247
256 428
193 365
104 102
177 11
274 446
231 401
89 163
181 353
91 189
98 122
125 275
306 477
151 318
162 31
338 509
90 191
88 197
186 3
140 297
107 232
226 393
93 208
162 331
92 189
126 275
153 320
99 114
170 23
240 411
153 314
179 12
235 406
326 497
250 421
291 462
286 457
172 19
93 156
87 196
296 467
289 460
151 312
323 494
266 437
296 463
157 36
247 418
290 461
219 390
174 17
91 152
328 499
90 159
236 407
287 458
94 155
274 445
152 319
91 186
122 267
94 131
272 443
284 455
116 91
315 486
319 490
131 288
100 115
308 479
96 217
142 303
200 371
146 305
128 75
254 425
96 179
135 62
90 205
169 24
111 242
297 468
168 25
104 107
185 4
134 65
129 70
108 99
92 149
316 487
190 361
90 139
280 451
160 33
275 444
95 156
100 219
302 473
96 171
195 366
102 223
128 71
111 238
95 180
169 338
119 88
241 412
188 359
95 174
99 122
208 375
222 393
96 129
239 410
140 299
180 11
164 29
121 266
216 387
129 284
177 12
157 322
158 35
97 170
229 398
146 47
89 138
136 293
102 111
98 125
227 396
180 351
146 307
93 144
213 384
171 22
156 37
258 429
285 456
118 259
149 310
92 143
166 27
217 388
270 441
107 230
155 322
283 454
93 154
288 459
185 356
113 236
317 488
196 367
226 395
177 348
106 101
91 184
100 121
134 291
111 96
303 474
193 364
106 103
119 84
106 225
130 69
143 304
166 335
105 226
159 34
87 194
184 355
160 329
329 498
90 163
139 54
112 237
245 416
246 417
164 333
194 365
148 309
94 173
178 349
140 53
97 128
334 505
318 489
181 352
251 422
231 402
103 110
282 453
248 419
201 372
168 337
273 444
90 141
197 368
151 316
100 113
144 303
94 147
309 480
331 502
103 222
161 32
281 450
99 220
300 471
135 292
95 144
327 498
96 175
163 332
110 247
176 13
232 401
233 404
249 420
139 296
171 20
253 424
116 257
125 276
324 495
107 106
124 79
330 501
109 100
263 434
128 279
110 239
121 82
199 370
110 243
184 5
91 142
297 466
230 401
212 383
115 252
106 105
97 218
91 158
153 40
123 80
115 256
125 78
175 14
325 496
174 19
126 277
100 119
106 229
110 235
339 510
172 341
92 153
208 377
218 389
105 106
256 427
103 224
154 39
120 87
298 469
112 249
95 216
119 262
307 478
130 285
295 462
192 363
188 357
115 92
101 218
340 511
92 157
107 228
109 234
135 66
96 209
187 2
339 508
106 231
198 369
94 167
323 492
107 100
141 52
101 112
109 240
137 58
122 81
105 102
136 59
95 132
92 167
99 218
94 209
141 302
170 21
90 151
88 193
100 221
147 308
252 423
171 340
92 207
91 206
165 334
110 241
294 461
117 258
95 130
91 150
125 272
104 109
96 211
94 183
271 442
165 28
258 427
150 311
278 449
232 403
93 168
92 133
332 503
93 148
118 85
211 382
262 433
333 504
279 450
113 96
95 210
281 452
98 127
182 7
170 339
108 233
86 195
116 253
116 255
142 51
89 162
264 435
89 192
152 41
220 391
119 86
186 357
127 76
92 183
152 315
101 222
101 113
92 134
162 32
151 311
90 192
201 371
124 80
107 105
114 96
154 314
96 216
116 92
289 459
195 365
93 157
165 29
327 497
98 218
251 421
302 472
125 271
191 361
340 508
253 421
258 428
110 240
259 429
261 431
100 114
111 247
153 41
329 499
156 38
170 24
328 496
227 395
263 433
181 351
314 484
135 291
111 243
219 389
315 483
128 282
107 107
97 217
91 185
240 410
145 49
172 20
187 357
107 101
105 225
92 142
107 225
100 122
113 237
130 284
152 316
288 458
91 205
93 207
227 393
296 462
112 238
103 223
137 59
178 348
287 457
186 356
155 39
143 51
95 147
92 136
193 363
88 196
248 418
88 194
226 394
111 97
252 422
93 189
97 129
91 151
91 141
213 383
170 338
211 379
186 4
94 156
108 232
165 333
209 375
190 360
119 85
102 222
293 461
93 167
87 195
168 336
129 283
107 231
127 277
115 251
163 331
157 37
121 265
150 44
92 184
115 93
141 299
96 210
120 262
97 179
298 468
118 90
142 302
341 511
95 145
222 392
339 509
256 426
274 444
280 450
111 235
177 347
331 501
250 420
168 26
295 461
104 224
149 45
237 407
308 478
174 18
143 303
218 388
96 172
114 248
153 319
243 413
159 35
269 439
208 374
108 224
242 412
180 12
117 257
185 5
198 368
92 158
122 266
97 171
285 455
184 6
176 346
97 209
241 411
173 341
132 288
323 491
188 2
291 461
136 292
303 473
94 132
140 54
200 370
164 332
316 486
253 423
309 479
128 280
292 460
150 310
271 441
108 100
233 403
91 159
125 79
171 21
319 489
97 175
98 128
238 408
299 469
129 279
127 273
217 387
127 275
333 503
121 261
267 437
127 77
101 119
102 112
94 208
160 328
324 494
196 366
106 106
94 184
153 315
94 148
246 416
297 467
136 62
232 402
91 163
110 234
325 495
112 242
100 120
301 471
188 358
129 71
93 153
131 287
147 305
152 318
247 417
93 149
148 308
340 510
95 181
152 312
142 52
181 11
156 322
171 339
212 382
230 400
135 67
255 425
147 307
124 270
317 487
128 278
162 330
112 236
132 70
113 249
117 253
105 107
98 124
95 173
176 14
92 150
183 7
140 298
94 144
119 259
106 102
264 432
93 143
134 290
273 443
101 219
146 306
330 500
318 488
296 460
128 274
167 27
122 82
119 89
177 13
208 376
282 452
236 406
95 131
101 121
90 138
93 133
171 23
126 272
161 327
272 442
169 25
116 256
100 220
108 228
185 355
160 34
164 30
126 276
121 83
114 250
219 387
120 86
96 132
332 502
117 91
118 258
90 162
101 221
92 160
272 440
307 477
140 296
120 84
154 320
146 48
279 449
96 174
168 30
130 70
220 390
182 10
116 252
131 69
134 66
104 110
154 40
334 504
141 301
270 440
167 335
109 233
230 398
281 449
92 152
175 17
268 438
107 229
123 81
128 76
182 8
99 125
157 321
264 434
141 53
151 43
284 454
143 52
113 238
132 287
219 388
114 247
154 319
287 456
334 503
244 413
164 31
220 387
150 45
341 510
324 491
168 27
329 494
133 288
288 457
202 371
97 216
201 370
286 455
183 10
112 243
220 389
99 208
98 179
92 205
294 459
111 234
316 483
130 279
291 460
302 471
238 407
156 321
107 104
223 392
105 224
99 180
134 67
112 235
198 367
120 85
125 270
127 272
108 101
178 347
174 341
228 395
121 84
93 152
211 378
222 391
141 298
248 417
230 399
259 428
189 2
268 437
168 31
122 83
155 320
290 459
167 334
111 240
141 54
150 309
94 149
94 143
93 134
309 478
101 114
94 133
136 63
281 448
118 91
161 34
106 107
102 121
227 394
182 13
191 360
114 249
94 157
128 275
210 377
145 52
153 318
130 71
187 4
160 35
107 226
157 38
117 252
95 148
305 474
151 310
108 223
93 206
177 14
91 138
100 123
118 257
137 60
142 301
172 21
121 262
152 317
219 386
195 364
177 346
340 509
126 271
169 26
125 268
192 1
328 495
133 70
109 232
91 162
253 422
127 276
254 421
176 345
298 467
93 166
115 250
154 315
156 39
199 368
143 302
217 386
261 430
212 379
168 29
93 136
271 440
92 185
301 470
270 439
293 460
184 7
102 119
182 351
162 33
326 495
128 273
213 382
101 120
184 353
233 402
111 244
168 335
142 297
105 110
171 24
260 429
246 415
92 135
92 141
250 419
264 433
145 50
121 86
320 489
158 37
179 348
93 190
119 90
97 172
163 330
165 332
122 265
95 146
98 217
130 283
181 350
240 409
176 15
152 43
144 51
108 229
207 374
172 23
188 3
128 281
129 280
285 454
98 129
141 300
185 354
98 171
330 499
135 290
136 291
129 76
93 160
332 501
153 42
161 326
101 220
333 502
255 424
108 103
296 461
241 410
94 191
298 459
209 376
102 221
186 5
243 412
331 500
127 78
99 124
299 468
97 180
129 74
92 159
123 82
325 494
251 420
149 46
131 70
148 307
125 80
170 25
101 122
181 12
100 181
94 207
133 68
183 8
117 256
116 251
112 247
256 425
189 358
289 458
129 282
239 408
154 41
308 477
146 49
93 142
119 258
116 93
175 18
111 98
113 242
142 53
153 316
171 338
273 442
124 81
315 484
92 151
319 488
295 460
112 241
90 193
307 476
98 209
107 224
182 11
91 192
97 176
129 278
138 59
280 449
141 296
104 223
193 362
327 496
304 473
97 130
170 337
165 30
283 452
267 436
147 306
253 420
96 181
97 210
96 131
91 164
160 327
152 311
274 443
262 431
313 482
254 423
264 431
194 363
163 32
162 329
102 113
314 483
131 284
269 438
196 365
317 486
108 231
282 449
96 173
114 95
107 102
187 356
128 77
110 233
237 406
200 369
122 261
173 340
94 185
151 44
130 75
159 36
197 366
97 132
108 227
96 145
88 195
124 269
169 336
109 230
242 411
272 441
112 246
134 288
106 108
333 501
140 294
150 308
202 370
93 191
176 16
102 114
182 12
97 131
301 469
289 457
163 329
137 65
135 289
228 394
140 58
223 391
179 347
315 481
334 502
172 24
100 208
122 262
215 383
154 318
220 388
213 379
242 410
92 162
268 436
326 494
126 268
99 129
131 279
132 284
131 71
113 243
130 76
307 475
102 120
93 135
192 0
274 442
112 240
110 230
93 151
195 363
176 18
118 252
125 269
94 190
157 39
151 45
284 452
156 40
125 267
302 470
115 249
231 399
282 448
325 493
174 340
159 37
160 36
304 472
240 408
93 161
102 220
94 136
94 206
187 5
145 51
118 256
94 150
91 193
162 328
129 281
95 149
137 63
283 449
115 95
101 181
329 493
249 417
97 215
107 223
144 52
108 222
196 364
285 453
224 392
90 196
93 165
170 26
100 124
96 166
266 434
217 385
113 247
129 73
152 44
177 15
133 287
298 460
290 458
186 354
243 411
180 348
121 263
127 271
151 309
190 358
280 448
299 467
182 350
300 468
119 257
305 473
130 282
99 209
206 374
279 447
168 32
169 27
138 60
297 459
254 420
167 333
125 81
193 361
101 123
102 118
98 130
310 478
314 482
109 229
117 93
97 213
108 102
101 125
98 178
110 232
178 346
116 94
128 78
260 428
183 11
291 459
142 54
149 307
177 17
143 301
191 1
297 461
156 320
117 251
92 192
93 185
187 355
130 78
239 407
98 210
199 367
194 362
331 499
106 110
293 459
128 276
214 382
130 74
313 481
143 297
298 458
250 418
191 359
335 503
100 180
110 228
173 21
159 325
169 31
142 300
121 85
92 138
169 29
147 49
100 126
169 335
160 326
93 159
319 487
109 231
153 317
109 103
122 264
184 352
168 28
183 9
210 376
328 494
89 195
155 315
97 181
211 377
165 31
257 425
175 341
197 365
234 402
273 441
269 437
105 111
98 216
153 311
155 41
118 92
97 173
222 390
247 415
237 405
271 439
137 291
142 298
185 353
306 474
130 278
248 416
103 119
128 272
113 239
253 419
161 35
108 226
185 7
317 485
126 80
150 46
112 98
168 334
198 366
165 331
123 83
152 310
177 345
295 459
256 424
96 146
218 386
93 163
94 134
162 34
171 337
287 455
265 433
309 477
255 423
172 338
286 454
114 242
136 290
159 323
261 429
148 306
334 498
94 160
126 270
93 137
184 8
158 38
173 339
113 241
94 142
130 72
189 3
97 145
244 412
93 205
288 456
270 438
129 277
112 244
327 495
341 509
215 381
263 431
97 177
108 104
178 14
316 484
170 336
311 479
116 250
318 486
105 223
131 75
132 286
112 234
95 137
94 158
103 121
166 332
254 422
99 179
146 50
181 349
183 13
124 82
321 489
325 491
163 33
129 77
92 140
130 280
154 316
201 369
153 43
111 245
134 68
164 32
92 164
252 420
142 296
133 69
119 91
123 261
98 172
173 338
152 309
94 137
332 499
99 210
239 406
255 422
216 383
104 221
94 135
94 151
125 266
335 502
179 346
145 54
132 285
117 250
129 276
134 69
170 33
167 332
98 145
150 47
192 359
124 265
103 220
156 319
212 377
275 442
291 458
132 75
328 493
151 308
97 144
161 36
138 65
302 469
284 451
138 63
321 488
191 2
160 323
131 72
166 331
131 278
310 477
126 269
123 262
160 37
202 369
295 458
183 350
290 457
95 206
171 336
109 226
95 150
160 325
119 92
143 54
127 268
301 468
250 417
159 38
183 12
97 156
99 130
127 270
224 391
175 340
293 458
240 407
107 222
186 7
141 294
315 480
126 267
143 296
174 21
135 288
280 447
252 419
185 8
257 424
110 229
174 23
104 119
140 59
155 318
312 479
211 376
103 118
171 26
95 166
327 494
97 146
318 485
221 388
96 157
317 484
133 286
130 277
143 300
142 55
159 322
97 212
299 466
262 429
184 351
190 357
234 401
279 446
95 190
172 25
90 195
110 111
92 139
146 51
232 399
320 487
144 301
103 122
314 481
145 302
93 186
157 40
189 4
266 433
271 438
101 126
242 409
94 159
114 239
218 385
256 423
147 50
173 24
118 93
118 251
96 167
98 177
331 498
117 94
334 501
140 293
106 109
109 104
150 307
311 478
142 295
179 14
194 361
165 32
154 43
163 34
243 410
188 355
309 476
177 16
305 472
132 279
113 246
170 27
98 211
215 380
100 179
100 127
91 196
176 19
140 57
116 95
222 389
131 78
285 452
93 164
100 209
123 264
127 80
93 192
101 180
156 315
143 298
113 244
188 5
154 317
94 141
112 245
244 411
95 142
168 333
130 77
269 436
114 243
98 131
184 13
111 232
289 456
274 441
153 310
93 140
94 165
99 216
329 492
149 306
113 98
119 256
248 415
131 74
161 322
111 228
288 455
178 15
235 402
128 271
113 234
98 213
95 134
187 354
175 20
163 328
95 136
181 348
170 31
215 382
229 394
102 115
94 205
110 231
93 162
116 249
193 0
139 62
105 112
102 125
152 45
342 509
91 194
172 337
169 28
131 280
334 497
155 42
125 82
261 428
98 173
115 242
99 178
199 366
159 324
297 458
298 461
195 362
344 511
325 492
128 79
164 33
253 418
170 335
119 252
254 419
343 510
251 418
103 120
137 290
198 365
106 223
156 41
238 405
184 9
109 102
144 53
90 197
180 347
122 263
137 66
304 471
130 73
306 473
97 182
308 475
186 353
178 17
102 117
196 363
144 297
178 345
284 449
95 160
93 138
113 240
283 448
122 85
155 312
105 222
123 84
185 352
206 373
101 124
190 3
169 32
94 163
169 334
263 430
139 60
286 453
130 281
205 372
267 434
214 379
114 241
98 215
333 498
147 51
290 456
172 26
132 76
331 497
277 443
264 428
118 94
112 100
166 330
126 82
105 221
187 7
250 416
96 154
140 292
240 406
216 382
128 80
296 458
280 446
235 401
95 153
143 55
99 173
115 239
230 394
160 38
119 253
183 349
265 427
91 195
146 54
114 244
131 73
172 336
111 229
252 418
97 147
153 45
130 276
311 477
162 36
191 357
145 301
175 21
174 24
103 125
187 353
259 425
205 371
164 34
157 319
97 141
97 155
222 388
106 222
196 362
170 30
255 419
268 434
256 416
129 79
262 428
179 345
109 111
291 457
319 485
158 40
114 240
98 212
312 478
190 4
254 418
170 32
113 99
241 407
190 356
100 128
94 204
114 234
154 310
97 167
100 210
169 333
123 85
121 91
95 135
97 157
111 231
185 9
245 411
199 365
155 311
195 361
318 484
97 183
206 372
152 308
98 146
127 81
333 497
232 398
176 20
177 343
299 455
99 177
120 256
304 470
214 378
300 466
180 346
116 242
314 480
286 452
141 61
161 323
173 25
137 67
94 164
320 486
263 429
117 249
234 400
112 232
155 43
160 322
308 474
125 83
106 112
156 42
155 313
131 77
157 315
129 271
192 358
203 369
104 120
126 266
185 13
97 143
152 46
93 139
164 328
96 142
116 248
170 28
287 453
307 473
151 307
255 417
98 214
140 60
95 189
181 347
135 69
243 409
134 286
123 87
288 454
329 491
104 220
93 187
101 209
144 300
95 165
238 404
188 354
104 122
285 451
94 140
102 116
159 39
95 159
92 194
102 124
107 109
93 193
94 138
132 72
186 8
103 117
127 269
125 265
175 23
169 33
100 172
131 281
101 127
143 299
140 62
95 205
256 422
216 380
99 215
186 352
236 402
110 102
145 297
113 245
279 445
335 501
306 472
188 6
109 105
249 415
248 414
95 141
321 487
239 405
96 190
101 179
160 324
135 287
326 492
133 75
274 440
166 32
173 337
140 66
174 22
123 263
99 211
158 320
99 131
142 294
344 510
149 305
124 84
171 31
212 376
167 331
244 410
178 344
143 295
132 278
343 509
136 68
108 110
133 285
124 264
302 468
91 197
184 12
105 113
269 435
105 121
292 458
218 384
94 162
345 511
128 270
94 188
120 252
266 432
332 498
95 151
132 78
136 288
298 462
295 457
155 317
185 351
197 363
157 41
96 158
170 334
138 64
178 16
141 57
111 227
99 213
118 250
99 145
109 225
191 3
137 289
309 475
105 119
157 311
138 290
284 448
194 0
159 321
179 15
178 18
224 390
336 502
198 364
110 112
119 93
121 89
144 54
146 302
171 27
327 493
233 399
258 424
117 95
313 479
150 48
138 66
176 340
242 408
120 92
193 359
217 381
165 33
113 233
139 63
132 74
272 438
200 366
275 441
270 435
313 478
127 266
145 300
156 317
191 354
93 194
237 402
126 265
261 426
241 406
92 195
185 12
128 269
174 25
224 389
132 277
147 52
124 263
220 385
111 226
138 67
185 350
306 471
96 189
256 421
100 215
97 148
171 32
133 76
173 336
179 16
96 191
145 294
328 491
108 109
140 65
180 15
106 113
144 299
308 473
143 294
134 279
155 310
225 390
161 38
170 333
132 281
292 457
268 433
139 290
348 511
139 66
174 337
156 43
301 466
150 305
139 64
286 451
184 349
177 340
189 354
120 93
119 254
275 440
309 474
120 255
100 171
234 399
118 249
99 144
123 88
142 293
188 7
269 434
122 89
149 304
98 147
110 225
148 303
190 5
142 57
137 68
218 381
196 361
98 141
159 320
104 117
96 153
233 398
158 319
311 476
95 164
176 21
173 26
112 229
164 327
97 154
108 111
157 312
266 431
345 510
265 428
167 330
255 418
101 128
152 307
109 106
98 167
307 472
99 170
180 345
175 338
302 467
338 503
152 47
245 410
158 41
153 46
299 454
154 45
177 24
243 408
182 347
121 92
112 225
165 34
104 123
155 44
279 444
265 426
104 219
132 77
336 501
190 355
99 212
133 74
130 275
156 313
294 457
298 455
122 91
264 427
332 497
148 51
97 142
202 367
99 146
249 414
265 430
179 344
95 188
252 417
206 371
117 248
99 132
217 382
133 278
97 184
243 406
161 324
207 372
203 368
256 417
111 102
126 83
123 86
141 292
119 250
251 416
230 395
106 119
94 187
194 1
283 446
320 485
144 295
186 13
321 486
105 122
95 204
215 378
97 190
213 376
146 301
112 227
272 437
194 359
264 429
187 352
97 140
217 380
97 158
101 132
109 110
171 30
212 375
254 417
199 364
285 448
299 464
145 296
147 302
106 221
204 369
146 53
160 39
116 247
179 18
160 321
244 409
238 403
200 365
103 116
172 335
284 447
101 178
112 231
176 339
296 457
123 250
114 233
198 363
135 286
262 427
176 23
95 186
344 509
304 469
319 484
100 131
115 244
133 72
278 443
157 318
260 425
134 285
93 196
96 161
164 35
105 120
96 135
143 56
235 400
280 445
146 297
157 314
103 124
183 348
177 342
288 453
175 22
95 162
158 315
187 8
101 210
178 343
141 60
169 34
113 100
195 0
142 61
291 456
129 270
132 73
177 20
197 362
299 462
223 388
129 80
140 67
125 84
105 114
135 70
303 468
109 112
222 387
314 479
193 358
191 4
169 332
157 42
164 37
157 316
191 356
131 276
134 75
231 394
327 492
96 163
99 214
163 36
111 104
112 101
162 37
156 311
140 291
318 483
343 508
119 94
255 416
192 3
128 83
121 90
192 357
95 152
114 245
257 416
250 415
186 351
144 55
100 167
259 424
141 66
118 95
277 442
128 81
127 82
140 63
221 386
124 85
219 384
94 139
136 287
166 33
166 329
104 115
154 309
273 438
211 374
91 198
240 405
188 353
96 159
136 69
171 28
100 213
100 173
115 240
116 241
99 176
232 397
185 10
178 19
98 143
319 482
138 289
96 205
150 49
96 141
310 475
120 253
145 298
114 235
214 377
97 160
270 434
96 164
211 373
252 416
133 73
158 316
168 34
280 444
321 485
147 293
153 47
338 502
156 44
120 254
186 12
128 82
186 350
143 61
136 70
105 115
136 278
117 241
128 266
294 456
125 87
125 263
96 188
325 489
139 67
125 85
97 205
286 450
273 437
160 320
190 354
98 166
266 430
153 307
212 374
243 407
101 131
206 370
332 496
184 348
100 176
110 106
236 400
309 473
143 293
165 37
172 28
177 339
299 463
163 37
104 116
345 509
347 511
224 388
155 45
131 275
171 29
97 153
101 177
121 93
97 163
238 402
255 415
180 18
222 386
327 491
306 470
200 364
319 481
251 415
296 456
144 56
158 42
112 226
100 146
285 447
104 218
152 48
100 214
178 342
165 327
292 456
344 508
146 298
286 448
105 123
302 466
106 114
198 0
214 376
311 475
147 53
135 75
96 204
157 317
160 40
96 186
189 7
195 1
111 105
217 379
277 441
97 135
121 255
283 445
134 284
94 200
220 384
96 140
154 308
176 22
279 441
104 124
150 50
187 351
146 294
131 273
218 382
145 299
300 464
262 426
137 69
110 224
156 310
122 92
288 452
100 132
346 510
225 389
98 148
210 374
194 358
149 303
141 65
123 89
284 446
129 269
304 468
106 220
159 319
105 117
202 366
339 503
303 467
111 103
196 0
325 487
213 375
109 109
256 418
201 365
188 8
149 51
331 495
159 41
257 421
134 76
237 401
272 436
100 168
194 2
207 367
143 57
95 187
173 27
102 128
234 398
186 10
138 288
187 9
142 60
134 74
99 169
174 336
162 38
124 86
164 36
100 212
223 387
101 171
109 107
254 416
191 353
312 476
100 170
100 174
193 357
221 385
101 129
147 301
144 294
195 359
118 96
191 355
167 329
176 338
300 462
108 108
305 469
231 395
232 396
265 429
329 489
192 4
97 159
95 193
177 21
112 102
101 143
98 160
242 406
142 58
126 264
119 249
161 39
176 24
134 278
263 427
126 88
152 306
99 191
192 354
120 250
310 474
185 349
163 325
278 442
140 64
142 62
124 88
119 95
146 300
127 83
235 399
181 345
157 313
189 353
106 120
287 451
281 445
269 433
172 32
132 276
168 330
135 285
260 424
115 235
101 173
165 35
123 249
180 16
138 68
261 425
179 343
180 344
97 185
130 80
192 356
111 225
167 33
105 219
99 133
298 454
240 404
150 304
178 340
99 167
297 455
158 314
175 25
114 232
135 279
118 248
190 6
264 426
196 360
179 341
219 381
106 122
98 184
151 49
319 483
177 25
112 230
93 197
239 403
101 211
313 477
145 295
205 369
98 142
129 81
121 253
178 24
97 189
245 409
348 510
96 162
116 246
250 414
276 440
256 420
115 99
203 367
113 229
136 286
141 291
98 190
157 43
183 347
141 63
320 482
100 144
123 91
162 324
148 292
133 281
174 26
337 501
96 192
301 465
92 198
122 90
113 101
164 38
96 152
155 309
244 408
95 139
307 471
314 478
133 77
207 371
216 378
105 125
98 158
127 265
166 328
320 484
178 20
122 250
158 318
113 227
172 30
151 305
97 161
115 245
318 482
197 361
148 302
93 195
175 337
199 363
116 240
170 332
108 112
257 417
179 19
185 11
326 490
139 289
173 335
337 500
100 169
172 29
97 188
207 368
207 366
344 507
101 214
309 468
97 162
220 381
144 293
98 163
320 481
146 295
282 445
96 187
150 303
194 357
188 351
191 6
164 325
125 86
181 344
274 437
207 370
148 293
98 149
156 45
193 356
106 115
123 90
120 249
210 373
134 283
273 436
118 241
187 10
163 324
232 393
142 59
120 95
262 425
331 492
136 285
167 34
166 327
258 421
112 105
101 174
99 142
147 292
315 478
95 194
96 193
147 300
101 170
310 473
176 25
206 369
179 342
277 440
114 101
117 98
325 488
97 152
101 130
309 472
117 246
173 28
326 489
293 456
170 331
306 469
137 70
114 231
122 249
231 392
129 266
113 230
106 123
268 431
154 47
178 23
332 495
127 88
94 195
245 408
138 69
216 377
311 474
113 226
121 250
198 1
148 53
123 92
97 136
131 80
217 378
284 443
281 444
196 1
105 218
111 224
137 286
151 304
130 267
134 73
286 449
192 355
308 471
107 114
97 192
94 199
158 43
106 219
143 62
97 164
165 326
96 139
234 397
138 287
263 426
330 487
162 39
115 226
204 367
345 508
285 446
320 483
101 176
190 353
235 398
289 450
226 387
328 489
142 63
115 100
162 321
254 415
146 299
297 454
135 278
202 365
121 254
253 416
101 146
188 9
177 22
100 133
225 388
139 288
101 144
237 400
104 217
98 185
136 277
269 432
222 379
159 318
187 12
221 384
122 93
116 99
95 200
97 186
101 212
119 96
111 106
134 277
181 20
109 108
331 494
159 314
195 358
186 11
338 499
296 455
123 248
219 382
129 82
149 52
176 337
105 116
105 124
197 360
322 485
153 48
189 8
126 263
158 313
101 142
116 235
222 385
224 387
288 451
102 211
160 319
97 204
107 120
198 361
327 490
195 2
278 441
236 399
189 352
107 122
152 305
347 510
100 191
106 125
102 129
133 276
220 383
94 197
135 284
246 409
175 336
336 499
156 309
180 341
174 27
183 346
213 374
125 92
184 347
99 192
129 268
241 404
147 294
308 469
165 36
98 135
232 395
163 38
302 465
127 84
185 348
200 363
117 240
114 229
93 198
304 467
257 418
244 407
261 424
195 356
121 94
99 160
307 470
134 77
318 481
197 0
313 476
108 113
160 41
172 33
103 178
103 216
321 484
144 57
192 5
105 126
178 21
298 453
124 89
102 215
99 184
135 280
292 455
141 64
173 30
339 498
190 7
266 429
112 103
314 477
270 433
201 364
179 340
99 134
280 443
206 367
174 335
142 291
125 262
150 51
339 502
101 168
173 32
287 450
180 17
131 272
118 247
300 463
340 503
264 425
279 442
127 264
107 220
179 20
102 177
194 3
193 4
182 345
157 44
160 315
143 58
153 306
199 362
239 402
99 166
96 203
141 290
186 349
135 74
178 339
161 320
221 380
152 49
98 189
215 376
139 68
126 87
168 329
134 281
148 301
132 275
329 488
251 414
132 273
212 373
151 50
242 405
102 183
257 420
155 308
154 307
219 380
158 317
131 274
203 366
116 245
98 159
117 238
117 244
305 468
110 223
324 487
238 401
186 346
95 201
179 23
124 92
257 419
101 175
145 57
245 407
345 507
209 371
251 413
99 159
199 1
219 379
117 99
280 442
100 160
338 498
267 429
118 244
327 489
160 318
125 89
148 54
153 49
117 245
144 292
181 343
310 468
100 134
207 369
142 64
98 164
98 186
169 329
123 259
159 317
110 108
122 254
321 483
106 124
262 424
196 2
180 20
148 300
118 234
107 219
138 286
286 446
235 397
154 48
102 146
106 218
244 404
132 274
98 150
173 33
271 433
181 19
143 59
324 486
106 126
133 273
182 344
163 321
339 499
275 437
123 93
326 488
191 11
203 365
146 292
101 169
139 69
136 280
190 8
167 35
221 383
125 91
133 271
136 276
130 268
130 82
118 238
195 3
178 338
242 404
114 230
106 116
302 464
194 4
111 223
98 136
103 179
166 326
285 445
178 22
284 444
233 393
170 330
144 62
131 269
126 92
220 382
135 283
310 472
122 258
120 96
173 31
132 272
105 217
333 491
102 214
288 450
175 27
223 385
107 115
160 314
309 469
150 302
233 395
114 226
328 488
239 401
139 287
197 1
159 313
277 439
224 376
100 190
162 40
148 294
97 151
194 356
195 355
124 90
269 431
339 501
95 199
102 212
268 430
126 86
117 237
147 295
116 100
101 183
307 469
127 85
127 263
313 475
179 21
225 387
168 328
99 185
104 128
97 193
190 10
108 120
99 189
221 379
161 315
94 198
137 285
98 188
246 408
155 307
131 267
121 97
322 484
287 449
343 505
149 301
116 232
220 380
165 325
176 26
163 39
187 11
129 265
181 17
144 58
135 277
110 222
103 215
191 7
149 53
115 231
340 502
103 177
102 144
180 342
301 463
222 378
98 192
158 44
118 240
247 409
312 474
201 363
216 376
108 114
164 324
308 468
113 103
308 470
117 235
102 184
314 476
103 129
95 197
97 203
141 289
116 236
98 162
311 473
117 233
332 494
240 402
119 247
128 264
118 98
276 438
259 421
315 477
96 138
253 415
151 51
162 320
117 239
226 388
112 106
329 487
122 248
331 493
131 81
114 228
116 226
330 486
223 379
295 455
197 359
218 378
101 147
115 101
260 422
282 444
160 316
318 480
274 436
101 145
297 453
135 73
204 366
213 373
161 319
96 194
118 242
121 249
305 467
127 87
321 481
217 377
114 102
134 78
107 121
198 360
123 247
155 47
152 304
147 299
196 358
121 95
100 184
212 372
124 260
97 187
232 392
231 391
151 303
126 262
206 366
102 130
347 509
174 28
193 355
238 400
136 284
173 29
104 216
134 276
337 499
95 195
285 443
176 336
221 381
179 339
184 346
123 253
210 372
172 34
192 6
96 202
296 454
166 36
135 281
293 455
174 32
174 334
102 176
98 204
182 16
142 290
185 347
346 508
224 386
336 498
261 423
270 432
144 60
189 351
332 492
190 352
278 440
186 348
189 9
241 403
158 310
100 142
111 109
138 70
230 390
174 30
99 165
304 466
254 414
104 180
237 399
222 380
160 42
175 335
222 384
115 229
258 418
153 305
154 306
157 309
119 241
208 370
289 451
102 168
107 123
188 350
159 43
157 45
290 452
200 362
263 425
100 159
302 463
130 265
98 137
100 141
306 467
161 42
227 388
163 322
132 81
138 71
194 355
108 115
107 124
117 100
122 95
318 479
105 180
210 371
337 498
163 320
290 451
182 17
99 150
121 96
346 507
100 189
130 83
150 301
198 359
96 197
149 54
131 268
97 194
135 282
149 300
234 395
324 485
107 116
344 505
316 477
108 125
131 82
115 230
95 196
100 135
275 436
119 240
95 198
172 35
100 185
242 403
327 488
103 130
214 373
195 4
142 289
304 465
100 161
104 129
114 103
239 400
191 8
123 258
101 160
171 330
295 454
133 272
118 243
271 432
245 406
278 439
292 453
153 304
114 225
236 397
203 364
140 287
333 494
328 487
132 269
223 384
221 378
118 235
178 337
166 325
277 438
137 72
134 273
103 146
97 138
217 376
188 349
204 365
157 46
136 73
106 177
152 303
160 43
159 310
111 108
310 471
343 504
106 217
99 188
186 345
222 383
208 369
276 437
180 23
334 495
160 317
253 414
169 328
99 186
104 179
174 29
218 377
183 16
133 274
329 486
137 280
101 184
231 390
262 423
162 319
140 69
311 472
180 21
157 308
224 377
192 7
291 452
190 351
103 172
116 231
322 481
231 386
161 314
171 34
108 123
148 299
229 388
267 428
147 296
145 292
103 168
296 453
155 306
125 260
108 219
105 178
107 126
220 379
161 316
205 366
238 399
342 503
118 239
118 237
163 40
305 466
307 468
144 59
175 32
232 391
233 392
108 119
105 216
158 45
170 329
244 405
156 47
160 313
159 44
206 365
119 246
189 10
134 271
309 470
251 412
223 380
222 377
126 91
248 409
209 370
212 371
332 493
96 199
339 500
223 378
126 261
115 228
181 342
96 201
261 422
132 267
246 407
118 99
252 413
103 132
118 233
347 508
274 435
240 401
187 348
190 11
143 64
189 350
122 257
340 501
100 205
224 385
260 421
107 218
354 511
154 305
157 48
200 361
185 346
313 474
221 382
165 324
333 492
146 57
315 476
202 363
124 253
194 5
287 446
176 335
182 19
112 109
139 286
96 195
282 443
105 128
109 120
155 48
197 2
121 248
98 187
102 175
192 11
98 193
102 167
145 60
145 58
230 389
182 343
116 227
99 204
144 63
100 165
233 394
135 276
190 9
174 33
219 378
167 326
99 162
281 442
245 404
158 309
122 247
104 177
102 169
131 266
98 203
288 449
128 263
179 22
102 147
225 386
196 357
188 11
151 52
317 478
191 10
123 254
117 232
112 223
148 295
285 444
270 431
341 502
179 338
124 93
146 291
117 226
235 396
199 2
120 247
273 434
119 242
225 376
141 288
128 87
338 497
336 497
263 424
99 164
110 221
269 430
247 408
136 283
116 101
175 28
103 214
98 151
108 121
127 262
122 97
241 402
138 285
175 334
334 491
135 78
286 445
99 140
102 145
184 345
322 483
134 79
136 281
117 236
123 94
128 85
104 215
273 432
153 50
125 90
345 506
167 36
119 238
258 419
118 245
161 318
186 347
112 107
102 213
151 302
124 259
133 80
176 27
156 307
311 468
293 454
268 429
152 51
127 86
103 176
174 31
196 3
198 358
325 485
197 357
193 353
165 321
214 372
185 345
221 377
272 432
123 95
195 5
161 43
119 243
130 84
141 287
101 205
354 510
186 344
102 160
291 451
306 466
218 376
305 465
180 22
117 227
109 121
225 377
145 61
97 201
108 178
230 388
178 336
287 445
161 317
135 275
242 402
101 163
324 484
164 322
253 413
172 330
225 385
126 90
126 260
163 313
100 188
145 63
105 129
312 472
103 173
286 444
107 127
158 306
343 503
122 96
100 140
110 220
143 65
296 452
228 388
249 409
192 352
130 264
151 299
144 64
162 318
145 59
245 405
194 6
103 213
271 431
267 427
106 128
100 162
241 401
120 238
260 420
307 467
344 504
119 245
137 283
319 477
134 80
166 38
108 124
157 307
101 161
101 185
261 421
345 505
103 167
124 254
149 299
273 433
123 255
105 179
156 306
174 34
123 97
151 53
211 371
187 347
101 159
159 45
108 118
229 387
100 158
127 91
274 434
164 320
224 378
105 133
199 3
103 175
97 199
99 139
128 262
113 107
150 54
196 4
113 109
129 263
224 380
223 383
163 319
109 119
293 453
103 147
138 284
113 223
104 168
288 446
136 78
118 232
162 314
123 257
334 492
203 363
116 228
168 326
171 35
96 196
335 495
313 473
288 448
124 94
239 399
263 423
328 486
137 281
223 381
268 428
189 349
303 463
176 334
138 78
295 453
119 237
122 256
220 378
137 73
176 32
145 291
140 286
209 369
158 46
107 217
100 206
140 70
142 288
248 408
100 204
355 511
234 392
338 496
317 477
278 438
146 62
304 464
103 169
153 303
103 145
114 224
104 176
117 101
135 79
175 29
217 375
98 194
174 332
107 117
119 239
166 324
168 36
167 325
183 17
204 364
327 487
234 394
153 53
148 296
106 216
224 384
319 479
164 40
342 502
138 72
175 31
100 136
222 382
109 125
99 137
282 442
311 469
202 362
103 171
148 298
115 103
240 400
100 150
233 391
230 386
103 133
179 337
189 11
105 177
251 411
131 265
333 493
348 508
104 130
135 271
236 396
120 246
151 301
138 280
281 441
100 164
102 148
118 100
97 195
213 371
210 370
98 202
205 365
276 436
159 309
157 47
182 342
277 437
99 151
275 435
136 282
262 422
200 2
169 325
297 451
99 203
99 187
273 431
341 501
235 395
165 323
119 235
118 236
134 274
201 361
192 10
155 305
108 116
131 83
340 500
109 123
134 272
152 302
122 246
133 81
110 120
334 494
231 389
170 328
337 497
133 83
192 8
252 412
98 138
191 9
318 478
104 132
190 350
96 198
347 507
188 348
102 190
292 452
280 440
143 289
194 354
269 429
294 454
247 407
108 126
104 214
154 50
197 3
173 35
156 48
128 86
116 230
219 377
326 486
102 166
109 115
121 247
132 82
106 178
146 58
105 215
287 447
246 406
108 218
176 28
323 483
161 313
112 108
177 335
183 19
167 37
191 351
152 52
315 475
259 419
322 482
132 268
124 258
310 470
231 387
327 486
104 167
263 422
98 197
133 82
220 377
224 383
139 284
164 319
123 96
262 421
175 36
303 462
141 70
335 494
312 471
153 302
229 386
142 287
176 29
98 195
100 157
109 124
272 431
160 309
249 408
277 436
103 170
192 351
108 117
354 509
176 333
326 485
136 271
219 376
215 372
269 428
139 280
103 166
181 22
125 254
179 336
174 331
110 219
131 264
328 485
107 216
280 439
295 452
137 74
289 446
108 179
148 297
103 174
224 381
200 3
166 39
147 58
159 46
253 412
334 493
135 80
124 95
306 465
113 222
338 495
127 90
342 501
102 161
346 505
157 306
246 405
104 133
235 394
226 385
339 496
234 391
105 134
170 35
145 64
120 239
105 176
194 353
205 364
184 343
97 196
107 178
171 328
158 47
214 371
118 101
101 154
282 441
158 307
197 4
152 301
110 119
134 267
101 164
294 453
98 201
102 165
108 127
134 81
101 188
258 411
100 203
184 19
176 31
323 482
145 290
102 189
117 230
102 191
270 429
324 483
288 445
183 342
104 147
106 215
172 329
109 218
124 97
149 56
170 325
241 400
171 324
189 12
345 504
169 36
120 237
191 350
293 452
296 451
175 34
100 193
325 484
106 133
289 448
347 506
106 179
104 175
151 300
104 145
162 313
141 286
183 18
126 259
101 206
348 507
103 148
312 469
231 388
103 160
135 272
101 204
304 463
196 5
167 324
156 49
100 137
110 121
104 169
100 187
193 352
278 437
108 177
149 298
111 220
111 120
97 198
202 361
134 83
113 108
232 389
319 478
302 461
344 503
183 338
107 128
313 472
108 217
101 152
307 466
102 163
217 374
188 347
252 411
146 59
101 192
101 186
147 62
117 228
318 477
223 382
356 511
113 110
100 139
120 243
189 348
102 159
292 451
116 103
138 283
165 322
130 263
174 35
260 419
131 84
129 86
151 294
237 396
172 323
146 61
138 281
105 130
120 245
123 256
115 224
283 442
336 495
99 194
121 238
99 138
195 6
264 423
185 20
137 282
109 116
247 406
152 53
193 10
150 299
101 158
143 66
165 320
198 357
125 94
194 7
341 500
162 43
178 335
287 444
311 470
173 330
316 475
211 370
228 387
271 430
140 71
204 363
177 334
210 369
105 214
268 427
142 69
127 260
257 412
337 496
186 343
168 37
168 325
240 399
203 362
274 433
267 426
138 79
119 236
117 102
151 54
139 72
129 262
132 265
121 246
104 131
114 107
167 38
158 305
175 332
205 362
225 378
185 344
109 122
140 285
144 67
276 435
236 395
100 151
297 450
288 447
133 268
155 304
275 434
227 386
119 100
155 50
153 54
160 45
166 323
118 231
192 9
137 78
114 111
99 202
232 387
103 134
144 289
218 375
242 401
101 140
279 438
102 153
128 261
281 440
199 4
239 398
144 65
104 213
164 41
130 85
124 257
143 288
135 274
125 258
163 312
101 162
209 368
133 84
287 442
162 317
101 203
247 405
104 144
115 107
145 289
324 482
108 176
218 374
98 196
159 307
102 140
102 158
102 204
175 331
114 110
238 396
308 466
287 441
106 168
224 382
336 494
104 212
125 97
189 347
288 442
151 293
202 360
288 444
100 194
251 409
292 450
306 464
134 266
187 15
259 415
156 304
120 236
108 128
132 84
182 22
254 412
103 165
266 424
154 302
143 69
159 47
101 193
112 120
114 108
183 341
290 446
215 371
320 478
145 65
185 343
168 38
100 138
138 282
110 122
260 418
142 286
303 461
105 169
111 121
176 30
242 400
162 312
304 462
160 308
111 119
101 187
166 40
190 348
316 470
139 279
257 411
176 34
104 148
168 324
192 350
103 153
222 370
185 19
152 300
346 504
131 85
193 351
250 408
107 215
139 283
104 170
204 362
338 494
293 451
104 166
136 274
295 451
326 484
103 163
142 70
194 8
134 268
184 18
102 164
152 54
128 90
104 160
170 326
340 496
111 125
106 132
103 149
166 322
144 66
106 214
276 434
200 358
195 7
135 81
170 324
259 417
101 155
226 378
164 42
141 71
134 84
269 427
108 180
263 421
328 484
143 287
137 79
217 373
199 357
175 35
348 506
203 361
98 198
107 129
116 106
149 297
110 124
252 410
114 112
135 267
235 393
98 200
118 102
180 336
105 173
117 103
172 328
289 447
170 36
102 136
176 36
102 206
161 45
161 309
200 4
130 262
211 369
171 323
149 57
278 436
356 510
151 55
198 356
100 156
279 437
249 407
264 422
282 440
239 397
341 499
118 228
178 334
236 394
120 100
112 220
184 20
157 305
184 342
105 175
244 402
343 501
344 502
232 388
194 352
205 363
104 174
191 349
127 259
227 385
129 261
144 68
121 243
281 439
173 329
163 317
315 471
148 62
99 195
188 346
105 213
134 82
283 441
103 189
110 118
130 86
110 126
327 485
139 73
135 83
101 137
118 230
339 495
220 376
228 386
225 383
136 272
272 430
124 256
133 85
102 154
296 450
121 245
177 333
121 99
233 389
317 475
102 152
287 443
172 324
165 45
124 96
196 6
162 44
155 51
103 203
289 445
133 265
167 323
102 162
165 319
253 411
102 192
100 202
165 41
240 398
150 56
277 435
104 134
144 288
335 493
109 127
121 239
259 411
357 511
268 426
183 339
138 74
103 159
164 44
101 157
115 109
125 257
109 217
174 328
189 13
147 59
271 429
167 39
150 298
146 64
210 368
126 250
139 75
313 471
169 37
105 131
141 285
345 503
347 505
101 151
182 338
114 222
290 438
312 470
125 95
318 476
302 460
258 412
156 50
110 218
107 179
234 390
226 384
162 308
355 509
139 281
147 61
193 9
152 294
132 264
115 223
126 254
153 301
275 433
198 4
171 327
136 80
294 452
109 117
99 201
337 495
270 428
219 373
106 130
153 55
199 356
326 483
107 130
136 267
183 22
172 327
248 405
173 324
115 108
356 509
345 502
290 447
111 126
184 339
122 239
222 371
99 198
107 176
290 445
145 68
318 475
141 284
112 125
236 393
102 139
349 506
185 18
272 429
280 437
177 36
139 282
226 379
133 86
105 212
137 272
99 200
259 416
112 121
146 289
124 99
103 188
324 481
281 438
239 396
103 192
175 330
202 359
206 363
301 458
313 470
314 471
217 372
216 371
104 135
121 100
291 438
179 334
126 253
111 218
210 367
253 408
241 398
129 88
108 129
127 98
276 433
102 193
105 170
103 154
156 51
109 216
177 30
275 432
295 436
285 440
185 342
306 463
150 57
278 435
103 162
192 349
139 276
162 45
121 244
259 412
195 352
161 308
360 511
339 494
130 261
253 410
125 98
188 15
152 293
111 118
126 255
327 484
174 329
289 444
152 55
119 228
135 82
252 409
134 85
101 138
149 58
249 406
111 122
289 438
220 375
328 483
295 450
143 286
177 332
343 500
115 110
204 359
176 331
302 459
162 311
315 470
106 131
341 496
200 5
136 81
340 495
103 206
169 38
219 372
162 307
143 70
135 268
103 204
146 65
179 26
321 478
226 383
346 503
194 9
142 71
166 41
197 6
117 104
195 8
271 428
104 165
263 420
102 137
170 37
165 46
219 374
112 119
176 35
151 56
235 390
135 84
128 99
288 443
121 240
283 440
294 451
250 407
221 370
105 174
316 469
134 265
344 501
132 263
147 60
336 493
99 196
182 337
112 123
183 340
140 279
220 371
337 494
180 335
164 317
188 345
119 230
125 256
153 294
303 460
200 357
118 103
186 17
126 249
190 347
137 80
305 462
140 73
136 273
204 361
148 59
107 214
121 236
162 309
259 414
165 318
172 325
130 87
132 85
211 368
264 421
112 219
105 166
178 29
160 307
233 388
100 197
121 242
266 423
120 101
201 358
184 341
288 441
133 264
257 410
268 425
157 304
184 21
105 188
243 400
260 415
116 105
165 44
196 353
120 231
191 348
103 158
103 136
140 75
116 111
269 426
101 156
190 13
106 167
126 257
251 408
245 402
153 56
292 449
107 168
116 223
145 288
161 46
164 45
150 297
159 48
105 144
358 511
296 449
170 323
154 301
103 164
131 86
193 350
115 112
244 401
100 195
146 67
102 187
357 510
168 323
139 74
128 259
100 201
111 124
165 42
117 106
145 66
173 328
110 117
107 180
260 417
207 364
168 39
255 412
187 16
104 153
282 439
243 398
308 465
218 373
341 498
104 143
164 315
325 482
141 72
106 213
102 203
128 89
225 382
189 14
194 351
293 450
125 96
198 5
115 222
118 229
237 394
167 322
104 159
122 99
111 116
203 360
148 61
247 404
106 175
144 69
153 300
254 411
171 326
126 251
267 424
348 505
102 151
110 127
228 385
104 149
106 173
123 245
122 232
295 437
121 241
183 23
104 162
234 388
147 289
113 181
349 505
303 459
359 511
124 246
100 200
293 449
102 138
188 344
123 239
202 358
242 398
106 212
187 17
104 158
278 434
136 266
251 407
305 461
348 504
294 450
289 437
102 202
254 410
208 364
355 507
120 230
177 35
105 165
121 231
126 252
142 72
139 275
226 380
152 56
184 22
210 366
181 25
137 273
104 150
203 359
113 125
105 189
200 356
126 98
226 382
358 510
221 375
103 187
131 261
122 244
285 439
168 40
173 327
137 81
103 193
342 498
221 371
237 393
106 142
157 303
163 45
246 402
324 480
205 359
144 70
114 126
171 37
200 6
327 483
119 229
103 205
289 443
198 354
129 89
195 351
123 233
189 345
191 13
189 15
99 199
197 7
128 258
148 60
162 310
302 458
179 29
282 438
121 101
276 432
192 348
198 6
113 219
108 214
136 268
286 440
116 110
314 470
152 298
283 439
137 267
184 340
263 419
201 357
344 500
267 423
104 142
169 323
337 493
145 69
127 97
130 88
219 371
290 444
126 96
127 249
346 502
115 113
112 124
149 59
140 282
104 192
117 107
218 372
265 421
177 331
168 322
216 370
165 43
128 98
137 85
113 121
293 437
301 457
341 495
164 46
273 429
185 341
360 510
245 397
100 196
180 30
260 416
102 156
127 253
309 465
135 85
112 126
147 65
117 105
143 71
154 300
175 329
249 405
125 99
122 240
103 137
182 336
166 42
157 51
247 403
325 481
169 39
108 168
111 217
308 464
319 475
212 368
207 363
112 116
126 256
160 306
110 128
104 206
199 355
295 449
204 0
266 422
128 250
196 352
174 324
306 462
197 353
109 129
133 263
180 334
340 494
294 436
112 122
241 397
135 265
107 181
255 411
112 218
345 501
102 194
142 284
217 371
211 367
107 131
204 360
132 262
132 86
111 117
288 438
155 301
153 295
182 24
113 119
240 396
244 400
179 27
155 295
291 447
122 100
104 136
357 509
166 44
152 292
196 8
315 469
246 396
107 173
178 36
151 297
144 286
322 478
164 314
106 170
186 18
328 482
326 482
116 112
191 347
165 315
304 460
256 410
111 127
117 223
336 492
259 413
106 166
145 287
166 318
253 409
114 120
281 437
140 276
150 58
178 30
236 392
318 474
228 384
103 185
243 399
146 66
220 374
101 201
213 369
162 46
103 155
147 67
271 427
153 299
104 152
195 9
128 100
356 508
124 100
153 293
289 441
119 103
103 151
180 26
269 425
194 350
245 401
131 87
235 389
110 216
122 236
101 197
342 494
193 349
159 49
106 174
107 175
105 211
146 288
125 247
172 326
280 436
106 144
178 28
107 167
248 404
127 255
290 440
154 294
126 248
104 164
250 406
116 108
220 372
117 111
161 307
115 221
127 251
188 16
141 283
165 317
105 159
307 463
252 408
140 74
136 82
116 222
190 346
291 439
141 279
104 188
173 325
138 272
163 309
261 412
324 479
105 206
209 364
178 331
237 392
291 444
137 268
265 420
156 295
185 22
354 507
120 229
229 384
142 73
120 103
148 289
105 162
264 419
267 422
295 438
290 441
335 490
246 401
142 279
114 127
303 458
188 17
105 136
106 189
152 57
289 436
237 390
252 407
276 431
147 288
244 397
186 21
123 234
116 113
221 372
107 166
104 205
113 218
149 64
345 492
196 9
182 333
269 424
127 96
306 461
260 413
153 292
219 370
197 8
136 269
160 303
107 172
104 137
106 143
188 343
144 285
281 436
132 261
227 380
114 119
178 35
161 304
138 81
149 60
161 306
100 199
360 509
246 397
221 374
180 31
109 130
283 438
242 397
255 410
275 430
103 138
107 170
356 507
199 354
110 129
290 443
128 255
325 480
236 389
144 71
166 313
162 47
194 349
344 493
143 82
143 72
249 404
108 173
129 250
341 494
263 418
160 305
111 178
169 322
291 440
118 105
205 360
284 439
248 403
106 137
155 294
153 296
158 303
349 504
103 156
261 416
226 381
106 171
101 200
112 127
119 104
104 185
154 295
133 262
179 28
294 449
127 248
106 161
115 220
103 186
228 383
165 314
140 275
322 477
104 193
185 340
121 102
115 180
241 396
218 371
166 315
113 118
199 6
113 180
217 370
288 437
182 335
154 293
107 142
195 350
186 341
346 501
214 369
111 128
123 240
295 448
105 158
126 247
114 125
251 406
109 168
142 81
362 509
270 425
290 435
107 212
190 345
117 108
202 357
308 463
139 274
155 54
247 402
211 366
131 88
132 87
165 312
346 491
128 253
183 24
179 30
359 510
105 164
112 117
155 300
355 506
145 70
184 23
148 65
138 267
124 239
163 310
123 232
107 174
124 233
166 43
102 195
193 348
313 468
136 265
189 344
140 271
342 495
294 437
173 326
293 438
166 317
128 257
182 25
243 396
117 222
114 121
282 437
285 438
326 481
108 213
157 302
113 124
245 396
128 97
158 51
302 457
321 476
113 122
309 464
137 84
314 469
143 284
141 276
104 155
141 282
292 439
245 398
244 399
101 198
206 361
104 151
351 506
137 82
171 38
114 181
197 352
286 439
174 325
203 358
153 298
274 429
108 131
245 400
196 351
200 355
181 26
207 362
128 251
111 130
107 182
292 447
305 460
130 89
213 368
152 297
216 369
193 12
192 347
117 110
342 497
134 263
141 278
106 159
147 68
268 423
198 353
137 266
358 509
178 31
301 456
240 395
307 462
135 264
144 73
104 157
361 510
106 211
139 80
123 244
117 112
271 426
122 241
138 271
141 74
140 81
169 40
112 217
104 141
147 66
137 86
101 196
344 499
235 388
122 231
340 493
273 428
176 329
334 489
204 1
124 245
141 280
104 187
318 473
123 100
121 230
293 448
208 363
129 254
337 492
181 334
150 59
327 482
128 249
205 0
139 272
145 286
279 434
127 252
277 432
183 336
122 101
105 142
254 409
145 284
138 273
118 223
111 216
116 179
127 100
136 85
126 99
151 58
110 215
187 18
122 237
102 197
212 367
125 246
127 256
163 46
192 13
160 49
319 474
164 311
102 201
189 16
159 50
128 252
262 416
115 119
121 103
136 86
124 244
113 127
114 122
162 304
145 285
111 129
320 474
164 310
160 50
145 73
115 125
102 196
176 328
188 20
270 424
144 72
122 102
237 389
321 475
105 193
128 246
104 186
359 509
122 230
350 504
123 235
244 396
354 506
219 369
277 431
291 441
108 132
168 42
145 71
191 15
118 112
154 292
187 21
192 14
141 281
346 492
114 124
264 418
151 59
117 109
313 467
251 405
272 426
162 48
153 297
262 412
106 158
287 437
108 174
362 510
139 267
106 190
276 430
167 317
346 500
188 18
335 489
121 229
139 273
198 352
125 239
336 490
195 349
108 172
142 282
116 220
132 88
203 357
345 491
196 10
148 68
128 96
248 402
129 249
113 117
101 199
157 301
194 12
194 348
138 268
190 16
293 447
140 272
170 40
199 7
283 437
159 51
166 312
167 43
112 178
112 216
345 493
163 47
294 438
126 246
134 262
143 283
280 432
229 383
348 502
246 400
142 76
322 476
110 130
282 436
124 234
301 455
108 182
275 429
178 330
309 463
186 22
167 313
140 80
137 83
269 423
106 162
115 115
294 448
202 356
106 136
105 163
178 34
130 90
128 248
129 253
304 456
108 212
144 284
182 26
161 305
124 240
114 180
129 255
209 363
215 369
104 156
107 183
154 296
302 456
196 350
241 395
143 83
345 499
166 316
343 495
142 74
285 437
355 505
304 458
308 462
129 257
303 457
178 32
250 404
129 251
123 237
344 496
138 270
149 65
208 362
198 8
242 396
152 58
180 332
181 27
107 165
120 104
128 256
206 0
193 13
279 433
291 443
114 128
104 138
207 361
180 28
218 370
365 511
117 113
142 276
278 432
129 97
105 141
165 311
107 171
172 38
102 200
319 473
185 23
137 265
127 101
115 179
344 494
358 508
318 472
111 215
118 108
201 355
307 461
118 110
105 155
290 434
109 167
131 89
245 399
293 439
261 413
266 420
141 277
247 401
141 81
306 460
123 231
105 205
351 505
155 299
107 211
136 264
236 388
167 315
124 238
107 161
211 365
192 346
357 507
105 137
107 143
169 41
189 17
352 506
274 428
305 459
143 73
186 340
205 1
197 9
108 166
263 417
344 498
156 54
341 493
334 488
107 147
183 25
142 278
227 381
107 159
245 395
221 373
179 31
137 87
182 334
166 314
246 398
343 497
119 105
184 336
108 170
325 479
206 360
139 81
213 367
148 66
271 425
237 391
327 481
106 206
123 243
175 327
105 151
150 64
284 438
124 232
181 333
174 326
127 247
175 325
156 294
169 321
137 269
148 288
114 118
133 261
117 221
146 286
109 173
344 492
111 177
161 303
314 468
289 435
155 55
104 194
118 222
105 157
243 395
133 259
361 509
199 353
113 217
150 60
141 275
255 409
142 82
189 343
187 19
126 100
338 492
112 128
123 241
147 287
177 329
123 101
138 266
247 397
110 168
125 245
190 344
139 271
200 354
213 365
310 464
105 185
286 438
102 198
116 178
106 160
252 406
273 427
159 303
347 501
268 422
307 460
208 361
128 245
106 157
126 101
359 508
184 25
183 28
119 112
190 343
129 252
180 329
108 211
123 102
171 40
182 27
218 369
162 303
184 335
150 69
122 227
347 492
115 116
275 428
107 136
280 433
165 308
151 60
195 12
246 399
203 356
191 16
253 406
169 42
365 510
282 435
332 485
133 260
104 139
205 2
148 69
155 298
139 270
326 479
176 327
266 419
345 494
108 161
196 349
262 413
143 76
129 92
289 434
301 454
314 467
247 398
346 493
178 33
106 151
116 115
290 429
237 388
140 79
108 143
128 95
117 114
134 261
118 221
201 354
108 147
166 311
128 93
130 249
165 310
163 48
236 387
194 347
108 133
125 244
121 104
142 75
108 165
132 89
245 394
destination
