map
random512-30-1.map
pivot
15 231
agent & start
511 511
510 511
511 510
509 511
510 510
510 509
509 510
510 508
509 509
511 500
510 507
509 508
511 501
511 503
510 506
509 507
508 508
510 500
507 509
507 508
509 500
510 503
511 504
508 507
509 506
510 501
511 502
506 509
510 504
507 507
508 500
509 499
509 503
505 489
510 502
505 509
509 501
508 492
509 505
510 498
506 489
507 500
509 490
508 493
509 504
505 488
504 509
508 491
509 498
510 497
509 502
508 505
505 508
508 501
506 507
507 489
505 487
505 507
506 488
509 497
510 490
508 502
506 500
509 489
506 506
508 494
508 504
504 508
508 490
507 493
511 489
508 489
506 487
510 489
505 506
507 504
508 495
505 500
506 501
508 497
507 494
506 505
509 488
511 488
501 510
503 508
504 507
506 503
507 502
507 487
506 502
510 488
500 510
508 496
507 495
506 486
504 506
501 509
505 505
506 504
destination
