map
random512-25-6.map
pivot
160 485
agent & start
402 29
434 59
427 52
411 38
476 101
506 131
444 69
442 67
474 99
488 113
428 53
370 1
509 134
412 39
505 130
408 35
508 133
410 37
405 32
376 5
467 96
382 11
389 18
374 3
452 83
407 34
445 70
493 118
392 23
510 135
504 129
379 8
452 79
421 48
393 22
388 17
497 122
475 102
398 27
448 75
477 102
447 72
501 128
470 95
468 95
397 26
390 19
419 44
498 123
396 25
462 87
441 66
485 110
452 77
399 28
494 119
414 41
464 89
454 85
386 15
453 80
418 43
446 71
417 42
473 98
385 14
449 74
415 40
377 6
433 58
486 111
406 33
455 84
453 78
437 62
451 76
429 54
409 36
425 50
393 24
435 60
475 100
431 56
469 94
466 91
432 57
461 86
511 136
443 68
448 73
371 2
414 42
391 23
464 90
430 56
421 49
382 12
470 96
442 68
386 16
505 131
416 42
454 86
399 29
474 100
467 97
451 83
473 99
487 113
447 73
462 88
437 63
375 5
451 77
484 110
433 59
436 62
392 22
476 102
443 69
397 27
466 92
377 7
468 94
446 72
419 45
483 111
461 87
494 120
404 32
467 95
403 31
434 60
378 8
475 103
427 53
435 61
387 17
376 6
508 134
369 1
488 114
509 135
450 76
463 89
384 14
485 111
413 41
431 57
473 101
493 119
425 51
409 37
428 54
467 93
452 80
441 67
444 70
407 35
401 29
420 48
486 112
396 26
501 129
510 136
452 78
389 19
410 38
503 129
424 50
451 79
423 49
393 25
385 15
504 130
415 41
418 44
448 74
469 95
455 85
422 48
405 33
497 123
374 4
511 137
370 2
429 55
497 125
412 40
432 58
401 30
403 32
484 111
496 123
388 19
373 4
427 54
509 136
389 20
384 15
destination
