map
random512-10-1.map
pivot
417 143
agent & start
51 377
151 477
16 340
55 381
130 456
35 361
172 498
149 475
150 476
41 367
18 344
72 398
159 485
91 417
177 503
111 437
30 356
86 412
126 452
175 501
14 340
67 393
113 439
110 436
60 386
129 455
100 426
79 405
121 447
119 445
122 448
78 404
120 446
81 407
116 442
141 467
40 366
43 369
168 494
0 326
4 330
166 492
71 397
68 394
61 387
139 465
155 481
117 443
22 348
36 362
47 373
44 370
42 368
170 496
115 441
93 419
26 352
19 345
179 505
64 390
101 427
11 335
157 483
84 410
58 382
138 464
95 421
135 461
12 338
13 339
76 402
16 342
118 444
2 328
54 380
158 484
66 392
105 431
180 506
132 458
160 486
52 378
106 432
112 438
73 399
99 425
69 395
161 487
25 351
127 453
133 459
49 375
163 489
21 347
98 424
90 416
58 384
109 435
176 502
165 491
185 511
104 430
108 434
134 460
87 413
63 389
75 401
32 358
3 329
70 396
148 474
27 353
143 469
37 363
102 428
174 500
162 488
114 440
156 482
136 462
50 376
8 334
31 357
74 400
38 364
20 346
152 478
23 349
59 385
80 406
56 382
153 479
1 327
7 333
24 350
137 463
39 365
65 391
146 472
164 490
123 449
6 332
125 451
9 335
92 418
45 371
145 471
28 354
167 493
46 372
182 508
169 495
142 468
181 507
48 374
178 504
83 409
184 510
29 355
173 499
147 473
131 457
57 383
53 379
62 388
11 337
138 463
179 504
114 439
44 369
93 418
147 472
111 436
28 353
89 414
5 330
128 453
60 385
29 354
108 433
43 368
143 468
59 384
1 326
154 479
103 428
104 429
36 361
105 430
151 476
137 462
54 379
172 497
48 373
16 341
56 381
70 395
69 394
131 456
75 400
10 335
144 469
107 432
110 435
156 481
180 505
132 457
9 334
173 498
57 382
94 419
86 411
76 401
77 402
18 343
58 383
13 338
40 365
52 377
119 444
71 396
11 336
167 492
129 454
112 437
47 372
20 345
32 357
0 325
8 333
152 477
3 328
15 340
178 503
150 475
39 364
157 482
45 370
88 413
148 473
97 422
130 455
23 348
99 424
146 471
95 420
67 392
177 502
136 461
24 349
161 486
139 464
149 474
22 347
96 421
123 448
81 406
118 443
79 404
160 485
168 493
12 337
25 350
106 431
121 446
26 351
6 331
163 488
140 465
125 450
37 362
19 344
4 329
122 447
78 403
142 467
21 346
170 495
34 359
51 376
126 451
182 507
41 366
113 438
72 397
145 470
134 459
115 440
50 375
116 441
65 390
158 483
169 494
100 425
63 388
109 434
85 410
124 449
153 478
127 452
7 332
183 508
92 417
66 391
87 412
42 367
117 442
185 510
46 371
102 427
74 399
33 358
174 499
90 415
84 409
68 393
162 487
98 423
2 327
30 355
164 489
165 490
141 466
135 460
155 480
91 416
186 511
176 501
101 426
80 405
181 506
61 386
184 509
46 370
142 466
25 349
49 373
67 391
84 408
22 346
173 497
178 502
68 392
62 386
162 486
6 330
66 390
107 431
64 388
115 439
123 447
26 350
40 364
65 389
51 375
165 489
127 451
183 507
102 426
151 475
133 457
164 488
97 421
86 410
78 402
8 332
170 494
134 458
110 434
14 338
1 325
117 441
42 366
39 363
38 362
7 331
157 481
179 503
125 449
61 385
185 509
77 401
41 365
94 418
158 482
144 468
44 368
108 432
161 485
155 479
91 415
30 354
60 384
90 414
36 360
48 372
141 465
175 499
35 359
129 453
57 381
131 455
119 443
174 498
136 460
54 378
177 501
23 347
182 506
140 464
88 412
19 343
55 379
150 474
96 420
50 374
184 508
126 450
9 333
105 429
114 438
176 500
3 327
187 511
37 361
82 406
128 452
63 387
59 383
72 396
13 337
34 358
79 403
138 462
143 467
111 435
12 336
33 357
81 405
95 419
69 393
10 334
163 487
122 446
98 422
76 400
168 492
132 456
120 444
28 352
17 341
52 376
166 490
103 427
99 423
93 417
47 371
124 448
115 437
153 477
186 510
149 473
171 495
2 326
80 404
87 411
0 324
73 397
56 380
92 416
27 351
139 463
85 409
5 329
172 496
181 505
180 504
70 394
75 399
113 437
137 461
15 339
24 348
4 328
21 345
89 413
160 484
100 424
167 491
45 369
112 436
154 478
106 430
148 472
147 471
43 367
116 440
29 353
156 480
20 344
145 469
169 493
104 428
18 342
92 415
63 386
122 445
19 342
177 500
148 471
62 385
107 430
43 366
138 461
125 448
119 442
8 331
77 400
83 406
90 413
50 373
89 410
35 358
179 502
69 392
72 395
99 422
79 402
95 418
157 480
2 325
108 431
87 410
13 336
183 506
6 329
75 398
171 494
44 367
54 377
68 391
81 404
97 420
169 492
40 363
32 355
56 379
20 343
178 497
184 507
168 491
3 326
177 498
96 417
100 423
120 443
131 454
175 498
117 440
51 374
60 383
78 401
42 365
115 438
86 409
5 328
104 427
89 412
147 470
130 453
39 362
127 450
152 475
71 394
106 429
143 466
94 417
176 499
70 393
118 439
145 468
41 364
132 455
21 344
24 347
10 333
111 434
25 348
64 387
163 486
162 485
15 338
37 360
73 396
111 432
47 370
31 354
178 501
102 425
48 371
151 474
137 460
166 489
65 388
66 389
23 346
101 424
182 505
129 452
98 421
34 357
22 345
93 416
118 441
180 503
136 459
36 359
61 384
181 504
103 426
91 414
188 511
7 330
141 464
160 481
45 368
142 465
74 397
82 405
150 473
9 332
165 488
159 482
110 433
80 403
33 356
30 353
126 449
173 496
139 462
67 390
153 476
134 457
156 479
18 341
96 419
146 469
112 435
149 472
144 467
26 349
1 324
88 411
14 337
49 372
38 361
155 478
93 414
76 399
161 484
160 483
186 509
85 408
62 383
140 463
185 508
105 428
135 458
53 376
114 437
27 350
158 481
109 432
4 327
170 493
55 378
154 477
52 375
164 487
123 446
28 351
57 380
95 417
74 396
90 410
82 404
177 499
66 388
90 412
17 339
71 393
45 367
12 334
169 491
127 449
124 446
179 501
110 432
35 357
92 414
38 360
161 481
133 455
37 359
49 371
10 332
159 481
23 345
170 492
132 454
84 406
144 466
98 420
183 505
182 504
62 384
20 342
174 496
41 363
94 416
72 394
75 397
168 490
100 422
128 450
54 376
87 409
67 389
101 423
55 377
165 487
80 402
9 331
1 323
177 497
83 405
39 361
189 511
139 461
34 356
126 448
186 508
136 458
154 476
185 507
73 395
147 469
7 329
30 352
85 407
118 438
111 433
102 424
105 427
97 419
76 398
123 445
143 465
188 510
77 399
146 468
2 324
11 333
63 385
166 488
26 348
27 349
158 480
130 452
122 444
118 440
21 343
48 370
157 479
50 372
116 438
153 475
43 365
32 354
180 502
163 485
25 347
19 341
103 425
40 362
22 344
51 373
24 346
150 472
42 364
18 340
176 498
137 459
145 467
161 483
117 439
107 429
91 413
113 435
121 443
114 436
14 336
99 421
15 337
172 494
119 441
148 470
33 355
65 387
69 391
162 484
129 451
181 503
88 410
108 430
61 383
53 375
156 478
120 442
149 471
97 417
13 335
184 506
57 379
175 497
60 382
151 473
46 368
28 350
160 482
4 326
16 338
68 390
31 353
89 411
93 415
167 489
106 428
70 392
160 480
78 400
5 327
47 369
141 463
178 498
140 462
36 358
164 486
152 474
142 464
135 457
56 378
44 366
147 468
163 484
43 364
176 497
66 387
1 322
17 338
27 348
108 429
110 431
136 457
101 422
76 397
69 390
190 511
156 477
44 365
12 333
82 403
28 349
103 424
132 453
81 402
3 324
153 474
21 342
182 503
57 378
23 344
83 404
86 407
33 354
102 423
166 487
99 420
178 499
64 385
114 435
88 409
175 496
113 434
119 440
170 491
140 461
34 355
84 405
22 343
112 433
51 372
180 501
38 359
161 482
73 394
148 469
185 506
129 450
172 493
189 510
45 366
60 381
5 326
48 369
0 321
68 389
167 488
8 329
71 392
18 339
186 507
162 483
72 393
135 456
171 492
24 345
104 425
50 371
77 398
30 351
117 438
95 416
155 476
49 370
125 446
10 331
80 401
128 449
152 473
61 382
105 426
55 376
11 332
26 347
149 470
25 346
59 380
47 368
74 395
41 362
181 502
42 363
138 459
183 504
2 323
31 352
16 337
35 356
97 418
169 490
9 330
146 467
15 336
126 447
87 408
144 465
179 500
78 399
124 445
14 335
179 498
164 485
157 478
85 406
165 486
75 396
184 505
32 353
20 341
70 391
67 388
151 472
127 448
92 413
158 479
53 374
39 360
143 464
37 358
63 384
52 373
6 327
29 350
90 411
187 508
54 375
159 480
13 334
154 475
131 452
122 443
145 466
150 471
19 340
130 451
94 415
58 379
109 430
100 421
36 357
91 412
120 441
65 386
106 427
79 400
98 419
142 463
123 444
133 454
34 354
171 487
48 368
105 425
169 489
16 336
107 427
142 462
50 370
164 484
116 436
187 507
163 483
2 322
0 320
158 478
40 358
38 358
39 359
184 504
101 421
185 505
133 453
43 363
40 360
42 362
136 456
151 471
110 430
55 375
30 350
56 376
181 501
5 325
103 423
173 493
190 510
140 460
22 342
60 380
143 463
68 388
147 467
172 492
123 443
145 465
47 367
157 477
137 457
6 326
183 503
45 365
165 485
88 408
135 455
148 468
171 491
15 335
51 371
49 369
35 355
53 373
4 324
124 444
91 411
77 397
72 392
156 476
19 339
31 351
191 511
186 506
27 347
100 420
70 390
98 418
162 482
122 442
79 399
71 391
66 386
25 345
20 340
85 405
83 403
12 332
127 447
95 415
153 473
10 330
32 352
54 374
166 486
106 426
170 490
134 454
74 394
131 451
64 384
159 479
175 495
174 494
99 419
78 398
167 487
92 412
81 401
121 441
59 379
76 396
8 328
1 321
24 344
149 469
75 395
130 450
37 357
128 448
57 377
2 320
18 338
188 506
109 429
104 424
170 488
13 333
155 475
28 348
65 385
73 393
176 496
138 458
125 445
144 464
108 428
3 323
84 404
114 434
129 449
26 346
11 331
113 433
179 499
117 437
87 407
146 466
154 474
120 440
132 452
69 389
189 509
82 402
188 508
33 353
67 387
150 470
61 381
52 372
7 327
102 422
46 366
36 356
80 400
23 343
152 472
60 379
26 345
35 354
110 429
33 352
2 321
166 485
0 319
129 448
107 426
58 377
80 399
53 372
65 384
29 348
74 393
24 343
163 482
40 359
6 325
93 412
71 390
82 401
121 438
168 487
141 460
44 363
55 374
190 509
189 506
87 406
39 358
68 387
120 439
30 349
21 340
57 376
180 499
94 413
72 391
165 484
49 368
89 408
122 441
181 500
123 442
17 336
106 425
104 423
79 398
54 373
100 419
191 510
133 452
31 350
184 503
37 356
86 405
109 428
158 477
69 388
125 444
12 331
34 353
8 327
3 320
61 380
140 459
114 433
171 490
172 487
3 322
155 474
144 463
156 475
137 456
66 385
88 407
139 458
84 403
83 402
7 326
136 455
103 422
41 358
121 440
50 369
78 397
149 468
117 436
127 446
11 330
4 323
173 492
47 366
169 488
150 469
105 424
187 506
151 470
32 351
14 333
183 502
85 404
18 337
62 381
176 495
76 395
64 383
92 411
167 486
9 328
5 324
25 344
56 375
73 392
51 370
15 334
95 414
38 357
146 465
116 435
70 389
131 450
48 367
170 489
124 443
113 432
185 504
22 341
132 451
188 507
19 338
147 466
153 472
154 473
45 364
135 454
36 355
41 360
171 488
27 346
182 501
23 342
186 505
63 382
174 493
172 491
115 434
101 420
175 494
42 361
59 378
108 427
13 332
142 461
75 394
102 421
148 467
81 400
99 418
159 478
157 476
2 319
43 362
138 457
67 386
145 464
164 483
10 329
111 430
126 445
128 447
46 365
16 335
130 449
189 508
77 396
121 439
182 500
129 447
88 406
151 469
136 454
64 382
94 412
107 425
117 435
70 388
68 386
149 467
120 438
97 415
30 348
65 383
134 452
49 367
192 510
167 485
84 402
44 362
87 405
168 486
21 339
109 427
37 355
7 325
95 413
79 397
165 483
103 421
8 326
48 366
14 332
126 444
55 373
164 482
69 387
12 330
46 364
77 395
42 360
124 442
172 490
141 459
38 356
59 377
13 331
4 322
133 451
156 474
98 416
172 488
127 445
18 336
75 393
39 357
176 494
173 491
81 399
111 429
24 342
191 509
33 351
74 392
110 428
104 422
34 350
177 495
72 390
47 365
35 353
125 443
45 363
3 321
101 419
25 343
122 440
14 330
146 464
54 372
5 323
148 466
123 441
51 369
63 381
169 487
67 385
53 371
50 368
99 417
0 318
62 380
80 398
185 503
161 479
28 346
186 504
36 354
86 404
17 335
140 458
90 408
142 460
113 431
166 484
154 472
114 432
9 327
144 462
52 370
189 507
115 433
85 403
27 345
78 396
16 334
19 337
131 449
82 400
92 410
143 461
66 384
15 333
158 476
171 489
138 456
139 457
174 492
145 463
29 347
190 508
56 374
95 411
184 502
60 378
106 424
1 319
116 434
150 468
43 361
91 409
181 499
96 414
73 391
128 446
71 389
26 344
61 379
6 324
187 505
41 359
76 394
11 329
22 340
159 477
93 411
83 401
157 475
10 328
147 465
160 478
58 376
31 349
23 341
100 418
57 375
186 503
68 385
187 504
22 339
181 498
70 387
124 441
155 472
173 488
148 465
76 393
141 458
67 384
111 428
92 409
61 378
80 397
190 507
86 403
144 461
179 496
25 342
172 489
156 473
26 343
71 388
89 406
1 318
184 501
49 366
107 424
45 362
98 415
66 383
99 416
159 476
154 471
39 356
34 349
116 433
30 347
153 470
72 389
128 445
108 425
36 353
169 486
28 345
73 390
42 359
161 478
91 408
185 502
102 419
137 454
11 328
158 475
142 459
69 386
138 455
5 322
14 331
9 326
177 494
122 439
38 355
97 414
15 332
53 370
160 477
32 349
65 382
106 423
7 324
74 391
0 317
135 452
105 422
34 351
191 508
164 481
58 375
13 330
87 404
129 446
8 325
60 377
16 333
6 323
175 492
18 335
127 444
94 411
10 327
110 427
147 464
56 373
103 420
166 483
143 460
139 456
115 432
12 329
81 398
85 402
44 361
50 367
90 407
63 380
150 467
4 321
120 437
78 395
19 336
162 479
113 430
23 340
43 360
157 474
55 372
88 405
182 499
151 468
123 440
192 509
37 354
79 396
59 376
140 457
146 463
132 449
75 392
125 442
52 369
47 364
64 381
104 421
174 491
173 490
84 401
95 412
77 394
168 485
100 417
46 363
51 368
83 400
24 341
33 350
57 374
165 482
136 453
112 429
126 443
82 399
60 375
35 350
117 434
93 410
178 495
183 500
114 431
149 466
54 371
180 497
48 365
133 450
145 462
130 447
101 418
115 431
43 359
107 423
105 421
65 381
159 475
129 445
141 457
10 326
103 419
166 482
87 403
191 507
144 460
151 467
98 414
176 492
31 347
33 349
125 441
48 364
192 508
37 353
150 466
158 474
178 494
54 370
126 442
35 351
142 458
81 397
147 463
149 465
162 478
84 400
82 398
96 412
180 496
120 436
123 439
45 361
106 422
21 337
143 459
49 365
59 375
146 462
179 495
114 430
153 469
62 378
118 434
53 369
128 444
26 342
36 352
91 407
188 504
9 325
13 329
113 429
8 324
152 468
70 386
25 341
116 432
83 399
71 387
74 390
124 440
181 497
89 405
99 415
24 340
193 509
5 321
145 461
102 418
92 408
66 382
160 476
44 360
109 425
168 484
111 427
12 328
58 374
20 336
97 413
55 371
46 362
94 410
32 348
60 376
75 391
73 389
1 317
155 471
108 424
72 388
186 502
11 327
164 480
56 372
29 345
88 404
175 491
18 334
100 416
185 501
167 483
90 406
93 409
23 339
182 498
133 449
161 477
69 385
79 395
136 452
173 489
86 402
135 451
138 454
77 393
61 377
187 503
67 383
0 316
183 499
7 323
174 490
16 332
134 450
30 346
112 428
110 426
76 392
47 363
148 464
50 366
177 493
154 470
28 344
39 355
78 394
117 433
6 322
52 368
85 401
140 456
169 485
63 379
15 331
80 396
156 472
17 333
64 380
22 338
137 453
184 500
130 446
157 473
40 356
139 455
72 387
48 363
87 402
159 474
3 318
185 500
21 336
100 415
53 368
143 458
38 353
98 413
81 396
175 490
73 388
118 433
25 340
12 327
160 475
117 432
101 416
63 378
189 504
183 498
192 507
85 400
82 397
7 322
151 466
166 481
13 328
167 482
18 333
28 343
92 407
176 491
45 360
76 391
125 440
74 389
178 493
44 359
191 506
122 437
193 508
47 362
20 335
124 439
174 489
156 471
128 443
181 496
163 478
43 358
134 449
93 408
40 355
140 455
50 365
9 324
154 467
61 376
11 326
56 371
148 463
110 425
6 321
27 342
119 434
169 484
146 461
59 374
179 494
0 315
51 366
49 364
37 352
64 379
154 469
131 446
155 470
41 356
168 483
1 316
149 464
121 436
90 405
123 438
188 503
79 394
22 337
65 380
153 468
126 441
164 479
42 357
147 462
19 334
116 431
157 472
137 452
23 338
165 480
142 457
149 462
99 414
54 369
107 422
129 444
39 354
152 467
36 351
194 509
184 499
16 331
31 346
30 345
55 370
83 398
103 418
46 361
91 406
26 341
109 424
102 417
170 485
67 382
158 473
97 412
161 476
52 367
80 395
2 317
112 427
78 393
75 390
130 445
111 426
136 451
86 401
115 430
182 497
113 428
135 450
58 373
4 319
162 477
104 419
127 442
180 495
8 323
66 381
84 399
105 420
33 348
114 429
145 460
186 501
71 386
150 465
69 384
138 453
68 383
32 347
144 459
10 325
141 456
57 372
89 404
94 409
24 339
28 342
26 340
134 448
53 367
38 352
115 429
90 404
5 319
131 445
182 496
9 323
50 364
186 500
82 396
76 390
51 365
84 398
157 471
33 347
158 472
93 407
83 397
159 473
75 389
164 478
1 315
95 409
29 343
16 330
118 432
113 427
107 421
191 505
17 331
144 458
189 503
7 321
45 359
86 400
10 324
24 338
137 451
103 417
125 439
129 443
65 379
114 428
54 368
12 326
124 438
11 325
120 434
89 403
192 506
27 341
148 462
30 344
104 418
181 495
66 380
41 355
122 436
194 508
23 337
8 322
97 411
195 509
62 376
170 484
165 479
138 452
110 424
57 371
40 354
77 391
123 437
130 444
143 457
146 460
4 318
21 335
69 383
32 346
46 360
145 459
154 468
197 511
74 388
169 483
168 482
119 433
136 450
128 442
15 329
80 394
20 334
64 378
98 412
13 327
178 492
37 351
126 440
152 466
19 333
156 470
94 408
183 497
18 332
196 510
109 423
70 384
167 481
175 489
63 377
71 385
185 499
56 370
67 381
140 454
14 328
85 399
153 467
160 474
147 461
105 419
72 386
166 480
150 464
81 395
102 416
88 402
39 353
150 462
187 501
108 422
52 366
179 493
55 369
92 406
142 456
127 441
184 498
59 373
161 475
3 317
135 449
99 413
43 357
100 414
139 453
117 431
112 426
155 469
151 465
149 463
48 362
180 494
162 476
25 339
44 358
91 405
2 316
6 320
177 491
58 370
58 372
42 356
79 393
176 490
193 507
121 435
78 392
106 420
87 401
73 387
31 345
138 451
71 384
139 452
145 458
16 329
67 380
55 368
64 377
156 469
63 376
192 505
109 422
31 344
46 359
45 358
26 339
150 463
23 336
122 435
131 444
135 448
14 327
52 365
13 326
141 454
53 366
174 487
1 314
48 361
112 425
28 341
120 433
153 466
115 428
130 443
32 345
184 497
123 436
35 348
61 374
59 372
22 335
72 385
30 343
82 395
105 418
40 353
165 478
133 446
17 330
164 477
159 472
8 321
51 364
25 338
58 371
171 484
86 399
152 465
132 445
44 357
189 502
90 403
157 470
166 479
0 313
128 441
101 414
12 325
87 400
94 407
24 337
134 447
193 506
36 349
57 370
147 460
5 318
114 427
70 383
79 392
137 450
177 490
190 503
163 476
92 405
180 493
75 388
121 434
169 482
191 504
167 480
188 501
194 507
126 439
129 442
4 317
108 421
93 406
47 360
39 352
6 319
155 468
38 351
88 401
116 429
127 440
33 346
118 431
62 375
173 486
54 367
42 355
140 453
80 393
176 489
76 389
65 378
34 347
125 438
18 331
102 415
198 511
37 350
15 328
43 356
78 391
183 496
106 419
170 483
2 315
68 381
21 334
20 333
84 397
95 408
175 488
168 481
27 340
99 412
73 386
196 509
182 495
69 382
144 457
29 342
172 485
107 420
151 464
41 354
77 390
142 455
7 320
160 473
10 323
103 416
113 426
91 404
185 498
83 396
89 402
98 411
186 499
117 430
178 491
158 471
119 432
19 332
96 409
148 461
3 316
85 398
111 424
60 373
187 500
110 423
179 492
161 474
9 322
146 459
195 508
181 494
197 510
66 379
11 324
81 394
39 351
50 362
127 439
113 425
192 504
106 418
67 379
143 455
163 475
124 436
32 344
28 340
93 405
125 437
179 491
148 460
20 332
130 442
92 404
196 508
31 343
120 432
188 500
135 447
36 348
97 409
174 486
41 353
23 335
52 364
11 323
65 377
16 328
134 444
88 400
166 478
159 471
194 506
64 376
84 396
146 458
117 429
144 456
25 337
168 480
176 488
133 445
137 449
100 412
161 473
157 469
101 413
139 451
59 371
70 382
116 428
21 333
115 427
71 383
142 454
29 341
198 510
75 387
87 399
69 381
199 511
54 366
27 339
4 316
71 381
51 363
191 503
78 390
1 313
164 476
187 499
34 346
103 415
112 424
184 496
104 416
158 470
12 324
128 440
63 375
74 386
38 350
81 393
197 509
77 389
35 347
189 501
49 361
18 330
72 384
114 426
60 372
172 484
91 403
19 331
14 326
165 477
110 422
0 312
95 407
47 359
43 355
99 411
15 327
42 354
62 374
193 505
136 448
5 317
76 388
73 385
186 498
44 356
45 357
9 321
177 489
13 325
153 465
37 349
141 453
86 398
132 444
10 322
105 417
108 420
134 446
181 493
173 485
102 414
48 360
123 435
175 487
3 315
55 367
182 494
185 497
107 419
89 401
167 479
30 342
111 423
26 338
98 410
169 481
109 421
85 397
2 314
147 459
61 373
22 334
151 463
145 457
82 394
40 352
156 468
160 472
7 319
121 433
119 431
94 406
129 441
183 495
33 345
66 378
152 464
195 507
68 380
57 369
17 329
80 392
138 450
126 438
170 482
97 408
92 403
88 399
68 379
43 354
192 503
179 490
12 323
67 378
175 486
140 451
200 511
86 397
72 383
167 478
98 409
130 441
15 326
54 365
165 476
36 347
76 387
121 432
145 456
152 463
17 328
184 495
51 362
61 372
7 318
142 453
115 426
9 320
19 330
83 394
55 366
99 410
128 439
170 481
159 470
81 392
27 338
64 375
102 413
62 373
22 333
123 434
197 508
193 504
31 342
118 429
50 361
114 425
153 464
48 359
57 368
78 389
30 341
129 440
73 384
180 491
198 509
2 313
156 467
126 437
34 345
174 485
90 401
101 412
182 493
139 450
131 442
28 339
56 367
8 319
26 337
24 335
0 311
195 506
169 480
183 494
96 407
1 312
157 468
91 402
74 385
146 457
100 411
110 421
144 455
162 473
112 423
25 336
63 374
5 316
93 404
4 315
53 364
186 497
113 424
80 391
176 487
23 334
122 433
137 448
16 327
45 356
120 431
181 492
149 460
14 325
119 430
136 447
84 395
177 488
148 459
166 477
60 371
189 500
173 484
77 388
89 400
161 472
199 510
106 417
40 351
10 321
185 496
11 322
41 352
116 427
32 343
196 507
66 377
94 405
87 398
71 382
29 340
37 348
160 471
20 331
65 376
190 501
164 475
107 418
109 420
108 419
124 435
141 452
133 444
42 353
38 349
3 314
75 386
188 499
194 505
111 422
132 443
158 469
127 438
104 415
85 396
46 357
70 381
95 406
69 380
13 324
138 449
21 332
79 390
134 445
44 355
70 380
185 495
200 510
107 417
87 397
161 471
198 508
66 376
119 429
55 365
109 419
51 361
8 318
37 347
186 496
173 483
63 373
149 459
166 476
5 315
170 480
146 456
34 344
78 388
80 390
178 488
15 325
83 393
172 482
4 314
126 436
32 342
41 351
45 355
148 458
28 338
138 448
75 385
129 439
25 335
127 437
181 491
77 387
187 497
23 333
54 364
92 402
184 494
101 411
121 431
190 500
160 470
98 408
68 378
199 509
176 486
65 375
1 311
175 485
94 404
192 502
116 426
52 362
124 434
79 389
60 370
122 432
169 479
20 330
31 341
123 433
91 401
133 443
125 435
112 422
61 371
6 316
97 407
22 332
131 441
139 449
132 442
130 440
14 324
100 410
191 501
35 345
59 369
93 403
174 484
86 396
194 504
42 352
90 400
84 394
24 334
142 452
104 414
40 350
39 349
85 395
9 319
57 367
157 467
12 322
113 423
115 425
177 487
21 331
167 477
158 468
26 336
17 327
141 451
16 326
144 454
103 413
118 428
147 457
13 323
165 475
64 374
152 462
135 445
128 438
201 511
193 503
120 430
111 421
44 354
153 463
197 507
114 424
7 317
36 346
154 464
62 372
53 363
182 492
74 384
30 340
89 399
29 339
67 377
72 382
3 313
73 383
195 505
82 392
179 489
81 391
171 481
151 461
163 473
180 490
106 416
105 415
189 499
47 357
50 360
48 358
140 450
69 379
183 493
95 405
145 455
168 478
137 447
108 418
58 368
156 466
33 343
38 348
10 320
164 474
143 453
46 356
18 328
19 329
84 393
68 377
149 458
66 375
178 487
125 434
1 310
152 461
50 359
38 347
168 477
183 492
43 352
82 391
70 379
92 401
20 329
169 478
58 367
5 314
42 351
19 328
34 343
196 505
74 383
9 318
181 490
3 312
194 503
86 395
22 331
63 372
173 482
108 417
171 480
37 346
107 416
81 390
128 437
105 414
24 333
193 502
112 421
154 463
48 357
97 406
165 474
121 430
192 501
161 470
54 363
182 491
55 364
60 369
166 475
138 447
199 508
116 425
184 493
164 473
137 446
16 325
177 486
189 498
124 433
73 382
78 387
7 316
96 405
25 334
101 410
98 407
190 499
18 327
136 445
47 356
179 488
44 353
115 424
61 370
133 442
102 411
120 429
75 384
76 385
41 350
200 509
187 496
94 403
175 484
28 337
139 448
12 321
172 481
39 348
93 402
62 371
91 400
65 374
23 332
85 394
145 454
127 436
170 479
114 423
17 326
157 466
129 438
160 469
90 399
13 322
69 378
57 366
147 456
103 412
159 468
144 453
185 494
100 409
6 315
110 419
15 324
174 483
95 404
167 476
32 341
197 506
118 427
141 450
132 441
151 460
53 362
106 415
11 320
201 510
14 323
29 338
202 511
10 319
77 386
40 349
27 336
123 432
87 396
45 354
49 358
46 355
64 373
140 449
79 388
51 360
31 340
155 464
180 489
162 471
130 439
142 451
33 342
176 485
111 420
35 344
104 413
186 495
131 440
36 345
122 431
59 368
88 397
89 398
2 311
126 435
195 504
83 392
188 497
150 459
23 330
52 361
8 317
156 465
21 330
4 313
7 315
27 335
143 451
119 427
149 457
8 316
72 380
197 505
146 454
137 445
24 332
53 361
144 452
158 466
76 384
95 403
118 426
120 428
40 348
123 431
1 309
91 399
47 355
4 312
41 349
11 319
49 357
177 485
39 347
132 440
170 478
67 375
61 369
44 352
154 462
3 311
202 510
62 370
70 378
171 479
157 465
175 483
9 317
165 473
199 507
155 463
129 437
139 447
82 390
153 461
38 346
185 493
196 504
138 446
160 468
77 385
133 441
29 337
79 387
10 318
55 363
194 502
1 307
59 367
74 382
71 379
112 420
115 423
5 313
84 392
33 341
168 476
148 456
141 449
136 444
121 429
69 377
99 407
183 491
89 397
100 408
174 482
66 374
107 415
6 314
50 358
19 327
105 413
127 435
159 467
94 402
58 366
130 438
90 398
65 373
68 376
187 495
156 464
81 389
182 490
31 339
36 344
52 360
25 333
15 323
147 455
30 338
164 472
60 368
172 480
124 432
116 424
23 331
35 343
97 405
75 383
114 422
150 458
173 481
51 359
152 460
87 395
104 412
101 409
198 506
2 310
20 328
37 345
92 400
128 436
192 500
48 356
73 381
12 320
166 474
188 496
108 416
176 484
195 503
163 471
161 469
142 450
178 486
111 419
93 401
201 509
88 396
43 351
186 494
13 321
193 501
102 410
135 443
110 418
63 371
26 334
184 492
190 498
181 489
78 386
18 326
167 475
64 372
126 434
17 325
162 470
140 448
151 459
200 508
42 350
169 477
22 330
131 439
56 364
21 329
46 354
57 365
103 411
0 308
134 442
191 499
180 488
86 394
54 362
45 353
189 497
96 404
32 340
14 322
0 307
66 371
179 486
181 488
94 401
20 327
91 398
176 483
165 472
109 416
163 470
143 450
162 469
177 484
3 310
100 407
197 502
151 458
80 387
92 399
108 415
193 500
43 350
125 432
167 474
21 328
126 433
69 376
22 329
87 394
192 499
77 384
107 414
148 455
39 346
78 385
105 412
32 339
86 393
27 334
188 495
124 431
14 321
175 482
153 460
40 347
147 454
166 473
200 507
4 311
42 349
103 410
44 351
132 439
17 324
76 383
73 380
83 390
81 388
159 466
1 308
198 505
131 438
56 363
54 361
187 494
50 357
88 395
95 402
25 332
145 452
183 490
31 338
154 461
142 449
12 319
67 374
130 437
168 475
64 371
15 322
63 370
61 368
164 471
66 373
180 487
196 503
174 481
89 396
62 369
97 404
141 448
112 419
53 360
8 315
158 465
122 429
186 493
203 510
134 441
84 391
144 451
110 417
24 331
119 426
123 430
146 453
101 408
127 434
150 457
113 420
178 485
90 397
45 352
191 496
28 335
70 377
115 422
201 508
139 446
185 492
46 353
35 342
13 320
184 491
98 405
190 497
129 436
58 365
60 367
82 389
149 456
11 318
140 447
197 504
189 496
52 359
75 382
99 406
33 340
79 386
118 425
38 345
65 372
171 478
182 489
6 313
30 337
194 501
170 477
191 498
111 418
156 463
137 444
161 468
37 344
19 326
26 333
47 354
85 392
96 403
114 421
68 375
135 442
49 356
18 325
71 378
128 435
48 355
55 362
121 428
136 443
10 317
59 366
7 314
172 479
51 358
152 459
41 348
9 316
169 476
117 424
104 411
173 480
199 506
160 467
36 343
133 440
34 341
72 379
155 462
157 464
195 502
29 336
141 447
12 318
52 358
163 469
26 332
11 317
28 334
136 442
63 369
75 381
114 420
133 439
37 343
182 488
164 470
196 502
183 489
119 425
203 509
64 370
139 445
44 350
90 396
146 452
117 423
125 431
43 349
124 430
175 481
149 455
78 384
0 306
58 364
110 416
159 465
153 459
47 353
83 389
29 335
87 393
127 433
104 410
128 434
84 390
106 412
15 321
144 450
4 310
77 383
191 497
99 405
135 441
91 397
181 487
167 473
55 361
95 401
3 309
138 444
32 338
195 501
204 510
66 370
97 403
180 486
131 437
186 492
160 466
17 323
150 456
176 482
54 360
154 460
172 478
65 371
120 426
156 462
67 373
143 449
201 507
69 375
45 351
42 348
121 427
62 368
103 409
177 483
111 417
82 388
169 475
200 506
202 508
46 352
38 344
72 378
102 408
132 438
107 413
142 448
60 366
14 320
76 382
187 493
50 356
81 387
134 440
184 490
185 491
179 485
48 354
178 484
57 363
25 331
68 374
96 402
18 324
10 316
70 376
61 367
33 339
101 407
148 454
66 372
34 340
98 404
22 328
35 341
129 435
188 494
173 479
112 418
85 391
147 453
16 322
30 336
152 456
171 477
74 380
130 436
93 399
108 414
193 499
8 314
166 472
36 342
7 313
86 392
88 394
41 347
20 326
137 443
49 355
71 377
27 333
157 463
194 500
21 327
116 422
190 496
189 495
118 424
109 415
9 315
140 446
80 386
170 476
162 468
199 505
151 457
53 359
192 498
51 357
122 428
165 471
105 411
13 319
123 429
73 379
155 461
89 395
161 467
5 311
115 421
197 503
6 312
100 406
2 308
152 458
40 346
152 457
18 323
13 318
11 316
182 487
97 402
55 360
78 383
35 340
194 499
170 475
164 469
113 418
135 440
19 324
87 392
136 441
75 380
73 378
167 472
176 481
70 375
188 493
166 471
159 464
103 408
173 478
178 483
143 448
47 352
64 369
111 416
144 449
133 438
156 461
14 319
152 455
25 330
9 314
83 388
52 357
96 401
169 474
76 381
108 413
123 428
130 435
157 462
181 486
192 497
40 345
65 370
57 362
67 372
17 322
158 463
186 491
49 354
53 358
23 328
183 488
92 397
110 415
21 326
15 320
28 333
38 343
98 403
165 470
138 443
42 347
80 385
132 437
45 350
204 509
46 351
89 394
93 398
131 436
58 363
145 450
137 442
59 364
175 480
184 489
129 434
189 494
51 356
68 373
153 458
153 456
20 325
134 439
8 313
91 396
88 393
126 431
161 466
41 346
79 384
200 505
3 308
27 332
7 312
117 422
147 452
104 409
86 391
61 366
94 399
77 382
39 344
151 456
146 451
48 353
202 507
95 400
150 455
155 460
69 374
10 315
43 348
196 501
199 504
114 419
177 482
201 506
115 420
142 447
127 432
107 412
171 476
6 311
32 337
118 423
16 321
172 477
12 317
62 367
34 339
128 433
81 386
179 484
99 404
24 329
50 355
140 445
109 414
160 465
105 410
36 341
4 309
180 485
33 338
0 305
102 407
162 467
82 387
84 389
205 510
121 426
124 429
5 310
106 411
101 406
63 368
198 503
139 444
56 361
174 479
31 336
190 495
195 500
71 376
72 377
30 335
119 424
148 453
149 454
37 342
122 427
90 395
29 334
168 473
112 417
163 468
85 390
54 359
47 351
81 385
83 387
35 339
147 451
100 404
93 395
132 436
120 424
156 460
21 325
25 329
201 505
14 318
62 366
135 439
89 393
40 344
94 398
33 337
184 488
10 314
134 438
205 509
91 395
72 376
48 352
71 375
180 484
32 336
111 415
27 331
12 316
78 382
104 408
93 397
187 491
204 508
73 377
130 434
164 468
26 330
68 372
8 312
138 442
141 445
107 411
123 427
51 355
31 335
149 453
38 342
116 420
82 386
0 304
173 477
18 322
155 459
108 412
41 345
195 499
161 465
105 409
75 379
142 446
23 327
87 391
133 437
143 447
136 440
79 383
63 367
58 362
188 492
202 506
127 431
20 324
206 510
181 485
189 493
6 310
2 306
165 469
85 389
200 504
74 378
57 361
199 503
176 480
125 429
168 472
16 320
203 507
24 328
1 305
95 399
160 464
131 435
96 400
146 450
45 349
139 443
162 466
117 421
19 323
52 356
169 473
118 422
43 347
65 369
28 332
186 490
140 444
179 483
30 334
122 426
53 357
106 410
3 307
182 486
36 340
50 354
177 481
98 402
190 494
56 360
97 401
158 462
110 414
159 463
121 425
178 482
17 321
4 308
153 457
166 470
171 475
114 418
144 448
88 392
101 405
183 487
39 343
34 338
22 326
103 407
157 461
151 455
64 368
54 358
193 497
124 428
59 363
76 380
80 384
44 348
90 394
128 432
175 479
137 441
37 341
112 416
9 313
42 346
7 311
13 317
154 458
49 353
194 498
196 500
129 433
115 419
145 449
84 388
77 381
99 403
15 319
167 471
185 489
92 396
69 373
126 430
4 307
8 311
37 340
53 356
62 365
5 308
129 432
48 351
99 402
139 442
35 338
119 422
97 400
47 350
198 501
1 304
83 386
117 420
109 412
46 349
171 474
3 306
26 329
30 333
71 374
49 352
122 425
186 489
59 362
72 375
2 305
94 397
88 391
159 462
126 429
100 403
182 485
78 381
80 383
96 399
75 378
98 401
92 395
151 454
143 446
91 394
166 469
41 344
31 334
180 483
132 435
104 407
61 364
130 433
38 341
147 450
183 486
43 346
191 494
115 418
131 434
161 464
102 405
63 366
168 471
167 470
184 487
190 493
133 436
160 463
146 449
205 508
170 473
12 315
112 415
173 476
60 363
13 316
57 360
169 472
17 320
24 327
20 323
128 431
103 406
157 460
0 303
120 423
188 491
187 490
40 343
178 481
118 421
189 492
156 459
148 451
90 393
162 465
203 506
176 479
27 330
52 355
36 339
21 324
11 314
74 377
32 335
106 409
89 392
113 416
87 390
14 317
45 348
18 321
125 428
135 438
137 440
58 361
149 452
25 328
207 510
197 500
93 396
110 413
194 497
82 385
95 398
68 371
101 404
136 439
28 331
56 359
193 496
179 482
196 499
154 457
22 325
76 379
79 382
51 354
84 387
201 504
158 461
7 310
192 495
174 477
108 411
163 466
42 345
116 419
54 357
127 430
105 408
164 467
140 443
86 389
15 318
10 313
114 417
181 484
81 384
34 337
65 368
111 414
200 503
64 367
195 498
9 312
19 322
155 458
150 453
124 427
70 373
138 441
142 445
145 448
44 347
73 376
172 475
199 502
165 468
204 507
121 424
79 381
41 343
186 488
16 318
95 397
195 497
71 373
131 433
99 401
142 444
84 386
91 391
169 471
33 335
172 474
74 376
8 310
57 359
1 303
85 387
116 418
11 313
9 311
100 402
45 347
164 466
2 304
125 427
181 483
23 325
28 330
81 383
104 406
70 372
80 382
192 494
7 309
92 394
126 428
44 346
29 331
117 419
137 439
133 435
140 442
148 450
43 345
82 384
22 324
171 473
208 510
150 452
78 380
31 333
188 490
119 421
206 508
193 495
149 451
147 449
19 321
20 322
25 327
62 364
48 350
178 480
13 315
139 441
196 498
60 362
98 400
67 369
5 307
157 459
191 493
89 391
103 405
86 388
159 461
65 367
83 385
109 411
34 336
64 366
207 509
75 377
113 415
170 472
165 467
136 438
158 460
130 432
162 464
202 504
12 314
90 392
151 453
40 342
174 476
15 317
175 477
110 412
138 440
198 500
134 436
87 389
30 332
141 443
42 344
122 424
156 458
115 417
168 470
59 361
68 370
204 506
10 312
180 482
146 448
63 365
106 408
160 462
111 413
121 423
72 374
36 338
183 485
203 505
51 353
54 356
47 349
108 410
128 430
173 475
55 357
199 501
35 337
50 352
144 446
187 489
143 445
77 379
114 416
39 341
38 340
135 437
124 426
201 503
101 403
52 354
105 407
184 486
37 339
189 491
194 496
61 363
132 434
182 484
161 463
112 414
73 375
197 499
166 468
127 429
6 308
27 329
179 481
3 305
88 390
14 316
21 323
102 404
0 302
91 393
96 398
205 507
176 478
32 334
4 306
76 378
97 399
17 319
145 447
18 320
53 355
94 396
66 368
155 457
120 422
26 327
50 351
91 392
122 423
206 507
10 311
185 486
9 310
181 482
179 480
74 375
140 441
125 426
190 491
162 463
108 409
134 435
56 357
128 429
120 421
121 422
109 410
95 396
101 402
123 424
54 355
67 368
202 503
169 470
110 411
117 418
73 374
22 323
137 438
199 500
124 425
0 301
112 413
155 456
98 399
14 315
31 332
41 342
150 451
57 358
138 439
92 393
105 406
43 344
142 443
130 431
27 328
5 306
20 321
63 364
6 307
164 465
170 471
52 353
205 506
29 330
208 509
116 417
184 485
86 387
163 464
23 324
104 405
196 497
48 349
36 337
45 346
180 481
96 397
85 386
111 412
192 493
55 356
114 415
195 496
182 483
79 380
177 478
139 440
49 350
186 487
156 457
80 381
201 502
35 336
152 453
127 428
16 317
172 473
76 377
58 359
126 427
173 474
11 312
118 419
62 363
28 329
69 370
106 407
39 340
136 437
25 326
18 319
75 376
115 416
68 369
97 398
24 325
132 433
84 385
198 499
107 408
160 461
71 372
44 345
200 501
113 414
12 313
38 339
90 391
72 373
83 384
59 360
91 390
166 467
207 508
158 459
33 334
203 504
210 511
168 469
65 366
147 448
144 445
100 401
64 365
81 382
21 322
102 403
19 320
183 484
148 449
129 430
61 362
89 390
34 335
171 472
131 432
47 348
99 400
149 450
78 379
176 477
151 452
175 476
167 468
187 488
51 352
161 462
42 343
145 446
193 494
46 347
53 354
159 460
3 304
66 367
178 479
197 498
37 338
4 305
194 495
204 505
188 489
165 466
40 341
143 444
77 378
174 475
13 314
8 309
141 442
103 404
2 303
7 308
82 383
60 361
30 331
17 318
87 388
119 420
146 447
191 491
172 472
116 416
209 509
187 487
43 343
189 489
150 450
202 502
44 344
73 373
84 384
22 322
200 500
6 306
81 381
151 451
42 342
208 508
40 340
131 431
21 321
136 436
77 377
97 397
201 501
88 388
143 443
203 503
145 445
135 435
173 473
171 471
108 408
102 402
120 418
113 413
106 406
130 430
2 302
13 313
195 495
38 338
23 323
144 444
66 366
10 310
25 325
83 383
71 371
26 326
4 304
54 354
157 457
90 390
3 303
198 498
18 318
93 393
51 351
98 398
1 301
62 362
129 429
27 327
158 458
52 352
147 447
139 439
176 476
31 331
53 353
156 456
28 328
80 380
20 320
166 466
29 329
63 363
205 505
55 355
167 467
70 370
117 417
35 335
49 349
186 486
89 389
153 451
45 345
204 504
34 334
60 360
100 400
142 442
124 424
188 488
75 375
153 453
192 492
160 460
32 332
5 305
11 311
69 369
96 396
112 412
41 341
180 480
125 425
58 358
95 395
196 496
185 485
68 368
210 510
76 376
148 448
165 465
24 324
37 337
120 420
127 427
138 438
119 419
177 477
123 423
115 415
7 307
67 367
103 403
128 428
174 474
199 499
162 462
0 300
183 483
133 433
118 418
206 506
56 356
194 494
161 461
107 407
109 409
179 479
17 317
92 392
132 432
50 350
155 455
169 469
137 437
48 348
104 404
140 440
61 361
36 336
105 405
87 387
64 364
175 475
146 446
134 434
110 410
72 372
65 365
159 459
190 490
79 379
121 421
30 330
57 357
12 312
178 478
197 497
181 481
182 482
126 426
164 464
122 422
211 511
19 319
8 308
184 484
15 315
47 347
101 401
86 386
207 507
94 394
193 493
170 470
78 378
184 481
61 360
105 404
143 442
94 393
11 310
115 414
18 317
26 325
83 382
186 485
132 431
63 362
34 333
99 398
205 504
62 361
202 501
166 465
106 405
190 489
9 308
125 424
135 434
74 373
167 466
60 359
200 499
170 469
122 421
12 311
149 448
159 458
35 334
15 314
50 349
101 400
2 301
204 503
175 474
206 505
172 471
31 330
168 467
165 464
23 322
212 511
24 323
154 451
113 412
184 483
110 409
89 388
178 477
103 402
51 350
169 468
211 510
4 303
39 338
152 451
144 443
97 396
14 313
108 407
69 368
197 496
19 318
129 428
72 371
121 420
189 488
183 482
207 506
70 369
68 367
196 495
163 462
42 341
198 497
104 403
151 450
45 344
156 455
210 509
150 449
95 394
124 423
8 307
93 392
171 470
33 332
87 386
1 300
65 364
111 410
174 473
181 480
158 457
64 363
36 335
46 345
21 320
78 377
25 324
142 441
41 340
134 433
5 304
131 430
80 379
22 321
177 476
32 331
48 347
127 426
102 401
157 456
0 299
38 337
84 383
52 351
43 342
109 408
77 376
40 339
203 502
191 490
29 328
176 475
66 365
28 327
145 444
59 358
119 418
192 491
3 302
140 439
126 425
57 356
153 452
118 417
7 306
146 445
123 422
6 305
98 397
194 493
88 387
120 419
195 494
107 406
54 353
79 378
75 374
133 432
187 486
148 447
128 427
56 355
161 460
90 389
82 381
112 411
67 366
86 385
185 484
13 312
100 399
162 461
116 415
114 413
136 435
16 315
180 479
209 508
173 472
164 463
76 375
179 478
30 329
137 436
139 438
130 429
160 459
37 336
49 348
47 346
10 309
0 298
85 383
32 330
13 311
69 367
119 417
105 403
156 454
88 386
16 314
122 420
154 452
175 473
140 438
121 419
26 324
12 310
5 303
186 484
63 361
129 427
183 481
72 370
23 321
210 508
132 430
95 393
193 491
146 444
35 333
150 448
174 472
64 362
22 320
109 407
123 421
24 322
42 340
43 341
203 501
143 441
34 332
38 336
78 376
102 400
198 496
162 460
139 437
159 457
172 470
113 411
136 434
101 399
117 415
141 439
104 402
212 510
82 380
46 344
61 359
170 468
14 312
15 313
135 433
166 464
97 395
125 423
185 483
124 422
142 440
48 346
52 350
7 305
179 477
84 382
58 356
211 509
77 375
112 410
18 316
157 455
40 338
47 345
200 498
76 374
29 327
201 499
151 449
196 494
79 377
33 331
96 394
111 409
1 299
55 353
9 307
37 335
184 480
126 424
19 317
27 325
206 504
137 435
178 476
108 406
10 308
110 408
118 416
184 482
56 354
74 372
11 309
169 467
44 342
94 392
205 503
103 401
195 493
8 306
87 385
128 426
180 478
158 456
50 348
197 495
73 371
173 471
51 349
145 443
130 428
67 365
106 404
2 300
89 387
70 368
107 405
147 445
114 412
57 355
81 379
30 328
161 459
98 396
25 323
20 318
204 502
68 366
160 458
65 363
21 319
90 388
152 450
144 442
133 431
4 302
3 301
41 339
171 469
192 490
155 453
80 378
134 432
53 351
167 465
199 497
181 479
176 474
28 326
59 357
31 329
190 488
191 489
207 505
189 487
100 398
62 360
86 384
60 358
209 507
66 364
83 381
49 347
45 343
39 337
115 413
93 391
163 461
164 462
188 486
131 429
71 369
17 315
149 447
182 480
36 334
71 368
8 305
161 458
99 396
23 320
185 482
57 354
34 331
15 312
210 507
13 310
104 401
80 377
81 378
102 399
191 488
171 468
203 500
123 420
52 349
82 379
206 503
12 309
146 443
157 454
177 474
166 463
19 316
111 408
205 502
88 385
139 436
142 439
117 414
16 313
10 307
74 371
147 444
63 360
208 505
2 299
97 394
192 489
106 403
67 364
29 324
189 486
175 472
173 470
98 395
64 361
50 347
165 462
78 375
61 358
105 402
22 319
39 336
151 448
44 341
108 405
200 497
73 370
69 366
194 491
90 387
163 460
180 477
24 321
198 495
209 506
164 461
197 494
178 475
86 383
213 510
85 382
188 485
21 318
181 478
114 411
14 311
195 492
109 406
46 343
1 298
134 431
30 327
9 306
202 499
32 329
110 407
58 355
183 480
207 504
41 338
115 412
138 435
211 508
199 496
125 422
186 483
129 426
113 410
130 427
40 337
28 325
59 356
3 300
136 433
11 308
152 449
65 362
119 416
95 392
174 471
62 359
182 479
127 424
155 452
94 391
51 348
133 430
0 297
168 465
149 446
42 339
187 484
126 423
87 384
18 315
31 328
137 434
107 404
29 326
33 330
84 381
53 350
76 373
176 473
128 425
70 367
6 303
47 344
35 332
36 333
49 346
112 409
43 340
150 447
45 342
177 472
124 421
38 335
101 398
26 323
162 459
159 456
72 369
148 445
68 365
100 397
116 413
77 374
79 376
75 372
122 419
118 415
37 334
172 469
60 357
4 301
27 324
131 428
169 466
145 442
156 453
56 353
144 441
190 487
82 377
140 437
179 476
89 386
135 432
201 498
91 388
48 345
212 509
93 390
83 380
143 440
7 304
25 322
193 490
61 357
111 407
129 425
73 369
168 464
102 398
40 336
3 299
176 472
197 493
18 314
117 413
48 344
38 334
84 380
114 410
135 431
202 498
137 433
128 424
149 445
77 373
188 484
5 301
65 361
156 452
208 504
36 332
72 368
69 365
100 396
56 352
119 415
191 487
39 335
41 337
19 315
26 322
192 488
49 345
97 393
91 387
214 510
74 370
190 486
143 439
57 353
182 478
23 319
163 459
101 397
183 479
187 483
113 409
209 505
95 391
81 377
43 339
66 362
212 508
130 426
107 403
108 404
22 318
145 441
80 376
159 455
207 503
165 461
148 444
63 359
178 474
180 476
194 490
134 430
189 485
53 349
52 348
90 386
177 471
122 418
98 394
171 467
153 449
50 346
64 360
164 460
125 421
175 471
157 453
15 311
29 325
83 379
169 465
78 374
21 317
56 350
123 419
152 448
133 429
174 470
189 483
45 341
42 338
37 333
118 414
14 310
34 330
92 388
106 402
172 468
9 305
75 371
121 417
28 324
24 320
88 384
10 306
147 443
193 489
173 469
16 312
132 428
125 419
105 401
12 308
146 442
2 298
33 329
206 502
6 302
195 491
200 496
71 367
67 363
167 463
62 358
205 501
94 390
158 454
7 303
120 416
25 321
140 436
59 355
89 385
213 509
160 456
17 313
186 482
110 406
54 350
55 351
31 327
139 435
85 381
0 296
162 458
60 356
8 304
58 354
99 395
151 445
177 473
144 440
210 506
46 342
35 331
47 343
166 462
70 366
116 412
4 300
203 499
115 411
68 364
112 408
136 432
20 316
126 422
179 475
1 297
138 434
104 400
103 399
161 457
151 447
198 494
51 347
96 392
82 378
141 437
79 375
127 423
199 495
211 507
76 372
27 323
124 420
32 328
109 405
204 500
201 497
30 326
86 382
142 438
181 477
0 295
104 399
102 397
42 337
64 359
44 339
113 408
147 442
48 343
111 406
97 392
182 477
95 390
66 361
114 409
51 346
62 357
216 511
89 384
180 475
100 395
121 416
127 422
108 403
31 326
74 369
134 429
50 345
63 358
88 383
215 510
163 458
210 505
17 312
15 310
26 321
131 426
93 388
178 473
72 367
142 437
94 389
12 307
92 387
90 385
86 381
172 467
109 404
157 452
30 325
45 340
156 451
130 425
116 411
85 380
135 430
53 348
165 460
143 438
208 503
25 320
197 492
205 500
27 322
54 349
18 313
125 420
162 457
115 410
122 417
28 323
173 468
199 494
55 350
148 443
183 478
23 318
186 481
189 484
145 440
139 434
169 464
34 329
202 497
213 508
96 391
191 486
49 344
103 398
81 376
83 378
151 446
124 419
1 296
175 470
153 448
47 342
138 433
150 445
160 455
9 304
146 441
71 366
196 491
123 418
11 306
193 488
14 309
19 314
119 414
155 450
7 302
91 386
161 456
128 423
151 444
187 482
6 301
52 347
5 300
20 315
57 352
195 490
58 353
101 396
110 405
76 371
198 493
188 483
190 485
166 461
126 421
78 373
40 335
209 504
37 332
59 354
69 364
99 394
204 499
140 435
21 316
38 333
98 393
137 432
46 341
56 351
201 496
212 507
68 363
129 424
33 328
43 338
39 334
168 463
194 489
75 370
41 336
4 299
118 413
106 401
136 431
174 469
170 465
36 331
112 407
164 459
10 305
32 327
61 356
158 453
70 365
65 360
206 501
120 415
117 412
2 297
179 474
16 311
176 471
203 498
24 319
152 447
192 487
107 402
144 439
105 400
22 317
171 466
84 379
80 375
132 427
77 372
87 382
141 436
16 310
118 412
196 490
100 394
43 337
102 396
76 370
146 440
73 367
152 444
183 477
113 407
121 415
88 382
52 346
143 437
70 364
99 393
35 329
60 354
61 355
107 401
205 499
41 335
153 447
195 489
176 470
194 488
212 506
36 330
47 341
11 305
139 433
77 371
119 413
32 326
165 459
148 442
87 381
164 458
39 333
209 503
166 460
199 493
150 444
161 455
19 313
40 334
55 349
90 384
208 502
188 482
160 454
10 304
13 307
106 400
198 492
215 509
6 300
144 438
80 374
84 378
71 365
216 510
132 426
192 486
92 386
114 406
191 485
104 398
58 352
123 417
105 399
17 311
51 345
109 403
174 468
158 452
37 331
20 314
211 505
78 372
155 449
173 467
66 360
18 312
21 313
151 443
152 446
200 494
33 327
101 395
45 339
2 296
21 315
24 318
112 406
34 328
68 362
54 348
75 369
203 497
12 306
207 501
202 496
22 316
187 481
181 475
85 379
69 363
9 303
116 410
25 319
127 421
53 347
81 375
206 500
142 436
175 469
46 340
64 358
131 425
7 301
133 427
162 456
197 491
167 461
79 373
193 487
103 397
97 391
157 451
182 476
94 388
179 473
95 389
126 420
128 422
201 495
98 392
115 409
185 479
145 439
42 336
156 450
39 331
28 322
120 414
91 385
214 508
117 411
130 424
170 464
180 474
134 428
213 507
86 380
4 298
0 294
31 325
184 478
140 434
89 383
57 351
172 466
186 480
3 297
38 332
124 418
137 431
190 484
62 356
138 432
108 402
111 405
217 511
5 299
44 338
50 344
49 343
159 453
114 408
210 504
149 443
163 457
15 309
65 359
63 357
14 308
169 463
72 366
110 404
1 295
136 430
27 321
44 337
47 340
209 502
55 348
119 412
193 486
40 333
12 305
127 420
157 450
75 368
144 437
148 441
161 454
143 436
11 304
69 362
48 341
150 443
109 402
128 421
20 313
211 504
194 487
99 392
87 380
95 388
85 378
156 449
94 387
204 497
131 424
25 318
68 361
201 494
130 423
83 376
0 293
49 342
115 408
45 338
113 406
217 510
191 484
186 479
84 377
67 360
54 347
173 466
28 321
31 324
8 301
120 413
124 417
165 458
216 509
76 369
43 336
6 299
188 481
102 395
4 297
206 499
5 298
9 302
52 345
10 303
169 462
58 351
132 425
139 432
207 500
164 457
138 431
147 440
96 389
140 433
197 490
129 422
105 398
202 495
98 391
218 511
175 468
86 379
97 390
79 372
22 315
39 332
203 496
122 415
118 411
121 414
179 472
15 308
51 344
16 309
187 480
34 327
72 365
171 464
160 453
38 331
91 384
198 491
70 363
153 444
40 331
141 434
73 366
114 407
112 405
106 399
158 451
142 435
2 295
82 375
21 314
80 373
63 356
19 312
133 426
78 371
53 346
60 353
145 438
66 359
181 474
35 328
116 409
137 430
134 427
195 488
166 459
135 428
36 329
7 300
215 508
74 367
101 394
217 508
163 456
200 493
210 503
30 323
23 316
1 294
115 406
108 401
3 296
123 416
104 397
13 306
136 429
50 343
37 330
17 310
153 446
111 404
185 478
213 506
93 386
71 364
184 477
46 339
88 381
59 352
110 403
77 370
41 334
168 461
154 447
26 319
149 442
180 473
24 317
92 385
155 448
162 455
18 311
42 335
174 467
32 325
107 400
100 393
65 358
62 355
196 489
214 507
90 383
103 396
14 307
208 501
176 469
159 452
182 475
203 495
155 447
3 295
18 310
123 415
62 354
158 450
133 425
98 390
97 389
88 380
104 396
72 364
106 398
76 368
177 469
141 433
209 501
43 335
36 328
207 499
5 297
113 405
86 378
116 408
185 477
96 386
188 480
58 350
34 326
199 491
111 403
91 383
7 299
118 410
176 468
54 346
69 361
144 436
175 467
52 344
102 394
10 302
15 307
196 488
201 493
165 457
145 437
138 430
92 384
117 409
168 460
140 432
64 356
96 388
9 301
160 452
206 498
11 303
112 404
68 360
49 341
71 363
131 423
46 338
14 306
204 496
178 470
211 503
198 490
23 315
119 411
139 431
128 420
20 312
107 399
89 381
122 414
202 494
74 366
26 318
127 419
90 382
121 413
210 502
167 459
93 385
12 304
150 442
135 427
156 448
51 343
0 292
8 300
4 296
110 402
189 481
70 362
87 379
219 511
65 357
137 429
174 466
40 332
218 510
29 321
200 492
42 334
214 506
120 412
186 478
170 462
25 317
79 371
193 485
136 428
80 372
33 325
169 461
164 456
31 323
28 320
32 324
179 471
134 426
19 311
162 454
22 314
181 473
125 417
153 445
195 487
197 489
55 347
75 367
126 418
147 439
47 339
154 446
44 336
50 342
161 453
212 504
184 476
59 351
108 400
192 484
149 441
30 322
178 468
45 337
95 387
159 451
24 316
82 374
213 505
77 369
53 345
148 440
56 348
124 416
66 358
115 407
78 370
85 377
81 373
37 329
173 465
194 486
41 333
83 375
35 327
187 479
163 455
191 483
6 298
180 472
183 475
38 330
129 421
2 294
16 308
99 391
208 500
146 438
84 376
216 508
217 509
142 434
67 359
94 386
48 340
63 355
171 463
166 458
172 464
61 353
101 393
190 482
218 509
165 456
162 453
9 300
20 311
84 375
137 428
170 461
104 395
15 306
126 417
205 496
82 373
97 388
197 488
46 337
85 376
148 439
78 369
68 359
203 494
139 430
160 451
42 333
69 360
35 326
100 391
7 298
79 370
94 385
142 433
75 366
219 510
143 434
128 419
105 396
13 304
113 404
163 454
83 374
188 479
71 362
41 332
124 415
110 401
56 347
159 450
158 449
98 389
118 409
63 354
147 438
30 321
112 403
175 466
202 493
70 361
132 423
201 492
133 424
191 482
149 440
179 470
212 503
183 474
31 322
90 381
102 393
43 334
207 498
135 426
216 507
11 302
74 365
116 407
28 319
45 336
182 473
52 343
8 299
172 463
25 316
72 363
192 483
77 368
185 476
189 480
121 412
146 437
53 344
214 505
166 457
155 446
26 317
95 386
103 394
27 318
12 303
136 427
129 420
0 291
93 384
127 418
173 464
58 349
181 472
154 445
33 324
145 436
190 481
17 308
86 377
171 462
38 329
61 352
111 402
29 320
87 376
157 448
54 345
88 379
204 495
123 414
169 460
18 309
125 416
91 382
178 469
195 486
156 447
168 459
23 314
108 399
64 355
3 294
81 372
101 392
196 487
66 355
150 441
177 468
167 458
80 371
19 310
60 351
211 502
87 378
50 341
138 429
180 471
96 387
14 305
62 353
16 307
193 484
120 411
2 293
131 422
134 425
215 506
119 410
37 328
34 325
109 400
208 499
6 297
4 295
141 432
117 408
199 490
44 335
10 301
210 501
49 340
1 292
130 421
5 296
176 467
122 413
161 452
174 465
99 390
194 485
106 397
107 398
220 511
51 342
65 356
55 346
47 338
67 358
89 380
186 477
36 327
164 455
56 346
194 484
188 478
158 448
38 328
164 454
157 447
143 433
111 401
144 434
145 435
70 360
107 397
87 377
206 496
165 455
150 440
93 383
112 402
205 495
149 439
78 368
5 295
64 354
192 482
221 511
66 356
163 453
106 396
187 477
90 380
155 445
54 344
148 438
44 334
14 304
126 416
138 428
118 408
50 340
86 376
208 498
19 309
1 291
62 352
97 387
69 359
114 404
220 510
135 425
140 430
79 369
43 333
212 500
61 351
125 415
104 394
207 497
92 382
48 338
89 379
197 487
16 306
0 290
9 299
34 324
95 385
7 297
182 472
11 301
51 341
167 457
214 504
193 483
42 332
58 348
199 489
212 502
183 473
168 458
73 363
76 366
63 353
6 296
109 399
23 313
210 500
211 501
146 436
71 361
133 423
72 362
200 490
108 398
39 329
21 311
101 391
184 474
215 505
52 342
120 410
8 298
68 358
35 325
162 452
31 321
99 389
129 419
134 424
102 392
185 475
3 293
121 411
189 479
190 480
166 456
98 388
47 337
173 463
28 318
17 307
170 460
85 375
113 403
25 315
46 336
20 310
103 393
128 418
105 395
26 316
132 422
204 494
83 373
152 442
123 413
169 459
32 322
124 414
216 506
82 372
60 350
75 365
203 493
219 509
74 364
10 300
136 426
179 469
160 450
119 409
4 294
180 470
57 347
181 471
186 476
27 317
196 486
209 499
130 420
30 320
176 466
159 449
174 464
177 467
65 355
117 407
80 370
151 441
110 400
139 429
171 461
12 302
45 335
141 431
217 505
18 308
49 339
36 326
201 491
161 451
175 465
15 305
198 488
122 412
81 371
22 312
77 367
55 345
147 437
37 327
67 356
212 501
56 345
93 382
112 401
215 504
208 497
60 349
158 447
141 430
17 306
205 494
8 297
136 425
34 323
180 469
182 471
192 481
91 380
157 446
135 424
139 428
167 456
50 339
199 488
41 330
184 473
90 379
201 490
125 414
83 372
161 450
4 293
160 449
55 344
187 476
54 343
211 500
203 492
132 421
122 411
175 464
131 420
52 341
22 311
181 470
14 303
13 302
129 418
218 507
106 395
128 417
29 318
36 325
124 413
88 377
73 362
18 307
7 296
9 298
40 329
151 440
6 295
58 347
77 366
127 416
102 391
148 437
100 389
206 495
144 433
61 350
111 400
81 370
170 459
63 352
153 442
197 486
165 454
190 479
209 498
23 312
79 368
101 390
207 496
59 348
84 373
24 313
147 436
64 353
164 453
186 475
130 419
32 321
134 423
38 327
162 451
36 323
198 487
74 363
62 351
78 367
105 394
166 455
177 466
120 409
155 444
117 406
163 452
210 499
154 443
108 397
43 332
152 441
25 314
51 340
188 477
113 402
76 365
94 383
217 506
70 359
20 309
28 317
16 305
145 434
82 371
21 310
189 478
216 505
114 403
49 338
172 461
98 387
185 474
2 291
126 415
15 304
195 484
3 292
42 331
214 503
45 334
222 511
33 322
123 412
149 438
169 458
191 480
138 427
10 299
69 358
110 399
200 489
44 333
156 445
80 369
150 439
31 320
196 485
112 397
193 482
46 335
68 357
221 510
133 422
213 502
119 408
19 308
27 316
220 509
173 462
142 431
5 294
99 388
57 346
103 392
47 336
204 493
12 301
95 384
85 374
0 289
26 315
71 360
104 393
202 491
183 472
174 463
65 354
35 324
86 375
137 426
143 432
194 483
159 448
180 468
151 439
80 368
94 382
103 391
128 416
164 452
205 493
47 335
106 394
187 475
211 499
104 392
167 455
61 349
218 506
2 290
74 362
172 460
44 332
207 495
34 322
33 321
188 476
68 356
83 371
223 511
25 313
100 388
91 379
27 315
89 377
38 326
75 363
119 407
213 501
157 445
60 348
65 353
193 481
136 424
1 289
23 311
59 347
183 471
176 464
36 324
20 308
95 383
112 400
165 453
197 485
70 358
114 402
153 441
18 306
204 492
200 488
48 336
105 393
121 409
54 342
196 484
40 328
17 305
35 323
9 297
51 339
72 360
129 417
181 469
190 478
101 389
22 310
210 498
221 509
58 346
158 446
19 307
21 309
96 384
62 350
86 374
191 479
143 431
63 351
208 496
6 294
5 293
112 398
195 483
170 458
175 463
123 411
53 341
37 325
202 490
209 497
0 288
166 454
214 502
127 415
69 357
49 337
162 450
149 437
108 396
90 378
194 482
92 380
186 474
198 486
120 408
132 420
41 329
222 510
125 413
216 504
140 428
161 449
147 435
201 489
15 303
73 361
109 397
45 333
171 459
82 370
174 462
42 330
145 433
76 364
111 397
206 494
7 295
192 480
57 345
133 421
31 319
50 338
99 387
4 292
10 298
163 451
13 301
146 434
110 398
55 343
184 472
144 432
154 442
203 491
215 503
122 410
185 473
130 418
85 373
152 440
142 430
160 448
29 317
131 419
111 399
64 352
169 457
150 438
177 465
156 444
118 406
32 320
126 414
112 396
159 447
84 372
3 291
189 477
26 314
107 395
93 381
16 304
11 299
77 365
219 507
220 508
24 312
134 422
178 466
28 316
138 426
52 340
124 412
43 331
113 397
8 296
155 443
71 359
115 403
139 427
98 386
168 456
113 401
14 302
148 436
30 318
79 367
139 426
132 419
130 417
86 373
195 482
184 471
198 485
5 292
124 411
163 450
4 291
69 356
187 474
61 348
107 394
93 380
200 487
149 436
109 396
162 449
98 385
148 435
82 369
80 367
135 422
59 346
128 415
96 383
81 368
3 290
144 431
47 334
143 430
161 448
76 363
12 299
94 381
138 425
204 491
205 492
164 451
140 427
193 480
106 393
174 461
150 437
50 337
113 400
145 432
66 353
197 484
49 336
62 349
79 366
220 507
1 288
222 509
15 302
126 413
134 421
172 459
52 339
208 495
211 498
121 408
90 377
108 395
13 300
21 308
156 443
48 335
111 396
37 324
24 311
28 315
35 322
19 306
137 424
55 342
45 332
168 455
104 391
115 402
169 456
202 489
105 392
84 371
216 503
171 458
219 506
67 354
6 293
112 399
196 483
165 452
223 510
56 343
210 497
102 389
42 329
182 469
34 321
8 295
146 433
51 338
116 403
179 466
129 416
73 360
167 454
125 412
30 317
199 486
18 305
214 501
95 382
133 420
63 350
180 467
175 462
29 314
224 511
101 388
166 453
74 361
186 473
191 478
77 364
2 289
31 318
120 407
154 441
26 313
215 502
155 442
119 406
43 330
85 372
170 457
17 304
78 365
41 328
65 352
16 303
103 390
142 429
178 465
11 298
188 475
127 414
185 472
177 464
0 287
183 470
87 374
10 297
54 341
113 398
123 410
83 370
7 294
110 397
91 378
192 479
25 312
221 508
68 355
71 358
194 481
190 477
70 357
206 493
122 409
153 440
158 445
38 325
100 387
209 496
27 314
44 331
99 386
152 439
131 418
89 376
33 320
201 488
181 468
64 351
92 379
136 423
9 296
57 344
46 333
159 446
29 316
203 490
160 447
22 309
14 301
173 460
214 500
174 460
63 349
46 332
91 377
130 416
29 315
115 401
54 340
121 407
141 427
117 403
30 316
127 413
13 299
200 486
17 303
211 497
129 415
205 491
59 345
38 324
197 483
152 438
49 335
52 338
68 354
99 385
65 351
93 379
70 356
101 387
35 321
138 424
153 439
2 288
219 505
139 425
42 328
224 510
191 477
31 317
137 423
80 366
120 406
198 484
124 410
157 443
16 302
90 376
132 418
163 449
100 386
149 435
43 329
145 431
45 331
136 422
19 305
78 364
56 342
188 474
131 417
202 488
215 501
84 370
61 347
195 481
126 412
11 297
111 395
47 333
148 434
32 318
140 426
125 411
106 392
7 293
105 391
58 344
179 465
133 419
184 470
48 334
199 485
203 489
79 365
196 482
169 455
66 352
144 430
194 480
155 441
201 487
9 295
57 343
181 467
20 306
64 350
221 507
71 357
88 374
187 473
150 436
95 381
51 337
5 291
206 492
28 314
77 363
69 355
156 442
103 389
3 289
92 378
185 471
180 466
151 437
41 327
178 464
21 307
62 348
18 304
164 450
190 476
123 409
186 472
134 420
189 475
172 458
4 290
40 326
98 384
176 462
113 399
183 469
223 509
193 479
142 428
175 461
159 445
39 325
1 287
109 395
73 359
34 320
154 440
24 310
87 373
83 369
85 371
171 457
6 292
135 421
143 429
25 311
165 451
102 388
23 309
60 346
213 499
22 308
104 390
86 372
0 286
44 330
192 478
177 463
208 494
96 382
182 468
162 448
12 298
167 453
225 511
15 301
168 454
217 503
118 404
82 368
26 312
0 0
72 358
55 341
158 444
146 432
161 447
209 495
147 433
108 394
75 361
67 353
110 396
81 367
27 313
114 400
218 504
173 459
53 339
33 319
107 393
116 402
125 410
208 493
57 342
181 466
226 511
20 305
180 465
166 449
191 476
81 366
155 440
198 483
13 296
170 455
99 384
168 453
93 378
77 362
70 355
12 297
163 448
34 319
182 467
183 468
114 399
169 454
24 309
149 434
217 502
220 505
89 374
102 387
187 472
38 323
37 322
18 303
30 315
17 302
173 458
52 337
206 491
186 471
144 429
5 290
36 321
154 439
0 285
26 311
23 308
121 406
209 494
92 377
45 330
63 348
14 299
73 358
212 497
138 421
27 312
202 487
143 428
33 318
97 382
110 395
216 501
195 480
58 343
22 307
35 320
15 300
65 350
211 496
54 339
41 326
201 486
48 333
122 407
223 508
39 324
84 369
116 401
213 498
222 507
118 403
214 499
47 332
136 421
151 436
44 329
165 450
145 430
178 463
133 418
60 345
83 368
200 485
59 344
11 296
88 373
177 462
108 393
175 460
171 456
142 427
31 316
135 420
87 372
1 286
179 464
123 408
224 509
19 304
10 295
68 353
64 349
56 341
32 317
107 392
104 389
126 411
137 422
225 510
199 484
42 327
6 291
40 325
162 447
25 310
67 352
91 376
76 361
131 416
2 287
0 1
139 424
207 492
127 412
80 365
196 481
129 414
62 347
159 444
192 477
167 452
218 503
109 394
28 313
221 506
161 446
95 380
100 385
3 288
197 482
210 495
4 289
78 363
1 0
20 303
13 298
8 293
176 461
119 404
51 336
101 386
141 426
138 423
115 400
205 490
147 432
158 443
166 451
105 390
96 381
117 402
157 442
153 438
124 409
69 354
185 470
61 346
85 370
103 388
189 474
174 459
219 504
55 340
146 431
7 292
50 335
90 375
16 301
193 478
132 417
106 391
120 405
66 351
71 356
156 441
130 415
203 488
128 413
194 479
148 433
188 473
152 437
164 449
21 306
172 457
86 371
140 425
190 475
137 421
142 426
198 482
46 330
55 339
60 344
80 364
204 488
105 389
56 340
202 486
96 380
23 307
82 366
21 305
148 432
144 428
53 337
167 451
6 290
211 495
218 502
174 458
219 503
191 475
163 447
9 293
100 384
2 0
119 403
5 289
150 434
133 417
20 304
168 452
106 390
57 341
75 359
166 450
107 391
47 331
206 490
2 286
135 419
177 461
207 491
35 319
194 478
129 413
98 382
94 378
41 325
127 411
214 498
22 306
103 387
79 363
149 433
187 471
12 296
44 328
52 336
42 326
109 393
130 414
122 406
199 483
143 427
128 412
205 489
140 424
147 431
61 345
1 285
141 425
215 499
186 470
45 329
13 297
4 288
91 375
33 317
86 370
155 439
31 315
66 350
16 300
227 511
116 400
17 301
27 311
71 355
165 449
74 358
185 469
64 348
222 506
121 405
225 509
59 343
32 316
132 416
125 409
181 465
97 381
138 422
72 356
188 472
62 346
189 473
24 308
197 481
162 446
146 430
108 392
154 438
11 295
90 374
220 504
0 284
173 457
84 368
176 460
184 468
8 292
96 378
169 453
178 462
221 505
196 480
102 386
224 508
110 394
179 463
15 299
51 335
38 322
28 312
139 423
217 501
124 408
63 347
123 407
7 291
226 510
200 484
195 479
183 467
182 466
48 332
34 318
190 474
69 353
81 365
223 507
175 459
160 444
170 454
126 410
156 440
25 309
99 383
101 385
78 362
43 327
89 373
76 360
70 354
115 399
87 371
192 476
49 333
54 338
95 379
40 324
39 323
216 500
19 303
73 357
151 435
209 493
36 320
213 497
14 298
77 361
157 441
37 321
212 496
83 367
159 443
65 349
171 455
136 420
21 303
118 402
145 429
117 401
93 377
10 294
201 485
3 287
153 437
164 448
104 388
193 477
120 404
50 334
0 2
203 487
88 372
26 310
68 352
172 456
88 371
117 400
120 403
86 369
155 438
103 386
189 472
15 298
31 314
8 291
124 407
147 430
165 448
201 484
119 402
179 462
78 361
187 470
27 310
25 308
17 300
216 499
7 290
46 329
197 480
93 376
154 437
185 468
224 507
57 340
77 360
0 283
1 284
94 377
215 498
82 365
29 312
190 473
131 414
54 337
30 313
178 461
211 494
14 297
136 419
193 476
192 475
133 416
208 491
109 392
146 429
116 399
223 506
67 350
134 417
135 416
79 362
91 374
106 389
16 299
118 401
10 293
2 285
75 358
69 352
12 295
76 359
141 424
9 292
47 330
227 510
49 332
51 334
129 412
150 433
226 509
22 305
59 342
213 496
84 367
19 302
202 485
36 319
104 387
65 348
122 405
44 327
200 483
140 423
169 452
160 443
159 442
181 464
167 450
43 326
26 309
126 409
105 388
34 317
209 492
162 445
157 440
80 363
196 479
191 474
92 375
35 318
214 497
102 385
205 488
175 458
98 381
39 322
107 390
148 431
217 500
145 428
199 482
33 316
164 447
58 341
97 380
210 493
38 321
23 306
48 331
3 0
74 357
170 453
153 436
125 408
218 501
225 508
2 1
100 383
220 503
56 339
63 346
115 398
62 345
177 460
53 336
203 486
4 287
95 378
188 471
135 418
96 379
195 478
123 406
168 451
108 391
182 465
174 457
90 373
143 426
183 466
37 320
139 422
128 411
151 434
32 315
24 307
60 343
137 420
89 372
99 382
127 410
152 435
1 2
40 323
66 349
180 463
71 354
172 455
42 325
186 469
28 311
0 3
87 370
221 504
83 366
206 489
68 351
163 446
130 413
228 511
176 459
207 490
110 393
45 328
50 333
144 427
11 294
21 304
73 356
6 289
132 415
101 384
18 300
65 347
111 393
97 379
115 397
84 366
87 369
125 407
48 330
71 353
67 349
58 340
44 326
99 381
110 392
55 337
147 429
220 502
157 439
27 309
170 452
54 336
188 470
94 376
43 325
144 426
37 319
149 431
59 341
16 298
205 487
39 321
165 447
80 362
175 457
148 430
185 467
5 287
50 332
209 491
112 394
51 331
109 391
61 343
40 322
78 360
12 294
122 404
228 510
222 504
32 314
57 339
204 486
219 501
53 335
1 3
124 406
30 312
23 305
88 370
82 364
135 417
155 437
128 410
211 493
156 438
15 297
79 361
29 311
22 304
102 384
119 401
114 396
9 291
63 345
89 371
182 464
215 497
60 342
201 483
98 380
210 492
2 284
51 333
0 282
25 307
171 453
91 373
2 2
46 328
207 489
4 286
34 316
186 468
198 480
95 377
195 477
163 445
26 308
145 427
187 469
151 433
214 496
64 346
10 292
47 329
126 408
158 440
224 506
0 4
217 499
35 317
179 461
107 389
105 387
76 358
120 402
226 508
142 424
1 283
56 338
133 415
212 494
168 450
194 476
36 318
159 441
116 398
19 301
113 395
83 365
74 356
193 475
141 423
86 368
101 383
129 411
143 425
121 403
203 485
136 418
6 288
181 463
69 351
4 0
192 474
183 465
77 359
150 432
127 409
130 412
177 459
154 436
225 507
191 473
100 382
172 454
75 357
68 350
31 313
213 495
132 414
24 306
200 482
8 290
103 385
174 456
140 422
134 416
70 352
190 472
161 443
153 435
62 344
92 374
152 434
146 428
17 299
81 363
197 479
123 405
223 505
106 388
202 484
229 511
78 358
72 354
137 419
3 285
3 1
118 400
227 509
196 478
224 505
87 368
48 329
131 412
23 304
27 308
102 383
47 328
209 490
177 458
63 344
180 461
221 502
178 459
10 291
125 406
124 405
85 366
36 317
114 395
136 417
1 4
17 298
154 435
46 327
228 509
203 484
162 443
219 500
54 335
60 341
211 492
74 355
0 281
57 338
34 315
217 498
117 398
159 440
67 348
189 470
43 324
174 455
175 456
35 316
151 432
157 438
73 354
140 421
210 491
213 494
155 436
49 330
19 300
11 292
33 314
194 475
9 290
44 325
190 471
76 357
93 374
107 388
187 468
94 375
66 347
133 414
56 337
222 503
230 511
123 404
144 425
88 369
197 478
145 426
158 439
78 359
137 418
5 0
29 310
6 287
40 321
132 413
179 460
59 340
82 363
212 493
134 415
147 428
89 370
198 479
110 391
112 393
86 367
105 386
167 448
184 465
42 323
61 342
156 437
160 441
20 301
101 382
2 283
62 343
126 407
18 299
186 467
31 312
130 411
37 318
145 424
188 469
139 420
185 466
146 427
25 306
201 482
2 3
4 285
196 477
121 402
41 322
152 433
58 339
51 332
148 429
30 311
64 345
129 410
116 397
99 380
24 305
3 284
150 431
115 396
120 401
75 356
163 444
77 358
69 350
1 282
169 450
225 506
202 483
149 430
53 334
103 384
176 457
172 453
122 403
165 446
26 307
214 495
14 295
171 452
182 463
168 449
84 365
55 336
65 346
118 399
100 381
216 497
220 501
45 326
229 510
71 352
207 488
138 419
106 387
0 5
12 293
215 496
208 489
183 464
32 313
113 394
166 447
83 364
128 409
227 508
68 349
173 454
91 372
153 434
98 379
206 487
161 442
80 361
4 1
205 486
3 2
7 288
50 331
142 423
192 473
141 422
13 294
8 289
79 360
16 297
226 507
164 445
104 385
193 474
223 504
218 499
108 389
95 376
70 351
72 353
45 325
161 441
56 336
167 447
125 405
60 340
80 360
133 413
72 352
205 485
199 479
65 345
103 383
185 465
34 314
124 404
77 357
225 505
218 498
231 511
4 284
8 288
94 374
58 338
210 490
69 349
186 466
1 5
223 503
195 475
87 365
10 290
100 380
201 481
86 366
193 473
217 497
121 401
153 433
162 442
89 369
33 313
113 393
138 418
122 402
20 300
130 410
183 463
70 350
82 362
204 484
229 509
168 448
212 492
166 446
16 296
188 468
184 464
91 371
171 451
29 309
32 312
5 1
35 315
39 319
23 303
73 353
112 392
158 438
144 424
74 354
7 287
147 427
197 477
57 337
214 494
1 281
18 298
149 429
107 387
66 346
13 293
62 342
180 460
117 397
59 339
145 425
203 483
102 382
92 372
189 467
42 322
108 388
25 305
105 385
84 364
155 435
196 476
228 508
64 344
128 408
213 493
215 495
208 488
30 310
176 456
202 482
142 422
154 434
15 295
95 375
54 334
26 306
160 440
119 399
118 398
98 378
79 359
12 292
81 361
6 286
14 294
9 289
150 430
219 499
48 328
131 411
190 470
143 423
165 445
99 379
90 370
44 324
151 431
174 454
187 467
148 428
52 332
43 323
96 376
114 394
71 351
53 333
174 452
126 406
206 486
222 502
27 307
115 395
85 365
40 320
140 420
0 6
224 504
46 326
134 414
211 491
132 412
67 347
2 6
50 330
2 4
181 461
61 341
55 335
120 400
156 436
198 478
49 329
227 507
2 282
172 452
216 496
76 356
83 363
175 455
75 355
169 449
194 474
170 450
6 0
31 311
37 317
110 390
221 501
104 384
116 396
87 367
230 510
47 327
141 421
19 299
139 419
21 301
68 348
41 321
179 459
123 403
38 318
164 444
207 487
106 386
5 285
178 458
63 343
152 432
163 443
4 2
11 291
127 407
157 437
109 389
146 426
97 377
192 472
17 297
3 3
100 378
137 417
173 453
93 373
101 380
93 372
112 391
45 324
5 2
0 7
174 453
201 480
7 0
190 469
31 310
50 329
125 404
151 430
25 304
160 439
68 347
105 384
84 363
75 354
56 335
16 295
55 334
3 6
86 365
207 486
218 497
126 405
116 395
1 6
143 422
67 346
27 306
199 478
73 352
222 501
122 401
187 466
167 446
107 386
114 393
223 502
129 408
196 475
197 476
104 383
43 322
208 487
9 288
6 285
91 370
89 368
136 415
148 427
18 297
128 407
165 442
189 468
76 355
192 471
209 488
46 325
8 287
156 435
219 498
14 293
110 389
53 332
106 385
87 366
3 4
35 314
24 303
4 283
95 374
57 336
113 392
171 450
182 461
181 460
133 412
47 326
80 359
54 333
124 403
173 452
59 338
231 510
39 318
194 473
3 282
152 431
74 353
146 425
123 402
29 308
179 458
147 426
6 1
2 281
169 448
149 428
127 406
135 414
184 463
213 492
5 284
70 349
103 382
10 289
81 360
60 339
120 399
117 396
85 364
227 506
155 434
164 443
37 316
186 465
153 432
99 378
176 455
172 451
13 292
166 445
94 373
108 387
118 397
130 409
191 470
22 301
21 300
121 400
71 350
215 494
188 467
178 457
225 504
62 341
69 348
183 462
216 495
40 319
32 311
23 302
138 417
210 489
224 503
230 509
205 484
88 367
232 511
97 376
33 312
49 328
77 356
203 482
83 362
12 291
214 493
211 490
30 309
64 343
150 429
177 456
142 421
61 340
119 398
134 413
20 299
90 369
161 440
198 477
100 379
168 447
185 464
158 437
63 342
137 416
58 337
109 388
15 294
226 505
163 442
162 441
44 323
7 286
228 507
72 351
2 5
212 491
175 454
144 423
132 411
11 290
82 361
42 321
140 419
139 418
157 436
66 345
98 377
17 296
115 394
141 420
48 327
221 500
154 433
170 449
165 444
131 410
102 381
159 438
180 459
182 460
159 437
28 306
228 506
185 463
43 321
47 325
80 358
177 455
168 446
38 316
196 474
94 372
223 501
4 4
163 441
206 484
91 369
192 470
106 384
112 390
67 345
188 466
127 405
7 285
201 479
119 397
0 8
12 290
212 490
139 417
190 468
134 412
209 487
85 363
66 344
93 371
3 5
198 476
99 377
147 425
151 429
17 295
62 340
71 349
109 387
140 418
123 401
179 457
195 473
22 300
213 491
121 399
2 280
10 288
42 320
86 364
191 469
5 3
136 414
126 404
214 492
221 499
157 435
215 493
31 309
131 409
54 332
166 444
167 445
74 352
118 396
6 2
133 411
230 508
178 456
64 342
116 394
72 350
8 286
69 347
101 379
181 459
161 437
48 326
23 301
138 416
172 450
137 415
203 481
156 434
14 292
83 361
184 462
158 436
148 426
183 461
115 393
5 283
152 430
49 327
82 360
40 318
173 451
194 472
129 407
149 427
164 442
88 366
216 494
169 447
153 431
107 385
30 308
6 284
73 351
15 293
59 337
135 413
176 454
210 488
45 323
225 503
51 329
25 303
104 382
208 486
132 410
117 395
233 511
98 376
162 440
207 485
4 282
20 298
186 464
78 356
81 359
53 331
110 388
75 353
175 453
160 438
24 302
222 500
77 355
57 335
130 408
65 343
60 338
55 333
102 380
35 313
1 7
200 478
224 502
220 498
3 281
142 420
114 392
90 368
50 328
232 510
68 346
211 489
21 299
187 465
231 509
226 504
18 296
155 433
165 443
171 449
124 402
13 291
52 330
0 278
144 422
97 375
44 322
219 495
105 383
61 339
19 297
79 357
202 480
141 419
122 400
125 403
103 381
32 310
26 304
8 0
197 475
46 324
33 311
95 373
92 370
89 367
217 495
143 421
180 458
41 319
219 497
58 336
199 477
218 496
229 507
37 315
227 505
11 289
39 317
9 287
79 356
223 500
60 337
102 379
7 284
167 444
130 407
222 499
110 387
210 487
133 410
70 347
76 353
146 423
206 483
83 360
33 310
215 492
155 432
127 404
15 292
118 395
159 436
24 301
89 366
31 308
162 437
219 494
14 291
183 460
26 303
224 501
50 327
129 406
52 329
58 335
55 332
35 312
95 372
168 445
78 355
93 370
62 339
90 367
197 474
153 430
3 280
185 462
116 393
110 385
63 340
218 495
200 477
193 470
229 506
136 413
152 429
71 348
111 388
137 414
75 352
6 3
191 468
29 306
231 508
188 465
9 0
149 426
54 331
97 374
192 469
156 433
59 336
115 392
104 381
124 401
201 478
150 427
48 325
221 498
80 357
141 418
7 2
41 318
225 502
202 479
11 288
38 315
9 286
184 461
51 328
145 422
171 448
6 283
178 455
119 396
114 391
128 405
5 282
105 382
86 363
72 349
211 488
233 510
69 346
205 482
22 299
99 376
139 416
216 493
180 457
4 5
40 317
96 373
161 438
177 454
73 350
217 494
57 334
113 390
30 307
1 8
170 447
186 463
17 294
43 320
132 409
0 9
1 278
81 358
138 415
23 300
112 389
121 398
125 400
68 345
199 476
56 333
157 434
144 421
187 464
74 351
67 344
228 505
213 490
151 428
16 293
219 496
8 285
198 475
209 486
25 302
21 298
163 440
131 408
85 362
42 319
32 309
66 343
142 419
117 394
227 504
120 397
182 459
5 4
176 453
45 322
77 354
135 412
166 443
47 324
140 417
143 420
158 435
148 425
12 289
106 383
194 471
196 473
94 371
232 509
208 485
53 330
122 399
18 295
84 361
8 1
4 281
0 277
108 385
64 341
125 402
154 431
49 326
20 297
126 403
82 359
169 446
214 491
230 507
220 495
204 481
65 342
91 368
28 305
203 480
226 503
107 384
160 437
92 369
34 311
220 497
162 439
46 323
13 290
173 450
27 304
147 424
172 449
195 472
164 441
179 456
78 354
211 487
148 424
67 343
97 373
163 439
220 496
114 390
157 433
13 289
23 299
133 409
121 397
118 394
59 335
232 508
69 345
19 295
41 317
147 423
168 444
218 494
123 399
144 420
44 320
229 505
42 318
183 459
82 358
210 486
208 484
200 476
128 404
65 341
107 383
205 481
187 463
120 396
84 360
21 297
126 402
85 361
137 413
162 438
159 435
140 416
72 348
0 276
193 469
62 338
106 382
70 346
34 310
7 283
63 339
98 374
207 483
56 332
100 376
81 357
225 501
96 372
177 453
230 506
71 347
58 334
222 498
76 352
95 371
180 456
136 412
156 432
77 353
20 296
91 367
226 502
160 436
134 410
132 408
92 368
109 385
189 465
37 313
103 379
26 302
35 311
46 322
104 380
122 398
88 364
221 497
235 511
185 461
93 369
15 291
129 405
89 365
27 303
61 337
111 387
10 286
3 279
102 378
194 470
198 474
192 468
141 417
223 499
80 356
125 401
146 422
206 482
24 300
73 349
135 411
167 443
29 305
155 431
213 489
112 388
94 370
182 458
186 462
199 475
130 406
38 314
228 504
51 327
203 479
9 1
234 510
171 447
108 384
215 491
158 434
32 308
8 2
31 307
204 480
68 344
16 292
233 509
5 281
209 485
86 362
101 377
172 448
64 340
57 333
154 430
99 375
151 427
50 326
131 407
127 403
173 449
170 446
14 290
40 316
179 455
197 473
17 293
66 342
145 421
74 350
178 454
6 4
231 507
142 418
83 359
2 278
0 10
30 306
191 467
75 351
28 304
163 437
149 425
119 395
169 445
48 324
79 355
7 3
33 309
47 323
90 366
8 284
217 493
195 471
36 312
39 315
188 464
190 466
201 477
6 282
196 472
54 330
9 285
43 319
125 399
143 419
5 5
49 325
139 415
124 400
105 381
115 391
55 331
212 488
153 429
113 389
110 386
224 500
45 321
11 287
164 440
1 277
10 0
2 8
4 280
52 328
12 288
126 400
150 426
116 392
138 414
45 320
81 356
65 340
222 497
214 489
9 284
129 404
199 474
166 441
1 10
29 304
70 345
234 509
115 390
85 360
63 338
34 309
4 7
203 478
154 429
112 387
178 453
18 293
221 496
156 431
134 409
215 490
6 5
137 412
102 377
3 10
3 8
43 318
186 461
36 311
67 342
87 362
44 319
96 371
157 432
126 401
23 298
179 454
189 464
97 372
180 455
151 426
25 300
62 337
187 462
69 344
207 482
75 350
152 427
16 291
82 357
122 397
6 281
60 335
171 446
90 365
198 473
195 470
236 511
127 402
144 419
22 297
64 339
143 418
31 306
173 448
35 310
164 439
24 299
159 434
56 331
163 438
3 278
58 333
182 457
149 424
116 391
138 413
191 466
32 307
0 11
91 366
196 471
78 353
47 322
193 468
19 294
185 460
14 289
140 415
226 501
11 286
99 374
39 314
200 475
229 504
231 506
94 369
168 443
80 355
7 282
208 483
59 334
51 326
86 361
121 396
12 287
177 452
28 303
119 394
145 420
46 321
113 388
20 295
8 283
133 408
155 430
104 379
147 422
223 498
228 503
100 375
2 277
167 442
209 484
142 417
194 469
218 493
213 488
10 1
183 458
204 479
230 505
83 358
184 459
77 352
105 380
10 285
131 406
38 313
1 276
21 296
216 491
118 393
123 398
55 330
108 383
233 508
130 405
225 500
33 308
88 363
73 348
92 367
190 465
49 324
109 384
37 312
165 440
106 381
54 329
120 395
172 447
4 279
40 315
13 288
26 301
150 425
27 302
79 354
124 399
202 477
95 370
224 497
212 487
42 317
74 349
57 332
111 386
0 275
188 463
48 323
107 382
211 486
76 351
2 9
117 392
68 343
148 423
176 451
224 499
98 373
5 280
169 444
217 492
11 0
227 502
181 456
235 510
128 403
8 3
103 378
15 290
89 364
139 414
158 433
160 435
136 411
210 485
52 327
9 2
205 480
72 347
53 328
170 445
101 376
93 368
192 467
148 422
185 459
24 298
52 326
203 477
118 392
0 12
60 334
73 347
229 503
146 420
124 398
36 310
22 296
181 455
42 316
141 415
175 449
159 433
133 407
9 3
215 489
53 327
72 346
177 451
41 315
20 294
205 479
143 417
105 379
206 480
210 484
0 274
234 508
114 388
68 342
130 404
96 370
115 389
57 331
231 505
76 350
62 336
132 406
121 395
195 469
79 353
6 6
165 439
17 291
179 453
216 490
158 432
81 355
77 351
200 474
171 445
123 397
45 319
69 343
99 373
109 383
196 470
153 427
193 467
10 2
89 363
173 447
4 278
224 498
232 506
178 452
50 324
149 423
184 458
74 348
198 472
destination
