map
random512-30-3.map
pivot
244 197
agent & start
510 508
511 507
510 507
511 506
509 508
509 507
511 505
509 509
508 508
508 511
509 510
510 505
508 509
506 507
507 508
509 506
508 510
507 511
509 505
507 507
508 506
506 508
506 509
506 511
508 505
507 506
507 510
506 510
507 505
504 511
505 510
507 504
503 511
504 510
507 503
508 503
503 510
504 509
502 511
501 511
503 509
502 510
508 502
495 511
510 502
496 511
500 511
501 510
495 510
509 502
510 501
502 509
509 501
500 510
505 505
499 511
510 500
497 511
501 509
496 510
509 500
510 499
505 504
498 511
497 510
500 509
504 505
499 509
498 510
497 509
503 505
510 498
505 503
508 500
509 499
499 508
502 505
509 498
505 502
498 509
507 500
499 505
498 508
508 498
506 500
501 505
505 501
499 504
501 504
504 501
500 505
507 498
498 507
502 503
504 499
506 499
505 500
502 502
504 498
507 497
499 503
497 507
501 503
500 504
506 498
505 499
504 500
503 500
502 501
496 507
504 497
493 510
495 508
505 498
491 510
500 503
0 507
507 496
501 502
493 509
491 509
495 507
0 506
506 496
500 502
1 507
494 508
505 497
507 495
501 501
492 510
491 511
502 500
501 500
505 496
0 505
506 495
490 511
1 506
493 508
500 501
494 507
504 495
2 507
492 509
505 495
489 511
2 506
500 500
0 504
493 507
492 506
506 494
499 501
492 508
504 494
1 505
505 494
499 500
2 505
491 506
494 505
492 507
498 501
500 499
506 493
489 510
0 503
493 506
501 498
4 506
500 498
509 483
494 504
510 484
1 503
499 499
3 505
490 508
488 510
505 493
498 500
491 507
490 506
495 503
496 502
2 504
501 497
489 509
0 502
493 505
490 507
495 502
497 498
494 503
484 511
496 501
1 500
2 503
493 504
510 483
4 505
508 483
5 506
498 499
489 508
510 485
487 510
500 497
0 501
505 492
499 498
1 501
496 496
2 502
4 504
486 510
482 508
509 485
508 482
483 509
1 499
0 500
493 503
510 482
504 492
483 511
497 497
508 484
484 510
5 505
489 507
487 509
1 489
495 501
481 507
511 481
499 497
498 498
495 496
494 501
496 497
482 507
2 489
4 503
5 504
481 508
497 496
2 501
486 509
493 502
0 499
488 507
510 481
508 485
508 481
492 503
0 491
507 484
487 508
504 491
3 502
1 490
483 510
482 511
483 508
498 497
511 480
495 497
2 490
482 506
489 505
509 481
0 492
490 504
504 490
492 502
498 496
508 486
507 485
491 503
11 509
487 507
0 498
0 496
488 506
511 479
499 495
483 507
5 503
3 501
1 491
482 510
486 508
493 501
497 495
481 509
505 489
11 508
504 489
489 504
503 490
488 505
485 506
491 502
498 495
0 497
1 496
494 497
499 494
511 478
481 510
510 479
5 502
493 500
12 509
1 492
490 503
2 491
494 499
3 500
507 486
492 501
508 479
486 507
505 488
0 495
1 494
506 487
509 480
483 506
1 497
505 487
480 510
12 508
492 500
1 495
503 489
502 490
490 502
491 501
11 507
487 505
511 477
3 499
486 506
506 486
484 506
6 502
498 494
488 504
494 498
508 478
495 493
1 493
10 506
510 478
483 505
4 500
509 479
489 503
493 499
3 491
2 495
495 492
32 509
508 477
2 493
509 478
505 486
501 490
480 511
502 489
490 501
4 499
4 491
511 476
486 505
12 507
10 505
504 487
11 506
498 493
489 502
491 500
6 501
493 498
484 505
10 503
487 504
510 477
2 497
496 493
479 510
9 504
3 492
8 502
32 508
5 499
484 504
495 491
497 493
3 497
29 511
502 488
503 487
9 503
509 477
489 501
11 505
511 475
4 498
31 509
478 510
10 504
479 511
500 490
504 486
505 485
492 498
501 489
498 492
510 476
487 503
12 506
486 504
5 491
7 501
491 499
490 500
3 495
3 493
501 488
509 476
486 503
488 499
500 489
489 500
5 492
11 504
502 487
487 502
511 474
32 507
29 510
497 492
490 499
4 493
491 498
496 491
28 511
504 485
9 502
503 486
30 509
31 508
484 503
478 511
5 498
12 505
3 494
492 497
510 475
4 497
8 501
6 499
492 496
504 484
6 492
31 507
13 505
5 493
12 504
498 490
509 475
5 497
7 499
477 511
488 500
486 502
510 474
484 502
502 486
490 498
497 491
4 494
499 489
8 500
17 507
27 511
489 499
500 488
488 498
30 508
30 506
501 487
9 501
16 508
29 509
28 510
13 504
492 495
6 497
498 489
500 487
476 511
489 498
485 502
17 506
16 507
12 503
491 496
29 504
30 505
10 501
508 473
28 509
490 497
7 498
27 510
497 490
30 507
503 484
5 494
29 508
17 508
501 486
11 500
14 505
487 500
9 500
510 473
6 493
509 474
497 489
479 507
475 511
508 472
486 500
14 504
6 496
502 484
27 509
15 505
16 506
491 495
481 505
28 508
10 500
18 508
29 505
19 509
500 486
13 503
480 506
26 510
511 471
29 507
489 497
509 473
490 496
498 488
492 494
478 508
7 497
7 493
28 504
508 474
503 483
6 494
510 472
485 501
476 510
11 501
481 504
485 500
13 502
510 471
511 470
505 480
27 504
7 496
508 471
15 504
28 505
492 493
19 508
26 509
500 483
507 472
486 499
12 501
503 482
10 499
28 507
16 505
502 483
489 496
8 497
475 510
477 508
507 474
20 509
509 472
500 485
490 495
478 507
479 506
7 494
497 488
480 505
8 494
16 504
504 480
8 496
491 493
10 498
509 471
15 503
478 506
507 475
27 505
490 494
26 504
502 482
480 504
495 489
28 506
484 500
506 474
511 469
500 484
497 487
505 479
488 496
490 492
25 509
481 503
485 499
499 485
506 478
496 488
21 509
475 509
487 497
13 499
27 507
500 482
19 507
13 501
476 508
503 479
506 472
26 508
510 469
16 503
17 504
490 493
15 502
489 494
485 496
476 507
506 477
502 481
486 497
26 505
8 495
505 478
488 495
495 488
507 476
483 500
485 498
13 500
14 499
509 470
487 496
25 508
505 474
501 482
22 509
10 497
20 507
21 508
26 507
506 473
503 480
481 502
9 496
494 489
478 505
475 508
491 492
496 487
9 494
504 479
499 484
480 503
27 506
477 506
14 501
17 502
498 485
484 494
11 497
505 477
480 500
484 496
494 488
487 495
485 495
22 508
17 503
26 506
465 509
504 478
495 487
21 507
474 508
488 494
485 497
483 499
14 500
493 489
491 491
505 475
0 486
505 473
481 501
498 484
486 496
480 502
476 506
501 481
477 505
15 501
506 476
25 507
25 505
20 506
475 505
489 493
9 495
509 469
496 486
502 480
484 498
16 502
491 490
487 494
484 497
476 505
479 502
466 511
24 507
0 485
488 493
15 500
1 486
474 505
482 499
480 501
465 510
509 468
495 486
25 506
481 500
498 483
22 507
483 494
466 509
504 477
493 488
10 495
485 494
501 478
473 508
18 503
486 495
21 506
11 496
477 504
16 501
503 474
475 506
491 488
504 473
490 489
483 498
474 507
505 476
494 487
501 480
504 475
1 485
476 504
24 506
467 511
482 494
23 507
483 495
505 471
465 511
503 477
493 487
483 497
509 467
482 498
494 486
477 503
501 479
495 485
490 488
504 476
0 484
500 480
486 494
503 473
491 487
502 478
11 495
479 501
473 507
21 505
487 493
16 500
490 490
481 499
506 470
22 506
469 511
503 475
19 503
2 486
498 482
466 510
478 502
504 472
474 506
10 490
506 469
467 510
11 494
499 480
486 493
482 495
510 465
485 482
503 476
511 464
509 466
10 493
472 507
3 486
464 511
495 484
23 506
505 470
493 486
490 487
11 490
504 471
21 504
468 511
500 479
12 489
477 502
498 481
17 500
1 484
4 487
494 485
16 499
469 510
20 503
473 506
478 501
5 488
502 473
476 503
22 505
10 489
0 483
502 477
499 470
481 498
489 490
482 497
480 498
497 481
494 484
481 497
511 463
488 490
486 492
493 485
500 470
490 486
473 503
13 489
4 486
17 499
16 498
502 476
478 500
475 503
482 496
11 493
509 465
472 506
489 485
5 487
12 490
486 482
485 481
488 484
463 511
11 491
510 464
476 502
20 500
498 480
487 483
502 472
501 473
21 503
18 500
6 488
503 471
468 510
506 468
499 469
1 483
10 492
9 489
504 470
23 505
499 479
2 479
477 500
501 474
473 502
462 511
489 484
8 489
500 469
479 498
485 492
476 501
475 502
468 509
15 496
497 480
489 486
501 470
22 503
2 483
21 502
488 483
469 508
509 464
481 496
17 498
23 504
488 485
472 505
480 497
19 500
11 492
13 490
510 463
471 506
487 484
500 477
14 489
474 503
507 466
505 468
5 486
493 484
498 479
7 488
12 493
490 485
20 501
504 469
487 482
508 465
1 480
502 471
487 490
501 476
478 499
486 481
487 481
486 484
17 497
477 499
491 485
16 496
18 498
24 504
478 498
5 485
511 461
1 481
3 479
486 480
468 508
23 503
507 465
13 491
497 479
8 488
502 470
489 483
506 466
21 501
19 499
488 486
480 496
501 475
487 485
471 505
490 484
499 477
2 482
487 489
474 502
501 469
12 492
510 462
15 495
498 478
500 476
455 511
487 477
461 511
469 507
488 482
479 497
14 490
18 494
503 469
504 468
509 463
475 501
492 484
3 483
2 480
0 480
484 492
498 477
455 510
511 460
483 492
2 481
485 490
478 497
16 495
488 481
460 511
505 466
495 480
504 467
480 495
479 494
497 478
502 469
18 493
487 480
508 463
477 498
17 494
22 501
14 491
486 489
503 468
18 497
510 461
475 500
509 462
5 484
489 482
491 484
456 511
19 498
474 501
486 479
500 475
488 477
507 464
487 478
1 478
478 493
490 483
14 493
3 480
501 468
24 503
487 486
23 502
484 491
486 485
476 499
13 492
3 482
488 487
6 485
17 496
467 508
469 506
470 505
0 479
8 487
489 481
499 475
18 492
474 500
24 502
9 487
18 496
498 476
484 490
6 484
0 478
475 499
468 506
19 493
502 468
497 477
480 494
470 504
495 479
470 502
488 478
496 478
477 497
457 511
479 495
476 498
507 463
510 460
23 501
509 461
455 509
500 466
487 479
504 464
7 485
506 464
22 500
485 485
19 497
491 483
482 492
1 477
478 494
490 482
14 492
467 507
4 480
16 494
481 493
3 481
485 489
494 480
460 510
504 466
5 483
4 482
478 492
488 480
459 511
483 491
456 510
511 459
503 467
15 493
487 487
21 499
6 483
480 493
478 495
15 492
497 476
485 486
456 509
457 510
506 463
510 459
490 481
482 491
504 463
479 492
501 466
22 499
481 492
19 492
471 502
20 497
24 501
472 501
485 488
0 477
478 491
474 499
19 496
509 460
4 481
8 485
511 458
467 506
458 511
488 479
494 479
459 510
476 497
502 467
7 484
477 496
491 482
460 509
484 485
484 489
505 464
5 482
499 466
9 486
486 487
455 508
21 498
475 498
498 475
16 493
468 505
470 503
495 478
503 466
20 493
505 463
497 475
511 457
489 479
483 489
478 490
0 476
502 466
458 510
484 486
22 498
20 492
498 466
495 477
38 510
511 449
491 481
23 499
462 508
9 485
469 503
506 462
456 508
468 504
503 465
20 496
477 495
7 483
16 492
467 505
25 501
472 500
24 500
494 478
459 509
485 487
476 496
5 481
509 459
483 485
480 492
8 484
490 480
474 498
6 482
499 465
39 511
471 501
481 491
468 503
466 505
39 510
457 508
25 500
8 483
40 511
23 498
26 501
483 486
463 508
459 508
481 490
462 507
506 461
475 496
490 479
484 487
498 465
7 482
460 507
483 488
478 489
491 480
509 458
22 497
510 449
511 456
471 500
458 509
16 491
496 465
0 467
502 465
505 462
21 492
0 475
6 481
474 497
497 474
9 484
510 457
511 450
30 503
21 496
480 491
476 495
467 504
494 477
38 509
496 464
465 505
7 481
510 450
483 487
492 478
511 455
462 506
0 468
505 461
21 491
31 503
460 506
24 498
41 511
494 476
490 478
30 502
459 507
22 496
497 469
471 499
509 457
19 489
458 508
502 464
479 489
510 456
491 479
1 467
35 497
6 480
474 496
9 483
496 474
26 500
25 499
482 488
1 475
480 490
39 509
467 503
497 465
24 492
463 507
472 498
495 475
17 491
37 509
511 451
476 494
479 488
495 474
511 452
25 498
28 501
40 509
459 506
18 489
24 493
482 487
8 481
466 503
34 497
23 496
24 497
20 487
9 482
460 505
27 500
26 499
35 498
510 451
509 456
25 492
464 505
37 508
493 476
474 495
481 488
472 497
496 469
475 494
12 485
465 504
494 475
29 502
6 479
2 475
461 506
33 498
508 451
458 507
491 478
31 502
30 501
497 468
463 506
1 468
495 472
502 463
471 498
17 490
492 477
0 469
41 510
496 463
497 464
490 477
480 489
20 489
22 491
501 464
511 454
10 483
504 461
18 488
509 455
466 502
37 507
7 477
26 492
460 504
19 487
480 488
511 453
495 473
458 506
25 493
34 498
26 498
13 485
7 479
490 476
33 499
8 480
471 497
21 489
12 484
495 467
474 494
479 487
41 509
494 474
495 469
20 488
9 481
465 503
491 477
461 505
501 463
28 500
497 463
29 501
509 451
23 491
496 468
458 502
500 464
17 489
32 502
451 511
452 502
453 501
463 505
503 461
22 490
459 503
31 501
464 504
21 487
481 487
25 491
508 450
494 472
2 468
492 476
2 474
474 492
10 482
0 470
27 499
470 498
459 505
24 496
451 501
458 505
19 486
459 504
39 506
474 491
43 508
38 507
20 485
509 452
472 491
9 480
463 504
479 486
453 502
25 488
451 500
510 453
465 502
509 454
508 449
17 488
13 484
24 489
7 478
491 476
29 498
21 486
473 490
37 506
21 488
18 487
458 503
26 491
489 476
43 506
475 492
474 493
469 498
3 474
480 487
2 469
34 499
26 493
493 474
497 462
33 500
13 482
29 500
508 455
25 490
450 511
25 496
42 507
8 479
500 463
502 461
495 468
27 492
26 497
494 467
470 497
7 476
41 508
457 506
481 486
22 489
461 504
493 472
503 460
494 469
492 475
26 495
28 499
459 502
6 477
473 492
4 475
0 471
451 510
494 473
11 482
32 501
452 501
23 490
480 486
28 498
472 492
464 502
20 484
38 506
450 510
468 498
458 504
449 511
10 480
23 489
41 507
497 461
13 483
469 497
473 493
508 448
4 474
494 468
461 503
7 475
21 485
508 454
489 475
474 490
462 504
509 453
471 491
491 475
44 506
24 488
17 487
475 491
502 460
454 504
22 488
39 505
26 494
12 482
27 493
2 470
27 497
29 499
40 506
43 507
6 476
493 469
26 490
452 500
454 502
3 473
18 486
1 471
2 472
460 502
25 489
26 496
453 503
5 475
472 490
44 508
500 462
14 484
482 484
8 478
493 473
476 490
34 500
33 501
42 506
20 482
457 505
21 484
482 483
468 487
468 497
15 484
454 503
507 454
463 502
489 474
501 460
455 504
34 501
17 486
3 472
26 489
472 493
28 497
481 484
508 447
19 484
492 473
471 492
476 489
496 461
481 482
450 509
27 494
12 481
508 453
6 475
19 482
38 505
452 499
491 474
500 461
18 485
492 469
457 504
42 505
16 485
27 490
497 460
36 503
45 506
471 490
10 479
464 501
35 500
2 471
475 490
9 478
462 503
30 499
27 496
502 459
35 502
469 488
44 507
495 462
11 480
4 473
493 468
23 488
23 484
507 452
22 485
44 511
14 483
41 506
449 510
461 502
460 501
480 485
20 483
28 494
480 484
490 474
496 460
35 501
12 478
506 452
37 503
16 484
495 461
456 504
27 489
23 487
38 504
17 485
491 473
449 509
479 481
500 460
12 480
492 470
15 483
470 490
467 487
23 483
21 483
499 459
5 473
22 484
490 468
3 471
469 487
494 462
6 474
501 459
492 468
462 502
45 511
10 478
509 447
468 496
507 453
36 502
477 487
44 510
28 496
41 505
475 489
11 479
31 499
481 483
468 488
55 511
461 501
471 493
470 492
469 489
480 482
19 483
464 500
450 508
455 503
45 507
497 459
453 499
24 484
9 477
18 484
4 443
45 510
15 482
510 447
30 497
22 483
477 486
24 485
456 503
46 511
12 479
493 462
480 483
449 508
16 483
469 492
4 471
495 460
493 464
41 504
463 500
18 483
503 454
491 468
475 488
494 461
24 479
38 503
470 487
29 496
31 498
46 507
1 440
462 501
499 458
2 441
492 467
11 478
479 484
3 442
29 494
6 473
470 493
471 488
10 477
17 484
500 459
7 472
454 499
467 496
448 509
468 489
496 459
464 499
13 480
37 502
491 470
23 486
36 501
468 495
5 472
476 487
478 481
492 461
491 472
467 488
506 453
55 510
490 473
54 511
479 482
490 467
27 488
469 490
31 497
448 508
54 510
477 485
462 500
472 488
53 511
4 444
4 470
493 461
490 472
466 496
7 471
467 489
56 510
493 465
455 501
23 481
495 459
40 504
502 454
11 477
474 488
17 483
30 496
38 502
5 471
15 481
2 440
469 493
467 495
494 460
47 511
468 494
456 502
45 509
479 483
30 494
24 480
492 464
3 441
500 458
447 509
27 487
455 499
3 443
6 472
55 509
504 454
491 471
1 439
486 460
475 487
469 491
491 467
466 488
23 479
491 461
24 486
510 446
46 508
463 499
505 453
471 487
13 479
478 482
37 501
468 490
4 442
22 482
16 481
494 459
31 494
48 511
3 444
500 457
466 489
492 465
476 485
10 475
489 472
2 439
455 500
487 460
477 484
447 510
472 487
53 510
37 500
492 463
26 487
30 495
504 453
4 441
478 483
1 438
490 461
2 443
46 509
448 507
55 508
32 483
468 493
6 471
463 498
510 445
40 503
27 486
52 511
467 490
54 509
31 496
462 499
468 491
4 469
465 496
486 461
11 476
456 501
25 486
47 510
491 466
474 487
475 486
490 471
22 481
493 460
17 482
511 446
1 442
501 454
23 480
466 495
39 502
56 509
14 479
48 510
40 502
0 442
21 481
26 486
448 506
16 478
466 490
4 440
53 509
10 474
475 485
462 498
490 464
17 481
493 459
467 491
461 499
22 480
12 476
33 483
51 511
474 486
487 461
11 475
56 508
491 463
491 465
6 470
488 460
54 508
473 487
47 509
37 499
504 452
2 438
2 444
456 500
500 456
465 495
1 437
52 510
3 439
49 511
31 495
467 493
32 484
5 469
489 471
1 443
490 462
511 445
464 496
489 461
446 510
501 455
39 501
32 496
447 507
14 478
16 480
477 483
490 459
511 444
2 445
463 496
11 474
462 497
489 462
21 480
6 469
510 441
16 479
1 436
464 495
0 435
474 485
13 476
480 479
465 494
447 506
3 438
466 491
26 485
488 459
504 451
12 475
493 458
56 507
467 492
33 484
489 460
469 484
51 510
460 499
457 500
490 463
490 465
5 438
1 444
4 439
488 461
38 499
503 452
495 456
52 509
500 455
18 481
488 471
54 507
48 509
15 478
32 495
476 483
10 473
465 490
41 502
17 480
49 510
491 458
39 500
473 486
5 468
34 483
489 470
53 508
466 493
2 437
40 501
0 443
445 510
494 456
19 479
0 444
32 486
41 501
466 492
25 483
3 437
444 510
10 472
460 498
53 507
469 485
509 441
495 455
468 484
461 497
464 494
0 462
33 495
488 462
5 437
471 485
57 505
48 508
470 484
503 451
474 484
26 484
4 438
0 434
492 458
445 505
499 455
511 443
31 487
1 435
473 485
34 484
12 474
5 467
457 499
465 491
51 509
489 465
6 468
33 485
56 506
39 499
479 479
480 478
510 442
463 495
488 458
479 477
502 452
50 510
11 473
475 483
489 463
52 508
489 459
20 480
490 458
15 477
488 470
1 445
18 480
17 479
14 476
38 498
465 493
446 506
40 500
0 461
34 495
33 486
41 500
459 494
12 473
6 467
468 485
493 456
488 457
479 478
495 454
472 485
18 479
4 437
488 469
498 453
39 498
57 506
509 442
494 455
478 479
34 485
463 494
20 479
0 445
31 488
42 501
464 493
444 511
500 453
446 505
443 510
488 463
460 495
21 478
467 484
502 451
480 477
445 504
49 508
25 482
26 483
475 482
444 505
5 436
43 502
32 493
474 483
471 484
10 471
13 474
11 472
58 505
52 507
492 457
15 476
510 443
53 506
489 458
499 454
1 462
462 495
33 494
488 465
50 509
458 499
465 492
503 450
32 487
460 497
1 434
46 503
459 498
491 456
40 499
38 497
6 466
487 467
467 485
2 462
0 460
26 482
488 464
492 456
0 446
53 505
443 493
472 484
460 494
461 495
493 455
488 468
474 482
440 492
34 486
488 466
480 476
508 442
1 461
32 492
489 457
50 508
463 493
443 511
464 492
46 504
33 487
41 499
1 433
444 494
35 495
43 501
39 497
509 443
9 467
498 452
495 453
503 449
36 496
487 463
4 436
3 435
459 495
460 484
34 494
499 453
478 478
47 501
49 507
494 454
458 498
48 506
2 434
58 506
38 496
20 478
11 471
444 506
488 456
446 504
448 502
16 476
51 507
487 469
459 497
44 502
445 495
33 493
491 455
21 477
46 502
500 452
18 478
7 467
13 473
14 474
32 488
17 477
59 505
502 450
48 502
4 435
458 497
448 501
440 493
27 482
26 481
466 485
48 505
480 475
20 477
461 494
5 434
46 501
508 443
34 487
52 505
445 496
474 481
499 452
48 503
35 494
38 495
0 459
48 501
461 484
498 451
491 454
6 465
487 466
51 506
33 488
17 476
443 494
0 447
8 467
44 501
3 462
2 461
441 492
41 498
59 506
3 434
489 456
36 495
45 502
47 504
495 452
462 493
4 463
37 496
492 455
2 433
18 477
7 466
487 468
32 491
35 486
9 468
33 492
473 482
487 464
11 470
477 478
39 496
22 477
460 485
463 492
14 473
47 500
50 507
502 449
446 503
490 455
9 466
447 502
442 511
442 493
43 500
458 495
486 467
472 483
494 453
49 506
443 506
488 455
444 495
34 492
3 461
476 478
447 501
441 511
47 499
493 453
462 484
0 448
12 470
461 493
21 475
486 468
51 505
27 481
46 500
461 485
472 482
495 451
507 443
22 476
8 466
486 466
457 497
443 495
28 482
11 469
4 434
42 498
485 467
497 451
20 476
501 449
34 488
10 466
13 471
6 464
48 504
2 460
49 505
460 486
40 496
37 495
36 486
489 455
33 489
32 490
15 473
59 507
445 497
43 499
18 476
4 462
0 450
5 433
445 499
44 500
446 502
36 494
463 491
479 475
474 480
491 453
22 474
463 487
466 486
10 468
486 464
458 496
492 454
5 463
444 496
7 465
500 450
443 507
45 501
480 474
499 451
441 493
17 475
50 506
494 452
48 500
3 433
490 454
1 459
442 494
475 478
465 486
6 433
7 464
479 474
47 498
506 443
43 498
11 468
36 487
494 451
49 504
446 499
14 471
36 493
20 475
442 495
21 474
0 451
456 497
4 433
445 498
35 492
22 475
444 499
474 479
59 508
12 469
463 486
50 505
2 459
497 450
441 494
488 453
445 502
29 482
41 496
33 490
13 470
0 449
478 475
447 500
485 468
60 507
500 449
486 465
34 489
440 511
6 463
5 462
485 466
18 475
472 481
45 500
489 454
492 453
28 481
444 497
44 499
2 453
10 465
464 487
446 501
3 460
441 510
462 485
48 499
11 466
15 472
37 494
39 494
471 482
495 450
443 496
499 450
457 496
3 432
484 467
443 508
27 480
23 474
459 486
35 488
461 492
462 491
8 465
26 479
441 495
36 492
487 451
44 498
484 468
459 487
6 432
30 482
486 450
440 510
497 449
35 491
495 449
40 494
7 463
14 470
444 502
25 477
478 474
24 476
8 464
463 485
46 498
471 481
443 499
23 475
34 490
59 509
17 473
1 451
488 452
3 453
443 497
60 510
505 443
20 474
39 493
1 449
41 495
442 496
19 475
12 468
29 481
455 497
499 449
444 500
16 472
464 486
445 501
494 450
492 452
48 498
489 453
4 432
447 499
2 452
485 465
6 462
60 508
484 466
50 504
474 478
3 459
475 477
444 498
473 479
12 466
45 499
442 508
456 496
11 465
490 452
26 478
15 471
472 480
36 488
35 489
461 491
507 439
506 442
37 493
28 480
493 451
27 479
471 480
489 452
61 510
35 490
472 479
492 451
36 491
488 451
474 477
4 431
494 449
48 497
458 487
30 481
49 498
60 509
505 442
19 474
443 500
448 499
4 459
24 475
26 477
493 450
6 461
13 466
36 489
441 496
499 448
483 468
9 464
2 451
40 493
16 471
3 452
486 451
456 495
27 478
475 476
498 449
460 491
13 468
470 481
14 469
454 497
38 493
484 465
507 438
490 451
12 465
442 499
506 439
440 509
42 495
443 498
444 501
469 482
2 449
447 498
506 441
15 470
28 479
18 473
45 498
496 449
6 431
509 438
8 463
441 508
41 494
478 473
7 462
25 476
29 480
440 495
464 485
17 472
477 474
485 450
50 503
483 465
51 503
30 480
45 497
505 441
41 493
6 430
442 498
507 433
488 450
459 489
455 495
6 460
2 450
36 490
19 473
440 496
5 431
17 471
7 461
464 484
453 497
442 500
485 451
3 449
440 508
470 480
37 491
482 468
38 492
25 471
16 470
44 496
42 494
5 445
498 448
448 498
505 433
440 500
61 509
479 471
475 475
4 446
27 477
472 478
29 479
506 440
14 468
493 449
454 496
63 511
509 437
4 430
477 473
50 496
474 476
9 463
4 452
450 498
443 501
458 488
490 450
15 469
491 451
456 494
13 465
441 497
25 475
478 472
508 438
483 451
469 481
26 476
484 450
468 482
4 458
489 451
3 451
496 448
459 491
49 497
505 434
454 495
10 463
6 459
492 449
448 497
64 511
451 498
29 478
473 476
45 496
31 480
26 475
477 472
16 469
6 445
5 458
478 471
468 481
459 490
498 447
484 451
471 478
44 495
8 461
15 468
452 497
469 480
3 450
19 472
483 452
62 509
28 477
51 502
52 503
25 474
507 434
436 511
13 464
26 471
440 501
465 484
481 468
505 440
496 447
17 470
491 450
485 452
63 510
467 482
458 489
474 475
4 451
441 500
5 446
50 495
7 460
27 476
449 498
38 491
49 496
442 501
5 430
479 470
66 511
453 496
4 447
438 507
42 493
508 437
441 498
482 465
37 490
25 472
18 471
464 483
440 497
489 450
506 433
30 479
455 494
43 494
483 464
439 508
441 501
484 458
483 463
457 491
28 476
478 470
5 447
25 473
17 469
436 510
491 449
469 479
10 462
481 465
42 492
11 425
456 492
464 482
18 470
8 460
30 478
43 493
453 495
27 475
13 461
451 497
62 508
52 502
4 450
467 481
49 495
507 435
435 511
503 441
465 483
454 494
484 452
501 443
473 475
506 434
440 498
20 472
471 477
442 502
482 466
438 508
44 494
502 442
489 449
442 504
466 482
5 429
31 479
66 510
482 464
45 493
438 506
26 472
13 463
458 490
504 440
32 480
51 501
16 468
449 497
500 444
508 436
479 469
12 426
501 441
498 446
477 471
15 467
45 495
454 492
64 510
497 447
12 462
63 509
6 458
470 478
480 468
6 446
457 489
5 449
65 511
38 490
11 426
465 482
483 462
5 448
44 493
484 453
489 448
27 474
19 470
43 492
12 427
13 462
51 500
475 472
470 477
454 493
435 510
440 505
481 464
499 444
437 508
8 459
483 458
17 468
441 504
478 469
48 495
485 456
506 437
7 458
18 469
439 498
441 502
46 495
501 442
502 441
491 448
26 473
33 480
504 439
5 450
473 474
500 443
484 457
52 501
27 472
477 470
20 471
38 489
468 479
434 511
507 436
6 457
32 479
5 428
451 496
457 490
10 425
506 435
467 480
497 446
456 489
449 496
10 461
436 509
28 475
31 478
11 462
479 468
30 477
456 491
466 481
7 446
439 506
452 495
16 467
29 476
442 503
481 466
503 440
480 467
65 510
63 508
455 492
476 471
15 466
21 472
45 494
13 460
438 498
477 469
480 466
484 454
483 459
6 448
7 457
450 496
7 447
29 475
47 495
20 470
456 490
435 509
65 509
479 467
455 491
6 450
483 461
6 456
22 472
489 447
34 480
465 481
38 488
440 504
17 467
502 440
6 428
497 445
491 447
46 494
439 505
19 469
39 489
453 493
9 425
482 458
467 479
503 439
476 470
478 468
506 436
481 463
436 508
473 473
33 479
44 492
473 471
52 500
8 458
500 442
468 478
433 509
12 460
11 427
30 476
434 510
499 443
452 494
14 462
16 464
27 473
10 460
51 499
483 457
475 471
7 427
441 503
484 456
10 426
64 508
490 448
485 455
16 466
505 437
474 472
469 477
11 461
32 478
469 476
465 480
47 494
16 463
7 448
52 499
467 478
504 437
472 471
29 474
496 445
483 460
9 458
478 467
30 475
452 493
481 462
438 499
7 456
455 490
33 478
8 427
503 438
482 459
19 468
466 479
490 447
10 427
439 504
7 450
450 495
21 470
44 491
65 508
17 466
473 472
11 460
436 507
434 509
476 467
51 498
34 479
440 503
20 469
28 473
491 446
64 507
472 473
499 442
492 447
479 466
505 436
476 469
433 508
16 465
38 487
468 477
502 439
474 471
482 457
432 509
22 471
451 494
7 428
65 504
9 426
40 489
475 470
483 454
483 456
8 447
484 455
15 462
39 487
472 472
438 500
37 485
22 468
490 446
7 453
45 491
477 467
36 484
20 468
65 505
500 440
22 470
476 468
468 476
483 455
38 486
52 496
41 489
439 503
490 444
489 443
23 471
452 492
30 474
480 462
451 493
35 479
34 478
466 478
454 490
52 498
51 497
502 438
432 508
433 507
64 506
476 466
11 459
44 490
432 510
434 508
479 465
17 465
511 427
450 494
47 493
438 504
474 470
7 449
437 499
495 445
435 507
9 457
7 429
464 480
498 442
481 457
66 504
491 445
29 473
482 460
21 469
471 473
8 456
499 441
465 479
9 427
504 436
8 448
53 499
475 469
16 462
492 446
65 507
452 491
8 429
11 458
31 474
18 465
497 442
9 428
40 487
66 505
7 452
23 470
8 453
451 492
53 496
465 478
54 499
21 468
489 444
482 455
466 477
42 489
467 476
17 462
436 499
432 499
36 483
30 473
38 485
510 427
74 511
16 461
20 467
480 461
10 457
499 440
430 511
431 508
31 472
500 439
471 472
53 498
478 465
481 456
47 492
463 480
8 455
437 500
490 445
438 503
437 504
454 489
8 431
490 443
475 468
65 506
491 444
474 469
45 490
35 478
479 462
434 507
52 497
464 479
492 445
8 449
66 507
9 448
503 436
498 441
450 493
34 477
481 460
67 508
495 444
504 435
480 457
22 469
477 466
502 437
431 510
511 426
37 484
480 456
35 477
464 478
69 509
10 456
470 472
502 436
53 497
8 454
450 492
54 498
42 488
8 452
480 458
500 438
437 503
38 484
33 475
480 460
32 472
437 501
495 443
479 461
466 476
433 499
8 430
436 500
68 508
432 500
21 467
501 437
430 508
46 490
489 445
465 477
511 425
66 506
75 511
23 469
31 473
436 504
453 489
67 507
9 431
48 492
44 488
451 491
9 449
497 441
9 429
499 439
503 435
467 475
41 487
481 455
500 436
492 444
491 443
32 474
472 468
45 489
434 506
454 488
19 465
18 462
36 482
479 457
462 480
477 465
17 461
429 511
74 510
509 427
474 468
12 458
430 510
21 466
502 435
508 427
9 430
479 458
478 461
436 501
500 437
9 450
480 453
436 503
471 468
430 509
45 488
480 459
510 425
453 488
44 487
509 426
478 457
24 469
496 441
8 451
498 439
429 510
477 464
429 508
449 492
497 440
463 478
11 456
479 456
435 504
450 491
38 483
68 507
506 429
35 476
48 491
18 461
70 509
492 443
42 487
36 481
479 460
466 475
18 463
488 445
434 505
511 424
473 468
472 467
474 467
465 476
67 506
9 454
462 479
19 462
19 464
73 508
76 511
69 508
34 475
54 497
9 452
495 442
501 436
480 455
464 477
499 438
46 489
10 431
20 465
428 511
462 475
33 474
10 429
13 458
75 510
37 482
469 472
32 473
434 499
74 509
437 502
47 490
435 500
433 500
49 491
504 432
37 481
479 459
481 453
24 468
462 478
435 503
10 454
74 508
21 465
507 427
19 461
18 460
491 441
451 489
463 477
34 474
496 440
479 453
22 466
38 482
452 488
475 465
77 511
68 506
434 500
465 475
462 476
508 426
469 471
476 464
511 423
14 458
10 450
478 456
45 487
495 441
43 487
55 497
470 466
73 507
499 437
70 508
9 451
38 478
42 486
487 445
12 456
11 455
52 494
23 467
429 509
505 429
510 424
486 448
448 492
501 435
463 475
468 472
46 488
467 473
493 441
33 473
44 486
487 447
427 511
11 429
506 428
477 457
470 468
477 461
488 446
10 452
48 490
36 480
36 476
10 430
473 467
480 454
433 505
478 460
449 491
492 442
436 502
480 452
19 463
76 510
498 438
461 479
461 478
14 457
76 509
478 455
478 459
13 456
469 468
507 426
467 472
47 488
39 482
56 497
476 463
427 510
475 464
481 452
487 446
19 460
73 506
468 471
24 467
497 438
511 422
501 434
21 464
70 507
498 437
473 466
452 487
503 432
39 478
506 427
469 466
508 425
446 491
10 453
458 481
494 441
11 430
480 451
469 470
464 475
36 475
477 462
52 493
34 473
479 454
432 505
477 458
502 433
38 479
504 431
448 491
75 508
49 490
77 510
434 501
465 474
71 506
46 487
48 489
477 456
496 439
486 447
37 480
12 455
434 503
508 423
20 463
503 430
492 441
462 477
10 451
505 428
426 511
42 485
68 505
510 423
451 488
11 454
43 486
476 457
474 465
493 440
485 448
449 490
466 473
435 502
53 494
491 440
450 489
23 466
433 504
486 445
428 509
12 429
461 476
470 467
27 470
476 458
76 508
468 470
74 506
26 468
40 478
34 472
447 491
433 503
464 474
483 449
77 509
511 421
26 464
486 446
475 463
79 511
477 455
72 506
51 491
39 481
508 424
499 435
69 505
68 504
50 490
475 457
25 467
431 505
56 494
47 487
54 494
451 487
422 510
477 459
491 439
461 477
52 492
426 510
434 502
28 470
473 465
38 480
14 456
423 511
503 431
465 473
78 510
25 465
510 422
43 485
478 454
24 466
496 438
429 505
36 474
57 497
12 430
49 489
20 460
494 440
502 430
11 453
53 493
507 425
57 495
460 478
509 423
445 491
39 479
474 456
473 455
501 433
425 511
11 451
448 490
71 505
481 451
37 475
469 467
449 489
70 506
427 509
432 504
27 469
458 480
21 463
35 473
48 488
474 464
13 455
15 457
502 432
484 448
467 471
497 437
42 484
506 426
46 486
476 462
457 481
504 428
492 440
455 482
43 484
47 486
68 503
21 462
444 491
20 459
475 458
79 510
15 456
500 433
75 506
70 505
58 495
510 421
40 477
509 422
51 490
464 473
423 510
507 424
40 481
506 425
499 434
490 439
76 507
473 456
447 490
26 465
53 492
467 470
451 486
12 431
428 505
484 447
40 479
492 439
476 455
46 485
457 480
511 420
502 431
485 446
482 449
12 453
14 455
429 506
459 478
473 464
458 479
501 432
425 510
57 496
52 491
69 504
474 457
39 480
505 426
424 511
483 448
467 466
422 509
496 437
433 502
449 488
430 505
74 505
77 508
495 438
503 428
25 464
474 455
501 430
475 462
29 470
28 469
26 467
481 450
487 438
428 507
22 463
450 487
465 472
427 508
23 464
49 488
468 467
38 475
498 435
48 487
460 477
431 504
41 478
56 493
12 451
476 459
72 505
24 465
466 469
27 468
477 454
480 449
73 504
34 471
80 511
479 448
55 494
30 469
71 504
36 473
493 438
494 439
496 436
456 480
75 505
73 503
21 459
466 470
72 504
74 504
16 456
13 451
44 484
501 431
495 437
475 455
40 480
497 435
77 507
47 485
83 511
426 508
58 496
482 448
23 463
467 467
484 446
474 462
431 503
20 458
51 489
30 468
36 472
12 450
500 432
492 438
481 449
27 467
81 511
493 437
34 470
41 477
52 490
17 457
447 489
56 492
444 490
477 453
509 421
25 463
53 491
457 479
26 466
428 504
28 468
472 464
465 469
12 432
12 452
510 420
13 453
465 471
450 486
69 503
424 510
46 484
76 506
29 469
428 506
48 486
54 492
494 438
21 461
71 503
448 488
49 487
55 493
42 478
40 476
59 497
423 509
427 505
24 464
483 447
489 439
505 425
432 502
427 507
459 477
488 438
503 427
474 458
57 493
70 504
487 439
445 489
479 449
464 472
455 481
475 459
506 424
480 448
22 462
454 482
499 433
38 474
430 504
466 466
498 434
79 509
15 455
463 473
82 510
473 457
458 478
482 447
475 454
456 479
494 437
478 451
22 461
19 458
73 502
10 433
54 491
36 471
459 476
44 483
505 424
13 452
8 445
39 474
15 454
511 398
466 465
42 479
43 482
499 432
14 453
75 504
18 457
20 457
466 467
21 458
78 507
17 456
41 476
35 468
454 481
503 426
465 470
507 420
489 438
60 497
428 503
427 506
497 434
447 488
7 442
431 502
27 466
59 496
446 489
9 446
458 477
506 423
7 444
12 449
509 420
84 511
52 489
55 492
473 458
41 480
51 488
472 463
473 462
29 468
35 470
465 468
496 435
474 459
484 445
80 509
49 486
481 448
495 436
511 418
493 436
76 505
11 432
28 467
498 433
83 510
16 455
449 486
24 463
14 451
57 492
445 488
500 431
430 503
424 509
507 422
492 437
463 472
479 450
464 469
82 509
444 489
464 471
425 508
81 510
45 484
477 452
72 503
480 447
48 485
487 440
483 446
50 487
42 477
70 503
69 502
43 478
478 449
476 453
426 507
510 419
426 506
35 469
478 450
464 470
496 434
430 502
42 480
487 441
495 429
37 471
497 433
458 476
463 471
505 423
8 444
79 507
476 452
50 486
445 487
501 425
473 461
43 481
459 475
498 432
431 501
494 436
511 417
36 470
13 449
72 502
472 462
499 431
462 472
43 479
70 502
44 482
69 501
446 488
51 487
75 503
23 461
444 488
470 464
48 484
504 424
60 496
21 457
508 420
465 467
84 510
486 440
485 439
80 508
506 422
481 447
29 467
511 399
509 419
510 418
11 433
474 460
52 488
483 445
469 463
8 442
510 398
448 486
49 485
464 468
456 478
502 426
9 445
429 503
477 451
45 483
54 490
75 495
495 435
491 437
497 431
10 434
475 453
19 457
16 454
457 477
28 466
81 509
503 425
489 437
473 459
424 508
40 474
43 477
77 505
10 446
55 491
453 481
507 421
484 438
18 456
465 465
24 462
57 491
463 469
14 452
7 443
454 480
53 489
42 476
39 473
15 451
486 442
85 511
36 468
58 492
78 506
464 467
508 419
475 452
457 476
18 455
495 430
500 425
85 510
496 429
444 487
78 505
502 425
10 445
484 439
54 489
29 466
19 456
44 477
505 422
469 464
511 416
445 486
501 424
44 481
447 486
425 506
59 492
509 398
74 495
429 502
463 470
80 507
75 496
430 501
82 507
45 482
470 463
509 418
504 423
486 441
9 444
53 486
424 507
453 480
494 435
496 433
506 421
51 486
43 476
28 465
473 460
446 487
60 495
13 448
496 431
477 450
72 501
480 445
21 456
81 508
24 461
77 504
43 480
474 453
16 453
52 487
485 440
38 471
70 501
11 434
73 500
50 485
8 443
464 465
58 491
17 454
497 432
482 445
76 503
10 435
79 506
36 469
485 442
39 472
53 488
40 473
55 490
37 470
11 446
454 479
458 475
510 399
456 477
452 481
499 430
15 452
48 483
472 461
461 472
497 430
49 484
483 438
481 446
490 437
420 507
481 445
503 423
505 421
511 415
499 429
44 472
511 401
28 464
443 487
505 395
500 428
26 460
29 465
480 444
51 485
11 435
12 446
507 397
80 506
446 486
86 510
509 417
464 466
421 507
73 495
457 475
72 500
472 460
453 479
60 494
462 470
495 431
40 472
497 429
452 480
52 486
461 471
484 440
468 464
429 501
494 434
46 482
24 460
428 500
50 484
81 507
498 430
74 496
484 442
16 452
43 475
17 453
25 461
471 459
71 501
463 467
510 400
54 488
490 436
474 452
500 426
78 504
510 414
73 499
38 470
420 506
49 483
55 489
482 444
41 473
511 403
44 476
39 471
475 449
10 444
483 439
82 506
510 416
460 462
44 480
470 462
511 409
13 447
494 430
58 490
12 434
475 451
508 398
9 443
463 463
37 469
56 490
471 461
464 464
508 418
424 506
476 450
495 433
53 487
19 455
456 476
502 424
13 435
18 454
509 399
77 503
479 445
11 445
496 432
59 493
444 486
485 441
21 455
10 436
45 481
454 477
509 400
474 451
447 484
421 506
59 490
511 410
10 437
87 510
483 442
47 472
476 449
17 452
504 421
500 427
506 397
72 499
443 486
78 503
446 485
508 417
39 470
481 444
507 418
504 395
494 431
470 461
456 475
499 428
18 453
441 488
61 494
463 466
54 487
452 479
453 478
451 480
423 506
51 484
463 464
26 461
494 433
44 475
422 507
508 399
29 464
484 441
38 469
475 450
56 489
509 416
19 454
499 426
77 502
463 462
45 480
478 447
79 504
50 483
427 500
46 481
428 501
11 436
483 440
510 415
461 470
28 463
509 414
495 432
41 472
462 463
27 460
462 467
460 463
13 446
13 436
25 460
508 413
440 489
478 445
442 487
471 460
60 493
511 404
455 476
58 489
505 420
10 443
44 471
72 495
82 505
40 471
81 506
490 435
502 423
11 444
45 472
461 462
12 435
507 398
477 448
71 500
505 396
21 454
464 463
510 401
498 429
467 464
73 496
52 485
511 408
511 402
470 459
82 504
473 451
509 413
11 437
12 444
478 446
27 461
507 417
477 447
498 428
46 472
56 488
511 407
45 475
427 501
511 411
81 505
29 459
510 404
462 464
508 414
22 454
443 485
38 468
503 395
40 470
469 459
507 413
499 427
503 421
422 506
61 493
440 486
25 459
511 405
504 396
23 455
72 496
14 446
46 480
52 484
476 448
11 443
77 501
470 458
51 483
465 463
80 504
45 479
509 415
507 399
64 492
426 502
467 463
439 489
43 471
456 474
464 462
59 489
481 443
45 471
12 436
441 487
454 476
508 400
509 401
502 422
39 469
28 462
83 505
470 460
13 437
452 478
63 493
42 472
19 453
28 460
451 479
13 445
18 452
47 471
71 499
440 488
50 482
482 442
505 397
510 402
88 510
442 486
494 432
490 434
506 398
89 511
483 441
504 420
78 502
439 485
461 463
453 477
447 483
474 450
55 487
29 463
446 484
462 466
76 498
510 410
461 469
64 491
451 478
503 420
79 502
63 492
469 458
441 486
445 484
64 495
25 454
18 451
28 459
452 477
440 485
498 427
466 463
502 397
80 503
470 457
61 492
424 503
473 450
440 487
504 397
439 486
53 484
510 411
83 504
476 447
456 473
507 416
71 498
472 451
510 405
81 504
460 469
421 504
508 401
15 448
426 501
454 475
423 504
62 493
60 487
28 461
25 458
46 475
24 455
442 485
39 468
46 471
77 498
447 482
468 459
77 500
20 453
42 471
13 444
40 469
46 479
89 510
71 496
493 432
509 402
477 446
425 502
45 470
52 483
507 414
82 503
76 499
502 421
503 396
43 470
506 399
14 445
83 502
465 462
450 479
482 441
505 398
70 499
19 452
29 462
54 485
47 480
511 406
63 494
56 487
88 509
509 412
37 466
13 438
461 464
12 437
41 470
505 418
455 474
422 505
439 488
23 454
55 486
453 476
489 434
481 442
29 460
471 448
78 501
51 482
45 478
59 488
469 460
501 398
467 462
508 415
12 443
462 465
449 480
72 497
90 511
444 482
83 501
449 477
453 475
505 417
505 399
46 476
46 478
30 462
39 467
460 468
64 494
456 472
46 470
19 451
52 482
504 398
12 438
55 485
441 485
424 502
439 487
503 419
450 478
25 455
80 502
25 457
440 484
480 442
88 508
469 457
24 454
412 510
466 462
81 503
448 480
502 398
502 420
445 483
51 481
54 484
504 418
37 465
451 477
13 443
60 486
25 453
57 487
506 416
42 470
47 479
90 510
510 406
87 507
28 458
489 433
492 432
509 403
473 449
59 487
26 458
447 481
449 479
468 458
79 501
14 444
84 504
70 498
83 503
423 503
89 509
64 490
508 402
16 448
476 446
472 450
452 476
472 448
506 414
481 441
20 452
459 469
40 468
63 491
15 447
509 405
470 448
70 496
64 496
71 497
38 466
461 465
41 469
497 427
507 415
77 499
420 504
53 483
425 501
446 482
509 411
421 503
468 460
488 434
474 448
501 399
29 461
454 474
62 492
422 504
503 397
474 447
66 497
448 479
506 415
19 450
78 499
451 476
423 502
458 469
81 502
91 510
505 414
86 505
63 490
471 450
421 502
488 433
475 446
24 453
445 482
487 434
504 417
46 469
48 479
413 510
460 465
503 398
501 420
507 402
444 481
426 499
466 461
447 480
84 503
65 496
441 484
46 477
502 399
462 453
467 460
14 443
42 469
87 506
25 456
33 462
36 463
396 511
58 487
468 457
496 427
12 439
51 478
70 497
503 418
82 501
449 478
470 449
446 481
504 413
88 507
56 485
59 486
422 503
79 500
41 468
55 484
90 509
17 448
455 472
473 448
412 509
47 476
80 501
478 439
12 441
492 431
27 458
504 399
16 447
425 500
40 467
438 487
15 444
459 468
53 482
62 491
508 411
508 403
26 453
424 501
13 442
420 503
505 400
51 480
509 406
456 471
38 465
427 498
39 466
479 438
468 455
489 432
450 477
453 474
478 437
467 458
37 464
65 494
20 451
30 461
480 439
34 463
454 473
506 401
480 441
498 424
426 498
470 450
424 500
51 479
46 468
413 509
40 466
459 467
479 437
505 415
478 440
508 410
465 453
427 497
467 455
450 476
33 461
481 439
52 480
34 462
412 508
480 438
35 463
468 456
62 490
473 447
479 441
86 504
54 482
504 400
85 503
474 446
87 505
50 478
505 401
492 430
54 480
16 444
451 475
18 448
500 420
498 422
88 506
454 472
83 499
478 438
395 511
478 436
504 414
27 457
437 487
48 478
66 494
506 402
497 425
21 451
503 399
421 501
505 413
466 460
447 479
504 412
508 408
508 404
38 458
56 484
420 502
16 446
507 403
456 470
47 477
419 503
448 478
14 442
396 510
91 509
504 416
487 433
58 486
69 497
411 509
53 481
20 450
458 468
422 502
460 466
42 468
81 501
57 485
466 458
24 452
17 447
445 481
79 499
39 465
425 499
37 463
13 441
452 474
446 480
66 496
12 440
89 507
26 456
496 426
490 432
502 418
463 453
508 406
441 483
38 460
407 511
31 461
80 500
455 471
502 400
462 454
67 497
27 453
503 411
466 454
469 450
507 404
34 461
27 456
503 412
459 466
502 401
15 442
91 508
46 467
432 493
424 499
43 468
454 471
56 473
490 431
421 500
417 504
57 484
18 447
87 504
479 436
503 400
55 480
54 479
436 487
487 432
504 415
58 485
55 482
452 473
397 510
395 508
501 416
496 425
445 480
19 448
442 483
465 454
20 449
18 445
447 478
90 507
14 441
413 508
455 470
39 464
507 408
481 438
41 466
497 424
467 454
502 411
35 462
453 472
498 421
491 430
503 416
507 406
498 423
457 468
396 509
48 477
66 495
89 506
467 456
17 446
62 489
506 411
88 505
508 409
50 477
40 465
419 502
505 402
426 497
27 454
38 459
45 468
82 499
495 426
39 458
463 454
415 506
422 501
13 440
42 467
38 463
38 461
406 511
52 479
22 451
478 441
408 509
92 509
411 508
407 510
486 433
502 417
504 411
80 499
506 403
418 503
450 475
23 452
480 437
466 459
464 453
54 481
505 412
476 437
86 503
21 450
420 501
32 459
436 489
394 511
81 500
68 497
37 462
478 435
473 446
17 444
499 420
477 438
31 460
83 498
56 483
35 461
498 420
42 466
502 416
55 481
495 425
421 499
33 459
407 509
450 474
56 474
69 495
469 451
413 507
416 504
58 484
57 473
502 412
457 467
54 478
452 472
393 511
507 405
406 510
473 445
23 451
442 482
45 467
410 508
39 459
55 479
62 488
89 505
21 449
92 508
44 468
38 462
414 506
28 456
399 511
57 483
458 466
476 438
15 441
415 505
465 455
496 424
82 498
476 440
409 509
68 496
501 417
506 410
88 504
20 448
449 475
475 437
53 479
479 435
503 401
464 454
34 460
398 510
420 500
490 430
37 459
507 409
17 443
30 458
472 446
39 463
18 444
425 497
491 429
418 502
481 437
417 503
31 459
431 493
16 442
477 441
419 501
506 408
22 450
445 479
505 403
95 511
401 511
465 459
39 461
467 453
43 467
500 418
67 495
18 446
435 489
395 507
486 430
81 499
87 503
14 440
423 499
19 447
486 432
29 457
466 456
19 445
436 488
454 470
447 477
503 415
395 509
497 423
485 433
446 478
56 482
422 500
432 492
451 473
90 506
506 404
40 464
504 402
27 455
505 411
49 477
418 501
90 505
471 446
426 495
432 491
387 510
62 487
494 425
82 497
485 430
39 462
464 459
34 459
44 467
399 510
21 448
93 508
41 464
43 466
396 507
57 474
503 402
16 441
465 456
431 492
55 478
414 505
46 465
442 481
473 444
394 509
23 450
422 499
400 511
53 478
453 470
397 508
481 436
502 415
490 429
42 465
474 443
99 510
88 503
454 469
48 475
468 451
57 482
94 509
476 439
464 455
392 511
496 421
19 446
505 410
18 443
423 498
58 483
68 495
449 474
56 475
500 417
81 498
419 500
450 473
416 503
32 457
452 471
410 507
40 461
393 510
415 504
20 445
388 511
69 494
424 497
406 509
480 435
92 507
20 447
63 488
91 506
504 403
457 466
425 496
95 510
404 509
445 478
40 463
96 511
413 506
49 476
56 481
496 423
22 449
486 431
506 409
36 459
28 455
35 460
15 440
421 498
498 419
409 508
446 477
401 510
40 459
475 438
456 467
30 457
31 458
395 506
499 418
491 428
59 484
489 430
502 413
89 504
435 488
506 405
476 441
487 430
444 479
484 433
467 452
87 502
475 440
29 456
444 478
464 456
404 508
466 452
483 433
58 474
59 483
40 460
418 500
25 447
475 439
484 432
473 443
443 479
32 456
29 455
393 509
496 422
491 427
414 504
398 508
19 443
503 403
458 464
413 505
31 457
400 510
431 491
432 490
56 476
493 425
68 494
447 475
471 445
409 507
505 409
95 509
410 506
81 497
391 511
403 509
45 465
94 508
20 446
88 502
49 475
426 494
490 428
467 451
434 488
89 503
505 405
91 505
499 415
442 480
405 509
42 464
21 447
425 495
474 438
35 459
41 459
464 458
394 506
499 417
497 419
82 496
498 418
57 481
417 501
424 496
58 482
495 423
407 507
100 510
465 457
489 429
474 442
99 511
450 472
416 502
397 507
93 507
46 464
22 448
57 475
451 471
448 474
389 511
420 498
16 440
446 476
496 420
487 429
488 430
18 442
41 463
502 414
395 505
44 466
15 439
98 510
97 511
452 470
481 435
48 474
92 506
24 448
399 509
475 441
23 449
56 478
396 506
441 479
387 509
482 434
492 426
453 469
63 487
456 466
485 431
388 510
392 510
53 477
422 498
40 462
84 497
399 508
420 497
447 472
499 416
398 507
456 465
455 466
498 417
463 458
408 507
41 460
504 409
51 476
61 474
81 496
441 478
390 511
492 425
31 456
23 448
487 428
501 414
434 487
64 487
504 405
503 404
482 433
83 496
451 470
58 481
489 428
464 457
488 429
89 502
24 449
402 509
24 447
32 455
396 505
45 464
96 509
425 494
30 455
474 441
18 441
49 474
446 475
491 426
57 476
450 471
414 503
57 480
505 406
44 465
16 439
452 469
431 490
406 507
41 462
441 480
444 477
34 453
484 431
22 441
394 505
395 504
457 464
447 474
68 493
82 495
423 496
410 505
495 422
85 496
95 508
442 479
94 507
20 443
473 440
392 509
445 476
497 418
435 486
419 498
490 427
88 501
56 477
415 502
406 505
474 439
92 505
50 475
93 506
413 504
43 464
97 510
397 506
52 477
470 445
60 483
2 419
433 488
35 458
472 443
95 506
400 509
416 501
481 434
473 442
502 403
424 495
388 509
418 499
498 415
405 508
100 511
466 451
432 489
21 446
443 478
403 508
21 442
91 504
26 447
15 438
458 463
25 450
495 420
59 474
19 442
471 444
422 497
393 508
394 503
500 415
42 463
463 456
483 432
421 496
58 480
497 415
415 501
394 504
60 482
96 506
421 495
2 420
423 495
19 441
90 502
18 440
448 472
503 409
481 433
43 457
492 424
95 505
391 509
31 455
80 496
59 475
471 443
85 497
43 463
58 476
407 505
409 505
35 457
447 473
400 508
34 454
473 439
433 487
408 506
91 503
446 474
414 502
473 441
432 488
81 495
42 460
3 419
23 441
90 500
466 450
482 432
101 511
16 438
449 471
398 506
393 503
26 450
502 404
60 474
389 509
48 470
470 444
57 479
462 456
2 424
26 448
65 487
61 483
30 454
95 507
483 431
393 507
461 459
457 463
456 464
88 500
22 446
426 490
52 476
82 494
451 469
429 491
427 491
89 501
444 476
96 508
27 451
498 416
445 475
25 449
442 478
418 498
430 490
23 447
472 442
420 496
45 463
61 475
435 485
93 505
497 417
450 470
422 496
439 481
494 422
500 414
402 508
431 489
413 503
44 464
505 407
34 452
488 428
57 477
84 496
453 467
417 499
42 462
20 442
491 425
390 510
405 505
498 414
50 474
443 477
22 442
92 504
65 489
392 506
0 412
463 457
440 480
452 468
405 507
97 509
503 405
86 496
51 475
399 507
59 481
397 505
68 492
446 472
85 495
494 420
424 494
434 486
489 427
455 465
410 504
393 505
42 461
500 413
20 441
407 504
89 500
34 455
23 442
423 494
471 438
49 470
502 409
413 502
92 503
58 479
470 443
457 462
5 418
412 503
462 457
489 426
50 473
52 475
472 441
448 471
399 506
493 420
497 416
458 461
97 508
28 451
397 504
490 425
496 415
4 419
493 412
22 445
469 442
494 421
19 440
472 439
483 430
23 446
59 476
82 493
27 450
431 488
424 493
456 463
504 407
90 501
88 499
390 509
459 460
43 458
81 492
480 433
439 480
405 506
414 501
503 406
453 466
481 432
96 507
442 477
488 427
36 457
495 414
430 489
393 504
392 507
3 422
420 495
392 505
2 423
417 498
429 490
491 424
66 489
74 493
428 491
3 418
494 413
404 505
438 481
43 462
493 422
33 452
93 504
17 436
455 464
427 490
59 480
68 491
416 499
461 458
451 468
102 511
444 475
35 454
80 495
401 508
503 408
391 508
450 469
422 495
84 495
3 424
460 459
3 420
58 477
51 474
69 492
65 488
433 486
452 467
466 449
419 494
426 489
1 412
446 473
409 504
44 457
418 497
44 463
471 442
502 405
94 505
60 475
400 505
432 487
61 482
443 476
435 484
27 448
34 451
26 449
400 507
86 497
91 502
391 506
458 459
497 414
48 469
408 505
18 439
31 454
17 438
0 413
2 421
1 413
0 414
481 431
469 443
439 479
435 483
81 493
493 421
459 459
43 459
451 467
17 437
89 499
24 432
408 504
457 459
69 491
491 423
48 468
27 449
31 453
494 412
50 470
37 457
93 503
409 503
20 440
471 439
44 462
94 504
427 489
455 463
451 465
496 414
461 457
443 475
4 418
411 503
422 494
501 405
428 490
44 458
502 406
414 500
488 426
503 407
458 458
52 474
433 485
18 438
416 498
82 492
391 505
494 414
453 465
456 462
92 502
80 492
22 444
496 416
466 448
449 469
452 466
401 507
438 480
61 481
51 473
101 509
417 497
60 480
35 455
97 507
500 412
32 452
430 488
91 501
458 460
471 441
23 445
74 492
415 499
445 473
19 439
492 412
480 432
490 424
423 493
419 493
28 450
413 501
424 492
492 420
33 451
23 443
479 431
419 495
18 436
418 496
398 504
3 421
84 494
392 504
75 493
58 478
4 420
404 506
464 450
79 495
470 442
489 425
102 510
390 508
502 408
60 476
448 470
471 437
444 474
391 507
36 456
454 464
399 505
36 454
482 430
43 461
4 424
425 489
420 494
3 423
457 461
412 500
431 487
59 477
407 503
66 488
5 417
495 413
87 497
400 506
492 422
442 476
450 467
451 466
464 449
23 432
459 458
432 485
442 475
2 415
100 507
1 414
102 509
414 499
21 440
468 443
449 468
79 494
470 439
490 423
52 473
60 479
67 488
466 447
406 503
424 489
441 476
492 421
492 413
472 437
4 421
37 456
45 458
44 461
480 431
438 477
412 501
24 445
53 474
51 472
500 411
403 506
416 497
447 470
30 451
89 498
444 473
28 449
495 416
450 465
83 490
3 416
456 461
23 444
495 412
488 425
418 495
470 441
390 507
390 505
88 497
433 484
481 430
19 438
499 412
494 415
50 471
411 502
82 491
496 413
76 493
463 450
92 501
399 504
2 413
80 493
460 457
501 406
101 508
24 443
75 492
29 450
94 503
501 408
430 487
98 507
454 463
59 478
413 500
83 492
36 455
391 504
31 452
48 467
489 424
103 510
457 460
4 417
417 496
18 437
434 483
471 440
62 481
453 464
500 409
422 493
420 493
4 423
401 506
44 459
427 488
84 493
423 492
24 431
69 490
428 489
408 503
32 451
106 511
502 407
479 430
487 426
60 477
493 414
438 479
5 424
101 507
463 449
399 503
390 504
27 445
389 507
446 470
496 412
438 478
104 510
3 415
413 499
459 457
411 501
389 505
455 461
86 494
2 414
421 493
51 471
32 450
4 416
501 407
414 498
406 502
462 450
21 431
24 444
67 487
499 411
78 494
402 506
493 415
415 497
443 473
489 423
473 437
103 507
430 486
440 474
23 431
83 489
450 466
37 455
470 440
98 506
428 488
30 450
79 493
439 477
60 478
491 421
429 487
38 456
416 494
76 492
106 510
83 491
31 451
494 416
482 428
69 489
53 473
449 467
20 438
495 411
480 430
467 443
466 446
5 415
45 461
488 424
45 459
61 479
486 426
389 503
29 449
100 506
95 503
5 421
440 476
441 475
21 439
422 492
500 410
456 460
500 408
432 484
82 490
94 502
416 496
44 460
107 511
49 467
93 501
104 506
103 509
492 414
91 499
52 472
408 502
99 507
424 490
19 437
498 404
63 481
499 409
452 464
85 493
431 485
454 462
433 483
500 406
97 505
22 432
490 422
417 495
89 497
5 423
77 493
453 462
435 480
99 506
408 501
103 508
490 421
97 500
390 503
389 502
491 414
104 509
108 511
499 410
5 414
497 412
463 448
77 492
401 504
96 503
82 489
62 479
93 500
497 404
107 510
423 490
446 469
417 494
66 485
487 424
482 427
436 479
422 491
465 446
98 505
489 422
6 421
45 460
94 501
26 445
421 492
22 439
415 496
500 407
67 486
70 489
459 456
481 428
402 505
389 506
448 467
400 503
49 466
461 452
416 495
413 498
498 411
496 411
46 461
498 405
63 480
442 473
29 448
31 450
86 493
469 440
25 444
21 432
460 453
452 463
91 498
104 507
414 497
53 472
97 504
455 460
449 466
6 423
3 414
403 504
437 478
101 506
4 415
406 501
30 449
92 499
81 490
468 439
475 434
84 491
105 510
103 506
428 487
23 430
22 431
468 441
459 454
477 432
467 442
415 494
27 444
21 430
493 416
38 455
102 507
486 425
431 484
61 478
104 505
439 476
480 429
433 482
46 459
429 486
492 415
20 437
5 422
441 474
95 502
78 493
87 494
405 502
440 475
52 471
410 501
462 449
466 445
483 426
473 436
7 414
90 497
82 488
418 492
464 446
452 462
31 449
4 414
468 440
390 502
72 490
407 501
459 453
26 444
448 466
87 493
409 501
22 438
96 502
479 427
465 445
414 496
489 421
108 510
486 424
99 505
103 505
69 487
7 423
400 502
109 511
66 484
7 421
497 405
402 504
81 489
68 484
38 454
63 479
67 485
388 506
422 490
91 497
62 478
97 501
28 444
462 448
29 447
92 498
477 431
467 439
101 505
498 410
459 449
47 461
444 470
417 491
98 504
468 438
93 499
460 450
16 432
52 470
481 427
461 451
431 483
482 426
48 464
20 436
490 420
417 493
474 434
94 500
433 481
401 503
415 495
105 509
53 471
68 486
453 461
413 497
483 425
498 406
442 472
459 455
46 462
54 472
49 465
96 500
434 480
46 460
85 491
476 432
467 441
22 430
90 496
23 439
426 486
21 437
50 466
86 492
455 459
403 503
491 415
445 469
21 429
497 411
460 452
475 433
6 414
7 413
499 407
47 463
492 416
102 506
64 480
29 443
480 428
104 508
51 465
71 489
21 433
78 492
435 479
488 422
421 491
436 478
6 422
443 469
441 473
428 486
473 435
429 485
95 501
496 404
406 500
439 475
405 501
17 432
390 501
31 448
21 428
20 435
69 484
444 469
69 486
81 488
443 470
86 491
21 434
472 435
88 493
462 447
4 413
481 426
8 421
464 445
447 466
406 499
11 410
414 495
485 424
465 444
474 433
12 409
445 468
65 480
96 499
97 502
478 429
455 458
428 485
47 462
466 441
420 491
429 484
29 446
460 451
38 453
458 453
480 427
486 423
436 477
95 500
417 492
416 491
458 455
446 467
30 443
454 459
30 447
463 446
7 422
92 497
496 405
433 480
80 489
497 406
102 505
466 439
22 437
63 478
401 502
28 443
105 508
47 460
54 471
490 419
460 449
491 416
78 491
67 484
497 410
407 500
404 501
484 425
477 430
51 466
99 504
72 489
66 483
79 490
109 510
488 421
421 490
48 463
423 488
475 432
467 438
409 500
456 457
68 485
26 443
478 427
430 483
413 496
461 448
6 413
94 499
473 434
438 475
498 407
426 485
22 429
90 495
70 487
49 464
73 490
21 436
452 461
467 440
453 460
91 496
427 486
386 507
418 491
459 450
387 506
98 501
389 500
476 431
50 465
459 448
23 438
53 470
434 479
441 472
87 492
402 503
16 431
449 463
390 500
480 426
490 418
467 437
477 429
423 487
92 496
408 498
453 459
26 442
432 480
406 498
51 467
98 502
415 491
48 460
88 492
470 434
418 490
12 408
460 448
391 501
425 485
8 422
484 424
455 457
456 456
434 478
79 489
438 474
54 470
90 494
497 409
28 442
78 490
459 451
22 434
91 495
436 476
72 488
458 452
48 462
21 435
11 409
39 453
444 468
402 502
69 485
52 466
429 483
93 497
385 507
409 499
486 422
433 479
63 477
490 416
462 446
403 501
22 428
427 485
94 498
478 428
32 448
440 472
496 406
463 443
30 446
81 487
410 498
22 436
457 455
413 495
416 492
419 491
65 479
17 431
497 407
110 510
404 500
23 437
472 434
422 488
106 508
465 441
65 481
10 410
466 440
4 412
74 490
473 433
450 462
454 458
462 442
87 491
481 425
386 506
452 460
420 490
446 466
475 431
66 482
389 499
49 463
476 430
71 487
102 504
50 464
442 470
95 499
9 421
6 412
66 480
65 477
488 420
100 504
30 444
99 503
407 499
64 476
485 423
31 447
464 444
445 467
16 430
67 483
430 482
435 476
496 409
444 463
27 442
16 429
10 409
5 412
11 408
40 453
22 435
433 478
470 433
437 472
31 446
413 494
476 429
421 488
66 477
50 463
65 478
95 498
88 491
74 489
49 462
469 434
419 490
449 462
385 506
484 423
79 488
94 497
110 509
80 487
384 511
475 430
99 502
23 436
425 484
409 498
17 430
434 477
32 447
469 430
444 467
66 481
447 462
438 473
455 456
9 422
402 501
25 426
408 497
448 463
474 431
23 428
52 467
472 433
463 444
422 487
496 407
432 479
93 496
457 454
462 445
61 470
92 495
429 482
477 428
31 422
106 507
60 471
53 466
441 470
73 488
49 460
480 425
452 459
392 501
481 424
460 447
26 441
406 497
31 444
450 461
488 419
461 446
33 422
100 503
77 490
71 486
65 476
91 494
67 482
390 499
490 417
404 499
112 511
414 491
385 508
63 476
453 458
30 445
407 498
466 437
489 418
440 471
70 485
412 495
81 486
410 497
486 421
427 484
457 452
454 457
446 465
102 503
485 422
436 475
487 420
428 483
465 440
403 500
421 480
54 469
64 475
90 493
431 480
461 442
415 492
462 443
471 434
424 485
480 423
458 451
32 422
108 506
32 446
421 487
419 489
468 430
71 485
461 445
25 425
483 423
437 473
26 438
434 476
473 431
468 434
33 423
403 499
464 440
439 471
81 485
461 443
443 463
427 483
428 482
404 498
113 511
431 479
25 427
112 510
89 491
444 466
469 431
384 508
441 469
488 418
485 421
457 451
448 462
475 429
74 488
53 465
59 471
40 452
393 501
424 484
472 432
65 475
454 446
486 420
476 428
469 433
445 465
111 509
435 475
423 481
462 444
437 471
406 496
92 494
27 441
408 496
450 460
77 489
383 511
10 408
454 456
80 486
109 505
432 478
10 422
24 428
422 486
61 471
409 497
78 488
402 500
413 493
24 436
32 444
49 461
422 480
79 487
471 433
480 424
383 509
411 495
495 407
66 478
481 423
449 461
384 506
470 432
474 430
50 462
430 480
30 422
66 476
460 446
444 464
496 408
16 428
60 470
17 429
67 481
455 455
425 483
436 474
33 447
407 497
23 435
390 498
486 418
91 493
421 479
54 468
466 436
31 445
101 503
489 417
75 489
443 467
95 497
452 458
413 491
9 409
456 454
53 467
391 499
94 496
392 500
100 502
106 506
67 477
5 411
414 492
384 510
60 472
447 461
72 486
90 492
63 475
424 481
412 493
5 410
495 408
80 485
89 490
382 511
419 488
404 497
422 481
114 511
482 423
76 489
65 474
451 458
468 431
14 425
403 498
17 428
24 429
8 409
61 472
33 446
455 448
27 440
112 509
453 456
461 444
90 491
50 461
383 508
438 471
469 432
430 479
486 417
95 496
454 447
94 495
106 505
383 510
41 452
450 459
113 510
475 428
456 449
382 505
67 476
423 484
96 497
109 504
74 487
63 474
401 500
101 502
427 482
407 496
434 475
40 451
484 421
392 499
71 484
53 464
422 479
77 488
440 469
32 423
459 446
425 482
100 501
457 450
466 435
436 471
452 455
55 466
383 506
54 465
473 430
436 473
479 424
402 499
449 460
68 481
92 493
26 425
64 473
422 485
55 468
488 417
393 500
27 438
91 492
483 422
447 460
413 492
54 467
409 496
62 473
78 483
421 478
410 495
32 445
453 446
444 465
72 485
471 432
25 428
426 483
478 425
477 426
10 423
485 420
119 508
455 454
108 505
442 467
79 484
472 431
508 395
26 439
439 470
16 427
391 498
460 445
78 487
456 451
30 423
476 427
432 477
448 461
486 419
24 435
464 439
117 510
424 483
420 487
406 495
431 478
435 470
467 434
443 464
443 466
107 506
59 470
33 424
79 486
428 481
9 408
67 478
15 425
27 439
101 501
467 433
108 504
55 465
455 453
92 492
115 511
409 495
483 421
478 424
77 487
33 445
6 410
489 415
402 498
441 467
12 424
8 408
436 470
53 463
78 484
455 447
511 395
42 452
453 447
109 503
435 471
430 478
76 488
393 499
400 500
433 475
422 484
508 394
91 491
107 505
71 483
456 450
428 480
432 476
467 431
119 507
56 468
100 500
419 487
425 481
406 494
484 420
80 484
95 495
87 487
19 427
90 490
11 423
426 482
67 479
452 456
472 430
114 510
62 472
422 478
443 465
468 428
494 408
88 488
450 458
7 409
97 497
453 455
403 495
32 424
25 429
464 436
412 492
75 487
509 395
423 483
16 426
427 481
449 459
482 422
485 419
78 486
465 435
67 475
383 507
476 426
89 489
113 509
382 506
422 482
66 474
18 428
59 469
79 483
58 470
454 454
381 505
64 472
459 445
434 474
17 427
471 431
94 494
93 493
463 439
24 434
405 495
439 469
26 424
29 423
68 480
468 432
455 449
477 425
420 486
475 427
382 510
72 484
116 510
392 498
403 497
117 509
431 477
96 496
56 466
407 495
51 461
55 467
451 455
118 508
473 429
63 473
448 460
79 485
33 425
435 473
404 496
438 470
381 511
41 451
14 424
69 481
487 417
460 444
53 462
25 430
382 507
98 497
28 423
30 441
477 422
12 423
477 424
101 500
401 498
63 472
89 488
440 467
72 483
29 440
69 480
96 495
511 394
489 414
470 429
67 474
42 449
55 464
19 426
430 477
41 450
94 493
380 505
57 462
410 493
436 469
488 415
434 471
463 436
404 495
108 503
474 427
484 419
57 468
380 511
69 478
421 484
34 445
468 427
25 434
442 465
425 480
450 457
29 424
454 449
487 416
31 442
453 454
407 494
392 497
13 424
482 421
403 496
56 467
118 507
51 460
441 466
473 428
409 494
454 453
471 430
461 434
428 479
26 433
419 486
472 429
418 487
462 439
76 487
426 481
432 475
403 494
17 426
65 472
58 469
448 459
453 448
100 499
422 483
32 425
402 497
77 486
400 499
449 458
71 482
393 498
464 435
88 487
115 510
80 483
99 496
28 439
91 490
64 471
68 475
509 394
438 469
117 508
411 492
435 472
92 491
56 463
381 506
6 409
42 451
429 478
423 478
439 468
455 450
68 479
452 447
406 493
78 485
433 474
18 427
95 494
90 489
66 473
107 504
469 428
456 447
16 425
476 425
26 423
433 470
381 510
459 444
43 452
408 493
7 408
467 432
451 456
116 509
31 424
27 424
87 486
493 408
114 509
417 488
510 395
56 462
437 469
469 427
26 434
72 482
12 422
19 425
57 463
449 457
43 451
26 432
392 496
18 426
475 425
108 502
409 493
65 471
393 497
380 506
433 471
116 508
90 488
452 448
379 505
27 429
25 423
381 507
107 503
441 465
31 441
510 394
42 450
100 498
33 441
439 467
7 407
29 425
421 483
117 507
426 480
89 487
400 498
476 422
30 440
379 511
70 478
482 420
41 449
27 427
429 477
450 456
69 473
54 462
453 453
114 508
380 510
419 485
462 436
29 421
13 423
470 428
456 446
102 500
96 494
481 421
31 425
471 429
404 494
26 430
424 478
402 496
488 414
98 496
430 476
73 483
511 393
461 439
472 420
99 497
454 450
58 468
462 434
438 468
417 487
407 493
16 424
428 478
408 492
461 435
473 427
69 475
460 440
29 439
418 486
95 493
416 488
53 461
67 473
434 472
39 449
487 415
88 486
432 470
52 460
420 484
466 432
69 479
448 458
34 444
91 489
57 467
410 492
463 435
6 408
86 486
92 490
92 488
26 422
433 473
80 482
472 428
431 475
76 486
492 408
55 463
74 484
464 434
457 447
68 474
115 509
432 474
118 506
99 495
454 452
27 423
71 471
483 419
81 483
77 485
453 449
32 442
66 472
63 471
477 423
459 443
73 482
96 493
81 482
18 425
65 470
107 502
427 478
102 499
452 453
52 459
29 426
475 424
476 423
91 488
405 492
31 426
472 427
439 466
431 474
470 427
476 421
492 409
28 433
480 421
27 430
380 509
432 473
53 460
27 428
76 485
34 443
43 450
115 508
463 434
449 456
380 507
88 485
481 420
445 460
85 484
473 420
459 442
24 423
6 407
426 479
94 491
66 471
474 425
89 486
453 450
510 393
93 490
429 476
26 431
72 477
404 493
55 462
70 479
29 420
56 461
54 461
98 495
69 474
33 442
40 449
89 484
416 487
379 506
486 415
92 489
26 435
31 440
100 497
22 425
446 459
461 436
57 464
511 392
459 440
393 496
428 477
432 471
378 511
482 419
448 457
418 485
29 438
27 422
471 428
117 506
12 421
444 461
103 500
16 423
58 467
440 465
28 427
28 421
114 507
83 484
381 508
487 414
71 472
67 472
410 491
438 467
86 485
412 489
473 426
399 498
433 472
420 483
415 488
52 453
472 421
452 449
465 432
457 446
70 471
417 486
462 437
63 470
32 441
39 448
17 424
474 421
401 496
407 492
460 439
74 483
408 491
101 498
13 422
26 421
437 468
69 472
453 452
71 478
75 484
411 490
469 426
92 487
425 478
409 492
95 492
475 422
20 425
419 484
401 495
55 461
28 436
471 427
68 472
90 484
23 423
71 479
474 424
85 483
443 461
34 442
450 454
475 423
438 466
417 485
101 497
473 425
113 505
104 500
29 437
107 501
380 508
398 498
482 418
75 483
437 467
69 471
70 474
491 411
511 391
63 469
458 440
52 454
32 440
458 442
117 505
453 451
378 506
94 490
16 422
83 483
95 489
510 392
30 426
30 438
89 485
28 428
379 509
399 497
27 421
27 431
21 425
27 435
465 431
102 498
40 448
44 450
473 421
32 438
18 424
13 421
35 443
426 478
407 491
432 472
464 432
481 419
28 434
17 423
393 495
31 439
460 436
415 487
471 415
486 414
461 437
71 477
82 482
57 465
29 433
12 420
485 415
464 430
446 458
86 484
378 510
53 459
451 453
419 483
397 497
429 475
72 478
66 470
28 420
400 496
445 459
95 491
479 421
469 425
492 410
411 489
475 421
39 447
58 464
84 484
431 473
29 419
404 492
447 457
405 491
428 476
408 490
459 439
412 488
409 491
418 484
444 460
54 460
439 465
91 487
457 445
448 456
5 407
449 455
463 433
73 481
71 473
476 420
76 484
480 420
416 486
97 493
115 507
491 409
452 450
59 467
22 424
410 490
98 494
459 441
53 453
93 489
463 432
54 459
53 458
491 410
83 482
29 436
54 453
67 470
401 494
28 431
452 451
409 490
472 425
398 497
479 420
21 424
473 422
490 411
399 496
13 420
106 501
30 433
480 419
53 454
507 392
40 447
12 419
471 416
95 490
128 511
71 474
39 446
431 472
459 436
59 464
473 424
75 482
16 421
103 498
472 415
31 438
450 453
475 420
22 423
417 484
470 415
426 477
378 507
438 465
464 431
447 456
437 466
102 497
457 444
418 483
444 459
59 466
397 496
406 491
30 437
416 485
18 423
96 489
115 506
71 476
23 422
94 489
28 419
117 504
451 452
91 484
35 442
32 439
430 473
379 508
471 426
28 435
113 504
428 475
91 486
87 484
68 471
86 483
509 2
62 469
474 423
114 505
29 428
457 440
509 392
69 470
411 488
458 441
470 425
407 490
76 483
511 390
439 464
429 474
52 455
402 493
101 496
104 499
72 479
4 407
414 487
74 481
97 492
403 492
442 461
449 454
15 422
448 455
60 467
400 495
443 460
485 414
27 420
458 439
463 430
90 485
84 483
55 460
116 505
29 432
460 437
58 465
4 405
45 450
377 510
394 495
98 493
446 457
96 491
107 500
30 427
413 488
481 418
409 489
92 484
416 482
13 419
30 436
458 438
444 458
509 391
430 472
459 435
15 421
41 447
377 507
101 495
369 511
457 443
473 417
73 479
445 457
436 466
72 474
378 508
114 504
489 411
54 454
128 510
426 476
416 484
30 432
116 504
17 421
479 419
76 482
399 495
402 492
74 480
508 2
411 487
398 496
450 452
84 482
104 498
442 460
456 440
451 451
31 437
19 423
105 499
457 439
54 458
394 494
29 435
457 441
53 457
473 423
36 442
508 392
100 494
471 425
40 446
96 490
106 500
490 410
485 413
53 455
61 467
449 453
475 419
447 455
448 454
29 429
55 459
463 431
511 7
87 483
417 483
428 474
484 414
75 481
473 415
406 490
125 511
33 439
29 431
68 470
30 428
62 468
31 433
462 432
99 493
14 420
377 509
86 482
18 422
509 3
22 422
410 488
470 416
27 419
60 464
471 417
117 503
21 423
4 406
35 441
71 475
507 391
446 456
400 492
127 511
413 487
5 405
98 492
91 485
401 493
28 418
403 491
472 416
97 491
472 424
511 389
30 434
459 437
94 488
59 465
480 418
438 464
103 497
115 505
46 450
370 511
438 463
409 488
416 483
445 456
98 491
428 473
61 466
124 511
56 459
374 511
34 439
369 510
403 490
429 472
42 447
399 494
106 499
462 431
474 417
87 482
458 437
105 498
74 479
395 494
53 456
117 502
509 390
31 432
415 484
15 420
18 421
436 465
26 419
508 391
100 493
411 486
30 435
30 431
459 434
430 471
0 407
450 451
400 491
376 509
31 434
483 414
447 454
510 389
511 8
60 465
457 438
437 464
471 424
62 467
37 442
72 475
398 495
113 502
103 496
101 494
470 417
41 446
511 388
480 417
413 486
88 481
114 503
458 435
29 430
485 412
484 413
27 418
55 458
494 405
456 441
473 414
488 411
2 407
435 466
6 405
54 455
401 492
377 508
92 485
99 492
35 440
493 406
46 449
427 474
410 487
16 419
475 418
97 490
127 510
78 481
126 511
416 481
7 404
68 469
3 406
116 503
443 458
489 410
20 423
473 416
455 440
400 493
479 418
472 423
402 491
441 460
21 422
125 510
30 429
36 441
406 489
426 475
511 6
94 487
425 476
507 2
14 419
509 4
31 436
47 450
93 486
448 453
403 488
456 443
115 504
84 481
75 480
442 459
76 481
401 486
126 510
81 479
492 406
456 438
55 457
114 502
25 419
116 502
6 404
27 417
395 493
412 486
37 441
16 418
470 418
33 437
457 437
32 434
18 420
458 434
73 475
400 486
508 4
42 446
402 490
508 390
417 481
447 453
1 407
461 431
127 509
479 417
56 458
117 501
35 439
61 465
89 481
85 479
450 450
20 422
510 388
375 509
455 443
460 432
444 456
406 488
41 445
427 473
425 475
442 458
488 410
31 435
402 488
415 483
78 480
487 411
409 487
47 449
510 8
76 480
115 503
40 444
19 421
493 405
80 480
509 5
94 486
62 466
376 508
437 463
98 490
99 491
36 440
120 506
455 439
84 480
374 510
34 438
30 430
474 414
32 436
79 481
414 484
21 421
429 471
425 473
435 465
446 454
494 404
104 496
401 491
426 474
404 488
408 488
510 6
12 416
399 493
471 423
401 487
454 440
456 442
449 451
373 511
403 489
445 455
428 472
2 406
26 418
511 387
483 413
15 419
54 456
438 462
31 431
0 406
485 411
101 493
436 464
113 501
486 412
93 485
124 510
475 417
74 478
370 510
100 492
106 498
7 403
506 2
484 410
398 494
405 489
474 416
112 502
457 433
430 470
434 466
68 468
88 482
441 459
457 436
81 478
26 417
94 485
414 483
486 411
100 491
83 480
14 417
86 479
99 490
120 505
373 510
32 431
402 489
48 449
510 9
62 465
105 496
33 436
430 469
35 438
42 445
457 432
506 3
425 472
77 480
493 404
428 471
475 416
69 468
460 431
413 484
20 421
60 461
1 406
371 510
440 459
37 440
511 386
444 455
455 438
443 456
21 420
485 410
25 418
114 501
509 388
13 416
445 454
470 423
50 451
408 487
434 465
458 433
74 477
470 419
506 389
446 453
90 481
484 411
508 5
41 444
436 463
508 389
116 501
448 451
426 473
85 478
418 479
102 493
34 437
108 497
124 509
509 6
115 502
396 493
483 412
33 434
398 493
424 475
98 489
487 410
459 432
55 456
32 435
89 482
449 450
123 508
374 509
401 488
491 406
508 9
112 501
47 448
79 480
475 414
433 466
103 494
19 420
400 487
12 415
56 457
395 492
412 485
113 500
405 488
454 441
126 509
479 416
76 479
15 418
40 443
0 405
64 467
46 447
31 430
509 8
435 464
117 500
372 511
121 506
6 403
438 461
483 410
57 458
478 417
104 495
505 388
73 476
482 413
442 457
417 480
370 509
107 498
80 479
455 442
375 508
63 466
397 494
401 490
511 12
374 508
48 448
400 488
453 441
438 460
42 444
86 478
459 431
486 410
104 494
493 403
511 11
63 465
45 447
35 437
475 415
476 416
441 457
375 507
111 501
33 431
508 388
454 442
115 501
455 437
444 454
124 508
40 442
439 459
434 464
61 461
395 491
120 504
426 472
25 417
77 479
120 502
405 487
511 385
507 5
65 467
483 411
33 435
417 479
94 484
5 403
456 436
85 477
398 492
108 496
34 436
482 410
101 491
13 415
430 468
106 496
123 507
56 456
40 440
427 471
431 467
507 389
55 451
372 510
504 388
20 420
478 416
84 478
112 500
121 505
445 453
401 489
74 476
108 498
14 416
62 460
394 492
103 493
60 460
51 451
64 466
90 482
469 423
407 487
114 500
25 415
440 458
58 458
15 417
99 489
126 508
412 484
436 462
397 493
57 457
1 405
448 450
442 456
39 441
50 450
98 488
37 439
509 7
62 464
0 404
506 4
429 469
70 468
449 449
510 12
61 463
509 9
509 387
102 492
374 506
376 506
32 430
43 445
79 479
435 463
423 475
21 419
425 471
491 405
492 404
505 389
82 478
470 420
36 438
432 466
116 500
447 451
482 412
107 497
95 483
510 10
414 482
46 446
418 478
370 508
41 443
489 407
458 432
52 450
83 479
76 478
508 8
49 449
409 485
53 451
110 499
82 477
439 458
423 474
455 436
123 506
442 455
488 407
77 478
86 477
444 453
24 417
24 415
102 491
437 460
0 403
453 438
506 5
371 508
396 491
428 469
14 415
116 499
25 416
111 500
394 491
507 388
83 478
33 430
50 449
38 439
433 464
397 492
447 450
115 500
469 422
125 508
120 503
432 465
105 494
15 416
62 459
122 505
53 450
103 492
509 386
34 435
62 463
87 478
487 408
440 457
509 10
409 484
70 467
121 504
376 505
414 481
454 437
36 437
39 440
99 488
40 439
429 468
405 486
40 441
33 432
407 486
470 421
458 431
482 411
42 439
411 484
448 449
410 485
400 489
449 448
54 451
441 456
416 479
106 495
57 456
456 435
23 418
60 459
417 478
61 462
413 482
59 458
107 496
505 4
71 466
109 498
468 423
426 471
4 403
58 457
508 387
120 501
430 467
20 419
79 478
1 404
373 508
476 415
34 431
62 461
63 460
375 506
49 448
42 443
453 442
510 11
418 477
434 463
393 492
55 450
504 389
51 450
372 509
124 507
46 445
493 402
431 466
43 444
94 483
43 438
75 474
459 430
374 507
408 485
422 475
45 446
510 385
13 414
486 409
427 470
446 451
64 465
91 482
44 445
507 6
95 482
489 406
41 442
75 476
508 7
511 384
491 404
395 490
65 466
436 461
478 415
35 436
58 456
416 478
376 504
453 437
110 498
399 489
16 416
15 415
507 7
1 403
458 430
60 458
35 431
62 462
410 484
511 383
59 457
444 452
36 436
66 466
423 473
406 486
505 5
22 418
393 493
24 416
411 483
508 386
94 482
397 491
124 506
35 435
4 402
72 466
421 475
122 500
486 408
44 444
438 458
103 491
71 467
63 463
507 387
394 490
509 385
452 438
448 448
509 11
77 477
120 500
34 430
373 507
49 447
39 439
418 476
118 498
453 443
392 492
407 485
434 462
43 439
53 449
79 477
503 389
42 440
372 508
55 449
432 464
61 459
87 477
76 476
86 476
44 438
78 478
454 436
43 443
492 402
477 415
469 421
54 450
436 460
442 454
437 459
115 499
23 417
76 474
41 441
488 406
106 494
83 477
468 422
42 442
121 503
51 449
64 460
123 505
441 455
394 488
34 432
439 457
417 477
413 481
111 499
93 483
433 463
99 487
75 475
20 418
422 474
125 507
435 459
440 456
64 464
487 407
62 458
412 482
429 467
490 404
430 466
428 468
371 507
395 489
119 497
446 450
443 453
45 445
375 505
92 482
456 434
14 414
481 411
50 448
431 465
0 402
491 403
107 495
489 405
426 470
44 439
72 467
504 5
106 493
61 458
507 386
35 432
122 501
506 387
45 444
450 441
452 437
54 449
120 499
64 461
491 402
506 7
394 489
391 494
1 402
410 483
20 417
39 438
15 414
16 415
434 461
99 486
398 489
418 475
22 417
443 452
59 456
35 430
485 408
486 407
372 507
63 462
477 414
453 436
17 416
457 430
417 476
422 473
42 441
38 437
100 487
436 459
414 479
122 503
488 405
375 504
381 498
441 454
92 481
427 468
444 451
76 475
428 467
396 489
492 401
78 477
35 434
435 460
80 475
455 434
4 401
36 435
103 490
489 404
430 465
486 405
107 494
99 484
60 457
506 11
119 498
51 448
509 384
111 498
83 476
508 11
412 481
454 435
433 462
118 497
452 443
442 453
406 485
511 14
65 464
121 500
123 500
468 421
110 497
426 469
505 6
44 443
115 498
371 506
413 480
439 456
50 447
93 482
58 455
23 416
421 474
85 474
511 382
448 447
94 481
446 449
480 411
411 482
123 504
407 484
392 493
458 429
397 490
437 458
490 403
502 389
49 446
37 436
393 488
483 408
416 477
393 490
87 476
65 460
125 506
431 464
451 442
66 465
58 454
417 473
83 475
504 386
393 489
72 470
510 14
100 484
22 416
42 436
480 410
429 465
84 474
438 456
65 463
107 493
451 443
452 436
397 489
21 417
444 450
65 461
85 473
509 15
66 464
35 433
54 448
107 491
2 402
36 434
431 463
60 456
93 481
51 435
406 484
375 503
372 506
506 386
487 405
450 442
447 447
446 448
120 498
49 445
410 482
486 406
505 7
478 412
511 381
441 453
456 430
103 489
392 488
508 384
413 479
442 452
426 468
509 13
433 461
43 441
468 420
485 407
390 492
38 436
44 440
449 441
51 447
468 418
430 464
16 414
72 468
45 443
428 466
443 451
112 498
380 498
36 430
67 465
414 478
121 499
52 448
507 11
500 390
376 502
105 491
123 501
124 500
450 444
122 502
432 462
110 496
59 455
118 496
379 499
78 476
502 388
73 467
125 505
100 486
80 474
417 475
420 474
486 404
511 15
20 416
450 438
491 401
434 460
436 458
443 449
418 474
454 434
477 413
381 497
506 8
390 494
373 505
422 472
87 475
17 415
412 480
106 492
108 490
114 498
99 485
86 474
391 493
506 12
457 429
415 477
50 446
490 402
484 408
416 476
451 435
123 503
4 400
504 6
117 497
3 401
440 454
108 494
79 475
77 475
64 462
483 407
88 476
489 403
396 488
104 490
39 437
61 457
124 504
420 473
83 474
50 435
425 468
54 447
378 499
452 435
467 420
422 471
490 401
412 479
500 389
454 433
101 484
110 495
457 428
88 475
107 490
428 465
2 401
375 502
421 472
67 464
390 491
433 460
51 436
510 15
126 505
498 389
21 416
468 419
450 437
376 501
73 468
106 491
487 404
62 455
392 489
417 474
426 467
479 410
508 383
109 490
37 434
483 406
413 478
391 490
509 14
409 482
397 488
505 8
1 400
508 15
87 474
443 450
45 442
79 474
450 435
504 7
93 480
81 474
485 406
477 412
439 454
125 504
78 475
66 461
3 400
44 441
61 456
66 463
73 470
109 494
40 437
107 492
374 503
507 384
124 501
390 493
449 438
372 505
436 457
111 496
511 16
442 449
117 496
16 413
68 465
449 444
52 447
42 435
70 465
124 503
4 399
411 478
389 494
395 486
402 481
36 429
84 473
427 466
429 464
102 483
446 447
488 403
118 495
17 414
451 436
432 461
411 480
49 444
406 483
80 473
82 475
100 483
65 462
41 436
441 452
505 386
456 429
123 502
39 436
373 504
58 453
502 387
448 441
391 488
480 409
418 473
504 385
398 487
508 13
507 12
467 418
506 385
499 390
104 489
60 455
116 497
36 433
438 455
415 476
442 451
510 381
440 453
388 491
431 462
379 498
113 498
437 456
416 475
414 477
503 386
449 442
105 490
450 443
478 411
50 445
121 498
72 469
100 485
381 496
501 388
380 497
509 16
89 476
484 407
109 493
101 483
389 491
375 501
490 400
380 496
42 434
68 464
391 489
44 436
386 496
488 402
410 480
378 498
510 22
442 450
107 489
374 502
16 412
389 493
415 475
448 444
397 487
457 427
403 483
425 467
401 483
426 466
509 381
499 389
376 500
1 399
125 497
501 385
503 7
105 489
511 21
66 462
479 409
74 468
45 441
38 434
402 482
412 478
487 403
506 384
106 490
79 473
62 454
489 401
110 494
433 459
93 479
116 496
52 446
126 504
37 433
96 478
449 435
18 414
449 437
429 463
50 436
467 419
111 495
410 478
408 482
455 427
40 436
416 474
379 497
447 445
456 428
452 434
418 472
430 462
43 435
121 497
59 453
507 13
47 437
82 474
508 14
104 488
477 411
17 413
89 475
2 400
41 435
478 410
432 460
21 415
101 485
48 444
108 492
108 488
396 486
435 457
453 433
455 429
60 454
83 473
398 486
70 464
127 505
62 456
476 412
73 469
500 388
409 481
102 482
50 434
377 499
51 445
414 476
502 386
406 482
destination
