map
random512-35-3.map
pivot
362 84
agent & start
69 431
180 502
46 418
5 355
91 453
135 495
76 434
9 375
77 437
171 509
70 430
4 356
161 501
33 403
23 381
12 376
18 382
184 510
181 503
41 411
173 509
139 497
10 376
103 455
185 511
3 369
17 381
147 499
24 386
5 367
184 502
103 457
38 412
27 393
78 438
92 454
86 448
81 439
3 355
67 431
162 502
107 465
176 506
49 421
98 454
144 500
165 509
93 455
105 459
28 392
164 508
104 460
178 504
4 366
61 425
179 503
118 482
8 374
26 392
57 421
23 387
120 486
11 377
24 388
106 458
26 382
136 496
104 462
175 507
6 354
40 412
45 417
21 385
89 451
90 452
66 430
46 414
58 420
2 364
75 435
85 447
118 484
103 461
154 498
97 455
166 510
148 498
3 357
25 389
80 440
56 422
138 496
143 499
118 480
79 439
60 420
21 384
3 364
186 511
4 369
5 366
5 368
62 425
139 496
3 354
181 502
60 417
77 434
59 418
177 504
154 495
96 455
10 375
24 381
97 454
103 456
78 437
4 357
178 503
154 497
12 375
147 498
70 431
5 354
185 510
71 430
119 482
105 460
148 497
81 438
138 495
4 365
67 430
166 509
33 400
27 392
86 447
56 421
11 376
105 458
60 419
174 507
141 498
28 393
104 457
109 464
143 498
25 382
90 451
144 499
121 486
171 508
25 390
57 420
105 462
23 382
93 454
119 480
108 465
47 418
184 501
58 419
24 387
173 508
176 505
106 457
122 485
91 452
76 435
46 415
49 420
71 432
170 509
79 438
33 402
9 374
38 411
104 461
46 417
136 495
107 464
119 484
180 501
18 381
39 412
165 508
162 501
80 439
64 425
26 381
118 483
40 411
154 499
5 357
40 410
127 489
198 510
25 381
123 485
26 390
4 358
144 498
147 497
49 419
119 483
178 502
140 496
174 506
88 448
22 382
122 486
176 504
71 431
4 354
26 380
105 461
170 508
181 501
136 494
10 374
121 485
59 417
67 429
91 451
57 419
5 369
104 456
173 507
77 435
80 438
39 411
166 508
143 497
140 492
11 375
21 383
137 495
155 499
184 500
78 436
187 511
6 366
34 400
141 497
60 418
105 457
186 510
25 387
63 425
72 432
38 410
64 424
108 464
29 393
122 484
155 495
96 454
163 501
154 496
94 454
120 480
27 391
5 353
86 446
81 437
18 380
148 496
47 417
87 447
128 488
58 418
139 493
142 498
47 415
79 437
33 401
4 364
19 381
56 420
109 463
177 503
146 497
140 493
138 493
34 401
39 410
108 463
87 446
142 497
7 366
147 496
145 498
83 440
9 366
6 369
78 435
141 496
4 353
49 418
92 451
170 507
56 419
106 461
90 447
177 502
79 436
182 501
199 510
165 506
63 424
175 504
123 486
183 500
59 416
68 429
6 357
58 417
120 483
121 480
20 381
95 454
67 428
123 488
129 488
48 417
90 449
11 374
188 511
89 448
32 393
53 420
155 496
187 510
48 415
5 352
127 488
21 382
4 359
137 494
72 431
19 380
10 365
57 418
94 453
47 416
173 506
105 456
166 507
27 390
128 489
169 508
26 379
140 491
40 409
91 450
200 511
174 505
80 437
109 462
8 367
178 501
156 499
5 364
164 501
197 510
121 484
122 487
128 491
179 500
88 447
25 380
30 393
61 418
26 387
18 379
196 511
51 420
73 432
186 509
92 450
4 352
6 358
178 500
27 387
128 490
84 440
11 373
83 439
138 492
61 413
169 507
39 409
10 364
196 510
91 449
140 494
28 390
21 381
93 451
145 497
179 499
19 379
201 511
200 510
62 418
32 392
165 505
188 510
182 500
164 504
156 496
126 488
173 505
142 496
155 491
7 365
30 392
107 461
51 419
9 367
186 508
141 491
195 511
55 419
165 501
8 368
137 493
7 369
105 455
54 420
83 437
31 393
6 364
95 453
166 506
124 488
108 462
156 498
9 365
123 487
130 488
58 416
175 503
79 435
26 372
25 379
129 491
48 416
121 483
52 420
176 502
68 428
27 389
90 448
121 481
197 509
63 423
5 359
50 418
89 447
80 436
56 418
35 401
147 495
144 496
73 431
189 511
146 496
88 446
8 369
142 491
25 378
63 422
0 353
177 500
154 491
192 511
38 407
130 489
51 418
95 452
92 449
202 511
108 461
21 380
27 372
121 482
172 505
39 408
54 419
137 492
142 495
11 372
2 353
26 373
194 511
176 501
174 503
93 450
179 498
157 496
156 491
62 419
187 508
6 359
80 435
145 496
144 495
196 509
124 487
173 504
36 401
153 490
141 494
190 511
168 507
59 410
52 419
83 438
60 413
88 445
186 507
102 453
157 498
61 412
201 510
3 352
158 499
7 370
195 510
20 379
73 430
31 392
9 368
167 506
49 416
164 503
50 417
178 499
9 364
58 415
182 499
8 365
89 446
83 436
56 417
165 502
60 411
138 491
155 492
24 379
146 495
130 491
105 454
27 388
129 490
69 428
169 506
84 439
29 390
125 488
7 358
7 364
53 418
63 418
91 448
36 399
165 504
188 509
195 509
203 511
166 504
23 379
182 498
60 410
59 411
10 368
73 429
21 379
138 490
173 503
137 491
176 500
84 438
87 441
158 498
202 510
95 451
103 453
192 510
30 390
190 510
69 427
56 414
157 495
168 506
193 511
50 416
142 494
63 419
3 351
10 372
9 369
38 406
62 412
7 363
125 487
31 391
27 373
177 499
153 491
171 505
25 377
60 412
172 504
57 415
187 507
8 370
87 443
130 490
154 492
104 454
142 492
81 435
56 416
64 422
82 436
51 417
186 506
102 452
159 499
89 445
94 450
108 460
52 418
7 359
29 389
146 494
74 430
36 400
152 490
174 502
61 409
179 497
92 448
2 352
157 491
28 388
58 414
37 399
145 495
61 411
191 511
0 352
54 418
131 491
39 407
1 353
169 505
17 377
188 508
122 482
85 439
167 505
53 417
8 364
165 503
41 408
171 504
65 422
101 452
27 374
191 510
90 445
52 417
138 489
157 492
142 493
65 412
203 510
96 451
51 416
104 453
35 370
11 368
145 494
85 438
182 497
87 442
62 409
189 508
40 407
57 414
34 369
2 351
74 429
196 507
159 498
158 495
10 371
202 509
16 377
38 399
72 429
94 449
89 444
24 377
22 379
193 510
180 497
55 416
8 359
125 486
58 411
109 460
92 447
168 505
31 390
17 376
123 482
30 389
88 441
143 494
29 388
81 434
58 413
1 352
7 360
102 451
28 373
61 410
167 504
160 499
146 493
186 505
195 508
137 490
54 417
88 443
8 363
153 492
15 376
14 375
176 499
39 406
166 503
63 412
37 400
10 369
25 376
173 502
136 491
159 496
63 420
0 351
181 498
62 411
188 507
56 415
174 501
152 491
69 426
9 370
131 490
95 450
82 435
59 412
31 389
42 408
124 484
161 499
159 497
11 369
39 405
171 503
58 412
152 492
125 485
182 496
55 415
85 437
63 409
101 451
0 350
95 449
28 374
124 482
175 499
22 378
190 508
38 400
123 483
145 493
62 410
15 375
96 450
104 452
102 450
203 509
32 390
72 428
187 505
69 425
90 444
100 452
70 426
195 507
66 422
193 509
168 504
16 376
95 447
89 443
157 493
64 412
159 495
196 506
41 407
167 503
74 428
160 498
194 508
2 350
66 412
29 373
8 360
110 460
24 376
8 362
1 351
103 451
143 493
173 501
191 509
14 374
75 429
10 370
92 446
40 406
82 434
34 370
188 506
137 489
52 416
64 420
57 411
136 490
160 496
94 448
181 497
21 377
25 375
31 371
35 371
57 413
30 388
54 416
132 490
34 368
88 442
172 502
181 496
14 373
38 401
72 427
193 508
160 497
66 421
52 415
64 411
29 372
83 434
66 413
191 508
56 411
21 376
97 450
175 498
86 437
170 503
136 489
24 375
91 444
98 451
144 493
92 445
161 496
194 507
124 483
68 413
20 375
95 448
159 494
29 374
28 377
8 361
63 410
31 372
39 404
16 375
174 499
0 349
109 458
40 405
90 443
33 390
160 495
51 414
34 371
32 361
42 407
172 501
104 451
133 490
70 425
96 449
137 488
132 489
195 506
12 369
188 505
105 452
173 500
85 436
32 369
138 487
31 388
95 446
39 400
89 442
44 407
171 502
101 450
111 460
100 451
32 371
22 377
33 368
99 452
57 412
65 420
54 415
168 503
75 428
125 484
167 502
10 359
77 430
1 350
11 370
204 509
13 372
78 431
39 402
158 493
10 357
31 370
152 493
41 406
103 450
161 498
110 454
163 499
67 421
125 483
95 445
16 374
44 406
79 431
98 450
90 442
33 371
192 508
32 368
105 451
111 453
110 458
194 506
161 495
31 361
167 501
84 434
181 495
32 362
172 500
134 490
0 348
29 371
11 357
33 389
22 376
93 445
96 448
170 502
43 407
29 375
34 390
42 406
32 388
136 488
destination
