map
random512-35-8.map
pivot
269 125
agent & start
233 453
318 436
491 379
321 437
154 446
391 439
425 417
46 382
456 382
84 420
62 406
438 410
200 454
60 404
172 458
387 443
8 332
36 370
388 444
90 420
325 443
419 419
73 409
17 339
510 362
79 415
401 427
429 415
457 397
232 454
187 457
76 412
238 454
455 391
429 403
433 407
98 414
397 433
369 445
319 437
76 410
497 371
114 438
96 418
451 377
130 450
11 335
428 416
25 339
155 445
189 459
420 420
159 443
26 338
495 377
237 455
190 460
386 446
239 457
320 438
133 447
505 369
430 406
425 415
431 409
228 456
456 394
222 456
240 458
10 334
494 378
396 434
431 413
39 373
238 452
173 453
49 381
32 364
415 425
49 393
51 395
456 390
50 394
38 372
9 333
367 439
158 442
337 441
36 366
453 403
315 433
426 416
496 364
227 457
508 366
37 371
376 448
341 437
40 344
378 450
250 462
455 393
399 429
430 408
188 458
75 411
442 412
87 419
430 412
403 429
349 429
495 375
368 444
402 428
377 449
455 383
340 440
387 445
14 336
132 448
436 408
507 367
405 429
7 331
63 407
112 436
171 455
454 380
390 440
341 439
12 334
348 430
92 418
437 409
30 362
39 367
416 422
398 430
74 410
404 430
199 457
80 414
407 429
397 429
452 404
237 453
70 410
316 432
13 335
171 457
16 338
99 411
200 456
72 408
182 458
78 414
347 427
41 345
506 368
453 379
172 456
172 454
495 363
44 372
400 428
95 419
427 415
424 418
324 442
153 445
463 367
388 440
37 365
45 373
414 426
116 440
315 431
455 381
182 460
181 461
509 363
81 417
77 413
379 449
400 426
428 404
199 456
250 461
386 445
452 401
17 338
340 439
324 441
174 453
341 438
90 419
438 409
24 339
402 427
492 379
429 404
317 434
430 413
157 442
32 363
172 457
453 402
452 379
238 455
77 412
238 453
92 417
78 413
11 334
320 437
76 409
406 429
430 405
83 418
31 362
223 456
420 419
64 407
427 414
60 403
401 426
508 365
419 418
448 407
428 415
98 411
228 455
316 433
507 366
96 417
73 406
441 412
13 334
454 401
495 376
49 382
424 417
396 433
464 367
453 380
315 430
9 332
130 449
36 365
10 333
46 383
25 338
74 409
318 435
456 397
222 455
154 445
442 411
446 407
131 448
404 429
495 374
339 440
95 418
407 428
506 367
455 394
451 378
348 429
424 415
37 370
421 418
45 372
347 428
181 460
233 452
133 446
389 440
72 407
430 409
38 371
316 431
38 369
509 362
319 436
158 443
414 425
188 457
425 416
189 458
81 414
494 377
42 345
63 406
87 418
452 403
16 337
496 371
190 459
51 394
82 417
76 411
240 457
200 455
98 413
70 409
39 372
61 404
80 415
173 454
377 448
433 406
423 418
41 344
39 368
172 455
71 408
153 444
239 452
509 364
232 453
132 447
34 365
508 363
113 436
390 439
181 458
91 418
418 419
73 408
400 427
416 421
173 458
430 403
325 442
227 456
14 335
398 429
33 364
369 444
75 410
387 444
88 419
15 336
455 390
93 418
8 331
378 449
495 364
81 416
337 440
340 437
455 382
434 407
116 439
505 368
50 393
368 439
114 437
231 454
228 453
321 436
84 419
435 408
39 369
407 427
81 415
61 403
98 412
153 443
386 444
35 365
441 411
445 407
24 338
317 429
15 335
88 418
338 440
337 439
450 378
435 407
75 409
73 407
70 408
69 407
47 383
319 435
430 404
434 406
96 416
493 377
233 451
239 453
222 454
368 440
423 415
72 406
321 435
33 363
454 382
390 438
82 414
17 337
464 366
448 406
347 429
495 365
34 364
406 428
231 453
418 418
45 371
90 418
402 426
250 460
506 366
14 334
324 440
95 417
228 454
42 344
9 331
64 406
190 458
32 362
36 364
117 439
38 370
220 454
97 411
429 409
494 376
423 417
51 393
154 444
130 448
496 370
317 431
241 457
10 332
39 371
447 407
433 405
451 401
326 442
239 455
378 448
381 445
83 417
454 400
369 443
8 330
404 428
413 425
173 455
132 446
399 427
227 455
391 437
199 455
438 408
240 452
320 436
442 410
84 418
451 403
189 457
316 430
452 380
96 414
62 404
453 381
49 383
428 414
417 415
18 338
494 364
495 373
180 460
453 401
439 409
31 361
505 367
420 418
395 433
340 438
11 333
446 406
430 410
198 456
65 407
77 411
117 437
422 418
389 439
453 393
223 455
415 421
22 338
173 457
429 413
424 416
455 397
508 364
114 436
181 459
508 362
492 378
78 412
398 428
86 418
455 389
174 454
401 425
41 343
227 453
454 394
418 416
317 433
157 443
318 434
52 394
97 413
93 417
240 453
450 379
441 410
338 439
417 416
420 417
232 451
423 416
174 457
82 415
507 364
431 404
70 407
95 414
325 440
418 415
503 366
381 446
177 460
453 388
97 412
422 417
180 459
454 397
153 442
413 424
346 429
339 438
15 334
17 336
83 416
493 376
251 460
416 415
42 343
429 410
406 427
156 443
22 337
495 370
221 454
220 453
35 364
494 373
233 450
492 377
45 370
452 381
453 382
440 409
9 330
154 443
496 369
370 443
68 407
130 447
63 404
369 442
428 413
433 404
412 425
115 436
11 332
39 370
454 389
402 425
33 362
230 453
378 447
65 406
451 402
72 405
382 445
52 393
75 408
453 394
446 405
453 392
453 400
432 405
85 418
508 361
415 420
190 457
94 417
118 439
435 406
89 418
439 408
385 444
79 412
18 337
404 427
198 455
13 332
324 439
414 421
33 360
323 438
318 433
16 335
494 365
197 456
116 437
317 430
48 383
34 363
505 366
23 338
224 455
454 399
231 452
179 460
390 437
74 407
398 427
43 344
395 432
495 372
40 371
245 456
175 456
369 440
445 406
174 455
227 454
96 413
117 438
326 441
132 445
447 406
455 398
96 415
401 424
318 429
434 405
49 390
320 435
51 392
464 365
32 361
389 438
448 405
419 416
78 411
240 455
391 436
131 446
242 457
62 403
418 417
47 384
345 428
16 320
398 424
119 439
197 455
238 448
450 380
493 373
429 411
45 369
13 331
434 404
34 362
433 403
422 416
344 428
224 454
452 382
96 412
115 435
84 416
453 399
492 376
435 405
394 432
445 405
493 365
338 438
503 365
175 455
453 391
325 439
414 422
118 438
226 454
175 457
154 442
419 415
75 407
242 456
221 453
380 446
505 365
452 388
416 416
43 343
388 438
397 427
378 446
9 329
506 364
23 337
70 406
94 416
22 336
454 398
416 418
231 451
319 433
44 370
130 446
89 417
428 412
83 415
230 452
410 426
240 454
193 455
132 444
417 417
494 366
370 442
190 456
452 394
451 381
251 459
319 429
44 344
48 384
225 455
67 407
64 400
178 460
40 370
10 330
413 421
177 459
320 434
18 336
62 402
71 405
385 443
41 371
446 404
50 390
465 365
447 405
79 411
95 415
449 379
245 455
345 429
420 416
412 424
116 436
12 332
53 393
33 361
382 444
369 441
441 409
450 402
398 426
389 437
453 389
324 438
323 437
507 361
85 417
495 369
444 406
413 423
66 406
432 404
402 424
16 334
244 456
326 440
35 363
64 404
415 419
90 416
371 443
493 375
232 450
155 443
11 331
393 433
129 447
390 436
391 435
34 360
405 427
52 392
49 389
415 415
504 366
494 372
318 430
440 408
241 455
448 404
33 359
179 459
220 452
491 364
466 365
506 361
411 424
52 391
89 416
119 440
451 382
449 380
421 416
326 439
63 400
420 415
379 446
416 417
244 455
17 334
452 395
405 426
44 369
66 405
391 434
15 320
34 361
453 390
155 442
95 412
48 385
384 443
415 416
394 431
370 441
389 436
70 405
450 381
413 422
383 444
62 401
67 406
448 403
409 426
53 392
396 423
84 415
54 393
428 411
44 343
493 366
415 418
451 394
21 336
435 404
238 447
35 362
393 432
194 455
325 438
403 424
12 331
243 456
76 407
176 457
372 443
344 429
18 335
435 402
412 421
221 452
178 459
85 416
119 438
492 365
392 433
251 458
16 321
225 454
65 404
495 368
241 454
434 403
197 454
448 379
34 359
441 408
506 363
89 414
398 425
79 410
452 391
193 454
129 446
492 375
230 451
63 402
190 455
440 407
45 342
176 455
224 453
10 329
90 415
503 364
452 389
397 424
324 437
94 415
23 336
336 437
447 404
390 435
414 419
16 333
444 405
50 389
41 370
395 428
397 426
177 458
231 450
237 448
319 430
236 447
64 401
504 365
453 398
131 444
432 403
116 435
49 388
494 367
449 402
410 425
412 423
493 372
242 455
338 437
191 454
154 441
320 433
388 437
69 405
379 445
194 454
43 369
337 437
335 437
224 452
436 404
505 363
450 382
10 328
177 457
387 437
242 454
394 430
448 380
130 444
443 405
397 423
36 362
90 414
14 322
230 450
67 405
447 403
42 370
397 425
46 342
94 412
225 453
63 399
391 433
62 400
488 362
420 414
116 434
89 415
492 374
191 453
327 439
66 404
329 439
490 364
250 458
45 343
449 381
86 416
384 442
53 391
336 436
396 424
486 360
12 330
244 454
414 418
411 423
392 432
77 407
388 436
239 445
50 388
413 419
320 432
395 429
427 411
64 402
54 392
21 335
120 440
229 451
223 453
319 431
221 451
390 434
326 438
237 447
450 394
321 433
128 446
492 372
491 375
120 438
493 367
421 415
403 423
451 399
393 431
177 455
404 424
450 400
435 403
442 406
409 425
452 398
35 359
190 454
79 409
495 367
410 424
20 334
383 443
506 362
405 425
49 385
178 458
415 417
491 365
448 402
436 402
235 447
431 401
35 361
504 364
117 435
93 415
24 336
129 445
17 333
195 455
389 435
222 452
452 396
467 365
65 403
432 402
243 455
435 401
344 430
396 422
395 427
118 436
70 404
441 407
336 438
412 422
155 441
325 437
15 321
452 390
23 335
372 442
18 334
49 387
371 441
11 329
14 320
85 415
48 386
84 414
447 379
196 454
440 406
71 403
119 437
88 415
393 430
395 424
23 334
62 399
447 402
467 364
327 438
54 391
436 403
491 374
42 369
394 429
450 399
20 333
178 457
372 441
243 454
67 404
250 457
328 439
68 405
388 435
63 398
11 328
224 451
392 431
450 395
488 363
320 431
396 425
53 390
119 436
503 362
406 425
237 446
91 414
72 403
238 445
492 367
326 437
449 382
335 438
451 396
14 323
93 414
411 422
452 397
129 444
442 405
195 454
491 372
121 440
55 392
413 416
496 367
450 385
35 358
36 361
71 402
65 402
117 434
21 334
78 407
229 450
128 445
490 375
214 451
397 422
421 414
57 394
225 452
404 423
221 450
426 411
223 452
130 443
46 343
239 444
451 390
343 430
66 403
17 332
194 453
485 360
189 454
196 453
329 438
491 366
51 388
390 433
14 321
56 393
24 335
156 441
235 448
410 423
94 413
85 414
409 424
79 408
177 456
12 329
504 363
84 413
18 333
373 442
489 364
389 434
337 436
486 361
379 444
447 380
487 362
434 401
49 386
395 426
414 417
440 405
432 401
86 415
449 400
387 436
383 442
118 435
490 365
120 437
12 323
437 404
505 362
413 418
403 422
70 403
409 422
321 432
451 398
39 350
405 424
431 400
441 406
190 453
47 343
92 414
129 443
226 452
496 366
437 403
497 367
213 451
179 457
229 449
421 413
410 422
450 398
450 390
449 385
440 404
40 350
156 440
57 393
412 416
321 431
491 373
409 423
21 333
62 398
253 457
189 453
11 323
450 396
255 459
234 448
379 443
219 447
86 414
413 417
178 456
195 453
434 400
220 448
339 435
204 446
443 403
78 406
19 333
13 321
449 391
442 404
486 362
221 449
327 437
489 367
24 334
50 386
17 331
451 397
227 451
393 429
425 411
39 351
61 395
56 390
93 413
42 368
214 450
378 444
375 443
484 360
56 392
243 453
58 394
70 402
471 363
397 421
128 444
406 424
121 439
389 433
13 323
122 440
12 328
91 413
53 389
222 450
326 436
387 435
503 361
490 366
328 438
115 431
448 400
223 451
85 413
432 400
120 436
405 423
22 334
449 383
342 430
57 391
447 381
424 412
391 431
490 374
395 425
468 364
66 402
250 456
73 403
238 444
69 403
491 371
446 380
504 362
80 408
55 391
87 415
394 426
37 359
118 434
228 450
337 435
36 358
404 422
37 361
68 404
491 367
373 441
237 445
36 360
447 401
374 442
334 438
51 387
448 382
450 384
441 405
488 364
382 442
470 363
22 333
398 421
469 364
256 457
10 323
40 351
497 366
74 403
446 401
489 366
490 373
39 352
407 424
390 431
256 459
203 446
471 364
423 412
19 332
322 431
326 435
382 441
119 434
228 449
126 443
217 448
157 440
18 331
323 432
189 452
383 440
12 321
220 447
254 457
442 403
116 431
449 384
393 428
448 383
484 361
48 343
433 400
227 450
412 417
127 444
38 361
67 402
221 448
122 439
205 446
66 401
24 333
449 390
92 413
450 389
405 422
233 448
57 392
188 453
387 434
449 398
62 397
486 363
57 390
84 411
448 399
223 450
54 389
56 389
339 434
55 390
411 416
222 449
13 324
12 325
503 360
333 438
123 440
491 370
204 447
325 432
341 430
438 403
42 367
226 451
250 455
328 437
504 361
375 442
87 414
490 367
41 350
340 429
69 402
121 436
37 360
447 400
488 365
400 413
58 391
389 432
374 441
441 404
378 443
68 403
215 450
253 456
78 405
448 391
205 448
59 394
115 430
483 362
255 458
446 381
62 395
450 397
38 355
376 443
491 368
79 406
81 408
393 426
86 413
424 411
243 452
410 421
181 456
61 394
218 447
228 447
338 435
422 413
12 327
118 433
202 443
179 456
128 443
51 386
408 423
195 452
52 387
37 358
237 444
443 402
394 425
213 450
217 447
257 459
446 400
340 430
399 419
205 447
52 384
126 442
247 455
19 331
388 432
339 433
10 322
220 446
222 448
78 404
223 449
52 386
377 443
206 448
448 390
199 451
323 431
40 352
127 443
38 356
221 447
376 442
118 432
81 407
406 422
197 451
384 436
322 430
24 332
237 443
13 327
339 429
485 363
410 416
22 332
55 389
180 456
493 361
42 366
327 435
338 434
389 431
96 408
66 400
423 411
489 373
324 432
62 394
53 387
195 451
433 399
488 366
62 396
398 418
407 423
87 413
187 453
12 326
325 431
158 438
471 365
85 411
438 402
213 449
54 388
15 329
326 434
56 388
188 452
392 428
405 421
381 441
92 412
411 417
484 362
13 325
258 460
202 446
375 441
123 439
386 434
120 434
490 368
54 342
181 455
383 439
227 447
39 355
326 432
443 401
84 410
382 440
12 320
202 444
410 420
449 397
80 406
201 443
470 364
121 435
48 344
328 436
400 414
398 420
75 403
504 360
393 425
63 395
201 441
255 457
422 412
232 448
117 431
498 366
79 405
93 411
243 451
497 365
256 456
490 370
216 448
244 452
215 449
116 430
249 455
381 439
483 363
228 448
59 393
41 351
254 456
441 403
449 389
332 438
448 384
385 435
392 426
157 439
58 392
60 394
11 321
200 450
446 382
447 399
226 450
38 360
58 390
401 413
68 402
119 433
38 358
10 321
75 402
157 438
158 437
182 453
216 447
226 449
485 364
95 408
126 441
410 417
258 459
77 402
505 360
322 429
78 403
385 434
377 442
433 398
498 365
409 420
60 393
381 440
38 357
59 392
12 319
422 411
40 355
53 384
117 430
315 404
257 458
470 365
326 433
245 452
80 405
398 419
314 407
41 352
486 365
400 415
406 421
407 422
39 356
199 450
316 403
59 390
247 454
65 398
121 434
16 329
338 433
201 442
221 446
255 456
42 365
383 436
198 451
15 328
200 443
259 460
504 359
54 341
58 389
439 402
243 450
127 442
52 385
200 449
180 455
382 439
392 427
39 360
53 386
324 431
391 428
40 353
389 430
196 451
84 409
489 372
125 440
446 383
411 418
68 401
222 447
447 398
13 326
64 397
61 388
317 420
49 344
501 364
227 448
329 436
87 412
401 414
23 332
200 441
213 448
487 366
244 451
236 443
76 403
43 366
206 447
55 342
152 439
86 411
376 441
39 354
314 405
93 410
327 432
82 407
410 419
92 411
393 424
399 418
64 395
506 359
90 411
507 358
332 437
118 431
181 454
330 437
400 419
492 361
448 389
232 447
398 417
441 402
493 360
120 433
392 425
448 397
215 448
20 331
116 429
50 345
202 445
128 441
123 438
490 369
339 432
408 421
375 438
384 435
447 390
67 400
96 407
223 448
185 452
63 394
339 430
327 434
187 452
447 384
331 438
248 455
446 399
484 363
81 406
63 396
89 410
13 318
55 388
388 431
124 439
494 361
442 401
489 369
419 413
338 432
198 450
314 406
421 411
223 447
315 407
382 438
495 361
44 366
181 453
91 411
501 363
68 400
317 419
96 406
233 445
324 426
62 340
152 438
211 449
124 436
81 405
59 389
401 415
117 429
76 402
213 447
92 410
500 364
128 440
225 449
207 447
410 418
488 372
446 384
84 408
200 444
394 420
53 385
90 410
494 360
10 320
88 410
56 342
489 371
379 441
434 398
498 364
151 437
447 397
86 410
231 447
89 409
380 440
397 419
470 366
65 397
60 388
442 400
54 386
506 358
391 427
420 412
331 437
184 450
383 437
180 454
335 435
214 448
20 330
407 421
224 448
64 396
399 417
13 317
327 433
40 360
196 450
485 365
212 448
200 446
200 448
492 362
235 443
384 434
67 399
40 356
93 409
21 331
316 404
124 438
505 359
504 358
315 405
259 459
43 365
400 418
153 439
16 328
94 408
423 409
255 455
208 448
39 357
12 318
60 390
77 401
23 331
51 345
507 357
244 450
64 394
323 429
409 417
78 402
39 359
182 452
123 437
186 452
42 364
222 446
376 438
61 389
215 447
121 433
50 344
127 441
226 448
40 354
377 441
200 442
446 398
330 436
439 401
392 424
82 406
486 366
122 432
374 438
41 353
157 437
14 326
116 428
185 451
248 454
60 392
15 327
329 435
95 407
484 364
55 387
487 367
199 449
258 458
488 368
245 451
246 452
338 430
447 385
432 398
118 430
375 439
55 341
376 440
388 430
125 439
391 425
126 440
318 420
447 389
201 445
408 420
428 400
400 416
324 430
79 403
66 398
441 401
87 411
317 403
96 405
180 453
486 367
125 436
51 344
117 428
40 357
225 448
212 447
61 340
409 418
181 452
400 417
234 443
330 435
259 458
503 356
185 450
9 320
55 340
441 400
470 367
222 445
41 354
435 398
337 430
337 432
54 385
61 390
55 386
79 402
43 364
495 360
214 447
210 449
233 444
247 452
485 366
211 448
92 409
505 358
231 446
315 406
136 443
506 357
124 437
81 404
59 342
335 434
434 395
501 362
253 452
8 319
179 454
248 453
446 397
56 341
395 420
430 399
199 442
59 388
328 433
12 317
68 399
62 339
196 449
488 369
69 400
21 330
420 411
208 447
325 426
382 437
488 371
121 432
120 431
401 418
408 419
119 430
17 328
484 365
324 429
11 318
334 435
200 445
316 405
16 327
388 429
82 405
442 399
91 410
232 445
60 387
255 454
40 359
23 330
125 438
118 429
41 360
504 357
401 416
94 407
156 437
64 393
431 398
319 404
95 406
122 431
42 363
418 413
391 424
481 364
76 401
502 357
200 447
15 326
116 427
384 433
57 342
499 364
317 404
376 439
87 410
209 448
394 421
491 362
78 401
373 438
428 399
439 400
152 437
377 440
223 446
396 419
65 396
423 408
331 436
186 451
44 351
77 400
150 437
213 446
487 372
199 446
378 441
421 410
66 397
318 419
254 453
84 407
407 420
83 406
324 427
198 449
88 409
487 368
157 436
153 438
60 391
419 412
245 450
61 392
447 386
338 431
379 440
447 388
390 427
392 423
446 385
429 400
422 409
183 450
46 349
126 439
127 440
498 363
44 365
446 386
67 397
82 404
59 341
176 452
318 404
47 349
246 450
392 422
197 449
506 356
136 442
373 437
501 357
150 438
256 452
55 385
335 433
434 396
223 445
430 398
386 430
126 438
57 341
149 437
52 344
431 395
372 438
87 409
503 355
64 392
214 446
316 406
439 399
486 368
120 430
445 385
9 319
208 446
137 443
18 328
336 432
58 342
502 358
154 438
435 397
199 445
429 399
179 453
255 453
389 427
378 440
81 403
125 437
319 419
324 428
233 443
334 434
442 398
69 399
183 449
254 452
83 349
445 397
95 405
57 387
336 430
210 448
180 452
393 421
407 419
446 388
319 405
247 451
440 400
22 330
325 427
388 428
84 406
60 340
79 401
46 350
420 410
232 444
431 397
490 362
485 367
501 361
45 351
331 435
17 327
498 362
66 396
61 339
209 447
481 365
198 448
395 419
329 433
396 418
487 371
8 318
248 452
390 424
20 328
231 445
445 395
384 432
56 340
153 437
11 317
48 348
211 447
118 428
121 431
43 363
377 439
198 442
76 400
156 436
483 365
93 407
253 451
317 405
468 368
419 411
408 418
213 445
16 326
91 409
418 412
42 360
225 447
333 435
422 408
40 358
44 364
482 364
94 406
68 398
10 318
505 357
318 418
504 356
499 363
401 417
59 387
260 458
61 391
80 402
435 395
487 369
117 427
337 431
42 354
92 408
122 430
41 357
381 437
421 409
496 360
44 352
186 450
469 367
199 447
427 399
127 439
9 318
418 411
224 445
58 343
441 398
444 385
47 364
69 398
446 387
386 429
47 350
255 452
46 351
66 395
402 417
197 448
83 350
431 396
49 348
59 340
248 451
19 328
254 451
45 364
43 354
149 438
325 428
335 430
384 431
64 391
251 450
75 400
256 451
208 445
318 405
138 443
153 436
440 399
42 359
57 340
378 439
430 395
469 368
61 338
67 396
333 434
332 435
50 347
419 410
395 418
81 348
430 397
82 349
435 396
317 406
94 405
392 421
490 361
18 327
62 391
92 407
318 417
335 432
250 449
468 371
500 361
501 358
486 369
11 316
44 353
253 450
17 326
51 348
429 398
198 447
261 458
336 431
42 355
247 450
231 444
91 408
21 328
214 445
426 399
388 427
188 449
93 406
407 418
76 399
445 394
421 408
225 446
85 404
210 447
187 450
228 445
177 452
85 406
502 355
198 445
126 437
183 448
403 418
223 444
22 329
499 362
468 369
197 442
502 359
56 385
501 360
444 397
233 442
48 349
41 358
120 429
226 445
390 423
119 428
63 338
387 428
155 436
80 347
82 403
182 449
331 434
45 352
482 365
127 438
53 344
176 451
95 404
179 452
484 367
137 442
385 430
58 387
121 430
232 443
372 437
442 397
44 363
329 432
57 386
10 317
184 447
83 404
505 356
371 438
381 436
209 446
80 401
445 396
319 418
487 370
497 360
485 368
48 363
118 427
87 408
63 392
484 373
154 437
318 406
445 387
148 438
43 357
249 449
70 398
50 348
46 364
326 428
91 407
74 400
504 354
231 443
81 401
484 368
63 391
214 444
18 326
334 432
501 359
497 359
67 395
468 370
60 338
196 442
19 327
224 444
121 427
253 449
393 419
63 337
333 433
317 407
47 363
42 358
417 409
121 429
83 403
371 437
22 328
262 458
407 417
177 451
384 430
403 417
486 370
440 398
392 420
254 450
330 432
58 386
498 360
408 416
418 410
179 451
404 418
378 438
469 369
489 361
82 350
232 442
370 438
482 366
53 345
488 360
383 431
48 350
90 408
127 437
443 397
128 438
84 404
154 436
48 362
92 406
10 316
385 429
502 354
419 409
47 353
197 447
499 361
183 447
443 385
182 446
436 396
184 448
332 434
45 353
484 372
139 443
43 355
137 441
42 356
210 446
58 344
387 427
421 407
181 449
79 347
87 407
9 317
380 436
59 339
80 400
57 385
469 371
153 435
45 363
505 355
444 386
430 396
66 394
85 405
187 449
248 450
52 346
335 431
225 445
119 427
44 354
69 397
64 338
56 384
252 450
390 422
47 351
51 349
227 445
319 417
255 451
51 347
129 439
420 408
251 449
120 428
138 442
46 352
247 449
8 316
75 399
228 444
426 398
429 395
58 340
197 445
94 404
208 444
261 459
81 349
429 397
318 416
80 348
445 393
444 396
188 448
483 373
394 418
126 435
331 432
252 449
196 445
407 416
87 406
43 358
9 316
406 417
59 344
443 386
22 327
121 428
50 349
370 437
390 421
177 450
405 418
393 418
319 416
71 398
43 356
444 387
119 426
80 399
47 362
318 415
505 354
125 434
499 360
384 429
180 449
46 363
47 354
214 443
488 359
438 397
59 338
84 403
74 399
429 396
502 353
120 427
443 396
90 407
380 435
485 370
421 406
185 448
69 396
137 440
419 408
228 443
437 396
58 385
181 446
63 390
482 367
121 426
182 445
320 417
210 445
253 448
229 444
81 400
318 407
327 428
440 397
19 326
64 339
504 353
196 447
138 441
48 351
86 405
122 427
417 408
254 449
445 392
255 450
501 354
231 442
483 372
8 315
248 449
317 408
129 438
332 433
52 347
483 368
391 420
443 394
334 431
45 354
227 444
93 404
178 451
67 394
489 360
187 448
425 398
81 350
49 350
181 448
386 427
79 348
408 415
369 438
139 442
58 339
422 405
140 441
48 353
62 337
444 393
383 430
46 353
225 444
469 370
243 446
57 384
470 369
392 419
420 407
45 362
51 350
53 346
195 442
91 406
233 438
183 446
404 417
385 428
470 371
63 336
130 439
333 432
418 409
498 359
500 359
378 437
428 397
262 459
232 441
247 448
70 397
128 437
18 325
209 444
82 401
154 435
147 438
438 396
127 435
89 407
49 353
248 448
84 402
229 443
481 367
59 345
428 396
53 347
183 445
253 447
369 435
225 443
59 347
139 441
231 441
71 397
187 447
196 446
79 349
140 440
58 384
47 355
63 389
126 434
405 417
404 416
70 396
54 346
390 420
45 355
439 397
44 358
58 338
503 353
146 438
319 415
46 362
445 391
422 404
443 387
87 405
9 315
499 359
177 449
232 440
420 406
243 445
509 345
80 350
131 439
195 443
328 428
244 446
378 436
83 401
180 448
265 459
50 350
81 397
317 409
502 352
92 404
484 370
49 351
186 448
320 416
421 405
82 400
138 440
78 348
252 448
255 449
391 417
112 420
210 444
8 314
230 442
444 390
214 442
442 386
444 388
418 408
121 425
385 427
263 459
232 438
62 336
443 395
318 408
19 325
122 428
85 401
392 418
48 352
379 435
471 371
123 427
46 354
483 371
233 439
380 434
369 437
425 397
417 407
333 431
181 447
22 326
470 370
129 437
444 392
90 406
473 373
141 441
443 393
426 396
178 450
227 443
318 414
332 432
88 406
330 430
394 414
505 353
44 356
319 407
482 368
113 421
79 399
504 352
128 436
154 434
331 431
437 395
501 353
68 394
407 415
255 445
120 426
321 417
18 324
74 398
482 372
207 441
383 429
489 359
137 439
80 398
125 433
64 340
207 440
80 397
420 405
89 406
44 359
154 433
441 386
131 438
113 418
332 431
502 351
90 405
378 435
471 370
195 444
230 441
380 433
112 419
30 323
395 414
186 447
443 390
256 445
425 396
415 404
46 361
91 404
46 355
213 442
444 389
499 358
394 413
444 391
71 396
384 427
318 409
232 439
330 429
329 428
319 408
127 434
369 436
81 398
136 439
333 430
503 352
511 336
184 443
255 448
146 437
480 367
229 442
443 392
390 419
379 434
208 441
481 368
483 370
368 437
194 443
123 426
64 389
83 400
195 446
244 445
124 427
210 443
417 406
45 360
20 325
141 440
120 425
50 351
92 403
65 390
389 420
151 434
473 372
78 349
60 347
217 426
79 398
266 459
126 433
481 372
58 383
69 394
439 396
59 346
76 397
139 440
252 447
334 429
398 411
383 428
438 395
74 397
501 352
427 396
254 445
442 395
225 442
418 407
77 348
113 420
422 401
49 352
121 424
419 406
68 393
505 352
19 324
132 439
88 405
123 428
114 421
184 445
331 430
85 402
390 417
79 350
130 437
87 404
243 444
264 459
226 443
61 336
256 449
180 447
255 446
178 449
53 348
509 346
248 447
474 373
22 325
404 415
490 359
510 345
53 370
54 347
320 415
422 403
84 401
9 314
391 418
442 393
442 387
64 341
150 433
50 353
57 338
319 414
129 436
82 399
396 413
119 424
45 356
405 416
321 416
482 369
179 448
406 415
194 447
231 440
369 434
131 437
475 373
419 405
66 390
120 424
179 447
229 441
65 389
256 446
500 356
145 437
396 410
226 442
30 322
397 409
320 410
10 314
185 443
46 360
218 424
46 356
439 395
61 335
480 368
89 405
53 349
53 369
332 430
491 359
321 415
210 442
77 397
186 446
254 444
150 434
122 422
151 433
443 391
184 444
121 423
113 417
213 441
257 449
54 348
58 382
415 403
127 433
194 446
68 392
251 447
133 439
256 448
53 371
87 403
505 351
118 422
501 351
499 357
178 448
227 441
379 433
126 432
29 323
322 416
399 411
253 445
421 401
45 359
75 397
511 337
377 435
140 438
443 389
334 428
79 397
330 428
185 445
319 409
266 458
216 426
442 390
502 350
77 349
139 439
440 386
368 436
333 429
194 444
54 370
425 395
263 457
217 425
244 444
69 393
264 458
397 411
427 395
113 419
472 370
395 413
441 395
255 447
230 440
60 346
124 426
438 394
389 419
328 424
320 408
63 341
64 342
328 426
398 410
396 412
248 446
215 429
141 439
503 351
442 392
422 398
57 337
136 438
390 418
151 435
416 404
509 347
369 433
82 398
79 351
86 402
480 372
510 336
49 367
383 427
320 414
72 396
421 403
91 403
76 348
70 394
193 447
215 427
64 388
71 395
78 398
417 405
22 324
212 442
225 441
124 428
384 424
385 423
153 433
388 420
243 443
418 406
441 387
119 423
473 371
422 400
510 344
482 370
90 404
231 439
389 417
50 352
249 447
329 427
132 438
130 436
474 372
384 426
114 420
152 434
78 350
208 440
73 397
20 324
405 415
84 400
218 425
212 441
62 333
120 423
320 409
29 322
491 358
28 323
508 347
428 393
185 444
53 368
150 435
10 313
389 418
264 457
89 404
505 350
384 423
193 446
419 404
441 394
84 399
11 314
500 347
215 428
418 405
63 342
71 390
502 349
66 389
61 346
123 422
124 425
479 372
133 438
440 387
416 403
117 422
73 396
323 416
22 323
385 422
417 404
266 457
407 396
427 394
79 354
118 421
59 382
122 423
320 411
226 441
152 433
333 428
227 440
140 437
88 403
58 381
440 395
124 429
321 408
331 428
54 349
320 413
50 367
406 399
71 394
438 387
329 426
78 397
480 369
370 433
442 389
510 337
179 446
65 388
379 432
245 444
399 410
216 429
186 445
500 355
214 427
90 403
78 351
249 446
21 324
422 399
49 366
119 422
321 410
114 419
421 398
327 424
115 420
139 438
229 440
54 371
76 349
396 409
321 414
256 447
404 413
113 416
511 338
395 412
141 438
511 344
328 425
398 409
407 398
60 335
209 440
87 402
52 369
83 398
127 432
72 395
135 438
388 419
475 372
46 359
421 402
378 433
501 350
480 371
496 357
194 445
123 424
230 439
178 447
79 352
379 428
219 424
439 394
75 396
332 429
396 411
263 456
63 386
388 417
382 427
64 387
70 393
325 416
425 394
405 414
395 410
131 436
503 350
442 391
253 444
61 332
257 448
383 426
57 336
244 443
383 424
69 392
215 426
50 361
367 436
144 437
499 356
421 400
68 391
116 421
225 440
377 434
126 431
242 443
481 370
46 357
378 427
210 441
151 432
208 439
51 352
76 351
250 447
473 370
134 438
52 368
405 399
83 397
229 439
90 402
84 396
125 425
321 409
141 437
409 403
410 404
49 365
398 408
511 343
75 359
78 356
64 344
250 446
177 447
500 348
371 433
114 416
219 425
132 434
421 399
88 402
480 370
193 445
22 322
75 395
51 367
123 423
441 389
29 321
132 436
499 355
66 388
387 417
501 349
379 431
420 398
497 357
257 447
406 396
133 437
427 393
496 356
116 420
152 432
72 394
510 338
139 437
55 349
64 386
57 335
71 393
439 387
62 344
224 440
120 422
263 455
321 411
498 356
258 448
382 426
395 411
192 446
418 404
178 446
149 435
386 420
58 334
73 395
46 358
143 437
330 426
214 426
61 333
61 345
216 428
50 360
511 339
479 371
266 456
367 435
76 350
62 332
428 392
75 351
474 370
438 388
395 407
383 421
61 381
404 412
151 431
407 399
406 398
78 396
388 418
215 425
242 442
381 427
383 425
60 334
377 433
30 320
383 423
339 425
10 312
49 361
79 355
126 430
378 428
85 399
70 392
210 440
65 387
408 398
54 368
321 413
382 424
54 372
340 424
492 358
405 413
251 445
89 403
79 353
403 413
400 410
55 371
47 357
117 421
420 402
505 349
440 388
244 442
501 347
378 432
63 343
262 450
59 381
396 408
379 429
231 437
503 349
71 391
331 427
209 439
264 456
54 350
441 391
245 443
265 457
211 441
212 440
23 323
28 322
125 429
56 376
70 390
69 391
382 420
440 394
332 428
476 372
124 424
324 416
52 352
115 419
60 382
128 432
217 429
507 347
179 445
126 426
187 445
387 419
226 440
407 397
426 394
21 323
379 427
11 313
325 415
252 444
186 444
420 400
223 439
327 423
322 410
329 425
63 385
385 421
50 366
62 384
225 439
77 351
475 371
261 451
228 440
417 403
74 394
230 434
262 451
67 388
394 411
61 382
507 346
380 427
426 393
50 365
55 374
74 357
126 427
325 414
366 435
405 398
188 445
89 402
324 407
383 420
500 349
85 398
75 358
327 422
192 445
378 429
127 430
240 441
386 419
331 426
211 440
57 334
384 421
58 333
56 375
126 429
56 371
322 409
78 355
503 348
246 443
439 388
74 359
75 350
410 405
409 398
10 311
52 367
127 426
230 435
511 340
214 425
251 444
404 411
61 376
324 415
141 436
11 310
265 456
78 353
409 406
49 356
263 450
65 344
152 431
379 430
394 407
114 415
231 436
30 319
125 424
330 425
24 323
47 358
49 360
479 370
51 366
52 353
407 410
321 412
56 333
84 395
177 446
56 349
258 447
74 393
64 345
12 309
405 412
224 439
63 332
264 455
506 347
228 439
259 448
132 435
73 394
69 390
229 438
55 350
22 321
60 333
419 402
51 360
499 348
403 412
400 409
134 437
210 439
492 357
133 434
511 342
29 320
399 408
401 410
78 395
116 419
128 431
66 387
23 322
142 437
427 392
250 445
261 448
31 312
124 423
77 352
117 420
245 442
377 432
440 393
339 424
440 389
387 418
55 372
63 384
83 396
475 370
385 420
322 407
63 344
440 391
386 417
62 381
220 425
322 411
241 442
77 354
382 425
372 433
57 376
120 421
28 321
406 397
223 438
76 357
64 385
71 392
420 399
378 431
217 428
418 403
53 352
48 359
379 426
498 355
406 411
123 418
48 357
226 439
501 346
86 399
62 345
11 312
410 403
338 425
497 356
510 339
476 371
21 322
382 421
229 434
77 356
54 367
407 400
178 445
12 313
126 425
187 444
59 380
321 406
139 436
261 452
75 394
62 383
395 408
504 349
230 437
332 427
148 435
409 402
383 422
340 423
182 441
64 346
497 355
240 440
72 392
63 331
25 323
75 393
31 313
400 408
263 449
139 435
188 444
60 330
476 370
405 397
30 314
330 424
421 383
62 376
28 320
381 425
258 446
324 414
419 399
404 396
229 435
218 428
224 438
55 373
328 422
56 332
192 444
65 345
405 411
410 402
331 425
409 401
262 452
52 360
24 322
177 445
418 402
56 350
511 341
54 354
246 442
57 333
117 419
366 434
79 395
55 351
21 321
340 422
380 426
12 310
82 396
133 429
122 418
20 322
77 355
478 370
12 312
13 309
386 418
23 321
212 438
86 398
321 405
228 438
29 315
53 353
384 420
339 423
377 429
499 349
322 412
439 389
142 436
407 401
375 433
221 425
76 356
13 313
153 431
125 423
148 434
427 391
505 347
229 437
56 374
127 425
376 432
259 447
123 419
74 350
127 429
226 438
338 424
337 423
262 448
210 438
59 333
403 411
126 424
74 358
394 408
421 381
477 371
189 445
54 352
250 444
11 311
498 350
494 356
214 424
408 406
128 430
63 383
378 430
410 398
239 441
89 401
52 366
327 421
67 387
66 386
73 349
323 409
332 426
29 319
74 392
323 411
30 312
65 385
13 307
27 321
426 392
60 380
324 408
322 406
56 372
393 411
401 409
30 318
50 356
507 345
83 395
62 382
77 353
55 331
182 440
138 436
411 403
127 427
510 340
381 421
181 441
63 345
406 410
60 376
408 402
407 409
409 405
502 346
143 435
211 439
260 448
493 357
115 415
48 358
78 394
506 346
133 435
12 308
402 410
69 389
30 316
323 407
52 354
122 420
325 407
498 354
440 392
372 432
13 315
49 357
504 348
51 365
75 357
134 436
382 422
73 393
58 376
64 384
49 359
230 436
55 367
241 441
265 455
121 421
246 441
57 332
148 433
324 409
439 390
117 418
62 347
477 370
64 383
73 392
140 435
365 434
52 355
497 354
331 424
422 383
63 346
57 372
241 440
510 341
60 331
403 396
50 357
212 437
127 428
408 405
12 311
180 441
494 355
153 430
53 366
59 332
221 426
227 438
402 409
143 434
72 349
118 419
407 406
498 349
478 369
67 386
89 400
224 437
122 419
30 313
63 382
260 447
66 345
406 409
375 432
86 395
322 405
176 445
439 392
214 423
68 387
27 320
374 433
62 377
263 448
28 319
240 439
410 399
60 379
20 321
403 410
76 353
127 424
139 434
401 408
219 428
502 345
132 429
55 330
223 436
74 391
376 429
372 431
381 422
51 364
69 388
134 435
425 392
24 321
328 421
325 408
59 376
101 408
472 367
115 414
393 408
29 316
380 425
82 395
326 407
14 315
427 390
265 454
128 429
192 443
133 428
73 350
505 346
238 441
213 424
29 318
422 381
116 415
80 395
229 436
424 391
56 351
13 308
406 401
385 418
76 355
333 426
52 365
181 440
138 435
54 353
56 373
25 322
410 401
142 435
66 385
509 340
332 425
182 439
64 347
87 396
49 358
191 444
476 369
339 422
259 446
27 314
14 307
88 399
73 358
211 438
366 433
330 423
263 452
55 366
29 314
79 394
56 331
376 431
503 346
405 410
324 413
60 329
411 402
327 420
30 317
249 444
87 398
418 399
497 350
404 397
418 401
13 314
504 347
52 361
126 423
337 424
393 410
121 420
338 423
506 345
63 330
86 397
28 315
377 430
75 356
76 393
384 419
421 382
53 354
323 406
493 356
130 429
407 402
189 444
323 412
90 394
248 442
63 347
53 365
133 427
132 428
425 391
332 424
423 381
28 314
67 385
117 417
212 436
50 358
190 444
223 435
477 369
192 442
102 408
130 428
57 351
118 416
326 408
62 348
412 402
324 412
406 408
86 394
176 444
438 390
153 429
504 346
57 373
264 448
29 317
135 435
180 440
101 407
506 344
373 431
77 393
182 438
75 355
339 421
73 391
56 352
65 383
64 382
17 315
380 424
265 453
66 346
239 439
228 436
333 425
74 352
240 438
117 415
496 350
128 428
321 397
89 399
127 423
224 436
55 353
376 428
496 354
25 321
121 419
174 444
88 396
410 400
87 397
58 350
72 350
403 397
374 426
509 341
59 375
259 445
68 386
406 402
402 408
411 401
426 378
14 308
138 434
211 437
497 353
29 313
331 423
75 353
119 419
15 315
393 409
66 384
140 434
213 423
62 330
78 392
51 363
323 405
249 443
24 320
392 408
424 390
221 427
408 404
131 429
264 452
376 430
374 432
59 331
116 414
87 395
56 330
74 390
494 354
28 316
422 382
427 389
142 434
241 439
328 420
384 418
263 447
143 433
325 409
405 409
27 319
81 395
247 441
115 413
238 440
418 400
65 347
266 454
403 409
62 378
58 374
365 433
100 408
52 356
80 394
324 410
57 331
52 362
15 307
55 365
14 314
438 392
68 324
497 349
219 429
227 437
327 419
386 414
61 379
20 320
70 388
473 367
128 424
75 391
139 433
260 446
13 311
407 403
63 377
417 401
338 422
503 345
63 329
72 358
148 432
118 418
103 409
126 422
381 423
53 355
64 348
407 405
181 439
493 355
88 398
61 329
472 366
27 315
336 424
76 392
136 435
62 379
70 387
74 389
140 433
14 311
508 341
425 378
474 367
385 414
60 327
212 435
52 363
66 383
335 424
334 425
51 358
64 327
154 429
211 436
127 422
191 442
17 316
77 392
402 407
117 414
365 432
73 390
142 433
148 431
128 423
116 413
223 434
63 378
224 435
141 434
325 410
75 390
193 438
426 389
65 382
332 423
88 397
375 428
129 428
90 393
90 395
492 355
172 441
417 400
62 329
64 349
405 408
73 352
496 349
78 391
491 356
406 403
59 374
74 353
326 413
119 418
249 442
115 412
72 351
326 409
424 379
504 345
384 417
118 417
266 453
321 398
53 356
131 428
403 398
174 443
59 350
380 423
192 441
324 405
227 436
70 385
6 303
403 408
328 419
67 384
241 438
27 316
63 348
478 367
175 444
496 353
87 394
25 320
426 379
118 415
264 451
74 355
57 330
374 431
137 434
190 443
333 424
411 400
260 445
425 390
477 368
386 413
149 432
2 299
423 382
135 434
62 349
407 404
67 324
413 402
57 352
54 365
28 317
375 430
132 427
180 439
264 447
374 427
259 444
221 428
416 401
404 409
58 351
53 364
20 319
424 381
15 308
412 401
28 313
15 314
89 398
473 366
495 354
58 331
65 376
265 446
27 318
85 392
325 412
425 380
100 407
61 328
248 441
104 409
66 347
103 408
72 357
52 357
81 394
86 393
322 397
69 386
220 429
438 391
238 439
68 323
18 315
375 426
139 432
56 353
437 392
120 419
505 344
58 373
212 423
392 409
338 421
181 438
490 357
374 430
266 452
474 366
137 433
86 388
70 386
119 413
21 319
404 408
265 451
329 419
74 354
194 438
103 407
99 407
59 373
1 297
477 367
90 396
15 309
7 303
385 415
71 387
65 377
386 412
405 407
100 406
506 342
81 393
56 354
491 355
14 312
221 429
179 439
478 366
412 400
18 316
72 352
67 323
425 389
337 421
192 440
414 402
87 393
149 431
19 317
365 431
25 319
374 428
59 351
222 432
65 381
64 350
128 422
115 411
495 353
116 412
66 348
64 326
379 423
333 423
322 402
437 391
28 312
69 385
58 330
266 446
242 438
118 414
376 426
325 411
2 298
71 357
68 384
406 404
425 381
265 447
435 391
117 413
224 434
61 349
57 353
140 432
424 378
173 441
193 437
237 439
54 364
66 324
3 299
384 414
104 408
403 407
322 398
66 382
248 440
63 349
20 318
366 430
249 441
326 410
188 440
136 434
15 313
89 397
88 394
60 326
334 424
6 302
212 434
489 357
131 427
53 357
119 417
382 408
52 358
172 440
180 438
490 356
211 423
63 379
495 349
492 354
89 393
327 413
381 407
335 423
77 391
66 376
507 341
223 433
57 329
4 300
323 403
76 390
73 353
426 380
120 418
503 343
129 427
413 401
84 392
326 412
496 352
53 363
19 315
71 351
424 382
73 389
258 444
189 441
211 435
324 404
416 400
65 325
141 433
383 417
68 322
63 327
391 409
61 327
423 379
475 367
64 378
504 344
154 428
227 435
403 399
135 433
260 444
175 443
16 314
85 391
190 442
62 328
27 317
259 443
495 348
87 388
413 400
510 321
492 345
105 408
175 442
211 424
54 363
378 423
120 417
476 367
365 430
65 380
210 423
136 433
224 433
383 406
381 408
248 439
71 356
503 342
62 327
491 354
379 408
76 389
190 441
111 408
495 346
21 318
405 404
3 298
60 351
323 402
4 299
63 350
66 377
173 440
20 317
55 356
6 301
61 350
421 376
120 413
221 430
15 312
192 439
26 317
88 393
178 439
68 321
223 432
129 426
54 357
141 432
135 432
7 302
330 419
100 405
71 386
328 413
488 357
116 411
386 411
65 324
335 422
57 354
504 343
364 431
25 318
492 353
68 383
58 329
118 413
90 397
191 440
249 438
425 388
324 403
84 391
104 407
66 381
66 349
415 400
72 385
475 366
222 431
63 326
490 355
67 322
237 438
422 379
377 424
382 417
222 429
85 390
373 428
129 422
73 354
64 325
99 406
172 439
174 441
478 365
149 430
391 410
506 341
119 414
71 352
242 437
65 378
436 391
505 342
416 399
508 325
374 429
257 444
489 356
69 384
387 412
16 311
262 445
53 358
86 391
323 398
327 412
266 447
189 440
477 366
423 378
212 433
383 416
322 401
427 380
414 401
412 399
435 390
261 444
57 324
211 434
16 309
403 400
419 376
70 357
324 397
28 311
86 389
15 310
5 300
266 451
425 382
404 407
144 431
382 409
367 430
236 437
322 399
379 422
249 440
61 326
382 407
376 425
73 388
1 296
405 406
72 353
267 452
65 350
81 392
326 411
188 439
384 415
334 423
2 297
155 428
194 437
383 408
16 313
64 379
495 352
226 435
131 426
424 383
59 372
336 421
179 438
258 443
507 340
19 316
77 390
89 392
174 440
3 297
188 438
54 362
130 426
262 444
66 380
405 405
263 445
261 443
266 450
503 325
403 401
4 298
61 351
68 382
367 429
82 392
325 397
330 412
330 418
419 377
415 399
56 356
225 433
2 296
507 325
72 384
479 365
72 386
237 437
236 436
404 406
54 358
67 321
73 387
87 391
379 421
65 379
210 424
191 439
510 322
421 377
59 371
118 412
66 350
412 398
391 411
129 425
222 430
70 352
382 410
57 355
178 438
494 346
72 354
57 325
66 322
8 302
121 417
427 381
364 430
331 419
382 416
105 407
1 295
195 437
328 412
58 324
334 422
351 409
436 390
325 403
380 408
323 399
59 353
12 304
145 431
9 303
204 438
7 301
420 376
383 407
55 357
177 439
57 323
25 317
194 436
494 352
83 391
112 408
373 429
175 441
506 340
388 412
69 383
495 351
71 353
136 432
387 411
240 436
86 390
489 355
190 440
27 311
508 324
16 310
117 411
478 364
66 378
99 405
376 424
242 436
211 433
85 389
143 431
249 439
121 415
266 448
76 388
113 407
477 365
414 400
71 355
120 414
490 354
149 429
493 353
176 440
475 365
144 430
91 397
223 431
212 432
63 351
22 318
6 300
381 417
382 406
379 409
17 311
413 399
111 407
156 428
224 432
21 317
77 389
65 351
511 321
424 384
58 354
476 366
88 392
425 387
381 409
363 431
140 430
20 316
193 435
70 356
141 431
226 434
378 422
324 402
137 431
250 438
62 326
16 312
257 443
64 324
267 451
504 342
130 422
329 413
250 440
493 345
332 420
87 389
422 378
322 400
426 382
495 347
377 423
327 411
58 328
258 442
404 404
324 398
488 356
383 415
336 420
384 408
492 346
172 438
324 401
210 425
344 413
425 384
58 355
178 437
2 295
10 303
130 425
266 449
189 438
493 352
88 391
475 364
224 429
24 317
502 325
351 410
71 354
476 365
421 378
404 405
509 330
382 415
146 431
427 382
71 384
59 370
82 391
330 411
92 397
56 357
6 299
17 306
58 327
364 429
250 439
369 430
241 436
98 405
204 437
140 429
8 301
112 407
22 317
226 433
147 430
58 323
508 323
106 407
239 436
114 407
234 429
489 354
385 408
382 405
402 401
209 424
18 303
77 388
328 411
121 416
195 436
426 383
60 353
418 395
504 325
488 355
65 320
66 321
257 442
494 351
139 430
403 402
203 438
428 381
175 440
329 414
334 421
73 386
173 438
4 297
70 383
7 300
66 351
267 450
117 410
332 419
436 389
384 407
190 439
210 433
329 412
172 437
174 439
63 324
143 430
193 434
177 438
26 311
479 364
65 322
388 411
64 323
21 316
60 323
505 340
148 427
62 325
70 353
54 361
57 322
83 390
136 431
493 346
12 303
413 398
75 386
234 431
62 351
17 312
381 418
376 423
389 412
511 320
9 302
130 423
55 358
379 420
504 341
149 428
156 427
477 364
68 381
390 411
224 431
377 422
142 431
323 400
118 411
363 430
212 431
57 326
69 356
330 417
350 409
66 379
420 377
378 421
59 354
331 418
115 406
326 403
492 347
25 316
367 428
372 429
263 444
111 406
121 414
84 389
122 415
225 432
335 420
426 387
223 430
261 442
414 399
325 398
211 426
194 435
494 347
236 435
262 443
380 409
61 352
507 326
87 390
242 435
70 355
381 410
509 322
508 327
251 440
17 310
415 398
192 433
368 429
379 410
330 413
138 431
503 324
148 429
137 430
74 387
5 298
333 420
240 435
238 437
176 439
11 304
380 418
335 419
224 430
210 432
177 437
191 433
332 418
402 402
24 316
141 429
349 409
403 405
67 351
77 387
385 407
389 411
10 302
267 449
325 399
131 423
504 340
414 398
133 421
68 356
56 358
98 404
429 389
138 430
368 428
173 437
57 327
66 352
380 410
55 361
175 439
369 429
193 433
203 437
106 406
123 415
211 431
502 326
425 385
60 322
262 442
147 427
420 378
209 425
263 443
78 388
225 431
508 330
26 312
331 413
212 428
64 320
4 296
117 405
238 436
56 362
147 429
64 322
507 323
241 435
117 409
242 434
508 322
156 426
19 313
146 430
7 299
505 339
5 297
508 328
511 319
57 319
84 388
326 402
69 353
195 435
19 303
136 430
426 384
62 324
83 389
386 406
116 406
370 430
428 382
362 430
488 354
235 431
234 430
76 386
381 415
118 410
113 405
227 433
17 305
122 414
3 295
61 323
387 409
436 388
363 429
60 354
71 383
2 294
237 435
172 436
330 414
386 408
479 363
67 379
18 306
60 370
58 322
122 416
190 438
11 303
149 427
132 422
343 413
329 411
211 427
506 326
112 406
58 356
426 386
65 321
22 316
8 300
367 427
88 390
509 329
378 420
493 351
210 426
18 304
342 418
114 406
74 386
70 354
82 390
174 438
507 327
6 298
506 324
505 325
344 414
142 430
56 326
476 364
92 398
18 312
334 420
427 383
475 363
225 429
381 411
417 395
62 352
21 315
418 394
350 410
324 400
192 434
8 298
18 310
204 436
345 413
381 405
235 429
130 424
503 323
493 347
20 314
371 429
56 360
376 422
504 324
234 432
208 424
333 419
69 381
251 439
194 434
257 441
253 439
331 417
70 382
328 410
62 353
56 359
116 407
194 433
488 353
147 428
386 407
58 319
256 441
58 357
235 430
69 380
68 379
430 389
376 421
380 411
17 304
7 298
504 339
140 427
510 319
331 416
402 405
414 397
325 400
379 418
235 432
118 409
342 417
79 388
132 423
4 295
69 354
241 434
387 406
226 429
142 429
93 398
473 362
23 316
57 320
191 434
334 419
345 412
330 415
506 327
438 385
328 405
149 426
120 409
507 328
263 442
437 386
329 410
504 323
225 430
174 437
263 436
113 404
428 383
67 352
380 405
11 302
503 322
190 437
228 433
205 434
24 315
505 324
134 421
211 428
9 300
503 340
4 293
89 390
347 420
476 363
138 429
136 429
173 436
474 363
59 322
123 416
330 405
146 429
416 395
157 426
57 362
122 413
381 414
106 405
20 303
253 440
78 387
493 348
479 362
209 426
238 435
211 430
420 379
418 391
190 433
343 414
487 354
331 414
252 439
61 354
19 310
333 418
387 408
362 429
139 428
82 389
21 314
349 410
389 410
370 429
257 440
98 401
9 298
196 435
56 327
19 312
68 355
377 420
502 327
143 428
401 402
116 405
212 429
119 410
112 405
56 361
367 426
10 301
98 403
328 409
64 321
176 437
26 313
492 351
62 323
237 434
59 356
429 388
227 432
71 382
426 385
131 424
74 385
117 404
3 294
83 388
18 305
60 369
204 435
70 381
326 401
175 438
262 437
418 393
25 314
77 386
5 296
210 431
368 427
208 425
20 313
436 387
133 422
343 418
508 329
114 405
202 437
57 358
268 449
508 321
388 409
506 323
68 354
120 408
329 397
263 441
117 407
114 404
194 432
143 427
98 402
25 313
329 407
7 297
23 315
72 382
370 428
506 328
152 426
402 404
57 361
487 353
134 422
329 409
501 341
387 407
376 420
132 424
388 408
146 428
342 416
346 412
507 329
16 304
330 406
58 362
90 390
136 428
74 384
60 368
329 405
61 355
175 437
62 322
63 353
116 404
429 387
123 413
378 418
328 408
347 419
24 314
252 438
416 394
362 428
344 418
57 359
9 299
414 396
210 428
505 323
69 379
78 386
508 320
334 418
431 389
119 409
419 379
473 361
209 431
97 401
257 439
139 427
157 425
401 405
124 406
333 417
380 414
509 319
436 386
438 384
380 404
204 434
504 338
142 428
67 353
491 351
241 433
79 387
476 362
150 426
59 321
20 304
55 327
348 410
63 321
19 305
326 400
343 415
196 434
170 430
347 421
264 436
474 362
328 404
256 440
417 391
57 363
6 296
347 411
348 420
205 433
228 432
345 419
237 433
428 384
59 357
58 320
138 428
488 352
418 392
487 351
504 322
124 416
190 434
400 406
268 448
377 411
416 388
112 404
58 358
507 321
263 437
236 430
11 301
22 314
379 417
254 440
145 429
262 438
141 427
3 293
5 293
201 437
236 432
67 355
20 312
330 404
262 436
203 435
238 434
105 405
368 426
174 436
19 311
427 385
332 416
82 388
503 339
5 295
158 426
505 327
493 349
349 411
77 385
380 406
14 304
255 441
211 429
210 430
70 380
58 364
4 294
226 430
94 398
264 442
486 354
331 415
237 429
478 362
191 435
502 328
506 322
208 426
389 409
258 438
380 412
381 413
59 319
437 385
190 436
401 403
264 441
159 426
207 432
125 416
258 437
376 419
503 338
329 408
500 341
206 433
118 407
72 381
195 432
10 299
330 407
133 424
60 367
96 399
371 426
252 437
209 428
203 434
189 436
369 426
474 361
263 440
12 301
375 410
418 379
479 360
177 434
417 392
150 425
111 404
145 428
327 400
237 432
62 321
361 428
227 430
138 427
104 405
144 427
346 419
7 296
152 425
379 412
506 333
379 406
58 365
478 361
334 417
11 300
170 431
22 313
501 340
197 434
6 295
415 388
68 377
95 398
328 403
504 321
506 329
504 327
438 383
377 410
430 387
176 435
380 413
134 423
428 385
503 328
400 405
60 357
69 378
209 430
151 426
3 292
67 354
59 320
97 400
379 404
79 386
505 322
508 319
153 424
170 429
24 313
241 432
239 434
175 436
237 430
61 356
436 385
208 427
332 415
178 431
416 389
115 404
370 427
171 430
487 352
139 426
507 320
158 425
388 407
401 404
477 362
74 383
378 417
20 305
59 358
23 314
379 414
486 353
64 373
200 437
5 294
14 303
58 361
329 398
78 385
204 433
416 391
348 421
343 416
142 427
136 427
416 393
330 397
431 388
82 387
115 398
492 349
345 418
344 417
399 406
99 402
228 431
330 409
414 395
505 328
208 431
329 404
348 411
489 352
255 440
237 428
413 396
157 424
119 408
256 439
64 353
94 397
417 388
347 412
268 447
263 438
123 406
58 363
378 411
143 426
389 408
141 426
54 327
15 304
20 311
90 391
91 390
124 413
58 359
210 429
264 437
490 351
190 435
487 350
21 312
124 405
71 380
257 438
506 335
261 436
419 380
143 425
478 360
59 363
172 430
125 415
65 353
375 409
114 402
475 361
204 432
413 395
91 391
60 358
115 399
64 372
377 417
361 427
268 446
20 306
257 437
415 391
437 383
113 401
477 361
111 403
100 402
506 330
8 296
490 350
505 335
333 407
417 387
75 383
500 340
488 350
6 294
486 352
24 312
378 404
62 320
61 357
417 379
376 418
263 439
489 351
431 387
118 406
505 321
97 399
70 378
418 380
209 429
328 400
207 427
253 437
137 427
175 435
78 384
256 438
206 432
154 424
228 430
435 385
505 329
178 432
349 421
125 413
237 427
159 425
189 435
371 425
376 410
265 437
122 406
479 359
508 316
79 385
119 407
66 354
330 408
207 431
379 413
398 406
237 431
11 299
503 329
202 434
94 396
60 320
12 300
330 398
369 425
429 385
22 312
238 428
260 436
378 406
69 377
238 432
370 426
329 403
347 413
115 403
96 398
21 311
60 366
346 418
54 326
61 321
145 427
509 315
14 302
208 430
123 405
333 415
65 373
378 412
240 432
400 404
377 409
416 390
170 428
267 443
504 328
436 384
203 433
331 397
416 392
124 414
58 360
502 338
136 426
328 402
334 416
418 388
348 412
68 376
152 424
389 407
239 433
79 383
59 365
151 425
104 404
158 422
114 400
3 291
208 428
171 431
177 433
250 434
254 438
134 424
507 319
95 397
82 386
142 426
177 431
264 440
64 354
345 417
197 433
15 303
16 302
255 439
506 332
415 393
415 389
195 431
23 313
116 398
112 402
81 387
62 356
506 334
72 380
200 436
13 301
430 386
53 327
261 435
139 425
157 423
92 390
378 416
176 434
491 349
344 416
160 426
95 396
238 431
370 425
69 376
70 377
112 401
333 408
119 406
79 384
377 404
504 329
510 317
331 398
334 397
257 434
332 397
264 439
261 434
53 326
207 428
15 302
484 345
239 426
377 406
73 380
389 406
228 429
198 433
104 403
61 366
508 317
9 296
59 360
378 405
430 385
142 425
177 432
117 398
360 427
500 339
350 421
23 312
378 415
329 400
157 420
505 330
203 432
267 444
435 384
333 414
505 334
97 398
126 407
329 402
485 352
159 422
154 423
431 386
417 380
64 371
80 385
110 403
477 360
152 423
60 365
484 353
159 424
415 392
151 424
501 338
76 383
96 397
206 431
161 426
273 448
505 320
509 316
505 332
240 431
376 417
115 400
508 315
257 436
255 438
376 409
348 413
202 433
346 417
507 318
171 428
413 394
153 422
170 427
208 429
397 406
174 433
116 399
200 435
345 416
502 337
137 426
114 401
111 402
21 306
126 415
418 387
399 404
92 391
254 437
100 397
16 301
265 438
201 434
499 340
22 311
436 383
172 429
135 424
123 404
475 360
349 422
12 299
328 401
78 383
14 301
197 432
60 359
239 432
331 408
398 405
415 390
251 434
172 431
268 445
478 359
138 425
259 436
4 291
65 354
188 435
175 434
378 413
7 294
196 431
157 422
83 386
238 427
125 414
81 386
145 426
504 335
490 349
332 407
61 320
267 442
334 415
66 373
60 363
268 443
62 357
122 405
489 350
250 433
65 372
136 425
488 349
101 402
115 402
483 353
478 358
202 432
484 352
489 349
65 371
374 418
376 408
504 334
331 399
504 332
70 376
434 384
269 441
507 317
8 294
418 382
61 319
390 406
81 385
101 401
64 356
66 372
65 355
376 416
332 398
359 425
332 408
484 350
504 330
239 431
207 429
334 398
389 405
265 439
100 396
260 434
414 392
483 345
126 408
485 349
122 404
417 381
53 325
176 432
77 383
161 425
251 433
160 424
398 404
418 384
329 401
76 382
499 325
84 386
346 416
485 351
511 317
330 400
60 362
126 414
136 424
98 398
500 338
184 432
486 348
172 428
257 435
111 401
173 431
257 433
52 326
413 393
254 436
377 413
333 397
13 299
198 432
360 426
239 427
507 315
142 424
10 296
399 403
157 419
199 433
229 429
377 415
61 365
159 421
414 390
93 391
67 373
268 442
502 336
71 377
335 415
349 413
95 395
501 337
5 291
397 405
173 423
351 423
23 311
153 421
255 437
109 403
151 423
171 427
350 422
431 385
157 421
127 407
435 383
80 384
418 386
64 370
505 319
333 413
104 402
60 360
476 360
268 444
498 340
7 293
370 424
258 434
83 385
377 405
203 431
375 417
373 419
73 379
117 399
121 405
116 402
206 430
272 448
146 426
14 300
268 440
119 405
510 316
22 306
9 295
62 366
102 402
240 426
484 346
154 422
334 414
188 434
269 445
174 432
259 435
200 434
115 401
172 422
63 357
99 397
118 398
137 425
175 433
508 314
15 301
377 407
110 402
173 427
197 431
273 447
96 396
248 433
63 366
172 423
360 425
109 402
197 430
376 413
70 375
374 417
154 421
359 424
64 357
231 426
504 319
128 407
64 369
8 293
332 409
156 421
390 405
497 338
199 432
269 444
256 435
391 406
262 431
502 335
10 295
162 425
431 384
120 405
145 424
484 351
121 404
159 420
104 401
23 310
172 427
476 359
259 434
475 358
69 374
171 422
347 416
9 294
335 414
116 401
71 376
102 401
97 396
418 383
504 331
61 318
76 381
482 345
183 432
198 431
184 433
376 405
187 434
22 307
258 433
268 439
331 400
77 382
15 300
333 412
511 316
175 432
333 398
251 432
7 292
82 383
498 339
240 427
506 317
60 361
332 399
484 347
484 349
53 324
142 423
501 336
200 433
84 385
417 382
150 423
252 433
254 435
2 273
478 353
161 424
118 397
96 395
330 401
396 405
370 423
352 423
196 429
486 347
203 430
117 396
503 334
73 378
201 432
376 407
155 422
507 314
334 413
372 419
489 348
5 290
373 418
269 442
158 419
118 399
146 425
349 414
375 416
173 424
499 338
266 439
206 429
117 400
270 441
68 373
255 436
127 408
110 401
129 408
137 424
239 430
229 428
397 404
483 352
118 395
398 403
413 392
350 413
331 402
389 404
81 384
351 422
272 447
412 393
51 326
65 370
65 356
485 348
483 346
13 298
100 395
418 385
127 414
173 426
413 390
117 402
93 392
257 432
99 396
499 326
98 397
273 446
194 427
434 383
377 414
126 409
174 431
267 440
61 364
498 325
478 357
506 315
14 299
399 402
241 426
67 372
254 434
191 431
127 413
247 433
173 425
65 357
54 324
348 416
121 403
183 431
484 348
251 431
188 432
504 318
155 421
64 358
62 360
202 430
94 392
267 439
240 428
486 346
144 424
231 425
374 416
127 409
72 376
383 403
498 338
50 326
499 327
502 334
185 433
511 315
270 442
416 382
390 404
14 298
142 422
98 396
417 383
161 423
7 289
137 423
146 424
505 313
15 299
197 429
332 402
70 374
7 291
95 391
194 426
96 394
66 370
501 335
129 407
108 402
354 424
99 395
6 290
13 297
333 399
77 381
372 418
483 347
332 400
11 295
475 357
376 414
391 405
398 402
332 410
118 402
395 405
120 404
261 431
118 396
479 353
110 400
483 351
198 430
118 400
331 401
229 427
375 415
109 401
413 391
249 431
373 417
375 407
272 446
64 366
194 428
10 294
175 431
160 420
192 430
84 384
397 403
71 375
477 357
335 413
67 371
128 408
360 424
117 395
9 293
350 414
260 432
478 354
252 432
230 426
130 408
187 433
83 383
193 429
149 423
506 316
258 432
1 273
24 294
158 418
147 425
250 430
172 424
24 310
262 430
69 373
412 392
61 317
164 426
196 428
205 429
255 435
489 347
270 444
64 368
273 445
434 382
128 406
353 423
336 414
119 397
24 306
118 394
506 314
503 331
62 364
23 309
476 358
172 426
384 404
369 423
334 412
145 423
375 413
248 432
200 432
497 337
396 404
381 399
73 377
431 383
478 356
95 393
61 361
352 422
103 401
473 357
362 424
2 272
352 420
81 383
375 405
417 385
174 426
23 307
482 346
259 433
239 429
163 425
117 401
242 426
74 378
498 326
241 427
129 409
171 423
0 272
504 317
416 383
25 306
375 406
24 309
0 273
481 352
159 418
250 429
259 432
15 298
65 368
260 431
431 382
191 430
354 423
0 271
82 381
23 308
11 294
473 356
120 403
119 394
158 417
353 420
333 400
130 407
240 429
8 289
500 335
249 430
118 401
246 433
117 394
381 398
271 444
174 425
397 402
128 413
197 428
128 409
119 396
147 424
95 392
481 346
479 352
144 423
50 325
252 431
199 430
391 404
384 403
412 391
10 293
333 402
189 432
482 347
200 431
164 425
333 410
97 394
434 381
14 297
349 416
107 402
396 403
61 316
159 414
254 433
16 299
81 382
474 357
175 430
394 405
129 406
24 305
68 371
23 294
1 272
54 323
96 393
143 422
83 382
267 438
430 381
188 431
361 424
84 383
69 372
17 300
332 401
497 326
272 445
66 369
165 426
24 295
72 375
270 443
171 424
255 434
415 382
64 359
483 348
65 358
137 422
433 382
505 316
71 374
261 430
497 336
138 423
382 399
380 397
372 417
273 444
183 430
353 422
7 290
373 416
201 430
476 357
162 423
160 419
383 402
74 377
251 428
502 331
186 433
253 432
248 431
78 381
108 401
119 402
352 421
177 424
416 385
369 422
155 420
478 355
192 429
505 314
190 431
334 411
158 415
229 426
63 364
362 423
499 328
375 414
8 291
504 313
149 422
350 415
374 413
95 390
24 307
487 346
98 395
242 427
63 360
348 417
103 400
241 428
482 351
231 424
109 400
511 314
498 337
336 413
196 427
65 366
501 334
194 425
193 428
62 361
205 428
172 425
488 347
355 424
62 363
385 404
259 431
190 430
24 296
411 391
144 422
374 414
385 403
66 366
159 417
380 396
164 424
250 428
494 340
498 328
67 369
75 377
81 381
66 368
68 370
341 411
16 298
66 358
64 360
185 431
267 437
63 361
249 429
242 428
334 402
252 430
186 432
194 424
177 425
171 425
500 334
148 422
510 314
176 424
499 329
511 313
254 432
272 444
477 355
157 415
96 392
18 300
488 346
25 307
361 423
106 402
369 421
383 399
155 419
197 427
128 410
351 415
431 381
119 401
82 380
396 402
353 421
204 428
23 295
147 423
158 416
70 372
139 423
381 397
248 430
98 394
129 405
140 422
120 394
160 418
60 316
391 403
117 393
116 394
65 359
242 430
476 356
433 381
374 406
24 308
473 355
382 398
187 431
271 443
503 317
415 385
504 316
334 410
4 270
480 352
415 383
10 292
137 421
71 373
261 429
493 341
1 271
502 332
143 421
78 380
19 299
386 404
96 390
394 404
97 393
120 402
416 384
489 345
165 425
65 365
372 416
362 422
200 430
336 412
245 431
50 324
241 429
189 431
64 364
163 423
500 330
192 428
49 325
383 401
61 315
482 350
103 399
229 425
23 305
354 422
253 431
175 425
9 291
175 429
498 336
160 414
65 367
11 293
255 433
243 427
230 424
191 429
231 423
15 297
159 415
333 401
120 396
487 345
176 430
349 417
62 362
247 431
97 391
69 371
73 375
382 400
130 406
54 322
128 412
355 423
246 432
260 430
17 299
84 382
482 348
9 289
504 314
8 290
474 356
74 376
251 429
481 351
430 380
184 430
0 274
335 411
108 400
497 327
24 304
481 347
414 382
0 270
198 427
121 394
272 443
161 414
103 398
159 416
359 422
243 428
5 270
65 360
393 404
481 348
253 430
176 425
19 298
169 426
16 297
492 341
489 344
23 296
153 418
361 422
19 300
493 340
254 431
120 401
414 383
502 317
176 429
13 292
70 371
115 394
356 423
386 403
98 393
76 377
156 417
9 290
170 425
161 412
431 380
199 428
160 415
368 421
82 379
229 418
0 275
498 329
79 380
259 430
23 304
413 386
160 413
494 339
0 269
144 421
350 417
255 432
193 422
81 380
268 437
63 362
247 430
392 403
500 331
191 428
59 316
166 425
193 424
139 422
155 418
228 425
203 428
413 382
195 424
246 431
147 422
395 402
200 429
497 328
394 403
69 370
334 409
97 390
64 363
229 424
351 416
340 411
50 323
80 381
165 424
67 368
411 390
157 416
60 315
387 404
250 427
260 429
335 410
120 395
72 373
481 350
372 415
369 420
244 431
480 351
66 367
354 421
151 418
383 398
25 308
185 430
503 314
107 400
337 412
4 271
432 381
498 335
54 321
26 307
74 375
499 330
482 349
383 400
381 396
373 406
84 381
194 423
499 334
186 431
97 392
358 423
116 393
204 427
248 429
18 299
48 323
510 313
474 355
501 332
500 333
334 401
129 412
488 345
1 270
373 414
130 405
189 430
140 421
243 430
175 428
22 295
138 421
163 422
66 365
65 364
131 406
128 411
382 397
504 315
67 358
476 355
252 429
51 324
192 425
106 401
75 376
231 422
341 410
49 324
384 401
415 384
11 292
190 429
160 417
242 429
384 399
481 349
259 429
432 380
64 362
139 421
104 398
474 354
373 407
480 350
192 424
66 364
67 359
337 411
161 417
5 271
394 402
51 323
386 402
98 392
497 329
368 420
65 363
195 423
358 422
272 442
72 372
48 322
492 340
335 409
361 421
67 365
169 425
335 401
189 429
407 393
369 419
166 424
68 358
168 426
59 315
151 419
186 430
383 397
120 400
147 421
103 397
164 418
161 411
138 420
249 423
155 417
500 332
145 421
372 414
74 374
371 407
156 416
488 344
385 399
393 403
193 421
66 360
193 423
249 427
247 429
228 418
11 291
382 396
121 401
106 400
503 315
176 428
204 426
243 429
244 430
22 296
336 410
161 415
165 423
413 383
1 275
85 379
385 401
387 403
230 422
99 393
228 424
185 429
412 386
360 422
76 376
160 416
229 423
97 389
200 428
202 428
164 422
80 380
411 389
153 417
121 395
73 373
502 316
191 427
111 395
367 421
85 381
250 424
357 423
355 421
82 378
269 437
81 379
253 429
70 370
54 320
26 308
255 431
154 418
351 417
69 369
499 333
18 298
13 291
146 422
476 354
67 367
191 425
498 330
140 420
1 269
493 339
12 292
22 304
192 426
17 297
384 400
498 334
229 419
71 371
341 409
115 393
502 314
6 270
190 428
475 355
175 427
246 430
160 412
131 405
199 427
4 272
129 411
510 312
356 422
248 428
414 384
23 297
499 331
20 300
20 298
10 290
75 375
413 385
339 411
49 323
198 426
372 406
176 426
159 411
152 418
336 409
65 362
383 396
271 440
5 272
491 340
493 338
68 359
196 423
273 442
21 302
152 415
164 419
73 372
249 426
355 420
77 376
194 421
121 400
66 361
480 349
476 353
70 369
68 367
168 425
165 420
147 420
373 412
66 363
69 368
150 419
11 288
177 428
111 394
191 426
367 420
490 341
145 420
165 422
475 354
356 421
130 411
155 416
159 410
258 429
104 397
20 301
123 400
1 268
488 343
98 389
85 380
501 314
341 408
411 388
53 320
479 348
115 392
335 408
22 297
200 427
502 315
154 417
21 296
372 413
51 322
497 330
478 351
139 420
87 378
186 429
112 395
274 441
498 331
11 290
152 417
6 271
229 420
340 409
193 420
86 379
20 297
360 421
167 424
272 441
509 312
67 360
160 411
408 391
371 406
192 423
372 407
252 427
22 303
166 423
396 399
357 422
406 393
358 421
387 402
138 419
165 418
496 329
244 429
269 436
371 408
68 365
193 418
368 419
498 333
80 379
338 411
18 297
203 426
499 332
72 371
189 428
249 424
122 401
75 374
246 429
124 403
0 267
77 374
106 399
58 315
253 428
12 291
432 379
336 401
176 427
17 296
337 410
248 427
407 392
412 383
250 423
250 425
255 430
228 419
1 276
412 385
131 404
199 426
122 395
201 428
352 417
497 334
27 308
413 384
247 428
99 392
97 388
393 402
353 418
140 419
229 422
501 316
146 421
161 416
410 389
82 377
479 350
49 322
169 424
385 400
190 427
228 423
59 314
487 343
489 341
160 410
131 411
87 381
87 379
100 392
496 330
177 427
71 369
497 331
354 418
478 348
369 417
74 372
366 420
80 378
76 374
70 368
492 338
253 427
475 353
122 396
141 419
196 422
339 409
10 288
49 321
77 375
3 267
99 389
191 421
274 440
249 425
186 428
131 403
248 426
340 408
124 402
410 388
153 415
383 395
353 417
245 429
256 430
373 411
479 349
53 317
22 298
411 383
6 272
168 424
124 400
2 276
178 428
189 427
18 296
123 401
101 389
82 376
98 388
100 390
477 351
1 267
52 320
66 362
271 439
106 398
258 428
370 406
405 393
166 422
149 419
21 301
202 426
409 389
146 420
478 350
114 392
251 423
499 319
498 332
501 315
203 425
270 436
201 427
165 419
88 378
113 393
106 374
86 380
125 403
204 424
273 441
509 311
228 422
336 402
368 418
122 400
115 391
152 416
395 399
227 419
187 429
51 321
12 290
190 420
165 421
7 271
188 428
200 426
408 390
179 429
0 266
194 418
496 334
412 384
109 397
28 308
246 428
162 416
99 391
338 410
105 397
360 420
393 401
490 340
248 424
396 398
357 421
372 408
75 373
154 416
59 313
195 421
488 342
22 302
194 420
191 423
111 393
476 352
252 422
121 399
68 360
190 426
139 419
372 412
286 440
252 426
68 366
356 420
386 400
58 314
433 379
68 364
17 295
228 420
193 419
112 394
73 371
67 361
337 409
11 287
411 387
272 440
336 408
78 376
110 394
20 296
387 401
407 391
121 397
101 390
58 313
142 419
106 397
253 422
367 418
4 281
471 352
112 393
74 371
67 362
0 265
109 396
179 428
188 427
433 378
228 421
81 376
105 374
252 423
71 368
337 408
135 414
356 419
75 372
404 391
23 300
131 402
202 425
508 311
411 384
17 294
478 349
257 428
487 342
392 401
122 399
22 301
475 352
360 419
70 367
28 307
187 428
256 429
190 423
364 421
180 429
106 375
10 287
52 317
69 366
189 426
78 375
500 315
102 389
499 318
155 414
246 427
407 390
124 401
248 425
149 418
178 427
194 419
141 418
189 420
253 426
150 417
139 418
285 440
131 410
88 379
336 407
87 380
406 391
51 320
154 415
369 416
383 394
338 409
7 272
121 398
339 408
355 418
167 418
201 426
146 419
98 387
368 417
252 425
272 439
68 361
108 397
79 376
490 339
109 394
227 420
50 321
204 423
19 296
408 389
4 267
498 319
196 421
372 411
2 267
76 373
20 295
113 392
53 318
226 419
68 363
103 374
3 276
387 400
88 381
395 398
166 421
22 299
258 427
492 337
167 422
273 440
125 402
115 390
166 419
99 388
372 409
163 416
197 422
100 391
12 289
105 396
151 416
405 392
496 331
369 406
23 302
477 350
497 332
476 351
270 435
488 341
186 427
205 424
190 421
275 440
271 436
1 266
409 388
160 409
245 428
122 397
410 387
80 377
357 420
366 419
495 334
227 422
286 439
255 428
52 319
354 417
168 423
191 422
336 403
491 338
246 426
197 421
24 302
364 420
255 427
474 352
271 435
369 407
155 413
339 407
371 411
184 428
368 416
206 424
394 398
372 410
74 370
101 391
108 396
499 317
136 414
164 416
106 376
4 276
202 424
366 418
404 390
476 350
254 426
253 423
146 418
188 420
201 425
1 265
276 440
247 425
216 420
405 391
18 294
226 420
355 417
168 422
114 390
148 418
99 387
181 429
387 399
391 401
57 313
395 397
245 427
5 275
434 378
272 438
131 401
10 286
225 419
357 419
496 332
188 426
68 362
471 351
361 419
52 318
407 389
112 392
284 440
98 386
216 422
490 338
13 289
149 417
388 400
51 319
24 300
189 421
50 320
167 421
406 390
102 392
410 386
273 439
257 427
410 384
76 372
494 334
167 419
161 409
5 281
227 421
28 306
178 426
99 377
4 280
286 438
363 421
196 420
104 374
252 424
23 301
180 428
338 408
113 391
122 398
142 418
150 416
2 266
135 413
139 417
138 416
107 397
100 388
187 427
167 417
70 366
106 396
488 340
125 401
216 418
508 310
285 439
19 295
271 437
385 397
472 352
190 422
20 294
388 390
487 341
57 311
362 420
384 394
71 367
8 272
131 409
256 428
23 299
392 400
126 402
336 404
9 287
17 293
203 423
498 318
88 380
499 315
253 425
207 423
507 309
477 349
8 286
79 375
475 351
80 376
102 390
103 373
154 414
198 422
7 273
195 419
200 424
337 403
389 401
336 406
109 395
409 387
4 266
491 337
201 424
106 395
25 302
102 391
137 414
24 301
51 318
365 418
507 308
7 274
111 390
207 422
387 390
226 421
50 319
388 399
108 395
127 402
283 440
165 416
217 418
74 369
362 419
104 375
272 437
356 417
472 351
200 423
246 425
97 378
155 412
469 346
6 281
123 398
495 332
139 416
385 396
489 336
154 413
136 413
4 279
147 418
286 437
167 420
78 373
104 393
367 416
184 427
107 396
81 374
98 385
28 305
167 416
189 422
474 351
168 421
0 263
8 273
408 387
225 420
216 421
5 276
256 427
370 409
392 399
405 390
19 294
384 393
132 401
216 419
508 309
196 419
490 337
98 377
168 419
409 386
56 313
338 407
99 376
99 386
355 416
24 299
21 294
358 419
71 366
7 284
180 427
388 391
273 438
135 412
5 280
89 380
337 404
72 367
198 421
285 438
253 424
389 400
202 423
138 415
337 406
394 397
499 316
162 409
197 420
254 425
145 418
390 401
179 426
105 376
369 408
255 426
181 428
386 391
188 421
187 426
142 417
272 435
217 422
491 336
182 429
366 417
57 310
488 339
471 350
206 423
9 286
493 334
164 415
77 372
103 392
257 426
146 417
4 265
18 293
13 288
489 338
126 401
4 277
271 434
105 394
476 349
183 428
69 362
149 416
57 312
410 385
110 389
371 410
114 389
393 398
277 440
132 409
498 317
498 315
79 374
6 275
112 391
435 378
368 407
2 265
72 365
103 372
1 264
80 375
8 285
487 340
245 426
100 387
363 420
386 397
406 389
17 287
338 404
246 424
405 389
101 371
111 389
132 408
182 428
166 416
100 376
7 275
137 413
50 318
8 274
187 425
494 332
111 391
284 438
489 337
98 378
1 263
474 350
245 425
496 312
7 283
274 438
104 376
208 422
490 336
476 348
356 416
206 422
254 424
386 392
9 285
388 398
99 383
124 398
104 392
273 435
498 314
365 417
337 405
338 406
183 427
188 422
217 419
367 415
256 426
73 365
138 414
75 369
363 419
217 421
273 437
25 301
133 401
102 372
243 425
404 388
147 417
98 376
82 374
73 367
394 396
497 313
385 393
146 416
198 420
497 315
165 415
386 396
97 379
255 425
225 421
409 385
106 394
188 424
436 378
180 426
25 299
385 395
6 276
113 389
392 398
472 350
355 415
14 288
184 426
181 427
145 417
286 436
28 304
406 388
244 426
126 400
4 278
393 397
127 401
26 298
357 417
70 362
19 293
488 338
33 309
493 333
6 280
408 386
0 262
169 419
26 302
100 374
90 380
470 348
277 439
107 395
148 416
80 374
364 418
139 415
508 308
21 293
72 366
369 409
154 412
271 433
142 416
105 393
469 347
57 309
136 412
498 316
3 265
471 349
4 264
283 439
56 312
370 410
78 372
105 377
218 422
5 279
77 369
101 387
168 420
358 418
470 346
99 385
387 391
79 373
103 391
368 408
16 288
110 390
163 409
390 400
8 284
487 339
8 282
201 423
100 386
197 419
112 390
486 340
285 437
147 416
100 383
206 421
393 394
104 391
471 346
105 392
133 402
486 339
9 284
30 303
497 314
507 306
218 421
144 417
99 384
338 405
71 362
90 379
271 432
80 373
284 437
390 399
100 385
496 313
386 395
33 308
188 423
181 426
404 387
472 349
34 309
388 397
77 370
245 424
106 393
490 335
470 347
477 346
8 283
0 261
154 411
256 425
474 349
368 413
101 386
6 279
359 418
8 281
101 372
273 436
1 262
100 371
5 278
100 373
198 419
16 287
277 438
139 414
281 438
471 348
101 376
6 277
7 276
103 376
21 292
255 424
3 264
369 410
138 413
224 421
112 389
183 426
363 418
199 420
56 309
127 400
476 347
163 410
275 438
110 391
392 397
244 425
436 377
274 437
201 422
408 385
495 312
243 424
137 412
508 307
124 397
79 372
184 425
9 274
15 288
113 388
182 427
55 312
497 316
19 292
73 366
339 404
187 424
9 282
98 375
356 415
491 320
145 416
393 396
405 388
166 415
109 390
169 420
394 395
26 299
219 422
28 303
83 374
285 436
218 419
17 286
99 374
207 420
488 337
387 392
358 417
125 398
493 332
132 407
27 298
282 439
492 333
98 379
2 263
387 396
364 417
366 415
368 409
104 377
133 408
26 301
75 368
367 414
49 318
142 415
29 304
77 368
107 394
78 371
208 421
386 393
106 392
187 423
476 346
255 423
206 420
105 391
20 292
7 277
74 366
9 283
83 373
127 399
102 386
133 407
6 278
281 437
1 261
387 395
392 396
492 332
27 299
139 413
276 438
367 413
491 319
99 373
487 337
140 414
222 422
10 274
368 412
182 426
19 291
490 320
0 260
72 360
10 270
275 437
26 300
98 374
16 286
198 418
392 394
100 372
272 432
508 306
208 420
387 393
496 316
102 376
153 411
390 398
10 282
136 410
9 281
200 420
48 318
496 314
363 417
357 415
112 388
143 415
78 370
408 384
486 338
124 396
135 409
9 275
473 349
509 305
339 405
218 420
436 376
125 397
472 348
273 433
510 304
49 317
494 312
280 438
367 409
274 436
166 414
109 391
99 379
100 384
170 420
245 423
359 417
506 306
76 368
475 347
8 276
485 339
10 284
256 424
35 309
11 285
98 370
113 387
201 421
103 377
183 425
283 437
244 424
282 438
284 436
137 411
364 416
144 416
405 387
33 307
243 423
15 287
2 262
29 303
386 394
471 347
107 393
490 334
3 263
477 345
147 415
15 271
55 311
340 404
72 362
134 402
90 378
223 421
75 367
101 385
220 422
358 416
369 411
388 396
80 372
134 408
30 302
164 410
393 395
22 292
0 256
133 403
278 438
28 302
365 415
55 309
98 371
10 281
388 395
20 291
103 378
486 337
387 394
367 412
1 256
15 286
73 360
388 393
36 307
274 431
166 413
510 303
128 399
341 404
472 347
358 415
99 372
47 318
484 337
152 411
107 392
100 379
508 305
506 305
106 391
485 338
72 361
495 314
98 373
436 375
22 291
284 435
14 271
136 409
3 262
509 304
134 403
200 419
474 347
72 363
186 423
79 370
102 377
202 421
367 410
491 332
8 279
101 384
97 370
204 421
11 270
340 405
281 436
113 386
435 376
29 302
511 300
7 278
102 385
493 318
473 348
221 422
341 406
274 433
494 313
78 367
143 412
12 285
9 276
80 371
277 436
127 398
368 411
198 417
476 345
50 315
255 422
0 259
97 374
48 317
153 410
9 280
364 415
407 384
256 423
139 412
10 283
140 413
183 424
205 420
283 436
220 421
490 333
15 270
282 437
408 383
27 300
273 432
12 271
137 410
10 269
73 362
125 396
363 416
492 319
222 421
391 396
276 437
495 316
91 378
171 420
8 277
219 420
389 396
201 420
55 310
35 308
489 320
11 284
10 275
83 372
149 414
390 397
75 366
108 391
155 410
491 318
275 436
133 406
405 386
182 425
164 411
135 408
209 420
0 257
280 437
34 307
147 414
1 260
244 423
76 367
392 395
359 416
144 415
90 377
483 340
112 387
279 438
48 316
278 436
436 374
80 370
366 410
474 346
107 391
49 315
124 394
364 408
11 269
475 345
489 333
97 371
148 414
208 418
149 413
279 437
74 364
91 377
407 383
153 409
171 419
1 257
93 377
53 311
134 404
75 365
11 275
126 396
363 415
54 310
486 336
484 320
134 406
79 367
492 318
140 412
125 395
405 385
73 361
495 315
127 397
8 278
186 422
15 267
435 375
102 378
155 407
10 280
97 373
142 412
11 283
508 304
101 379
277 435
360 416
484 338
51 313
9 277
165 411
342 404
391 395
473 347
154 408
490 332
282 436
34 306
490 330
156 410
146 414
1 259
342 406
15 269
485 337
36 306
76 366
144 414
367 411
152 408
199 417
388 394
79 369
399 385
182 424
4 260
10 276
220 420
22 290
28 300
137 409
98 372
283 435
90 376
511 301
275 431
408 382
390 396
204 420
152 410
222 420
203 421
510 300
488 320
112 386
169 415
35 307
78 366
344 408
276 436
47 317
201 419
9 279
274 432
284 434
166 412
281 435
483 339
13 271
506 304
221 421
509 303
207 415
244 422
138 410
359 415
143 413
29 301
494 314
210 420
389 395
256 422
12 270
73 363
20 290
23 291
155 409
493 317
12 284
128 398
255 421
50 314
136 408
0 258
102 384
3 261
52 312
83 371
482 340
15 285
341 405
275 435
279 436
3 260
362 415
404 385
208 417
51 312
345 408
83 370
13 284
82 371
275 432
283 434
282 435
144 413
35 306
125 394
12 269
90 375
142 411
389 394
221 420
76 365
400 385
366 411
168 415
494 315
93 376
256 421
1 258
361 416
481 340
276 435
509 302
137 408
489 330
166 411
220 419
365 410
11 268
151 410
203 420
91 376
112 385
486 335
15 268
156 409
152 407
483 338
485 336
365 408
135 406
172 419
288 427
508 303
209 418
210 419
182 423
485 320
169 416
11 276
36 305
292 433
48 315
434 375
343 406
493 316
107 390
97 372
484 319
29 300
21 290
50 313
75 364
92 377
34 305
473 346
4 259
96 373
47 316
342 405
174 419
74 361
134 405
490 331
435 374
127 396
153 408
199 416
12 283
403 386
363 414
364 409
148 413
510 301
401 386
474 345
80 369
13 270
399 384
487 320
9 278
171 418
81 370
360 415
200 417
507 304
364 407
207 416
158 409
77 366
390 395
145 414
186 421
52 311
154 407
16 267
407 382
79 368
492 317
489 332
405 384
24 291
344 407
288 431
146 413
103 384
20 289
128 397
295 432
211 420
276 431
244 421
123 394
53 310
136 407
140 411
10 279
139 410
509 300
15 284
202 419
208 415
280 435
155 408
74 363
102 379
156 408
401 385
107 389
93 375
154 406
493 315
365 411
487 333
406 382
364 410
286 422
245 421
400 384
81 369
508 302
200 416
287 427
293 433
96 372
34 304
509 301
138 408
186 420
141 411
77 365
257 421
276 432
167 411
140 410
484 318
404 384
402 386
282 434
17 267
292 432
106 388
276 434
80 368
202 418
153 407
221 419
294 432
13 283
184 420
345 407
146 412
289 431
473 345
82 370
347 407
482 338
343 405
488 330
344 406
481 339
182 422
127 395
158 408
11 267
487 319
363 413
295 431
135 405
46 316
288 430
485 319
52 310
145 413
366 408
403 385
13 269
362 414
173 419
75 363
150 410
390 394
254 420
361 415
279 435
53 309
10 278
14 268
174 418
111 385
75 361
25 291
280 434
157 409
489 331
30 300
433 375
42 310
14 284
50 312
360 414
102 380
289 427
126 394
507 303
485 335
137 407
172 418
11 277
168 414
37 305
152 406
88 374
208 416
201 417
148 412
187 419
2 258
256 420
492 316
47 315
364 406
211 419
21 289
92 376
435 373
128 396
30 296
35 305
405 383
210 418
139 409
104 384
31 293
3 259
286 432
123 393
51 311
397 395
170 416
203 419
91 375
405 382
286 431
154 401
507 302
290 431
106 387
81 368
52 309
153 406
46 315
157 408
361 414
147 412
276 433
128 395
152 405
430 377
13 268
486 319
397 394
11 278
17 266
364 411
137 406
286 423
256 419
254 419
485 318
77 364
486 333
82 369
171 406
246 421
365 406
172 417
363 410
43 310
401 384
110 385
346 407
390 393
399 382
363 412
145 412
285 432
136 405
489 318
403 384
103 380
508 301
75 362
285 422
167 410
183 420
287 428
182 421
492 315
345 406
89 374
168 413
472 345
282 433
203 418
181 422
12 267
169 408
186 419
483 334
201 416
47 314
432 375
103 382
92 375
104 383
172 415
289 428
396 395
107 388
88 373
50 311
253 420
171 416
287 426
221 418
149 410
209 416
202 417
95 372
481 338
288 429
21 288
289 430
31 300
31 296
366 407
484 335
139 408
344 405
30 293
14 283
184 419
38 305
123 392
402 385
286 427
295 430
150 409
3 258
211 418
30 297
404 383
25 290
168 411
434 373
488 331
347 406
94 373
400 383
187 418
35 304
293 432
487 332
433 374
210 417
141 410
42 309
146 411
138 407
173 418
31 292
257 420
284 421
76 363
294 431
140 409
279 434
127 394
126 392
211 417
286 426
253 419
45 313
283 421
14 282
429 377
287 429
472 344
234 422
129 395
25 289
153 401
31 297
78 364
171 403
46 314
398 392
31 299
141 409
171 415
182 420
433 373
169 413
43 311
123 391
485 333
390 392
87 371
285 431
171 407
31 291
121 389
366 406
30 298
81 367
431 375
286 424
285 423
76 362
3 257
170 408
149 409
186 418
168 410
79 365
397 393
104 382
140 408
277 433
295 429
400 382
107 387
170 406
247 421
156 406
124 392
92 374
296 430
507 301
404 382
137 405
22 288
299 429
258 420
290 428
221 417
127 393
403 383
153 405
42 308
94 372
173 417
30 292
47 313
93 373
254 418
145 411
81 365
396 394
172 414
110 386
49 311
284 422
469 343
155 401
32 296
282 432
479 339
168 412
278 434
157 407
103 381
34 302
89 373
82 368
210 416
122 388
168 408
13 267
51 309
482 334
432 374
139 407
38 306
486 318
77 363
170 414
17 265
492 314
485 317
169 409
298 430
284 432
480 338
488 318
293 431
346 406
483 335
138 406
185 419
147 411
399 381
468 342
destination
