map
random512-35-8.map
pivot
269 125
agent & start
75 411
397 429
73 409
430 408
442 412
171 455
367 439
189 459
506 368
37 365
416 422
51 395
429 415
132 448
200 456
455 383
424 418
79 415
90 420
398 430
318 436
378 450
72 408
453 379
414 426
114 438
239 457
454 380
130 450
325 443
377 449
420 420
190 460
250 462
60 404
456 382
76 412
401 427
495 363
41 345
74 410
397 433
32 364
428 416
16 338
425 415
455 391
237 455
427 415
347 427
348 430
376 448
77 413
315 433
369 445
38 372
238 454
324 442
340 440
453 403
17 339
368 444
452 404
39 373
510 362
98 414
495 377
188 458
81 417
49 381
222 456
430 412
451 377
430 406
425 417
227 457
200 454
182 460
237 453
508 366
232 454
44 372
187 457
11 335
388 440
13 335
30 362
7 331
396 434
349 429
400 426
431 413
316 432
228 456
154 446
320 438
404 430
399 429
45 373
63 407
321 437
400 428
80 414
341 439
457 397
87 419
158 442
437 409
319 437
172 454
12 334
181 461
92 418
26 338
407 429
433 407
39 367
233 453
240 458
84 420
9 333
391 439
78 414
431 409
96 418
379 449
390 440
76 410
112 436
495 375
491 379
387 445
40 344
95 419
494 378
36 370
387 443
8 332
455 381
238 452
14 336
172 456
388 444
62 406
456 394
402 428
509 363
496 364
153 445
436 408
46 382
37 371
426 416
10 334
337 441
171 457
419 419
172 458
505 369
199 457
36 366
438 410
456 390
25 339
99 411
341 437
70 410
133 447
429 403
507 367
403 429
497 371
155 445
173 453
386 446
315 431
50 394
428 404
405 429
49 393
455 393
182 458
116 440
415 425
463 367
159 443
496 371
174 453
238 453
172 455
13 334
116 439
407 428
434 407
400 427
389 440
419 418
451 378
49 382
505 368
destination
