map
random512-35-1.map
pivot
506 66
agent & start
190 48
187 19
171 147
179 111
187 65
292 298
195 203
249 283
191 57
181 165
316 300
192 82
270 290
310 306
335 349
274 288
501 389
422 384
189 19
182 98
198 220
476 392
313 303
443 401
265 285
170 138
199 221
298 306
199 217
208 238
191 187
399 375
328 348
221 263
266 286
500 390
185 163
175 151
187 161
177 131
332 314
194 208
387 367
218 260
457 393
190 46
279 285
282 296
169 145
186 162
302 306
396 382
320 328
333 315
306 306
280 286
395 381
271 289
200 212
178 102
205 237
171 137
187 171
322 316
195 201
199 89
370 372
486 374
178 108
181 97
200 222
184 28
198 172
314 298
195 55
188 40
321 331
368 370
200 214
176 132
486 366
438 402
397 375
194 56
241 277
196 172
186 164
196 58
189 167
364 364
182 116
388 366
325 345
407 385
183 115
367 369
279 295
185 21
183 99
172 148
247 283
422 388
194 174
364 366
369 371
202 216
186 32
179 103
223 265
224 266
220 262
395 377
311 305
193 83
323 315
389 373
489 391
193 205
280 296
218 256
318 326
388 372
196 202
190 186
217 257
440 402
321 329
186 94
241 275
481 363
364 356
246 282
335 347
183 95
485 365
327 347
499 391
324 344
336 348
312 304
490 392
386 368
169 139
409 383
486 384
302 304
195 209
170 144
192 190
324 314
423 383
192 178
500 388
186 20
492 374
179 101
181 117
489 373
173 149
193 193
194 202
296 306
201 215
386 370
202 86
180 120
439 403
482 364
169 141
193 175
486 370
314 302
253 283
185 27
193 13
178 130
485 383
189 49
490 374
186 26
478 390
481 387
326 346
240 276
173 135
318 320
424 390
426 390
265 283
195 85
192 184
319 333
170 146
293 303
212 250
325 327
486 369
178 131
195 208
181 120
destination
