map
random512-40-1.map
pivot
468 399
agent & start
54 413
34 367
51 328
138 223
50 347
50 327
65 422
49 354
49 356
287 106
48 315
140 225
55 424
47 322
131 166
124 155
54 411
53 426
49 346
43 356
38 361
260 109
124 153
235 108
125 156
51 344
236 109
125 158
264 105
237 112
117 174
127 150
288 93
127 160
126 161
52 343
63 424
289 108
300 121
272 105
126 159
301 122
36 363
139 224
124 157
47 318
44 357
53 406
238 111
45 358
313 90
265 104
118 173
47 316
123 154
35 366
42 357
37 362
56 333
37 364
50 346
38 362
51 345
140 224
64 428
125 157
54 412
265 105
287 109
127 161
236 112
52 328
43 357
42 358
57 331
48 318
53 343
235 109
131 165
37 363
141 223
289 93
34 368
126 152
118 174
125 153
125 155
35 367
56 424
272 106
139 223
55 425
63 425
127 159
124 154
48 316
287 107
127 151
47 317
44 358
63 427
51 347
260 110
126 156
128 150
237 111
51 325
49 323
50 326
313 89
54 426
54 406
50 356
288 108
50 354
301 123
65 423
266 104
62 426
51 327
48 322
300 122
132 148
38 364
271 105
56 332
53 329
49 353
38 363
127 152
132 149
62 427
54 329
260 111
53 344
131 148
128 159
43 358
63 428
63 426
130 149
272 107
236 111
126 157
141 224
50 323
235 110
35 368
49 322
287 108
127 158
300 123
128 151
53 328
119 174
126 153
128 161
56 331
290 93
42 359
132 165
132 163
286 107
289 92
54 407
50 355
55 412
64 427
286 109
56 425
264 107
140 223
271 106
58 331
48 317
49 318
50 353
65 424
125 154
267 104
139 222
52 345
51 326
51 324
52 327
51 346
313 88
265 106
55 426
261 111
61 427
50 352
56 426
131 149
52 324
61 329
267 105
266 106
64 426
127 153
43 359
76 426
142 224
50 316
130 162
130 150
127 157
56 412
126 154
51 351
55 407
264 108
128 152
120 174
128 158
270 106
132 164
62 428
52 346
65 425
312 88
49 321
143 225
272 108
140 222
290 92
53 345
66 424
54 328
261 113
262 110
286 108
46 362
39 363
132 162
56 330
58 330
42 360
76 428
62 328
133 165
36 368
235 111
65 427
129 151
265 107
129 159
300 124
51 323
52 326
260 112
51 355
129 161
49 317
52 323
45 362
55 328
51 352
285 108
234 111
129 152
53 326
127 154
52 351
299 124
130 161
144 225
53 346
57 412
60 329
262 113
131 162
41 362
42 361
159 226
263 110
56 407
265 108
52 355
130 159
264 109
50 321
271 108
65 426
311 88
40 363
61 428
66 425
54 325
143 224
36 369
290 91
270 107
161 224
56 329
51 316
131 150
46 363
140 221
262 111
51 322
129 160
75 426
261 112
133 164
56 427
55 428
76 429
267 106
56 411
58 329
60 427
75 428
266 107
66 427
120 175
76 427
61 328
130 151
43 360
62 327
128 157
50 317
272 109
302 128
60 328
269 107
42 362
262 112
75 427
266 108
60 428
43 361
40 364
52 352
44 362
272 110
158 226
129 153
37 369
50 320
131 151
291 91
134 164
234 112
265 109
66 426
298 124
129 157
67 427
268 106
45 363
128 154
53 347
271 109
131 161
53 351
52 322
303 129
160 224
159 225
57 329
128 156
263 113
233 111
54 326
311 89
56 408
77 429
57 407
141 221
56 428
61 327
56 328
55 325
53 355
52 316
79 431
41 363
144 224
263 111
284 108
51 317
55 429
130 160
304 130
299 125
267 107
145 225
76 430
58 328
120 176
161 223
57 411
265 110
266 109
130 157
56 429
55 326
141 220
296 125
157 224
304 131
297 124
77 434
131 160
292 91
67 426
234 113
145 224
59 328
302 129
233 112
158 225
60 429
51 320
60 327
43 362
55 430
58 411
263 112
129 154
310 89
161 222
129 156
79 432
267 108
120 177
282 109
52 317
45 364
284 109
53 352
301 128
131 152
74 427
77 430
268 107
159 224
57 328
42 363
78 431
142 221
122 175
52 321
54 347
160 223
37 370
58 407
135 164
57 408
121 176
50 319
271 110
54 355
299 126
310 91
41 364
264 113
303 130
269 108
311 90
121 177
296 126
283 109
60 326
56 430
270 110
269 109
264 112
302 130
160 222
57 327
73 427
293 91
299 127
59 407
54 352
130 156
158 224
68 426
53 353
51 319
39 371
45 365
301 129
143 221
43 363
309 91
298 126
136 164
310 90
44 364
132 152
132 160
123 175
78 432
59 429
282 110
52 318
77 431
145 223
131 157
42 364
122 176
301 131
234 114
130 154
300 128
77 433
129 155
297 125
52 320
233 113
59 327
142 220
58 410
76 434
157 223
53 321
268 108
56 326
131 153
267 109
300 132
58 408
304 132
135 163
38 370
55 355
54 348
265 111
294 91
41 372
121 178
158 223
77 432
299 128
69 426
159 222
60 325
279 112
300 131
54 349
44 365
283 110
39 370
143 220
57 326
133 160
301 130
58 429
302 131
76 433
123 176
54 353
233 114
60 411
268 109
302 91
234 115
70 427
130 155
300 129
270 111
52 319
304 133
309 90
55 354
303 132
59 408
124 189
269 110
57 430
132 153
299 132
72 427
53 320
298 127
267 110
124 187
265 112
296 127
136 163
131 156
308 91
59 410
59 326
297 126
40 371
43 364
146 223
132 154
124 186
57 325
61 411
53 319
298 128
70 428
304 134
55 353
124 188
268 110
159 221
58 430
49 359
303 133
60 410
303 91
143 217
133 159
279 113
41 371
275 111
284 112
64 414
267 111
123 177
302 132
136 162
41 367
299 129
76 432
302 90
295 91
43 365
297 127
144 220
134 160
296 128
59 409
270 112
55 349
280 112
269 111
39 369
283 111
60 408
56 354
56 324
299 131
59 325
300 130
266 112
158 222
146 222
69 427
131 155
122 178
308 90
307 91
233 115
137 163
125 189
147 223
42 372
72 428
281 112
125 186
60 409
65 412
59 324
275 112
126 187
276 111
284 113
268 111
308 89
59 432
125 188
41 370
302 133
297 128
283 112
56 323
295 92
132 155
299 130
64 413
48 361
145 220
303 134
147 222
233 116
123 178
137 162
298 95
303 90
42 371
266 113
65 414
144 219
159 220
128 187
69 428
135 160
57 324
42 367
54 319
43 366
267 112
142 217
307 90
61 410
158 221
56 353
41 368
53 360
56 349
75 432
72 429
40 369
50 359
134 159
148 223
269 112
278 113
296 91
277 112
49 360
143 218
58 431
74 432
146 220
136 160
73 431
308 88
56 352
59 431
145 219
138 162
299 95
157 221
50 360
69 429
72 430
133 155
266 114
126 186
278 114
141 217
298 130
126 188
304 90
124 178
43 367
147 221
127 187
267 113
233 117
53 361
144 218
158 220
302 134
297 129
49 361
276 112
41 369
59 323
283 113
59 433
297 91
298 94
148 222
42 368
65 411
57 323
66 414
58 324
42 370
128 188
48 362
57 349
61 409
71 429
268 112
296 92
64 412
52 360
125 185
51 359
55 319
306 90
303 89
277 113
281 113
134 158
269 113
150 221
56 321
281 114
267 114
74 433
297 130
141 216
149 222
137 160
276 113
135 154
233 118
68 429
283 114
298 93
278 115
52 361
72 431
62 409
71 430
136 159
148 221
50 361
60 433
158 219
58 323
57 322
43 368
297 92
145 218
126 185
268 113
42 369
147 220
55 320
134 155
64 411
127 186
67 414
307 88
127 188
51 360
126 183
44 367
73 432
57 350
301 134
125 182
60 431
65 410
151 220
285 116
134 187
125 178
43 370
299 94
56 351
308 87
156 221
128 189
269 114
138 161
304 89
129 188
49 362
135 188
305 90
59 322
135 158
300 134
71 431
136 158
307 87
127 189
125 181
136 188
133 187
141 215
64 410
277 115
135 155
268 114
146 218
130 188
298 92
62 408
50 362
67 413
68 414
141 211
284 116
70 430
285 117
56 320
138 160
58 350
57 321
147 219
43 369
51 361
57 351
276 114
140 160
157 219
52 362
125 179
282 114
233 119
127 185
58 322
150 220
269 115
299 93
148 220
283 115
67 429
297 131
134 156
305 89
73 433
135 187
136 154
61 431
156 220
126 182
61 433
127 183
151 219
149 221
45 367
64 407
282 115
149 220
232 119
126 181
44 369
58 321
51 362
52 363
136 157
270 115
70 431
142 215
127 178
60 313
284 117
66 429
58 351
275 114
306 87
300 93
141 212
127 190
283 116
300 135
127 184
225 122
150 219
57 320
62 433
140 159
297 132
124 191
45 368
305 88
233 120
285 118
139 160
299 92
130 187
136 187
271 114
147 218
63 408
62 431
135 156
276 115
55 362
61 432
64 409
137 158
142 211
137 152
156 219
269 116
73 434
125 180
138 153
268 115
68 413
155 220
137 154
128 183
132 187
150 218
271 115
65 407
136 186
299 135
51 363
61 313
126 180
55 361
296 132
148 218
45 369
58 352
127 181
273 115
138 152
66 430
157 217
62 432
128 178
142 212
131 187
124 192
137 157
226 122
276 116
149 219
156 218
139 159
283 117
272 114
127 179
140 152
137 155
136 156
282 116
64 408
139 153
73 435
126 190
129 185
143 211
128 184
268 116
300 92
155 219
300 136
70 434
297 133
69 431
284 118
275 115
143 215
225 123
137 151
232 120
53 363
299 91
52 364
54 362
231 119
129 183
305 87
125 191
58 320
60 314
68 412
54 363
224 131
273 116
126 191
296 133
56 361
231 120
154 219
157 216
128 179
226 121
142 153
295 132
46 369
269 118
276 117
149 218
63 432
60 315
72 435
271 116
53 364
129 184
139 154
128 181
225 124
138 157
62 313
66 431
59 352
268 117
55 360
281 116
71 434
148 215
65 408
47 368
283 118
304 87
66 407
140 151
156 217
70 435
272 115
125 192
127 202
143 212
131 186
68 411
141 152
275 116
139 158
69 432
300 91
127 180
130 185
299 136
144 215
138 151
222 127
51 364
274 117
297 134
59 320
300 137
137 156
137 186
297 135
48 368
51 365
274 118
68 432
268 118
128 202
281 117
282 118
269 119
67 411
142 152
141 149
143 213
299 137
66 408
71 435
149 217
126 192
144 212
272 116
149 215
273 117
139 155
139 157
57 357
271 117
224 124
128 180
284 120
300 90
66 432
223 125
64 432
157 215
54 364
225 131
59 353
134 206
131 205
223 127
130 184
60 320
283 119
298 136
138 156
139 151
270 118
67 431
56 360
144 214
222 126
55 359
294 128
285 121
295 129
138 186
275 117
47 369
60 352
224 130
304 86
227 121
295 133
142 154
131 185
148 216
153 219
59 319
127 201
156 216
230 120
132 206
129 179
62 314
140 154
60 316
142 151
57 358
149 216
140 155
153 218
70 437
68 433
51 366
67 410
270 119
53 366
61 316
130 179
57 356
281 118
48 369
138 185
132 205
268 119
64 433
55 364
47 370
62 315
134 207
56 359
292 129
154 217
303 86
54 365
145 214
302 85
280 117
273 118
228 121
139 150
146 209
60 353
144 213
67 408
272 117
133 206
128 201
135 206
283 120
142 155
61 320
275 118
295 130
294 129
284 121
127 192
145 212
71 436
131 184
223 128
298 137
67 432
294 133
156 215
139 156
293 128
131 204
142 149
223 126
224 125
285 122
129 180
229 120
225 130
296 135
141 154
59 318
127 200
226 131
300 89
141 150
297 136
282 120
297 137
275 119
279 117
130 180
139 149
270 120
268 120
49 369
229 121
60 354
61 319
54 366
143 149
294 134
153 217
64 434
129 201
69 437
285 123
224 128
62 316
141 155
132 204
146 214
145 213
142 150
147 209
129 199
294 130
61 353
136 208
58 356
302 86
64 314
146 212
293 129
127 193
155 215
57 359
51 367
61 317
152 218
67 433
226 130
225 129
272 118
154 216
139 185
48 370
52 366
67 409
301 85
296 136
140 156
283 121
278 118
227 131
60 318
73 449
138 184
300 88
128 200
56 364
62 320
133 205
71 437
281 119
224 126
146 210
131 183
150 216
291 129
135 207
271 119
131 180
137 208
63 316
272 119
289 130
139 184
62 319
67 434
130 199
56 365
280 119
277 118
282 121
146 211
152 217
128 193
49 370
48 371
279 118
129 200
293 134
129 192
74 441
153 216
294 131
61 354
71 438
72 449
70 409
131 182
137 184
62 353
50 369
58 359
61 318
154 215
64 315
225 126
147 210
229 122
146 213
133 204
290 129
294 89
285 124
141 156
147 214
140 185
293 130
136 207
301 86
69 436
59 358
268 121
296 137
225 128
267 120
52 367
130 201
300 87
139 148
47 372
65 314
295 136
135 204
281 120
65 434
62 355
68 409
227 130
143 150
73 448
276 119
226 129
151 216
60 355
54 367
271 120
297 138
59 356
226 128
144 150
63 317
135 203
276 120
227 129
133 183
128 194
59 357
288 130
154 214
270 122
69 409
62 354
128 196
60 356
140 184
62 318
59 359
294 136
280 120
66 434
152 216
55 367
228 124
72 440
231 125
48 372
131 181
279 119
137 207
139 147
74 442
51 369
66 314
132 182
293 135
130 192
293 131
134 204
70 408
63 353
139 183
131 201
147 137
50 370
300 86
144 152
66 324
295 89
61 355
294 88
296 138
147 213
272 120
136 184
52 368
47 373
136 204
129 193
72 448
151 215
63 355
71 439
229 123
56 366
289 129
134 184
130 200
64 316
226 126
73 441
67 435
271 121
148 210
284 124
68 436
282 122
53 369
147 211
54 368
267 121
277 119
153 215
141 157
140 147
148 211
279 120
134 203
267 122
272 121
295 88
270 123
293 136
277 120
52 369
67 324
48 373
129 194
153 214
146 139
66 323
226 127
63 354
70 439
50 371
60 359
64 353
140 183
132 181
229 124
72 441
133 182
228 125
231 126
132 201
69 408
133 202
130 193
282 123
148 137
281 122
147 138
55 368
284 125
72 447
294 87
73 442
227 126
67 436
71 440
230 125
227 128
64 317
71 448
142 157
54 369
276 121
148 213
70 407
292 131
288 129
47 374
145 152
63 318
298 87
136 205
138 207
57 366
51 370
299 86
144 151
61 356
60 357
296 139
134 183
131 192
66 315
135 184
296 89
271 122
129 196
128 195
66 435
137 204
56 367
69 448
152 215
131 200
60 369
57 367
134 182
146 142
148 212
149 213
66 322
292 136
71 443
133 201
59 369
298 86
54 370
146 140
147 143
69 407
130 194
52 370
283 125
271 123
147 139
295 87
146 152
70 440
55 369
153 213
134 202
133 181
64 354
152 214
64 318
50 372
56 368
61 357
145 151
69 323
287 127
61 359
277 121
287 129
71 447
282 124
297 87
279 121
143 157
266 122
65 317
137 205
281 123
141 147
60 370
228 126
67 437
69 447
230 126
66 436
291 131
270 124
138 206
129 195
149 137
135 183
295 139
142 158
227 127
272 122
72 442
131 193
48 374
229 125
140 182
296 88
70 448
278 120
68 440
132 200
68 324
66 316
271 124
58 369
281 124
138 205
55 370
130 195
131 194
290 131
146 151
134 181
292 137
282 125
229 126
149 212
71 442
67 316
140 181
228 127
71 444
297 86
50 373
52 371
286 127
272 123
266 123
294 85
278 121
147 142
49 374
146 143
277 122
68 407
150 213
149 138
139 206
296 87
146 141
68 323
56 369
287 128
132 199
70 441
65 318
134 201
57 368
51 372
61 358
70 447
135 182
142 147
148 139
59 370
69 322
133 200
69 440
290 133
67 322
295 140
65 354
66 437
71 446
142 145
68 439
65 436
143 158
67 438
152 213
131 195
282 126
139 205
136 202
65 437
272 124
70 446
70 442
66 318
142 146
280 124
51 373
151 213
67 317
146 150
229 127
69 441
52 372
295 85
65 355
281 125
143 147
289 133
71 445
147 141
294 140
296 86
68 322
67 439
291 137
58 370
149 139
152 212
145 143
136 182
294 84
285 129
49 375
57 369
158 142
290 132
68 406
132 194
278 122
266 124
143 145
135 201
144 158
150 212
134 192
279 123
56 370
134 180
62 358
139 181
286 128
66 438
133 199
144 148
67 321
266 125
293 140
144 147
284 127
291 138
135 192
157 142
132 195
139 204
289 132
133 198
135 200
68 405
281 126
145 148
52 373
150 139
63 358
135 180
285 130
69 442
296 85
67 320
51 374
151 212
146 149
229 128
154 209
65 438
138 181
145 158
285 128
68 321
136 181
136 201
272 125
66 439
67 318
298 83
64 357
279 124
294 83
70 445
57 370
288 133
297 84
134 193
265 126
143 146
137 202
65 356
145 144
148 141
158 143
278 123
50 375
150 140
149 141
144 146
146 148
288 132
285 131
68 442
69 405
287 131
280 126
138 202
53 373
132 196
51 375
58 372
153 209
284 130
139 203
264 126
135 199
69 443
64 358
297 83
278 124
298 82
157 143
151 211
301 79
57 371
158 144
145 145
137 181
133 195
67 319
137 201
69 445
265 125
136 180
65 357
133 197
292 140
68 318
152 210
156 142
229 129
135 193
283 127
65 439
284 128
68 320
146 158
279 125
291 139
135 179
134 194
154 208
296 84
277 125
66 440
273 125
141 203
295 83
136 193
279 126
291 140
283 128
300 79
294 153
147 160
57 372
68 443
277 126
68 445
284 133
133 196
149 142
156 143
290 139
65 440
153 208
229 130
157 144
151 210
280 127
134 197
68 319
158 145
58 373
135 198
52 375
301 78
301 76
135 194
140 203
296 83
150 141
152 209
287 132
136 179
145 146
141 202
147 158
146 147
139 202
61 404
138 201
137 200
137 180
65 452
69 404
69 444
274 125
264 125
64 359
278 125
136 199
284 131
299 80
152 141
66 357
297 82
54 373
286 131
147 162
55 373
66 452
65 441
293 153
136 198
147 157
148 162
157 145
69 403
290 140
150 142
282 128
65 451
291 141
57 373
62 404
136 194
149 143
56 372
300 76
53 375
destination
