map
random512-40-1.map
pivot
468 399
agent & start
50 327
125 156
55 424
44 357
47 318
131 166
126 161
127 160
54 411
288 93
53 426
272 105
313 90
65 422
52 343
123 154
56 333
47 322
49 354
48 315
42 357
53 406
37 362
237 112
51 344
139 224
301 122
50 347
264 105
126 159
47 316
236 109
289 108
260 109
300 121
124 155
118 173
138 223
287 106
265 104
124 153
140 225
51 328
238 111
35 366
125 158
36 363
54 413
37 364
235 108
38 361
127 150
49 356
34 367
49 346
45 358
124 157
117 174
63 424
43 356
51 327
51 347
272 106
52 328
125 155
124 154
50 356
127 159
300 122
48 318
37 363
237 111
51 325
127 161
236 112
35 367
44 358
125 153
38 362
49 323
54 406
62 426
64 428
50 346
289 93
260 110
48 316
53 329
56 424
288 108
49 353
127 151
132 148
301 123
42 358
118 174
48 322
54 412
126 156
313 89
265 105
126 152
43 357
140 224
63 427
50 326
54 426
131 165
287 107
235 109
34 368
53 343
128 150
51 345
47 317
50 354
55 425
271 105
287 109
266 104
65 423
57 331
141 223
139 223
125 157
63 425
56 332
38 364
271 106
139 222
58 331
51 326
132 149
49 322
55 412
53 344
236 111
42 359
128 151
54 329
140 223
127 158
51 346
62 427
63 426
300 123
50 323
235 110
128 161
286 109
56 425
126 157
49 318
55 426
38 363
132 165
35 368
54 407
287 108
131 148
48 317
43 358
52 345
65 424
52 327
50 355
51 324
128 159
127 152
272 107
56 331
63 428
267 104
141 224
132 163
126 153
313 88
265 106
125 154
119 174
289 92
286 107
50 353
264 107
53 328
64 427
130 149
290 93
260 111
76 426
65 427
290 92
126 154
261 111
65 425
143 225
286 108
130 162
267 105
52 326
128 158
130 150
265 107
76 428
133 165
260 112
55 407
270 106
127 157
58 330
264 108
272 108
235 111
51 323
129 151
66 424
262 110
129 161
50 316
46 362
132 164
62 328
52 324
266 106
61 427
54 328
56 330
50 352
132 162
140 222
52 346
53 345
49 321
64 426
312 88
120 174
128 152
62 428
131 149
36 368
51 355
49 317
142 224
51 351
127 153
43 359
129 159
39 363
261 113
61 329
56 412
300 124
56 426
42 360
129 160
66 427
42 361
51 352
43 360
53 346
311 88
76 429
61 428
51 316
75 426
45 362
36 369
266 107
128 157
144 225
133 164
130 159
76 427
290 91
55 328
270 107
50 317
267 106
140 221
50 321
129 152
262 111
143 224
127 154
46 363
161 224
41 362
265 108
261 112
131 150
62 327
66 425
57 412
60 427
263 110
264 109
159 226
54 325
131 162
271 108
299 124
56 407
60 329
53 326
262 113
272 109
51 322
56 427
75 428
55 428
234 111
52 351
120 175
58 329
56 411
61 328
52 323
130 151
130 161
52 355
40 363
56 329
65 426
285 108
56 328
56 428
120 176
77 429
79 431
262 112
161 223
159 225
54 326
58 328
53 355
234 112
298 124
75 427
271 109
158 226
299 125
51 317
130 160
53 351
66 426
76 430
55 429
265 109
134 164
43 361
57 411
303 129
45 363
284 108
291 91
129 153
37 369
61 327
266 108
52 316
60 328
44 362
56 408
160 224
40 364
304 130
52 322
41 363
50 320
268 106
42 362
144 224
57 407
263 111
263 113
311 89
128 156
129 157
267 107
272 110
60 428
128 154
131 161
57 329
269 107
233 111
55 325
53 347
302 128
67 427
141 221
131 151
52 352
145 225
269 108
265 110
304 131
135 164
282 109
263 112
233 112
160 223
77 434
129 156
51 320
58 411
297 124
54 347
52 321
284 109
131 160
264 113
157 224
53 352
60 429
54 355
55 326
58 407
43 362
57 328
41 364
121 176
77 430
296 125
60 327
52 317
301 128
55 430
120 177
161 222
129 154
56 429
303 130
74 427
310 89
271 110
131 152
266 109
292 91
311 90
159 224
45 364
42 363
67 426
142 221
50 319
145 224
299 126
310 91
141 220
79 432
59 328
268 107
130 157
234 113
302 129
158 225
78 431
122 175
267 108
37 370
57 408
57 327
121 177
298 126
145 223
302 130
268 108
38 370
53 321
77 431
304 132
123 175
76 434
132 160
234 114
44 364
157 223
309 91
56 430
54 352
129 155
267 109
270 110
54 348
43 363
52 320
269 109
60 326
73 427
53 353
51 319
59 407
56 326
52 318
58 408
130 156
130 154
283 109
233 113
282 110
297 125
300 128
265 111
310 90
142 220
136 164
45 365
301 131
300 132
132 152
55 355
78 432
135 163
39 371
77 433
42 364
68 426
58 410
158 224
264 112
299 127
293 91
160 222
131 157
59 327
131 153
59 429
122 176
143 221
296 126
301 129
298 127
121 178
302 91
57 430
268 109
53 320
300 129
39 370
309 90
59 326
43 364
300 131
131 156
70 427
77 432
55 354
124 189
308 91
294 91
41 372
69 426
304 133
158 223
60 325
283 110
265 112
143 220
57 326
136 163
269 110
303 132
44 365
302 131
296 127
124 187
279 112
297 126
123 176
132 153
40 371
59 410
159 222
270 111
59 408
76 433
60 411
133 160
52 319
54 353
234 115
58 429
301 130
130 155
233 114
299 132
54 349
267 110
299 128
72 427
146 223
131 155
61 411
284 112
59 409
56 324
275 111
300 130
123 177
268 110
55 349
299 129
269 111
279 113
147 223
70 428
304 134
59 325
133 159
143 217
125 189
76 432
137 163
296 128
308 90
270 112
299 131
303 91
57 325
41 367
64 414
146 222
298 128
43 365
55 353
303 133
233 115
134 160
136 162
124 186
72 428
60 408
283 111
159 221
267 111
132 154
124 188
122 178
266 112
144 220
302 90
49 359
69 427
307 91
297 127
39 369
42 372
56 354
58 430
280 112
302 132
41 371
158 222
295 91
60 410
53 319
158 221
57 324
159 220
268 111
42 371
142 217
54 319
284 113
128 187
125 188
65 412
125 186
276 111
72 429
299 130
132 155
135 160
56 349
53 360
275 112
145 220
296 91
278 113
42 367
126 187
137 162
283 112
65 414
64 413
143 218
298 95
56 323
134 159
60 409
269 112
75 432
59 324
41 370
308 89
59 432
147 222
148 223
43 366
303 134
69 428
233 116
123 178
40 369
49 360
303 90
61 410
48 361
267 112
144 219
56 353
307 90
277 112
297 128
295 92
302 133
50 359
58 431
281 112
41 368
266 113
59 431
141 217
64 412
304 90
65 411
56 352
297 91
144 218
269 113
55 319
136 160
308 88
127 187
74 432
134 158
281 113
298 130
53 361
297 129
126 186
57 323
268 112
306 90
61 409
58 324
59 323
267 113
147 221
303 89
71 429
278 114
73 431
51 359
69 429
52 360
66 414
298 94
266 114
138 162
283 113
57 349
124 178
49 361
43 367
157 221
145 219
146 220
302 134
125 185
59 433
128 188
133 155
158 220
276 112
126 188
48 362
42 370
277 113
299 95
50 360
296 92
42 368
233 117
72 430
148 222
41 369
56 321
126 185
307 88
50 361
127 188
135 158
59 322
60 431
304 89
129 188
57 350
138 161
49 362
67 414
55 320
268 113
135 154
125 182
65 410
135 188
127 186
128 189
141 216
74 433
126 183
147 220
267 114
150 221
301 134
134 155
281 114
269 114
125 178
56 351
149 222
136 159
233 118
57 322
145 218
137 160
158 219
73 432
68 429
43 368
42 369
43 370
151 220
148 221
62 409
285 116
278 115
308 87
276 113
299 94
71 430
58 323
298 93
60 433
72 431
134 187
305 90
52 361
297 92
297 130
64 411
283 114
156 221
44 367
51 360
71 431
130 188
151 219
58 350
61 433
297 131
268 114
57 321
282 114
269 115
133 187
299 93
136 188
67 429
73 433
45 367
298 92
67 413
141 211
135 155
277 115
52 362
127 183
51 361
136 154
146 218
300 134
56 320
284 116
156 220
135 187
233 119
125 181
285 117
276 114
147 219
140 160
127 185
136 158
148 220
138 160
127 189
157 219
61 431
150 220
50 362
307 87
283 115
58 322
134 156
126 182
43 369
149 221
305 89
57 351
70 430
125 179
64 410
62 408
68 414
141 215
147 218
137 158
232 119
57 320
300 135
297 132
127 184
52 363
63 408
271 114
58 321
68 413
132 187
142 215
135 156
142 211
124 191
130 187
45 368
125 180
269 116
126 181
51 362
276 115
285 118
270 115
283 116
155 220
138 153
136 157
300 93
282 115
233 120
44 369
139 160
61 432
127 190
64 407
149 220
150 219
60 313
70 431
127 178
58 351
299 92
55 362
156 219
73 434
306 87
136 187
137 154
128 183
268 115
137 152
275 114
64 409
284 117
140 159
225 122
62 433
305 88
66 429
141 212
62 431
55 361
137 151
131 187
275 115
62 432
300 92
297 133
284 118
271 115
232 120
150 218
282 116
273 115
149 219
128 184
73 435
136 156
51 363
125 191
305 87
58 320
155 219
296 132
53 363
52 364
70 434
142 212
137 155
69 431
139 153
65 407
58 352
126 190
300 136
128 178
129 183
64 408
226 122
129 185
136 186
276 116
54 362
156 218
137 157
143 215
225 123
60 314
272 114
138 152
68 412
299 91
45 369
140 152
268 116
157 217
66 430
127 181
299 135
139 159
124 192
61 313
126 180
143 211
283 117
148 218
127 179
231 119
138 157
127 180
59 320
139 158
226 121
128 179
127 202
271 116
125 192
51 364
276 117
304 87
154 219
69 432
68 411
296 133
156 217
72 435
231 120
141 152
70 435
56 361
142 153
63 432
295 132
62 313
222 127
65 408
299 136
60 315
140 151
131 186
46 369
281 116
139 154
148 215
55 360
144 215
130 185
71 434
268 117
138 151
272 115
225 124
275 116
143 212
129 184
54 363
137 156
128 181
300 137
66 431
53 364
269 118
157 216
137 186
297 134
66 407
273 116
283 118
59 352
300 91
47 368
224 131
274 117
126 191
149 218
270 118
127 201
273 117
132 206
128 180
140 154
157 215
128 202
139 155
66 408
269 119
283 119
66 432
67 411
130 184
141 149
59 353
47 369
71 435
60 316
134 206
149 215
139 157
64 432
148 216
297 135
138 156
126 192
144 212
60 320
143 213
131 185
59 319
55 359
62 314
144 214
225 131
274 118
275 117
224 130
142 152
149 217
54 364
56 360
230 120
304 86
48 368
227 121
222 126
156 216
68 432
284 120
271 117
60 352
224 124
295 133
294 128
268 118
281 117
131 205
153 219
142 154
285 121
223 127
138 186
139 151
295 129
282 118
51 365
67 431
57 357
272 116
223 125
300 90
298 136
129 179
299 137
57 358
139 150
229 120
281 118
70 437
280 117
303 86
142 149
284 121
127 192
154 217
272 117
292 129
67 410
275 118
153 218
61 316
302 85
59 318
283 120
135 206
293 128
127 200
294 129
56 359
134 207
131 204
54 365
226 131
268 119
296 135
149 216
273 118
71 436
61 320
225 130
228 121
141 154
138 185
60 353
223 126
139 156
51 366
67 432
297 136
146 209
270 119
53 366
145 212
57 356
141 150
132 205
131 184
142 151
156 215
62 315
294 133
224 125
67 408
300 89
129 180
68 433
142 155
140 155
133 206
48 369
285 122
298 137
223 128
64 433
145 214
47 370
55 364
130 179
144 213
295 130
128 201
281 119
52 366
130 180
141 155
272 118
279 117
135 207
153 217
229 121
300 88
147 209
293 129
285 123
129 199
61 319
56 364
224 128
275 119
61 317
155 215
69 437
146 210
132 204
302 86
294 130
294 134
60 318
283 121
57 359
64 434
150 216
64 314
268 120
71 437
129 201
152 218
67 409
297 137
227 131
145 213
278 118
60 354
49 369
270 120
146 214
136 208
296 136
224 126
139 185
146 212
154 216
48 370
271 119
140 156
226 130
282 120
67 433
225 129
133 205
54 366
142 150
138 184
62 320
128 200
61 353
51 367
131 183
139 149
58 356
62 316
301 85
143 149
291 129
73 449
127 193
293 134
276 119
58 359
70 409
74 441
152 217
285 124
136 207
139 148
272 119
280 119
147 210
62 353
129 192
143 150
140 185
295 136
137 184
225 128
294 131
289 130
133 204
68 409
301 86
72 449
128 193
52 367
131 182
271 120
281 120
59 356
64 315
59 358
130 201
47 372
129 200
65 434
225 126
73 448
130 199
56 365
226 129
141 156
63 316
227 130
267 120
147 214
65 314
293 130
62 355
61 318
279 118
268 121
48 371
282 121
62 319
151 216
229 122
294 89
61 354
54 367
67 434
50 369
296 137
146 213
153 216
49 370
139 184
135 204
137 208
277 118
300 87
297 138
69 436
131 180
290 129
146 211
71 438
60 355
154 215
68 436
147 213
72 440
144 152
282 122
52 368
62 354
133 183
141 157
70 408
131 181
61 355
74 442
50 370
144 150
293 135
48 372
147 137
140 184
270 122
151 215
134 204
294 136
136 204
277 119
59 357
67 435
227 129
279 119
131 201
294 88
66 434
226 126
231 125
288 130
276 120
135 203
139 183
153 215
271 121
129 193
296 138
300 86
63 353
229 123
154 214
139 147
130 200
128 194
54 368
69 409
71 439
132 182
137 207
55 367
47 373
148 210
62 318
60 356
289 129
73 441
53 369
130 192
147 211
280 120
284 124
66 314
226 128
66 324
51 369
295 89
64 316
293 131
267 121
59 359
56 366
63 317
134 184
136 184
228 124
72 448
272 120
63 355
128 196
152 216
137 204
70 439
67 436
66 323
67 324
64 317
296 89
55 368
60 357
66 315
272 121
152 215
267 122
226 127
66 435
71 440
284 125
133 182
63 354
140 183
128 195
288 129
48 373
299 86
296 139
73 442
147 138
131 200
270 123
281 122
146 139
138 207
135 184
134 183
69 448
227 128
72 441
129 194
131 192
144 151
70 407
228 125
292 131
230 125
276 121
229 124
277 120
47 374
61 356
129 196
130 193
72 447
148 211
60 359
298 87
63 318
50 371
142 157
51 370
294 87
295 88
279 120
71 448
134 203
132 201
133 202
69 408
148 137
282 123
54 369
60 369
145 152
231 126
148 213
56 367
140 147
293 136
64 353
153 214
227 126
52 369
57 366
136 205
271 122
132 181
146 142
229 125
66 322
138 206
153 213
283 125
230 126
65 317
72 442
277 121
130 194
70 440
143 157
135 183
146 140
55 369
129 195
147 143
147 139
70 448
287 127
68 324
132 200
61 357
141 147
61 359
66 316
271 123
52 370
287 129
227 127
71 443
145 151
272 122
279 121
54 370
134 182
140 182
66 436
291 131
71 447
69 407
137 205
59 369
142 158
60 370
266 122
48 374
69 447
282 124
270 124
133 181
67 437
57 367
134 202
56 368
133 201
295 139
228 126
64 354
295 87
297 87
69 323
68 440
50 372
64 318
131 193
149 137
149 213
298 86
146 152
292 136
296 88
281 123
152 214
278 120
148 212
66 437
59 370
149 212
130 195
56 369
139 206
297 86
147 142
229 126
140 181
286 127
68 439
272 123
135 182
52 371
146 141
132 199
143 158
49 374
131 194
71 446
61 358
152 213
58 369
57 368
148 139
133 200
71 444
70 441
50 373
65 318
271 124
278 121
290 133
295 140
71 442
51 372
277 122
69 440
228 127
150 213
146 151
266 123
296 87
149 138
65 354
138 205
67 438
55 370
67 316
142 147
65 436
146 143
287 128
68 407
70 447
282 125
68 323
142 145
292 137
290 131
281 124
69 322
294 85
134 201
134 181
67 322
279 123
229 127
52 372
132 194
142 146
289 133
285 129
158 142
144 148
51 373
139 181
68 406
145 143
56 370
57 369
67 317
58 370
134 192
70 442
136 182
134 180
150 212
294 140
144 158
146 150
131 195
136 202
65 355
135 201
272 124
280 124
291 137
296 86
65 437
71 445
69 441
70 446
151 213
147 141
266 124
290 132
68 322
49 375
66 318
143 145
282 126
67 321
152 212
133 199
278 122
286 128
67 439
294 84
139 205
62 358
295 85
66 438
149 139
281 125
143 147
291 138
51 374
279 124
148 141
68 405
229 128
158 143
66 439
294 83
134 193
57 370
285 128
132 195
135 192
297 84
67 320
136 181
272 125
289 132
265 126
137 202
157 142
50 375
266 125
278 123
146 149
288 133
69 442
63 358
143 146
52 373
67 318
139 204
136 201
64 357
296 85
298 83
145 158
293 140
133 198
70 445
65 356
144 147
65 438
68 321
154 209
135 180
284 127
135 200
145 144
145 148
151 212
138 181
281 126
285 130
150 139
285 131
138 202
132 196
297 83
301 79
69 443
146 158
296 84
150 140
135 179
144 146
145 145
57 371
133 197
153 209
66 440
135 199
273 125
58 372
156 142
287 131
280 126
141 203
149 141
69 445
137 201
68 320
152 210
284 128
158 144
291 139
229 129
67 319
288 132
53 373
157 143
69 405
265 125
284 130
151 211
295 83
279 125
146 148
65 357
139 203
283 127
292 140
68 318
278 124
64 358
154 208
134 194
277 125
65 439
298 82
51 375
135 193
133 195
68 442
136 180
264 126
137 181
299 80
64 359
301 78
66 357
139 202
138 201
294 153
290 139
149 142
136 193
65 452
68 319
140 203
284 131
141 202
135 194
58 373
136 199
147 158
135 198
278 125
61 404
156 143
153 208
301 76
137 200
65 440
150 141
284 133
274 125
280 127
69 404
146 147
264 125
147 162
147 160
54 373
137 180
133 196
151 210
68 443
279 126
136 179
157 144
52 375
69 444
283 128
57 372
152 209
297 82
277 126
229 130
68 445
286 131
296 83
134 197
300 79
145 146
152 141
291 140
287 132
158 145
151 141
150 142
149 143
134 196
141 201
61 403
65 359
136 198
151 209
282 128
300 78
148 144
283 129
67 357
158 146
85 353
291 141
301 75
290 140
147 157
152 142
230 130
275 125
65 451
147 161
157 145
148 160
276 126
135 195
58 374
264 124
56 372
147 145
156 144
140 202
55 373
146 146
53 375
69 403
149 159
152 208
293 153
68 358
300 76
69 319
62 404
278 126
293 151
296 82
285 133
57 373
137 179
289 141
286 132
148 162
299 79
136 194
298 80
66 452
65 441
138 200
279 127
67 451
297 81
284 132
68 444
54 374
294 152
301 73
149 144
151 208
293 152
297 80
56 373
276 127
282 129
296 81
283 132
288 141
300 73
136 195
277 128
70 319
270 131
292 151
289 140
292 153
291 142
300 71
286 133
151 142
149 160
84 353
139 200
263 124
149 158
152 143
278 127
140 201
300 77
66 451
157 146
231 130
64 441
152 207
275 126
63 442
67 450
69 402
65 360
155 144
299 78
67 358
67 444
138 179
289 142
57 374
148 161
68 359
299 76
137 178
147 146
54 375
136 197
85 354
150 143
148 157
301 74
135 196
62 403
271 128
55 374
148 145
63 443
278 128
148 146
291 153
299 71
299 77
286 134
299 73
300 72
298 70
137 197
136 196
84 354
154 144
56 374
65 361
289 147
282 132
149 161
86 354
150 158
66 450
87 355
65 443
55 375
151 207
277 129
296 80
292 152
158 166
282 130
292 150
275 127
138 178
151 143
66 444
300 74
137 195
262 124
88 356
298 76
232 130
62 402
270 130
140 200
155 145
138 194
271 131
63 403
67 449
150 144
70 318
149 157
68 402
288 140
271 129
291 143
64 442
85 355
150 160
156 146
290 142
272 128
67 359
138 198
66 449
291 144
156 147
137 196
150 145
275 128
138 177
290 153
272 131
261 124
278 129
158 167
296 79
66 447
277 130
291 152
154 145
88 357
84 355
290 143
299 72
65 444
149 146
56 375
274 127
298 77
272 129
86 355
298 71
64 403
157 166
138 175
288 147
139 198
281 132
286 135
70 317
232 131
291 150
289 154
299 74
87 356
140 199
138 197
271 130
151 206
62 401
290 145
151 160
282 131
273 128
298 73
67 402
151 144
155 146
287 140
54 377
289 148
139 194
150 157
66 445
155 172
281 130
66 361
280 129
138 195
297 70
67 360
261 122
63 402
64 443
150 161
139 195
151 161
287 147
286 136
140 198
289 145
138 176
66 448
86 356
272 130
55 377
278 130
141 179
279 129
154 172
152 160
78 358
295 79
260 122
261 123
296 70
150 146
233 131
298 74
288 154
157 165
288 146
232 132
280 130
64 402
290 150
67 361
155 147
151 157
63 401
290 144
297 77
67 401
155 171
139 175
274 128
153 145
65 445
286 140
139 197
273 129
66 446
151 205
138 196
64 444
65 449
281 131
151 145
54 378
298 72
290 152
157 167
87 357
84 356
70 316
140 174
289 149
56 376
289 153
154 146
70 301
78 361
64 449
288 81
65 448
279 130
64 401
286 141
64 445
155 170
289 150
297 72
232 133
285 136
140 197
68 361
140 175
56 377
67 400
295 76
296 71
142 179
66 401
273 130
289 144
274 129
151 146
289 152
77 358
70 315
288 143
139 176
139 196
260 123
285 140
154 171
54 379
286 147
278 131
141 174
151 204
288 153
295 70
153 146
156 167
280 131
151 156
157 168
86 357
288 145
141 178
156 165
284 81
84 357
155 148
65 446
287 142
295 78
78 359
284 135
297 74
55 378
286 137
259 122
296 77
290 151
233 132
87 358
152 161
234 131
79 360
86 358
64 400
141 177
81 359
288 150
140 176
234 132
296 74
296 72
152 162
85 357
283 135
65 401
154 148
295 71
64 448
284 80
64 446
285 147
70 314
68 362
67 399
287 81
151 155
284 140
288 152
284 136
71 301
155 165
233 133
153 171
55 379
279 131
141 175
69 315
295 75
295 77
285 141
259 123
78 360
152 146
151 203
140 196
286 142
67 363
274 130
155 169
294 76
70 302
285 81
289 151
57 377
142 178
151 163
150 204
288 144
76 358
77 359
77 361
285 137
146 198
287 143
63 449
156 168
281 135
80 360
285 139
294 78
289 81
234 133
289 80
86 359
138 191
147 198
155 166
68 363
76 359
56 379
141 196
285 146
80 361
233 134
294 71
151 164
67 364
293 78
296 73
283 140
259 124
152 163
285 138
70 313
290 81
232 135
274 131
69 314
67 312
152 147
75 358
280 133
153 148
284 141
282 135
70 303
146 197
294 77
284 79
142 177
293 76
141 176
85 358
72 301
142 175
66 399
154 165
285 148
65 400
288 151
64 399
155 168
287 150
57 378
71 302
150 203
279 132
153 170
154 169
63 448
69 362
287 144
82 359
77 360
63 446
64 447
286 143
286 81
235 134
284 147
284 137
150 155
281 134
81 360
146 199
295 74
85 359
290 80
75 359
287 151
146 200
284 138
284 146
145 197
151 165
139 189
70 304
293 77
283 77
66 368
274 132
234 134
280 134
69 305
67 311
231 135
153 149
293 75
285 143
141 195
70 312
69 363
152 148
154 168
150 154
154 166
142 176
259 125
149 203
138 190
138 192
284 76
286 144
284 142
72 302
285 79
283 147
291 79
80 362
142 196
68 312
277 133
294 72
295 73
65 367
83 359
147 199
68 364
289 79
65 399
143 177
82 360
284 148
279 133
76 360
57 379
146 196
153 169
152 164
232 136
235 135
147 201
64 398
69 313
63 447
292 78
283 141
286 80
286 150
282 136
74 361
65 368
140 189
143 176
284 149
284 77
282 137
284 145
277 78
278 133
139 190
294 73
285 144
283 76
233 136
139 192
285 78
284 143
85 360
283 148
282 147
293 72
148 201
276 133
286 79
69 312
152 165
283 146
152 149
153 166
69 364
72 305
145 196
82 361
292 77
293 74
153 168
291 78
282 149
274 133
278 79
234 135
148 199
231 136
283 138
68 311
72 303
70 363
71 304
81 362
62 447
147 200
75 360
66 367
149 202
286 151
69 306
232 137
144 177
58 379
283 142
150 153
290 79
281 150
84 359
151 148
143 196
259 126
70 305
258 125
279 134
142 195
65 398
275 132
64 397
154 167
75 361
73 303
73 363
93 367
279 135
61 447
149 199
284 144
283 143
274 134
71 305
67 367
258 126
285 151
84 360
74 362
282 150
94 368
275 133
64 370
94 370
291 77
68 366
277 77
282 76
283 145
279 79
59 379
69 365
65 369
151 153
286 78
284 150
293 73
82 362
68 310
149 201
69 311
150 150
70 306
143 195
140 192
58 380
148 200
276 134
72 304
144 196
152 166
290 78
65 397
83 361
140 190
283 149
281 147
144 176
278 78
281 151
153 167
144 170
233 137
234 136
282 138
282 146
71 363
141 189
231 137
278 134
151 149
150 152
72 306
285 77
141 192
282 151
60 447
66 397
149 200
72 363
144 195
94 369
71 306
75 362
69 310
281 76
280 137
281 138
284 151
143 194
286 77
152 167
92 367
144 175
280 77
141 190
84 361
233 138
65 370
60 379
150 199
151 152
93 368
69 366
234 137
278 135
145 174
279 78
144 173
145 170
275 134
230 137
277 76
151 150
73 304
71 364
283 144
292 73
74 363
287 78
150 151
68 367
291 76
83 362
290 77
231 138
144 171
150 201
59 380
93 370
281 146
274 135
245 132
64 371
258 127
283 150
59 447
141 191
64 372
69 367
247 131
84 362
144 194
72 364
282 144
279 77
280 76
92 368
74 304
275 135
281 145
277 135
151 167
146 170
234 138
66 370
69 309
142 192
75 363
74 364
257 127
71 307
145 175
288 78
283 151
144 172
278 76
67 397
63 379
67 369
70 308
93 369
145 173
280 146
65 371
60 380
60 448
284 152
279 137
48 462
287 77
151 151
248 130
282 152
230 138
229 137
245 133
246 132
150 200
280 138
143 193
290 76
291 73
291 75
285 153
91 367
277 136
64 377
75 304
284 153
71 366
68 369
70 367
229 138
278 137
246 133
263 138
145 172
279 138
234 139
152 151
285 154
249 130
63 380
278 147
71 308
143 192
230 139
279 146
146 171
290 73
92 369
151 200
59 448
60 381
86 365
147 174
152 201
67 370
48 461
261 132
64 379
90 369
281 144
76 305
287 76
142 191
84 363
146 173
257 128
68 397
146 175
280 145
278 75
279 76
248 131
74 305
247 132
72 365
151 168
291 74
283 152
70 309
275 136
49 462
65 372
288 77
91 368
290 75
144 193
75 364
51 450
279 139
153 201
68 396
67 371
85 365
91 369
66 372
249 131
52 450
86 366
50 462
74 306
143 191
228 138
73 365
234 140
283 153
246 134
263 139
259 131
263 137
147 173
76 306
153 151
278 146
75 365
66 378
257 129
284 154
280 144
49 461
248 132
92 372
146 172
68 370
72 308
70 368
279 75
277 147
65 379
278 138
71 367
144 192
71 309
147 175
151 169
283 155
261 133
72 366
145 193
64 380
64 376
63 381
262 138
51 451
278 74
246 136
288 76
65 377
260 132
229 139
276 136
84 364
92 374
49 463
91 375
250 130
247 133
147 171
290 74
75 305
58 448
262 134
60 382
50 452
152 200
90 368
92 371
145 192
258 131
75 306
146 193
251 130
50 461
153 200
277 138
72 309
262 135
263 136
255 128
147 172
90 375
151 170
50 463
63 382
259 132
92 373
89 368
66 373
65 380
278 145
71 368
262 139
276 137
65 376
154 201
282 155
57 448
148 175
250 131
144 191
246 135
288 75
148 171
248 133
66 377
228 139
289 74
53 450
261 134
277 146
84 365
53 466
279 144
60 383
156 151
85 366
234 141
67 372
91 374
91 370
256 129
283 154
50 453
258 133
147 194
51 452
278 139
75 366
68 395
76 307
154 151
279 74
68 371
66 379
58 449
73 366
54 449
71 310
247 136
276 138
156 152
255 129
91 373
61 383
278 144
71 369
50 454
63 383
148 172
281 155
249 133
53 451
277 139
288 74
75 367
57 449
250 132
52 452
227 139
51 461
282 154
257 133
153 155
53 465
262 136
72 310
85 367
54 450
254 128
251 131
73 367
56 448
258 132
145 191
148 176
260 140
50 460
84 366
91 371
66 374
88 368
277 145
153 199
247 135
147 193
75 307
146 192
278 140
248 134
66 380
55 449
148 194
68 372
62 382
51 465
279 73
66 376
260 134
154 200
155 201
67 395
228 140
50 464
235 141
261 139
73 371
72 368
89 375
74 366
149 175
90 374
155 151
67 373
151 171
52 466
74 367
281 154
75 308
52 453
240 139
226 141
260 135
74 371
72 371
288 73
149 172
257 132
87 368
84 367
150 171
52 465
67 380
276 139
251 132
278 143
254 129
275 138
62 383
72 369
90 373
248 135
85 368
153 154
154 199
259 140
277 144
67 374
67 382
236 141
67 394
261 136
73 310
146 191
227 140
249 134
89 374
155 152
51 454
150 175
148 177
154 155
148 193
61 384
154 153
51 464
280 73
260 139
56 449
88 369
73 368
90 371
287 74
67 376
149 174
277 140
62 393
68 373
74 309
156 201
51 460
54 451
67 381
250 136
54 452
85 369
73 369
53 453
149 177
261 137
89 373
260 136
259 139
280 154
62 392
154 198
254 130
240 140
87 369
249 135
68 380
259 135
69 373
148 192
226 142
62 384
90 372
68 374
251 133
237 141
83 367
89 371
66 394
227 141
250 134
277 141
55 451
75 309
277 143
149 173
70 372
150 176
147 191
88 370
52 454
84 370
154 154
251 137
155 153
56 450
156 200
287 73
74 370
63 393
68 382
256 132
52 460
155 155
74 310
275 139
67 393
239 139
86 368
72 372
151 175
52 464
150 174
67 375
252 132
74 368
241 141
281 73
150 172
157 199
156 199
282 73
70 373
88 371
251 136
83 368
255 132
253 132
52 463
251 138
258 135
53 462
76 309
279 154
240 141
68 381
88 373
150 177
86 369
227 142
74 369
85 370
52 459
287 72
55 452
238 141
63 392
239 140
150 173
151 178
84 369
254 131
151 176
69 380
155 154
285 74
66 393
281 72
251 134
56 451
154 197
75 310
155 198
75 370
260 137
250 135
89 372
54 453
148 191
252 133
68 375
62 385
64 389
71 372
52 455
69 382
83 370
158 199
242 141
275 140
62 391
87 370
288 69
69 374
277 142
149 192
259 136
276 141
65 394
259 138
155 196
63 390
288 68
250 138
152 178
65 389
86 370
242 142
258 138
149 191
53 459
158 198
258 136
65 393
278 154
243 141
152 176
151 173
284 74
285 73
151 177
87 373
251 139
88 372
53 455
57 451
276 142
255 133
69 375
227 143
63 391
63 385
156 198
64 390
239 141
288 70
54 462
157 155
75 369
159 197
253 133
254 132
76 310
55 453
155 195
56 452
227 145
275 141
52 458
53 463
156 154
252 136
52 456
71 373
282 72
283 73
82 370
77 309
251 135
155 197
70 380
241 143
286 72
259 137
150 192
69 381
83 369
150 194
98 385
254 133
159 196
76 369
56 453
275 142
87 372
284 73
64 391
70 375
52 457
57 452
152 195
86 371
154 195
241 144
228 145
285 72
149 190
158 155
86 373
242 143
156 197
82 369
240 143
252 135
53 458
77 368
157 154
227 144
54 455
71 374
53 456
65 390
274 141
65 392
81 370
253 134
152 173
151 194
278 153
244 141
150 193
287 70
77 310
152 177
70 381
287 68
158 197
240 145
64 385
150 191
255 134
283 72
250 139
239 142
55 462
78 309
98 387
54 463
258 137
153 178
57 453
55 455
241 145
284 72
77 311
249 139
79 309
257 137
99 387
278 152
228 144
157 197
71 381
253 135
254 134
63 467
159 195
78 310
285 71
239 145
55 461
149 189
81 369
157 153
244 142
159 155
85 373
83 311
153 177
54 464
98 386
240 144
58 452
65 391
98 384
152 174
158 196
65 385
55 463
277 153
78 368
286 70
71 375
86 372
152 194
239 143
72 374
151 193
250 140
286 68
274 142
77 369
255 135
151 191
242 144
153 195
53 457
158 154
154 194
150 190
277 152
85 372
245 142
249 140
66 385
285 68
254 135
66 391
159 194
157 196
152 193
158 153
72 375
229 144
153 174
71 382
242 145
82 311
238 143
273 142
97 384
158 195
56 465
73 374
83 312
58 453
149 188
285 70
150 189
239 144
56 461
256 137
159 154
77 370
153 194
80 369
80 309
78 369
56 463
154 177
55 464
54 457
72 381
152 191
63 468
151 190
284 71
81 310
63 466
78 311
99 386
59 452
55 456
79 369
158 194
159 153
73 375
72 382
237 143
230 144
153 193
80 310
78 370
255 137
56 460
61 467
154 176
60 452
249 141
153 191
97 383
59 453
67 391
82 312
81 311
254 136
152 190
242 146
238 144
66 386
152 192
243 145
71 383
153 175
151 189
84 372
245 143
157 195
100 386
57 465
285 69
284 70
276 152
62 468
56 458
62 466
273 143
99 379
55 457
150 188
56 464
67 389
79 311
158 193
100 385
56 459
78 371
67 390
230 145
85 316
152 189
60 453
284 69
72 383
67 386
154 191
82 313
67 388
97 382
79 312
237 144
153 192
80 311
236 143
151 188
231 144
243 146
160 153
61 466
157 194
83 372
245 144
74 375
81 312
254 137
61 468
255 138
73 376
155 176
272 143
100 379
249 142
246 143
84 315
154 175
57 464
99 380
56 457
276 151
79 370
58 462
98 380
247 143
69 385
60 454
83 373
82 314
246 144
60 466
254 138
61 453
68 388
273 145
243 147
67 387
60 468
79 371
151 185
161 153
155 175
83 317
283 69
157 193
232 144
101 385
250 142
100 384
84 316
231 145
61 469
249 143
98 382
250 144
100 380
156 194
82 372
151 187
72 384
272 144
236 144
58 456
57 459
276 150
154 192
83 315
251 141
85 315
80 312
152 188
58 464
68 390
58 468
86 316
57 457
74 376
243 148
97 380
59 462
82 317
61 470
58 463
60 465
68 387
253 140
61 454
59 456
251 142
282 67
254 139
82 315
80 313
99 382
283 68
76 375
72 385
151 186
58 459
86 315
152 187
59 468
247 144
155 174
249 144
70 385
62 455
275 150
274 147
246 145
251 144
101 384
244 147
102 385
69 386
82 373
162 153
155 192
58 457
58 469
83 316
252 141
100 381
80 371
75 376
152 185
272 145
248 143
255 140
284 67
156 193
273 146
236 145
69 390
232 145
250 145
60 464
76 376
248 144
274 148
156 174
275 149
79 373
61 455
244 148
81 373
255 141
60 462
283 67
69 389
272 146
62 456
78 374
251 143
252 142
247 145
87 315
102 384
163 153
232 146
254 140
80 314
58 458
59 463
96 380
100 382
152 186
60 470
71 385
77 375
69 387
101 383
253 141
101 381
282 66
153 187
153 185
249 145
235 145
284 66
72 386
156 192
80 372
60 456
59 469
82 316
81 315
273 147
245 147
71 386
78 375
244 151
60 463
59 458
283 66
79 314
101 382
282 65
247 146
271 146
95 380
96 381
253 142
245 148
234 145
76 377
102 383
78 315
81 316
254 141
163 154
153 186
252 143
95 382
244 149
274 149
61 456
157 174
255 142
80 373
59 470
70 387
79 374
233 146
248 145
158 173
159 172
87 314
70 389
272 147
156 191
61 462
78 316
237 149
87 313
254 142
155 187
94 382
271 147
273 149
103 383
155 181
234 146
78 376
70 388
159 173
248 146
95 381
102 382
77 377
60 458
244 150
80 374
59 471
61 463
245 149
156 190
253 143
87 377
61 457
81 375
71 387
233 147
272 148
80 316
283 65
163 155
158 174
247 147
154 186
160 172
72 392
245 151
79 315
255 143
80 375
59 472
283 64
94 381
62 463
164 155
155 182
72 391
155 188
79 316
253 144
272 149
245 150
161 172
79 376
73 392
271 148
237 150
254 143
246 149
88 377
234 147
61 458
247 148
236 149
249 148
248 147
58 471
233 148
86 377
87 312
103 382
156 187
60 459
155 180
71 388
159 174
155 186
81 376
157 190
78 377
156 186
246 150
57 475
160 174
79 317
157 177
231 149
233 149
85 377
104 382
72 388
85 379
248 148
156 182
235 149
157 189
87 311
234 148
93 381
80 306
156 180
62 458
80 376
161 173
61 459
155 183
78 378
156 178
80 318
63 463
253 145
249 149
236 150
254 144
164 156
73 387
73 391
58 472
159 175
247 149
283 63
271 149
88 378
156 188
78 379
85 378
161 174
80 319
68 469
157 178
81 306
254 145
162 173
62 459
160 175
79 318
156 179
80 307
232 149
270 149
65 470
158 177
63 464
88 379
247 150
82 309
156 185
155 184
80 379
165 156
235 150
92 381
84 377
58 473
81 308
231 150
159 176
89 378
74 391
79 378
156 183
84 379
248 149
63 462
157 182
63 458
73 390
157 180
74 387
73 388
67 454
80 377
234 149
105 382
87 310
57 474
283 62
58 475
157 188
81 307
73 389
231 151
74 386
72 470
58 474
78 380
65 469
69 469
66 474
66 470
64 458
156 184
65 473
83 309
79 319
67 455
167 155
68 454
69 453
167 157
63 461
235 151
64 464
157 179
80 378
255 145
91 381
158 178
92 382
62 460
158 182
89 379
248 150
82 308
160 176
284 62
67 469
88 380
270 150
86 310
232 150
79 379
84 378
166 156
234 150
74 390
162 174
247 151
78 318
74 388
106 382
165 157
66 456
158 188
65 464
65 472
63 460
79 380
90 381
86 309
84 309
68 455
67 474
256 145
270 151
106 381
168 155
88 381
248 151
158 183
66 469
232 151
167 156
168 157
66 457
59 474
159 178
91 382
74 389
66 473
160 177
234 151
247 152
285 62
67 456
67 468
78 381
67 470
158 187
70 453
83 308
70 469
89 380
72 471
62 333
274 153
71 470
75 386
158 179
69 454
166 157
163 174
82 307
76 387
64 459
78 319
83 378
161 176
157 184
159 182
81 378
70 470
76 388
82 378
60 474
233 151
55 477
61 475
75 389
76 386
71 471
163 175
274 152
83 307
65 467
65 459
89 381
271 151
79 381
67 473
166 158
250 158
168 156
248 152
159 179
65 327
66 472
70 454
63 333
66 468
161 177
159 187
158 186
251 159
159 181
67 471
86 308
77 319
71 453
158 184
84 308
256 146
64 460
162 176
275 153
67 457
68 456
62 332
106 380
66 458
65 463
160 178
285 61
72 472
234 152
90 382
101 376
68 471
80 381
67 458
163 176
159 186
169 156
89 382
160 181
86 307
249 152
79 382
63 332
158 185
82 379
67 472
252 159
160 179
65 462
61 476
56 477
273 152
83 306
233 152
64 333
65 466
166 159
65 460
256 147
159 184
275 154
251 158
84 307
76 319
70 471
55 478
90 383
70 455
68 457
161 178
250 157
72 473
65 328
286 61
78 383
77 386
60 475
71 454
71 472
76 389
105 380
271 152
272 151
160 187
66 327
66 459
66 463
66 467
83 380
68 472
105 379
65 461
68 326
84 306
66 466
77 389
67 459
83 381
83 303
72 454
83 305
286 56
79 383
170 156
160 180
66 460
252 158
101 377
65 333
160 186
275 155
75 319
162 178
80 382
102 376
233 153
167 159
81 381
251 157
71 455
67 327
68 458
163 177
85 307
66 462
56 478
63 331
255 147
86 306
272 152
79 389
69 471
60 476
78 384
70 472
71 473
159 185
250 152
65 329
271 153
100 376
89 383
78 386
82 380
286 60
278 49
85 306
78 385
57 480
79 386
166 179
69 326
272 153
89 384
71 474
78 389
170 157
68 327
271 154
253 158
170 155
280 53
80 389
254 147
75 456
64 331
100 375
105 378
56 479
74 321
65 330
79 384
66 465
287 56
69 472
72 455
67 462
161 180
71 456
80 383
79 388
233 154
286 57
165 178
84 303
252 157
169 158
83 304
59 476
57 478
161 186
66 461
65 332
81 382
286 59
275 160
68 459
102 377
168 159
82 381
251 152
75 320
274 155
162 179
160 185
163 178
253 157
278 50
79 385
163 179
89 385
103 377
161 183
58 480
72 456
165 179
275 157
67 461
81 383
82 382
104 378
171 155
71 329
78 392
279 53
78 390
169 159
233 155
67 465
65 331
287 57
162 186
75 321
80 388
69 473
164 178
271 155
162 180
286 58
57 479
84 304
69 327
166 180
70 474
274 160
274 156
275 159
231 157
161 185
70 458
252 152
170 158
59 477
79 393
85 305
80 386
75 457
85 303
69 459
74 322
98 280
100 374
279 49
68 328
281 53
272 154
253 147
74 456
280 54
231 158
78 391
172 155
58 479
66 331
67 464
68 461
279 52
253 148
278 51
82 383
85 304
272 155
75 458
59 480
279 50
100 373
104 377
79 392
80 385
80 387
170 159
271 156
59 478
274 159
71 458
69 328
163 180
101 374
232 157
72 457
75 322
162 185
254 157
71 328
252 153
97 280
100 369
88 385
253 156
161 182
275 158
282 53
165 180
105 376
274 157
164 179
80 393
74 457
98 281
287 58
70 329
233 156
69 474
281 54
161 184
70 459
162 184
155 287
97 281
154 288
288 58
81 385
171 159
231 159
81 393
73 457
163 185
100 368
253 155
68 330
104 376
253 149
67 331
233 157
100 372
79 391
86 304
170 160
81 387
61 481
253 153
69 475
100 370
282 52
162 182
71 459
82 384
68 464
283 53
69 329
234 156
254 156
105 375
164 180
59 479
70 334
103 375
87 385
74 458
80 392
232 160
101 369
76 322
282 54
70 460
74 334
279 51
69 461
272 156
101 373
274 158
72 328
98 282
273 157
172 156
171 160
154 287
234 157
283 54
73 458
282 51
280 51
72 327
233 158
80 391
71 460
98 283
254 155
74 325
81 392
68 475
104 375
99 286
153 288
73 328
69 330
152 289
164 181
254 149
172 157
233 164
97 282
73 334
101 368
173 156
60 479
76 323
100 371
163 182
164 185
155 286
100 367
103 354
163 184
69 462
272 157
70 333
68 331
87 384
102 355
103 374
82 385
232 159
233 160
289 58
74 335
69 466
101 372
71 334
96 281
82 387
61 480
62 481
254 153
253 150
255 156
69 464
75 324
87 304
100 287
273 158
289 57
233 163
69 465
235 157
73 327
174 156
98 284
61 479
69 463
321 31
255 155
75 325
153 289
104 368
85 301
95 281
103 355
234 160
326 22
171 161
72 334
255 153
282 50
103 373
73 459
99 285
73 335
102 354
323 25
86 384
100 286
72 460
62 480
102 368
272 158
70 332
271 159
99 367
153 287
164 184
101 287
255 149
172 158
325 23
320 32
74 326
68 476
69 331
100 366
281 51
233 161
104 374
63 475
82 386
254 150
233 159
164 182
70 462
81 391
270 160
97 283
234 158
152 288
325 21
88 304
101 367
101 371
71 333
234 164
324 24
70 466
82 392
154 286
76 324
87 303
283 51
284 54
102 357
71 332
94 281
236 157
85 300
255 152
82 391
172 161
100 365
175 156
70 331
74 327
73 336
99 366
290 57
325 22
71 462
326 23
104 367
281 50
152 287
64 475
86 301
283 50
62 479
83 386
254 151
88 303
84 385
255 154
271 158
151 288
174 157
72 461
324 21
114 383
101 354
70 463
118 279
153 290
76 325
72 333
99 284
70 465
256 149
89 304
101 364
101 366
324 25
62 477
102 371
234 163
285 54
270 159
321 32
233 162
117 278
164 183
175 154
255 150
325 24
73 460
234 159
85 384
67 476
323 26
103 368
107 366
103 356
104 373
75 326
153 286
97 284
269 160
173 158
98 285
101 286
63 476
95 282
256 155
234 161
320 31
71 331
284 46
65 475
73 467
66 476
72 332
319 31
268 160
102 364
72 336
75 461
165 183
108 376
83 391
87 301
326 24
103 357
89 303
151 287
323 31
101 365
63 479
114 384
102 366
256 150
322 32
118 278
62 478
256 154
103 371
62 486
283 47
283 49
107 365
94 282
176 154
235 159
103 367
102 358
324 26
323 23
175 155
64 476
150 288
75 327
282 48
285 53
117 279
255 151
236 158
71 465
84 386
75 467
173 159
88 302
324 22
234 162
71 463
237 157
235 163
174 158
85 385
176 156
76 326
100 354
63 477
118 276
281 49
97 285
72 466
100 284
173 161
113 383
99 365
175 157
104 372
101 285
152 286
290 56
270 158
73 461
86 300
154 290
106 366
176 155
286 53
87 300
89 302
103 366
72 337
176 157
96 285
325 26
117 280
98 355
326 25
256 151
175 158
64 477
100 283
98 365
288 53
150 287
116 279
83 390
101 284
108 375
281 48
72 465
237 158
174 165
85 386
310 9
151 286
96 365
65 476
235 162
74 467
166 183
283 46
324 31
95 284
320 15
73 462
100 355
284 47
105 372
73 466
86 387
323 22
109 376
119 278
269 158
73 332
94 283
63 486
75 466
63 478
257 154
177 156
236 159
105 278
289 54
71 464
104 371
118 277
319 30
268 159
destination
