map
random512-20-7.map
pivot
151 310
agent & start
486 45
479 38
473 32
446 5
484 43
468 27
496 55
499 58
485 44
511 70
454 13
450 9
498 57
509 68
456 15
510 69
495 54
493 52
475 34
451 10
491 50
474 33
482 41
507 68
444 3
476 35
490 49
469 28
462 21
478 37
463 22
494 53
505 64
477 36
467 26
488 47
465 24
492 51
450 11
455 14
459 18
508 67
471 30
464 23
502 61
449 8
441 0
487 46
470 29
460 19
504 63
442 1
472 31
481 42
497 56
506 65
452 11
443 2
483 42
472 32
474 34
488 48
450 12
457 17
509 69
484 44
463 23
490 50
441 1
459 19
477 37
495 55
454 14
501 61
485 45
510 70
451 11
508 68
503 63
498 58
491 51
492 52
469 29
452 12
483 43
446 6
480 42
504 64
442 2
481 43
502 62
456 16
475 35
481 41
467 27
494 54
482 42
449 9
444 4
479 39
511 71
480 40
478 38
455 15
487 47
496 56
486 46
489 49
445 5
505 65
470 30
473 33
440 0
464 24
497 57
476 36
493 53
462 22
497 58
475 36
440 1
466 27
504 65
465 26
459 20
501 62
490 51
447 8
472 33
494 55
457 18
451 12
458 19
455 16
453 14
454 15
441 2
489 50
505 66
460 21
509 70
456 17
493 54
468 29
463 24
495 56
492 53
444 5
511 72
464 25
462 23
445 6
482 43
487 48
510 71
502 63
439 0
448 9
484 45
488 49
480 41
469 30
508 69
452 13
485 46
467 28
503 64
473 34
476 37
477 38
479 40
493 56
465 27
497 61
453 15
472 34
500 62
489 51
457 19
503 65
461 23
460 22
484 46
447 9
458 20
508 70
451 13
499 61
463 25
504 66
510 72
488 50
485 47
478 40
468 30
487 49
501 63
456 18
497 59
505 67
495 57
448 10
452 14
488 52
493 57
443 5
469 31
439 1
471 33
509 71
474 36
464 26
459 21
444 6
440 2
482 44
492 54
455 17
467 29
502 64
462 24
479 41
476 38
475 37
466 28
446 8
441 3
498 60
494 56
490 52
486 48
455 18
476 39
504 67
508 71
485 48
472 35
454 17
494 57
447 10
502 65
491 54
488 53
498 61
439 2
490 53
487 52
503 66
499 62
466 31
500 63
452 15
442 5
443 6
460 23
488 51
471 34
445 8
483 46
486 49
440 3
501 64
466 29
484 47
507 70
474 37
453 16
495 58
509 72
456 19
446 9
505 68
438 1
464 27
459 22
482 45
467 30
478 41
468 31
489 52
469 32
457 20
497 60
462 25
461 24
492 55
465 28
444 7
451 14
466 32
441 5
466 30
483 47
491 55
487 51
460 24
444 8
440 4
442 6
445 9
479 43
472 36
489 53
453 17
473 37
505 69
462 26
461 25
447 11
456 20
496 60
502 66
485 49
468 32
498 62
475 39
463 27
509 73
464 28
494 60
500 64
438 2
484 48
451 15
481 45
494 58
454 18
443 7
490 54
446 10
448 12
471 39
499 63
486 50
508 72
465 29
503 67
471 35
472 38
478 42
459 23
469 33
452 16
507 71
439 3
480 44
458 22
437 1
504 68
455 19
454 19
490 55
478 43
465 30
500 65
499 64
472 37
441 6
506 71
485 50
484 49
501 66
456 21
463 28
489 54
462 27
505 70
436 1
435 0
468 33
470 35
481 46
471 36
507 72
498 63
445 10
473 38
495 60
503 68
447 12
453 18
451 16
448 13
444 9
438 3
508 73
464 29
477 42
472 39
502 67
471 38
461 26
442 7
458 23
509 74
479 44
486 51
437 2
443 8
494 59
460 25
459 24
467 32
439 4
480 45
440 5
475 40
483 48
457 22
459 25
443 9
500 66
438 4
470 38
498 64
504 70
434 0
480 46
477 43
485 51
484 50
455 21
451 17
462 28
495 61
450 16
481 47
483 49
469 35
506 72
502 68
457 23
447 13
456 22
490 56
509 75
493 59
496 62
501 67
508 74
470 36
453 19
441 7
479 45
482 48
474 40
435 1
510 76
478 44
503 69
497 63
467 33
489 55
476 42
505 71
454 20
463 29
452 18
440 6
461 27
445 11
464 30
471 37
473 39
442 8
458 24
448 14
507 73
437 3
496 63
447 14
502 69
510 77
488 55
484 51
468 35
478 45
503 70
458 25
481 48
497 64
474 41
446 13
441 8
489 56
500 67
499 66
476 43
435 2
462 29
485 52
472 41
450 17
508 75
440 7
451 18
511 78
475 42
507 74
509 76
490 57
455 22
445 12
461 28
506 73
442 9
438 5
473 40
452 19
453 20
470 37
482 49
483 50
454 21
457 24
464 31
501 68
479 46
495 62
482 51
504 71
492 59
477 44
463 30
469 36
439 6
434 1
460 27
467 34
437 4
505 72
448 15
444 11
437 5
491 59
456 24
468 36
433 1
439 7
492 60
434 2
496 64
454 22
511 79
443 11
472 42
478 46
473 41
453 21
475 43
448 16
446 14
445 13
481 51
442 10
504 72
502 70
488 56
482 50
493 61
449 17
461 29
483 51
436 4
460 28
467 35
463 31
505 73
469 37
458 26
476 44
479 47
440 8
462 30
494 62
509 77
489 57
444 12
451 19
500 68
497 65
480 48
481 49
508 76
452 20
438 6
506 74
510 78
466 34
464 32
498 66
484 52
455 23
474 42
441 9
477 46
434 3
468 37
451 20
473 42
475 44
448 17
488 57
476 45
452 21
502 71
463 32
445 14
441 10
443 12
500 69
503 72
467 36
508 77
465 34
454 23
461 30
484 53
506 75
496 65
491 60
436 5
492 61
504 73
435 4
444 13
431 0
505 74
438 7
478 47
460 29
509 78
439 8
459 28
511 80
442 11
433 2
472 43
483 52
494 63
457 26
456 25
493 62
507 76
479 48
447 16
480 49
440 9
498 67
510 79
481 50
464 33
457 27
442 12
463 33
468 38
485 55
449 19
432 2
480 50
438 8
489 59
436 6
506 76
502 72
476 46
431 1
462 32
440 10
479 49
496 66
508 78
467 37
444 14
430 0
446 16
487 57
488 58
500 70
464 34
510 80
441 11
477 47
503 73
466 36
435 5
454 24
443 13
483 53
511 81
455 25
478 48
504 74
509 79
505 75
461 31
475 45
492 62
447 17
460 30
499 69
494 64
490 60
439 9
453 23
486 56
491 61
452 22
433 3
437 7
474 44
473 43
445 15
501 71
493 63
465 35
434 4
459 29
507 77
498 68
451 21
497 67
463 34
501 72
505 76
449 20
476 47
441 12
468 39
507 78
509 80
436 7
433 4
446 17
462 33
458 29
439 10
488 59
479 50
490 61
485 56
452 23
498 69
442 13
448 19
437 8
508 79
432 3
431 4
453 24
465 36
455 26
510 81
467 38
430 1
491 62
504 75
500 71
503 74
473 44
451 22
445 16
459 30
484 55
477 48
435 6
499 70
431 2
454 25
460 31
440 11
450 21
456 27
464 35
492 63
466 37
483 54
486 57
474 45
478 49
497 68
438 9
496 67
444 15
489 60
493 64
475 46
504 76
509 81
500 72
467 39
491 65
474 46
443 15
499 71
431 5
498 70
435 7
459 31
479 51
462 34
438 10
502 74
457 29
478 50
439 11
444 16
446 18
483 55
482 54
497 69
441 13
442 14
508 80
460 32
492 64
491 63
506 78
432 4
464 36
486 58
476 48
437 9
453 29
489 61
463 35
496 68
451 23
452 24
485 57
510 82
450 22
458 30
484 56
447 19
507 79
433 5
430 4
429 1
434 6
461 33
430 2
436 8
466 38
454 26
501 73
456 28
454 28
473 45
487 59
477 49
448 20
431 6
502 75
456 29
503 76
499 72
437 10
468 41
496 69
478 51
474 47
491 66
464 37
482 55
459 32
462 35
457 30
507 80
430 3
449 22
452 25
488 61
442 15
444 17
436 9
504 77
475 48
506 79
429 2
455 28
509 82
450 23
490 63
463 36
439 12
491 64
460 33
485 58
433 6
454 29
483 56
466 39
479 52
492 65
451 24
484 57
441 14
495 68
497 70
505 78
447 20
493 66
454 27
432 5
438 11
453 26
508 81
453 28
486 59
480 53
434 7
477 50
481 54
443 16
461 34
440 13
501 74
445 18
472 45
476 49
504 78
466 40
459 33
437 11
489 63
473 47
508 82
507 81
497 71
495 69
486 60
465 39
444 18
456 30
432 6
428 2
498 72
455 29
502 76
475 49
499 73
487 61
452 26
464 38
480 54
463 37
471 45
438 12
509 83
477 51
478 52
443 17
445 19
492 66
496 70
483 57
460 34
442 16
447 21
494 68
510 84
449 23
500 74
500 78
493 67
474 48
479 53
451 25
435 9
501 75
490 64
429 3
458 32
453 27
481 55
467 41
506 82
476 50
484 58
461 35
506 80
457 31
433 7
441 15
439 13
501 77
446 20
468 42
485 59
440 14
469 43
436 11
501 76
475 50
462 37
478 53
477 52
466 41
506 81
499 78
496 71
437 12
455 30
509 84
483 58
504 79
498 73
492 67
444 19
457 32
484 59
488 63
426 1
468 43
442 17
485 60
508 83
510 85
461 36
447 22
451 26
487 62
499 74
463 38
446 21
448 23
489 64
459 34
456 31
469 44
445 20
503 78
471 46
494 69
493 68
502 77
500 75
439 14
479 56
479 54
495 70
497 72
435 10
480 55
433 8
452 27
428 3
434 9
458 33
440 15
486 61
500 77
505 82
474 49
482 57
506 83
472 47
507 82
438 13
432 7
505 80
481 56
450 25
465 40
473 48
486 62
473 49
483 59
470 46
462 38
457 33
493 69
467 43
451 27
493 71
474 50
427 3
434 10
446 22
494 70
447 23
499 75
458 34
449 25
440 16
477 53
438 14
485 61
489 65
437 13
442 18
441 17
460 36
463 39
455 31
459 35
498 78
432 8
498 74
488 64
436 12
508 86
502 78
504 80
450 26
466 42
487 63
509 85
444 20
461 37
445 21
448 24
475 51
495 71
510 86
465 41
472 48
500 76
478 54
426 2
499 77
492 68
421 1
443 19
476 52
503 79
456 32
480 56
479 55
469 45
505 81
481 57
471 47
496 72
435 11
507 83
482 58
425 1
425 2
422 1
441 18
450 29
494 71
485 62
457 34
447 24
486 63
507 84
504 81
424 1
508 85
458 35
431 8
439 16
433 10
495 72
436 13
472 49
427 4
499 76
449 26
476 53
421 2
481 58
497 74
469 46
435 12
440 17
511 88
480 57
496 73
445 22
491 68
451 28
467 44
474 51
434 11
432 9
466 43
498 77
487 64
437 14
473 50
484 61
459 36
446 23
488 65
442 19
460 37
503 80
483 60
420 3
498 75
454 31
509 86
428 5
468 45
493 70
462 39
510 87
482 59
471 48
468 47
450 27
475 52
461 38
502 79
464 41
456 33
470 47
443 20
478 55
465 42
425 3
459 37
439 17
485 63
482 60
427 5
424 2
470 48
466 48
465 43
477 55
501 79
509 87
480 58
458 36
511 89
467 47
492 70
481 59
461 39
421 3
443 21
496 74
430 8
449 29
474 52
455 33
434 12
466 44
444 22
472 50
494 72
487 65
422 2
471 49
457 35
436 14
483 61
426 4
488 66
475 53
454 32
497 77
502 80
498 76
438 16
428 6
445 23
486 64
507 85
450 28
420 4
447 25
463 41
435 13
473 51
449 27
467 45
464 42
440 18
441 19
462 40
453 31
510 88
476 54
503 81
469 47
491 69
432 10
432 11
495 74
433 12
423 2
443 22
449 28
457 36
481 60
434 13
476 55
424 3
488 67
475 54
462 41
458 37
429 8
435 14
472 51
463 42
454 33
510 89
446 25
494 73
479 58
503 82
465 44
440 19
438 17
496 75
441 20
467 46
460 39
471 50
428 7
461 40
439 18
506 85
425 4
452 31
487 66
431 10
502 81
456 35
421 4
491 70
436 15
469 48
455 34
486 65
483 62
448 29
482 61
447 26
494 75
470 49
466 47
427 6
480 59
497 76
445 24
511 90
430 9
477 56
473 52
509 88
426 5
484 63
466 49
466 45
501 80
485 64
423 3
447 27
425 5
474 54
492 72
439 19
471 51
460 40
485 65
447 29
493 75
494 76
462 42
432 12
477 57
470 50
502 82
486 66
511 91
483 63
505 85
466 50
421 5
480 60
454 34
481 61
457 37
459 39
434 14
438 18
455 35
466 46
464 44
488 68
501 81
440 20
465 45
428 8
467 49
490 70
446 26
422 4
472 52
453 33
469 49
458 38
496 76
429 9
427 7
433 13
495 75
435 15
509 89
475 55
508 88
456 36
426 6
473 53
461 41
443 23
444 24
493 73
506 86
479 59
452 32
487 67
482 62
484 64
494 74
476 56
431 11
507 87
448 28
475 56
423 4
462 43
465 46
478 59
491 72
488 69
477 58
446 27
438 19
422 5
470 51
502 83
492 73
447 28
482 63
429 10
452 33
501 82
461 42
425 6
486 67
426 7
460 41
511 92
509 90
456 37
433 14
458 39
445 26
444 25
434 15
508 89
453 34
437 18
432 13
506 87
463 44
435 16
436 17
474 55
476 57
473 54
442 23
485 66
484 65
495 76
483 64
427 8
464 45
431 12
467 50
494 77
493 74
457 38
455 36
480 61
440 21
441 22
424 5
490 71
468 49
430 11
507 88
472 53
505 86
428 9
510 91
484 66
463 45
498 80
501 83
470 52
446 28
434 16
436 18
478 60
435 17
425 7
440 22
429 11
451 33
454 36
445 27
474 56
492 74
469 51
485 67
428 10
424 6
496 78
475 57
471 53
506 88
437 19
455 37
433 15
483 65
504 86
444 26
480 62
462 44
452 34
495 77
511 93
441 23
486 68
502 84
430 12
422 6
464 46
427 9
432 14
509 91
487 69
468 50
461 43
423 5
497 79
500 82
467 51
479 61
460 42
458 40
507 89
490 72
457 39
489 71
459 41
482 64
508 90
473 55
443 27
443 25
456 38
510 92
438 20
477 59
431 13
491 74
490 73
474 57
426 9
496 79
460 43
505 88
441 24
424 7
503 86
456 39
501 84
438 21
442 25
444 27
495 80
483 66
468 51
459 42
473 56
435 18
502 85
423 6
430 13
427 10
445 28
510 93
432 15
469 52
509 92
437 20
429 12
486 69
440 23
461 44
457 40
434 17
489 72
443 26
507 90
472 55
485 68
508 91
433 16
455 38
458 41
429 14
480 63
462 45
482 65
436 19
451 34
477 60
453 36
478 61
497 80
464 47
454 37
504 87
428 11
495 78
439 22
470 53
481 64
500 83
498 81
425 8
506 89
471 54
445 29
474 58
471 55
454 38
500 84
417 1
424 8
457 41
434 18
427 11
488 72
435 19
492 76
490 74
460 44
440 24
429 13
425 9
483 67
423 7
504 88
511 95
468 52
498 82
433 17
508 92
489 73
506 90
458 42
478 62
485 69
444 28
505 89
482 66
431 15
480 64
470 54
472 56
495 79
442 26
496 80
453 37
429 15
464 48
499 83
462 46
491 75
450 34
459 43
477 61
426 16
452 36
507 91
503 87
495 81
456 40
441 25
432 16
438 22
479 63
436 20
481 65
430 14
509 93
426 10
455 39
502 86
497 81
439 23
437 21
484 68
469 53
491 76
457 42
490 75
439 24
489 74
451 36
450 35
481 66
430 15
436 23
463 48
426 15
452 37
474 59
469 54
476 61
497 82
510 95
436 21
441 26
483 68
468 53
456 41
427 16
444 29
475 60
437 22
460 45
417 2
424 9
433 18
477 62
453 38
478 63
500 85
486 71
426 11
454 39
485 70
509 94
499 84
418 3
432 17
428 13
506 91
501 86
470 55
435 20
480 65
440 25
438 23
458 43
503 88
473 58
416 1
427 14
484 69
496 81
505 90
504 89
423 8
502 87
455 40
479 64
471 56
511 96
494 79
472 57
492 77
507 92
488 73
427 12
445 30
449 34
434 19
462 47
474 60
467 53
419 5
462 48
469 55
510 96
485 71
418 4
424 10
453 41
501 87
500 86
447 33
423 9
442 28
426 14
503 89
504 90
498 84
448 34
487 73
441 27
430 16
444 30
437 23
432 18
453 39
464 50
436 22
483 69
490 76
473 59
481 67
497 83
475 61
502 88
450 36
496 82
433 19
435 21
455 41
509 95
492 78
460 46
505 91
463 51
507 93
508 94
458 44
459 45
477 63
486 72
499 85
511 97
461 47
470 56
427 13
417 3
488 74
480 66
443 29
472 58
415 1
451 37
445 31
457 43
468 54
493 79
427 17
439 25
479 65
463 49
449 35
506 92
426 12
465 51
507 94
462 49
456 47
511 98
473 60
425 12
433 20
468 55
450 37
457 44
467 54
431 18
455 42
417 4
496 83
502 89
508 95
452 41
442 29
497 84
435 22
424 11
493 80
428 17
457 46
444 31
461 48
452 39
476 63
466 53
504 91
453 40
463 50
472 59
487 74
503 90
453 42
469 56
449 36
418 5
482 69
447 34
492 79
422 9
426 13
465 52
481 68
434 21
446 33
459 46
441 28
456 43
506 93
458 45
415 2
460 47
510 97
425 14
437 24
478 65
499 86
484 71
416 3
430 17
480 67
419 6
477 64
505 92
423 10
471 58
448 35
470 57
485 72
490 77
421 8
439 26
501 88
498 85
474 61
443 30
454 41
464 51
438 25
498 86
496 84
449 37
442 30
418 6
483 71
484 72
432 20
486 74
423 11
508 96
469 57
476 64
466 54
485 73
447 35
506 94
456 46
470 58
491 79
422 10
441 29
456 48
477 65
452 40
450 38
465 53
457 47
437 25
464 52
495 83
497 85
501 89
509 97
462 50
413 1
492 80
482 70
428 18
459 47
499 87
456 44
420 8
414 2
481 69
419 7
445 33
511 99
410 0
416 4
504 92
451 41
448 36
460 48
408 0
430 18
454 42
440 28
439 27
433 21
479 67
468 56
424 12
429 17
425 13
474 62
434 22
444 32
464 54
510 98
446 34
415 3
478 66
500 88
443 31
489 77
421 9
502 90
451 39
431 19
455 43
503 91
472 60
457 45
473 61
479 68
431 22
451 40
501 90
494 83
424 13
466 55
472 61
510 99
500 89
411 0
432 21
498 87
430 19
473 62
448 37
441 30
440 29
415 4
482 71
438 27
465 54
469 58
460 49
484 73
450 39
422 11
408 1
449 38
461 50
458 47
504 93
475 64
503 92
429 18
489 78
485 74
499 88
483 72
436 25
435 24
454 43
507 96
493 82
506 95
431 20
463 54
445 34
492 81
459 48
457 48
480 69
414 3
421 10
443 32
446 35
420 9
476 67
455 46
505 94
468 57
434 23
478 67
511 100
476 65
418 7
496 85
456 45
467 56
497 86
464 53
409 0
442 31
417 6
419 8
508 97
412 1
490 79
509 98
447 36
455 44
444 33
439 28
413 2
492 82
468 58
499 89
432 22
459 51
450 40
454 44
462 54
498 88
439 29
413 3
485 75
461 51
463 53
497 87
490 80
455 45
507 97
409 1
434 24
511 101
467 57
508 98
443 33
411 1
494 84
445 35
479 69
435 25
412 2
431 21
415 5
419 9
421 11
475 67
444 34
503 93
417 7
502 92
442 32
423 13
506 96
473 63
458 52
481 71
469 59
440 30
486 76
484 74
483 73
476 66
475 65
501 91
480 70
447 37
488 78
493 83
510 100
459 49
446 36
489 79
466 56
476 68
458 48
478 68
437 27
430 20
416 6
504 94
505 95
482 72
441 31
436 26
429 19
471 63
460 50
474 64
495 85
465 55
419 11
448 38
472 62
477 67
500 90
418 8
503 94
429 20
488 79
508 101
475 66
482 73
446 37
490 81
505 96
412 3
483 74
465 56
430 21
437 28
510 101
419 10
486 77
462 53
432 23
411 2
493 84
426 19
484 75
467 58
418 9
433 24
506 97
481 72
423 16
421 12
435 26
466 57
492 83
478 69
485 76
495 86
511 102
479 70
444 35
416 7
498 89
509 100
491 82
459 50
419 12
415 6
420 11
497 88
438 29
507 102
436 27
443 34
507 98
472 63
447 38
508 99
500 91
439 30
458 51
409 2
469 60
501 92
440 31
448 39
470 61
458 49
454 45
434 25
414 5
502 93
453 44
474 65
459 52
471 62
499 90
442 33
461 52
418 11
441 32
460 51
422 13
422 17
473 64
494 85
477 68
449 40
470 62
506 98
424 16
413 5
422 14
469 61
459 53
429 21
492 84
511 103
449 41
484 76
441 33
420 12
483 75
497 89
501 93
444 36
494 86
493 85
458 50
506 102
442 34
481 73
508 102
490 82
433 25
507 99
423 15
487 79
421 13
410 2
453 45
465 57
426 18
489 81
464 56
510 102
418 10
468 60
461 53
482 74
446 38
428 20
478 70
457 51
499 91
472 64
505 97
503 95
434 26
507 101
421 17
474 66
473 65
432 24
502 94
423 17
498 90
427 19
443 35
467 59
445 37
438 30
504 96
416 8
440 32
496 88
460 52
491 83
422 16
414 6
425 17
486 78
436 28
448 40
417 9
477 69
466 58
508 100
437 29
411 3
465 58
457 50
483 76
482 75
509 102
417 10
434 27
486 79
410 3
441 34
469 62
506 101
466 59
416 9
491 84
438 31
440 33
484 77
499 92
481 74
421 16
446 39
479 72
497 90
508 103
460 53
447 40
421 14
436 29
464 57
492 85
425 18
433 26
414 7
477 70
439 32
422 15
482 77
487 80
511 104
412 5
496 89
510 103
432 25
424 17
411 6
427 20
453 46
495 88
428 21
505 98
445 38
488 81
431 24
500 93
480 73
435 28
454 47
494 87
420 13
468 61
490 83
504 97
472 65
442 35
473 66
498 91
493 86
501 94
448 41
444 37
502 95
467 60
507 100
485 78
429 22
497 93
421 15
480 74
493 87
504 98
503 97
494 88
481 77
456 50
487 81
420 14
424 18
413 7
506 100
428 22
431 25
501 95
445 39
420 16
490 84
433 27
416 10
478 72
452 46
475 69
434 28
497 91
463 57
466 60
448 42
468 62
442 36
439 33
498 92
471 65
482 76
486 80
465 59
467 61
476 70
469 63
500 94
447 41
473 67
511 105
460 54
462 56
446 40
495 89
472 66
427 21
437 31
479 73
454 48
432 26
414 8
502 96
430 24
412 6
491 85
484 78
509 103
488 82
444 38
505 99
461 55
411 5
496 90
443 37
438 32
435 29
410 4
492 86
453 47
485 79
441 35
418 13
480 77
446 41
466 61
477 72
445 40
433 28
431 26
501 96
460 55
505 100
410 5
502 97
419 14
467 62
468 63
424 19
481 76
484 79
509 104
426 21
437 32
497 92
496 93
420 15
489 84
463 58
491 86
466 63
416 11
492 87
464 59
472 67
478 73
480 75
494 89
473 68
427 22
490 85
495 90
412 7
448 43
430 25
432 27
415 10
462 57
438 33
493 88
442 37
474 69
498 93
425 20
451 46
441 36
470 65
500 95
476 71
441 38
475 70
461 56
510 105
488 83
455 50
511 106
496 91
417 12
444 39
434 29
454 49
485 80
503 98
479 74
487 82
413 8
439 34
469 64
452 47
443 38
409 4
502 98
499 95
440 36
498 94
429 25
495 91
438 34
459 55
488 84
416 12
492 88
441 37
468 64
461 57
469 65
500 96
473 69
439 35
424 20
446 42
432 28
487 83
430 26
431 27
418 14
460 56
447 43
462 58
486 82
437 33
466 64
490 86
425 21
485 81
458 54
427 23
454 50
448 44
452 48
444 40
415 11
412 8
434 30
501 97
491 87
472 68
465 61
450 46
417 13
504 100
419 15
428 24
464 60
474 70
493 89
433 29
511 107
476 72
483 79
479 75
489 85
496 92
480 76
455 51
463 59
477 73
442 38
426 22
470 66
510 106
467 63
409 5
509 105
411 8
472 69
479 76
508 105
409 6
464 61
427 24
495 92
406 3
509 106
493 90
432 31
478 75
470 67
467 64
449 46
510 107
433 30
438 35
404 1
489 86
408 5
507 104
476 73
499 96
469 66
473 70
432 29
490 87
457 54
466 65
492 89
460 57
446 43
462 59
423 20
417 14
500 97
452 49
477 74
503 100
483 80
415 12
487 84
491 88
465 62
418 15
405 2
437 34
502 99
483 82
484 81
471 68
458 55
454 51
426 23
478 79
447 44
453 50
424 21
479 78
430 27
486 83
428 25
504 101
498 95
455 52
440 37
462 61
434 31
439 36
436 33
431 28
442 39
443 40
488 85
463 60
404 3
501 98
412 10
421 19
403 3
446 44
415 13
468 66
501 99
403 1
426 24
509 107
478 76
449 47
455 53
487 85
497 95
439 37
428 26
476 74
481 79
494 92
430 28
483 81
404 2
473 71
470 68
402 0
472 70
425 23
445 43
444 42
420 18
431 29
486 86
405 3
479 79
453 51
510 108
437 35
434 32
463 61
477 79
475 73
462 60
447 45
467 65
436 34
454 52
443 41
448 46
482 80
408 6
458 56
486 84
498 96
456 54
505 103
459 57
432 30
418 16
485 83
406 4
422 20
511 511
451 49
433 31
491 89
442 40
417 15
471 69
493 91
478 78
410 8
488 86
499 97
438 36
484 82
477 75
452 50
469 67
429 27
506 104
404 4
423 21
457 55
464 62
503 101
507 105
492 90
411 9
489 87
456 55
421 20
422 21
464 63
428 27
471 70
433 32
503 102
411 10
472 71
489 88
446 45
486 85
419 18
510 511
436 35
426 25
404 5
443 42
488 87
412 11
509 108
494 93
409 8
497 96
487 86
504 103
452 51
405 4
492 91
402 1
505 104
413 12
408 7
441 40
402 3
427 26
470 69
414 13
440 39
437 36
498 97
429 28
477 78
417 16
496 95
469 68
454 53
453 52
501 100
507 106
451 50
435 34
500 99
493 92
432 33
467 66
420 19
439 38
425 24
502 101
495 94
444 43
481 80
416 15
474 73
511 110
491 90
448 47
449 48
480 79
476 75
485 84
461 60
477 76
473 72
463 62
482 81
434 33
490 89
418 17
431 30
447 46
459 58
401 0
423 22
506 105
403 2
511 510
458 57
475 74
484 83
440 40
424 24
410 10
406 6
401 3
419 19
474 74
417 17
496 96
504 104
459 59
438 38
480 80
436 36
418 18
470 70
489 89
467 67
455 55
511 509
422 22
495 95
448 48
481 81
452 52
490 90
510 110
485 85
408 8
484 84
471 71
501 101
430 30
466 68
400 0
498 98
463 63
429 29
506 106
428 28
420 20
469 69
435 35
472 72
411 11
443 43
497 97
434 34
494 94
446 46
460 60
507 107
511 111
487 87
505 105
425 25
450 50
488 88
503 103
421 21
442 42
476 76
509 109
445 45
414 14
454 54
500 100
413 13
412 12
415 15
416 16
432 34
476 78
493 93
444 44
509 511
511 113
405 5
502 102
456 56
433 33
457 57
439 39
468 68
407 7
449 49
427 27
402 2
491 91
508 109
511 112
476 77
440 41
435 36
436 37
410 11
502 103
426 27
506 107
445 46
419 20
469 70
501 102
466 67
442 43
464 65
507 108
401 2
446 47
500 101
467 68
417 18
492 93
461 62
481 82
443 44
505 106
414 15
460 63
418 19
448 49
430 31
455 56
458 59
444 47
510 509
480 83
470 71
407 8
438 39
400 1
453 54
498 99
408 9
428 29
437 38
510 113
480 81
499 100
461 68
503 104
462 67
459 60
429 30
447 48
488 89
489 90
452 53
423 24
473 74
490 91
487 88
454 55
493 94
412 13
494 95
462 63
433 34
443 48
465 66
509 510
510 111
427 28
484 85
497 98
420 21
424 25
456 57
475 76
421 22
474 75
409 10
405 6
507 110
416 17
413 14
451 52
449 50
463 66
495 96
472 73
511 508
406 7
415 16
441 42
416 18
457 59
480 82
503 105
502 104
482 84
450 52
462 68
455 57
399 1
468 70
470 72
492 96
458 60
498 100
511 507
487 89
422 24
405 7
436 38
449 51
438 40
442 48
465 67
460 62
509 509
479 81
509 111
501 103
464 66
500 102
462 64
408 10
507 511
427 29
496 98
463 65
486 88
444 46
445 47
484 86
488 90
435 37
420 22
429 31
410 12
492 94
506 108
510 508
507 109
495 97
448 50
441 43
451 53
469 71
467 69
426 28
461 63
428 30
439 41
463 67
424 26
474 76
413 15
508 110
483 85
456 58
446 48
421 23
453 55
484 88
475 77
400 2
434 36
407 9
418 20
447 49
433 35
493 95
510 112
481 83
415 17
508 510
499 101
505 107
425 27
473 75
490 92
423 25
471 73
443 45
459 61
443 47
485 87
461 67
417 19
443 49
462 66
472 74
412 14
454 56
406 8
419 21
414 16
472 75
492 95
424 27
464 67
456 59
399 2
429 32
496 99
407 10
443 46
506 511
442 45
453 56
510 507
474 77
414 17
469 72
504 107
507 510
484 87
490 93
434 37
404 7
438 41
425 28
410 13
420 23
505 510
445 48
508 111
440 43
419 22
454 57
485 88
511 506
509 112
479 82
421 24
447 50
437 40
468 71
495 98
482 85
509 508
489 92
501 104
506 109
467 70
494 97
442 47
500 103
446 49
428 31
459 62
502 105
408 13
462 69
493 96
455 58
411 14
487 90
444 49
461 66
436 39
441 44
435 38
483 86
499 102
458 61
415 18
416 19
451 54
462 65
406 9
470 73
449 52
405 8
412 15
491 94
418 21
426 29
508 509
448 51
398 1
497 100
505 108
461 64
403 6
498 101
481 84
423 26
439 42
486 89
433 36
408 11
417 20
503 106
416 20
425 29
437 41
505 509
409 13
473 77
406 10
465 69
441 47
488 92
405 9
440 44
418 22
436 40
501 105
491 95
445 49
499 107
439 43
485 89
477 81
448 52
424 28
457 61
407 11
456 60
410 14
493 97
397 1
450 54
508 112
398 2
441 45
468 72
510 506
402 6
470 74
502 106
460 66
499 103
469 73
481 85
496 100
421 25
408 12
511 505
429 33
472 76
442 46
495 99
467 71
483 87
455 59
411 15
399 3
463 69
426 30
500 106
423 27
489 93
505 109
431 35
415 19
498 102
494 98
503 107
474 78
506 510
420 24
500 104
471 75
414 18
432 36
434 38
435 39
422 26
447 51
464 68
428 32
458 62
486 90
497 101
452 56
449 53
453 57
403 7
454 58
461 65
508 508
478 82
430 34
507 509
446 50
482 86
438 42
404 8
498 103
459 64
456 69
421 26
471 76
441 46
453 58
397 2
399 4
493 98
436 41
476 81
451 56
460 65
434 39
398 7
466 71
510 505
424 29
499 106
401 6
497 102
431 36
472 77
398 3
428 33
435 40
468 73
511 504
463 70
415 20
429 34
427 32
507 112
469 74
419 24
506 509
488 93
501 106
418 23
509 114
509 506
452 57
480 85
506 111
496 101
414 19
410 15
447 52
503 108
445 50
405 10
494 99
508 507
482 87
459 66
433 38
499 104
504 109
502 107
464 69
450 55
440 45
403 8
417 22
465 70
467 72
422 27
396 1
457 68
490 95
486 93
406 11
456 61
409 14
495 100
477 82
439 44
508 113
454 59
481 86
426 31
486 91
478 83
438 43
402 7
430 35
448 53
458 67
395 0
413 18
407 12
423 28
457 62
473 78
458 63
485 90
500 107
420 25
456 68
464 70
485 91
481 87
454 60
503 109
423 29
457 69
467 73
501 107
499 105
425 31
453 59
488 94
409 15
447 53
486 94
458 64
480 86
482 88
511 503
399 7
505 111
469 75
429 35
510 504
398 4
411 17
500 108
432 38
428 34
498 104
426 32
508 506
511 117
396 2
484 90
401 7
476 82
492 98
465 71
508 114
433 39
485 93
436 42
440 46
400 6
457 67
478 84
397 7
445 51
490 96
439 45
403 9
421 27
472 78
431 37
507 113
413 19
446 52
479 85
458 66
459 65
510 116
506 508
474 82
507 507
504 110
506 112
455 61
398 6
502 108
459 67
417 23
496 102
494 100
430 36
394 0
406 12
458 68
434 40
470 76
475 81
395 1
410 16
489 95
450 56
477 83
509 115
405 11
457 63
397 3
438 44
414 20
451 57
419 25
402 8
501 108
457 64
495 104
411 18
455 68
458 69
396 3
446 53
464 71
415 22
431 38
467 74
400 7
444 51
473 84
430 37
507 506
481 88
422 31
490 97
421 28
432 39
509 116
393 0
450 57
447 54
407 14
488 95
509 504
394 1
456 63
433 40
438 45
504 111
395 2
424 31
476 83
422 29
469 76
510 117
487 94
401 8
436 43
406 13
485 92
417 26
490 99
416 23
454 61
420 27
408 15
480 87
410 17
419 26
477 84
503 110
457 66
423 30
453 62
505 112
426 33
466 73
456 67
507 114
470 77
478 85
511 502
510 503
404 11
427 34
498 105
489 96
418 25
458 65
397 4
451 58
402 9
429 36
472 79
496 103
414 21
483 90
439 46
412 19
474 81
428 35
455 62
511 118
493 100
465 72
409 18
474 83
484 91
506 507
397 6
508 505
437 44
507 504
492 99
452 59
468 75
459 68
479 87
483 91
476 84
488 96
415 23
411 19
431 39
477 85
507 505
393 1
489 97
466 74
502 110
470 78
445 53
472 80
449 57
409 19
441 49
473 81
509 117
464 72
392 0
495 103
508 504
396 6
469 77
497 105
436 44
501 507
400 8
409 17
511 501
428 36
465 73
421 29
440 48
405 13
452 60
396 4
417 25
433 41
478 86
418 26
435 43
474 84
456 64
490 98
510 118
439 47
429 37
506 114
426 34
501 109
453 61
506 506
412 20
496 104
448 56
454 62
425 33
473 83
484 92
451 59
414 22
504 112
491 99
406 14
403 11
424 32
505 507
420 28
443 51
422 30
507 115
408 16
492 100
475 83
423 31
425 35
457 65
407 15
459 69
410 18
446 54
394 2
487 95
509 503
438 46
455 63
510 502
450 58
455 67
482 90
402 10
503 111
421 31
432 40
404 12
401 9
453 63
468 76
480 88
447 56
440 49
460 69
501 506
405 14
420 29
475 84
430 39
505 506
455 66
461 70
494 103
438 47
466 75
410 19
472 81
411 20
426 35
471 80
464 73
479 88
497 106
505 114
511 120
456 65
394 3
483 92
477 86
402 11
404 13
474 85
493 102
420 31
412 21
450 59
425 34
463 72
504 113
506 115
502 507
508 503
468 77
408 17
414 23
478 87
452 61
407 16
400 9
436 45
469 78
504 507
481 90
511 500
434 43
401 10
448 57
445 54
482 91
503 112
424 33
429 38
462 71
415 24
396 5
509 118
488 97
492 101
432 41
408 19
427 36
418 27
421 30
502 111
437 46
441 50
467 76
480 89
419 28
393 2
501 110
472 83
443 52
496 105
491 100
395 6
439 48
435 44
423 32
454 63
431 40
506 505
395 4
476 85
416 25
509 502
510 119
487 96
489 98
425 36
392 1
403 12
446 56
468 78
472 82
426 36
430 40
503 113
428 38
394 6
400 10
489 101
408 20
414 24
441 51
502 506
439 49
461 71
450 60
462 72
429 39
451 61
419 29
481 91
481 93
406 16
469 79
464 74
415 25
405 15
425 37
492 102
392 2
420 32
404 14
477 87
511 121
455 65
413 23
437 47
395 5
505 115
432 42
508 118
503 507
478 88
444 54
402 12
438 48
410 20
471 81
445 55
475 85
393 3
420 30
508 502
506 116
407 19
442 52
510 120
431 41
440 50
488 98
403 13
487 97
507 117
411 21
511 499
424 34
480 90
454 64
496 106
449 59
434 44
427 37
412 22
448 58
504 506
508 500
493 103
460 70
433 43
418 28
399 9
470 80
505 505
501 111
443 53
483 93
509 501
436 46
467 77
476 86
419 31
407 17
491 101
423 33
463 73
466 76
504 114
461 73
510 500
482 92
443 54
404 15
423 34
394 5
449 60
410 21
468 79
487 98
439 50
478 89
467 78
492 103
442 53
494 105
489 100
432 43
503 506
507 118
401 12
501 112
446 57
500 111
447 58
497 108
433 44
505 116
445 56
460 73
414 25
434 45
451 62
506 117
499 510
441 52
477 88
403 14
428 39
511 498
509 500
412 23
419 30
510 499
496 107
511 122
407 20
488 99
393 4
476 87
471 90
504 505
508 119
463 74
406 21
480 91
431 42
406 17
419 32
481 92
490 101
436 47
464 75
430 43
438 49
415 26
418 29
450 61
429 40
398 9
503 114
406 19
417 28
427 38
472 89
475 86
482 93
392 3
474 87
507 502
403 16
422 33
461 72
454 65
504 115
508 501
420 33
391 2
405 22
510 121
506 503
466 77
460 71
471 82
400 11
430 41
426 37
437 48
469 80
509 120
499 110
429 43
469 81
511 123
445 57
509 499
511 497
402 14
392 4
505 503
397 9
439 51
504 504
477 89
463 75
418 32
417 29
443 55
422 34
401 13
498 110
499 509
472 90
421 33
498 510
497 109
471 89
398 10
399 11
464 76
472 88
501 113
503 505
504 116
416 28
428 40
499 111
411 23
466 78
497 511
510 498
471 91
482 94
407 21
506 502
429 41
405 17
431 43
503 115
506 118
446 58
449 61
508 120
493 105
423 35
440 52
447 59
451 63
404 22
418 30
474 88
505 117
470 82
406 18
433 45
480 92
426 38
472 86
476 88
490 102
393 5
479 91
494 106
487 99
406 22
467 79
450 62
435 47
441 53
453 65
507 119
465 77
507 501
491 103
488 100
459 71
510 122
437 49
496 108
425 39
436 48
391 3
414 26
438 50
468 80
473 89
475 87
462 74
392 6
410 22
406 20
403 15
404 16
460 72
410 23
405 20
401 14
487 100
470 83
509 498
504 503
435 48
422 35
501 114
468 81
502 115
406 23
391 6
404 17
478 91
472 91
451 64
440 53
467 80
477 90
458 71
491 104
473 90
502 117
436 49
427 40
446 59
445 58
431 44
464 77
499 112
496 109
484 97
438 51
433 46
424 39
498 111
421 34
399 12
415 28
449 62
494 107
433 50
482 95
509 122
391 4
469 82
390 3
475 88
500 113
472 87
462 75
442 55
466 79
405 18
479 92
505 118
404 21
437 50
459 72
398 11
465 78
402 15
486 99
396 9
417 32
492 105
434 49
432 45
411 24
495 108
429 42
426 39
504 117
497 510
447 60
507 120
392 5
443 56
453 66
414 27
392 7
471 84
476 89
510 123
503 504
506 501
417 30
508 121
505 502
441 54
472 85
428 41
486 101
511 124
511 496
407 22
498 509
471 88
496 511
416 29
470 89
434 47
490 103
413 26
448 61
416 32
395 9
473 91
435 49
431 45
492 106
508 498
452 66
469 83
483 97
500 114
489 103
511 495
462 76
510 124
412 26
486 100
421 35
511 125
498 508
436 50
478 92
503 117
485 101
509 497
440 54
443 57
496 110
506 120
433 47
466 80
437 51
410 24
486 102
415 29
487 101
508 122
495 511
484 98
398 12
397 11
426 40
485 99
491 105
442 56
433 49
389 3
422 36
463 77
470 84
479 93
414 28
471 85
458 72
434 50
416 30
404 20
474 90
393 7
504 502
497 509
407 23
490 104
495 109
461 75
502 116
476 90
409 23
451 65
391 5
417 31
396 10
482 96
392 8
499 113
505 501
509 123
427 41
445 59
471 87
401 15
498 112
475 89
394 8
467 81
428 42
449 63
503 503
403 21
404 18
477 91
424 38
494 108
502 504
497 111
510 496
496 510
447 61
439 55
504 118
470 88
464 78
501 115
450 64
507 121
482 97
498 507
507 498
400 15
402 21
403 18
431 46
478 93
459 74
410 25
469 84
407 24
463 78
460 75
498 113
500 115
449 64
439 56
404 19
470 87
474 91
443 58
427 42
421 36
419 34
401 16
399 14
501 116
500 505
494 511
467 82
426 41
397 12
455 70
408 23
479 94
495 110
458 73
490 105
447 62
480 95
432 47
495 510
416 31
502 503
503 118
485 100
435 50
389 4
437 52
390 5
475 90
450 65
414 29
487 102
466 81
510 125
430 45
465 80
511 494
506 121
438 53
403 20
388 3
446 61
453 68
402 17
509 124
451 66
510 495
470 85
464 79
508 497
394 9
499 114
501 504
477 92
452 67
507 122
420 35
481 96
497 508
411 26
445 60
413 28
489 104
440 55
504 119
432 49
393 8
442 57
496 111
492 107
504 501
457 72
433 48
494 109
423 38
499 506
454 73
476 91
415 30
444 59
396 11
508 123
434 51
409 24
439 54
448 63
483 98
412 27
468 83
398 13
455 72
484 99
454 69
461 76
508 124
477 93
455 73
413 29
502 502
484 100
480 96
490 106
463 79
421 37
498 506
402 18
389 5
495 509
461 77
505 121
407 25
504 500
450 66
499 115
494 110
401 21
499 505
479 97
399 15
457 73
455 71
438 54
458 74
460 76
507 497
507 123
500 116
408 24
454 72
503 119
506 122
448 64
435 51
396 12
500 504
497 113
395 11
474 92
403 19
487 103
444 60
510 494
491 107
440 56
469 87
425 41
430 46
483 99
414 30
479 95
497 507
495 111
393 9
506 498
411 27
481 97
495 113
508 496
470 86
488 104
492 108
462 78
447 63
449 65
409 25
451 67
415 31
453 69
504 120
501 503
464 80
402 20
465 81
419 35
437 53
496 508
436 52
426 42
442 58
401 17
456 72
398 14
494 510
454 70
431 47
466 82
394 10
503 501
400 16
511 493
388 4
509 125
445 61
510 126
410 26
434 52
505 499
459 75
433 53
441 57
443 59
418 34
432 48
468 84
475 91
509 495
452 68
422 38
478 94
502 501
481 98
503 120
507 496
425 42
510 127
427 44
468 87
463 80
508 125
409 26
442 59
511 128
479 96
453 72
442 61
491 108
387 4
418 35
429 46
454 71
501 118
434 53
494 113
477 94
389 6
478 97
498 505
483 100
480 97
420 37
500 503
467 84
504 121
458 75
493 510
502 119
495 508
453 70
447 64
394 11
435 52
446 63
507 124
392 11
510 493
402 19
478 95
461 78
483 102
393 10
475 92
459 76
466 83
495 112
433 54
388 5
450 67
441 58
398 15
482 99
497 114
503 500
464 83
440 57
492 511
499 116
498 115
457 74
399 16
494 111
414 31
391 12
401 20
421 38
464 81
451 68
413 30
487 104
500 117
448 65
443 60
410 27
444 61
431 48
492 109
456 73
506 497
488 105
437 54
504 499
401 18
494 509
465 82
506 123
418 37
408 25
508 495
489 106
396 13
509 126
497 506
469 86
505 498
386 3
424 41
468 85
430 47
490 107
501 502
430 48
441 59
463 83
400 18
477 95
468 86
496 114
449 67
414 32
421 39
497 505
434 54
475 93
478 96
498 504
413 31
453 71
435 53
494 114
511 129
467 87
451 69
443 61
424 42
493 509
442 62
503 499
504 498
440 58
508 126
418 36
393 11
510 492
497 115
480 98
502 500
491 511
499 117
499 503
392 12
488 106
465 83
505 497
495 507
501 119
476 94
505 123
389 7
388 6
490 108
491 109
398 16
464 82
504 124
437 55
467 85
399 17
494 508
457 75
495 505
459 77
417 35
489 107
503 121
446 64
423 41
507 495
481 99
401 19
494 112
482 100
391 13
500 118
506 496
492 510
448 66
420 38
395 13
458 76
427 45
386 4
466 84
509 127
410 28
493 113
506 124
507 125
426 44
486 104
510 128
502 120
464 84
417 37
500 502
400 20
397 15
408 26
409 27
436 54
487 105
456 74
460 78
484 102
509 493
462 80
483 101
429 47
496 506
385 3
430 49
506 125
494 507
502 121
408 27
500 119
475 94
489 108
388 7
445 64
409 28
498 503
477 96
480 99
497 116
499 118
486 105
397 16
452 71
488 107
398 17
416 35
447 66
490 511
509 492
502 499
423 42
509 128
493 508
491 510
501 500
435 54
461 80
490 109
497 504
462 81
386 5
444 63
385 4
399 18
494 115
392 13
396 15
496 505
504 125
467 86
508 127
422 41
428 47
441 60
503 122
510 129
496 115
438 57
412 31
451 70
484 103
491 110
503 498
506 495
393 12
387 6
421 40
465 84
440 59
449 68
499 502
400 19
436 55
425 44
500 501
482 101
429 48
493 112
458 77
414 33
495 506
503 124
507 126
420 39
466 85
498 117
417 36
456 75
501 120
463 82
504 123
460 79
450 69
395 14
437 56
443 62
427 46
481 100
504 497
382 3
424 43
434 55
457 76
459 78
439 58
394 13
492 509
446 65
487 106
505 496
503 123
476 96
393 13
480 100
504 126
397 17
382 2
381 1
456 76
420 40
501 133
409 29
488 108
462 82
426 46
destination
