map
random512-30-4.map
pivot
15 394
agent & start
318 205
363 262
387 474
404 401
226 115
252 133
403 382
393 468
257 140
388 473
235 118
403 380
117 34
261 142
218 105
25 26
391 352
169 58
404 381
373 494
382 481
395 440
283 162
210 93
342 239
347 246
367 266
372 487
405 402
366 265
395 426
384 481
396 439
162 51
286 169
348 247
255 136
132 35
14 29
317 204
397 436
398 389
399 376
155 56
156 57
371 502
51 20
134 39
369 298
368 271
379 314
13 28
371 488
238 119
390 353
284 163
135 38
86 29
64 25
62 25
15 30
248 131
259 152
369 294
390 421
87 30
397 438
67 22
78 31
201 84
122 33
404 403
369 292
300 185
289 176
129 36
372 279
20 29
287 168
395 428
372 495
324 211
381 326
397 408
316 205
404 395
297 182
77 32
383 318
344 241
268 149
283 164
275 154
271 152
114 35
59 24
395 370
82 29
289 174
183 72
97 38
395 434
387 460
369 296
361 260
338 227
240 121
227 116
159 52
299 184
371 284
130 35
375 490
320 207
64 23
115 34
388 457
97 36
212 95
390 471
393 466
365 264
42 25
63 24
381 328
94 35
244 125
392 451
295 180
370 275
158 53
288 167
56 25
339 228
278 157
272 153
248 129
256 137
184 73
124 35
258 139
340 229
215 98
400 377
377 312
358 257
383 336
216 99
24 27
402 405
61 24
247 128
368 295
211 94
205 88
274 155
392 349
39 24
147 52
394 431
392 351
208 91
76 33
370 281
376 489
257 156
378 323
166 55
121 34
304 187
167 56
270 151
327 216
10 27
381 320
370 299
398 375
341 232
33 24
182 71
352 251
34 23
396 371
399 390
351 250
306 191
357 256
83 28
147 50
26 25
401 388
154 57
219 104
383 482
146 51
389 420
308 191
394 363
40 25
303 186
16 31
264 147
254 135
232 117
197 82
245 126
392 469
396 411
125 36
218 101
156 55
246 127
288 175
30 27
233 118
405 396
157 54
257 138
397 410
374 489
120 35
385 478
36 21
224 115
331 220
326 217
379 324
377 488
401 378
142 45
279 158
391 444
244 127
123 34
288 169
257 158
277 156
145 48
393 350
65 22
286 165
368 289
307 190
38 23
403 384
349 248
382 317
371 282
253 134
148 53
70 25
371 278
374 493
398 373
306 189
259 140
140 43
302 187
394 449
177 66
391 358
251 132
364 263
95 34
68 23
367 494
376 313
119 36
257 142
263 146
207 92
384 337
396 435
350 249
242 123
161 52
258 141
203 88
368 495
186 77
289 170
369 276
185 78
339 238
394 447
400 389
54 21
280 159
314 203
214 97
402 383
330 221
22 27
269 150
189 80
341 238
207 90
243 124
100 37
391 446
346 243
392 445
237 118
168 57
340 237
196 81
378 487
213 96
98 37
370 287
126 35
296 181
281 160
122 34
141 45
340 238
389 421
85 29
222 114
185 77
145 49
360 260
401 383
396 408
64 26
394 426
275 155
40 26
23 27
305 189
319 207
347 247
263 147
323 211
38 24
388 470
116 36
361 261
347 245
379 327
295 181
124 36
403 381
86 30
218 104
397 375
393 363
256 138
36 22
139 43
166 56
387 459
404 398
338 228
66 22
237 119
313 203
83 29
20 30
277 157
394 440
25 27
366 268
386 458
273 155
371 279
200 84
176 66
373 487
247 131
400 388
29 27
331 221
11 27
186 80
243 125
159 53
264 148
232 118
372 494
371 489
114 36
297 183
205 89
132 36
384 480
253 135
393 467
147 53
167 57
224 116
304 188
268 150
381 329
77 31
376 488
395 429
181 71
346 244
395 435
302 188
378 324
276 156
76 32
252 134
156 56
367 289
391 445
214 98
183 87
383 481
177 67
286 170
189 81
394 430
131 35
399 391
162 52
70 26
257 139
184 78
64 24
247 129
37 23
260 142
272 154
367 271
126 36
375 491
182 72
382 336
165 55
397 389
13 29
369 297
398 390
379 485
369 287
67 23
238 120
382 318
375 489
303 187
288 176
394 434
15 31
395 371
115 35
380 326
42 26
288 174
395 439
371 283
26 26
135 39
396 372
97 37
396 436
370 282
357 257
388 472
352 252
383 337
125 37
250 132
388 456
368 286
184 74
55 25
317 205
296 182
370 278
370 284
404 400
180 72
203 89
371 495
351 251
256 140
368 294
363 263
226 116
196 82
358 258
369 299
339 229
51 21
286 168
96 36
257 157
154 58
392 446
396 438
148 54
404 402
117 35
286 166
234 118
283 163
341 239
121 35
341 241
258 158
95 35
340 232
207 91
344 244
369 495
397 373
401 379
399 377
99 37
402 404
306 190
27 27
65 23
371 503
130 36
404 396
261 143
393 449
345 243
175 65
242 124
385 479
287 167
274 156
186 76
369 285
369 275
365 265
123 35
344 242
339 231
349 249
134 40
158 54
365 267
254 136
403 403
155 57
240 122
381 319
374 488
299 185
355 255
325 217
364 264
287 169
289 173
35 23
347 249
280 160
12 28
372 488
14 30
188 80
168 58
98 38
198 82
288 170
120 36
246 128
402 382
307 191
231 117
60 24
308 192
213 97
390 444
370 300
53 21
34 24
385 477
245 127
396 410
399 389
282 164
392 468
183 73
63 25
211 95
373 489
289 177
367 269
390 358
390 422
227 117
320 208
259 141
210 94
397 409
372 306
392 450
215 99
402 384
378 314
343 249
343 241
370 502
244 126
39 25
373 493
377 487
368 494
164 54
257 143
393 447
128 36
270 152
212 96
246 130
391 351
326 216
368 292
389 471
61 25
377 313
260 152
368 296
318 206
386 474
279 159
390 354
255 137
378 322
384 478
206 90
402 380
217 101
286 176
392 350
146 50
366 266
356 256
401 405
40 27
273 156
356 257
401 404
122 35
393 426
404 397
396 373
246 131
185 76
366 289
260 143
379 326
26 27
258 143
355 256
354 255
370 279
271 154
67 24
402 399
385 458
297 184
390 351
210 95
140 45
366 269
373 306
275 156
337 228
54 25
187 80
131 36
394 435
386 473
270 153
350 253
295 182
400 383
302 189
169 62
363 264
370 301
39 26
163 54
401 384
11 28
164 55
254 137
255 138
374 491
401 380
385 476
367 270
221 114
166 59
403 402
396 409
402 381
326 215
260 151
123 36
250 133
282 163
75 32
136 41
400 387
177 68
195 82
389 354
367 296
259 142
141 46
158 55
287 170
175 66
224 117
211 96
389 358
264 149
375 488
397 376
320 209
179 70
374 487
184 87
367 288
392 447
325 216
286 175
95 36
240 123
233 120
369 300
370 283
40 29
65 24
372 493
362 263
392 467
382 337
313 204
341 240
166 57
117 36
13 30
100 39
344 243
392 363
147 54
368 287
165 56
51 22
346 247
307 192
381 318
343 250
348 249
377 314
287 176
369 284
183 74
101 40
111 38
388 455
378 327
99 38
392 431
241 124
403 400
176 67
251 134
205 90
395 436
85 30
53 22
129 38
242 125
115 36
258 157
368 285
373 490
394 439
126 37
116 37
184 77
128 37
363 506
301 188
90 37
367 294
76 31
252 135
130 37
401 382
338 229
344 249
365 268
370 495
379 484
400 393
279 160
378 321
367 292
217 104
360 261
237 120
96 37
159 54
403 398
70 27
28 27
390 423
145 50
172 63
359 260
373 492
369 494
339 232
383 338
243 126
369 278
339 230
181 72
386 355
203 90
368 275
186 81
160 55
395 410
182 73
345 244
345 248
23 28
365 266
199 84
376 487
391 466
342 241
212 97
388 469
63 26
357 258
300 187
259 158
368 293
285 166
346 249
371 494
167 58
323 212
318 207
215 100
60 25
400 405
37 24
226 117
378 315
346 245
391 468
364 265
36 23
196 83
403 396
303 188
135 40
247 132
401 386
369 502
317 206
377 324
55 24
380 319
256 139
202 89
272 155
269 152
121 36
399 388
234 119
393 434
367 298
378 485
239 122
389 470
398 391
399 378
388 471
389 444
370 503
395 438
305 190
245 128
286 167
42 27
390 445
139 44
298 185
198 83
366 295
216 101
157 56
397 390
288 177
253 136
246 129
188 81
238 121
222 113
392 449
379 316
84 29
349 250
41 28
118 37
263 148
257 144
372 489
232 119
331 222
380 329
21 30
317 208
383 480
343 242
277 158
204 89
395 372
288 173
15 32
394 429
66 23
393 430
183 86
213 98
180 71
267 150
373 486
35 24
174 65
206 91
276 157
386 459
372 305
125 38
390 469
389 422
155 58
350 251
368 297
384 479
304 189
34 25
385 422
12 29
340 239
391 350
162 53
352 253
367 286
231 118
180 73
245 131
91 37
122 36
324 214
307 193
223 117
402 396
372 492
369 283
222 112
231 119
400 382
201 89
23 29
385 459
60 26
287 171
15 35
399 387
170 62
101 41
356 258
350 252
260 158
366 296
210 96
363 265
245 129
288 178
285 167
99 39
385 355
331 223
389 359
186 82
162 54
288 172
169 63
184 76
165 57
390 468
39 29
14 32
393 429
111 39
168 60
344 248
368 300
376 332
368 282
280 162
362 506
161 55
316 208
392 426
52 22
172 64
297 185
389 469
376 486
271 155
402 400
369 279
367 507
367 287
53 25
400 404
387 455
275 157
393 427
397 391
268 152
254 138
63 27
166 60
354 256
42 28
100 40
184 86
40 28
70 28
144 50
124 38
399 383
313 205
366 270
395 437
286 174
384 476
304 190
22 30
217 103
377 485
374 486
219 115
322 212
107 41
39 27
59 27
398 378
402 398
370 494
379 317
389 423
53 23
259 143
83 31
204 90
221 113
378 328
117 37
222 116
34 26
281 163
123 37
300 188
90 36
379 329
294 182
106 40
125 39
251 137
400 386
95 37
89 35
364 266
385 473
372 490
368 278
193 83
343 243
369 503
396 376
198 84
366 292
377 325
369 493
376 322
392 432
174 66
355 257
381 337
383 339
240 124
230 118
159 55
260 150
54 24
345 245
358 260
338 230
388 422
28 28
249 133
348 250
377 331
391 363
188 82
250 134
177 69
75 31
303 189
259 157
377 315
21 31
175 67
184 84
38 26
12 30
112 38
182 74
361 263
317 207
246 132
130 38
142 48
258 144
272 156
385 423
241 125
267 151
386 354
136 42
178 70
26 28
324 216
11 29
337 229
395 391
391 467
366 288
366 294
401 385
342 242
402 402
399 393
362 264
85 31
387 471
370 504
393 435
325 215
378 326
390 350
146 54
340 240
382 338
279 161
167 59
84 30
395 409
380 318
394 410
66 24
273 157
391 431
395 373
344 250
373 491
155 59
24 30
403 397
253 137
320 210
360 262
370 302
234 120
263 149
205 91
223 119
171 63
387 423
213 99
135 41
365 269
351 253
255 139
375 487
212 98
345 247
383 479
401 381
386 422
368 284
183 85
276 158
392 448
366 286
390 466
195 83
388 454
394 436
386 472
247 133
115 37
345 249
392 434
242 126
395 375
262 150
287 177
181 73
163 55
392 430
353 255
187 81
129 39
199 85
69 27
37 25
391 361
237 121
127 37
118 38
239 123
215 101
236 120
373 307
35 25
232 120
67 25
367 285
367 293
378 484
400 394
378 316
388 354
363 505
90 38
216 102
179 71
365 507
299 187
140 46
30 30
398 392
183 77
367 299
252 136
379 337
394 438
371 305
36 24
131 37
321 211
377 321
183 75
338 232
138 44
367 275
389 445
158 56
169 61
400 380
29 29
225 117
367 297
269 153
251 136
398 393
208 97
170 63
368 503
66 25
37 26
167 60
373 324
259 150
261 158
298 187
395 376
199 90
124 39
392 427
247 134
199 86
214 101
381 338
376 331
361 506
388 445
259 156
378 483
60 27
254 139
162 55
380 337
143 50
52 23
400 381
69 28
368 283
145 54
91 40
272 157
109 42
267 152
268 153
216 103
351 254
398 383
168 61
249 134
34 27
345 250
367 274
382 339
230 119
156 59
13 36
130 39
221 116
187 82
400 385
354 257
386 423
299 188
212 99
26 29
137 44
387 424
348 251
30 31
62 27
240 125
85 32
401 396
398 395
260 157
253 138
323 214
163 56
192 83
13 32
374 323
142 49
43 28
211 98
94 37
392 433
284 169
220 113
263 150
39 28
10 29
106 41
370 493
84 31
386 455
238 123
352 255
385 356
220 115
358 261
316 207
231 120
176 69
177 70
285 174
392 435
35 26
402 401
391 426
367 506
194 83
372 491
368 279
364 295
305 192
389 446
366 275
262 151
384 355
386 353
53 24
36 25
376 321
390 467
195 84
15 34
127 38
236 121
141 48
184 85
399 394
391 430
204 91
165 58
339 240
395 374
14 33
123 38
396 377
280 163
105 40
361 264
390 447
364 505
25 30
369 302
401 398
101 42
391 434
397 392
86 35
398 379
38 29
115 38
29 30
384 473
377 330
376 333
132 39
159 56
394 437
288 179
144 51
38 27
275 158
178 71
353 256
158 57
388 423
140 47
171 64
259 144
342 243
205 92
385 472
365 292
185 86
386 471
371 304
376 485
276 159
371 492
337 232
379 336
83 32
284 167
157 58
91 38
400 403
222 119
389 424
131 38
378 317
390 361
307 194
241 126
107 42
362 265
387 454
349 252
89 36
384 459
136 43
389 468
336 229
200 89
345 246
367 300
365 270
252 137
28 29
296 185
378 329
112 39
303 190
395 392
173 66
364 299
208 95
363 266
320 211
402 397
376 327
14 35
394 375
366 507
389 350
287 172
324 215
210 97
45 26
394 409
129 40
344 247
396 391
392 429
287 178
369 504
12 31
330 225
122 37
244 129
235 120
245 132
198 85
366 297
139 46
108 41
186 83
135 42
237 122
365 294
321 212
360 263
22 31
117 38
383 476
388 465
271 156
368 281
391 448
377 326
99 40
74 31
364 269
183 76
389 360
68 27
366 285
294 183
391 362
367 278
367 276
377 328
366 293
113 38
304 191
313 206
297 186
222 117
221 112
33 28
181 74
390 349
103 40
88 35
59 28
331 224
279 162
11 30
375 486
365 286
63 28
223 118
388 353
164 57
393 410
366 299
373 308
209 96
399 380
346 251
367 284
319 210
375 322
219 114
337 230
377 316
225 118
399 386
382 479
23 30
366 287
310 197
401 400
379 318
185 84
365 506
383 458
355 258
175 68
269 154
32 30
182 76
274 158
185 85
198 86
392 436
68 28
314 206
12 32
163 57
369 303
122 38
46 26
158 58
344 246
142 50
348 252
127 39
365 505
61 27
363 295
102 44
263 151
398 384
141 49
383 475
176 70
106 42
230 120
36 26
347 251
279 163
390 362
369 305
199 91
92 38
259 149
245 133
366 276
220 116
386 424
26 30
159 57
390 450
400 400
86 34
365 297
58 28
33 31
343 247
140 48
390 430
86 36
366 506
132 40
364 300
398 394
373 323
239 125
73 31
105 41
375 333
382 458
285 173
88 36
386 352
391 429
12 36
115 39
382 476
392 368
367 283
394 374
93 37
336 232
84 32
275 159
199 87
13 33
171 65
366 300
130 40
60 28
387 445
241 127
384 472
399 385
258 150
361 265
99 41
392 410
109 43
368 504
371 491
128 40
66 26
235 121
365 287
91 39
378 318
164 58
353 257
399 395
387 453
250 136
167 61
253 139
269 155
28 30
368 302
194 84
383 477
33 29
364 298
387 465
104 40
388 360
336 230
177 71
389 349
296 186
391 433
306 194
103 41
52 24
220 112
23 31
355 259
376 328
246 134
213 101
25 31
207 95
388 352
382 340
381 339
389 425
6 34
247 135
284 168
370 304
388 424
393 409
24 32
364 294
399 381
339 241
360 506
400 402
366 278
198 90
285 171
243 129
69 29
401 397
139 47
341 243
346 252
380 338
249 135
388 466
144 54
162 56
215 103
208 96
14 34
174 68
117 39
131 39
375 325
136 44
389 361
199 89
222 118
267 155
200 90
400 396
219 113
320 212
351 255
386 454
387 353
38 28
211 99
112 40
298 188
261 157
191 83
365 293
195 85
229 119
400 398
45 27
252 138
173 67
237 123
178 72
108 42
260 156
345 251
214 102
210 98
238 124
392 438
393 375
143 51
186 84
365 285
376 334
323 215
286 172
393 437
391 411
123 39
358 262
259 145
363 267
376 316
375 321
315 207
383 355
342 244
337 231
192 84
391 427
283 167
101 43
377 337
304 192
383 459
145 55
205 93
389 447
13 35
283 169
288 180
364 296
394 376
287 179
330 224
278 162
240 126
376 484
267 153
377 329
37 27
98 40
375 327
56 28
113 39
365 275
398 382
83 33
401 401
170 64
329 225
367 279
364 286
261 153
372 308
309 197
386 358
385 357
102 42
31 31
280 164
305 193
386 464
398 380
364 270
271 157
378 336
286 178
181 75
90 40
268 154
398 386
385 471
390 448
396 392
44 28
209 97
366 274
225 119
377 317
387 359
193 85
386 470
359 263
221 111
94 38
367 505
368 280
370 492
382 478
374 324
204 92
363 299
321 213
357 261
157 59
7 31
310 198
318 210
34 28
10 30
377 483
376 330
134 42
385 455
293 183
187 83
396 378
375 485
303 191
62 28
390 426
389 467
376 326
322 215
392 409
170 65
355 260
261 154
351 256
61 28
393 376
199 88
138 47
163 58
240 127
385 358
137 46
164 59
24 33
285 172
99 42
113 40
392 369
383 356
122 39
87 36
389 408
296 187
47 26
89 40
367 302
135 44
393 408
363 294
264 151
12 35
387 446
238 125
372 309
389 362
46 27
116 39
363 286
194 85
249 136
350 255
28 31
308 197
106 43
92 39
174 69
365 300
30 33
206 95
386 425
392 439
240 129
262 153
171 66
209 98
93 38
34 29
101 44
364 301
382 459
282 169
186 85
366 283
97 40
284 173
331 228
110 45
381 458
191 84
369 306
109 44
352 257
132 41
216 105
362 299
394 377
134 43
374 321
283 168
364 285
364 297
399 400
346 253
390 427
382 475
destination
