map
random512-30-4.map
pivot
15 394
agent & start
224 115
404 395
395 434
392 469
86 29
339 228
156 55
83 28
381 326
42 25
114 35
269 150
402 383
387 474
403 380
16 31
379 314
375 490
331 220
369 296
97 38
196 81
246 127
381 328
247 128
324 211
358 257
168 57
400 377
82 29
117 34
372 495
404 403
339 238
370 281
365 264
363 262
147 50
270 151
39 24
403 382
279 158
129 36
275 154
348 247
385 478
125 36
261 142
184 73
370 275
391 358
376 489
299 184
22 27
63 24
36 21
326 217
227 116
397 408
257 158
371 282
177 66
157 54
77 32
367 266
378 487
286 169
62 25
394 449
306 189
283 164
368 495
302 187
255 136
258 141
95 34
243 124
320 207
308 191
395 426
289 176
256 137
15 30
56 25
378 323
94 35
344 241
167 56
278 157
159 52
364 263
272 153
161 52
393 468
393 350
369 298
259 152
100 37
392 351
207 92
259 140
296 181
284 163
396 435
384 337
391 444
387 460
371 502
383 336
392 445
38 23
254 135
371 488
211 94
397 410
280 159
286 165
218 105
372 487
251 132
287 168
404 381
33 24
371 284
341 238
142 45
316 205
64 23
374 493
97 36
238 119
346 243
374 489
303 186
397 438
398 389
330 221
382 481
288 175
366 265
51 20
400 389
24 27
186 77
274 155
218 101
361 260
399 376
376 313
257 140
304 187
248 131
30 27
388 473
381 320
197 82
169 58
395 428
25 26
369 276
185 78
390 471
297 182
307 190
263 146
372 279
395 440
396 411
59 24
214 97
189 80
391 352
382 317
155 56
68 23
253 134
288 169
140 43
352 251
370 299
271 152
394 447
148 53
281 160
252 133
377 488
392 451
10 27
295 180
306 191
257 142
388 457
235 118
219 104
391 446
300 185
393 466
405 402
398 375
232 117
130 35
317 204
70 25
396 371
240 121
123 34
289 174
146 51
248 129
373 494
135 38
14 29
183 72
389 420
207 90
340 229
61 24
392 349
347 246
147 52
401 388
216 99
340 237
277 156
145 48
357 256
182 71
396 439
257 138
233 118
338 227
67 22
20 29
258 139
54 21
398 373
98 37
210 93
245 126
289 170
257 156
64 25
76 33
215 98
368 289
403 384
237 118
242 123
283 162
119 36
213 96
394 431
342 239
395 370
401 378
383 318
201 84
350 249
402 405
369 292
40 25
383 482
399 390
158 53
126 35
121 34
78 31
208 91
34 23
132 35
120 35
405 396
244 125
268 149
122 33
397 436
390 353
318 205
351 250
134 39
371 278
154 57
394 363
212 95
115 34
367 494
26 25
65 22
404 401
87 30
13 28
390 421
203 88
377 312
264 147
314 203
379 324
226 115
384 481
166 55
327 216
370 287
341 232
369 294
368 271
162 51
205 88
349 248
368 295
244 127
124 35
288 167
156 57
401 405
368 294
370 502
371 279
365 267
302 188
232 118
206 90
343 241
370 282
15 31
86 30
196 82
394 434
181 71
392 468
288 170
148 54
176 66
373 489
296 182
368 296
402 404
61 25
371 503
347 245
379 327
252 134
383 481
35 23
388 472
270 152
304 188
198 82
395 429
378 324
156 56
256 140
55 25
154 58
12 28
286 170
381 319
259 141
369 495
264 148
346 244
115 35
257 139
65 23
366 266
227 117
371 495
378 322
393 467
134 40
224 116
288 174
183 87
36 22
255 137
402 382
347 249
319 207
203 89
283 163
20 30
286 166
99 37
360 260
155 57
367 289
372 488
261 143
393 363
242 124
368 286
392 350
385 479
168 58
367 271
37 23
234 118
395 435
369 285
14 30
364 264
98 38
326 216
399 391
70 26
23 27
60 24
366 268
117 35
237 119
368 292
306 190
392 450
85 29
125 37
166 56
245 127
147 53
307 191
397 375
286 168
275 155
297 183
339 231
375 489
122 34
211 95
238 120
34 24
397 389
358 258
139 43
347 247
289 177
369 275
114 36
287 167
399 389
308 192
64 26
401 383
380 326
320 208
400 388
402 380
404 400
258 158
394 426
273 155
260 142
280 160
38 24
387 459
391 351
389 421
287 169
141 45
403 381
97 37
184 74
381 329
397 373
344 242
95 35
345 243
384 478
268 150
396 372
370 300
355 255
401 379
167 57
158 54
377 487
214 98
40 26
66 22
361 261
145 49
394 440
260 152
382 336
27 27
83 29
126 36
388 470
369 287
340 238
341 241
64 24
244 126
379 485
288 176
398 390
371 283
303 187
338 228
250 132
276 156
13 29
212 96
destination
