map
random512-30-8.map
pivot
297 490
agent & start
67 226
336 125
258 115
303 114
354 123
101 194
396 131
116 181
93 204
421 152
77 216
204 143
62 229
262 117
311 114
438 159
84 213
96 199
61 230
117 180
390 125
90 205
325 118
394 129
446 167
235 130
375 124
485 194
124 173
358 119
95 200
450 169
422 151
17 276
464 177
445 166
327 122
173 150
409 138
421 150
132 165
468 185
247 120
339 122
149 162
469 180
449 168
501 212
76 217
440 169
322 115
465 176
455 172
371 122
66 229
301 112
265 114
27 262
107 190
502 213
125 172
28 265
0 293
274 115
466 177
25 266
332 129
127 170
504 215
220 133
26 265
58 231
472 187
261 116
126 171
474 189
433 156
374 123
211 140
456 173
175 148
235 128
195 140
508 221
420 153
338 123
36 251
108 189
498 209
199 140
458 173
222 135
410 139
363 118
30 259
466 187
337 124
135 162
2 289
123 176
destination
