map
random512-30-6.map
pivot
286 216
agent & start
1 504
2 504
1 503
8 510
9 511
9 510
3 504
1 502
10 509
10 511
8 509
2 503
3 503
2 502
10 510
11 509
4 504
11 511
1 501
9 509
12 511
12 509
11 510
4 503
2 501
9 508
1 500
9 507
4 502
2 500
5 503
12 510
3 501
1 499
13 511
13 509
1 498
6 503
13 510
2 499
14 509
3 500
5 502
10 507
7 503
11 507
4 500
6 502
3 499
2 498
14 510
15 511
5 501
7 502
16 511
4 499
11 506
15 510
3 498
5 500
12 505
6 501
12 506
6 500
13 505
16 510
7 501
4 498
5 498
8 501
13 506
7 500
17 510
14 505
16 509
5 497
0 488
16 508
17 509
8 500
9 501
0 490
14 506
1 490
15 506
17 508
20 511
1 488
18 509
19 510
5 496
10 501
0 489
9 500
0 486
1 487
2 490
9 499
6 496
16 506
10 500
1 489
17 507
21 511
19 509
20 510
11 501
17 506
16 505
0 485
15 504
14 503
21 510
7 496
11 500
19 508
10 499
12 501
1 486
2 489
18 507
15 503
10 498
21 509
11 499
13 501
14 502
2 486
3 489
1 485
16 504
12 500
7 495
19 507
20 508
22 510
17 505
10 497
18 505
3 484
17 504
19 504
7 494
8 495
9 496
21 508
13 500
19 506
22 509
14 501
2 485
44 511
3 488
20 507
15 502
11 498
23 509
10 496
14 496
21 507
15 501
44 510
13 499
43 511
3 487
0 482
13 497
17 503
3 483
19 503
19 505
4 488
16 502
14 500
1 483
37 511
9 495
5 491
7 493
12 498
2 484
15 500
6 491
43 510
18 503
23 508
20 505
8 493
19 502
22 507
13 498
2 483
5 490
21 506
0 481
16 501
38 511
13 496
10 495
7 492
42 511
5 488
34 511
1 482
4 487
14 499
14 495
36 511
11 496
18 498
11 495
34 510
41 511
43 507
10 494
8 492
42 510
17 499
6 488
9 493
21 505
18 502
2 482
5 489
6 490
14 498
35 511
24 508
0 480
13 495
23 507
16 500
5 487
19 497
39 511
15 499
17 501
7 491
27 508
10 493
18 497
15 498
8 491
35 510
2 481
24 507
12 495
40 511
13 494
21 504
0 479
18 501
19 498
34 509
11 494
17 498
43 508
22 505
42 507
42 509
6 489
18 499
1 480
17 500
6 487
7 490
17 497
23 505
34 508
6 486
35 509
0 478
12 494
2 480
9 491
25 507
3 481
16 498
19 499
27 507
40 510
26 508
11 493
24 506
1 479
7 489
15 497
22 504
18 496
8 490
18 500
42 508
40 509
3 480
23 504
12 493
0 477
25 506
35 508
36 509
24 505
9 490
2 479
26 507
33 508
21 502
17 496
22 503
41 508
36 505
19 500
4 481
16 497
7 486
34 507
20 501
35 506
1 478
8 489
33 507
36 508
9 485
9 489
16 496
36 504
4 480
39 509
5 481
3 479
22 502
0 476
8 486
36 506
35 507
32 508
12 492
40 508
24 504
20 500
21 501
26 506
2 478
6 482
37 508
25 504
10 485
22 501
15 494
3 478
8 481
26 505
21 500
1 476
32 507
33 506
0 475
7 482
9 486
16 495
39 508
35 504
6 481
24 503
36 507
12 491
9 488
4 479
8 480
22 500
14 490
38 508
12 490
21 499
3 477
2 476
15 493
32 506
26 504
10 486
4 478
25 503
5 479
11 489
6 480
16 494
1 475
7 481
37 507
34 504
10 488
38 507
12 489
32 505
22 499
13 490
2 475
0 467
26 503
33 504
23 498
31 506
5 478
7 480
14 491
15 490
24 501
23 500
8 479
11 488
21 498
10 487
4 477
25 502
0 473
16 493
3 476
28 504
17 493
1 467
13 489
0 468
16 492
11 487
22 498
38 506
23 497
21 497
23 499
24 500
32 504
15 491
27 503
1 473
25 501
5 477
31 505
33 503
4 476
6 478
20 496
3 475
0 472
12 488
0 466
16 490
7 479
1 472
21 496
38 505
32 503
7 478
6 477
1 466
30 505
4 475
2 473
22 497
1 468
26 501
28 503
5 476
25 500
39 506
12 487
13 488
18 493
16 491
3 474
16 489
31 504
24 499
29 504
20 495
27 502
0 465
0 469
20 494
32 502
13 487
0 462
22 496
1 469
27 501
3 473
23 495
29 503
17 491
19 493
30 504
12 486
0 464
1 465
25 499
6 476
7 477
2 472
17 489
14 488
4 474
21 495
2 466
16 488
39 505
1 464
1 462
4 473
8 475
39 502
24 495
38 503
14 487
18 491
22 495
7 476
39 504
16 487
13 486
31 502
26 499
12 485
30 503
3 472
6 475
2 471
20 493
0 463
2 465
23 494
24 493
25 498
19 492
1 470
21 494
18 489
27 500
8 477
29 502
25 497
24 494
35 501
2 470
7 475
36 500
18 490
3 471
23 493
22 494
31 501
10 474
5 473
19 489
39 503
14 486
21 493
8 476
15 487
24 496
32 500
17 485
6 474
27 499
30 502
16 486
20 492
1 463
26 498
2 464
13 485
33 501
38 502
21 492
28 499
33 500
7 474
34 501
3 470
9 476
29 500
10 475
25 496
22 493
6 473
19 490
38 501
18 485
10 473
20 491
41 502
31 500
2 463
26 497
25 494
35 500
9 474
27 498
23 492
27 486
19 488
17 486
20 489
18 487
40 503
30 501
15 486
32 499
37 500
14 485
4 470
10 476
14 484
35 499
26 494
4 468
42 502
26 496
30 500
38 500
11 481
3 463
27 497
15 485
26 486
20 490
7 473
31 499
22 492
34 500
27 485
19 487
29 499
18 486
12 482
9 473
41 503
11 475
25 486
29 498
5 470
27 494
43 504
11 476
31 498
39 498
21 490
22 491
4 469
8 473
9 472
27 484
7 472
45 506
4 467
42 503
40 497
39 500
14 469
26 485
12 475
12 481
20 487
3 462
35 498
13 482
19 486
11 480
34 499
28 497
22 487
27 496
30 499
15 484
7 471
24 486
44 504
34 498
27 495
5 467
46 506
25 487
14 482
11 477
25 485
28 496
12 480
15 483
29 497
40 498
39 497
12 476
45 505
30 498
26 484
23 487
22 490
6 470
20 486
16 484
8 472
35 497
27 483
40 500
4 466
5 469
38 498
15 469
43 503
22 488
4 462
14 470
13 470
7 470
29 496
48 507
5 462
24 485
12 477
45 504
23 490
5 466
30 497
21 486
6 467
13 476
33 498
37 498
23 488
4 465
46 505
8 471
22 489
14 481
40 499
28 495
12 479
44 503
26 483
25 484
38 497
16 469
16 483
27 482
24 487
13 480
6 469
13 472
52 507
34 497
21 485
4 464
52 506
23 485
45 503
15 471
6 466
13 471
14 480
41 499
12 472
46 502
20 484
7 469
33 497
23 489
7 467
26 482
17 483
12 478
13 479
46 504
49 507
34 496
16 470
14 476
51 507
5 463
48 506
37 497
8 470
6 468
24 484
47 505
30 496
35 495
24 490
24 488
29 495
26 479
13 478
11 472
37 496
47 504
12 471
5 464
7 466
18 483
51 506
25 482
42 499
14 477
46 501
8 469
46 503
17 482
49 506
7 468
16 471
34 495
19 484
31 496
24 489
15 472
30 495
35 494
23 484
9 470
48 505
45 502
22 485
33 496
47 502
6 463
14 479
21 484
49 500
24 483
29 494
48 500
49 501
8 466
33 495
7 465
49 499
37 495
9 469
30 494
51 505
22 484
46 500
50 500
42 498
47 503
43 499
11 471
14 478
16 472
26 478
44 500
23 483
31 495
48 504
25 479
25 489
25 481
19 481
45 501
48 502
49 505
6 464
8 468
50 506
19 483
24 482
9 467
35 493
29 493
42 496
17 481
45 500
17 480
16 473
36 493
26 477
19 480
31 494
15 478
10 463
38 495
7 464
10 469
11 470
28 491
27 490
50 505
48 503
43 498
18 481
46 499
50 501
9 468
30 493
26 489
24 481
33 494
22 483
19 482
49 498
25 480
9 466
42 497
15 474
47 500
44 499
9 464
37 494
32 495
43 496
25 478
48 499
49 504
37 493
41 493
12 464
15 475
8 464
20 482
10 466
48 498
10 468
17 473
25 477
30 492
44 498
50 502
43 497
47 499
22 482
33 493
50 504
49 503
24 480
23 481
9 463
11 463
28 490
27 489
46 498
16 478
11 469
18 480
32 494
38 494
29 491
16 474
45 499
50 503
45 498
44 497
12 459
16 475
16 477
28 489
12 463
32 493
41 494
9 460
48 497
24 477
11 466
22 481
11 468
21 482
40 493
10 461
12 469
9 462
37 492
17 474
30 491
39 494
18 479
42 493
13 464
23 480
47 498
17 478
8 463
32 492
17 475
17 477
51 503
10 460
45 497
12 468
48 496
8 462
39 493
11 461
13 463
31 491
12 460
23 479
42 494
30 490
38 492
18 478
9 461
12 462
13 459
21 481
23 477
29 489
11 467
47 497
52 503
18 477
47 496
23 478
5 460
13 462
43 494
21 480
39 492
3 460
29 488
12 461
13 468
31 490
32 491
20 479
6 461
17 476
10 459
45 496
30 489
38 491
22 479
14 459
8 461
36 491
19 478
12 467
33 491
53 503
14 462
18 476
37 489
15 459
31 489
35 491
7 461
4 460
13 461
20 478
16 458
22 478
6 460
36 490
3 459
39 491
44 494
13 467
10 458
32 490
57 511
47 495
21 479
29 487
45 495
14 460
16 459
39 490
17 458
43 488
58 511
46 495
3 458
54 503
47 494
21 478
35 490
45 494
14 461
43 492
2 457
14 467
36 489
32 489
8 459
44 493
9 458
15 460
33 490
15 462
7 460
37 488
6 459
31 488
19 476
53 502
4 459
57 510
30 487
42 488
32 488
30 486
511 511
61 481
4 458
3 457
15 467
21 477
55 503
9 457
35 489
29 485
58 510
46 494
19 475
6 458
33 489
29 479
36 488
41 489
44 488
57 509
43 491
40 490
2 456
17 459
8 458
53 501
15 463
7 459
44 492
16 460
20 476
34 490
37 487
15 461
59 510
43 490
38 487
5 458
40 489
30 485
20 475
59 480
45 492
61 482
4 457
39 488
29 480
46 493
33 488
3 456
53 500
37 484
32 487
9 456
60 481
7 458
58 489
37 486
16 461
44 491
41 488
511 510
16 463
29 484
34 489
55 500
35 474
15 466
35 488
17 460
31 486
8 457
29 478
44 489
510 511
21 476
58 509
56 503
38 484
22 476
18 460
21 475
59 509
60 510
17 461
34 488
58 488
53 499
57 489
35 475
8 456
59 481
38 486
509 511
37 485
55 499
511 509
19 459
58 480
10 454
44 490
30 478
46 492
35 487
5 457
7 457
17 463
32 486
39 487
9 455
60 482
54 500
30 480
33 487
16 466
59 487
45 491
30 484
510 510
4 456
61 483
29 477
57 503
34 474
23 475
40 488
57 488
60 509
9 454
58 487
22 475
23 474
33 486
55 490
18 461
510 509
10 453
30 483
8 455
35 486
30 481
17 466
17 462
59 508
59 486
19 460
60 483
20 459
58 481
33 474
41 486
54 491
509 510
45 490
38 485
55 498
18 467
5 456
61 510
40 487
46 491
58 503
34 475
30 477
34 487
32 475
31 484
7 456
57 504
54 499
50 493
20 460
30 482
32 484
62 510
510 508
18 462
8 454
33 475
57 487
58 498
54 498
34 486
59 483
40 486
60 508
58 504
59 507
53 491
52 492
6 456
55 489
19 461
42 486
9 451
32 476
31 477
34 476
59 503
58 486
19 467
31 483
49 493
54 492
18 466
9 453
58 482
58 502
51 493
46 490
7 455
23 473
5 455
33 485
21 473
22 474
59 497
54 490
509 509
59 485
50 492
39 485
46 489
55 488
58 485
32 483
33 476
58 505
32 477
61 508
59 484
23 472
54 497
60 497
56 487
20 467
40 485
54 489
53 492
19 462
31 482
42 485
59 502
58 497
20 461
54 487
6 455
508 509
21 472
34 477
62 509
7 454
8 453
57 482
58 483
22 461
59 506
34 485
18 465
8 451
59 498
509 508
50 491
19 466
52 493
58 499
33 484
49 492
22 473
9 452
53 490
59 501
60 498
19 465
509 507
60 502
57 485
62 508
22 462
52 490
53 487
508 508
53 495
18 464
46 488
49 491
40 484
34 478
5 453
47 489
33 477
60 504
511 505
58 484
6 454
54 496
19 463
53 489
56 482
59 505
55 487
22 472
7 453
34 484
21 461
50 490
32 478
59 499
8 452
20 466
32 482
42 484
60 506
58 496
54 488
53 493
511 504
6 453
22 471
5 452
33 482
59 500
42 483
57 484
504 511
33 478
57 496
56 483
61 504
41 484
61 506
65 510
7 452
61 502
21 462
508 507
507 508
54 495
19 464
52 489
34 483
510 505
503 504
53 494
21 466
55 486
20 463
32 481
66 511
62 507
509 506
61 498
49 490
60 499
53 488
63 508
47 488
56 485
20 465
60 505
506 509
35 483
62 502
55 485
51 489
41 483
34 482
503 503
503 505
33 479
66 510
61 499
511 503
505 509
65 509
49 489
61 505
63 503
42 482
54 494
503 511
52 488
48 488
21 463
22 466
504 510
21 469
6 452
510 504
506 506
62 504
506 508
56 484
509 505
67 511
60 500
20 464
5 451
33 481
22 470
63 507
57 495
21 465
32 480
507 507
503 502
509 504
22 467
6 451
61 500
502 511
64 503
502 501
66 509
511 502
62 505
506 505
34 481
21 468
55 494
504 505
62 499
504 503
51 488
33 480
21 464
65 502
68 511
70 511
63 502
505 506
505 508
22 465
41 482
56 495
67 510
506 507
62 501
23 470
22 469
49 488
35 482
55 484
503 510
63 506
40 482
6 450
23 469
22 464
504 506
501 511
64 504
502 500
54 484
64 502
7 449
50 488
65 501
56 494
22 468
509 503
70 510
63 505
69 511
5 449
508 504
507 505
35 481
511 501
67 509
505 507
34 480
502 510
64 506
505 503
55 493
504 502
62 500
503 509
503 501
511 500
506 503
67 508
23 468
23 464
26 465
64 501
7 448
56 493
501 510
39 482
50 487
504 501
64 505
45 486
505 502
65 504
66 507
70 509
35 480
503 508
503 500
507 504
24 465
69 510
503 498
40 481
6 449
24 467
25 466
63 500
5 448
504 507
53 484
508 503
50 486
24 464
52 482
25 467
69 509
37 481
5 447
64 500
44 486
510 500
38 482
46 484
39 481
24 468
500 510
53 483
27 465
503 499
68 508
36 480
502 508
26 466
66 506
52 484
57 493
6 448
504 500
503 507
66 504
503 497
58 494
25 465
507 503
67 507
506 502
511 499
45 485
65 505
23 463
508 501
9 446
68 507
502 507
39 480
28 465
59 494
6 447
66 505
48 485
24 463
504 499
499 510
45 484
58 493
51 482
67 506
44 485
25 464
507 502
52 483
511 498
506 501
8 447
36 479
62 497
50 485
501 508
26 467
51 484
47 484
38 481
25 468
64 499
37 480
510 499
5 446
60 495
67 504
500 509
504 497
69 508
61 496
63 497
67 505
49 485
27 467
508 500
28 466
499 509
6 446
501 507
9 447
30 454
507 501
501 505
509 499
38 480
37 479
5 445
502 506
62 496
58 492
25 463
60 494
64 498
47 483
26 468
8 446
51 483
500 508
61 495
48 484
68 504
69 507
505 499
505 497
506 500
65 499
44 484
511 497
29 470
48 483
63 496
62 495
26 463
6 445
500 505
60 493
68 505
28 467
28 469
16 453
44 483
9 448
3 442
500 507
59 492
505 498
507 500
64 497
37 478
27 456
10 449
506 499
501 506
26 457
2 441
508 499
38 479
510 497
7 446
29 452
509 498
49 484
29 454
17 452
65 498
62 493
511 496
50 483
499 508
30 455
69 506
27 468
38 478
29 467
49 483
69 505
509 497
59 491
29 453
7 445
497 509
11 449
37 477
30 470
28 452
28 456
30 456
499 507
65 497
63 495
508 498
28 468
491 511
10 448
500 506
2 440
26 462
29 469
66 498
15 453
507 499
498 508
48 482
60 492
26 458
67 501
506 498
26 456
16 452
3 441
6 444
4 442
44 482
27 455
28 454
511 495
62 492
61 493
18 452
15 452
60 491
65 496
63 494
507 498
12 449
29 468
30 469
48 481
4 441
28 457
7 444
39 478
30 457
78 495
29 456
59 490
511 494
27 454
62 491
27 458
496 509
510 495
26 455
2 439
66 497
68 501
11 448
69 498
26 461
67 502
37 476
61 492
38 477
498 507
25 456
29 464
77 494
16 451
45 482
508 497
49 482
490 511
76 493
28 463
28 453
492 511
5 442
509 496
67 498
27 452
70 505
497 508
19 452
499 506
27 462
30 468
31 469
497 507
493 511
28 462
11 447
47 481
78 496
68 498
509 495
13 449
8 444
37 475
77 495
2 438
68 502
61 491
15 451
28 458
60 490
5 441
510 488
16 450
77 493
76 494
489 511
70 498
66 496
46 482
29 463
30 464
498 506
507 497
67 497
74 494
49 481
32 470
511 491
510 494
79 495
13 447
496 508
27 461
4 438
73 495
511 493
75 493
20 454
25 455
14 450
29 457
64 494
40 478
19 453
78 494
6 442
76 492
71 505
68 500
72 496
27 453
39 477
19 451
38 476
14 446
2 437
510 489
46 481
13 446
83 500
511 492
66 495
8 443
74 495
61 490
493 510
71 504
60 489
31 468
29 458
14 449
40 477
497 506
13 448
29 462
47 480
26 453
28 461
6 441
7 442
509 494
5 440
4 437
50 479
70 497
45 480
511 490
495 508
30 463
69 500
31 464
76 491
15 450
496 507
24 455
494 509
79 494
38 475
3 438
508 495
12 447
73 504
73 496
77 496
488 511
19 450
65 494
71 496
510 493
509 488
1 436
49 480
71 498
destination
