map
random512-10-8.map
pivot
185 162
agent & start
511 510
510 511
509 511
510 510
511 509
508 511
511 508
510 509
509 510
510 508
511 507
508 510
509 509
507 510
509 508
506 511
511 506
508 509
505 511
511 505
507 509
508 508
510 506
506 510
507 508
510 505
505 510
504 511
511 504
511 503
503 511
505 509
510 504
504 510
509 505
507 507
506 508
508 506
503 510
504 509
508 505
510 503
511 502
509 504
505 508
507 506
506 507
507 505
506 506
510 502
504 508
511 501
509 503
501 511
508 504
503 509
502 510
505 507
511 500
502 509
504 507
506 505
503 508
509 502
507 504
501 510
500 511
508 503
508 502
503 507
506 504
504 506
499 511
511 499
501 509
500 510
502 507
500 509
510 499
511 498
503 506
504 505
506 503
498 511
507 502
499 510
505 504
501 508
510 498
507 501
506 502
505 503
503 505
498 510
511 497
497 511
504 504
509 499
499 509
501 507
500 508
510 497
509 498
506 501
499 508
507 500
503 504
502 505
497 510
508 499
496 511
498 509
500 507
505 502
511 496
500 506
506 500
502 504
504 502
510 496
505 501
508 498
495 511
497 509
511 495
503 503
498 508
509 497
499 507
495 510
497 508
494 511
510 495
507 498
498 507
500 505
508 497
499 506
504 501
511 494
502 503
503 502
509 496
496 509
506 499
503 501
494 510
507 497
497 507
495 509
508 496
510 494
505 499
506 498
500 504
504 500
498 506
509 495
511 493
496 508
501 503
493 511
503 500
497 504
508 495
494 509
509 494
499 504
505 498
493 510
496 507
501 502
492 511
500 503
504 499
497 506
507 496
498 505
510 493
502 501
506 497
495 508
497 505
511 491
506 496
503 499
507 495
491 511
502 500
508 494
494 508
510 492
492 510
504 498
501 501
500 502
499 503
509 493
505 497
498 504
495 507
493 509
495 506
499 502
506 495
491 510
508 493
509 492
507 494
493 508
511 490
500 501
505 496
504 497
501 500
502 499
496 505
492 509
498 503
490 511
503 498
510 491
502 498
493 507
510 490
491 509
494 506
495 505
507 493
499 501
506 494
498 502
492 508
504 496
500 500
511 489
509 491
503 497
501 499
505 495
489 511
508 492
504 495
509 490
507 492
494 505
491 508
503 496
491 506
498 501
496 503
489 510
500 499
497 502
506 493
501 498
495 504
488 511
490 505
511 488
510 489
493 506
502 497
490 509
505 494
491 505
493 505
503 495
504 494
488 510
508 490
492 506
502 496
496 502
505 493
509 489
495 503
507 491
499 499
494 504
506 492
487 511
500 498
511 487
489 509
490 508
497 501
501 497
490 506
488 509
505 492
508 489
511 486
501 496
510 487
492 505
504 493
503 494
507 490
491 504
499 498
494 503
496 501
495 502
500 497
487 510
509 488
490 507
502 495
496 500
492 504
494 500
487 509
510 486
508 488
507 489
497 499
495 501
488 508
503 493
499 497
485 511
509 487
500 496
502 494
494 502
486 510
511 485
506 490
501 495
504 492
489 507
498 498
498 497
508 487
484 511
511 484
500 495
505 490
493 502
488 507
492 503
502 493
497 498
496 499
510 485
503 492
495 500
485 510
507 488
504 491
506 489
486 509
501 494
494 501
508 486
510 484
488 506
492 502
484 510
509 485
499 495
493 501
485 509
497 497
503 491
498 496
483 511
495 499
507 487
500 494
511 483
506 488
487 507
501 493
502 492
496 498
505 489
504 490
496 497
508 485
501 492
487 506
484 509
488 505
504 489
495 498
483 510
492 501
507 486
500 493
498 495
503 490
509 484
497 496
491 502
510 483
486 507
511 482
506 487
490 503
485 508
505 488
502 491
482 511
491 501
482 510
487 505
481 511
509 483
496 496
511 481
497 495
510 482
502 490
485 507
503 489
504 488
498 494
489 503
500 492
505 487
484 508
506 486
495 497
494 498
484 506
499 493
490 502
501 491
507 485
486 506
494 497
501 490
509 482
496 495
488 503
500 491
487 504
497 494
508 483
493 498
490 501
511 480
499 492
504 487
507 484
489 502
506 485
480 511
502 489
503 488
491 500
505 486
482 509
485 506
486 505
498 493
481 510
484 507
483 508
494 496
499 491
495 495
507 483
493 497
510 480
479 511
483 507
503 487
480 510
500 490
489 501
487 503
497 493
511 479
486 504
492 498
502 488
496 494
490 500
491 499
498 492
508 482
505 485
485 505
488 502
482 508
509 481
506 484
504 486
478 511
486 503
511 478
492 497
496 493
480 509
503 486
498 491
491 498
destination
