map
random512-20-2.map
pivot
153 87
agent & start
334 506
353 487
433 407
360 480
394 446
354 486
475 365
397 443
398 442
476 364
386 454
350 490
374 466
426 414
399 441
382 458
391 449
344 494
369 471
414 426
386 452
419 421
508 332
492 348
473 367
392 448
490 350
494 344
439 401
477 363
508 330
410 430
427 413
505 335
395 445
352 488
388 448
378 462
486 354
385 451
483 357
380 460
443 397
358 482
430 410
491 349
460 380
459 381
436 404
510 330
464 376
500 338
467 373
449 387
423 417
405 435
450 390
438 402
496 344
342 498
335 505
489 351
404 436
454 386
398 440
440 400
450 388
501 339
442 398
356 484
390 450
346 494
372 468
445 395
497 343
333 507
330 510
364 476
375 465
471 369
349 491
420 420
500 340
357 483
329 511
488 352
418 422
371 467
445 393
417 423
401 435
506 334
343 495
499 341
448 392
387 453
462 378
336 504
435 405
482 358
458 382
385 455
411 429
377 463
453 387
384 456
383 457
345 495
495 345
376 464
491 347
378 460
428 412
331 509
365 475
381 459
406 434
447 393
351 489
481 359
498 342
363 477
465 375
409 431
478 362
485 355
474 364
480 360
469 371
389 449
361 479
348 492
368 472
407 433
393 447
503 337
413 427
463 377
470 370
416 424
432 404
379 461
355 485
452 388
484 356
457 383
337 501
337 503
432 408
408 432
368 471
369 470
463 376
478 361
404 435
440 399
336 501
414 425
328 511
449 390
394 445
374 465
479 360
365 474
392 447
427 412
482 357
489 350
381 458
345 494
498 341
448 391
396 443
500 339
361 478
499 340
422 417
506 333
441 398
357 482
485 354
496 343
410 429
442 397
473 366
458 381
337 500
419 420
355 484
395 442
405 434
352 487
453 386
358 481
486 353
378 461
431 408
469 370
480 357
332 507
destination
