map
random512-10-6.map
pivot
307 388
agent & start
0 0
0 1
1 0
1 1
2 0
0 2
1 2
0 3
2 1
3 0
4 0
2 2
1 3
0 4
5 0
0 5
4 1
1 4
2 3
3 2
0 6
5 1
6 0
3 3
4 2
1 5
2 4
2 5
0 7
5 2
4 3
3 4
7 0
6 1
1 6
6 2
3 5
8 0
1 7
7 1
2 6
5 3
4 4
0 8
8 1
3 6
6 3
2 7
5 4
9 0
0 9
4 5
7 2
8 2
2 8
6 4
5 5
1 9
4 6
9 1
7 3
10 0
3 7
5 6
1 10
4 7
0 11
7 4
6 5
8 3
9 2
2 9
11 0
3 8
10 1
10 2
12 0
9 3
4 8
1 11
2 10
3 9
7 5
8 4
0 12
5 7
6 6
2 11
10 3
3 10
4 9
5 8
0 13
11 2
9 4
13 0
1 12
6 7
7 6
12 1
11 3
14 0
13 1
2 12
5 9
0 14
7 7
12 2
8 6
1 13
6 8
10 4
3 11
2 13
11 4
5 10
14 1
8 7
1 14
6 9
12 3
9 6
15 0
10 5
3 12
0 15
4 11
2 14
7 9
1 15
6 10
4 12
10 6
8 8
14 2
5 11
16 0
11 5
0 16
12 4
3 13
15 1
9 7
3 14
5 12
13 4
7 10
2 15
4 13
16 1
14 3
9 8
6 11
0 17
1 16
11 6
8 9
15 2
17 0
11 7
9 9
18 0
15 3
4 14
6 12
1 17
0 18
7 11
16 2
12 6
5 13
14 4
10 8
3 15
8 10
13 5
16 3
3 16
13 6
7 12
11 8
4 15
1 18
15 4
6 13
2 17
5 14
18 1
8 11
0 19
19 0
9 10
17 2
10 9
1 19
8 12
14 6
18 2
7 13
12 8
0 20
20 0
15 5
6 14
17 3
2 18
4 16
19 1
3 17
13 7
9 11
5 15
16 4
10 10
11 9
21 0
15 6
13 8
10 11
17 4
14 7
8 13
0 21
6 15
3 18
11 10
4 17
9 12
7 14
19 2
1 20
16 5
2 19
5 16
18 3
20 1
15 7
9 13
13 9
2 20
7 15
19 3
3 19
12 10
18 4
5 17
6 16
22 2
14 8
16 6
20 2
0 22
8 14
10 12
4 18
21 1
17 5
22 0
11 11
1 21
14 9
9 14
23 0
13 10
12 11
20 3
19 4
2 21
10 13
7 16
17 6
0 23
21 2
3 20
8 15
15 8
11 12
4 19
6 17
5 18
22 1
16 7
18 5
1 22
24 0
20 4
2 22
9 15
0 24
19 5
4 20
23 1
6 18
17 7
11 13
7 17
14 10
13 11
10 14
21 3
18 6
1 23
15 9
12 12
8 16
16 8
1 24
14 11
9 16
17 8
16 9
5 20
20 5
13 12
6 19
24 1
18 7
10 15
0 25
7 18
15 10
3 22
25 0
21 4
4 21
2 23
8 17
12 13
18 8
16 10
10 16
7 19
25 1
11 15
21 5
14 12
3 23
17 9
23 3
24 2
5 21
2 24
9 17
22 4
4 22
12 14
26 0
19 7
8 18
13 13
0 26
6 20
21 6
19 8
1 26
6 21
25 2
17 10
12 15
7 20
20 7
11 16
5 22
24 3
14 13
23 4
15 12
16 11
22 5
13 14
1 30
3 24
0 27
10 17
27 0
8 19
18 9
26 1
4 23
9 18
20 8
24 4
1 27
2 30
23 5
3 25
25 3
12 16
7 21
15 13
17 11
18 10
5 23
4 24
19 9
16 12
0 28
10 18
26 2
8 20
27 1
9 19
6 22
14 14
11 17
2 26
1 29
21 7
22 6
28 0
13 15
1 28
26 3
29 0
14 15
5 24
24 5
12 17
17 12
18 11
19 10
15 14
20 9
9 20
13 16
28 1
4 25
6 23
16 13
10 19
2 29
2 27
27 2
7 22
25 4
8 21
21 8
22 7
3 26
11 19
27 3
26 4
28 2
10 20
30 0
22 8
18 12
2 28
11 21
17 13
6 24
16 14
23 7
5 25
24 6
7 23
4 26
29 1
3 27
19 11
14 16
25 5
21 9
13 17
12 18
8 22
6 25
24 7
5 26
10 25
27 4
10 21
15 16
31 0
23 8
7 24
8 23
19 12
18 13
16 15
21 10
13 18
9 24
30 1
3 28
20 11
17 14
9 22
25 6
14 17
29 2
12 19
11 20
5 27
17 15
24 8
22 10
4 28
29 3
12 20
20 12
9 25
30 2
21 11
9 23
10 22
27 5
25 7
32 0
10 24
26 6
8 24
18 14
19 13
13 19
7 25
31 1
14 18
15 17
18 15
20 13
7 26
30 3
28 5
10 23
32 1
8 25
4 29
31 2
5 28
14 19
24 9
13 20
16 17
26 7
15 18
22 11
23 10
33 0
29 4
27 6
21 12
19 14
17 16
2 32
22 12
28 6
17 17
25 9
29 5
21 13
6 28
33 1
16 18
14 20
8 26
15 19
24 10
20 14
5 29
4 30
27 7
19 15
31 3
32 2
18 16
30 4
7 27
11 23
32 3
18 17
0 35
24 11
5 30
27 8
16 19
14 21
7 28
31 4
8 27
21 14
22 13
3 32
23 12
4 31
33 2
30 5
17 18
35 0
6 29
26 9
2 33
19 16
12 23
20 15
29 6
23 13
35 1
6 30
26 10
27 9
19 17
28 8
24 12
0 36
12 24
17 19
2 34
32 4
14 22
31 5
25 11
18 18
15 21
1 35
13 23
36 0
5 31
30 6
8 28
22 14
33 3
29 7
9 27
34 2
21 15
7 29
3 33
16 20
11 26
15 22
1 36
9 28
2 35
6 31
30 7
16 21
20 17
33 4
31 6
29 8
22 15
34 3
25 12
32 5
18 19
26 11
17 20
19 18
3 34
7 30
14 23
27 10
5 32
13 24
37 0
35 2
4 33
28 9
36 1
24 13
10 27
21 16
2 36
12 26
37 1
25 13
26 12
3 35
1 37
5 33
10 28
31 7
32 6
7 31
22 16
35 3
23 15
20 18
17 21
21 17
27 11
11 27
0 38
14 24
4 34
30 8
28 10
15 23
13 25
8 30
33 5
16 22
24 14
19 19
38 0
36 2
6 32
9 29
8 31
31 8
30 9
9 30
24 15
35 4
13 26
14 25
1 38
3 36
15 24
0 39
33 6
28 11
34 5
4 35
19 20
38 1
36 3
27 12
39 0
37 2
23 16
25 14
17 22
10 29
18 21
21 18
20 19
7 32
26 13
11 28
6 33
5 35
19 21
24 16
20 20
8 32
16 24
25 15
35 5
32 8
15 25
10 30
18 22
21 19
34 6
12 28
1 39
40 0
37 3
26 14
23 17
13 27
2 38
11 29
17 23
38 2
14 26
22 18
31 9
13 29
28 12
7 33
3 37
4 36
0 40
39 1
12 29
26 15
6 35
5 36
34 7
2 39
36 5
20 21
10 31
7 34
16 25
35 6
27 14
14 27
37 4
11 30
25 16
24 17
18 23
29 12
31 10
41 0
0 41
13 28
39 2
17 24
9 32
21 20
4 37
22 19
1 40
33 8
38 3
33 9
14 28
5 37
10 32
32 10
34 8
23 19
37 5
21 21
12 30
4 38
42 0
40 2
36 6
35 7
16 26
18 24
28 14
7 35
15 27
39 3
38 4
11 31
26 16
1 41
25 17
0 42
29 13
3 39
19 23
27 15
2 40
22 20
30 12
17 25
21 23
43 0
39 4
23 20
12 31
38 5
27 16
5 38
26 17
29 14
25 18
30 13
21 22
9 34
16 27
17 26
8 35
3 40
18 25
22 21
32 11
31 12
15 28
6 37
7 36
4 39
2 41
19 24
1 42
20 23
24 19
28 15
36 7
41 2
0 43
33 10
21 24
10 33
35 8
17 27
3 41
7 39
16 28
38 6
4 40
0 44
7 37
20 24
37 7
30 14
40 4
15 29
21 25
44 0
5 39
41 3
2 42
32 12
29 15
24 20
39 5
33 11
12 32
8 36
36 8
6 38
9 35
25 19
11 33
22 22
10 34
28 16
18 26
31 13
19 25
23 21
43 1
42 2
35 9
26 18
13 31
1 43
23 22
7 38
11 34
28 17
12 33
9 36
19 26
26 19
15 30
8 37
41 4
35 10
25 20
31 14
2 43
37 8
13 32
27 18
39 6
38 7
43 2
32 13
0 45
29 16
34 11
44 1
16 29
17 28
40 5
36 9
24 21
6 39
42 3
10 35
18 27
20 25
3 42
4 41
0 46
37 9
18 28
44 2
11 35
10 36
35 11
13 33
45 1
27 19
2 44
15 31
46 0
42 4
23 23
9 37
28 18
31 15
20 26
5 41
8 38
30 16
26 20
5 43
38 8
12 34
43 3
6 40
34 12
29 17
41 5
1 45
14 32
40 6
24 22
33 13
19 27
32 14
3 43
25 21
17 29
9 38
0 47
25 22
19 28
destination
