map
random512-35-2.map
pivot
134 267
agent & start
468 457
502 395
492 65
459 468
454 17
433 506
471 454
470 455
504 403
478 45
478 47
499 394
502 401
499 400
439 492
507 72
492 417
447 10
494 65
490 67
491 70
473 34
481 48
437 496
453 18
464 27
432 501
451 474
490 69
434 497
465 462
467 456
438 495
482 53
483 50
501 400
440 491
447 8
493 64
466 27
500 393
479 46
498 65
445 478
432 505
446 479
505 70
482 49
456 471
498 415
471 34
504 395
463 26
435 498
439 494
439 486
455 472
479 44
503 396
445 12
501 414
470 453
446 7
462 465
431 500
501 394
503 402
497 414
511 80
500 399
444 477
469 456
460 27
502 413
491 66
472 33
504 405
469 28
461 26
477 438
431 504
509 74
482 431
481 434
501 398
481 49
503 395
443 477
462 464
498 414
454 472
442 476
461 27
431 501
501 401
455 471
505 71
468 28
491 69
511 79
502 402
452 16
447 9
482 50
482 432
469 455
492 66
477 437
445 11
438 494
477 47
494 66
446 8
506 72
481 431
481 433
432 506
431 505
499 401
480 48
446 478
481 53
499 399
438 492
451 15
499 393
508 74
507 73
492 70
444 476
504 404
510 80
470 454
499 397
480 434
452 18
503 403
472 34
502 412
497 65
451 473
439 491
430 504
463 27
445 477
479 47
458 468
493 65
453 17
498 400
464 462
437 495
478 436
500 398
480 428
491 67
502 394
468 456
446 10
429 505
498 66
478 44
500 392
445 13
511 81
495 65
467 27
459 467
438 486
501 413
491 417
511 77
435 497
458 467
510 81
492 67
503 404
491 68
456 469
503 394
477 48
477 436
480 427
501 402
476 437
481 432
481 50
497 400
508 75
478 435
498 397
492 69
501 410
491 416
435 496
501 412
499 402
469 42
442 475
467 28
502 405
429 504
459 466
480 49
511 78
498 393
463 462
450 15
499 398
506 73
461 464
499 392
428 503
436 495
502 403
429 502
480 431
437 494
479 434
451 18
452 17
500 391
455 470
431 506
496 65
460 465
446 9
462 27
464 461
468 455
469 454
480 429
498 67
510 77
509 80
443 476
430 501
439 488
505 72
472 35
438 487
446 477
445 10
445 14
479 48
438 491
493 66
453 472
461 28
467 30
502 407
431 508
478 43
451 16
480 53
498 413
497 66
457 468
437 486
500 413
493 392
451 472
456 467
430 505
480 430
438 488
462 462
500 390
436 492
511 389
469 41
445 15
456 468
435 495
468 42
493 67
451 17
430 508
502 406
462 28
468 454
468 30
428 502
439 489
450 16
498 398
437 491
450 18
428 504
509 81
460 464
503 393
431 507
496 400
496 66
505 73
443 475
492 68
452 472
500 410
446 14
479 53
479 431
445 9
461 29
510 78
453 471
479 49
504 72
459 465
507 75
509 79
476 436
436 494
499 413
491 415
497 67
477 435
497 399
455 469
502 404
437 493
477 43
497 393
467 29
500 402
479 427
501 407
494 392
481 51
438 490
501 411
437 487
449 15
430 506
479 433
455 467
447 477
506 74
463 461
509 395
429 501
432 494
472 36
480 432
457 467
477 49
506 82
508 76
499 391
493 391
498 392
458 465
476 435
496 67
467 454
477 434
480 51
506 75
468 31
491 414
436 493
493 68
495 392
478 49
479 430
497 398
494 393
494 391
508 81
469 40
501 406
452 471
429 508
443 474
462 461
454 469
466 29
479 50
446 15
428 501
427 504
511 392
479 432
500 389
459 464
436 491
511 390
499 390
430 507
504 73
501 404
471 36
444 9
509 394
427 502
468 453
507 82
500 411
453 470
455 468
504 393
447 476
510 393
506 81
504 75
505 74
445 16
462 29
509 78
478 427
497 394
499 412
495 400
498 391
507 76
450 17
460 463
437 488
434 495
449 16
476 43
438 489
492 415
432 493
508 395
479 52
500 403
510 389
433 494
457 466
508 77
496 399
468 33
468 41
443 9
467 453
479 51
436 490
505 75
476 434
433 493
495 393
457 465
470 36
495 67
452 470
466 452
454 468
478 430
496 398
508 78
508 394
447 15
510 392
460 462
427 501
463 29
477 433
511 391
449 17
500 388
427 505
500 406
425 501
426 502
421 501
495 399
447 475
507 81
504 392
426 504
499 411
446 16
465 29
510 390
467 33
478 52
498 390
494 390
509 393
507 393
442 8
495 391
506 76
434 494
462 460
496 394
468 32
478 432
494 68
478 50
444 474
477 427
424 502
435 493
437 489
425 503
409 5
430 498
499 405
459 463
499 389
448 474
468 40
461 461
469 39
504 74
476 44
500 404
457 463
497 69
492 414
493 415
475 43
428 508
436 488
503 73
429 507
468 452
425 504
447 474
504 391
495 390
496 69
422 501
497 70
495 398
465 30
428 507
499 388
456 463
421 502
498 411
424 503
445 474
429 498
459 462
457 464
451 470
426 501
453 468
409 6
468 39
495 68
448 17
436 489
493 414
442 9
434 493
444 473
503 74
466 41
469 36
427 508
450 471
476 433
469 38
426 505
495 394
499 404
499 406
507 392
478 429
467 32
475 44
441 8
425 500
408 5
423 502
460 461
458 463
433 492
494 389
477 432
448 473
466 31
508 393
463 30
506 393
498 389
507 78
499 408
430 497
426 509
467 452
498 405
461 460
466 451
494 69
477 52
466 33
507 80
456 465
498 403
478 51
447 16
505 76
477 428
510 391
428 498
466 32
422 502
408 6
459 461
450 470
511 89
508 392
448 472
449 21
509 391
464 30
472 436
468 38
498 404
449 471
495 397
498 388
502 74
458 462
460 460
442 10
477 429
498 410
510 88
497 403
502 76
494 414
447 473
498 408
429 497
474 44
425 499
505 77
425 505
439 9
455 463
497 389
498 406
445 473
465 31
476 432
466 42
495 389
507 79
426 506
444 472
423 503
496 390
494 388
506 78
499 407
434 492
475 433
495 395
469 37
453 467
409 7
452 468
426 508
448 18
456 464
497 405
465 41
427 507
425 509
434 488
441 9
446 474
477 51
426 500
447 17
435 489
495 69
467 451
496 412
505 391
496 70
506 392
496 411
438 9
448 471
447 472
476 431
444 471
464 31
442 11
434 489
449 470
441 10
476 429
467 36
502 75
458 461
447 18
498 407
466 35
508 391
429 496
459 460
425 508
465 32
423 510
433 488
454 463
495 412
440 9
439 8
411 8
451 468
494 413
503 76
448 19
415 0
434 491
471 436
445 472
468 37
465 42
495 396
510 89
506 391
408 7
506 79
495 70
497 406
511 88
449 20
441 12
428 497
473 434
472 435
426 499
417 0
496 405
497 404
424 505
426 507
497 410
505 78
451 22
455 464
495 388
497 388
497 408
425 498
446 473
465 40
474 433
511 90
453 462
467 38
448 21
496 389
476 51
412 9
422 503
474 45
467 450
410 7
452 467
471 435
451 23
475 429
474 432
447 19
443 13
425 507
474 46
495 411
450 22
445 471
416 0
473 433
500 74
465 35
451 467
496 408
464 44
452 462
446 18
495 71
457 461
474 430
465 43
495 403
454 464
496 388
429 495
466 36
466 38
471 433
453 463
412 8
448 470
440 10
437 9
473 425
511 91
408 8
446 472
428 496
434 20
421 511
447 21
494 396
510 90
494 412
422 510
497 407
496 404
422 504
441 11
450 468
475 51
423 509
496 410
441 13
444 470
433 489
493 397
508 390
505 79
475 431
433 487
438 8
452 22
432 486
417 1
497 409
413 9
472 44
506 390
423 505
501 75
459 459
472 434
449 469
410 8
467 449
503 77
411 9
434 490
465 39
426 498
464 32
511 87
467 37
415 1
434 18
448 20
466 449
433 490
421 504
432 489
432 491
494 71
474 47
495 72
464 33
500 75
464 45
432 487
472 45
440 13
441 14
416 1
451 466
474 429
510 95
437 8
446 19
422 509
408 9
496 407
474 431
415 2
413 8
473 424
426 497
429 494
454 25
424 507
499 74
510 387
427 496
508 389
417 2
465 38
493 396
472 433
475 50
414 3
442 13
463 32
465 44
494 403
473 430
410 9
496 387
494 411
474 425
509 96
452 465
440 11
448 469
472 425
452 463
452 23
496 409
474 51
435 20
505 80
466 37
450 23
493 412
421 510
423 506
443 14
431 486
412 7
503 78
446 21
465 34
495 404
458 459
435 18
511 86
473 46
473 432
453 464
420 511
475 48
511 92
471 44
457 460
506 389
471 434
449 468
492 397
510 91
472 427
445 470
446 471
509 388
447 20
434 19
510 92
445 21
452 24
472 426
432 490
436 20
503 79
431 491
471 45
420 510
465 37
435 17
453 25
475 49
457 459
499 75
495 409
414 4
422 508
413 7
423 507
436 8
501 77
494 72
439 11
415 3
508 388
421 509
415 9
472 430
439 13
470 434
431 487
462 32
446 470
454 26
448 468
468 434
472 432
510 386
442 14
469 447
414 8
409 9
417 9
446 20
500 76
449 467
494 404
502 78
509 91
495 407
494 410
452 464
451 465
419 511
429 493
493 411
421 505
510 96
426 496
452 458
490 394
465 45
435 19
506 388
464 34
416 2
504 80
422 506
474 50
474 48
473 47
473 429
453 459
509 97
510 94
511 95
447 469
439 15
496 386
495 73
430 486
505 89
509 387
492 396
473 431
472 428
465 449
449 23
508 90
471 427
510 86
474 424
431 490
509 98
466 45
494 407
453 26
435 8
462 33
495 74
454 29
511 96
448 467
439 16
456 459
436 19
470 45
475 424
490 395
409 10
420 505
501 78
494 409
416 3
413 6
508 387
504 81
471 48
446 469
472 431
510 97
451 464
452 25
430 491
506 89
414 5
499 76
469 434
497 386
496 385
431 488
415 4
442 15
470 427
435 16
493 404
473 48
468 447
416 9
421 508
472 47
418 511
467 44
449 24
469 446
452 457
508 91
463 34
439 14
453 458
509 94
419 510
493 410
422 507
474 49
438 15
474 423
494 73
447 468
469 44
507 90
464 37
491 396
505 90
420 509
454 459
430 487
417 8
500 77
509 86
415 8
429 492
503 80
472 429
439 12
445 20
509 92
507 388
421 506
509 386
415 488
471 426
468 433
489 394
464 449
425 496
471 46
470 426
424 496
442 16
498 76
508 92
416 8
453 457
452 26
472 48
496 384
414 6
447 465
421 507
508 86
436 16
501 79
448 466
437 19
446 468
507 387
454 28
450 464
454 30
473 49
438 16
469 433
452 456
471 429
475 423
430 488
469 45
489 395
466 46
430 490
463 449
464 36
447 467
423 495
506 84
438 12
468 44
467 45
463 37
462 34
416 4
464 448
493 405
437 15
494 74
461 33
511 97
451 25
429 491
470 46
500 78
444 20
502 80
497 385
470 432
496 74
471 431
449 25
468 446
503 81
455 29
409 11
455 459
498 386
440 16
438 14
471 47
415 487
507 85
495 75
415 489
419 509
453 455
493 407
420 506
506 90
467 447
510 98
469 427
493 409
492 404
435 9
490 396
509 93
418 510
505 91
428 492
508 386
415 490
449 454
416 489
467 46
463 36
415 486
417 4
428 5
492 409
456 457
461 34
454 31
464 447
497 384
508 385
437 12
430 489
442 17
450 25
462 35
493 408
427 492
467 446
492 405
463 448
468 45
443 20
438 17
453 456
491 404
417 510
410 11
424 495
499 78
453 28
453 30
452 455
489 396
470 425
449 464
506 91
469 426
447 466
429 488
409 12
505 84
416 7
501 80
508 93
470 431
453 454
428 491
452 27
419 506
511 98
455 30
448 465
497 76
475 422
420 507
454 457
498 385
466 447
507 92
415 6
462 447
506 85
419 508
423 494
450 463
416 487
469 46
446 467
441 16
507 86
416 5
455 458
493 74
437 18
423 496
502 81
402 511
446 465
435 10
437 14
469 432
451 26
436 15
470 429
472 49
496 75
507 386
422 495
500 79
470 47
447 464
503 82
434 9
496 76
446 466
405 511
409 13
447 463
416 490
455 457
492 406
506 86
468 46
506 386
505 85
410 12
450 26
438 18
451 455
492 408
416 486
495 77
498 384
450 462
450 454
454 456
475 421
416 6
448 464
489 397
418 492
427 5
508 382
466 446
470 430
500 80
417 509
502 82
427 491
436 12
469 431
437 13
428 488
427 7
426 492
428 6
493 75
462 36
449 455
429 489
472 50
419 493
445 467
456 456
402 510
469 47
453 31
454 32
465 447
403 511
511 99
462 446
422 494
418 4
452 28
506 92
507 93
508 384
441 17
499 79
458 32
491 405
499 385
422 496
463 447
494 76
498 78
451 27
424 494
452 30
460 34
452 454
507 385
423 497
434 10
449 453
419 507
469 425
469 423
497 77
501 81
488 396
455 31
442 20
436 14
468 425
445 466
451 30
462 445
488 397
509 100
441 18
402 509
418 507
499 80
420 493
418 491
489 398
460 35
506 385
471 50
451 28
507 382
461 38
493 76
410 13
505 86
442 19
417 490
455 32
508 383
499 384
426 491
466 445
456 455
411 12
453 32
422 493
403 510
436 13
450 453
459 34
451 454
506 93
422 497
468 47
409 14
507 384
494 77
448 463
404 511
469 430
434 11
419 492
507 94
417 6
488 411
417 486
418 5
468 423
500 385
417 508
457 32
448 455
502 83
426 7
461 36
490 405
449 462
475 420
491 408
426 5
458 33
501 82
463 446
435 12
428 489
427 8
424 493
410 511
491 406
469 48
449 456
406 511
439 18
496 77
428 7
450 27
455 456
497 78
468 431
474 421
465 446
511 100
444 467
469 424
425 491
495 79
506 384
475 419
435 13
505 87
422 498
492 78
468 430
490 408
407 511
470 50
426 6
409 15
506 94
498 80
465 445
487 397
421 493
489 405
490 406
468 48
447 461
463 445
487 411
488 410
411 509
429 7
469 49
425 7
427 9
425 5
446 454
404 510
418 6
409 511
447 25
458 454
507 95
461 37
459 35
448 456
505 385
507 383
501 83
403 509
441 19
451 453
455 455
444 466
489 399
500 82
427 489
501 385
468 424
456 32
451 31
410 14
458 34
473 421
418 486
439 19
426 490
494 78
424 492
496 78
493 77
453 33
418 490
481 415
406 510
433 479
460 40
422 492
460 36
448 462
417 507
411 13
510 100
421 499
434 476
502 84
467 423
434 482
420 492
499 383
450 28
434 480
508 100
410 510
461 39
410 16
433 11
423 492
411 14
459 452
487 398
488 399
481 414
460 37
502 85
497 80
488 405
434 13
419 6
504 385
490 407
467 424
410 17
448 461
451 32
496 79
508 99
407 510
488 403
510 101
471 422
432 11
444 25
507 96
469 50
417 506
434 475
425 6
488 409
458 453
472 421
455 454
421 492
494 79
487 410
404 509
433 482
465 444
460 39
459 40
434 477
433 480
449 28
506 383
434 481
464 445
408 15
424 5
444 465
452 33
495 80
492 77
408 511
480 415
403 508
468 49
426 489
446 25
491 78
493 78
421 498
433 478
506 97
447 26
504 87
448 457
450 451
445 454
451 452
501 384
503 86
479 416
448 27
500 383
489 406
409 16
446 461
418 489
429 8
410 509
447 456
446 455
457 454
498 81
511 102
474 419
433 12
428 9
468 429
440 19
419 490
425 490
506 95
420 499
502 385
443 464
412 509
410 15
499 84
418 487
412 13
473 418
500 83
409 510
416 507
456 33
401 504
458 35
419 489
480 414
490 76
502 86
481 413
505 97
405 509
496 80
445 453
424 6
488 404
444 464
443 463
419 487
506 96
474 418
458 36
493 79
494 80
447 27
447 457
440 20
420 498
455 453
448 28
503 385
425 489
424 490
427 487
409 17
429 485
445 455
500 84
501 85
504 88
423 5
467 429
410 506
432 478
433 475
403 507
409 509
423 491
401 505
472 418
415 507
442 452
446 26
449 29
443 453
427 483
505 383
418 488
419 7
417 505
430 10
490 78
426 488
459 39
478 416
433 481
421 5
448 458
473 419
466 424
408 16
468 50
428 486
504 384
445 25
402 504
432 12
421 491
408 510
491 77
459 37
411 15
479 415
501 383
448 460
486 410
465 443
456 34
413 13
451 33
430 484
464 444
432 480
506 98
510 102
472 420
459 451
457 453
489 407
429 9
412 14
499 85
444 24
470 422
449 451
446 462
488 408
458 452
487 399
471 421
451 451
507 99
503 87
433 477
497 81
410 508
450 450
511 103
407 509
487 403
412 508
434 14
411 507
420 490
446 456
503 384
405 508
414 13
432 13
455 34
506 99
411 506
412 507
423 6
403 504
413 14
447 458
464 443
433 14
443 454
433 16
420 7
477 416
491 238
444 463
465 442
417 504
474 417
488 407
504 97
445 456
473 414
471 420
501 382
501 86
468 51
412 15
503 88
444 453
408 509
429 484
423 490
448 451
510 103
458 451
496 81
458 37
459 38
432 477
415 506
445 26
421 490
446 457
456 453
505 382
451 34
426 487
487 400
479 414
449 30
420 497
445 462
407 16
447 28
449 448
442 453
432 481
430 11
424 489
409 508
425 488
487 408
472 419
470 421
466 425
419 488
502 383
448 459
467 428
451 450
482 413
402 505
487 404
497 82
449 450
429 10
416 505
427 484
465 424
428 485
505 96
404 507
494 81
467 54
420 489
457 36
489 76
428 483
431 482
430 483
474 415
432 475
493 80
504 383
443 452
427 486
440 21
490 77
444 455
408 17
403 506
486 409
410 507
500 85
443 24
421 6
422 5
489 78
486 400
487 407
432 476
443 29
493 81
409 19
429 11
458 450
464 442
419 497
466 428
502 382
444 452
423 489
477 415
420 488
450 34
504 382
470 420
452 450
506 380
501 89
503 97
511 105
467 53
465 441
439 21
457 39
487 401
466 54
448 30
447 451
447 29
448 448
463 55
416 504
431 481
486 408
446 458
466 426
433 23
456 452
504 98
430 482
463 423
407 17
504 96
445 457
473 415
403 505
467 51
444 28
458 38
500 86
485 399
465 431
429 483
404 504
433 15
455 35
496 82
509 103
449 449
406 508
427 485
474 416
464 424
442 24
486 404
415 505
454 36
412 16
502 88
409 507
405 507
492 80
422 6
471 419
432 14
421 7
414 14
423 7
465 425
447 459
478 414
489 77
431 477
412 506
442 454
503 383
408 508
482 412
445 27
505 99
467 67
475 415
491 237
465 427
425 487
491 239
426 486
473 413
444 456
422 490
469 421
432 16
421 489
505 101
457 37
444 462
451 449
408 507
406 507
500 89
452 449
442 455
465 426
465 54
503 382
444 451
467 68
488 77
421 488
424 487
470 419
465 428
432 15
464 441
445 458
465 66
431 14
457 38
422 489
511 106
429 12
463 424
466 53
455 36
501 88
446 459
450 35
464 65
431 476
414 15
475 414
447 450
467 52
418 497
468 421
486 405
412 17
447 448
444 29
505 380
495 82
460 445
487 78
487 406
476 415
491 236
441 24
443 30
496 85
444 457
408 19
463 54
430 481
465 440
404 505
415 504
492 81
433 24
464 55
444 461
447 30
408 21
474 413
419 10
486 401
460 421
413 16
439 22
457 450
446 451
485 400
456 37
414 505
409 20
462 423
473 416
493 82
506 379
484 399
504 101
454 37
407 18
448 449
506 375
453 450
503 96
443 456
503 98
464 431
456 451
509 104
505 100
412 473
425 486
482 411
426 485
510 105
486 407
492 239
457 40
422 7
423 488
466 69
423 8
445 28
465 432
446 29
429 482
413 506
434 23
431 16
430 479
448 31
477 414
500 87
467 66
445 460
464 432
485 407
460 444
496 84
463 425
416 492
408 20
455 451
430 478
464 54
502 96
408 506
417 493
504 380
468 420
479 411
503 99
493 83
456 450
462 424
465 69
472 416
438 22
407 19
413 505
434 24
448 32
455 37
464 66
503 381
446 450
495 83
415 503
506 374
413 473
419 11
480 412
464 426
429 13
465 55
506 378
465 429
499 89
464 428
470 418
420 10
485 401
413 17
456 38
476 414
509 107
484 400
429 481
431 15
464 440
459 421
486 406
444 460
465 65
425 485
482 410
430 476
445 29
445 459
467 421
506 376
446 30
417 497
463 427
466 52
493 235
447 31
440 24
466 68
490 236
486 78
467 65
424 10
453 449
465 437
423 487
487 77
407 21
463 431
429 479
435 23
444 458
456 40
421 9
447 449
450 36
460 422
414 16
460 446
492 236
444 30
422 8
407 507
474 412
500 88
442 456
412 474
439 23
508 104
510 106
414 472
504 100
445 451
405 505
466 66
406 18
465 53
422 488
497 85
492 82
509 105
460 420
493 239
415 472
465 56
506 377
448 33
463 428
432 473
420 11
502 95
459 444
434 25
433 472
494 235
424 485
459 446
415 492
503 100
462 431
476 413
499 88
450 37
455 38
464 429
413 504
471 416
419 12
460 423
445 450
510 107
465 68
425 12
465 436
505 374
468 419
403 500
414 503
473 410
422 9
431 470
493 238
464 439
474 411
417 494
421 10
459 422
415 16
407 506
425 14
454 449
461 420
406 505
432 471
435 24
412 475
462 425
479 412
463 426
464 53
446 449
422 487
414 473
509 106
429 14
454 41
505 378
504 379
463 432
442 457
443 460
404 499
417 498
462 421
467 420
424 11
486 77
418 13
495 84
465 52
508 105
423 486
408 505
503 380
469 418
484 401
444 459
439 24
498 87
455 40
423 10
462 427
502 99
426 13
505 376
449 36
464 435
428 481
429 478
482 409
480 411
494 239
460 443
415 502
501 96
414 17
430 15
490 235
445 30
493 236
446 31
464 437
406 19
430 475
497 86
484 407
485 406
438 23
470 417
429 480
506 373
434 473
494 83
455 450
509 370
417 496
466 65
461 424
416 493
431 474
407 20
467 418
464 67
492 83
466 56
502 94
406 20
485 77
422 486
462 426
502 380
434 472
431 473
459 443
474 410
508 232
415 17
463 69
458 424
480 410
467 419
464 68
504 376
494 238
447 33
508 234
498 88
484 406
463 429
458 446
478 412
416 496
492 84
481 409
464 436
415 473
470 416
469 417
416 494
448 38
430 474
466 420
419 13
507 235
461 425
408 504
453 41
509 369
489 235
424 474
472 410
466 64
420 12
473 409
501 95
432 472
428 474
462 420
428 478
428 480
442 458
415 501
449 37
508 370
476 412
435 25
467 417
505 373
464 52
417 499
429 15
468 418
445 449
445 31
442 460
504 378
454 40
463 421
510 108
455 39
437 23
462 432
473 411
466 418
427 479
436 24
415 493
455 449
426 14
403 501
417 15
443 459
494 236
418 14
412 504
424 12
508 230
508 106
423 11
404 500
424 484
405 499
463 435
464 438
431 469
459 423
422 10
505 377
431 471
502 100
475 411
438 24
463 437
407 505
425 13
494 84
497 87
439 447
435 473
425 475
413 475
439 25
414 492
461 431
423 473
414 502
493 237
483 401
490 85
445 32
477 412
491 84
462 429
505 372
507 106
426 475
462 433
407 504
463 436
454 39
423 12
432 469
462 47
463 438
457 446
508 231
427 478
462 439
430 473
507 234
490 83
439 446
497 88
416 17
424 473
455 448
413 492
427 474
475 410
404 501
462 435
503 164
462 437
436 25
426 479
488 235
462 69
413 502
506 235
438 25
461 430
414 493
484 77
489 234
482 401
507 370
465 420
509 140
453 40
460 71
421 12
447 38
415 494
422 11
463 52
440 447
444 449
504 105
503 378
446 33
460 425
476 411
458 443
503 374
458 423
495 238
420 13
417 16
414 501
477 74
446 35
424 13
466 63
418 15
414 475
461 426
501 100
501 94
424 483
416 495
424 475
441 448
428 15
437 24
504 373
511 366
457 424
463 420
469 416
508 369
423 474
416 499
412 503
481 408
509 368
480 409
405 20
466 419
508 233
406 503
427 14
445 36
494 85
463 68
481 400
483 406
427 480
501 92
503 106
436 473
447 34
428 473
472 411
435 472
449 38
468 417
494 237
482 407
474 409
415 474
419 14
509 230
431 472
466 57
461 432
441 460
495 236
442 459
422 485
510 109
504 377
502 379
405 500
469 415
482 406
500 100
484 78
500 92
460 430
458 442
510 230
462 68
424 472
446 38
442 448
466 62
436 472
461 433
444 36
444 442
501 93
476 410
441 447
509 109
477 411
421 13
442 442
422 474
446 34
510 140
466 58
502 106
503 165
421 485
426 480
449 39
503 105
406 502
414 500
460 434
502 374
405 501
505 371
462 48
509 367
505 105
507 233
472 412
491 85
489 83
481 399
506 236
415 499
433 469
440 446
459 71
430 472
508 108
504 164
438 26
453 39
508 368
425 473
426 474
495 237
506 370
478 410
435 471
508 140
404 20
415 495
462 436
457 445
474 74
423 483
460 70
503 377
460 426
461 47
423 13
445 37
507 231
503 373
488 234
463 51
461 435
461 439
498 90
427 15
413 493
461 437
443 449
511 365
441 459
420 14
475 409
437 25
462 438
414 476
427 473
486 232
489 233
464 420
445 35
482 400
423 475
481 407
511 229
418 16
444 32
510 366
428 18
480 408
457 47
426 478
504 104
407 503
507 107
457 423
422 12
415 477
477 75
489 85
417 17
468 416
476 74
494 86
502 378
465 63
509 141
415 475
411 503
461 429
445 33
490 84
455 447
487 233
497 89
465 419
413 501
406 500
406 501
412 493
436 471
476 73
500 101
457 46
505 368
413 500
481 78
422 475
418 17
458 441
450 39
423 482
445 34
477 410
486 81
464 419
461 68
504 235
460 429
477 76
500 93
421 474
428 17
481 406
456 445
511 160
483 398
503 372
460 69
506 369
444 35
482 399
475 74
510 163
498 373
425 472
461 438
411 502
427 18
504 371
461 48
508 109
414 499
502 377
506 107
424 481
444 33
502 105
465 62
505 236
487 232
511 228
457 48
474 75
442 447
460 427
404 19
458 47
441 444
461 436
464 57
502 103
416 475
443 442
507 108
484 397
419 482
484 79
421 484
454 447
480 407
488 233
503 104
504 163
489 232
494 87
420 15
456 47
510 365
468 415
508 367
452 39
434 469
462 67
415 498
444 443
460 433
475 408
422 483
446 39
437 26
462 51
509 366
505 106
511 162
486 231
483 78
508 139
422 13
501 236
489 84
453 446
416 477
443 32
506 233
425 480
420 483
415 476
425 478
460 439
413 494
505 164
496 237
417 474
459 70
510 141
465 58
462 49
417 18
441 446
426 473
506 231
442 443
414 495
429 472
476 409
444 37
510 229
481 398
491 86
498 91
471 412
427 472
421 14
476 77
502 373
440 459
479 408
460 437
460 435
456 423
410 503
443 448
504 165
407 502
427 16
497 90
503 166
478 409
510 228
468 414
501 105
475 73
459 433
483 79
427 17
407 501
429 471
462 66
487 231
460 48
462 50
504 166
497 97
457 49
493 87
421 483
505 369
508 136
412 494
444 38
498 92
470 412
511 165
460 438
465 417
418 474
441 445
422 482
442 32
507 109
459 427
502 236
426 18
497 91
501 373
475 77
504 368
504 236
511 363
483 397
437 469
510 364
484 80
475 407
446 40
495 89
408 502
459 429
511 161
419 17
484 82
403 19
452 422
413 499
474 76
440 458
464 58
420 16
435 469
502 376
451 39
424 478
409 503
505 367
464 418
510 160
437 27
508 138
496 108
456 46
487 83
413 495
482 78
421 15
434 468
481 79
497 237
459 439
506 164
510 162
425 471
488 232
505 163
499 93
443 447
488 84
501 237
444 34
435 27
491 87
417 475
458 48
426 16
463 57
482 398
486 82
419 481
510 142
455 423
479 407
460 436
478 408
460 428
404 18
509 163
414 498
420 482
508 366
485 81
473 69
464 62
461 67
502 372
454 422
481 405
458 440
477 409
501 235
503 371
486 230
403 15
498 372
494 88
477 77
414 496
439 457
502 104
443 443
459 435
504 234
426 472
423 481
422 14
450 40
499 373
453 445
461 49
480 406
505 107
489 231
501 103
421 475
505 165
434 28
442 444
416 476
503 235
410 502
506 232
424 480
459 69
443 33
455 445
460 68
504 162
502 234
436 470
467 415
484 396
500 102
418 18
454 446
443 37
502 237
475 78
479 406
504 167
440 463
478 407
478 77
497 98
482 79
501 234
455 424
420 17
442 37
419 474
418 19
472 69
454 445
511 166
507 136
494 89
425 16
497 236
458 435
498 97
484 83
495 90
464 417
436 27
509 228
480 405
414 497
487 84
491 88
459 436
490 89
498 93
457 426
474 77
499 372
501 104
413 498
511 362
506 139
410 501
465 416
486 83
510 161
505 108
426 17
502 371
417 476
458 433
444 39
458 427
479 78
476 407
502 233
510 227
443 38
403 16
490 87
421 482
497 108
459 68
501 376
442 33
450 41
412 495
460 49
476 79
436 469
499 102
508 163
434 467
504 233
443 444
462 65
466 415
497 92
506 367
484 81
508 137
483 396
443 34
403 18
459 428
455 46
423 478
510 165
507 138
505 232
507 366
506 165
505 166
481 404
402 17
437 468
451 40
483 80
453 422
482 397
501 372
452 423
488 231
469 412
461 66
445 40
422 15
435 28
477 408
459 438
457 434
504 161
458 439
418 475
420 481
438 457
458 49
428 471
473 70
454 423
480 79
475 72
510 363
442 445
496 107
492 87
421 16
434 29
503 236
505 162
499 94
439 458
510 143
409 502
402 15
463 58
486 229
426 471
420 475
402 19
509 164
468 413
413 496
461 50
423 480
500 105
498 107
499 374
443 446
464 61
506 109
463 60
504 369
496 91
408 501
401 15
429 469
499 371
425 17
506 138
500 372
496 92
438 458
459 67
453 423
506 366
510 362
505 109
444 40
509 161
442 34
461 65
476 80
464 416
458 436
480 404
412 498
420 18
453 43
443 445
479 405
486 84
487 85
454 444
419 19
500 234
498 102
435 29
499 103
437 29
490 88
451 41
430 468
508 162
500 376
463 61
402 18
442 38
418 476
497 107
485 83
499 95
508 142
508 144
457 435
439 463
506 162
421 477
452 424
491 89
436 28
436 468
460 50
511 151
442 36
413 497
454 44
505 167
471 69
484 84
500 104
411 495
463 59
503 237
472 70
455 425
479 403
495 91
502 232
501 371
508 228
462 60
422 478
465 415
507 163
419 475
510 166
422 480
511 361
509 143
423 15
421 481
505 161
440 462
423 479
474 72
498 96
499 375
505 139
441 37
461 55
443 39
441 33
458 438
459 49
458 428
420 476
488 230
477 407
498 106
501 233
426 470
428 470
504 232
496 98
511 167
456 434
402 16
507 141
489 87
430 466
508 164
456 426
468 412
507 137
411 499
435 467
493 89
509 227
478 78
458 432
482 80
421 17
475 79
492 88
507 119
506 166
498 94
497 235
457 427
503 233
437 467
486 228
483 81
454 46
482 396
477 79
479 79
409 501
497 99
474 78
468 70
503 369
469 70
509 362
454 45
508 227
456 435
511 150
485 84
427 470
496 93
435 466
488 229
505 110
441 36
443 40
501 370
478 405
401 16
498 105
479 402
489 88
510 167
493 90
511 168
441 34
454 425
498 101
495 98
506 119
507 162
437 458
502 369
506 365
422 479
420 477
509 166
461 56
435 30
421 478
499 376
421 18
436 29
506 137
453 44
472 71
506 167
495 92
508 145
457 428
477 406
498 95
508 165
499 104
497 100
507 118
453 424
401 18
440 37
412 497
424 469
410 499
420 19
458 437
419 476
460 55
437 30
505 160
426 469
473 72
497 106
454 443
450 43
479 404
411 496
511 360
452 43
462 61
487 86
411 498
451 42
463 416
504 231
428 469
482 81
464 415
409 500
462 59
429 466
510 151
455 426
436 467
459 50
494 91
508 143
492 89
507 142
478 79
438 459
459 416
456 433
444 445
424 17
506 141
481 396
498 235
429 468
503 238
477 80
500 371
466 411
471 70
423 16
439 462
441 38
457 432
438 463
430 467
473 78
505 138
503 232
442 35
486 85
508 161
422 17
440 461
421 480
500 233
486 227
505 140
467 412
498 375
468 71
498 377
460 51
460 65
501 232
475 80
458 67
510 168
429 467
481 81
453 443
485 85
507 161
427 469
503 139
457 437
478 404
454 442
466 412
459 415
508 226
460 56
505 137
495 99
458 66
457 67
492 90
493 91
420 20
438 32
456 428
459 51
456 436
499 233
428 468
460 64
505 159
438 462
468 410
470 82
509 167
481 395
440 38
487 89
436 466
411 497
486 86
460 416
437 31
453 45
497 101
495 93
423 467
497 95
419 477
510 150
473 79
469 71
400 18
503 239
510 194
470 84
472 72
497 377
475 81
454 426
501 369
498 234
503 231
497 375
488 88
504 140
420 478
468 408
462 416
506 142
507 143
442 40
456 430
477 81
509 361
455 433
450 44
436 30
486 226
439 461
489 229
410 496
439 37
510 360
479 401
452 444
506 238
461 57
435 31
423 469
423 17
463 415
462 62
508 160
496 94
400 16
441 39
507 167
461 59
504 238
445 445
477 405
438 464
465 413
409 499
498 104
452 44
508 146
437 465
424 468
500 232
453 425
497 105
505 365
508 166
467 411
478 80
456 432
498 376
500 370
511 179
441 35
421 479
501 231
455 441
509 147
506 118
488 226
511 223
496 380
438 44
451 43
422 18
437 459
499 229
470 70
504 110
438 460
502 368
491 91
453 426
422 469
505 136
504 239
481 82
491 92
507 160
481 394
477 82
503 230
436 465
510 169
437 462
488 89
495 380
424 19
487 90
451 444
438 43
499 230
507 146
495 100
486 225
419 478
510 149
439 38
456 437
503 138
421 20
420 471
456 431
498 233
408 499
455 428
496 379
500 231
409 496
428 467
437 44
500 369
461 62
504 111
511 178
440 35
511 220
507 226
471 72
410 497
489 226
478 401
506 239
508 147
455 432
468 409
438 33
507 168
502 365
506 143
460 57
400 17
450 445
488 227
471 84
486 89
470 83
473 80
508 167
488 225
496 95
510 359
505 118
504 365
496 101
478 81
467 410
471 82
472 73
453 442
508 159
454 441
460 415
490 229
451 44
509 194
493 92
452 45
421 470
464 413
508 361
480 81
424 467
455 430
509 150
422 467
501 368
467 408
510 193
458 65
499 232
436 31
397 18
458 51
446 445
495 94
423 18
420 21
477 404
465 412
511 176
506 159
474 81
486 87
502 139
425 468
497 376
459 64
463 414
437 32
510 179
437 464
438 461
459 414
409 498
497 104
455 440
500 229
485 86
470 71
476 405
420 479
492 91
487 226
454 427
461 58
462 415
399 18
441 40
511 222
457 66
505 238
506 117
496 105
509 148
427 468
452 47
503 140
510 223
452 443
437 460
422 19
439 36
496 378
455 431
473 81
439 39
497 233
450 444
438 42
454 440
477 403
439 35
436 32
496 104
399 17
408 498
421 21
501 139
455 439
452 442
495 95
397 17
505 117
423 19
489 227
500 368
409 497
508 168
506 116
484 86
393 453
451 47
436 460
451 45
421 469
419 471
511 177
509 223
498 232
508 180
466 408
506 240
494 100
488 90
418 478
506 226
438 34
460 62
436 464
459 63
481 83
492 92
454 428
424 20
425 467
453 51
461 415
510 178
460 58
462 414
511 221
509 149
496 102
480 394
458 52
505 239
502 138
495 379
475 401
509 179
472 74
471 83
392 452
502 230
496 376
480 82
501 367
420 470
440 40
511 181
455 437
435 459
503 365
436 462
478 400
488 224
507 159
487 91
502 140
408 494
419 479
452 46
508 150
398 18
408 496
503 141
458 64
452 426
490 228
447 445
506 144
504 364
499 231
501 365
505 135
504 112
511 219
485 87
501 229
509 193
476 82
449 445
508 360
467 409
507 147
507 247
505 143
437 43
494 94
454 430
476 402
460 414
510 176
422 468
464 412
487 225
418 470
457 51
479 81
485 89
456 438
437 461
470 72
472 82
509 359
476 404
505 227
510 170
456 66
427 467
390 452
510 181
495 102
459 62
501 366
492 93
484 87
510 187
476 401
509 176
458 63
454 51
500 365
446 443
392 453
506 115
453 52
452 441
393 454
423 464
438 41
479 394
454 431
476 83
470 73
451 46
500 367
508 193
434 33
460 61
472 75
479 82
465 408
508 149
422 21
407 498
438 35
424 21
475 404
458 53
508 153
436 461
461 414
477 400
487 224
504 117
422 463
398 17
454 437
511 352
493 100
454 439
505 226
451 442
509 170
419 470
486 221
509 178
436 33
426 467
503 364
501 138
509 190
507 158
435 462
454 429
505 240
390 453
493 94
476 403
495 104
508 151
495 378
427 466
510 221
424 465
509 358
457 52
507 360
506 225
499 368
466 409
508 169
497 232
485 88
448 445
504 227
455 66
509 180
450 443
420 469
510 177
505 144
436 463
473 82
425 466
507 246
510 351
500 139
502 141
437 42
423 20
453 430
460 413
507 148
434 459
475 402
449 444
397 16
459 58
391 452
392 451
504 361
504 363
456 65
503 142
494 95
452 427
407 494
418 479
495 376
498 231
472 83
511 182
490 227
421 22
509 192
408 495
504 135
511 218
505 116
435 460
439 40
464 411
508 179
488 91
408 497
463 412
503 136
501 142
478 399
465 410
502 137
505 112
509 222
418 469
502 229
421 468
506 247
453 440
480 83
453 436
462 413
508 345
455 438
452 432
510 182
454 52
449 443
456 52
504 360
504 116
452 436
492 100
503 227
503 135
391 453
475 83
437 41
506 246
435 463
509 181
503 363
486 222
426 466
507 151
453 437
434 464
499 365
398 16
453 429
433 33
507 149
436 34
509 221
505 113
508 222
504 362
509 219
423 21
424 22
507 359
509 187
504 132
417 479
491 227
476 400
508 346
502 228
487 223
506 224
462 412
451 427
433 459
507 157
493 95
453 439
455 65
469 73
479 395
447 443
390 454
461 413
493 379
423 463
510 350
418 468
392 454
425 465
487 221
465 407
476 84
484 88
508 152
392 450
477 399
464 410
494 104
420 468
407 495
437 35
483 87
435 33
507 153
488 92
502 142
505 115
435 461
453 63
393 455
438 40
492 94
510 186
494 102
506 344
457 63
450 46
509 351
460 412
459 59
465 409
473 83
501 137
423 465
475 403
510 352
507 179
466 406
511 353
502 136
499 367
448 444
406 494
511 217
497 231
503 361
500 138
508 192
474 404
509 357
494 376
505 241
505 359
508 170
471 75
452 428
505 145
479 83
508 190
446 442
454 438
422 22
494 378
505 225
451 441
500 142
407 497
453 431
422 464
495 377
459 61
406 498
509 177
450 442
436 42
453 435
419 469
507 345
508 358
511 183
500 366
509 189
463 411
458 54
508 187
492 95
496 229
450 433
425 464
510 353
417 480
464 407
472 85
423 22
506 343
426 465
421 466
458 61
505 178
504 131
457 62
506 169
508 191
458 55
504 115
498 139
493 96
476 399
500 143
458 59
502 135
450 427
465 406
473 404
455 52
507 192
476 85
468 73
462 411
483 88
509 350
506 345
454 53
490 225
497 230
504 359
504 223
477 84
502 227
449 46
455 64
425 24
422 465
500 137
505 344
451 440
464 409
503 134
452 431
509 220
505 224
511 216
433 460
391 454
504 225
505 150
456 63
462 405
448 443
435 34
506 149
424 463
508 357
479 84
490 93
474 403
506 359
507 152
508 177
493 102
469 74
507 156
493 378
501 136
435 42
502 143
503 362
447 442
398 15
405 494
475 84
511 196
392 455
492 227
473 84
506 245
466 405
506 179
509 218
492 379
505 114
420 467
504 133
461 412
496 139
506 243
478 395
489 92
493 104
510 217
433 464
454 63
416 479
508 189
452 437
503 226
419 468
434 463
474 83
406 495
504 145
502 363
393 450
507 346
506 157
406 497
434 461
505 246
450 441
499 366
510 185
436 41
451 428
491 94
492 101
510 183
505 242
452 435
470 75
509 182
491 100
437 40
451 432
499 138
459 60
507 170
433 34
494 377
453 62
452 429
503 360
453 438
451 434
482 87
487 222
457 54
437 36
507 222
504 178
473 403
507 347
475 85
501 227
413 477
458 56
474 84
506 170
388 462
505 245
392 456
505 151
416 480
508 218
506 244
509 217
490 224
489 93
500 144
477 85
450 432
492 104
504 158
497 139
450 434
504 150
451 431
511 215
504 180
500 136
492 96
455 53
509 353
506 156
509 197
419 467
502 112
435 41
504 114
468 74
482 88
450 440
498 366
424 462
502 226
492 226
437 37
447 441
454 62
493 227
507 357
461 411
507 191
505 149
405 497
406 496
421 465
448 442
394 450
508 352
451 435
434 42
433 461
491 101
508 220
463 407
503 225
494 226
504 146
503 131
457 55
452 438
416 482
405 495
481 87
506 358
498 228
483 89
425 463
503 133
493 103
508 350
479 85
489 223
463 405
432 34
505 169
504 224
456 54
465 405
424 24
497 229
469 75
462 410
491 225
464 406
463 409
492 378
433 463
509 349
404 6
489 221
510 196
507 177
496 228
425 25
473 85
496 138
507 189
511 197
506 152
399 15
456 62
476 398
510 184
450 428
426 464
507 181
451 429
472 86
502 362
506 180
509 183
398 14
462 404
502 144
503 115
400 14
502 132
504 358
503 359
497 367
493 377
449 441
499 137
505 243
437 39
477 395
505 343
498 138
505 157
506 346
501 135
508 182
458 60
506 222
490 94
508 188
505 223
506 190
493 107
436 36
509 185
455 63
505 179
423 23
391 455
420 466
449 47
503 145
488 222
435 35
490 95
404 9
503 146
473 86
477 394
505 222
511 198
399 14
505 190
457 60
501 112
427 464
498 137
434 35
436 39
492 97
491 104
501 362
490 101
456 55
413 486
500 135
388 461
507 182
503 358
510 197
481 88
507 188
489 222
415 482
502 131
482 89
435 36
503 150
490 109
400 13
464 405
451 438
423 24
491 224
426 27
458 57
503 224
509 184
505 156
389 462
450 439
505 346
451 430
467 74
424 461
505 170
391 456
474 85
508 217
502 113
503 114
456 61
413 478
507 220
469 406
455 62
508 197
501 226
494 225
401 12
431 464
507 176
431 34
492 107
455 54
504 149
492 377
402 499
415 480
416 481
491 108
478 85
490 221
507 124
501 144
506 357
504 157
499 136
425 462
425 26
503 158
448 425
506 347
462 409
505 180
506 221
497 366
477 396
497 228
426 463
504 151
404 7
504 179
505 244
395 450
508 349
506 191
433 462
493 108
404 495
505 152
490 223
450 435
509 216
473 402
432 463
503 178
470 405
502 145
497 138
506 181
419 466
448 441
489 94
502 359
501 134
414 485
502 133
508 353
493 226
449 432
491 96
449 48
507 352
496 367
480 87
432 461
504 191
403 492
507 356
414 479
461 410
492 225
420 465
492 103
498 227
450 429
505 148
449 440
436 37
507 218
405 496
509 198
463 404
412 477
463 408
499 260
403 6
434 41
510 215
504 343
489 110
468 75
476 397
503 147
404 496
450 430
402 490
504 190
498 136
423 25
490 96
430 32
425 461
456 56
506 188
506 182
507 175
501 225
434 36
399 13
503 171
497 227
504 154
401 499
469 405
511 199
504 346
492 106
402 498
505 199
502 358
490 222
455 55
448 440
504 244
504 148
415 481
504 254
503 343
509 215
501 113
507 353
502 128
492 98
491 103
403 493
491 223
508 216
479 87
472 402
505 181
503 189
489 111
475 397
510 198
449 439
505 221
508 184
497 137
502 224
436 38
492 108
435 39
499 135
402 492
401 11
448 426
504 126
508 354
427 33
507 183
432 462
503 157
500 260
501 133
500 226
419 465
464 404
412 478
492 224
478 86
501 361
501 131
414 484
449 431
504 152
491 105
498 112
495 367
491 109
428 464
507 123
457 57
498 260
489 95
390 462
461 409
477 393
449 49
431 33
505 357
508 198
450 438
467 75
509 199
502 146
505 191
476 394
424 460
503 179
389 461
481 89
490 110
466 74
431 463
413 479
400 12
462 408
504 170
465 73
501 145
502 130
430 464
492 376
493 225
500 134
505 347
449 435
424 26
403 9
456 60
480 392
426 462
468 406
390 456
396 450
502 158
506 348
425 27
434 40
476 396
496 366
490 102
413 485
435 37
495 225
404 8
470 404
503 151
412 486
474 86
426 28
403 7
506 356
506 218
502 114
455 61
506 220
447 425
500 112
500 132
505 189
491 221
506 124
403 497
505 155
491 377
414 480
428 32
507 349
452 53
503 126
490 377
497 226
474 393
503 152
475 396
413 480
490 111
426 35
506 355
412 485
502 255
428 33
449 430
501 130
504 125
461 408
489 108
510 199
498 135
464 403
450 51
499 132
413 484
506 183
449 438
508 215
430 33
505 350
500 151
505 192
414 481
446 425
425 28
445 426
503 244
490 97
493 224
449 436
434 37
403 496
400 11
428 31
508 199
505 220
498 259
496 225
500 239
504 193
466 75
505 348
502 149
468 405
511 200
429 32
505 124
491 98
503 172
499 112
502 127
502 157
456 57
505 182
465 74
476 393
480 91
479 392
504 155
399 12
480 89
503 148
498 113
455 56
402 493
502 179
451 52
424 27
403 8
504 189
403 494
497 260
402 9
412 479
431 462
480 391
444 427
503 346
502 151
475 394
469 404
490 103
504 347
418 463
491 106
428 463
507 122
511 212
503 342
390 461
501 260
500 225
504 255
506 349
435 38
430 463
503 156
505 188
434 39
426 33
504 153
502 129
471 402
470 403
506 353
507 184
503 188
499 238
510 213
495 366
491 376
396 13
503 254
488 95
426 461
505 218
447 426
455 60
506 175
507 198
501 358
500 133
501 360
418 465
401 490
402 491
490 107
501 224
497 136
504 171
414 483
474 397
478 393
448 427
478 87
449 50
492 223
501 146
464 77
456 59
450 437
505 200
489 168
423 26
500 113
474 87
425 460
448 439
464 73
396 451
505 356
507 354
501 128
499 134
501 114
402 497
509 200
401 498
492 109
460 409
390 457
491 222
506 199
492 375
427 32
479 89
398 12
461 407
456 58
468 404
448 438
401 497
501 157
500 152
426 34
502 254
502 180
493 223
474 396
433 39
450 52
401 491
497 259
446 440
429 33
503 125
501 357
444 428
505 173
481 389
465 75
502 148
501 241
480 90
473 399
487 95
400 490
503 347
424 28
400 10
413 481
506 122
490 98
475 395
413 483
506 200
507 215
497 225
508 200
451 53
474 394
412 480
402 8
397 451
505 183
499 151
446 426
505 255
500 146
489 97
488 108
479 391
465 77
500 360
492 110
501 115
445 427
423 27
399 11
500 224
400 492
464 78
496 258
422 26
491 375
449 51
417 463
505 349
502 126
503 257
473 397
490 376
503 253
506 354
489 169
488 168
507 199
488 104
499 239
397 13
504 350
493 367
490 168
500 114
497 239
499 113
464 74
430 462
426 460
490 112
470 402
511 211
502 152
474 88
500 150
402 496
498 238
489 103
429 463
428 462
497 135
460 408
504 352
474 398
503 187
501 259
501 255
487 171
391 461
449 437
401 9
397 503
412 484
503 245
504 172
504 348
425 35
505 219
452 54
501 147
448 50
401 495
500 240
427 31
475 393
501 127
426 458
480 390
418 464
505 175
478 88
505 355
502 258
509 201
504 188
479 91
463 79
463 77
483 169
478 392
492 222
496 224
505 193
489 107
506 184
510 210
505 123
501 129
496 136
447 427
455 59
494 366
447 439
464 402
491 111
426 32
499 225
505 351
499 133
476 392
390 458
503 153
503 155
455 57
433 37
510 200
434 38
506 174
510 212
402 494
488 170
504 356
490 106
509 213
390 460
493 221
448 430
504 194
459 409
501 149
503 341
396 12
500 241
499 224
396 503
502 181
504 183
400 493
469 402
458 409
429 462
397 12
504 123
495 136
500 129
397 502
480 389
399 488
489 106
426 459
400 491
395 456
464 79
411 484
488 105
490 99
478 391
432 37
448 429
496 135
426 31
429 34
501 152
497 134
463 80
435 454
500 147
505 184
401 494
424 29
391 458
491 112
502 341
473 396
504 351
503 348
505 256
503 352
510 201
505 354
503 220
501 242
448 51
427 458
396 11
503 350
503 252
497 224
501 148
448 437
417 464
503 356
427 460
445 428
502 125
460 407
504 219
503 182
428 461
502 155
493 368
500 223
492 111
399 492
507 214
485 102
502 259
399 10
486 103
459 408
401 8
413 482
503 246
454 57
412 481
504 173
499 360
501 254
422 27
504 355
481 388
446 439
433 38
423 28
430 461
506 255
496 257
478 89
391 460
491 168
506 215
464 401
489 98
493 366
500 149
503 258
510 211
473 394
468 391
488 169
455 58
501 126
502 153
397 452
483 168
468 403
494 221
464 75
425 34
504 187
484 169
504 353
501 156
498 151
504 257
392 461
509 210
498 225
500 255
465 78
425 30
505 174
494 223
479 390
474 395
451 54
507 200
477 88
400 489
505 122
445 440
488 103
491 374
401 496
509 212
488 107
487 170
499 128
486 95
489 170
498 133
490 375
497 240
493 222
486 171
463 82
474 89
450 53
492 367
504 349
499 256
447 428
452 55
479 90
446 427
395 454
472 399
500 357
400 9
503 340
499 114
473 398
497 258
475 392
502 253
505 194
472 397
463 76
498 239
500 115
434 456
506 214
487 107
503 219
433 453
495 169
442 52
479 389
434 454
463 75
502 340
457 409
395 455
502 154
502 246
395 503
480 388
424 34
447 429
423 29
485 95
503 183
411 483
399 493
484 168
464 400
465 79
447 437
497 133
468 402
420 26
506 256
503 259
428 460
491 169
486 102
396 456
471 393
494 138
410 484
429 35
488 98
422 28
472 394
507 201
477 89
511 205
414 466
503 353
415 463
418 28
425 31
458 408
445 429
398 488
496 134
459 407
502 174
505 257
500 156
486 170
499 149
489 99
499 223
498 256
462 76
451 55
430 460
504 184
485 103
503 349
504 174
502 182
499 359
486 96
505 215
432 38
487 169
499 129
494 222
483 167
501 153
468 390
427 459
510 202
471 399
507 213
497 257
489 339
495 111
509 211
502 356
400 494
502 350
398 492
498 240
454 58
487 105
449 53
487 381
396 502
498 128
499 255
464 82
396 454
490 170
392 460
500 148
471 397
397 453
491 113
501 125
399 489
501 155
429 461
498 150
435 453
478 90
498 224
397 11
502 252
478 390
499 115
505 195
504 122
398 10
499 357
503 351
492 112
469 391
488 102
475 391
448 54
488 106
424 30
493 369
508 210
500 242
495 135
443 51
492 366
490 374
504 186
400 496
502 220
416 464
495 137
472 398
492 168
448 52
502 352
461 399
463 81
431 37
495 223
400 8
500 254
504 354
445 439
460 406
483 103
446 428
399 491
412 482
473 395
391 459
469 401
475 89
502 217
501 352
470 399
430 459
498 223
498 115
497 256
502 247
501 340
502 123
495 134
418 29
447 54
390 501
487 102
415 464
484 103
508 211
499 148
460 399
465 80
486 107
489 340
492 169
399 496
411 482
462 399
446 51
487 98
494 111
448 53
491 366
498 241
464 81
472 395
500 253
471 394
499 130
400 7
494 135
423 34
485 96
502 251
497 132
424 31
444 51
438 397
465 400
494 169
487 106
497 344
499 358
500 155
452 57
501 348
486 381
504 121
503 216
444 439
503 174
394 503
509 208
433 452
491 170
492 113
506 213
485 104
493 168
398 491
504 259
433 454
471 392
502 339
420 27
503 122
458 407
502 173
499 222
453 58
499 116
502 349
504 185
393 460
461 400
477 90
488 99
484 167
490 171
506 257
495 170
442 53
397 10
494 255
433 456
443 52
486 105
419 28
505 258
484 95
490 339
434 455
510 203
399 8
511 206
495 112
501 124
471 398
447 52
503 354
432 453
480 387
397 454
507 202
415 20
499 242
499 254
462 75
498 359
461 76
508 209
392 459
493 138
502 355
451 56
423 30
499 156
431 38
434 453
501 252
421 28
499 346
494 137
450 57
489 374
420 25
414 465
449 54
505 196
466 401
483 104
503 120
502 219
470 391
498 255
475 90
501 154
393 458
445 438
398 493
424 33
488 101
475 390
495 222
416 21
511 204
503 218
460 405
498 129
501 182
446 429
396 455
493 112
505 214
395 502
398 489
398 9
485 168
439 444
469 390
468 401
502 351
503 184
492 369
414 463
399 494
429 36
478 389
429 460
498 149
507 210
486 169
498 345
428 459
457 408
483 94
487 380
468 389
410 483
439 442
414 467
446 437
479 388
502 354
494 134
509 203
506 210
420 28
498 358
490 366
510 204
467 401
498 254
496 344
486 380
501 173
510 206
446 430
398 454
446 52
469 399
446 436
496 126
503 175
432 456
499 347
476 388
503 215
488 374
498 148
476 90
429 37
487 101
503 121
437 397
498 116
443 53
502 218
501 247
391 501
392 502
397 491
487 379
497 255
489 341
450 56
502 120
493 141
503 185
502 122
499 253
415 21
414 468
395 491
493 169
495 113
399 7
508 202
484 104
495 125
507 203
502 216
398 490
449 55
500 340
399 495
498 222
469 389
419 29
501 355
465 81
405 457
423 33
494 112
444 438
470 398
430 38
501 349
499 243
471 391
491 339
507 211
470 390
466 80
502 250
460 400
447 53
452 58
485 167
410 482
440 442
431 39
460 76
499 155
394 502
501 251
468 400
495 183
445 437
489 371
483 95
459 405
429 459
486 168
397 455
423 31
507 257
497 131
501 183
466 400
414 20
462 398
485 97
499 221
450 58
451 57
501 351
399 5
509 207
500 154
498 346
498 242
463 399
430 458
419 25
396 492
424 32
433 455
392 504
471 395
494 170
397 493
444 52
498 130
393 503
485 381
400 6
492 170
438 444
494 254
470 394
394 458
462 74
490 172
439 397
434 452
501 339
490 340
457 407
496 222
501 123
505 197
485 105
396 0
486 106
488 366
500 348
507 209
474 390
432 452
482 94
477 91
487 99
417 21
491 369
497 345
500 246
497 359
480 386
508 208
478 388
505 259
439 443
390 500
495 255
445 51
404 456
506 212
505 213
475 389
477 389
493 137
393 459
414 464
493 135
506 258
416 22
493 113
397 9
504 213
414 21
442 435
501 248
507 258
391 500
500 245
429 38
470 395
397 494
496 345
501 354
496 183
437 398
399 456
445 52
397 490
461 74
396 491
497 222
399 6
398 7
509 206
498 155
503 214
499 154
459 404
497 148
482 95
476 91
491 368
396 9
492 135
502 215
495 184
403 456
402 457
503 176
434 451
436 397
498 117
458 405
497 242
499 348
449 56
406 457
498 147
477 92
431 444
506 209
496 131
395 458
398 3
447 432
500 247
475 388
502 185
502 249
410 481
494 171
490 173
508 203
490 367
505 260
495 126
418 23
439 396
487 100
463 398
412 465
488 373
469 398
430 457
501 216
395 0
391 502
494 339
494 253
496 255
501 338
493 340
484 97
437 444
504 197
494 341
467 400
497 358
497 254
508 207
460 75
423 32
499 252
432 455
417 22
502 121
478 387
431 456
395 492
490 341
492 141
494 113
397 2
430 39
496 343
418 25
443 436
489 134
460 73
429 458
497 130
409 482
499 340
485 380
396 493
485 106
500 351
493 134
393 502
483 96
457 406
497 146
497 346
499 172
459 400
506 211
500 173
485 98
486 167
477 388
488 371
435 450
494 125
440 441
479 386
413 468
499 244
470 389
471 390
487 378
500 339
392 501
396 1
446 53
444 53
484 105
391 504
413 464
450 63
488 367
493 170
398 495
445 436
493 136
397 8
501 218
446 431
394 501
498 221
501 250
500 349
444 437
404 457
432 451
507 208
489 372
498 347
407 462
395 500
435 446
394 493
509 204
496 127
466 81
505 212
501 122
398 5
463 396
419 24
392 503
489 366
430 443
438 443
493 142
474 389
451 58
491 172
420 29
415 22
500 123
491 340
394 459
501 184
398 455
448 56
499 355
414 22
456 406
486 166
450 62
403 457
481 95
401 483
488 372
432 450
482 96
469 395
476 92
429 39
493 171
402 458
396 494
398 6
500 354
487 167
500 338
496 146
495 149
501 249
410 480
494 342
503 197
500 218
411 23
435 445
490 342
484 380
498 220
445 435
434 450
431 443
397 495
459 75
494 114
470 396
492 340
497 183
487 371
396 2
499 215
503 213
435 449
497 147
446 434
493 143
501 185
473 389
441 435
435 447
390 504
498 348
500 122
446 432
433 445
412 464
508 204
476 94
399 457
391 499
497 357
406 460
496 346
486 100
468 398
486 378
499 193
395 499
459 401
472 390
411 465
495 343
496 184
422 32
398 4
464 398
407 461
397 7
498 118
391 503
442 436
437 443
484 106
405 459
474 388
497 117
495 127
498 340
495 339
495 345
467 399
501 121
398 456
501 215
471 389
418 24
477 387
509 259
478 386
489 133
436 398
477 93
479 385
459 403
492 134
459 73
463 397
493 341
430 40
493 151
417 23
490 134
500 250
467 81
490 368
495 145
408 462
506 260
498 154
394 494
409 465
502 214
489 367
447 433
500 248
442 438
393 501
494 338
492 136
491 141
468 86
410 464
507 259
486 164
483 97
443 435
451 59
499 245
404 458
431 455
412 468
443 437
397 5
394 500
440 440
449 63
496 254
501 337
496 130
396 490
499 251
498 244
497 221
444 394
460 74
397 3
492 172
494 126
420 30
498 172
491 341
500 350
505 211
445 53
507 207
491 173
495 253
499 173
396 8
440 396
395 493
406 458
407 457
500 188
445 395
409 481
394 0
464 396
395 459
498 356
444 436
508 206
500 216
497 243
506 208
484 98
458 404
430 442
458 82
504 198
432 444
502 176
429 457
496 358
469 397
498 193
390 503
501 176
421 32
500 187
456 405
487 164
496 117
495 220
468 397
396 459
397 458
498 183
498 251
408 461
413 22
492 341
500 249
499 350
406 461
441 436
481 96
498 355
501 186
496 253
498 173
409 464
499 216
396 3
458 403
443 394
494 115
485 100
503 198
441 396
492 173
493 144
497 182
434 445
487 372
499 192
400 483
509 260
493 342
483 98
494 151
412 463
445 434
480 95
494 145
467 398
397 486
496 147
499 354
430 41
448 63
497 340
489 368
393 500
392 499
431 442
396 7
502 213
495 146
504 211
492 133
397 6
441 438
473 388
448 57
472 389
456 73
500 185
486 377
469 396
497 244
401 482
501 336
451 60
495 346
432 443
406 483
495 150
395 498
484 377
431 454
497 252
473 90
468 87
458 81
458 401
498 245
433 446
446 433
486 165
500 175
500 337
420 31
412 467
434 449
437 442
459 74
396 489
395 494
507 206
442 395
484 379
499 250
506 261
410 479
497 356
495 128
501 214
439 440
508 205
497 184
405 460
494 131
404 459
429 40
475 94
472 89
393 0
433 444
500 189
412 23
389 504
477 94
434 447
491 174
500 121
410 465
490 133
493 152
440 439
498 349
496 129
487 166
496 357
477 386
449 62
496 339
394 3
500 215
403 458
445 396
402 459
464 397
444 395
409 462
497 220
482 97
494 343
503 212
496 347
445 54
467 86
433 450
494 337
491 140
493 172
491 134
498 119
428 457
485 378
457 82
483 106
465 398
395 8
398 457
455 406
411 24
444 435
388 505
507 260
417 24
397 4
407 458
397 496
468 85
496 151
495 148
478 385
442 437
499 338
497 154
435 398
500 217
436 443
490 343
409 480
474 387
497 172
478 93
401 458
491 142
491 136
467 82
459 402
508 259
450 61
506 207
408 463
476 93
457 404
494 127
495 252
386 504
487 165
493 149
396 4
395 7
500 176
416 24
455 73
435 399
437 441
456 74
456 404
495 147
496 348
392 498
402 460
396 6
389 503
428 456
506 206
491 137
466 86
495 129
484 376
498 250
491 175
468 396
429 41
472 90
498 122
500 336
494 116
399 483
495 347
497 193
502 200
500 190
479 95
458 80
467 83
473 387
408 464
494 128
498 120
493 145
405 483
441 437
442 396
411 463
494 148
493 173
494 152
508 260
397 487
388 504
457 73
409 461
406 482
483 107
496 220
397 459
433 443
407 459
439 439
408 460
501 213
448 58
396 496
393 499
494 130
444 396
495 337
396 486
433 449
396 460
498 350
411 467
401 459
491 139
457 403
500 214
432 442
507 205
430 454
494 346
405 461
413 23
495 151
496 118
466 398
395 495
499 337
476 384
393 1
483 379
401 481
445 55
498 212
493 131
503 199
410 462
475 93
403 459
491 343
490 142
435 443
473 91
499 217
478 94
446 56
467 87
412 24
494 344
498 354
458 402
510 262
450 60
497 153
468 84
444 434
457 81
445 433
491 143
447 57
492 132
499 121
497 173
491 243
511 305
499 191
492 174
412 462
500 186
396 488
431 441
410 466
395 497
394 498
497 119
499 187
482 98
481 97
499 175
433 447
409 479
498 184
499 249
489 369
399 459
497 245
387 505
496 356
486 372
491 133
497 349
497 339
443 395
457 401
420 32
485 377
497 181
507 261
455 405
477 385
495 219
493 343
458 74
471 89
499 189
447 63
398 458
492 342
503 211
498 174
492 242
496 252
497 251
395 3
448 62
408 480
482 106
484 100
434 444
501 335
465 397
490 132
480 96
474 92
498 338
486 376
394 2
472 388
467 85
496 152
449 61
409 460
440 437
449 60
473 92
406 481
447 62
400 459
438 439
484 101
503 210
394 497
428 455
478 383
443 396
457 402
490 131
488 369
511 262
395 486
492 145
498 175
389 502
496 337
477 384
511 306
498 353
502 211
480 97
395 4
510 263
495 348
432 441
492 243
405 482
499 190
403 460
490 143
498 249
396 487
400 481
496 219
496 153
408 477
429 438
404 461
494 117
453 72
405 462
399 482
428 41
395 496
492 131
387 506
433 448
498 181
498 121
435 400
437 440
408 479
498 211
434 443
439 436
457 80
491 244
493 148
494 243
398 483
456 81
487 142
419 32
455 400
393 498
467 396
497 218
454 73
499 212
493 344
397 460
406 465
482 379
445 56
496 119
486 373
471 90
444 433
478 95
495 152
499 336
493 242
499 176
498 185
494 347
485 372
481 98
496 245
498 217
456 403
494 147
492 175
502 199
393 2
472 91
395 6
488 165
396 461
485 370
466 87
387 498
466 83
456 401
466 397
474 93
508 261
398 459
472 387
501 198
497 122
500 213
416 25
511 300
451 406
412 461
498 337
401 460
510 305
427 456
430 453
494 335
491 132
479 96
506 205
493 174
505 204
489 142
497 350
413 24
492 343
497 192
435 442
493 130
501 212
485 376
467 84
436 441
499 186
499 196
457 74
482 99
446 57
412 25
491 138
447 58
493 346
454 405
501 200
500 335
509 262
439 438
388 503
496 355
458 79
476 383
408 459
496 251
497 354
411 462
386 503
491 144
410 461
486 375
430 439
494 129
495 336
495 218
492 149
386 505
497 174
497 338
407 464
482 107
410 467
495 118
498 190
489 165
493 345
400 460
427 41
494 348
431 447
492 130
489 243
426 456
499 197
498 210
479 97
456 402
428 450
497 217
489 139
452 72
481 99
484 144
486 370
392 2
430 450
457 75
504 204
492 146
409 459
386 506
487 141
407 477
492 344
467 395
413 25
431 439
395 485
478 382
488 140
502 210
491 145
403 461
437 439
501 211
495 335
429 437
498 248
489 137
399 481
430 438
494 118
497 337
509 263
495 119
386 502
453 405
492 148
454 404
493 129
406 480
493 243
471 387
491 131
482 108
433 441
473 93
400 480
509 305
397 461
483 101
398 482
434 442
406 466
457 79
476 382
439 437
500 212
498 196
472 386
493 347
443 397
496 336
503 209
404 462
465 83
496 246
483 145
466 396
490 138
447 61
451 407
511 297
387 507
429 451
487 369
482 144
404 482
485 373
408 478
493 175
498 176
408 466
412 26
454 398
510 300
431 449
456 400
477 383
485 371
495 355
466 84
485 375
387 503
508 262
394 486
466 88
501 199
394 496
511 299
416 26
505 205
510 304
497 249
419 33
496 250
496 174
456 80
446 58
496 350
388 498
497 353
405 481
495 217
482 378
387 497
398 460
430 452
429 453
411 461
494 334
495 153
479 99
394 484
435 441
499 335
498 180
447 59
450 406
428 454
494 244
388 502
498 186
409 467
494 156
511 263
454 400
427 455
500 198
393 497
407 465
401 461
471 91
511 301
490 144
434 400
407 479
432 448
448 60
395 487
497 121
455 401
489 143
478 96
496 218
465 89
395 5
438 436
410 460
438 438
499 211
453 73
486 142
480 98
497 123
510 306
443 433
496 120
494 356
445 57
496 192
490 244
493 147
414 33
495 174
495 250
388 497
465 84
453 404
496 195
433 400
416 27
482 101
489 138
495 334
499 198
413 26
447 60
416 31
493 156
494 349
415 26
495 154
496 175
492 147
485 374
488 139
498 209
453 74
482 109
432 439
434 441
443 398
492 129
433 440
466 395
454 399
471 386
484 143
471 92
454 403
394 483
494 119
510 303
499 334
480 99
425 456
489 144
430 437
489 244
428 451
496 121
490 347
389 498
395 484
393 496
490 145
493 356
505 294
496 191
457 76
449 406
465 90
496 353
391 2
485 142
409 458
496 123
509 306
427 450
456 79
500 199
407 466
484 141
453 398
511 298
497 190
494 155
398 461
438 437
498 177
403 462
495 354
498 197
500 211
502 209
499 210
511 302
495 120
482 145
488 243
485 144
387 502
478 97
411 460
435 440
408 467
501 210
452 73
427 42
511 264
484 371
482 377
394 487
431 438
479 98
398 481
388 501
476 381
429 452
455 402
496 247
495 350
504 205
491 146
400 461
477 382
451 408
472 93
456 399
492 345
446 59
503 204
430 449
404 481
486 369
510 299
493 348
436 439
495 192
496 217
484 373
488 245
419 34
427 454
491 346
431 448
410 459
497 216
497 336
489 164
394 5
464 89
497 248
430 447
399 480
466 89
467 394
388 485
494 175
414 25
492 347
429 450
493 244
510 297
483 144
443 432
494 355
487 140
445 58
491 130
498 179
508 263
488 137
389 486
497 186
407 478
443 430
386 507
497 196
406 479
480 100
390 2
494 154
509 297
387 501
490 362
482 110
393 487
456 78
430 448
495 191
416 32
497 335
442 398
491 147
491 129
491 347
400 462
496 190
414 26
448 406
496 216
437 437
392 496
495 353
455 79
486 144
496 248
403 481
482 376
494 250
447 405
507 265
488 246
484 142
483 143
454 402
492 128
498 334
443 431
404 480
388 0
433 439
494 350
453 403
472 94
398 480
394 488
390 498
464 84
411 459
390 486
501 209
466 90
498 178
484 374
485 141
480 106
493 155
483 375
486 368
487 139
427 453
464 394
389 497
497 179
435 439
388 486
504 206
494 176
497 187
496 196
415 33
426 42
416 28
465 85
500 210
434 440
452 74
446 60
502 208
406 478
424 456
495 195
466 394
478 98
490 346
459 97
477 381
493 245
482 102
450 408
490 164
492 348
419 35
395 483
418 34
418 36
391 497
507 263
510 298
508 306
464 90
471 93
498 198
489 145
413 33
481 101
483 371
507 295
405 479
487 243
441 399
421 37
399 461
511 265
397 481
493 355
431 437
415 31
494 120
499 209
443 429
449 415
389 485
503 205
457 77
429 449
432 404
457 399
510 302
383 511
481 145
460 100
495 121
489 245
488 138
506 294
491 345
465 395
385 507
505 295
496 186
407 475
453 399
467 89
402 462
499 199
433 401
414 32
407 467
436 438
490 146
426 450
470 386
456 76
410 458
446 404
393 5
445 59
485 145
444 58
432 402
496 334
495 175
495 123
428 452
490 361
382 511
417 34
491 128
446 405
416 29
490 147
492 245
487 138
499 200
431 436
494 353
452 399
388 1
426 451
407 474
508 307
387 0
500 209
390 497
469 386
489 246
432 437
493 192
485 368
455 78
404 479
463 84
492 349
481 102
479 106
486 345
418 35
391 496
388 487
424 455
413 34
509 302
507 294
482 367
442 429
496 215
452 403
427 452
497 188
483 142
445 404
434 439
501 208
483 374
443 402
506 293
488 145
494 123
485 140
449 414
420 37
460 99
480 101
497 178
407 468
412 459
403 480
444 59
448 415
490 163
482 111
467 90
509 298
487 244
506 295
433 438
435 438
480 105
495 248
383 510
494 247
390 3
457 398
426 43
490 345
411 458
448 407
503 206
495 196
482 371
477 380
442 431
498 333
491 246
470 385
465 394
441 430
491 348
482 375
460 97
471 94
486 367
496 333
445 60
384 509
493 246
489 362
395 482
432 403
495 176
485 146
495 190
441 400
463 90
446 75
505 296
470 95
436 437
460 101
509 308
486 145
458 397
383 506
392 5
489 346
414 27
415 30
483 370
414 31
496 177
489 146
480 145
393 488
402 463
508 265
416 33
390 485
504 295
449 416
495 122
452 75
396 481
494 121
464 393
497 334
496 187
494 215
433 402
406 475
384 507
447 406
494 191
477 98
419 36
423 456
493 154
421 38
484 369
494 249
498 199
429 448
442 399
464 85
456 77
394 489
387 500
405 478
399 462
397 480
433 404
453 402
511 266
483 368
444 403
459 98
507 264
493 350
493 354
461 100
449 408
497 198
399 463
406 474
387 1
448 408
446 76
390 496
384 508
393 489
482 368
452 400
506 264
396 480
492 354
461 99
412 458
416 34
388 488
492 246
483 369
470 94
406 470
461 91
493 351
480 144
480 104
432 436
500 208
479 379
502 206
452 402
476 98
466 392
425 43
447 411
417 35
392 488
490 162
496 198
488 146
505 263
496 188
493 191
447 415
446 406
386 476
483 367
504 262
490 128
489 363
485 147
459 397
414 30
503 295
487 345
391 495
486 346
428 448
494 190
479 101
391 5
484 368
504 296
462 100
509 309
433 403
495 189
462 90
444 404
389 3
489 361
407 469
509 265
434 402
426 452
420 38
435 437
494 214
508 302
487 361
451 403
413 35
383 505
488 362
423 453
507 293
466 142
449 413
469 95
478 380
492 192
465 393
495 197
489 345
463 85
494 122
486 146
498 200
505 297
434 438
405 475
426 44
489 247
468 92
448 416
486 138
494 352
495 177
469 385
394 490
501 207
423 455
486 244
482 366
390 4
478 242
490 248
508 266
460 98
405 477
485 139
491 247
457 397
388 2
446 410
497 333
497 199
441 429
467 91
479 103
445 75
477 99
453 401
443 403
482 370
492 154
402 464
455 77
491 349
396 478
451 75
406 468
479 105
469 93
384 504
424 454
494 248
496 214
506 296
443 75
508 298
444 60
493 247
511 267
461 89
419 37
383 509
382 510
403 479
493 353
444 402
482 112
489 147
382 506
391 485
508 308
415 29
386 500
441 431
480 102
414 28
495 215
496 178
485 367
510 266
461 101
440 400
478 100
442 400
447 75
402 480
478 106
440 430
458 396
482 374
395 481
425 45
482 142
493 122
448 75
405 470
487 346
447 414
489 348
396 479
508 309
451 402
507 292
468 95
484 367
389 4
444 405
509 266
424 43
405 474
490 349
447 412
441 432
492 247
477 100
425 46
459 396
402 479
391 484
486 245
490 161
412 457
452 77
425 452
479 242
435 436
504 263
489 360
495 214
420 39
443 404
405 476
511 268
477 368
395 480
491 192
440 429
485 138
482 369
423 452
495 188
493 248
469 94
385 500
390 495
489 194
510 267
485 148
478 105
493 352
452 401
478 379
493 190
413 28
479 104
448 413
485 346
489 248
478 101
487 360
432 435
406 469
414 29
484 139
462 85
445 406
479 378
468 93
487 362
508 301
486 147
500 207
491 350
483 366
481 374
393 490
435 402
480 143
391 494
385 476
508 299
447 408
419 38
423 454
492 123
434 437
497 332
445 410
474 99
485 136
491 354
466 141
495 198
460 91
501 206
491 162
399 464
503 296
426 45
383 504
434 403
488 147
443 76
394 481
488 361
507 302
411 456
383 508
482 113
492 351
462 101
482 373
392 489
490 127
443 400
461 90
383 502
391 488
388 3
416 35
414 35
492 121
469 384
465 392
401 464
485 366
386 477
488 363
506 297
484 135
445 76
476 99
445 402
389 488
443 60
503 262
444 75
422 455
446 415
446 411
505 264
491 154
442 403
405 468
492 195
439 430
447 416
494 189
428 447
478 243
458 395
450 75
461 98
404 477
492 153
467 142
382 507
457 396
454 389
479 102
496 199
491 248
381 510
382 505
490 249
481 142
497 200
446 77
467 92
384 503
450 403
385 478
487 146
461 88
482 141
381 506
492 353
390 5
488 345
486 137
475 98
403 478
440 401
454 77
487 364
464 99
466 391
489 344
387 2
395 478
495 178
385 477
504 264
445 401
412 28
405 473
454 388
412 456
449 403
492 352
489 193
493 197
383 501
445 415
495 213
491 351
443 61
494 178
475 99
426 46
382 508
487 347
488 344
485 137
434 436
481 141
480 374
494 188
491 123
444 400
416 36
484 136
484 366
490 154
467 93
382 504
440 428
466 140
486 364
390 494
474 100
438 430
439 429
401 465
509 267
427 447
452 78
491 153
491 353
447 77
478 104
381 507
491 161
388 4
478 368
405 469
402 478
480 242
424 452
503 263
403 477
490 194
439 431
488 348
411 455
479 243
483 139
451 401
495 199
492 248
443 405
507 299
492 196
446 78
507 291
506 298
491 195
490 356
380 510
394 480
490 190
486 148
468 94
491 121
390 6
489 357
481 373
449 75
488 360
435 403
457 393
436 402
490 350
458 394
488 248
476 100
485 135
492 122
404 468
461 85
466 92
429 445
493 179
493 177
441 405
384 500
477 367
506 302
439 401
427 47
454 390
444 76
415 35
468 142
483 135
405 471
390 488
386 478
422 454
384 476
489 249
484 346
487 247
469 99
428 446
446 414
445 417
489 127
467 143
459 395
487 363
440 432
491 191
445 407
448 76
388 482
489 349
391 483
478 244
497 201
462 98
400 464
478 378
453 389
503 297
479 377
391 493
497 331
481 369
413 29
469 383
487 147
445 409
424 44
508 300
493 189
483 113
478 102
446 412
433 435
464 100
510 268
453 77
392 490
491 355
465 391
485 245
446 408
383 503
461 87
485 191
463 99
484 246
457 395
463 101
507 309
441 403
419 39
450 76
446 416
480 142
439 433
419 41
401 479
492 124
440 402
447 413
464 98
404 476
500 206
387 3
460 90
494 198
395 479
401 466
481 346
465 100
468 99
442 61
484 113
383 476
487 148
449 76
411 454
466 95
434 435
490 153
441 406
491 190
490 189
437 402
466 139
487 348
491 160
491 124
439 402
428 443
392 481
486 247
447 400
389 6
443 62
415 36
401 478
444 407
483 138
485 134
449 402
486 191
443 406
446 413
490 353
509 268
491 158
462 393
489 356
404 469
444 399
488 359
416 37
455 392
389 482
507 290
469 142
506 309
460 85
427 446
492 249
477 102
445 416
484 365
489 192
493 178
487 192
480 243
484 345
400 467
429 444
485 192
497 202
453 78
489 250
480 369
474 101
400 465
495 212
384 477
444 417
489 350
460 395
490 355
475 100
402 477
419 40
404 473
491 352
386 479
464 97
427 48
424 451
465 96
493 198
448 77
483 136
488 343
485 246
450 77
380 509
495 200
489 154
384 499
383 500
426 47
445 400
463 98
394 479
467 94
382 503
484 245
445 78
456 393
467 140
479 142
485 364
390 489
464 391
450 401
455 396
506 301
418 39
486 363
404 471
457 394
390 493
503 298
438 433
453 388
393 480
480 373
464 101
480 141
478 245
476 367
387 4
418 41
493 188
477 104
458 393
492 179
403 468
444 77
479 368
438 431
488 125
441 420
456 395
488 193
391 482
439 428
381 508
487 248
403 474
391 490
445 412
423 44
469 100
490 195
492 197
503 264
459 90
403 476
436 403
421 454
440 403
484 137
491 196
405 472
442 405
446 401
468 143
489 126
492 177
507 300
388 481
455 390
496 331
439 432
413 456
499 206
488 349
490 121
490 351
452 387
488 249
470 383
476 141
459 394
428 445
386 3
491 122
489 358
466 93
412 29
478 367
444 415
498 325
486 149
445 408
460 87
490 155
478 377
506 299
463 97
498 326
490 124
497 325
380 508
486 248
469 143
498 206
459 89
441 61
393 479
477 103
456 394
427 445
427 443
386 480
420 454
488 126
485 113
399 467
445 399
445 413
385 497
490 158
491 197
454 396
478 374
469 101
476 142
449 77
400 478
444 78
459 85
443 417
483 345
482 136
495 323
483 137
496 330
508 290
389 493
460 86
415 37
412 454
494 200
490 352
488 342
413 453
488 192
458 392
444 414
452 386
386 4
468 100
503 265
426 48
487 149
475 101
454 80
441 419
475 141
454 392
504 298
436 404
440 420
480 244
488 250
482 346
403 475
485 193
490 196
444 416
462 392
402 476
455 393
489 191
443 407
437 403
479 367
490 122
453 387
441 407
477 377
403 473
464 390
383 499
485 133
487 193
428 444
461 393
391 491
486 348
404 472
402 468
392 480
485 363
494 322
413 455
487 349
390 490
508 268
489 355
492 332
483 245
491 189
487 249
424 450
480 372
466 100
489 351
403 469
489 155
388 6
493 199
423 45
465 101
400 466
438 432
479 369
505 309
496 202
387 5
415 457
486 190
487 357
390 492
505 311
418 40
502 264
444 408
456 390
487 343
493 187
489 153
495 331
492 250
411 29
479 245
481 345
488 358
475 367
448 400
485 247
476 378
506 300
404 40
389 481
465 95
387 479
492 188
381 503
474 102
484 114
484 364
486 192
439 427
488 356
497 329
479 141
447 399
440 404
460 394
491 159
442 62
380 500
495 211
453 79
379 507
470 382
484 344
464 96
391 481
455 395
478 376
449 401
474 366
442 418
412 30
446 400
384 498
434 434
442 406
383 477
489 353
438 402
417 41
489 125
416 38
466 94
443 415
492 178
486 356
480 370
467 139
446 399
390 481
509 288
476 103
470 143
507 268
448 399
508 289
491 188
491 320
494 331
400 477
380 503
449 400
494 323
402 475
510 287
504 299
495 210
483 364
454 81
378 499
439 404
435 434
453 392
452 385
490 159
465 94
467 100
485 362
454 393
474 365
475 366
453 80
390 491
493 200
391 480
488 353
438 427
444 413
437 404
474 381
416 457
399 478
384 497
491 198
505 310
454 395
403 472
453 384
413 454
381 502
469 102
459 86
380 505
487 150
410 29
426 445
497 326
482 137
463 96
489 354
475 380
381 500
489 196
424 449
504 311
493 332
486 193
383 478
484 363
473 382
415 38
495 324
479 366
382 499
487 358
459 88
442 407
432 61
455 394
378 509
487 194
425 48
422 45
492 251
415 456
497 328
444 79
441 62
385 4
471 382
479 140
464 95
388 7
485 194
417 40
467 138
427 444
474 141
466 101
486 349
496 329
405 40
491 178
484 343
386 5
488 155
389 490
440 419
380 501
414 37
468 139
388 493
489 122
489 318
402 469
411 30
478 375
485 250
476 379
449 78
399 466
379 506
494 203
485 114
505 300
487 356
441 418
476 377
474 103
503 266
488 191
479 372
457 390
388 479
385 480
486 249
376 511
482 245
461 392
489 152
478 373
424 47
490 197
458 391
489 158
498 205
385 496
443 408
485 248
383 498
481 244
475 142
443 416
475 140
380 499
484 133
496 203
486 189
427 442
487 250
502 265
442 417
489 124
379 508
482 345
480 245
389 480
487 126
489 352
492 187
419 454
459 392
475 102
453 386
479 370
392 479
414 453
489 156
498 327
404 39
479 246
412 37
438 403
492 331
460 393
490 319
487 342
443 414
494 321
387 6
486 357
437 432
464 389
496 325
410 30
487 251
452 392
488 156
402 470
453 395
487 151
407 39
426 444
496 328
485 115
424 48
461 391
398 478
424 448
466 388
439 61
442 408
510 286
376 510
413 37
417 455
380 504
466 102
503 311
487 355
419 453
504 304
503 267
401 475
385 5
443 413
460 392
494 202
501 265
434 60
488 190
477 375
453 385
432 60
483 343
489 197
388 492
475 377
450 398
398 466
490 178
495 329
497 205
449 399
448 398
420 452
440 418
508 288
412 38
474 380
467 137
384 496
459 391
446 398
423 47
401 469
489 123
380 502
473 381
381 499
489 159
415 39
415 455
475 139
489 321
377 509
479 139
482 246
479 371
453 393
475 143
481 245
490 320
440 62
453 81
467 101
383 497
504 310
388 490
402 472
439 405
484 362
485 249
387 493
433 61
483 363
486 194
389 491
479 365
387 7
437 427
488 152
480 366
416 40
486 250
472 382
379 505
490 198
378 498
474 142
487 157
468 138
509 287
437 59
480 132
471 143
509 285
385 481
435 59
458 86
429 433
458 390
487 189
488 352
475 379
391 479
507 269
462 96
494 324
492 330
502 266
492 322
390 480
437 405
496 326
493 331
485 349
422 46
475 365
504 300
436 432
421 45
399 477
486 358
465 389
438 404
454 394
494 210
492 200
492 320
426 442
475 103
441 63
493 201
482 344
444 80
401 471
480 246
442 416
409 29
435 433
416 456
428 432
455 387
378 508
487 195
503 305
493 203
488 318
389 479
375 511
492 252
383 479
486 126
491 321
449 79
382 8
454 384
490 318
458 88
432 62
425 445
379 499
487 341
405 39
496 204
464 94
474 364
379 501
493 321
478 372
489 319
488 120
414 454
488 354
481 137
484 132
382 498
497 327
491 187
469 103
443 409
488 158
475 144
480 131
429 432
495 204
487 196
384 495
382 479
437 60
419 452
489 178
503 308
379 504
487 158
485 116
485 350
442 409
444 81
407 40
425 442
485 126
472 143
472 381
502 267
417 454
433 60
443 410
486 195
508 271
388 491
486 125
458 389
450 397
485 252
437 406
384 7
483 342
480 137
486 151
386 493
487 354
507 288
438 405
474 379
481 364
493 320
491 322
474 143
468 135
412 39
430 433
467 136
415 40
477 372
508 285
486 251
452 81
494 259
490 321
502 305
401 470
484 249
487 318
503 310
386 7
493 202
423 48
490 317
390 479
463 94
459 390
407 38
482 343
495 328
421 46
478 365
416 455
482 363
415 454
473 142
488 189
489 160
487 152
398 477
468 137
439 62
438 61
503 268
487 352
474 363
489 320
397 466
423 448
493 324
439 418
487 124
475 376
503 304
487 122
385 6
502 311
411 38
488 121
501 266
461 96
437 428
432 63
504 303
400 469
504 301
440 63
449 398
475 364
480 365
405 38
409 30
496 327
445 80
420 451
457 88
479 138
503 306
468 103
383 8
382 497
457 86
487 120
453 82
382 9
484 349
379 502
452 393
465 388
485 360
481 132
486 359
486 117
489 198
486 157
428 431
425 444
482 247
492 323
446 397
491 318
450 79
476 363
489 322
434 59
475 104
458 87
486 341
418 453
377 508
434 57
443 412
440 417
379 498
387 492
414 39
433 62
488 319
481 246
476 147
434 61
496 205
401 472
469 138
478 371
488 123
455 386
483 132
487 188
456 387
461 390
476 369
509 286
508 287
466 387
374 511
435 60
381 498
460 391
451 80
454 385
433 56
490 187
406 39
413 38
453 394
506 269
467 102
492 319
492 253
483 362
494 209
474 139
376 509
476 375
384 481
441 416
502 269
436 59
487 156
401 474
383 496
492 201
435 432
464 93
492 203
493 330
488 320
409 31
390 478
444 82
400 474
381 497
483 249
487 197
488 178
457 87
502 308
422 48
493 319
455 385
475 363
501 267
384 8
474 144
379 497
397 477
431 433
488 160
487 159
486 152
435 61
458 388
484 252
440 416
465 387
467 103
490 186
438 62
420 450
501 305
482 362
450 80
475 369
487 123
507 287
436 60
484 350
397 467
434 58
486 196
385 7
492 254
442 412
480 364
472 380
474 376
429 431
502 268
401 473
433 57
469 137
485 253
439 63
425 443
434 62
449 397
497 265
486 354
478 364
382 496
508 286
469 135
493 259
495 327
476 148
378 504
398 476
432 64
504 302
451 81
489 179
383 9
473 377
485 341
482 132
496 266
508 272
421 47
491 201
490 322
486 156
493 325
413 39
481 343
494 328
475 147
484 360
414 40
438 418
437 61
481 363
505 269
430 432
503 309
438 406
447 397
418 452
382 480
468 136
491 323
492 324
415 41
442 410
502 310
506 270
473 143
427 59
485 359
452 82
399 475
423 49
384 482
408 40
486 252
479 137
463 93
422 448
507 271
437 429
420 46
502 306
406 38
376 508
441 409
387 491
400 470
474 138
489 187
433 59
461 95
439 417
488 198
486 352
494 258
486 118
486 340
483 341
412 40
384 494
460 390
476 374
451 393
488 188
493 329
418 46
435 431
483 361
432 56
484 126
481 131
386 492
492 202
503 303
503 269
452 394
495 205
487 161
486 120
473 379
476 370
453 83
472 376
456 86
375 509
487 153
487 199
456 386
475 105
494 208
400 472
485 117
487 319
474 378
489 181
446 80
484 116
416 454
378 502
408 30
411 39
477 363
491 317
487 119
374 510
477 371
486 124
481 247
487 121
500 267
482 249
472 379
461 94
460 95
439 64
493 326
478 137
385 8
487 200
491 254
479 136
451 82
485 352
408 31
487 160
473 378
473 144
486 253
446 81
474 105
435 62
486 197
475 374
373 510
481 248
508 273
400 473
410 39
447 80
450 393
493 256
386 491
486 153
445 82
507 286
432 65
482 361
486 121
375 508
431 56
408 41
413 40
497 266
484 125
501 310
464 387
505 270
474 361
431 432
384 493
472 377
486 119
474 369
436 61
488 181
377 506
424 443
382 481
488 187
478 363
474 137
381 496
484 359
475 146
406 37
482 131
486 339
493 318
432 57
420 449
407 30
399 470
472 375
451 394
433 58
421 48
475 362
383 494
493 208
489 186
456 87
418 47
427 58
496 265
483 252
501 268
494 205
398 475
440 409
436 429
492 255
433 64
418 451
470 135
447 396
486 123
471 104
495 266
450 81
485 196
489 200
377 504
428 57
433 66
483 116
449 396
438 407
467 104
490 323
500 305
494 327
439 416
484 351
390 477
475 114
419 46
490 185
485 118
503 302
423 50
483 250
379 496
501 308
474 115
486 353
442 411
506 271
504 269
421 448
476 107
488 179
476 371
485 340
473 376
455 86
438 417
434 431
502 307
484 341
462 93
397 476
383 482
438 63
489 324
396 467
440 415
502 309
493 258
411 40
493 328
372 511
485 320
492 317
426 59
491 202
494 207
487 178
456 385
488 199
487 154
469 136
492 325
415 42
441 410
452 83
414 41
485 120
491 324
416 453
480 343
420 47
430 431
498 265
486 155
458 387
494 257
384 9
487 320
460 389
483 340
378 503
437 62
486 161
399 474
489 182
476 149
481 130
488 253
480 363
372 510
421 49
385 9
449 393
483 125
385 491
436 62
473 375
502 302
489 201
505 271
494 206
473 115
501 307
477 137
474 370
482 350
377 505
497 267
398 472
439 409
481 115
460 388
409 41
438 408
432 432
455 87
371 511
500 306
482 352
384 492
485 161
487 253
501 309
433 431
451 83
473 105
384 484
496 304
499 305
449 395
486 338
482 250
474 374
470 106
474 114
489 255
485 121
476 114
425 51
426 58
496 264
435 429
382 482
484 352
466 104
431 57
488 200
474 358
486 178
475 349
450 394
483 351
475 149
389 477
437 417
449 81
457 385
487 179
485 153
474 146
427 57
489 325
428 56
439 65
485 119
485 321
491 325
492 256
423 443
486 320
493 327
383 493
482 130
488 186
486 254
433 65
506 286
483 359
495 267
498 304
485 177
483 251
475 107
398 474
473 145
480 248
434 66
398 470
465 385
475 361
488 324
494 318
472 378
483 117
482 116
439 415
416 452
484 196
417 451
460 94
500 268
484 340
485 353
493 207
419 47
396 468
484 118
458 386
420 48
406 36
488 182
490 184
377 503
474 360
472 104
452 84
475 137
470 136
490 324
464 386
375 507
507 273
498 266
420 448
461 93
478 136
486 154
410 40
407 31
399 473
397 469
493 257
504 270
413 41
485 197
500 310
471 105
438 416
431 431
475 371
484 358
414 42
488 180
485 123
479 347
477 349
484 120
380 496
479 363
376 506
493 317
452 86
437 63
441 411
470 104
479 135
488 254
490 202
480 362
476 108
432 58
397 475
486 160
383 483
483 357
482 124
482 360
491 255
480 344
422 50
474 106
487 321
446 82
448 396
459 387
447 81
436 63
500 307
490 203
489 256
398 471
491 256
393 16
479 362
484 119
478 133
484 197
380 495
474 113
485 198
406 35
507 274
376 505
486 337
448 81
481 350
489 184
476 349
376 503
472 105
487 336
485 154
483 358
452 85
475 108
447 82
487 186
440 411
471 106
484 355
459 386
501 296
482 125
397 472
498 313
501 302
477 350
498 305
474 149
464 383
465 104
490 255
473 146
500 309
438 409
386 9
478 347
499 268
477 136
484 155
460 387
459 92
413 42
454 87
492 207
483 124
478 135
487 180
475 372
398 473
506 285
425 52
384 491
474 359
486 321
418 51
480 249
483 352
488 185
437 416
427 54
419 448
473 106
455 88
485 122
438 65
488 201
406 31
405 36
483 118
473 114
430 57
470 105
499 306
499 312
448 395
481 116
484 123
480 197
488 323
420 447
374 507
484 353
459 94
484 339
497 304
419 48
505 286
397 474
473 370
482 351
396 469
488 183
384 485
424 51
486 181
485 338
482 129
382 493
480 115
482 251
496 303
385 10
383 12
372 509
479 346
470 107
453 86
439 414
416 451
449 394
476 109
482 359
483 356
486 179
382 483
494 317
496 263
474 357
407 32
479 344
destination
