map
random512-35-2.map
pivot
134 267
agent & start
461 26
499 400
503 396
470 453
504 395
497 414
493 64
501 398
492 417
446 7
431 500
438 495
471 34
456 471
444 477
504 403
505 70
477 438
481 48
446 479
501 394
503 402
445 12
500 399
431 504
490 69
439 486
469 28
460 27
504 405
473 34
478 47
432 501
468 457
451 474
447 8
507 72
481 434
494 65
472 33
470 455
465 462
509 74
447 10
464 27
433 506
498 415
492 65
439 492
435 498
482 49
440 491
500 393
432 505
462 465
453 18
459 468
482 431
501 414
439 494
467 456
502 401
483 50
466 27
511 80
469 456
491 66
479 44
454 17
437 496
455 472
478 45
479 46
501 400
471 454
502 413
434 497
463 26
491 70
502 395
482 53
445 478
499 394
498 65
490 67
492 66
468 28
482 432
494 66
462 464
491 417
452 16
431 505
431 501
470 454
464 462
455 471
508 74
452 18
503 403
479 47
503 395
463 27
502 412
511 77
442 476
499 397
480 48
505 71
504 404
444 476
478 436
435 497
446 10
459 467
511 79
430 504
467 27
477 437
437 495
439 491
469 455
481 49
495 65
438 492
498 400
511 81
481 53
446 478
447 9
443 477
445 13
498 66
451 473
446 8
432 506
501 401
506 72
502 402
481 431
451 15
499 399
453 17
500 398
445 477
438 494
491 69
438 486
478 44
454 472
497 65
468 456
445 11
491 67
499 393
493 65
492 70
499 401
502 394
482 50
472 34
477 47
510 80
480 428
507 73
501 413
429 505
461 27
480 434
498 414
481 433
500 392
458 468
479 48
467 28
437 486
477 436
508 75
510 81
498 393
451 18
499 402
481 432
469 454
459 466
497 400
438 491
472 35
481 50
442 475
468 455
503 404
503 394
455 470
430 505
450 15
480 53
501 412
479 434
435 496
477 48
431 506
491 68
464 461
429 502
436 495
478 435
462 27
493 66
445 14
500 391
476 437
499 398
510 77
493 392
498 67
469 42
456 469
501 410
497 66
446 477
456 467
502 405
498 413
457 468
463 462
496 65
461 464
480 427
491 416
443 476
451 16
506 73
502 403
501 402
445 10
499 392
509 80
451 472
492 67
502 407
505 72
478 43
437 494
439 488
480 429
460 465
511 78
446 9
480 431
453 472
467 30
452 17
438 487
429 504
480 49
492 69
500 413
498 397
461 28
428 503
458 467
431 508
430 501
501 407
479 53
430 506
443 475
436 492
455 467
500 390
509 81
445 9
502 406
477 49
476 436
428 504
477 435
508 76
493 391
509 395
436 494
511 389
506 82
439 489
479 49
507 75
462 28
505 73
481 51
502 404
459 465
497 67
438 488
468 42
455 469
450 18
467 29
493 67
500 402
499 391
496 66
497 393
494 392
468 30
509 79
504 72
492 68
503 393
453 471
497 399
469 41
430 508
460 464
450 16
449 15
437 491
480 430
435 495
429 501
498 398
498 392
461 29
456 468
438 490
451 17
477 43
479 433
452 472
500 410
491 415
431 507
472 36
479 431
445 15
501 411
496 400
463 461
446 14
437 493
447 477
428 502
479 427
437 487
506 74
480 432
462 462
468 454
499 413
510 78
432 494
457 467
507 76
507 82
500 403
504 393
480 51
509 394
457 466
497 398
479 52
427 502
445 16
471 36
504 75
478 49
497 394
438 489
428 501
462 461
493 68
495 400
434 495
468 453
427 504
506 81
510 393
449 16
500 411
433 494
511 392
479 432
511 390
506 75
498 391
429 508
466 29
437 488
496 399
447 476
453 470
455 468
479 50
508 395
477 434
444 9
496 67
468 31
495 392
499 412
469 40
458 465
508 77
508 81
494 391
505 74
467 454
450 17
446 15
494 393
460 463
468 33
432 493
504 73
501 404
501 406
491 414
462 29
436 493
430 507
454 469
436 491
476 435
510 389
499 390
452 471
476 43
500 389
478 427
443 474
479 430
492 415
468 41
459 464
509 78
434 494
428 508
459 463
462 460
476 434
498 390
425 501
449 17
495 393
476 44
447 475
503 73
427 501
430 498
477 427
433 493
500 406
469 39
475 43
466 452
499 411
504 392
443 9
496 398
496 394
426 504
506 76
478 430
509 393
510 390
437 489
427 505
493 415
495 399
478 50
454 468
495 391
468 40
479 51
460 462
424 502
505 75
463 29
511 391
492 414
467 33
477 433
446 16
444 474
500 404
470 36
442 8
508 394
457 463
478 432
435 493
508 78
436 490
507 393
494 390
457 465
461 461
452 470
504 74
468 452
destination
