map
random512-40-9.map
pivot
491 34
agent & start
392 331
391 330
391 331
392 332
390 330
391 332
390 331
389 331
383 333
390 332
391 333
388 328
387 329
388 331
390 333
387 328
383 332
387 330
381 320
386 329
382 333
388 327
386 330
382 320
388 332
386 326
389 333
386 320
382 332
383 331
360 358
387 327
387 331
388 326
384 330
381 321
386 328
385 329
385 320
360 361
361 358
382 321
381 322
385 328
384 331
360 359
386 321
361 360
386 327
381 332
388 325
386 331
385 330
387 326
388 333
387 333
361 359
386 322
384 320
385 331
381 331
382 322
385 321
361 361
385 327
383 321
387 325
360 362
362 360
388 324
381 330
383 322
364 361
361 364
387 334
384 321
385 322
385 332
384 327
386 333
361 362
387 324
387 336
386 323
362 359
364 360
383 327
386 334
386 324
365 377
361 365
362 362
387 335
361 363
381 329
363 359
385 333
365 361
387 337
384 322
385 323
381 328
385 324
384 323
383 326
364 377
365 376
385 334
362 363
362 365
386 337
363 362
386 335
382 327
364 359
366 361
366 360
383 325
380 328
386 338
365 359
363 365
365 375
382 326
363 377
364 358
363 363
384 324
379 327
385 335
379 326
386 339
381 326
363 364
383 324
385 336
367 360
362 377
364 363
365 358
380 327
365 374
366 359
365 357
386 340
382 324
362 378
364 374
384 336
367 359
364 364
380 326
367 358
361 378
366 365
387 340
380 325
365 364
384 337
366 357
363 374
367 366
381 324
360 378
383 337
365 365
367 367
387 341
384 338
373 319
362 374
384 358
366 366
380 324
367 357
361 374
365 366
366 367
386 343
360 377
383 358
373 318
384 345
384 357
374 317
387 342
368 357
361 376
374 319
383 338
367 368
380 323
379 324
381 338
382 337
375 317
382 358
366 368
380 358
360 374
365 367
385 345
361 375
386 342
369 359
375 319
360 376
369 357
384 356
375 321
381 339
386 344
384 344
379 323
374 318
383 357
383 339
382 338
384 343
381 358
384 341
365 368
375 318
385 342
376 317
382 357
378 359
386 345
370 359
360 375
360 373
383 344
375 320
379 322
369 358
376 321
359 374
383 356
359 376
379 358
382 339
359 375
382 340
365 369
377 321
356 378
381 357
383 343
370 358
380 356
378 358
377 359
354 378
358 374
364 368
382 356
376 320
373 359
376 318
383 341
386 346
378 322
384 342
364 370
359 373
378 321
355 378
363 370
368 355
382 355
374 359
386 347
356 377
354 377
364 369
377 320
380 355
382 341
382 343
363 368
358 375
383 342
359 372
371 358
381 356
377 358
372 359
377 318
368 354
378 320
358 372
355 377
363 369
377 319
369 355
381 355
357 371
368 352
363 367
359 371
357 375
362 370
382 342
372 358
385 347
374 358
376 358
356 376
362 367
378 319
369 352
381 342
356 375
360 371
356 371
375 358
379 320
372 357
380 353
370 355
374 357
351 374
362 369
368 353
361 368
357 372
381 354
384 347
355 376
379 319
361 367
380 352
361 369
351 373
350 374
360 370
375 357
370 354
373 357
385 349
356 372
384 348
383 347
369 353
356 374
350 372
381 353
350 368
380 318
357 373
371 355
380 342
355 375
379 342
371 354
380 317
382 353
379 318
356 373
384 349
351 368
370 353
360 367
360 369
350 369
351 372
381 352
380 341
372 355
355 374
350 373
354 375
375 356
383 348
385 350
373 356
359 369
352 372
359 367
373 355
349 373
379 341
384 350
371 353
351 369
382 352
350 370
379 317
348 374
351 371
354 374
382 348
355 373
375 355
359 368
380 311
375 354
382 349
358 367
374 355
354 373
372 353
381 312
382 351
379 316
358 369
383 350
352 371
351 370
348 373
378 341
353 372
347 374
358 368
357 369
373 353
379 311
381 349
377 341
381 311
380 312
375 353
379 315
352 370
346 374
348 372
354 372
374 354
347 373
382 350
380 310
379 314
341 366
381 310
344 373
346 373
347 372
353 370
354 371
380 349
381 350
374 353
377 342
357 368
356 369
380 313
379 312
382 309
380 345
340 366
378 344
339 367
380 350
354 370
346 372
379 351
380 346
379 345
379 349
381 309
380 348
382 308
344 372
345 373
341 365
379 313
353 369
377 343
374 352
356 368
378 351
381 308
346 371
382 307
379 350
340 367
356 367
378 345
379 346
345 372
374 351
380 347
354 369
339 368
378 313
377 344
342 365
377 345
375 351
354 368
377 313
345 371
342 364
340 368
378 350
381 307
355 367
379 347
380 308
343 364
341 368
378 347
377 346
345 370
380 307
378 299
354 367
377 350
381 306
353 364
342 363
375 350
376 351
377 312
380 300
343 369
353 365
353 367
376 350
342 368
379 307
354 366
345 369
380 306
378 300
377 311
377 347
378 308
344 370
378 348
379 299
352 364
343 363
343 362
380 301
378 307
378 309
352 365
343 368
379 300
377 308
344 369
353 366
379 306
377 310
376 347
376 349
377 348
376 348
379 301
377 309
376 310
343 361
352 366
375 347
344 368
380 302
379 305
378 306
376 308
375 310
351 366
375 348
379 304
342 361
344 367
379 302
376 309
378 305
377 306
341 358
341 361
378 302
340 358
375 309
378 304
316 318
376 306
344 366
377 305
341 359
374 348
346 366
350 366
345 367
379 303
374 309
377 304
376 305
341 360
378 303
340 359
339 362
317 318
340 361
345 366
316 319
347 366
350 365
348 365
374 349
347 365
373 349
340 360
314 320
350 364
338 362
374 308
339 359
345 365
349 365
317 319
316 320
315 319
377 303
339 361
376 304
312 323
339 360
313 320
317 320
345 364
338 361
372 349
347 364
376 303
315 320
349 364
374 307
375 304
373 308
314 321
311 323
315 321
331 359
349 363
313 323
374 346
372 308
346 364
310 324
313 321
337 361
317 321
372 348
338 360
375 303
312 320
376 302
374 306
331 358
373 346
332 359
317 322
374 345
348 363
312 321
315 322
336 361
314 323
346 363
372 307
375 302
372 347
337 360
311 320
313 324
347 362
309 324
330 357
371 308
373 306
310 323
374 303
311 321
372 306
371 347
349 361
314 324
336 360
332 358
348 362
371 307
337 359
315 323
346 362
303 315
309 323
335 361
313 325
372 346
373 305
331 357
374 302
330 356
374 344
317 323
308 324
310 322
373 344
318 323
333 358
310 321
374 301
331 356
346 361
303 314
319 324
349 360
371 306
366 303
309 314
315 324
348 361
308 323
335 360
330 355
373 304
371 346
314 325
313 326
303 316
336 359
304 315
309 321
304 316
366 302
373 343
309 313
371 345
367 303
348 360
372 304
304 314
319 325
334 358
318 324
349 359
306 314
305 315
314 326
308 322
346 360
371 305
331 355
335 359
315 325
373 301
319 299
308 314
318 299
372 343
308 315
308 321
318 325
348 359
368 303
372 301
307 314
306 315
334 357
308 313
335 358
367 302
309 320
305 314
371 344
332 355
347 360
307 320
319 300
305 316
304 313
315 326
371 304
303 312
304 312
347 359
335 357
303 311
372 342
308 312
315 327
372 302
369 303
317 325
348 358
306 316
371 343
303 309
307 319
308 320
307 313
367 301
305 313
307 315
370 304
333 355
324 302
318 300
317 299
324 303
368 301
333 354
370 303
307 312
317 326
307 316
316 299
371 342
369 302
303 310
304 311
371 302
336 357
317 300
316 327
304 309
345 358
334 355
305 308
323 302
308 319
306 317
347 358
305 312
322 302
306 308
334 354
371 341
369 301
346 358
337 357
306 312
349 355
316 300
370 302
304 310
345 357
305 311
324 304
318 302
305 309
321 301
336 356
317 327
347 357
317 301
307 317
308 318
306 311
349 354
315 300
348 355
371 340
322 303
346 357
336 355
320 301
323 304
319 302
370 341
337 356
321 302
305 310
335 354
345 356
307 308
314 301
316 301
317 302
308 317
370 301
317 328
370 338
307 309
317 329
311 303
316 302
370 340
320 302
321 303
322 304
337 355
370 300
346 356
349 353
347 355
336 354
306 310
371 339
310 304
315 301
313 301
309 317
321 326
348 353
315 302
347 354
317 330
321 304
370 299
320 303
307 310
349 352
337 354
374 295
310 305
369 338
312 303
365 298
346 355
313 302
322 305
338 355
310 317
318 329
311 304
370 339
374 296
311 305
370 298
346 354
369 339
373 295
366 298
373 297
310 306
312 304
310 318
322 326
321 327
365 297
315 303
309 307
343 355
308 310
372 298
320 304
338 354
313 303
321 305
348 352
318 330
368 339
310 307
346 353
367 340
347 352
318 331
311 318
370 297
319 332
322 327
366 297
320 305
312 305
323 326
319 330
339 354
309 310
371 298
373 296
348 351
372 297
342 355
309 308
323 328
311 306
314 303
343 354
367 298
313 305
312 318
371 297
367 297
323 327
312 306
340 354
342 354
309 309
368 298
319 305
343 353
320 332
341 355
346 352
310 308
319 333
366 340
339 353
347 351
319 331
322 328
321 329
314 304
372 296
367 339
324 327
321 330
destination
