map
random512-25-8.map
pivot
147 374
agent & start
251 0
303 38
510 255
300 33
414 143
502 237
269 10
313 44
455 184
271 12
483 214
291 28
380 109
255 2
474 205
481 210
298 31
390 119
18 15
406 135
407 136
326 57
446 175
507 246
367 96
331 62
400 129
367 98
5 26
392 121
2 29
405 134
7 24
384 113
422 151
500 235
19 14
379 108
297 32
427 156
15 18
438 167
309 42
440 169
388 117
14 19
252 1
452 181
448 177
490 221
366 95
510 253
429 158
23 10
436 165
365 94
287 24
499 230
322 53
507 502
444 173
505 504
394 123
280 19
480 213
338 69
350 79
253 2
316 47
423 152
474 203
425 154
28 9
261 6
388 119
290 27
382 111
439 168
489 220
339 70
325 56
272 13
340 71
499 234
385 114
507 500
502 241
437 166
348 77
412 143
312 43
301 34
435 164
302 35
498 229
411 144
415 144
266 7
460 189
492 223
destination
