map
random512-40-5.map
pivot
81 265
agent & start
235 36
235 37
234 36
235 35
197 0
234 35
234 37
233 37
196 0
232 36
233 35
234 34
198 0
200 1
231 36
198 1
232 37
233 34
195 0
231 37
200 2
199 1
195 1
230 36
232 34
231 38
230 43
229 36
201 6
231 34
199 2
200 7
230 37
231 42
194 1
228 36
230 34
201 5
200 6
194 2
199 3
230 42
193 1
229 43
231 39
199 7
230 38
200 4
231 41
227 36
207 58
228 43
199 4
199 6
194 3
229 38
193 2
230 33
229 42
230 41
200 5
230 39
207 59
230 40
193 5
194 4
209 57
199 5
228 42
230 32
228 38
192 2
208 58
226 36
194 5
225 36
226 35
192 5
209 56
195 4
209 58
191 2
198 5
208 59
192 3
228 41
229 40
193 4
229 32
228 39
210 57
197 4
227 33
228 32
196 4
228 40
210 58
225 35
208 56
208 60
destination
