map
random512-40-5.map
pivot
81 265
agent & start
235 36
235 37
235 35
234 36
234 37
197 0
234 35
233 35
196 0
233 37
198 0
232 36
234 34
231 36
232 37
198 1
195 0
233 34
200 1
195 1
231 37
199 1
200 2
230 36
232 34
231 42
201 6
200 7
230 43
231 34
194 1
230 37
199 2
229 36
231 38
230 42
230 38
194 2
200 4
231 39
228 36
229 43
201 5
200 6
231 41
199 3
193 1
230 34
199 7
199 6
228 43
207 58
193 2
229 42
194 3
230 39
230 33
227 36
230 41
200 5
199 4
229 38
194 4
228 42
228 38
209 57
192 2
230 40
208 58
230 32
193 5
207 59
199 5
226 36
192 5
198 5
210 57
193 4
209 56
228 41
194 5
195 4
225 36
226 35
209 58
229 40
192 3
229 32
191 2
197 4
208 59
228 39
208 56
195 5
191 3
197 5
208 60
196 4
226 34
228 40
192 4
225 35
227 33
209 59
210 58
228 32
197 6
226 33
184 33
191 4
195 6
210 59
227 32
227 40
209 62
209 60
196 5
208 55
225 34
209 61
226 40
224 34
211 59
200 12
185 33
208 54
184 32
210 60
210 62
190 4
226 32
199 13
196 6
196 7
190 21
208 81
214 81
224 33
210 61
186 33
212 59
191 20
199 12
209 54
226 41
185 32
184 31
208 53
211 62
211 60
225 40
199 14
190 5
225 32
200 13
202 14
225 31
209 81
212 60
195 9
209 53
224 40
185 31
196 8
223 33
191 19
211 61
213 81
225 41
190 22
225 43
189 5
189 23
208 78
200 14
214 80
216 60
215 79
191 21
208 80
187 33
213 59
198 12
210 52
197 11
210 81
212 61
210 53
188 31
200 15
216 61
225 42
213 60
224 43
217 74
211 52
195 8
195 10
215 60
188 7
209 80
224 31
202 15
191 18
186 31
224 41
187 32
189 24
197 12
196 11
208 79
223 32
215 78
217 76
189 6
192 21
209 78
190 23
214 79
213 80
190 29
201 14
189 30
194 7
216 73
189 7
217 73
223 43
192 18
191 29
216 74
211 53
214 78
211 81
187 31
213 79
216 76
190 28
224 42
189 27
196 12
215 77
216 62
192 22
193 7
213 61
223 31
209 79
223 41
213 55
212 80
195 11
212 54
202 16
218 74
217 75
188 8
194 8
191 23
190 24
210 80
189 29
188 30
197 13
201 15
214 60
187 30
213 78
222 31
204 17
218 73
188 29
210 79
193 18
190 27
223 42
201 16
214 55
189 28
215 74
213 54
195 12
183 2
196 13
188 27
212 53
213 62
191 24
215 62
217 72
193 8
214 61
216 75
215 76
211 80
190 25
203 18
189 8
192 23
191 28
205 17
222 42
201 17
212 78
192 24
218 72
211 79
220 68
213 53
215 63
187 29
190 8
195 13
182 2
213 77
184 2
193 17
193 9
215 75
188 28
202 18
221 31
191 25
191 27
204 18
214 62
214 54
218 71
220 69
211 78
206 17
214 75
221 42
194 15
187 28
202 19
213 64
215 52
221 32
205 18
193 24
191 8
195 14
219 68
180 3
184 3
191 26
200 17
219 32
193 16
213 76
194 13
214 53
192 9
220 31
219 70
181 2
218 33
192 25
214 63
186 29
193 10
210 77
213 65
201 19
191 9
194 24
218 70
196 24
218 48
219 67
181 3
217 33
200 18
217 49
193 25
211 77
218 68
210 76
193 15
220 42
213 75
219 31
214 52
199 19
218 32
192 26
195 23
192 10
206 18
193 13
192 16
220 32
219 69
194 14
177 11
185 3
214 64
180 4
212 76
186 28
215 51
193 14
185 4
214 51
184 5
214 65
181 4
199 20
212 75
191 16
185 28
192 15
218 69
196 23
217 32
195 24
216 49
178 11
218 31
218 47
194 25
183 4
192 13
211 76
220 33
207 18
219 30
200 19
193 26
218 67
176 11
219 42
213 74
191 10
217 48
213 51
181 5
214 50
194 26
183 5
208 18
215 65
218 30
217 69
182 4
190 12
219 37
217 31
217 67
197 23
178 10
191 15
193 27
176 10
200 20
184 28
214 66
190 10
217 47
219 41
189 11
185 5
192 14
212 74
180 6
218 42
191 13
220 34
216 48
195 25
194 28
211 75
216 69
216 31
211 74
216 67
219 40
215 66
218 41
183 6
219 34
217 30
220 35
215 48
200 21
194 27
189 12
219 36
198 23
218 43
213 50
188 19
195 28
190 13
181 6
219 38
216 29
191 14
182 5
188 11
185 6
186 7
183 28
179 8
209 20
190 15
211 24
208 19
189 10
179 10
176 9
217 46
180 7
195 26
185 7
187 19
177 9
189 13
218 44
216 46
218 36
215 29
195 27
209 21
216 68
179 7
216 30
219 35
198 24
181 7
212 24
178 8
201 21
215 67
213 49
176 8
215 69
196 26
186 8
218 40
214 48
188 18
215 47
180 8
208 20
183 7
182 6
210 74
210 24
218 38
188 12
188 10
190 14
197 25
187 9
189 15
196 28
179 9
183 27
183 8
196 27
218 35
182 27
198 25
187 10
217 44
217 36
201 22
188 17
215 30
184 7
208 21
188 13
213 48
178 7
185 8
202 21
209 74
186 9
177 8
189 14
215 46
212 25
214 47
214 69
188 15
180 9
210 23
181 8
215 68
182 7
186 11
217 38
218 39
197 26
187 18
182 26
178 6
186 10
207 21
217 39
184 8
209 73
217 35
197 31
212 48
209 23
214 68
199 25
182 8
201 23
200 24
185 11
216 44
188 16
214 30
187 17
188 14
202 22
177 7
212 26
181 9
197 27
214 46
207 73
208 22
216 38
201 24
212 47
198 27
184 9
207 22
208 23
214 31
213 68
177 6
207 72
185 10
181 26
198 31
215 32
177 4
213 46
182 9
206 21
209 72
187 14
182 21
211 26
216 39
203 22
202 23
187 16
216 35
199 26
208 73
215 36
182 25
198 29
197 30
200 25
216 43
211 46
182 24
216 42
214 32
207 23
182 10
177 5
184 10
176 4
182 22
198 28
204 22
180 26
182 20
200 26
214 36
198 30
212 68
207 71
201 25
210 70
215 33
186 16
216 34
215 35
216 40
186 14
176 6
211 47
203 23
206 22
210 26
208 72
212 46
215 34
211 68
204 23
202 27
212 45
214 33
209 70
199 30
210 69
199 28
200 27
210 27
214 35
182 23
215 42
210 47
205 22
181 20
206 23
176 5
201 26
208 71
180 25
186 15
216 41
183 10
205 23
175 5
200 28
206 24
209 69
185 15
209 47
200 30
211 29
181 23
214 34
180 20
210 28
212 44
203 27
203 25
183 11
180 24
208 70
215 41
202 26
211 67
183 14
201 28
183 12
205 24
214 41
208 69
210 67
213 34
200 29
204 25
201 30
211 30
209 46
208 47
211 44
203 26
184 15
174 5
212 43
209 68
211 66
210 29
208 27
180 23
210 45
180 21
211 36
207 27
205 25
210 66
214 40
210 44
212 42
209 45
212 34
179 21
208 68
209 29
211 37
206 26
210 30
183 15
204 26
180 22
213 39
207 47
201 29
211 35
183 13
208 28
211 31
173 5
209 67
212 41
211 34
205 26
212 39
207 46
179 22
202 29
206 27
210 31
207 68
211 32
208 29
209 66
211 38
172 5
183 16
213 40
209 44
182 13
208 67
178 22
212 40
210 38
172 4
203 29
206 46
181 13
209 35
208 30
207 67
208 44
180 12
207 45
204 28
183 17
157 1
208 66
210 34
205 27
209 31
210 32
210 39
148 21
210 41
209 34
157 2
208 35
206 45
205 68
207 30
208 31
207 44
182 17
171 4
205 66
180 13
205 28
177 22
179 12
209 32
156 1
208 65
211 40
206 67
204 29
207 66
170 4
206 30
206 44
210 40
207 43
153 1
208 32
208 34
156 2
206 66
207 31
181 17
205 67
209 41
180 14
177 21
179 13
204 68
205 29
147 21
148 22
209 39
207 65
180 17
147 22
206 65
153 2
207 32
176 21
156 3
204 67
181 16
152 1
207 42
205 30
208 33
207 64
209 40
177 20
148 23
179 14
206 43
155 2
153 0
170 5
154 1
155 3
207 33
208 40
205 31
148 24
147 23
180 16
152 0
206 42
153 9
176 20
178 18
206 36
179 15
204 64
154 2
207 41
170 6
206 64
207 63
205 43
206 32
203 67
171 6
148 25
204 63
206 35
146 23
203 66
178 17
153 10
206 33
154 9
205 36
147 24
202 67
205 42
205 32
154 3
177 18
151 0
204 65
179 16
207 40
176 19
206 63
146 24
148 26
206 40
171 7
201 67
150 0
207 39
172 8
199 65
176 18
155 5
177 15
177 17
205 33
205 63
205 35
144 24
202 66
178 16
203 65
206 34
205 41
154 8
154 10
154 4
147 25
200 65
189 32
205 40
145 24
205 34
201 66
206 61
146 25
176 17
177 16
154 11
155 10
204 33
154 7
154 5
205 62
146 1
171 8
157 10
144 25
150 1
206 39
155 6
202 65
203 32
148 27
199 64
176 15
176 13
172 9
153 4
203 33
202 32
205 39
153 5
175 13
190 32
204 40
158 10
201 65
150 2
199 63
176 14
200 64
204 34
146 2
189 33
171 9
154 6
145 25
168 10
206 60
175 15
156 10
172 10
147 1
205 61
176 16
155 11
202 64
148 28
149 2
153 6
202 33
202 63
156 11
170 9
148 29
204 39
168 11
200 63
174 15
148 1
150 3
145 26
147 2
189 34
204 61
169 10
203 34
191 38
205 60
158 11
190 33
191 32
201 64
175 16
171 10
199 62
144 31
201 32
175 14
191 39
148 2
201 33
203 35
152 6
204 60
189 35
145 31
173 15
169 11
200 62
170 10
150 10
148 30
190 38
205 59
145 27
174 14
174 16
147 29
203 61
191 33
204 38
143 31
149 3
158 12
202 62
201 63
156 12
171 11
190 34
145 29
146 33
190 35
145 28
201 34
146 31
201 62
189 36
147 30
144 29
200 61
150 9
151 6
148 3
173 14
149 4
143 30
157 12
172 15
190 39
154 19
142 31
173 16
204 37
144 27
191 34
170 11
190 37
191 40
203 36
149 10
203 60
155 14
205 58
202 61
201 61
191 35
147 33
172 14
188 36
149 9
148 4
171 13
156 14
157 13
143 29
143 27
155 19
155 15
203 59
144 28
203 37
201 35
189 37
151 7
147 31
170 12
156 20
154 16
202 60
154 18
200 34
202 36
173 17
142 30
146 32
150 6
205 57
190 36
204 58
150 8
190 40
150 7
148 5
202 37
190 41
191 36
171 14
172 17
147 32
149 6
157 20
189 42
170 13
201 60
149 8
203 58
204 57
141 30
200 35
156 19
155 16
154 17
157 14
140 31
143 28
148 33
188 37
192 35
202 57
187 37
140 26
172 18
158 14
202 58
157 19
149 33
199 35
171 17
141 29
156 16
148 8
147 5
149 7
201 37
200 36
140 30
148 32
155 17
188 42
192 36
201 59
169 13
170 14
148 6
142 26
203 57
139 25
189 41
142 28
139 31
141 26
146 5
171 18
187 38
159 14
156 17
188 41
139 30
199 36
141 28
200 37
188 39
187 42
157 18
198 35
169 14
149 32
139 26
203 56
201 58
140 27
192 37
142 25
147 6
148 7
140 25
146 6
159 15
138 30
147 7
141 25
169 15
198 36
200 38
160 14
139 27
186 42
150 32
200 58
171 19
142 24
187 39
157 17
140 28
138 26
188 40
203 55
193 37
197 36
151 32
146 7
200 57
132 33
168 15
171 20
186 41
195 36
144 5
194 37
160 15
201 56
200 39
158 17
199 38
137 26
139 28
138 29
202 55
159 16
145 6
137 30
187 40
198 37
141 24
152 32
165 15
141 23
144 6
163 15
200 56
199 39
159 17
196 36
201 55
145 7
160 16
89 7
133 33
194 38
87 1
197 37
132 32
137 29
137 27
167 15
198 38
131 33
170 20
144 8
195 37
138 28
134 32
186 40
168 16
151 31
143 5
143 6
195 38
168 17
134 31
133 32
164 15
200 55
163 16
167 16
89 4
89 6
200 53
141 22
196 37
136 29
143 8
130 33
159 18
197 38
199 56
198 39
144 7
166 15
152 31
200 41
169 20
140 23
185 40
86 1
87 2
161 16
137 28
199 40
129 32
88 7
164 16
196 38
200 42
88 6
168 18
198 40
167 17
88 4
134 30
86 2
136 28
184 40
87 7
160 18
130 32
166 16
200 54
139 21
199 53
133 31
90 4
197 39
161 17
199 41
143 7
129 31
141 21
199 55
169 19
152 30
142 8
87 3
140 22
135 28
199 54
183 40
91 4
140 21
198 41
166 17
161 18
164 17
196 39
141 6
92 3
88 5
87 4
197 58
197 40
139 6
138 21
200 43
168 19
86 7
134 29
198 55
86 3
184 39
153 30
87 6
152 29
130 31
133 30
142 7
153 29
92 4
135 27
197 55
140 20
130 30
192 58
167 19
141 7
198 54
197 57
142 14
133 29
137 21
86 6
195 59
196 58
199 43
196 40
152 28
164 18
93 3
86 4
161 19
166 18
87 5
140 6
91 5
197 41
139 7
183 39
182 40
91 6
136 21
140 19
194 59
195 58
153 28
86 5
182 39
164 19
198 47
142 13
134 27
140 7
197 54
199 48
166 19
94 5
142 15
199 44
195 40
131 30
163 18
132 29
196 41
85 6
196 55
196 57
198 43
94 3
161 20
162 19
197 56
192 57
193 58
93 4
140 8
197 43
196 56
184 68
182 68
166 20
139 19
193 57
198 44
131 29
181 39
155 29
136 20
199 49
194 58
197 53
140 18
141 13
154 28
156 30
194 40
85 5
141 15
163 19
197 47
180 64
161 21
134 26
198 48
196 54
91 9
91 7
94 4
133 27
195 41
162 20
93 5
132 28
92 6
155 28
162 21
93 6
180 65
93 12
198 49
163 20
197 44
181 78
140 15
70 3
140 13
95 4
179 64
136 19
184 69
92 7
131 28
196 47
194 41
195 56
133 26
181 64
140 9
84 5
139 18
197 46
92 9
141 16
196 53
91 8
157 30
183 68
194 57
180 39
166 21
196 43
195 42
182 67
70 5
132 27
156 29
166 22
181 63
94 12
157 27
181 67
132 26
70 6
136 18
131 27
93 7
197 49
92 8
163 21
194 42
138 18
71 3
140 10
194 56
181 77
179 65
183 69
196 44
195 53
180 78
179 39
198 50
70 4
196 48
92 10
197 45
140 14
194 54
156 28
96 4
195 43
93 11
83 5
139 9
140 16
158 30
179 78
194 53
139 14
139 10
137 18
84 7
180 67
95 12
194 43
196 49
72 3
179 38
78 7
69 6
93 8
157 28
181 76
131 26
79 6
197 50
94 11
183 70
158 27
93 10
196 45
194 55
139 16
178 39
195 52
165 22
71 4
96 5
175 76
98 5
83 6
164 21
182 63
193 54
158 29
136 17
94 7
179 66
193 55
130 26
177 77
139 11
78 8
182 70
95 11
158 28
196 50
177 39
97 5
183 63
192 54
195 49
68 6
94 8
80 6
195 51
164 22
180 76
83 7
95 7
179 77
163 23
138 14
182 74
138 16
84 8
131 25
179 67
73 3
98 6
193 53
178 38
175 75
160 26
137 17
181 75
159 27
176 76
194 44
195 45
94 10
72 4
79 7
82 6
165 23
138 15
177 38
195 50
160 27
95 10
95 8
137 14
181 74
73 4
178 77
192 55
139 12
81 6
177 76
164 23
193 44
184 63
195 46
84 9
193 52
180 75
82 7
96 7
130 25
182 71
163 24
79 8
194 51
178 67
159 28
137 16
176 75
181 70
182 73
97 6
68 7
161 26
83 9
191 55
73 5
80 8
134 16
97 7
179 69
193 45
177 37
194 50
160 28
194 46
161 27
184 62
164 24
179 75
177 75
182 72
96 8
162 26
189 53
68 8
181 73
95 9
181 71
190 58
138 12
193 51
137 15
178 68
74 4
192 44
137 13
176 38
130 24
178 76
81 7
81 8
160 29
175 38
164 25
96 9
134 15
178 75
177 68
74 5
189 54
190 53
97 8
184 61
136 15
192 45
83 10
130 23
191 56
134 17
190 55
67 10
163 26
190 57
193 50
179 70
69 8
178 69
176 37
180 71
161 28
180 73
189 58
194 47
137 12
181 72
193 47
190 52
180 72
194 48
161 29
165 25
162 28
134 18
189 57
136 12
191 51
135 15
178 70
178 74
68 10
97 9
69 9
175 39
168 76
189 55
192 50
160 30
190 56
81 9
179 71
175 37
188 58
164 26
185 61
177 69
67 11
131 23
133 19
82 10
179 73
75 5
192 46
66 13
97 10
68 13
192 47
132 19
185 60
75 6
188 55
174 37
178 73
191 46
177 70
163 28
135 14
98 9
189 56
133 18
168 75
188 57
81 10
162 29
175 40
178 71
161 30
190 51
193 48
191 50
135 12
164 27
67 12
179 72
165 26
192 49
131 22
69 10
169 76
75 7
174 36
177 71
131 19
68 12
67 13
191 49
80 10
173 37
165 27
186 58
175 41
102 0
161 31
190 50
187 57
176 70
69 11
187 55
98 10
169 73
188 56
168 74
169 75
131 21
132 20
190 46
178 72
73 7
185 59
135 13
132 18
163 29
66 14
176 40
192 48
177 73
67 14
185 58
74 7
176 71
168 27
174 35
169 72
187 56
131 18
189 46
162 31
177 72
176 41
172 37
134 13
164 29
131 20
191 48
166 27
80 11
170 73
170 75
130 19
99 10
165 28
73 8
103 0
186 55
168 73
66 15
130 21
190 49
161 32
69 12
102 1
186 57
166 28
131 17
165 29
168 28
130 20
162 32
189 47
103 1
102 2
65 17
106 12
190 48
171 75
184 58
100 10
128 22
100 8
176 42
67 15
133 13
129 19
186 56
170 74
129 21
71 11
70 12
168 72
188 46
179 41
176 72
169 71
73 9
175 73
132 16
173 35
185 57
80 12
74 8
189 49
167 27
161 33
66 16
171 37
172 35
189 48
132 13
175 72
127 22
105 12
174 73
66 17
68 15
132 15
102 3
166 29
168 71
184 57
162 33
71 12
177 42
100 9
165 30
179 42
188 47
70 13
185 56
101 8
129 20
188 49
171 74
106 11
178 41
101 10
171 36
72 11
65 18
73 10
172 75
167 28
80 13
128 21
103 2
74 9
100 7
131 16
187 47
174 72
104 12
79 13
187 49
71 13
78 12
165 31
168 70
130 16
171 35
172 34
103 11
102 10
129 11
114 0
105 11
188 48
131 15
74 10
184 56
103 3
67 17
70 14
69 15
132 14
66 18
130 12
164 34
131 13
127 21
101 7
100 6
101 9
172 74
128 20
72 12
178 42
162 34
167 29
177 43
184 55
178 43
168 69
69 16
101 6
187 48
73 12
186 47
103 10
68 17
77 12
70 15
173 72
67 18
162 35
103 4
128 11
127 20
78 13
129 12
164 35
102 7
114 1
129 16
104 3
74 11
131 14
123 22
102 9
163 34
167 30
72 13
171 34
113 0
130 13
172 73
104 11
166 31
186 48
166 32
185 47
170 34
104 4
106 2
172 72
69 17
70 16
105 3
78 14
130 14
129 15
129 13
169 69
123 21
102 6
72 14
114 2
164 36
68 18
103 9
126 20
161 41
113 1
163 35
169 33
127 11
178 44
128 12
74 12
77 13
76 12
184 54
104 10
124 22
103 5
167 31
126 19
164 37
75 12
166 33
128 15
69 18
103 6
123 20
127 12
74 13
161 40
169 34
162 41
167 32
112 1
104 5
125 20
70 17
184 53
172 71
168 33
106 3
107 2
113 2
162 37
170 69
72 15
163 36
105 4
185 48
179 44
124 21
126 11
129 14
128 13
104 9
77 14
160 41
106 4
166 34
153 41
77 15
184 52
70 18
71 17
183 47
76 14
126 18
104 8
105 9
75 13
112 2
181 45
124 20
126 12
72 16
160 40
105 5
167 33
180 44
163 37
128 14
111 1
185 49
182 46
171 69
187 87
74 14
162 38
104 6
172 70
168 34
162 40
107 3
158 39
126 15
184 51
127 14
181 46
184 49
163 40
124 19
126 13
105 6
111 2
77 16
188 87
125 12
105 8
104 7
76 15
125 18
156 39
180 45
106 9
172 69
182 47
153 42
162 39
185 50
163 38
171 58
154 41
187 86
159 40
155 40
75 14
167 34
107 4
110 1
71 18
183 48
126 17
72 17
113 5
157 39
158 40
164 40
163 39
167 35
155 41
125 13
180 46
174 58
183 51
124 18
126 14
154 42
114 4
187 85
181 47
171 59
172 58
71 19
111 3
172 68
186 86
110 2
106 6
76 16
126 16
108 4
184 50
72 18
188 88
156 40
112 4
106 8
75 15
173 43
105 7
183 49
172 59
165 40
118 11
114 5
164 39
112 5
157 40
174 59
182 51
186 85
75 16
119 10
155 42
173 44
108 5
181 48
180 47
74 17
125 14
110 3
124 13
188 89
76 17
174 57
125 16
106 7
107 6
172 67
124 17
72 19
115 4
179 46
107 8
173 58
111 4
73 18
183 50
109 4
167 36
174 43
118 10
124 16
156 42
187 89
182 50
108 6
165 39
173 45
115 5
157 41
174 44
75 17
168 36
174 56
172 66
73 19
181 49
74 18
110 4
111 5
174 60
179 47
124 14
123 17
173 59
185 85
119 11
107 7
167 37
173 60
174 61
73 20
74 19
187 92
118 9
110 5
178 47
75 18
167 38
122 13
184 85
174 45
117 10
168 37
124 15
119 12
123 16
166 39
157 42
171 66
187 90
181 50
108 7
115 6
175 56
168 38
178 48
122 14
185 87
173 61
74 20
176 56
186 92
180 50
117 9
109 7
119 13
158 42
112 8
121 13
174 46
122 16
110 6
184 86
115 7
170 66
175 45
167 39
116 8
187 91
75 19
123 15
186 91
186 93
178 49
179 50
112 9
174 47
177 48
159 42
111 8
120 13
185 92
195 124
188 95
116 9
167 40
185 88
175 46
183 92
176 55
75 20
169 38
109 8
173 62
184 87
121 14
169 66
115 8
110 7
170 65
122 15
114 7
195 125
178 50
184 92
110 8
183 93
176 54
121 15
185 91
187 95
173 63
188 96
120 14
114 8
185 93
169 39
113 9
177 49
174 54
174 48
175 47
168 40
159 43
169 65
167 41
194 124
76 20
185 89
186 94
183 87
115 9
169 64
195 126
77 20
185 94
183 88
186 95
175 54
176 49
185 90
184 89
182 93
184 93
175 48
193 124
194 127
178 51
114 9
169 40
174 49
174 53
187 96
168 41
110 9
194 125
177 50
172 63
160 43
109 10
120 15
183 89
187 97
120 16
176 52
175 49
194 126
109 11
175 53
184 94
114 10
169 41
160 44
184 90
182 94
193 125
169 63
182 88
110 10
181 87
177 51
192 124
119 15
193 127
77 21
185 95
171 63
175 50
183 90
110 11
181 88
111 10
114 11
192 127
77 22
170 63
178 85
180 87
109 12
176 51
182 89
193 126
175 52
78 21
191 124
119 16
119 18
167 44
186 97
182 95
184 95
169 42
160 45
175 51
169 43
167 43
113 11
177 85
183 101
182 90
186 98
161 45
183 95
109 13
181 89
119 17
185 97
118 18
110 12
168 44
111 11
192 126
77 23
191 125
178 86
79 21
179 87
170 62
80 21
169 44
190 127
85 20
191 126
183 100
79 22
112 11
191 130
189 124
190 125
185 98
78 23
118 17
113 12
162 45
181 90
110 13
183 96
182 101
111 12
174 51
177 86
170 61
178 87
166 43
179 88
173 51
169 45
112 12
87 21
183 97
111 13
190 130
177 87
189 127
169 61
179 89
190 126
85 21
188 124
80 22
117 17
180 90
189 125
190 128
184 98
183 99
182 100
178 88
165 43
163 45
191 131
79 23
86 20
189 128
190 131
164 45
165 44
79 24
173 50
189 130
188 125
182 97
85 22
87 22
178 89
188 127
189 126
187 124
115 16
169 46
169 60
116 17
182 99
86 21
183 98
172 49
168 61
80 23
112 13
78 27
179 90
84 21
177 88
80 24
84 22
182 98
112 14
187 125
118 88
171 49
79 25
83 21
189 129
189 131
178 90
188 128
78 26
188 130
168 60
114 16
181 99
115 17
179 91
79 27
188 126
168 46
86 22
165 45
187 127
87 23
172 50
169 47
177 89
188 132
167 60
168 47
79 26
186 127
81 24
119 88
188 131
120 85
118 89
171 50
167 46
86 23
187 132
187 126
188 129
178 91
80 25
181 98
165 46
114 17
177 90
82 23
169 48
112 15
83 22
166 45
178 97
118 87
165 47
186 128
112 16
170 50
171 51
120 88
113 17
120 84
119 87
121 85
119 89
187 129
187 131
120 86
176 90
167 59
167 47
82 24
178 98
83 23
185 127
179 97
177 91
86 24
168 48
80 26
166 46
180 98
114 18
186 126
119 91
120 87
179 98
186 129
81 26
166 47
120 91
167 48
113 18
170 51
167 58
177 92
82 25
83 24
184 127
186 131
176 91
119 90
112 17
121 84
185 126
123 84
85 24
184 126
113 19
84 24
121 83
122 86
183 127
168 58
169 51
124 84
120 90
177 93
122 84
112 18
186 130
184 128
168 50
179 99
187 115
121 87
82 26
176 92
166 48
98 43
184 125
123 86
121 90
183 128
168 51
187 116
176 93
84 25
184 129
112 19
122 87
121 82
179 100
83 26
166 49
113 20
125 84
167 50
124 83
185 130
122 83
95 48
98 45
82 31
169 58
122 91
186 115
186 116
125 83
169 57
94 48
183 129
122 82
83 31
184 124
166 50
95 47
122 90
98 42
126 84
184 130
83 27
84 26
187 117
123 91
123 87
176 94
112 20
168 52
167 51
82 30
98 44
176 118
179 101
97 45
176 117
187 118
168 53
95 46
175 94
84 27
179 102
176 95
94 47
92 49
96 45
180 131
123 88
185 124
93 48
169 56
97 44
97 42
127 84
186 117
183 130
84 31
123 90
185 116
166 51
83 30
123 82
177 114
112 21
175 118
126 83
174 118
168 56
174 94
176 116
96 42
178 114
179 103
85 27
92 48
185 117
176 114
95 45
186 118
127 81
185 123
123 89
175 117
85 31
182 130
176 96
84 30
91 49
93 47
96 44
84 28
166 52
127 83
167 53
181 131
124 88
111 21
180 130
123 81
168 54
94 45
180 129
126 81
167 54
127 82
124 81
92 47
179 104
168 55
173 118
176 115
185 118
174 95
178 115
177 104
95 44
110 21
124 89
85 30
181 114
177 116
90 49
85 28
96 43
166 53
181 130
95 42
185 122
175 96
127 80
167 56
175 116
86 27
94 44
126 80
124 80
181 115
178 116
175 115
125 89
128 82
179 115
184 122
173 117
181 129
179 105
86 30
95 43
185 119
109 21
85 29
110 22
174 96
90 48
180 114
184 118
178 104
175 97
92 46
167 55
89 49
89 47
165 53
86 28
177 105
184 119
93 40
184 121
185 120
183 118
90 47
93 44
121 78
126 89
174 115
86 29
179 106
91 46
108 21
173 96
181 128
178 105
128 93
179 116
89 50
174 97
94 43
166 55
125 80
165 54
109 22
178 117
173 116
89 46
121 76
180 115
182 117
129 82
121 75
179 117
92 44
93 41
128 92
178 106
180 116
122 78
181 127
172 96
184 120
125 79
165 55
90 46
129 93
182 118
181 117
127 89
164 54
129 83
88 28
173 97
92 40
122 72
178 118
87 29
173 115
121 77
108 22
91 45
93 43
88 50
172 97
88 29
180 127
181 118
93 42
179 118
164 55
92 43
172 115
91 44
101 22
128 91
89 28
125 78
122 75
92 41
90 45
123 78
103 24
108 23
173 98
173 114
178 119
177 108
130 83
122 73
128 89
129 92
87 50
180 117
123 72
178 107
122 77
183 120
88 31
90 28
181 119
164 56
90 44
122 74
145 85
91 43
87 31
108 24
180 126
129 89
103 27
89 29
87 47
180 118
123 77
128 90
182 120
179 119
177 107
172 114
131 85
129 91
172 98
88 30
126 78
101 23
92 42
176 108
130 84
123 73
163 55
125 77
100 22
86 50
124 78
103 25
104 24
85 50
102 25
132 85
102 27
87 32
171 98
123 76
181 120
131 84
89 30
145 84
180 125
90 31
98 23
172 113
176 109
90 29
123 74
129 90
86 49
146 85
133 86
86 41
87 48
167 114
127 78
104 25
107 24
100 23
103 26
124 77
108 25
91 42
163 56
99 22
86 47
180 119
175 110
90 43
124 73
176 107
174 110
85 49
106 24
133 85
180 120
175 107
86 48
172 112
146 84
90 30
124 74
101 25
175 109
91 31
145 83
181 125
133 87
102 26
128 78
167 115
98 24
148 84
87 33
170 112
162 56
171 113
90 42
149 79
124 76
108 26
132 84
88 42
105 25
125 73
168 114
130 90
85 41
99 23
170 98
134 86
86 42
93 32
100 25
171 112
99 24
101 26
88 41
160 61
181 124
134 85
149 84
149 80
89 42
92 29
174 107
134 87
86 43
148 83
88 33
148 79
135 86
106 25
170 113
132 89
180 121
85 48
174 109
173 110
131 90
146 83
144 83
84 49
85 42
161 56
167 116
128 79
170 99
107 26
124 75
126 73
98 25
91 30
168 115
90 41
149 82
133 84
149 81
143 85
126 74
160 60
174 108
99 25
89 41
148 80
133 89
161 59
149 85
147 83
93 31
129 79
135 87
181 123
92 30
84 48
88 34
132 90
159 61
143 83
125 75
134 84
170 114
147 79
148 82
172 110
85 43
127 73
170 100
106 26
100 26
136 84
93 29
179 121
135 85
107 27
142 82
94 32
169 115
161 57
88 40
126 76
171 111
86 44
168 116
93 30
170 115
148 81
160 57
124 33
127 74
135 88
160 59
136 87
129 80
126 75
179 122
161 58
141 82
99 26
169 116
84 43
172 109
173 108
132 91
147 82
143 84
100 27
128 73
142 85
123 32
169 100
159 60
180 123
142 83
85 44
147 80
136 85
127 76
149 86
94 31
106 27
170 101
135 84
79 40
167 100
89 40
133 90
84 47
88 39
88 35
172 107
171 110
160 58
140 82
133 91
135 83
154 60
169 117
171 107
131 81
127 75
99 27
147 81
89 35
88 38
130 80
179 123
94 30
78 40
137 85
168 100
167 99
123 33
100 28
84 46
170 116
95 31
84 44
128 74
106 28
141 83
166 100
136 88
169 101
178 122
124 34
80 40
129 73
172 106
149 87
171 109
89 39
122 32
158 60
172 108
85 45
142 84
98 27
169 102
78 41
134 91
138 85
141 84
89 36
123 34
179 124
167 98
84 45
99 28
90 39
128 75
170 107
124 35
136 89
170 109
129 74
137 86
150 87
158 59
131 80
159 58
146 81
170 117
88 37
80 41
178 123
154 59
168 101
106 29
171 106
83 44
178 127
165 100
95 30
157 60
155 60
82 43
122 33
140 83
97 28
96 31
132 81
135 82
104 29
171 108
97 29
104 30
168 102
121 33
105 29
145 81
83 45
131 79
81 43
169 107
151 87
123 35
134 92
89 37
170 106
170 108
98 28
136 90
134 82
132 80
125 35
122 34
177 127
165 99
152 86
129 75
90 38
156 60
80 42
130 74
135 91
178 126
122 36
178 124
78 42
158 58
139 85
124 36
140 84
157 59
150 88
82 44
138 86
96 30
170 118
166 98
155 59
98 29
169 108
166 103
80 43
139 86
133 80
82 45
136 91
134 81
152 87
167 102
90 37
91 36
134 93
170 105
121 36
135 94
165 98
122 35
126 35
125 36
105 30
135 92
171 118
153 86
106 31
177 126
144 81
140 85
158 57
156 59
130 75
79 42
91 38
151 88
97 30
132 79
177 124
166 97
121 34
156 58
165 97
177 125
81 45
139 87
171 119
92 36
123 39
158 56
94 34
120 34
143 81
121 35
142 80
167 103
168 104
80 44
169 105
168 108
136 94
98 30
79 43
152 88
105 31
166 104
136 92
134 80
135 93
131 75
126 36
157 57
140 86
153 87
176 126
127 35
106 32
91 37
132 78
140 87
95 34
105 32
167 108
123 40
99 30
176 125
136 93
172 119
158 55
168 105
144 79
102 31
157 56
143 80
164 97
135 80
142 87
119 34
106 33
124 39
153 88
118 39
92 37
170 121
119 36
137 94
138 95
132 75
127 36
94 35
80 45
79 44
156 57
141 80
133 78
120 35
168 109
167 104
94 36
157 55
79 45
144 78
137 95
141 79
104 32
138 94
168 106
123 41
136 80
135 79
103 31
118 40
133 77
170 120
118 38
105 33
141 87
96 34
127 39
119 35
102 32
133 75
169 121
142 88
167 109
106 34
156 56
134 78
95 35
174 120
163 97
122 40
172 120
175 125
119 37
167 105
154 88
124 40
127 37
175 121
137 93
93 37
171 121
100 30
143 79
128 39
138 79
155 56
175 122
172 121
135 78
123 42
138 93
125 40
122 41
128 37
125 44
172 129
136 79
167 106
155 54
105 34
103 32
97 34
118 41
137 96
162 97
144 77
121 40
155 88
100 31
166 107
169 120
127 38
156 55
173 120
133 76
174 121
174 125
166 109
141 88
117 38
94 37
118 35
143 78
78 45
118 37
96 35
134 77
140 79
141 77
137 97
174 122
120 40
155 55
142 78
125 43
125 41
124 44
103 33
95 37
154 54
129 37
171 129
144 76
161 97
141 89
95 39
134 76
173 121
117 37
174 124
136 78
117 35
100 32
139 79
139 93
165 107
140 78
119 41
97 35
123 45
156 88
138 78
166 110
96 36
172 128
121 41
128 38
77 45
124 42
166 106
135 77
168 120
104 34
136 77
166 111
142 77
140 77
76 45
173 124
141 76
95 38
143 76
141 90
117 36
173 122
129 38
103 34
140 93
122 45
153 54
125 42
156 89
137 98
130 37
167 120
139 78
171 128
172 127
123 44
165 106
161 96
126 41
100 33
135 76
96 39
154 55
138 97
120 41
97 36
139 77
120 42
76 46
160 106
156 90
165 111
173 123
102 34
171 127
142 90
98 36
122 44
167 119
142 76
100 34
153 55
135 75
137 77
160 96
108 40
159 95
166 112
134 74
164 106
138 98
126 42
101 33
75 45
140 76
116 36
130 38
96 38
172 126
107 39
71 45
140 92
121 45
78 50
159 94
139 98
142 91
160 107
166 119
163 106
75 46
172 123
120 43
78 49
171 126
115 36
69 46
97 38
71 46
102 35
127 42
128 41
137 76
138 101
135 74
142 75
136 75
165 112
109 40
161 106
98 37
78 51
156 91
101 34
68 47
70 45
134 73
159 96
121 44
130 39
141 92
139 76
158 93
140 75
138 75
107 38
172 125
120 45
108 39
153 56
77 51
138 100
158 96
128 42
75 47
165 119
158 94
102 36
139 99
101 35
162 106
139 75
165 113
68 48
128 44
157 93
161 107
69 47
137 75
77 49
106 38
70 46
135 73
155 91
142 74
139 101
109 39
129 41
134 72
98 38
171 123
153 57
130 40
100 36
171 125
119 43
115 37
74 46
120 44
99 37
98 40
142 92
142 93
170 125
76 51
162 107
139 74
99 40
115 38
137 74
73 46
69 48
129 42
155 92
76 49
99 38
135 72
128 43
171 124
101 36
70 47
119 44
157 96
165 118
139 100
74 47
141 74
110 39
105 38
129 44
152 57
118 45
157 94
130 41
161 108
164 113
75 48
109 38
98 39
100 37
129 43
141 101
73 47
139 73
45 53
141 73
164 118
117 45
99 39
100 38
110 38
140 40
105 39
130 42
140 100
154 92
151 57
136 72
70 48
161 109
76 50
75 49
152 94
162 108
156 96
157 95
118 44
101 37
114 38
163 113
143 93
137 73
170 124
115 39
74 48
117 44
163 118
111 38
154 93
47 56
45 54
140 41
78 55
153 94
72 47
101 38
100 39
161 114
75 50
46 53
151 56
46 55
160 113
73 48
70 49
113 38
169 124
71 48
114 39
136 71
138 73
141 42
104 39
156 95
143 94
141 72
162 109
162 113
130 43
142 101
152 95
141 100
139 40
140 73
138 72
76 56
77 55
141 71
142 100
140 42
131 43
154 94
114 40
101 39
78 54
47 55
46 56
136 70
163 117
144 94
162 110
71 49
115 41
151 95
74 50
141 43
141 97
72 48
104 40
112 38
162 116
141 99
140 72
150 94
155 95
161 113
139 41
151 55
117 43
146 94
73 49
169 123
160 114
47 53
45 55
101 40
141 98
160 115
149 94
137 70
140 71
132 43
142 99
138 71
112 39
146 95
72 49
139 42
75 56
103 40
47 54
161 116
74 51
161 112
150 55
115 42
116 43
145 94
141 44
162 117
150 95
76 55
77 54
114 41
162 111
142 97
168 123
154 95
45 56
114 42
145 95
73 51
143 99
74 52
48 54
76 54
150 54
75 55
149 95
154 96
112 40
115 43
138 70
140 70
113 41
146 96
43 57
72 50
75 53
132 44
141 45
44 56
138 42
142 98
160 116
161 111
143 97
147 95
102 40
161 117
159 115
167 123
71 51
163 122
139 70
159 116
135 42
71 52
160 111
145 96
138 43
114 43
44 57
141 46
148 95
112 41
161 118
74 55
138 69
144 97
72 51
149 54
150 97
74 53
101 42
153 96
167 124
143 98
137 42
113 42
49 54
43 58
134 67
166 123
102 41
75 54
132 45
165 123
45 59
136 68
102 42
135 67
149 97
44 58
49 55
112 42
43 59
159 111
73 53
166 124
147 53
147 55
132 46
148 54
136 42
131 47
72 52
163 123
101 43
160 118
139 51
164 122
135 43
74 54
148 96
158 116
145 97
70 52
113 43
134 66
153 97
71 53
139 69
151 97
138 68
140 46
144 98
144 50
137 43
139 68
140 51
158 111
132 47
49 56
144 51
131 48
46 59
147 54
136 67
70 53
73 54
50 55
159 118
148 97
51 56
136 43
139 46
151 98
103 42
146 55
146 53
164 123
145 52
71 54
102 43
158 117
137 68
72 53
135 66
166 125
112 43
152 97
68 53
42 59
145 98
44 59
139 52
139 50
153 98
143 50
136 44
152 98
103 43
140 52
165 125
139 53
72 54
132 48
158 112
142 50
68 54
139 49
71 55
159 119
112 44
137 67
135 45
138 46
146 56
146 54
157 117
111 43
70 54
139 67
153 99
136 66
147 97
42 60
146 98
69 53
47 59
50 56
144 52
164 124
145 53
44 60
51 57
146 57
43 62
42 61
53 50
71 56
145 54
44 61
47 60
136 45
157 112
142 51
162 131
48 59
164 125
158 119
143 52
137 66
156 117
162 133
133 48
111 44
158 113
70 55
116 51
147 98
145 56
68 55
69 54
139 48
41 62
50 57
157 118
139 66
137 46
104 43
163 132
152 99
164 131
103 44
153 100
138 49
135 46
112 45
140 53
141 52
72 55
144 53
163 125
66 60
45 61
141 53
41 63
49 59
145 57
157 115
47 61
115 51
156 118
43 63
142 52
44 62
113 45
164 130
147 99
157 119
144 58
152 100
138 48
111 45
153 101
61 49
104 44
156 122
144 54
50 58
139 65
162 132
157 113
133 49
69 55
158 114
54 50
156 134
137 47
70 56
137 65
48 60
141 59
136 46
140 64
72 56
42 62
143 53
161 133
116 50
105 43
53 51
163 131
135 47
163 130
152 101
157 114
143 54
143 58
136 47
134 49
155 122
109 44
138 65
140 59
54 51
60 49
144 101
161 132
137 48
113 46
144 57
156 133
72 57
115 46
147 100
68 59
67 60
157 134
66 59
156 121
53 52
140 63
45 62
156 119
141 58
139 64
148 99
142 53
46 61
49 60
55 50
41 64
77 62
69 58
156 115
115 50
116 47
52 59
163 126
105 44
135 48
155 132
76 59
110 45
160 133
61 50
42 63
69 56
50 59
51 59
42 64
144 102
140 62
160 132
54 60
156 132
157 133
145 101
46 64
114 50
136 48
154 108
138 64
115 47
73 59
154 116
151 101
46 62
108 44
163 129
59 49
77 61
76 62
52 60
135 49
45 63
142 58
116 48
55 51
140 60
109 45
156 120
139 63
155 119
53 53
50 60
115 49
156 114
155 115
53 59
155 121
142 54
67 59
61 51
143 55
68 58
162 126
155 131
148 100
114 46
72 58
143 57
76 60
60 50
75 59
106 44
69 57
139 62
60 51
54 59
107 44
55 60
114 47
162 127
153 108
46 63
155 120
59 50
140 61
148 101
114 49
150 101
56 51
142 57
138 63
156 131
70 59
108 45
61 54
136 49
157 132
163 128
42 65
155 114
160 131
71 58
115 48
154 109
55 52
149 100
162 129
158 133
46 65
154 119
153 116
53 54
45 64
155 130
51 60
145 102
142 55
152 103
54 53
72 59
74 59
68 57
67 58
154 115
76 61
51 61
152 108
146 102
106 48
56 52
59 51
151 103
70 60
160 130
47 63
45 65
142 56
156 130
71 59
139 61
56 60
53 55
52 62
141 55
149 101
61 55
58 50
152 116
153 115
55 59
162 128
107 45
60 52
46 66
145 103
154 114
136 50
67 57
54 54
152 104
114 48
158 132
42 66
138 62
154 120
113 49
75 61
153 109
61 53
153 121
74 60
147 102
66 57
160 129
55 54
113 48
51 62
152 109
55 58
146 103
60 53
157 130
56 59
152 107
107 48
138 61
159 130
158 131
153 120
137 62
64 55
149 102
137 52
52 63
71 60
161 128
107 46
65 56
44 65
48 63
151 116
141 56
61 56
74 61
150 103
152 121
43 66
56 53
153 114
59 52
151 108
151 104
145 104
54 55
58 51
46 67
136 51
106 47
151 121
73 61
48 64
61 57
137 61
65 57
151 107
152 106
152 120
49 63
140 56
63 55
153 111
45 67
138 60
55 55
152 110
146 104
51 63
147 103
160 128
152 114
153 113
112 48
64 56
58 52
71 61
62 56
46 68
159 127
136 52
57 53
158 130
44 66
107 47
54 56
56 58
149 103
151 117
137 53
150 104
59 53
146 105
151 106
56 55
72 61
108 47
151 118
152 113
65 58
64 57
159 128
44 67
49 64
51 64
151 120
136 53
139 58
111 48
45 68
152 111
153 112
150 105
138 59
139 56
158 127
158 129
149 104
137 60
55 56
73 62
136 61
50 63
56 57
62 57
63 56
150 121
58 53
148 103
110 48
137 59
64 58
134 60
56 56
106 52
147 105
135 53
151 119
158 128
157 127
150 120
152 112
135 61
134 52
148 104
104 52
72 62
58 54
63 57
138 58
150 118
106 50
137 55
44 68
50 64
136 54
139 57
150 106
109 47
58 55
72 63
136 55
148 105
64 59
109 48
157 128
43 68
106 51
134 53
156 125
50 65
135 54
104 53
105 52
107 50
44 69
42 69
151 112
150 119
107 52
149 106
149 120
133 52
57 56
138 57
135 60
72 65
137 56
63 58
110 49
134 59
137 58
135 59
109 49
43 69
63 61
155 125
132 52
42 70
136 56
149 107
134 54
107 51
50 66
156 126
58 56
156 128
149 119
63 59
105 53
154 124
136 58
72 64
137 57
148 106
150 112
71 65
133 54
135 58
106 55
154 125
62 61
150 111
148 107
105 54
43 70
58 57
148 119
62 59
149 112
108 51
132 53
109 50
49 66
63 60
136 57
71 64
155 126
42 71
155 128
153 124
70 64
105 55
135 57
131 53
58 58
62 60
43 71
148 108
153 125
106 56
154 126
149 111
109 51
155 127
49 67
133 55
132 54
148 118
110 51
154 127
44 71
148 109
148 111
60 59
58 59
69 64
134 57
44 73
147 108
54 63
106 57
105 56
148 117
61 60
131 54
55 62
133 56
132 55
153 126
49 68
104 55
49 69
45 73
56 62
44 72
68 64
106 58
48 68
58 60
153 127
114 52
147 109
110 52
149 117
105 57
106 60
60 60
104 56
133 57
55 67
152 126
131 55
59 59
111 51
56 68
55 63
54 64
148 110
55 66
103 56
57 62
56 67
67 64
47 70
132 57
56 69
152 127
113 52
46 71
131 56
106 59
110 53
48 69
55 68
151 128
66 63
111 52
151 126
55 64
149 116
45 72
49 70
105 60
46 73
147 110
59 60
114 53
104 57
54 65
60 61
109 53
47 71
57 63
56 66
151 127
150 128
56 64
112 52
131 57
130 56
55 69
59 61
46 72
65 63
67 65
149 115
58 62
111 53
60 62
103 57
48 70
55 65
105 59
146 110
150 126
102 56
66 64
113 53
113 54
59 62
47 72
150 127
132 61
103 58
112 53
146 111
114 55
102 55
56 65
147 112
64 63
111 54
55 70
148 115
104 59
66 65
58 63
148 113
130 57
109 54
110 55
48 71
59 63
102 62
101 55
131 61
113 55
108 56
103 59
102 54
147 115
148 114
147 113
112 54
92 54
65 67
66 66
132 60
54 70
111 55
148 128
48 72
55 71
109 55
146 112
64 64
57 65
129 57
149 127
114 56
130 58
65 65
101 54
93 54
65 66
53 70
102 59
92 55
59 64
111 56
64 65
101 62
129 58
54 73
147 128
60 65
113 56
130 61
48 73
54 71
146 113
55 72
148 127
102 53
109 56
102 61
131 60
92 53
112 55
147 114
66 67
108 57
58 65
101 61
55 73
147 127
108 58
94 58
129 61
66 68
101 53
100 54
64 66
130 60
112 56
146 128
58 76
59 65
54 72
109 57
49 73
93 57
146 114
93 53
113 57
129 59
60 66
66 72
92 56
102 60
53 71
108 72
48 74
91 56
61 66
92 57
57 76
63 66
145 128
65 72
109 58
97 52
56 75
100 53
107 72
93 56
129 60
116 133
66 71
108 71
94 53
59 66
100 61
93 58
66 69
53 72
112 57
58 75
49 74
145 114
101 60
117 132
94 59
55 74
60 67
146 127
63 67
109 59
109 71
62 66
106 72
112 58
145 115
110 58
96 52
94 56
127 65
117 133
90 56
93 59
143 113
108 70
146 116
107 71
145 127
116 132
57 75
56 74
92 58
128 60
118 134
97 53
95 53
65 71
99 53
65 69
52 72
59 67
144 128
100 60
49 75
118 132
96 53
107 70
106 71
145 116
91 58
59 68
98 53
144 127
62 67
92 59
118 133
50 75
111 70
53 74
126 65
109 60
90 57
143 114
99 60
112 59
146 117
110 71
116 131
65 70
144 115
93 60
95 56
108 69
142 113
57 74
110 59
64 71
95 54
111 58
145 126
119 134
127 60
94 55
127 64
52 73
100 59
57 73
51 75
91 59
119 133
90 58
144 116
143 127
62 68
106 70
109 69
99 59
89 59
145 125
143 115
115 131
98 54
53 75
122 134
111 69
92 60
95 55
111 59
127 61
100 58
52 74
144 126
125 65
127 63
59 69
110 70
64 70
96 54
145 117
120 134
110 60
142 114
63 70
111 60
90 59
57 72
143 116
110 69
105 70
127 62
53 76
96 55
89 60
58 73
145 124
126 63
141 114
91 60
60 69
121 134
135 118
61 68
52 75
135 116
142 115
111 68
144 117
114 131
143 126
99 58
120 133
122 133
125 64
98 55
97 55
142 116
99 57
58 72
135 117
105 69
143 125
141 115
140 114
143 117
90 60
122 132
144 124
111 61
126 62
52 76
53 77
98 56
125 63
136 118
114 130
136 116
121 133
110 68
61 69
62 70
52 77
61 70
142 125
125 62
110 67
60 71
137 116
112 61
97 56
104 69
62 71
59 72
140 115
136 117
142 117
51 78
98 57
90 61
143 124
121 132
124 63
119 128
114 129
114 61
120 131
60 72
51 79
97 57
114 128
115 61
90 62
61 71
139 115
114 62
118 128
138 116
123 63
121 131
140 116
141 117
142 124
119 129
120 130
124 62
52 78
137 117
103 69
110 66
113 61
120 129
141 124
140 117
61 72
67 76
90 63
138 117
118 127
139 116
111 64
115 128
114 63
123 62
116 61
97 58
51 80
101 70
112 63
111 66
117 128
142 123
103 68
102 67
52 79
121 130
113 62
66 76
54 78
112 64
52 80
122 130
117 127
115 63
100 70
53 79
112 66
142 122
111 65
101 69
122 62
141 123
115 127
67 77
61 73
116 128
96 58
121 129
116 62
101 67
139 117
102 68
90 64
113 63
113 64
66 77
116 127
112 65
121 62
113 124
116 63
53 80
54 79
96 59
91 64
122 129
141 122
65 76
55 78
61 74
117 62
139 118
101 68
123 130
99 70
140 122
61 75
66 78
113 123
117 63
99 69
139 119
113 65
63 77
114 124
65 77
120 62
123 129
117 125
121 63
56 78
62 76
96 60
100 68
116 126
55 79
92 64
54 80
55 80
62 77
118 63
116 125
117 124
64 77
57 78
93 64
114 65
139 122
114 123
123 128
61 76
96 61
119 62
139 120
65 78
115 124
120 63
99 68
93 63
61 77
62 78
56 80
123 127
115 65
63 79
120 64
55 81
66 80
119 63
116 124
115 123
138 122
98 68
64 78
58 78
114 122
138 120
96 62
137 122
63 80
56 81
65 80
124 127
116 123
115 122
94 63
98 67
137 120
64 79
59 78
62 79
96 63
116 65
61 78
120 111
119 64
66 81
64 80
136 120
61 79
96 64
66 82
98 66
125 127
62 80
120 110
57 81
59 79
137 121
95 63
116 122
117 65
119 111
119 65
60 78
60 79
119 112
59 80
61 80
119 110
65 82
95 64
136 121
58 81
126 127
119 66
125 126
117 66
97 66
135 120
64 81
116 121
118 66
125 125
56 96
135 121
95 65
118 112
118 110
96 66
116 120
134 120
57 93
60 80
58 82
64 82
126 124
117 111
119 113
118 114
126 126
117 119
117 67
127 124
60 81
57 94
58 83
126 125
116 111
117 110
56 95
95 66
117 112
57 96
116 119
118 113
117 68
135 122
63 82
117 118
133 120
57 92
117 114
118 67
58 93
59 83
73 81
62 92
127 125
94 66
116 110
117 113
57 97
116 112
133 121
58 98
57 95
116 118
134 122
60 82
63 83
118 68
57 87
58 92
94 67
57 90
62 91
116 113
58 91
58 97
115 112
118 69
59 98
58 95
73 82
59 92
128 125
133 122
61 92
116 109
72 81
60 83
57 88
134 123
61 82
58 87
132 123
116 117
62 83
59 95
130 124
73 83
57 89
129 125
60 92
113 107
58 90
115 113
59 85
59 91
94 68
58 88
61 91
71 81
59 97
133 123
62 84
116 116
60 84
72 82
131 123
118 70
116 108
61 83
61 84
72 83
117 70
115 114
131 124
59 96
114 107
73 84
133 124
115 116
130 125
93 68
71 82
60 85
58 89
59 86
60 91
113 108
115 108
117 72
59 89
132 126
70 82
115 115
116 72
145 133
114 114
93 69
60 86
116 70
60 90
117 71
60 96
72 86
114 108
72 84
131 125
61 85
71 83
133 125
71 86
133 126
68 83
61 86
145 132
60 87
132 127
60 89
137 124
70 83
134 125
93 70
145 134
72 85
114 109
94 71
116 71
114 115
131 126
61 96
136 125
113 116
131 127
132 128
137 125
68 84
69 83
93 73
139 125
71 85
111 115
60 88
135 125
114 110
115 71
133 127
61 87
113 115
61 89
136 126
94 72
134 126
112 116
146 134
61 97
144 130
144 132
93 71
130 128
138 124
110 115
62 97
93 74
135 126
130 129
114 111
139 126
112 115
143 132
61 88
92 71
114 71
143 130
144 131
134 127
137 126
147 134
67 84
133 128
70 85
69 84
94 73
131 128
138 125
64 86
62 88
134 128
131 129
137 127
138 126
133 129
92 74
112 114
91 71
94 74
110 114
147 135
143 131
69 85
112 102
63 97
65 85
114 72
113 113
66 84
113 111
135 127
113 112
114 73
112 101
95 76
110 113
66 85
91 72
142 131
65 86
138 127
112 113
147 136
64 87
63 88
63 96
134 129
90 71
94 75
69 86
131 130
92 75
135 128
64 97
111 102
64 96
110 102
135 129
112 112
64 88
136 128
131 131
94 76
113 101
111 113
92 76
68 86
115 75
88 72
141 131
65 97
111 103
89 71
66 86
95 77
114 74
147 137
91 73
138 128
64 89
132 131
94 77
141 132
140 133
65 96
115 76
138 129
113 100
114 75
135 130
136 129
90 73
111 112
92 77
93 76
146 137
110 103
67 86
66 87
89 72
88 73
68 87
133 131
111 111
94 80
112 74
94 78
138 130
145 137
114 76
109 103
66 88
89 73
137 129
113 75
93 77
132 132
65 95
141 133
135 131
68 88
113 99
67 87
88 74
65 89
115 77
139 133
64 90
111 100
112 75
88 75
114 77
111 106
111 110
137 130
109 104
110 105
64 91
112 99
110 111
66 95
139 132
134 131
93 78
115 78
93 80
132 133
66 89
118 83
111 74
117 84
141 134
94 79
113 76
145 136
67 88
89 74
65 90
111 75
141 135
110 100
109 111
117 85
137 131
144 136
67 95
93 79
117 83
110 106
133 133
111 99
89 75
134 132
65 91
67 89
138 132
109 105
114 78
110 110
111 107
117 81
118 82
110 74
113 77
66 94
66 91
137 132
114 79
110 107
110 99
109 106
116 81
65 92
117 86
92 79
117 82
113 78
111 76
140 135
89 76
133 134
91 80
116 83
109 110
112 77
110 75
67 96
67 94
143 136
67 90
134 133
89 77
105 83
67 93
108 110
143 137
67 91
109 107
110 98
91 79
68 90
137 133
116 86
115 81
68 96
113 79
135 133
133 135
114 80
112 78
110 108
90 80
110 76
95 83
139 135
66 92
116 82
95 84
113 80
116 87
68 91
111 78
142 137
110 97
68 97
114 81
110 77
67 92
94 83
115 82
138 135
93 82
115 86
137 134
108 109
112 79
114 85
136 133
105 82
89 78
107 110
106 83
133 136
90 79
109 108
108 97
107 109
95 85
109 97
138 136
89 79
68 92
108 108
108 96
137 135
134 136
115 87
112 80
69 97
110 78
136 134
94 84
114 84
141 137
106 80
135 135
92 82
114 82
105 81
105 109
106 82
114 86
93 83
113 81
135 136
104 109
88 79
107 80
105 108
138 137
137 136
114 87
109 78
93 84
141 138
111 80
114 83
92 83
106 81
112 81
113 82
109 96
108 95
69 92
113 86
70 97
70 91
136 135
94 85
107 108
112 86
136 136
69 93
107 81
70 92
137 137
92 84
109 95
104 108
108 80
71 91
106 108
113 83
111 81
140 138
110 80
109 79
70 96
88 80
114 88
87 79
86 80
93 85
135 137
139 137
141 139
138 138
105 107
75 91
108 94
70 95
88 81
75 92
110 81
87 80
71 92
70 93
112 83
74 91
139 138
113 88
140 139
141 140
109 94
137 138
86 81
109 80
108 81
112 87
136 137
106 107
103 108
89 82
92 85
108 93
91 85
112 88
103 107
88 82
111 87
136 138
74 92
89 83
106 106
109 93
75 93
137 139
92 86
87 81
86 82
109 81
70 94
140 140
139 139
112 84
71 93
111 88
72 93
103 106
73 92
74 93
111 84
112 89
136 139
91 86
106 105
90 85
109 92
109 82
139 140
111 90
90 87
88 83
87 82
71 94
109 91
138 140
109 83
90 88
136 140
110 90
87 83
104 106
90 86
72 94
111 89
111 85
106 104
73 93
139 142
102 103
110 85
110 89
87 84
109 90
105 104
103 104
88 87
73 94
136 141
89 88
109 84
104 105
89 86
72 95
129 148
138 141
129 147
102 102
73 95
136 142
137 141
138 142
88 86
86 84
88 90
103 103
104 104
130 146
88 88
109 85
109 89
139 143
110 86
130 148
88 89
137 142
87 90
109 86
102 101
131 146
104 103
130 147
139 144
129 146
138 143
109 88
85 84
74 95
83 84
128 145
87 86
137 143
84 84
86 90
76 94
109 87
138 144
87 89
128 146
139 145
105 101
127 145
86 86
101 101
104 102
131 147
83 85
103 101
75 95
132 147
84 85
76 95
77 94
85 86
104 101
86 89
137 144
83 86
101 100
138 145
126 145
127 146
108 87
105 100
107 87
125 145
101 99
137 145
77 95
133 147
85 87
78 96
134 144
86 88
126 146
104 100
84 86
135 144
85 88
84 87
102 99
101 98
125 146
107 88
136 145
124 147
133 146
79 96
104 99
134 145
78 95
79 95
101 97
106 88
136 146
134 146
124 148
103 99
125 147
135 145
84 88
104 97
84 89
125 148
103 98
104 87
102 97
136 147
79 94
135 146
105 88
79 93
135 147
185 157
104 88
103 97
81 95
84 90
126 148
102 96
83 89
103 87
136 148
104 96
135 148
136 149
104 95
103 96
186 157
185 156
81 94
102 87
80 93
81 96
104 89
127 148
83 90
102 95
134 148
82 96
127 149
102 88
103 89
188 142
103 95
135 149
186 156
104 94
187 141
82 92
83 91
81 93
82 94
83 96
82 93
102 89
187 156
103 94
186 141
127 150
135 150
188 143
186 155
134 149
187 142
83 92
83 94
185 151
184 152
186 142
84 96
103 93
185 153
188 144
187 155
127 151
83 93
102 90
133 149
186 154
103 91
183 151
134 150
188 145
185 142
188 147
185 150
184 151
126 151
186 153
186 149
185 152
187 154
186 143
133 150
102 93
188 155
183 150
102 91
84 93
103 92
84 95
126 152
132 150
85 95
184 150
186 152
187 153
101 93
186 150
186 148
185 149
187 147
102 92
133 151
187 145
85 93
185 143
188 148
186 144
188 154
85 94
187 152
188 153
132 151
185 148
126 153
187 150
185 144
126 155
184 149
187 146
186 147
188 149
101 92
132 152
86 94
184 148
126 156
127 155
126 154
188 152
188 150
100 92
186 146
185 145
132 153
185 146
188 151
183 148
127 154
126 157
87 94
99 92
124 165
184 145
189 150
181 142
183 147
127 157
124 164
88 94
181 143
180 142
184 146
132 154
190 150
126 158
99 93
128 154
189 151
125 165
125 164
98 93
127 158
180 143
190 151
132 155
181 144
183 146
89 94
129 154
128 158
131 155
125 163
126 164
129 155
127 165
97 93
180 144
90 94
127 159
182 146
181 145
191 151
132 156
128 165
180 145
192 151
128 159
127 160
181 146
127 164
97 94
90 95
126 163
131 156
130 155
96 93
128 160
97 95
127 163
91 95
180 146
128 164
130 156
96 94
193 151
128 163
176 147
194 151
130 157
128 161
96 95
127 162
180 147
92 95
177 147
130 158
179 147
128 162
176 148
95 95
92 96
129 163
194 152
130 159
194 153
92 97
180 149
95 96
179 148
129 162
177 148
178 147
92 98
147 157
195 153
194 154
131 159
180 150
130 162
179 149
177 149
95 97
178 148
180 151
178 149
93 98
147 156
146 157
94 97
147 158
130 161
177 150
131 160
195 154
179 150
146 156
155 139
148 158
179 151
94 98
180 152
195 155
131 161
145 157
178 150
191 156
155 140
190 157
149 158
132 161
145 156
178 151
146 155
179 152
180 153
156 139
94 99
195 156
190 158
94 100
178 152
179 153
157 139
154 142
150 158
192 156
191 157
156 140
155 141
212 174
183 157
194 156
132 162
145 155
183 159
151 158
93 102
94 101
178 153
193 156
191 158
157 140
212 173
194 157
154 143
144 155
153 144
155 142
182 159
133 162
183 158
93 100
179 154
211 174
182 157
203 165
179 155
154 144
143 155
210 174
158 140
92 100
157 141
155 143
194 158
156 142
151 157
202 166
134 162
192 158
212 172
182 158
193 157
181 157
93 101
150 156
92 102
178 154
153 145
202 165
181 158
193 158
203 166
178 155
135 162
151 156
204 165
134 161
143 156
156 143
154 145
210 173
91 100
179 156
152 157
211 172
150 155
158 141
192 159
92 101
157 142
180 157
90 100
155 145
177 155
135 161
209 173
153 147
152 156
151 155
193 159
178 156
179 157
180 158
136 164
91 101
154 146
210 172
159 141
160 142
201 165
192 160
157 143
143 157
204 166
201 164
205 166
179 158
153 148
142 157
207 166
152 155
208 173
160 143
154 147
178 159
90 101
135 164
178 157
137 164
156 145
136 161
159 142
177 156
158 143
193 160
209 172
177 159
142 158
207 167
206 166
201 163
200 164
198 160
153 155
135 165
155 147
137 161
153 149
89 101
159 143
154 148
207 173
194 160
178 158
208 172
156 146
177 157
138 164
154 149
195 160
89 102
138 163
206 167
199 164
207 168
200 163
141 158
153 154
137 162
135 166
194 161
157 146
198 161
197 160
177 158
206 173
87 100
208 171
153 150
139 164
156 147
159 144
138 161
193 162
176 158
138 162
156 148
199 163
194 162
153 153
141 159
155 149
86 100
193 163
154 150
87 101
136 166
197 161
88 102
139 163
206 168
207 169
207 171
196 160
153 151
159 145
157 147
206 172
195 162
154 153
141 160
136 167
206 169
156 149
155 150
86 101
89 104
140 163
198 163
196 161
139 162
159 146
144 175
153 152
85 100
194 163
88 103
206 171
157 148
175 158
160 145
206 170
175 157
156 150
154 152
137 167
155 151
142 174
86 102
197 163
85 101
147 161
140 162
198 178
141 161
161 145
157 149
143 175
88 104
89 105
210 204
144 176
195 163
205 171
160 146
196 162
144 177
143 172
147 162
147 176
138 169
196 163
142 177
157 150
158 149
204 171
85 102
141 162
209 204
146 161
199 178
175 156
138 167
205 170
198 177
155 152
195 164
88 105
143 174
86 103
142 173
161 146
210 203
174 156
195 165
159 149
143 173
146 162
210 202
144 172
85 103
161 147
156 152
205 203
87 105
158 150
138 168
196 164
208 204
196 176
157 157
139 169
157 151
146 176
147 175
204 170
142 178
143 177
199 177
142 162
156 156
206 204
203 171
198 176
245 212
85 104
209 202
197 176
199 176
147 174
148 173
161 148
162 147
88 107
157 152
139 168
144 173
86 105
205 204
196 175
83 104
196 165
145 162
143 178
145 174
156 155
143 162
203 170
142 163
202 169
208 203
158 157
157 156
174 155
84 103
206 203
146 175
156 153
159 150
146 163
85 105
145 163
204 204
145 173
202 170
197 175
86 106
196 174
156 154
146 174
84 104
87 107
174 154
157 153
245 213
144 162
158 156
83 105
162 148
159 157
197 165
201 169
143 179
143 163
148 172
208 202
209 201
244 212
160 150
206 202
88 108
147 173
207 203
199 175
140 168
205 205
209 200
240 211
157 154
84 105
203 204
86 107
198 165
88 109
202 205
201 168
160 157
200 173
201 170
159 156
145 164
205 206
200 171
144 163
200 169
245 214
207 202
143 180
87 108
158 153
147 172
162 149
85 106
244 213
72 109
174 153
197 174
204 205
141 168
71 110
199 174
160 151
146 173
200 167
200 204
73 109
158 154
244 214
199 203
200 168
146 172
159 153
208 200
89 111
204 206
89 113
71 111
202 206
142 168
200 170
203 203
143 181
240 212
203 205
173 153
86 108
161 157
160 152
241 211
198 174
198 166
85 107
72 110
144 182
197 173
199 167
173 149
245 215
202 204
207 201
209 199
84 106
88 110
200 172
144 164
159 155
199 173
147 171
163 149
165 159
162 157
204 207
73 110
198 173
163 158
165 158
146 171
161 152
198 167
201 204
164 149
159 154
172 153
142 169
199 168
199 170
199 202
88 113
89 112
143 168
243 214
244 215
172 149
84 107
199 172
240 213
203 206
85 108
200 203
88 111
208 199
164 159
207 200
144 165
145 182
209 198
164 151
160 153
144 181
202 203
241 212
173 150
72 111
198 168
144 170
198 172
145 181
207 199
144 168
243 215
240 214
208 198
160 154
144 166
164 152
200 202
161 153
203 207
146 182
163 157
199 201
164 150
165 149
72 112
198 170
241 213
83 109
172 152
73 111
242 214
143 169
172 150
145 171
164 158
239 213
161 155
171 149
201 203
84 108
173 151
88 112
163 156
203 208
242 215
162 155
163 152
86 111
238 213
197 168
162 153
165 150
202 213
146 165
171 150
144 167
164 157
84 109
144 169
241 214
149 162
145 166
148 163
200 201
207 198
73 112
146 181
201 202
83 108
145 180
145 170
161 154
87 112
172 151
198 169
198 171
206 198
238 214
197 169
196 168
86 112
166 150
164 156
203 213
202 212
201 201
163 153
197 171
150 162
73 113
84 110
148 164
85 111
203 201
75 111
147 165
74 112
145 169
145 167
149 163
203 209
72 114
146 166
162 154
241 215
146 178
82 108
163 155
146 180
171 151
150 163
196 169
234 215
166 151
203 200
146 179
201 200
147 178
148 165
203 212
163 154
76 111
81 108
204 209
75 112
237 214
204 213
74 113
170 151
151 162
85 112
241 216
146 167
196 171
146 169
72 115
202 201
84 111
164 155
206 197
147 166
73 114
204 212
164 154
202 200
166 152
201 199
147 179
146 168
240 216
169 151
72 116
195 171
205 213
205 197
165 153
77 111
149 165
170 152
235 215
84 112
81 109
76 112
74 114
148 166
196 170
203 199
168 152
147 167
151 163
73 115
204 210
234 216
237 215
241 218
76 113
149 166
74 115
168 153
204 211
240 217
77 112
72 117
81 110
147 168
166 153
205 212
195 170
169 152
152 163
202 199
235 216
165 154
203 198
204 197
148 179
239 216
236 215
75 114
83 112
81 111
202 198
206 210
241 219
82 112
204 196
240 218
194 170
148 180
152 164
169 153
73 117
170 154
74 116
241 221
75 117
71 117
235 217
77 113
76 114
80 110
236 216
166 154
203 197
149 167
239 217
148 168
167 153
205 211
168 154
206 211
236 217
81 112
239 218
194 169
149 168
203 196
80 111
167 154
71 118
193 170
166 155
240 221
204 195
153 164
169 154
73 118
77 114
202 197
75 118
170 155
74 117
207 210
241 220
78 113
76 115
171 156
149 180
155 165
194 168
207 211
74 118
79 113
202 196
150 180
76 116
170 156
169 155
154 164
76 118
149 169
208 210
171 157
71 119
240 220
203 195
80 112
167 155
237 217
201 197
78 114
73 119
193 169
239 219
79 114
149 170
202 195
207 212
209 210
167 156
239 220
71 120
80 113
201 194
193 168
75 120
238 227
150 179
150 169
74 119
237 218
78 115
77 116
201 196
170 157
169 156
155 166
68 123
154 165
76 119
237 231
200 190
209 211
155 167
168 156
79 115
200 194
238 228
154 166
201 195
75 121
149 171
72 120
69 123
68 124
77 117
238 220
237 229
77 119
193 167
150 170
208 212
192 166
150 178
80 114
237 227
74 120
170 158
237 219
80 115
210 211
72 121
154 167
200 195
151 178
81 114
237 230
236 229
191 166
151 170
209 212
199 196
169 158
237 220
75 122
199 190
198 185
235 232
150 171
68 125
70 123
200 189
79 116
152 167
78 117
236 231
78 119
192 167
237 228
74 121
168 157
198 190
81 115
153 167
199 195
191 167
71 123
79 119
198 186
190 166
197 185
237 221
236 228
74 122
235 231
211 211
151 171
210 212
78 118
168 158
72 122
236 230
152 168
235 229
197 197
236 220
198 196
151 177
80 116
69 125
200 188
199 187
234 232
197 196
234 231
212 211
230 233
168 159
198 187
236 221
151 176
71 126
198 195
197 186
196 197
152 171
198 189
197 198
73 122
233 232
235 230
235 228
79 118
152 177
237 222
210 213
80 117
81 116
190 167
199 188
70 125
71 124
232 233
153 168
81 117
197 195
197 199
233 229
236 222
213 211
151 173
235 221
168 160
151 175
73 123
230 232
71 125
153 169
198 194
234 228
232 232
235 223
234 230
198 188
152 176
231 233
211 213
189 167
196 186
152 172
72 126
195 197
80 118
232 229
73 124
188 167
152 175
195 186
73 126
197 200
81 118
212 213
194 197
72 125
196 195
231 232
232 231
151 174
154 169
153 170
152 173
235 222
213 212
233 228
195 198
233 230
167 160
234 223
214 211
197 188
197 194
81 119
188 168
196 200
233 227
214 212
231 231
74 124
152 174
233 225
233 221
234 222
194 198
194 186
195 195
196 194
213 213
193 197
193 185
233 223
154 170
195 199
232 230
232 224
166 160
192 198
195 187
153 175
165 165
196 188
73 125
212 214
217 211
227 231
232 225
166 165
213 214
219 212
165 164
153 174
233 220
227 230
232 227
192 185
232 219
82 119
195 200
74 125
193 186
195 194
75 124
193 196
221 212
196 193
154 171
228 231
194 199
233 226
231 224
192 197
194 195
218 213
216 211
181 164
182 163
231 230
186 171
155 170
166 161
233 222
195 188
187 168
215 212
217 212
192 199
213 215
230 224
166 162
221 213
183 163
193 199
217 213
166 164
232 226
219 213
232 220
231 225
230 230
232 222
231 219
185 171
184 164
231 223
194 188
182 164
215 213
192 196
231 227
181 165
218 214
192 186
194 200
187 169
194 194
227 229
154 174
195 193
216 212
220 212
83 119
214 214
186 170
185 165
229 231
75 125
155 171
165 163
228 229
181 166
216 213
155 172
185 166
220 213
231 220
231 226
184 171
219 214
194 189
229 230
185 168
195 192
186 169
231 218
183 164
195 204
184 165
78 123
155 174
167 164
191 186
193 194
193 188
194 193
77 124
76 125
166 163
193 200
182 165
231 222
192 195
83 120
229 224
215 214
230 229
154 173
214 215
194 204
156 172
77 125
193 201
194 190
214 216
185 169
78 124
194 192
184 170
230 218
183 171
229 223
79 123
84 120
214 218
229 229
230 226
216 214
184 166
168 162
191 187
183 165
220 214
192 194
172 160
155 173
182 166
80 122
229 225
193 189
195 203
230 220
173 161
192 188
190 186
185 167
167 163
174 162
215 215
230 222
193 193
228 223
230 221
174 163
170 161
194 203
216 215
229 226
172 161
77 126
190 187
81 122
192 193
229 228
84 121
188 187
80 123
192 189
189 194
220 215
194 191
193 204
182 171
214 217
79 124
191 206
156 173
193 192
229 218
193 190
183 166
78 125
191 188
184 169
193 202
173 162
215 218
171 160
169 162
168 163
184 167
170 162
84 122
190 188
215 217
193 203
157 173
182 170
81 123
190 206
192 190
229 227
191 205
220 216
171 161
191 193
173 163
189 193
85 121
172 162
78 126
190 194
228 222
229 221
183 167
188 188
79 125
193 191
169 163
189 187
191 189
228 218
80 124
227 223
216 216
183 169
219 216
183 168
171 162
228 227
173 164
216 217
190 189
79 126
182 169
85 122
227 222
86 121
228 221
190 193
192 203
192 191
190 205
189 188
81 124
227 218
80 125
157 174
158 173
170 163
191 190
81 125
227 221
158 174
171 163
228 220
89 121
190 192
86 122
182 168
227 219
218 216
172 164
191 191
80 126
189 189
190 190
189 205
181 169
82 124
217 219
227 227
157 175
217 217
190 204
191 203
89 122
191 202
158 175
88 121
86 123
218 219
188 205
80 133
180 169
217 218
81 126
227 226
87 122
83 124
189 190
226 221
80 127
190 191
190 203
227 220
181 168
172 165
171 164
218 217
82 125
226 220
218 218
226 226
169 169
171 165
187 193
187 205
80 132
188 192
81 127
190 202
80 130
83 125
87 123
81 133
82 126
88 122
180 168
189 191
158 176
186 204
189 203
188 204
187 204
88 123
82 133
226 225
189 202
180 167
186 193
225 220
81 130
81 128
188 191
219 218
83 126
80 131
225 226
187 192
169 168
159 176
188 203
179 168
170 165
82 127
81 132
185 204
170 169
187 203
159 177
184 204
225 225
188 202
83 127
170 166
81 129
220 218
189 201
187 191
186 192
170 168
87 125
82 132
81 131
88 124
169 167
84 126
179 167
224 220
186 191
82 129
220 219
171 168
189 196
88 125
179 166
184 203
159 180
84 127
187 202
224 221
189 200
159 178
87 126
223 220
82 131
225 224
170 167
160 180
220 220
159 179
171 167
188 196
222 220
224 222
188 200
187 201
88 126
189 197
85 127
83 131
99 133
224 224
177 165
162 176
100 132
177 207
178 166
186 202
83 129
184 202
185 191
172 167
178 207
175 166
179 206
100 131
161 178
163 176
188 197
84 129
88 127
186 201
223 222
83 130
85 128
223 224
184 191
173 166
177 166
176 165
185 202
162 177
184 201
222 221
187 196
98 133
161 180
160 179
99 132
221 220
177 206
187 200
184 192
100 130
173 167
171 171
98 132
96 128
88 128
85 129
179 207
183 191
223 223
84 130
99 131
162 178
178 206
222 222
186 200
89 129
188 198
186 196
177 205
174 166
86 128
90 128
221 221
161 179
187 199
178 170
185 201
163 177
176 166
173 168
176 167
172 171
86 129
222 223
186 199
186 197
177 170
177 204
178 205
187 198
183 192
180 207
90 129
87 128
97 128
85 130
177 168
91 128
182 191
162 179
172 169
171 170
95 128
185 200
88 129
174 167
178 169
99 130
221 222
163 178
98 131
172 170
176 168
178 204
182 192
163 179
87 129
98 130
97 129
177 169
94 128
185 197
91 129
221 223
220 222
186 198
174 168
173 169
219 221
185 199
85 131
97 131
180 208
86 130
97 130
87 130
183 206
173 170
175 168
178 203
92 129
179 210
184 199
185 198
93 128
86 131
182 193
176 169
164 179
180 209
218 221
220 223
219 222
178 202
165 179
96 130
181 209
183 207
184 198
180 210
182 194
93 129
174 170
87 131
175 169
179 211
92 130
184 206
219 223
218 222
182 209
185 206
180 211
165 178
183 198
178 201
174 171
183 208
88 131
218 223
184 207
93 130
175 170
95 130
181 194
180 201
181 210
165 176
175 171
218 224
180 200
185 207
183 209
181 199
165 177
180 194
93 131
189 207
184 208
95 131
181 211
181 195
166 174
166 178
96 132
183 197
165 175
179 201
88 132
217 224
94 131
179 200
181 198
176 171
166 177
180 195
89 132
96 133
181 196
166 175
95 132
186 207
182 197
180 199
188 207
189 208
216 223
167 174
184 209
182 211
90 132
180 196
89 133
216 224
95 133
181 197
167 177
179 199
94 132
185 209
186 208
180 198
176 172
188 208
182 212
215 223
175 173
167 175
216 225
175 174
186 209
178 199
183 212
94 133
177 174
89 134
215 224
187 208
91 132
176 173
179 196
167 176
180 197
188 209
178 198
90 134
91 133
93 133
215 225
168 176
92 132
176 174
214 224
184 212
187 209
177 175
179 197
92 133
185 212
169 176
213 224
93 134
177 198
215 226
176 175
91 134
178 197
187 210
177 176
215 227
172 174
177 197
214 226
186 212
92 134
170 176
185 213
187 211
176 176
171 175
213 225
91 135
187 212
208 227
172 175
212 225
185 216
91 136
92 135
185 214
214 227
177 194
213 226
208 229
173 174
175 176
184 215
171 176
177 196
93 137
209 229
173 175
188 214
212 226
92 136
172 176
177 195
187 213
182 216
185 215
176 196
208 228
175 177
184 216
214 228
175 179
176 194
209 227
183 216
187 214
210 227
175 196
188 215
174 179
92 137
176 195
173 176
212 227
209 228
93 138
186 215
175 178
182 217
213 228
183 217
174 178
211 227
175 197
173 177
92 138
189 217
175 195
187 215
210 228
212 228
190 218
174 195
174 197
213 230
187 216
190 219
211 228
169 180
183 218
168 179
173 178
189 218
188 217
92 139
172 178
169 179
190 220
173 195
213 231
188 218
183 219
211 229
168 180
212 230
173 197
92 140
187 217
170 178
171 178
170 179
92 141
184 219
172 195
189 220
172 197
93 140
213 232
168 181
187 218
171 198
211 230
173 196
172 196
171 197
170 198
92 142
188 220
212 232
171 179
211 231
93 141
187 219
185 219
167 181
169 182
211 232
171 196
188 221
167 182
185 220
171 180
170 197
93 142
170 181
173 182
186 219
188 222
210 232
187 221
170 196
172 182
170 182
169 183
173 183
93 143
167 183
94 142
171 181
186 220
170 195
167 184
186 221
171 182
169 184
209 232
188 223
187 222
168 183
94 143
205 230
172 183
187 223
205 231
168 184
186 222
203 231
208 232
171 183
204 230
167 185
170 194
95 143
171 194
205 232
107 148
172 193
186 223
168 185
206 231
207 232
203 232
96 143
204 231
171 184
106 149
168 186
171 185
171 193
173 191
203 233
108 146
172 192
186 224
107 149
204 232
206 232
173 189
205 233
106 148
107 147
172 186
208 234
97 143
105 148
171 192
184 223
172 187
179 222
204 233
207 234
173 188
108 145
203 234
107 146
206 233
108 149
106 143
185 224
105 142
173 190
172 189
97 140
172 191
97 142
169 186
106 147
171 186
208 235
184 224
105 147
97 141
180 222
170 186
105 143
172 190
98 140
106 146
171 191
170 192
107 145
179 223
207 235
171 187
204 234
183 223
108 150
106 144
203 235
104 142
172 188
206 234
206 235
104 143
180 223
204 235
167 194
171 188
170 187
182 223
105 144
106 145
103 142
104 147
108 151
171 190
184 225
170 191
203 236
98 141
166 195
207 236
181 223
107 151
168 192
204 236
183 225
99 141
180 224
167 193
103 143
165 195
169 191
105 145
170 190
103 147
104 146
108 152
206 236
170 188
104 144
184 226
207 237
166 194
205 236
181 224
99 142
170 189
103 144
168 191
104 145
183 226
106 151
103 146
107 152
207 238
105 150
167 192
102 143
169 190
165 194
103 151
183 227
205 237
101 143
168 190
105 151
103 145
206 238
99 143
166 192
165 193
167 191
181 225
100 142
106 152
182 226
167 187
102 144
104 150
169 189
206 239
167 188
181 226
107 154
168 189
104 151
103 150
101 144
166 191
106 153
100 143
205 238
167 190
182 227
99 144
102 145
166 187
165 192
104 149
165 191
166 190
181 227
204 238
103 149
167 189
104 152
106 154
102 150
205 239
166 186
107 155
182 228
100 144
108 154
206 240
164 192
101 145
100 145
165 186
106 155
204 239
102 149
104 153
205 240
108 155
182 229
105 154
107 156
181 228
166 189
101 146
164 191
165 189
204 240
105 155
104 154
102 148
181 229
182 230
108 156
164 190
103 153
100 146
104 156
164 186
100 147
164 189
102 153
101 148
164 187
205 242
181 230
104 157
204 241
104 155
105 156
103 154
109 156
205 243
163 189
102 154
201 243
164 188
180 230
85 209
204 242
105 157
203 241
102 156
179 229
162 190
202 242
197 243
110 156
100 148
103 155
99 148
203 242
204 243
200 243
106 157
180 231
85 208
86 207
201 244
102 155
202 243
198 243
84 209
161 190
178 229
197 244
101 156
162 189
163 188
113 164
179 230
110 157
110 158
197 245
86 206
200 244
100 156
199 243
98 148
101 155
85 207
204 244
202 244
87 207
162 188
83 209
112 164
203 243
178 230
113 163
179 231
106 158
160 190
111 164
86 205
161 188
199 244
98 149
82 209
110 165
203 244
100 155
87 206
160 189
107 158
85 206
112 163
206 245
110 159
178 231
84 207
202 245
179 232
198 245
160 188
85 205
100 152
203 245
198 246
87 205
205 245
97 149
206 246
111 163
82 208
100 154
178 232
110 164
84 206
109 165
110 160
98 150
108 158
199 245
109 159
179 233
109 160
84 205
99 152
88 205
109 164
198 247
83 206
199 246
110 161
97 150
98 151
158 185
108 159
205 246
110 163
82 207
160 187
111 162
100 153
178 233
203 246
88 204
177 233
206 248
108 160
98 154
109 163
82 206
97 151
159 187
83 201
205 247
98 152
110 162
199 247
158 186
204 246
84 204
99 153
109 161
157 185
83 205
101 166
195 282
83 204
157 186
107 160
97 152
199 248
89 204
82 205
176 233
205 248
83 202
98 153
108 161
206 249
82 201
96 205
109 162
97 154
158 187
204 247
95 205
96 152
82 202
195 281
101 165
102 166
81 205
96 204
205 249
213 271
97 203
199 249
108 162
107 161
158 188
204 248
97 153
205 251
90 204
194 282
156 186
83 203
206 250
193 281
175 233
157 187
98 202
193 280
197 282
102 165
93 204
96 153
105 164
210 273
106 163
194 281
204 251
98 201
209 272
204 249
205 250
212 271
101 164
95 204
103 166
93 154
95 152
174 233
167 230
94 153
200 249
158 189
157 188
207 278
156 187
90 203
104 165
166 229
213 270
97 202
81 204
82 203
196 281
107 162
96 203
80 205
92 156
103 165
95 203
194 280
102 164
165 229
195 279
96 202
93 203
104 164
212 270
94 204
106 162
80 204
173 233
80 200
197 281
81 203
90 202
168 230
94 154
93 155
208 276
105 163
201 249
173 235
156 188
204 250
210 272
207 277
167 231
97 201
209 273
166 230
206 278
209 275
92 204
198 282
157 189
95 153
213 269
173 234
210 271
205 278
79 200
91 156
207 276
194 279
94 203
212 269
95 202
208 275
102 163
201 250
96 201
80 201
211 270
91 202
165 230
168 231
104 163
203 250
156 189
93 202
92 203
93 156
198 281
105 162
203 278
103 164
169 230
196 279
95 154
202 249
206 277
80 203
155 188
172 235
209 274
204 278
95 201
211 269
199 281
103 163
202 278
91 155
197 279
188 248
94 202
86 154
156 190
194 278
93 201
154 188
104 162
172 234
79 201
208 274
198 280
206 276
202 250
92 202
155 189
201 251
210 270
168 232
94 156
95 155
169 231
79 203
165 231
206 265
90 155
95 156
200 251
164 233
210 269
168 233
96 155
94 201
165 232
163 234
155 190
103 162
92 201
205 276
203 276
79 202
194 277
209 270
204 277
199 280
207 274
201 280
189 248
190 247
171 234
206 275
202 251
87 154
86 155
202 279
97 156
188 249
169 232
198 279
195 248
78 201
89 154
154 189
195 249
169 233
170 234
155 191
206 266
205 265
87 155
205 275
88 154
203 275
204 276
189 249
191 247
200 252
200 280
154 190
207 273
202 276
103 161
96 156
78 202
195 277
89 155
92 200
208 270
208 268
97 157
187 249
164 234
194 248
201 279
199 279
94 200
163 235
202 252
209 269
165 233
190 248
92 159
206 273
103 160
153 190
154 191
189 250
92 199
200 279
204 265
196 277
94 199
96 157
199 252
202 253
77 202
193 248
205 274
95 158
102 161
205 256
191 248
164 235
88 155
194 249
204 275
207 270
208 269
187 250
206 267
192 249
89 156
163 236
166 233
205 266
207 268
169 234
201 276
190 249
193 249
201 253
166 234
204 256
206 270
201 277
164 236
153 191
207 269
205 257
204 264
205 267
199 253
187 251
204 274
96 158
89 157
189 251
192 250
95 159
200 278
93 199
206 272
76 202
91 159
184 254
204 266
205 273
190 250
88 156
165 235
169 235
94 198
191 249
202 254
102 160
92 160
197 277
167 234
95 160
76 201
204 263
93 198
185 254
203 264
191 250
169 236
89 158
198 277
193 250
204 257
206 269
164 237
204 273
205 270
190 251
203 256
187 252
192 251
205 272
101 160
91 162
96 159
90 159
201 254
199 254
75 202
88 157
91 160
186 253
166 235
184 255
200 277
204 267
152 191
185 255
199 277
190 252
204 268
100 160
166 236
167 235
165 237
203 257
203 267
186 254
95 161
201 263
168 236
90 162
191 251
188 252
193 251
164 238
187 253
75 201
205 269
152 192
89 159
205 271
204 258
93 197
91 161
200 254
96 160
87 157
203 263
164 246
203 273
96 161
165 246
202 263
203 268
203 262
92 197
204 259
193 252
88 159
203 258
191 252
204 269
202 267
201 262
200 255
203 272
90 161
100 161
89 160
75 200
204 271
86 157
87 158
152 193
199 276
166 237
188 253
167 236
165 238
186 255
164 245
190 253
201 256
91 196
99 160
165 245
186 256
200 256
166 246
191 253
99 161
164 244
153 193
203 259
165 239
167 237
93 195
166 238
75 199
204 260
201 257
74 200
203 271
202 262
199 275
92 196
202 268
202 272
96 162
86 158
88 160
202 258
203 261
203 269
87 159
193 253
91 195
190 254
188 254
89 161
201 272
98 161
97 162
192 253
85 144
166 245
86 159
189 254
191 254
199 274
72 197
202 259
166 239
167 238
200 257
84 143
154 193
164 243
88 161
99 162
202 271
201 258
165 240
187 256
93 194
202 269
202 261
203 260
87 160
199 256
74 199
92 195
74 198
167 245
92 194
189 255
73 197
83 143
201 259
85 145
84 144
97 163
164 242
202 260
196 274
200 258
86 160
154 194
87 161
192 254
199 257
167 239
188 256
98 162
165 243
72 196
200 272
168 238
86 162
166 244
193 275
202 270
198 274
166 240
165 241
165 242
197 256
200 259
92 193
194 275
73 196
196 273
85 160
98 163
197 274
198 257
168 239
86 163
74 193
189 256
155 194
167 244
201 270
193 274
84 145
166 241
198 273
82 145
74 197
192 255
85 162
166 243
82 143
201 260
97 164
196 255
195 274
199 272
85 146
86 161
83 144
137 205
167 243
85 161
74 194
197 257
190 256
195 273
87 163
195 255
85 147
198 258
194 256
194 274
155 195
74 196
82 144
82 146
97 165
91 193
84 162
90 192
196 256
200 260
75 193
168 240
200 270
73 195
166 242
75 197
81 143
83 145
168 244
98 164
192 256
198 272
199 259
167 241
197 273
189 258
196 257
74 195
126 201
197 272
103 170
84 147
90 191
168 241
75 194
91 192
75 196
97 166
136 205
199 270
200 261
98 165
137 206
199 260
190 257
87 164
76 193
167 242
168 243
83 146
84 161
155 196
194 257
198 259
194 273
191 256
197 258
198 271
195 256
81 144
197 259
84 148
90 190
102 170
103 169
191 257
198 260
155 197
83 147
127 201
88 164
87 165
91 191
84 150
76 194
98 166
126 200
85 149
199 261
190 258
195 257
75 195
198 270
194 272
137 207
80 144
199 269
169 243
86 150
83 161
168 242
189 259
197 271
135 205
88 165
101 170
84 149
190 259
127 202
198 261
76 195
80 145
169 242
196 259
127 200
191 258
99 166
83 148
194 271
135 206
100 167
154 197
198 269
79 144
91 190
85 150
197 270
86 151
196 271
129 202
135 204
84 159
102 169
92 191
83 160
101 168
195 258
136 207
92 190
195 259
128 200
130 202
89 165
82 160
90 164
99 167
100 168
86 152
101 169
84 158
153 197
191 259
154 198
83 159
77 195
197 261
81 147
133 207
170 242
85 151
91 189
195 271
135 207
147 199
128 202
135 203
134 206
79 145
83 149
197 269
192 259
84 157
128 199
130 201
134 207
134 203
92 189
196 261
80 147
78 195
91 164
135 202
170 241
81 148
135 208
148 199
90 165
82 149
196 269
197 262
93 190
82 159
195 260
195 270
194 259
99 168
194 269
197 268
85 152
79 146
153 198
133 206
128 203
133 202
191 260
100 169
147 200
80 148
90 166
132 202
78 194
149 199
170 240
91 165
84 156
82 158
128 198
85 153
195 261
99 169
132 206
129 199
134 208
135 209
133 211
193 259
195 269
197 263
78 146
135 201
192 260
196 262
194 268
131 201
93 189
134 202
81 149
153 199
196 268
148 200
128 204
171 240
79 148
152 199
129 204
82 157
195 268
197 264
100 171
83 156
196 267
84 153
135 200
91 166
194 261
132 211
133 210
78 193
132 201
78 147
98 169
128 197
193 260
195 262
80 149
149 200
134 201
192 261
134 209
132 205
93 188
130 199
131 200
99 170
196 263
130 196
194 262
131 205
131 199
83 153
82 156
99 171
97 169
94 188
149 201
91 167
133 209
79 149
196 264
78 148
150 200
193 261
152 200
79 193
93 187
151 199
78 192
129 197
132 200
132 210
195 267
195 263
100 172
172 240
192 262
135 199
134 200
95 187
130 204
134 199
149 202
141 192
78 149
150 201
79 192
96 187
195 266
99 172
132 199
173 240
194 263
130 205
83 154
131 196
151 200
132 209
130 197
129 206
94 187
196 265
193 262
93 186
82 155
195 264
97 170
91 168
79 191
96 170
82 154
193 263
131 207
96 186
151 201
130 206
94 186
129 207
92 168
91 169
78 150
132 196
140 192
131 197
195 265
132 208
141 193
94 168
150 202
132 198
99 173
133 199
178 240
173 241
80 191
96 185
132 197
93 168
179 240
151 204
94 169
94 185
98 173
193 264
174 241
91 170
77 150
133 196
96 171
151 202
194 265
130 207
177 240
150 203
81 154
133 198
131 208
140 193
94 184
139 193
76 150
95 171
176 240
179 241
97 173
96 184
151 203
92 170
94 170
152 204
193 265
177 241
140 194
80 154
135 193
133 197
192 268
93 169
130 208
81 191
95 175
193 267
175 241
92 181
82 191
78 153
94 171
75 150
191 268
79 154
96 175
175 242
177 242
76 151
179 242
153 204
136 193
152 203
93 170
130 209
135 194
80 155
139 194
138 193
94 183
96 183
121 200
165 202
193 266
95 174
134 197
97 174
140 195
176 241
192 267
78 154
94 182
135 197
75 151
177 279
93 171
184 250
79 155
76 154
192 266
94 174
191 267
135 195
122 200
121 201
96 182
178 242
95 173
120 200
93 181
179 279
175 243
92 180
76 152
79 157
82 190
153 203
164 202
176 242
136 194
138 194
80 156
95 183
97 175
165 201
77 153
139 195
129 209
94 172
184 251
176 279
78 157
179 278
79 156
97 176
78 155
84 189
184 249
96 181
135 196
83 190
178 243
94 181
123 200
177 278
75 152
164 201
76 153
153 202
128 209
191 266
95 182
93 180
77 154
120 201
94 173
136 195
176 243
164 203
destination
