map
random512-40-4.map
pivot
361 124
agent & start
452 397
282 361
280 363
427 398
281 326
282 325
472 391
280 327
284 323
281 362
278 325
424 393
441 396
429 398
479 394
280 373
425 394
281 376
283 360
428 397
275 334
283 324
284 361
440 395
282 377
459 386
279 326
281 370
437 392
286 379
480 395
285 380
283 378
280 375
474 392
279 325
281 375
437 391
424 394
280 374
283 323
440 394
453 395
274 334
285 379
423 393
281 325
282 324
428 398
284 378
459 385
283 377
440 392
458 386
473 391
438 392
452 396
282 370
283 361
481 395
282 376
441 395
281 363
480 394
286 380
278 324
280 326
437 390
452 395
282 369
459 384
474 391
280 325
287 380
428 401
428 399
273 334
453 394
281 374
284 377
279 324
281 368
282 363
439 392
438 391
480 393
282 323
423 394
441 394
440 393
281 324
481 394
282 375
283 362
283 370
475 392
285 378
458 385
280 324
427 401
285 377
475 391
282 374
288 380
428 400
282 368
458 384
474 390
451 395
438 390
481 393
281 321
282 320
283 369
439 391
272 334
441 393
281 367
281 323
423 395
452 394
442 394
283 363
285 375
442 393
423 396
281 322
282 367
457 384
427 400
289 380
475 390
283 374
280 323
451 394
285 376
286 375
439 390
283 364
271 334
481 392
438 389
282 319
283 368
288 379
281 320
421 397
456 384
426 400
280 322
438 388
281 319
444 394
481 391
284 374
477 391
286 376
445 395
289 379
283 373
283 367
440 390
423 397
287 375
443 393
283 365
438 386
475 389
270 334
482 392
450 394
272 332
290 379
477 390
446 395
422 397
439 388
293 380
450 393
455 384
439 386
426 399
280 319
421 398
476 389
292 379
287 376
482 391
270 333
289 378
283 366
284 373
279 322
480 391
445 394
272 331
423 398
478 391
438 387
440 389
destination
