map
random512-40-0.map
pivot
442 223
agent & start
163 44
376 33
112 349
396 87
386 55
189 52
398 71
124 345
59 220
402 129
160 399
402 79
397 86
56 213
102 357
383 56
395 68
397 118
390 57
375 32
122 351
376 149
379 152
403 76
157 318
377 150
62 223
158 397
378 153
60 221
164 43
368 25
63 224
111 352
392 61
378 151
375 34
112 393
404 127
395 84
158 39
386 153
386 155
391 58
394 149
396 119
354 13
404 121
387 154
405 124
163 40
385 54
109 354
193 52
373 30
152 399
396 83
377 148
396 67
370 23
160 37
403 78
213 30
404 77
61 222
353 14
156 317
55 214
167 44
213 28
162 39
401 74
405 126
168 45
403 120
396 85
392 71
122 347
393 152
393 70
401 130
399 72
155 42
123 350
189 53
397 119
56 214
123 347
158 40
113 393
157 317
396 86
63 223
398 72
193 53
158 78
397 83
380 152
378 150
367 21
403 121
124 346
163 43
160 400
404 126
379 153
395 85
368 22
366 18
367 25
158 398
102 358
393 71
214 28
156 42
385 155
401 79
377 149
402 78
374 32
121 351
403 77
386 154
103 357
60 220
391 61
373 31
391 71
156 398
385 153
165 43
401 75
190 52
375 33
122 348
394 150
112 350
385 55
160 38
369 23
402 120
154 398
167 45
378 148
213 31
123 349
401 129
392 152
192 52
393 151
390 58
395 87
153 399
354 14
404 124
111 353
155 43
384 56
62 222
163 41
162 40
164 44
400 74
157 41
395 67
110 354
214 31
156 43
399 74
401 76
162 41
397 82
166 45
160 39
401 78
402 77
402 121
379 148
157 316
400 129
380 153
403 126
393 72
403 122
394 85
191 52
155 44
121 350
394 71
113 392
157 398
57 214
215 32
215 28
393 150
365 18
366 19
400 75
103 358
159 400
124 349
188 53
165 44
401 128
158 399
63 222
390 71
111 354
378 149
367 24
162 43
193 54
158 317
159 40
125 346
157 78
192 53
374 33
354 15
157 42
385 56
159 78
390 59
113 350
158 41
123 348
397 120
124 347
368 23
158 77
112 355
154 399
367 22
395 66
385 154
367 20
155 398
366 21
390 61
392 151
61 220
402 127
373 32
384 155
395 86
122 349
403 124
398 73
160 40
389 61
215 29
156 44
354 22
113 351
399 75
155 399
398 120
160 78
373 33
156 78
385 57
403 125
112 354
113 391
390 60
216 32
397 81
403 123
355 15
397 73
393 73
125 347
191 53
365 19
390 150
372 32
400 76
113 355
394 86
395 65
193 55
398 74
188 54
166 48
402 126
389 59
401 77
397 121
155 77
126 346
154 400
165 45
393 63
394 72
187 55
157 399
121 349
162 42
402 122
389 71
215 31
392 150
158 316
158 400
400 78
104 358
381 153
366 20
366 22
63 221
400 128
124 348
384 154
401 127
120 350
158 42
62 220
58 214
366 24
401 121
379 149
367 23
157 77
120 349
159 316
158 43
399 128
192 55
393 86
155 76
63 220
166 49
125 348
186 57
127 346
393 74
160 77
398 75
386 57
191 54
388 59
398 121
402 125
156 77
397 74
402 123
157 400
113 352
400 77
366 23
64 221
391 150
380 149
389 70
105 358
354 21
158 45
387 58
372 33
396 81
165 46
355 22
187 56
401 122
392 63
188 55
365 20
215 30
160 41
394 65
161 42
158 315
389 150
58 213
166 47
394 73
113 354
382 153
104 359
365 24
401 126
159 42
389 60
355 16
216 31
59 214
156 45
154 401
112 391
157 76
393 64
62 219
165 48
383 154
107 358
155 400
399 76
380 150
354 20
126 348
401 123
62 218
355 21
365 23
166 50
400 126
399 127
161 77
62 214
58 212
165 47
157 75
189 55
157 45
397 75
119 349
394 74
393 65
387 59
112 390
399 77
187 57
396 80
386 58
391 149
191 55
356 16
399 121
216 30
106 358
362 18
389 149
383 153
186 58
372 34
391 63
155 75
127 347
388 60
159 315
401 125
392 86
364 20
59 213
107 359
114 354
104 360
155 401
155 47
364 24
157 401
113 353
156 76
388 70
381 149
160 42
158 44
64 220
159 43
361 20
389 148
399 122
362 19
164 47
63 214
62 215
164 51
157 402
400 125
62 217
159 314
355 20
396 75
217 30
156 75
392 65
157 46
188 57
400 123
364 23
64 219
187 58
397 76
355 18
159 44
191 56
398 127
111 390
155 48
165 50
163 80
386 59
398 77
363 20
126 349
160 43
383 152
370 31
189 56
401 124
destination
