map
random512-10-2.map
pivot
407 377
agent & start
19 165
88 96
83 101
138 46
164 20
64 120
35 149
95 89
162 22
130 54
50 134
67 117
141 43
120 64
46 138
125 59
146 38
108 76
85 99
24 160
54 130
105 79
96 88
55 129
11 173
82 102
161 23
113 71
127 57
175 9
107 77
76 108
158 26
101 83
69 115
102 82
49 135
52 132
77 107
159 25
173 11
176 8
131 53
153 31
139 45
181 3
22 162
16 168
90 94
110 74
178 6
70 114
25 159
156 28
21 163
179 5
93 91
133 51
151 33
98 86
81 103
0 184
5 179
44 140
137 47
174 10
119 65
20 164
60 124
66 118
132 52
2 182
86 98
59 125
32 152
103 81
177 7
72 112
129 55
121 63
100 84
169 15
23 161
124 60
184 0
17 167
68 116
163 21
172 12
1 183
118 66
180 4
135 49
7 177
109 75
140 44
29 155
9 175
160 24
36 148
148 36
157 27
39 145
13 171
106 78
171 13
170 14
61 123
115 71
58 126
15 169
43 141
123 61
97 87
80 104
33 151
166 18
37 147
28 156
48 136
6 178
128 56
38 146
57 127
74 110
65 119
168 16
31 153
142 42
42 142
53 131
75 109
165 19
144 40
89 95
92 92
41 143
12 172
47 137
84 100
126 58
79 105
112 72
150 34
117 67
122 62
27 157
143 41
136 48
73 111
18 166
115 69
51 133
10 174
154 30
87 97
145 39
34 150
104 80
26 158
63 121
155 29
114 70
40 144
56 128
30 154
3 181
94 90
78 106
94 91
133 52
61 124
58 127
21 164
84 101
28 157
166 19
90 95
88 97
30 155
131 54
118 67
17 168
8 177
6 179
85 100
114 71
161 24
72 113
150 35
122 63
57 128
115 70
123 62
33 152
95 90
149 36
10 175
107 78
179 6
0 185
157 28
136 49
124 61
126 59
185 0
98 87
19 166
64 121
182 3
80 105
22 163
143 42
78 107
67 118
62 123
25 160
71 114
39 146
176 9
155 30
140 45
125 60
76 109
156 29
130 55
46 139
96 89
153 32
54 131
139 46
49 136
20 165
170 15
23 162
167 18
117 68
45 140
48 137
101 84
144 41
37 148
132 53
9 176
113 72
75 110
35 150
42 143
106 79
152 33
180 5
172 13
27 160
29 156
112 73
34 151
66 119
163 22
13 172
91 94
77 108
4 181
73 112
82 103
79 106
81 104
111 74
38 147
154 31
120 65
109 76
138 47
3 182
134 51
32 153
59 126
165 20
60 125
7 178
27 158
168 17
87 98
100 85
12 173
69 116
151 34
70 115
147 38
128 57
24 161
44 141
14 171
63 122
184 1
103 82
89 96
41 144
137 48
108 77
145 40
141 44
1 184
51 134
18 167
110 75
175 10
65 120
93 92
55 130
181 4
97 88
171 14
177 8
104 81
53 132
74 111
142 43
159 26
50 135
36 149
47 138
174 11
2 183
102 83
92 93
11 174
26 159
16 169
5 180
99 86
178 7
52 133
129 56
173 12
169 16
135 50
31 154
83 102
111 75
71 115
21 165
114 72
6 180
30 156
95 91
24 162
57 129
44 142
143 43
85 101
51 135
129 57
42 144
3 183
89 97
38 148
116 70
39 147
121 65
151 35
170 16
54 132
131 55
130 56
171 15
152 34
136 50
168 18
25 161
90 96
46 140
11 175
120 66
65 121
134 52
49 137
41 145
93 93
55 131
27 159
109 77
19 167
63 123
61 125
94 92
154 32
88 98
68 118
159 27
66 120
81 105
162 24
149 37
26 160
169 17
101 85
2 184
31 155
106 80
145 41
112 74
178 8
99 87
156 30
165 21
91 95
17 169
70 116
186 0
14 172
122 64
113 73
141 45
167 19
18 168
4 182
37 149
128 58
185 1
92 94
96 90
184 2
132 54
78 108
127 59
97 89
105 81
67 119
64 122
8 178
175 11
183 3
77 109
86 100
43 143
82 104
20 166
119 67
10 176
117 69
142 44
32 154
13 173
147 39
22 164
72 114
164 22
173 13
124 62
176 10
157 29
60 126
163 23
12 174
123 63
56 130
62 124
5 181
28 158
103 83
125 61
58 128
146 40
15 171
110 76
76 110
16 170
69 117
182 4
102 84
174 12
23 163
137 49
150 36
166 20
79 107
9 177
52 134
34 152
172 14
87 99
35 151
104 82
138 48
1 185
50 136
181 5
83 103
47 139
73 113
74 112
158 28
126 60
33 153
179 7
133 53
180 6
148 38
118 68
108 78
80 106
140 46
155 31
160 26
36 150
53 133
84 102
31 156
25 162
146 41
155 32
174 13
41 146
70 117
139 48
14 173
123 64
89 98
119 68
2 185
164 23
85 104
147 40
99 88
43 144
22 165
16 171
92 95
157 30
81 106
100 87
149 38
145 42
134 53
184 3
179 8
169 18
159 28
51 136
166 21
124 63
72 115
40 147
33 154
8 179
118 69
122 65
176 11
88 99
162 25
168 19
120 67
55 132
170 17
148 39
130 57
48 139
49 138
121 66
80 107
47 140
132 55
29 158
150 37
10 177
20 167
78 109
177 10
137 50
76 111
101 86
42 145
38 149
156 31
79 108
102 85
65 122
111 76
161 26
37 150
133 54
136 51
153 34
107 80
117 70
186 1
4 183
18 169
182 5
129 58
12 175
151 36
23 164
98 89
143 44
64 123
35 152
9 178
144 43
83 104
46 141
26 161
73 114
138 49
54 133
11 176
52 135
175 12
34 153
62 125
142 45
127 60
93 94
19 168
103 84
3 184
180 7
97 90
173 14
125 62
90 97
96 91
95 92
53 134
165 22
104 83
39 148
28 159
24 163
152 35
61 126
172 15
15 172
84 103
13 174
109 78
114 73
87 100
68 119
71 116
56 131
86 101
113 74
110 77
77 110
163 24
67 120
36 151
21 166
44 143
171 16
135 52
85 102
7 180
45 142
141 46
106 81
17 170
32 155
5 182
128 59
50 137
57 130
75 112
66 121
185 2
131 56
167 20
58 129
94 93
183 4
30 157
108 79
178 9
60 127
126 61
140 47
100 88
94 94
146 42
67 121
29 159
110 78
45 143
44 144
36 152
160 28
35 153
34 154
71 117
82 106
84 104
3 185
150 38
116 72
43 145
63 125
141 47
13 175
40 148
64 124
175 13
57 131
58 130
114 74
96 92
158 30
187 1
135 53
25 163
95 93
156 32
99 89
101 87
180 8
89 99
79 109
9 179
120 68
23 165
91 97
32 156
24 164
148 40
131 57
18 170
52 136
50 138
93 95
166 22
161 27
90 98
92 96
75 113
126 62
105 83
88 100
85 103
54 134
173 15
181 7
81 107
76 112
124 64
102 86
137 51
31 157
86 102
117 71
155 33
39 149
61 127
109 79
14 174
174 14
97 91
182 6
68 120
103 85
5 183
186 2
153 35
119 69
108 80
46 142
87 101
139 49
142 46
143 45
184 4
10 178
112 76
30 158
19 169
113 75
149 39
51 137
72 116
12 176
169 19
164 24
47 141
65 123
15 173
185 3
2 186
80 108
56 132
131 59
165 23
69 119
7 181
6 182
133 55
53 135
167 21
152 36
21 167
147 41
128 60
11 177
0 188
134 54
26 162
37 151
163 25
145 43
177 11
111 77
115 73
130 58
118 70
157 31
42 148
73 115
55 133
159 29
176 12
183 5
49 139
62 126
83 105
129 59
70 118
122 66
22 166
38 150
125 63
178 10
41 147
188 0
74 114
42 146
20 168
8 180
59 129
4 184
17 171
170 18
179 9
77 111
104 84
136 52
127 61
48 140
172 16
106 82
78 110
66 122
171 17
140 48
43 148
97 92
151 38
120 69
142 47
1 188
40 149
86 103
53 136
75 114
167 22
64 125
47 142
181 8
164 25
99 90
114 75
24 165
117 72
116 73
26 163
66 123
88 103
108 81
158 31
5 184
55 134
31 158
72 117
146 43
27 162
119 70
135 54
107 82
133 56
179 10
23 166
129 60
30 159
43 146
73 116
92 97
8 181
15 174
56 133
118 71
87 102
185 4
173 16
58 131
76 113
132 57
51 138
95 94
70 119
61 128
125 64
84 105
150 39
25 164
110 79
77 112
63 126
22 167
163 26
184 5
159 30
44 145
136 53
93 96
100 89
34 155
180 9
71 118
9 180
137 52
131 58
143 46
170 19
91 98
105 84
130 59
38 151
20 169
29 160
37 152
45 144
68 121
60 129
111 78
176 13
174 15
96 93
161 28
18 171
140 49
189 0
4 185
124 65
12 177
65 124
17 172
36 153
89 100
82 107
112 77
106 83
10 179
178 11
41 148
19 170
148 41
50 139
171 18
126 63
54 135
69 120
101 88
115 74
67 122
145 44
21 168
88 101
79 110
169 20
94 95
134 55
175 14
128 61
6 183
103 86
90 99
188 1
83 106
42 149
127 62
113 76
121 68
166 23
186 3
162 27
153 36
13 176
81 108
16 173
78 111
138 51
183 6
109 80
46 143
177 12
104 85
0 189
156 33
59 130
35 154
3 186
62 127
172 17
157 32
102 87
57 132
187 2
144 45
7 182
52 137
168 21
139 50
32 157
160 29
122 67
49 140
152 37
76 114
2 188
116 74
67 123
11 179
171 19
124 66
112 78
60 130
134 56
0 190
142 48
75 115
132 58
161 29
127 63
27 163
10 180
157 33
182 8
63 127
145 45
152 38
163 27
80 110
104 86
188 2
185 5
72 118
113 77
94 96
100 90
99 91
7 183
136 54
36 154
183 7
59 131
34 156
61 129
44 148
45 145
77 113
41 149
187 3
55 135
48 142
148 42
57 133
68 122
69 121
147 43
56 134
189 1
71 119
149 41
115 75
97 93
91 99
87 103
118 72
151 39
110 80
108 82
154 36
89 101
79 111
26 164
169 21
175 15
81 109
54 136
5 185
120 70
130 60
121 69
179 11
153 37
150 40
44 146
172 18
1 189
40 150
170 20
64 126
88 102
123 67
31 159
133 57
66 124
92 98
168 22
47 143
167 23
19 171
103 87
93 97
166 24
162 28
143 47
52 138
111 79
160 30
95 95
53 137
35 155
14 176
12 178
46 144
37 153
32 158
180 10
51 139
38 152
190 0
74 116
65 125
30 160
39 151
119 71
49 141
126 64
4 186
174 16
23 167
9 181
141 49
138 52
114 76
24 166
128 62
82 108
70 120
13 177
50 140
20 170
122 68
18 172
186 4
90 100
3 187
181 9
78 112
17 173
158 32
83 107
164 26
15 175
73 117
135 55
176 14
178 12
129 61
101 89
43 147
144 46
22 168
107 83
96 94
139 51
28 162
125 65
8 182
159 31
84 106
62 128
173 17
106 84
70 121
8 183
163 28
34 157
68 123
74 117
133 58
185 6
190 1
186 5
104 87
115 76
86 105
146 45
92 99
113 78
142 49
80 111
5 186
109 82
122 69
153 38
136 55
49 142
11 180
89 102
155 36
36 155
124 67
110 81
143 48
25 166
58 133
166 25
51 140
129 62
179 12
46 145
159 32
45 146
79 112
12 179
24 167
7 184
112 79
69 122
50 141
160 31
75 116
183 8
107 84
16 175
94 97
103 88
93 98
56 135
41 150
126 65
178 13
149 42
61 130
87 104
152 39
35 156
76 115
98 93
55 136
27 164
141 50
97 94
84 107
40 151
14 177
137 54
63 128
82 109
157 34
125 66
119 72
23 168
151 40
175 16
53 138
15 176
184 7
114 77
167 24
1 190
47 144
102 89
57 134
144 47
59 132
81 110
4 187
20 171
44 147
38 153
123 68
30 161
77 114
140 51
108 83
31 160
165 26
127 64
32 159
106 85
9 182
60 131
189 2
67 124
128 63
73 118
3 188
22 169
116 75
162 29
130 61
164 27
90 101
100 91
182 9
72 119
181 10
191 0
169 22
48 143
64 127
29 162
66 125
83 108
173 18
121 70
168 23
19 172
176 15
158 33
21 170
188 3
172 19
17 174
54 137
147 44
13 178
65 126
10 181
111 80
37 154
135 56
95 96
28 163
52 139
18 173
117 74
180 11
177 14
171 20
105 86
0 191
6 185
139 52
39 152
99 92
174 17
120 71
85 106
118 73
161 30
62 129
134 57
149 43
134 58
7 185
156 36
137 55
153 39
63 129
99 93
27 165
116 76
86 106
160 32
82 110
78 114
110 82
190 2
65 127
174 18
180 12
184 8
167 25
96 96
162 30
29 163
104 88
133 59
68 124
115 77
125 67
5 187
35 157
21 171
15 177
54 138
164 28
14 178
189 3
66 126
141 51
171 21
30 162
76 116
56 136
97 95
39 153
94 98
166 26
4 188
150 42
9 183
128 64
103 89
67 125
186 6
92 100
175 17
95 97
72 120
108 84
37 155
135 57
79 113
140 52
168 24
40 152
69 123
51 141
151 41
25 167
84 108
41 151
48 144
123 69
187 5
170 22
31 161
157 35
1 191
130 62
47 145
70 122
117 75
126 66
182 10
62 130
53 139
191 1
113 79
139 53
23 169
77 115
152 40
142 50
81 111
71 121
98 94
33 159
24 168
148 44
18 174
90 102
129 63
192 0
120 72
2 190
8 184
52 140
87 105
165 27
155 37
45 147
136 56
93 99
83 109
19 173
13 179
147 45
57 135
17 175
28 164
188 4
85 107
6 186
32 160
144 48
124 68
127 65
61 131
118 74
121 71
58 134
102 90
106 86
20 172
12 180
73 119
49 143
59 133
122 70
183 9
143 49
74 118
34 158
100 92
60 132
64 128
159 33
138 54
105 87
101 91
181 11
158 34
75 117
146 46
177 15
91 101
161 31
80 112
145 47
46 146
111 81
26 166
119 73
173 19
0 192
107 85
179 13
169 23
10 182
176 16
185 7
139 54
111 82
122 71
178 17
7 186
41 152
148 45
46 147
86 107
161 32
125 68
54 139
145 48
24 169
18 175
5 188
114 79
112 81
91 102
102 91
6 187
73 120
27 166
146 47
3 190
60 133
135 58
170 23
159 34
81 112
168 25
96 97
182 11
95 98
124 69
132 61
32 161
100 93
33 160
119 74
130 63
177 16
101 92
118 75
40 153
70 123
62 131
137 56
35 158
186 7
115 78
8 185
37 156
59 134
147 46
166 27
97 96
180 13
84 109
105 88
188 5
52 141
92 101
25 168
51 142
55 138
76 117
98 95
179 14
83 110
10 183
71 122
77 116
87 106
128 65
134 59
160 33
82 111
53 140
19 174
74 119
133 62
64 129
144 49
65 128
69 124
173 20
126 67
63 130
29 164
116 77
189 4
22 171
175 18
80 113
13 180
142 51
149 44
108 85
172 21
193 0
129 64
162 31
26 167
165 28
104 89
67 126
138 55
117 76
89 104
157 36
88 105
31 162
107 86
39 154
2 191
103 90
1 192
185 8
48 145
49 144
131 62
58 135
17 176
164 29
16 177
68 125
151 42
38 155
109 84
90 103
143 50
192 1
99 94
140 53
34 159
47 146
178 15
123 70
153 40
21 172
154 39
15 178
93 100
110 83
141 52
191 2
158 35
14 179
57 136
85 108
23 170
183 10
78 115
75 118
121 72
61 132
12 181
136 57
4 189
79 114
155 38
94 99
167 26
184 9
120 73
171 22
72 121
174 19
189 5
145 49
2 192
161 33
94 100
56 138
37 157
150 44
39 155
152 42
128 66
59 135
131 63
129 65
66 128
50 144
194 0
30 164
48 146
74 120
176 18
87 107
92 102
96 98
180 14
186 8
49 145
185 9
57 137
193 1
51 143
54 140
40 154
14 180
164 30
123 71
89 105
3 191
127 69
93 101
22 172
72 122
155 39
163 31
173 21
68 126
120 74
106 88
136 58
113 81
83 111
111 83
31 163
139 55
97 97
175 19
12 182
178 16
135 59
156 38
64 130
107 87
133 61
27 167
192 2
19 175
77 117
9 185
102 92
148 46
24 170
125 69
162 32
44 150
88 106
172 22
165 29
60 134
105 89
184 10
137 57
33 161
121 73
170 24
188 6
42 152
55 139
53 141
126 68
153 41
159 35
20 174
138 56
116 78
32 162
104 90
169 25
147 47
112 82
177 17
157 37
67 127
110 84
149 45
103 91
171 23
101 93
167 27
41 153
85 109
179 15
65 129
168 26
21 173
98 96
38 156
190 4
140 54
11 183
7 187
130 64
132 62
143 51
119 75
0 194
17 177
69 125
100 94
13 181
4 190
124 70
90 104
10 184
58 136
117 77
71 123
34 160
146 48
82 112
144 50
35 159
166 28
134 60
127 67
79 115
122 72
36 158
151 43
158 36
191 3
78 116
6 188
63 131
160 34
141 53
84 110
182 12
43 151
8 186
142 52
95 99
114 80
73 121
118 76
16 178
80 114
25 169
154 40
76 118
28 166
47 147
26 168
61 133
62 132
99 95
115 79
108 86
75 119
15 179
86 108
109 85
18 176
17 178
125 70
56 139
175 20
80 115
183 12
136 59
90 105
16 179
29 166
18 177
194 1
93 102
68 127
85 110
57 138
32 163
62 133
172 23
83 112
43 152
19 176
100 95
10 185
115 80
4 191
39 156
76 119
168 27
101 94
165 30
108 87
188 7
20 175
117 78
71 124
171 24
35 160
97 98
69 126
180 15
14 181
110 85
154 41
132 63
41 154
94 101
155 40
96 99
30 165
139 56
126 69
105 90
6 189
128 67
91 104
2 193
111 84
92 103
184 11
11 184
72 123
116 79
51 144
144 51
5 190
191 4
12 183
152 43
148 47
193 2
66 129
120 75
44 151
49 146
86 109
121 74
145 50
158 37
78 117
185 10
130 65
162 33
195 0
84 111
179 16
150 45
67 128
95 100
61 134
122 73
70 125
87 108
58 137
15 180
164 31
74 121
98 97
119 76
38 157
8 187
0 195
21 174
50 145
109 86
131 64
99 96
60 135
118 77
7 188
149 46
113 82
79 116
28 167
124 71
176 19
134 61
174 21
102 93
140 55
143 52
82 113
127 68
169 26
129 66
167 28
24 171
106 89
27 168
75 120
159 36
135 60
36 159
160 35
182 13
123 72
147 48
42 153
186 9
26 169
23 172
151 44
63 132
48 147
3 192
45 150
9 186
166 29
190 5
163 32
53 142
54 141
170 25
192 3
156 39
146 49
52 143
157 38
189 6
112 83
103 92
181 14
138 57
33 162
153 42
64 131
31 164
162 35
73 122
34 161
137 58
81 114
1 194
47 148
25 170
40 155
177 18
107 88
187 8
141 54
89 106
13 182
59 136
112 86
136 60
123 73
188 8
3 193
155 41
1 195
78 118
10 186
22 174
164 32
97 99
37 159
85 111
0 196
144 52
15 181
153 43
109 87
96 100
71 125
192 4
156 40
81 115
158 38
53 143
173 23
180 16
187 9
193 3
61 135
118 78
106 90
148 48
181 15
32 164
83 113
8 188
75 121
160 36
40 156
150 46
33 163
70 126
163 33
34 162
26 170
120 76
23 173
168 28
2 194
183 13
56 140
76 120
7 189
113 83
103 93
74 122
55 141
125 71
195 1
131 65
108 88
89 107
39 157
117 79
132 64
165 31
12 184
101 95
166 30
49 147
43 153
95 101
50 146
152 44
46 150
138 58
59 137
169 27
72 124
154 42
82 114
73 123
159 37
58 138
147 49
190 6
121 75
9 187
137 59
68 128
19 177
104 92
94 102
196 0
112 84
124 72
162 34
17 179
4 192
176 20
20 176
151 45
31 165
44 152
35 161
66 130
116 80
88 108
90 106
186 10
182 14
77 119
5 191
64 132
13 183
110 86
119 77
185 11
33 165
62 134
139 57
47 149
80 116
140 56
111 85
21 175
63 133
161 35
41 155
177 19
128 68
14 182
102 94
184 12
52 144
129 67
191 5
194 2
92 104
30 166
65 131
28 168
84 112
29 167
11 185
51 145
57 139
172 24
27 169
25 171
87 109
48 148
114 82
98 98
100 96
130 66
135 61
115 81
6 190
189 7
105 91
167 29
24 172
146 50
122 74
36 160
126 70
93 103
18 178
142 54
171 25
145 51
157 39
174 22
38 158
190 7
171 26
48 149
117 80
120 77
72 125
19 178
111 86
68 129
2 195
194 3
56 141
78 119
86 111
99 98
0 197
79 118
94 103
92 105
3 194
25 172
156 41
73 124
133 64
82 115
148 49
152 45
112 85
76 121
179 18
193 4
80 117
38 159
185 12
189 8
23 174
14 183
169 28
125 72
140 57
103 94
191 6
4 193
55 142
51 146
11 186
29 168
85 112
75 122
35 162
175 22
87 110
97 100
93 104
33 164
181 16
63 134
196 1
100 97
192 5
45 152
1 196
166 31
40 157
131 66
24 173
154 43
187 10
91 106
174 23
46 151
142 55
53 144
6 191
21 176
163 34
186 11
144 53
18 179
160 37
71 126
130 67
95 102
110 87
165 32
31 166
8 189
98 99
126 71
47 150
67 130
54 143
57 140
180 17
183 14
119 78
15 182
173 24
70 127
137 60
105 92
13 184
118 79
89 108
135 62
167 30
106 91
122 75
177 20
132 65
37 160
170 27
7 190
159 38
12 185
102 95
41 156
77 120
195 2
60 137
96 101
26 171
104 93
10 187
155 42
151 46
176 21
30 167
178 19
50 147
157 40
65 132
146 51
27 170
101 96
61 136
136 61
74 123
69 128
34 163
58 139
108 89
36 161
66 131
22 175
115 82
197 0
20 177
172 25
145 52
129 68
5 192
39 158
16 181
168 29
81 116
42 155
17 180
123 74
164 33
62 135
9 188
114 83
32 165
121 76
44 153
116 81
43 154
158 39
139 58
161 36
174 25
153 44
124 73
188 9
134 63
182 15
28 169
83 114
59 138
150 47
64 133
143 54
184 13
83 115
70 128
41 157
173 25
189 9
6 192
81 117
5 193
34 164
109 89
75 123
142 56
18 180
103 95
15 183
39 159
46 152
54 144
192 6
62 136
141 57
146 52
155 43
61 137
136 62
52 146
148 50
21 177
150 48
183 15
0 198
160 38
72 126
198 0
71 127
157 41
126 72
84 114
188 10
57 141
31 167
114 84
22 176
193 5
166 32
123 75
182 16
179 19
194 4
167 31
24 174
172 26
10 188
20 180
197 1
145 53
1 197
191 7
164 34
139 59
14 184
156 42
143 55
30 168
168 30
29 169
176 22
149 49
115 83
88 110
64 134
171 27
127 71
60 138
94 104
106 92
98 100
178 20
187 13
49 149
175 25
118 80
55 143
116 82
80 118
159 39
113 85
13 185
58 140
153 45
78 120
104 94
181 17
12 186
144 54
105 93
47 151
85 113
196 4
147 51
65 133
36 162
195 3
2 196
73 125
40 158
119 79
37 161
68 130
177 21
154 44
100 98
4 194
135 63
196 2
17 181
161 37
102 96
124 74
158 40
43 155
89 109
77 121
20 178
151 47
121 77
190 8
130 68
7 191
28 170
134 64
129 69
38 160
69 129
152 46
19 179
82 116
122 76
96 102
79 119
35 163
74 124
86 112
23 175
125 73
132 66
63 135
56 142
91 107
3 195
95 103
32 166
97 101
165 33
8 190
101 97
50 148
99 99
187 11
16 182
59 139
131 67
137 61
25 173
45 153
93 105
133 65
110 88
170 28
128 70
51 147
138 60
9 189
174 24
92 106
67 131
87 111
175 23
27 171
90 108
111 87
76 122
120 78
184 14
180 18
186 12
140 58
169 29
48 150
29 170
108 91
107 92
126 73
135 64
166 33
77 122
54 145
171 28
127 72
61 138
138 61
199 0
145 54
117 82
181 18
176 25
16 183
35 164
45 154
64 135
74 125
122 77
141 58
11 188
58 141
86 113
31 168
26 173
43 156
89 110
153 48
144 55
185 14
149 50
188 11
36 163
25 174
121 78
23 176
104 95
119 80
18 181
71 128
147 52
115 84
72 127
69 130
153 46
151 48
175 24
190 9
132 67
24 175
51 148
187 12
154 45
17 182
156 43
124 75
194 5
37 162
78 121
42 157
169 30
130 69
140 59
105 94
111 88
27 172
155 44
143 58
84 115
191 8
62 137
14 185
97 102
106 93
176 23
128 71
63 136
3 196
67 132
66 133
180 19
168 31
20 179
157 42
65 134
189 10
152 47
57 142
134 65
13 186
150 49
159 40
60 139
81 118
48 151
6 193
4 195
52 147
21 178
9 190
103 96
19 180
5 194
129 70
109 90
186 13
183 16
136 63
87 112
8 191
104 97
197 2
46 153
178 21
68 131
162 37
39 160
170 29
172 27
40 159
41 158
85 114
101 98
49 150
192 7
195 4
79 120
28 171
10 189
2 197
76 123
32 167
118 81
123 76
160 39
114 85
120 79
38 161
75 124
93 106
82 117
91 108
98 101
142 57
7 192
50 149
90 109
1 198
83 116
22 177
100 99
94 105
59 140
161 38
44 155
12 187
47 152
56 143
102 97
92 107
96 103
196 3
43 158
88 111
158 41
143 56
70 129
95 104
30 169
173 26
164 35
125 74
53 146
55 144
99 100
116 84
115 85
99 101
50 150
186 14
75 125
55 145
135 65
164 36
128 72
134 66
180 20
167 33
200 0
49 151
15 185
132 68
119 81
121 79
114 86
62 138
4 196
37 163
52 148
3 197
19 181
191 9
31 169
11 189
112 88
34 166
177 23
130 70
194 6
46 154
36 164
9 191
87 113
166 34
109 91
48 152
179 21
155 45
59 141
111 89
103 97
151 49
129 71
161 39
86 114
38 162
154 46
47 153
72 128
139 61
91 109
173 27
60 140
84 116
22 178
29 171
142 58
57 143
61 139
188 12
14 186
124 76
136 64
65 135
107 93
63 137
97 103
199 1
172 28
144 56
198 2
82 118
81 119
30 170
158 42
18 182
143 57
160 40
125 75
95 105
85 115
170 30
137 63
192 8
100 100
66 134
150 50
53 147
25 175
171 29
8 192
88 112
43 157
140 60
190 10
6 194
138 62
92 108
13 187
147 53
98 102
102 98
106 94
0 200
133 67
40 160
189 11
83 117
165 35
21 179
195 5
64 136
89 111
1 199
105 95
93 107
122 78
162 38
159 41
104 96
146 54
58 142
197 3
127 73
71 129
42 158
79 121
12 188
78 122
117 83
94 106
2 198
54 146
184 16
17 183
23 177
80 120
131 69
123 77
24 176
56 144
7 193
153 47
90 110
108 92
68 132
96 104
183 17
77 123
101 99
152 48
181 19
149 51
120 80
193 7
76 124
182 18
157 43
168 32
110 90
148 52
169 31
28 172
10 190
39 161
45 155
70 130
33 167
126 74
156 44
69 131
176 24
74 126
27 173
32 168
35 165
77 124
137 64
113 88
170 31
60 141
168 33
134 67
139 62
90 111
180 21
157 44
99 102
7 194
48 153
129 72
186 15
56 145
169 32
148 53
22 179
138 63
29 172
47 154
16 185
65 136
35 166
200 1
12 189
179 22
149 52
171 30
70 131
32 169
24 177
103 98
101 100
14 187
40 161
123 78
1 200
26 175
11 190
118 83
163 38
82 119
124 77
64 137
194 7
95 106
94 107
161 40
150 51
98 103
59 142
166 35
112 89
58 143
145 56
49 152
38 163
195 6
67 134
156 45
97 104
3 198
108 93
105 96
81 120
75 126
2 199
135 66
183 18
201 0
144 57
110 91
155 46
25 176
37 164
102 99
174 27
107 94
51 150
45 156
193 8
28 173
91 110
61 140
8 193
96 105
84 117
92 109
132 69
167 34
41 160
146 55
189 12
109 92
62 139
126 75
34 167
140 61
13 188
133 68
173 28
87 114
177 24
100 101
42 159
127 74
125 76
79 122
197 6
31 170
72 129
152 49
4 197
0 201
147 54
23 178
80 121
9 194
165 36
128 73
36 165
115 86
182 19
136 65
199 2
78 123
141 60
122 79
71 130
54 147
181 20
15 186
30 171
50 151
17 184
66 135
185 16
52 149
116 85
74 127
184 17
192 9
19 182
142 59
119 82
154 47
63 138
55 146
172 29
130 71
5 196
10 191
159 42
162 39
93 108
178 23
89 112
164 37
44 157
73 128
106 95
76 125
111 90
33 168
121 80
68 133
151 50
190 11
117 84
9 192
69 132
198 3
120 81
6 195
88 113
85 116
131 70
18 183
28 174
120 82
27 175
42 160
6 196
129 73
184 18
70 132
186 16
36 166
195 7
112 90
5 197
108 94
40 162
92 110
103 99
57 145
26 176
148 54
76 126
131 71
53 149
23 179
98 104
63 139
111 91
185 17
164 38
168 34
123 79
130 72
124 78
156 46
165 37
180 22
4 198
141 61
8 194
200 2
12 190
149 53
72 130
46 156
49 153
3 199
134 68
62 140
152 50
24 178
32 170
137 65
133 69
10 192
51 151
30 172
196 6
86 116
121 81
135 67
25 177
59 143
178 24
122 80
191 11
29 173
142 60
55 147
69 133
109 93
132 70
118 84
31 171
128 74
202 0
194 8
169 33
155 47
60 142
1 201
78 124
18 184
41 161
7 195
68 134
115 87
100 102
166 36
91 111
116 86
93 109
167 35
45 157
140 62
102 100
113 89
193 9
71 131
183 19
37 165
13 189
79 123
197 5
17 185
52 150
38 164
94 108
22 180
189 13
150 52
190 12
99 103
14 188
157 45
56 146
39 163
160 42
174 28
47 155
151 51
159 43
97 105
84 118
0 202
198 4
145 57
11 191
106 96
50 152
158 44
138 64
125 77
146 56
96 106
16 186
19 183
201 1
163 39
82 120
85 117
89 113
147 55
181 21
80 122
172 30
65 137
9 193
90 112
173 29
187 15
15 187
48 154
67 135
127 75
2 200
74 128
170 32
61 141
117 85
77 125
88 114
136 66
64 138
162 40
114 88
182 20
161 41
87 115
66 136
81 121
33 169
95 107
58 144
110 92
75 127
34 168
20 182
139 63
76 127
165 38
52 151
2 201
18 185
98 105
0 203
115 88
203 0
172 31
140 63
131 72
62 141
160 43
77 126
35 168
135 68
198 5
10 193
141 62
61 142
119 84
152 51
38 165
57 146
191 12
121 82
112 91
106 97
15 188
23 180
51 152
31 172
163 40
36 167
150 53
57 148
168 39
1 202
157 46
129 74
148 55
161 42
67 136
159 44
162 41
156 47
130 73
85 118
65 138
169 34
111 92
73 130
47 156
70 133
192 11
147 56
20 183
128 75
108 95
7 196
100 103
187 16
181 22
94 109
102 101
26 177
14 189
186 17
27 176
45 158
104 99
124 79
28 175
46 157
32 171
88 115
49 154
13 190
170 33
60 143
184 19
91 112
138 65
22 181
71 132
195 8
95 108
83 120
11 192
39 164
6 197
168 35
202 1
153 50
132 71
180 23
123 80
117 86
48 155
175 28
43 160
34 169
8 195
196 7
179 24
17 186
81 122
105 98
109 94
33 170
137 66
86 117
96 107
93 110
142 61
136 67
25 178
173 30
103 100
50 153
182 21
54 149
164 39
55 148
114 89
58 145
149 54
74 129
66 137
120 83
3 200
133 70
158 45
166 37
12 191
167 38
75 128
113 90
122 81
21 182
16 187
99 104
126 77
87 116
63 140
24 179
134 69
193 10
110 93
78 125
171 32
19 184
42 161
178 25
53 150
155 48
69 134
139 64
79 124
5 198
37 166
109 96
40 163
30 173
97 106
143 60
44 159
127 76
89 114
177 26
167 36
101 102
199 4
146 57
194 9
118 85
41 162
59 144
201 2
107 96
116 87
185 18
189 14
64 139
80 123
90 113
4 199
8 196
155 49
73 131
186 18
130 74
35 169
69 135
182 22
189 15
14 190
108 96
161 43
15 189
102 102
158 46
187 17
95 109
33 171
46 158
68 136
96 108
16 188
92 112
106 98
88 116
93 111
89 115
169 35
78 126
85 119
60 144
98 106
61 143
86 118
66 138
32 172
167 39
152 52
149 55
36 168
31 173
111 93
125 79
109 95
141 63
52 152
194 10
39 165
41 163
50 154
132 72
80 124
7 197
2 202
134 70
184 20
120 84
105 99
167 37
64 140
59 145
54 150
119 85
196 8
204 0
37 167
192 12
65 139
117 87
131 73
142 62
38 166
70 134
49 155
175 29
25 179
5 199
57 147
118 86
84 120
157 47
190 14
104 100
83 121
20 184
122 82
115 89
34 170
110 94
116 88
166 38
199 5
147 57
188 16
30 174
77 127
112 92
168 38
75 129
181 23
129 75
56 148
100 104
28 176
170 34
24 180
97 107
51 153
126 78
72 132
71 133
26 178
179 25
172 32
27 177
185 19
165 39
107 97
48 156
191 13
13 191
195 9
79 125
18 186
67 137
94 110
153 51
1 203
4 200
87 117
43 161
44 160
135 69
23 181
163 41
91 113
143 61
137 67
113 91
162 42
11 193
123 81
148 56
63 141
160 44
180 24
171 33
144 60
178 26
82 122
203 1
168 36
159 45
183 21
169 39
74 130
124 80
138 66
202 2
121 83
101 103
19 185
133 71
177 27
76 128
128 76
150 54
12 192
47 157
22 182
99 105
176 28
3 201
127 77
193 11
29 175
21 183
62 142
45 159
90 114
0 204
140 64
58 146
81 123
174 30
40 164
6 198
114 90
17 188
117 88
99 106
6 199
199 6
172 33
107 98
22 183
126 79
47 158
187 18
55 150
82 123
157 48
46 159
139 66
197 8
28 177
81 124
10 195
64 141
196 9
184 21
177 28
20 185
154 51
97 108
198 7
8 197
59 146
79 126
11 194
159 46
185 20
4 201
142 63
156 49
150 55
133 72
12 193
105 100
37 168
178 27
69 136
91 114
83 122
58 147
176 29
171 34
129 76
179 26
189 16
118 87
182 23
163 42
84 121
42 163
174 31
66 139
106 99
131 74
34 171
119 86
32 173
146 59
104 101
113 92
188 17
19 186
169 38
88 117
203 2
50 155
52 153
48 157
21 184
132 73
195 10
121 84
96 109
161 44
102 103
87 118
27 178
13 192
149 56
136 69
85 120
158 47
128 77
56 149
137 68
108 97
63 142
72 133
5 200
62 143
190 15
53 152
39 166
167 40
38 167
51 154
144 61
73 132
168 37
141 64
127 78
173 32
92 113
89 116
26 179
18 187
186 19
40 165
116 89
164 41
33 172
36 169
101 104
160 45
200 5
130 75
61 144
165 40
170 35
90 115
148 57
181 24
122 83
164 43
29 176
98 107
30 175
71 134
49 156
76 129
78 127
114 91
67 138
44 161
183 22
103 102
80 125
2 203
14 191
151 54
191 14
60 145
110 95
23 182
138 67
124 81
135 70
95 110
134 71
74 131
7 198
24 181
1 204
65 140
54 151
180 25
15 190
125 80
100 105
175 30
111 94
31 174
155 50
43 162
192 13
16 189
0 205
152 53
145 60
41 164
166 39
70 135
162 43
93 112
94 111
9 196
77 128
120 85
193 12
35 170
204 1
3 202
115 90
123 82
194 11
140 65
201 4
91 115
126 80
142 64
116 90
206 0
199 7
12 194
111 95
146 60
150 56
21 185
66 140
161 45
20 186
29 177
135 71
44 162
136 70
122 84
204 2
25 181
187 19
170 36
5 201
100 106
148 58
143 63
10 196
145 61
121 85
39 167
97 109
137 69
184 22
17 189
180 26
162 44
201 5
158 48
117 89
164 44
79 127
118 88
13 193
49 157
93 113
120 86
52 154
138 68
54 152
144 62
147 59
76 130
46 160
154 52
48 158
77 129
104 102
28 178
176 30
112 94
62 144
35 171
75 131
68 138
4 202
31 175
106 100
124 82
84 122
60 146
65 141
105 101
174 32
61 145
34 172
132 74
37 169
181 25
2 204
69 137
73 133
165 41
202 4
129 77
192 14
141 65
125 81
23 183
198 8
182 24
159 47
24 182
16 190
205 1
32 174
88 118
103 103
177 29
74 132
50 156
108 98
114 92
183 23
51 155
102 104
9 197
45 161
14 192
123 83
89 117
53 153
189 17
191 15
42 164
172 34
170 38
155 51
33 173
203 3
128 78
113 93
38 168
43 163
175 31
160 46
22 184
115 91
64 142
36 170
11 195
200 6
190 16
15 191
96 110
166 40
101 105
196 10
71 135
0 206
55 151
151 55
194 12
67 139
3 203
149 57
153 53
178 28
188 18
86 120
80 126
83 123
8 198
92 114
78 128
163 43
90 116
107 99
59 147
82 124
72 134
179 27
98 108
70 136
193 13
94 112
27 179
81 125
63 143
18 188
19 187
186 20
140 66
85 121
87 119
95 111
152 54
119 87
130 76
41 165
6 200
40 166
30 176
169 37
99 107
7 199
157 49
133 73
156 50
139 67
56 150
47 159
131 75
112 95
58 149
200 7
41 166
60 147
24 183
148 59
184 23
193 14
11 196
157 50
140 67
77 130
123 84
42 165
73 134
177 32
177 30
145 62
16 191
27 180
53 154
51 156
175 32
9 198
6 201
119 88
50 157
97 110
56 151
15 192
113 94
185 22
202 5
36 171
103 104
186 21
45 162
127 80
108 99
104 103
194 13
207 0
172 35
204 3
86 121
52 155
38 169
17 190
115 92
121 86
206 1
162 45
147 62
70 137
95 112
25 182
72 135
71 136
66 141
105 102
91 116
141 66
198 9
82 125
49 158
62 145
173 34
152 55
78 129
166 41
88 119
135 72
64 143
199 8
1 206
13 194
129 78
134 73
188 19
120 87
35 172
182 25
176 31
83 124
20 187
28 179
111 96
130 77
31 176
106 101
139 68
116 91
122 85
117 90
150 57
146 61
189 18
114 93
154 53
153 58
187 20
153 54
76 131
101 106
201 6
23 184
30 177
109 98
138 69
174 33
155 52
89 118
205 2
142 65
65 142
151 56
102 105
159 48
93 114
100 107
47 160
44 163
55 152
14 193
191 16
19 188
87 120
94 113
0 207
128 79
57 150
34 173
39 168
170 37
179 28
5 202
68 139
92 115
133 74
67 140
197 10
4 203
90 117
190 17
69 138
171 36
132 75
85 122
126 81
32 175
80 127
29 178
54 153
59 148
161 46
48 159
158 49
79 128
43 164
144 63
149 58
63 144
156 51
178 29
181 26
12 195
61 146
147 60
163 44
37 170
160 47
152 57
131 76
195 12
75 132
74 133
40 167
136 71
107 100
8 199
110 97
7 200
22 185
46 161
196 11
137 70
124 83
3 204
84 123
81 126
203 4
99 108
14 194
33 175
157 51
91 117
118 90
8 200
203 5
202 6
147 61
180 28
61 147
185 23
138 70
18 190
98 110
31 177
3 205
194 14
92 116
56 152
20 188
81 127
63 145
200 8
23 185
88 120
107 101
186 22
49 159
131 77
174 34
132 76
100 108
20 190
0 208
184 24
47 161
199 9
67 141
59 149
38 170
113 95
64 144
40 168
12 196
68 140
30 178
128 80
160 48
130 78
55 153
142 66
204 4
190 18
105 103
112 96
119 89
94 114
39 169
176 32
103 105
125 83
96 112
22 186
172 36
52 156
25 183
145 63
2 206
73 135
99 109
87 121
93 115
46 162
34 174
154 54
48 160
196 12
111 97
6 202
127 81
43 165
44 164
65 143
97 111
76 132
197 11
189 19
149 59
42 166
27 181
70 138
166 42
37 171
26 182
137 71
124 84
51 157
89 119
45 163
29 179
41 167
50 158
90 118
191 17
102 106
181 27
19 189
117 91
121 87
95 113
66 142
151 57
208 0
134 74
159 49
104 104
101 107
140 68
109 99
133 75
141 67
201 7
4 204
146 62
206 2
155 53
114 94
144 64
198 10
9 199
72 136
120 88
207 1
178 30
60 148
71 137
10 198
78 130
139 69
171 37
16 192
123 85
77 131
183 25
163 45
106 102
156 52
122 86
152 58
82 126
136 72
36 172
57 151
152 56
150 58
126 82
162 46
153 57
158 50
54 154
129 79
135 73
28 180
187 21
74 134
116 92
80 128
86 122
177 31
21 187
85 123
143 65
7 201
205 3
53 155
179 29
83 125
175 33
58 150
75 133
110 98
5 203
15 193
24 184
69 139
17 191
63 146
126 83
78 131
2 207
174 35
17 192
93 116
36 173
112 97
159 50
97 112
146 63
16 193
80 129
134 75
135 74
60 149
154 55
14 195
74 135
26 183
15 194
178 31
119 90
52 157
66 143
84 125
154 57
173 36
205 4
96 113
29 180
138 71
20 189
23 186
45 164
55 154
143 66
100 109
152 59
160 49
62 147
115 94
19 190
95 114
113 96
13 196
70 139
156 53
77 132
108 101
153 56
137 72
139 70
124 85
101 108
163 46
43 166
118 91
48 161
61 148
172 37
155 54
73 136
207 2
121 88
8 201
49 160
201 8
186 23
82 127
128 81
195 14
68 141
37 172
71 138
88 121
89 120
198 11
47 162
185 24
103 106
117 92
39 170
27 182
104 105
6 203
79 130
92 117
28 181
32 177
125 84
140 69
149 60
190 19
53 156
179 30
151 58
200 9
46 163
158 51
69 140
181 28
102 107
157 52
81 128
35 174
30 179
192 17
114 95
161 48
194 15
162 47
122 87
191 18
4 205
183 26
127 82
25 184
106 103
203 6
166 43
188 21
175 34
12 197
44 165
7 202
109 100
193 16
75 134
202 7
120 89
87 122
141 68
142 67
91 118
129 80
208 1
176 33
18 191
0 209
94 115
50 159
206 3
144 65
21 188
132 77
131 78
123 86
197 12
133 76
31 178
167 42
98 111
58 151
40 169
33 176
9 200
5 204
180 29
34 175
22 187
189 20
42 167
56 153
85 124
38 171
130 79
41 168
3 206
54 155
136 73
10 199
148 61
110 99
116 93
111 98
24 185
199 10
72 137
86 123
90 119
184 25
76 133
182 27
107 102
65 144
99 111
9 201
24 186
32 178
128 82
15 195
208 2
100 110
182 28
17 193
164 46
22 188
30 180
192 18
39 171
207 3
196 14
181 29
198 12
0 210
152 60
162 48
74 136
193 17
85 125
194 16
190 20
63 147
142 68
151 59
44 166
19 191
206 4
118 94
163 47
28 182
68 142
66 144
150 60
34 176
200 10
199 11
124 86
189 21
97 113
104 106
70 140
91 119
110 100
77 133
155 55
7 203
12 198
38 172
122 88
80 130
83 127
134 76
180 30
95 115
179 31
4 206
127 83
161 49
133 77
67 143
46 164
145 65
139 71
79 131
71 139
176 34
49 161
82 128
56 154
146 64
105 105
47 163
112 98
54 156
64 146
130 80
183 27
186 24
137 73
204 6
41 169
121 89
203 7
53 157
197 13
5 205
51 159
57 153
116 94
11 199
43 167
138 72
45 165
115 95
96 114
16 194
119 91
81 129
29 181
167 43
109 101
98 112
26 184
171 39
160 50
202 8
72 138
210 0
173 37
76 134
158 52
94 116
187 23
175 35
135 75
2 208
90 120
140 70
55 155
172 38
102 108
117 93
88 122
13 197
35 175
36 174
18 192
143 67
1 209
106 104
65 145
132 78
165 45
195 15
23 187
149 61
159 51
126 84
93 117
3 207
78 132
123 87
61 149
136 74
118 92
75 135
188 22
201 9
60 150
103 107
86 124
42 168
6 204
67 145
113 97
184 26
205 5
157 53
50 160
25 185
101 109
40 170
209 1
168 42
107 103
21 189
166 44
59 151
69 141
84 126
185 25
156 54
144 66
114 96
111 99
154 56
3 208
190 21
86 125
96 115
47 164
68 143
142 69
77 134
38 173
2 209
179 32
72 139
40 171
165 46
173 38
146 65
55 156
15 196
118 93
106 105
184 27
30 181
141 70
145 66
170 41
85 126
89 122
50 161
114 97
51 160
134 77
5 206
80 131
35 176
69 142
36 175
181 30
171 40
41 170
54 157
25 186
107 104
63 148
84 127
178 33
42 169
53 158
137 74
167 44
103 108
133 78
160 51
58 153
125 86
135 76
166 45
207 4
140 71
34 177
90 121
97 116
83 128
102 109
192 19
150 61
169 42
27 184
189 22
139 72
95 116
11 200
198 13
121 90
187 24
60 151
31 180
164 47
101 110
129 82
113 98
39 172
4 207
209 2
138 73
10 201
126 85
183 28
48 163
8 203
16 195
1 210
78 133
32 181
119 94
82 129
99 112
112 99
28 183
14 197
147 64
17 194
24 187
117 94
155 56
210 1
97 114
202 9
193 18
26 185
199 12
52 159
132 79
32 179
188 23
111 100
186 25
29 182
75 136
57 154
204 7
56 155
74 137
143 68
208 3
151 60
163 48
49 162
9 202
6 205
203 8
196 15
19 192
200 11
65 146
59 152
45 166
92 119
94 117
191 20
43 168
177 34
76 135
211 0
161 50
195 16
144 67
123 88
127 84
18 193
105 106
110 101
22 189
61 150
156 55
67 144
194 17
182 29
206 5
13 198
104 107
201 10
98 113
122 89
73 138
71 140
79 132
109 102
157 54
116 95
172 39
205 6
120 91
119 92
12 199
93 118
128 83
131 80
197 14
70 141
176 35
159 52
46 165
174 37
66 145
113 99
90 122
54 158
179 33
46 166
98 116
1 211
41 171
100 112
53 159
123 89
102 110
45 167
66 146
166 46
34 178
159 53
156 56
177 35
146 66
44 168
131 81
139 73
185 27
171 41
205 7
52 160
22 190
148 64
158 54
192 20
27 185
33 179
2 210
4 208
197 15
136 76
182 30
75 137
119 93
165 47
110 102
200 12
62 150
96 116
30 182
187 25
39 173
48 164
56 156
8 204
212 0
84 128
150 62
173 39
169 43
11 201
18 194
133 79
78 134
73 139
137 75
188 24
147 65
210 2
38 174
86 126
142 70
104 108
12 200
174 38
140 72
161 51
72 140
203 9
83 129
122 90
26 186
125 87
181 31
135 77
40 172
189 23
172 40
88 124
17 195
31 181
199 13
93 119
178 34
176 36
151 61
14 198
186 26
121 91
99 117
103 109
99 113
77 135
28 184
112 100
49 163
143 69
130 82
81 131
138 74
211 1
204 8
21 191
24 188
51 161
7 205
20 192
6 206
25 187
117 95
35 177
132 80
194 18
184 28
109 103
207 5
126 86
202 10
195 17
74 138
58 154
163 49
36 176
168 44
79 133
145 67
23 189
160 52
193 19
190 22
5 207
3 209
98 114
0 212
32 180
144 68
170 42
92 120
16 196
55 157
42 170
85 127
15 197
175 37
68 144
87 125
206 6
127 85
71 141
43 169
60 152
10 202
183 29
196 16
65 147
61 151
114 98
111 101
95 117
157 55
101 111
167 45
59 153
13 199
120 92
64 148
80 132
164 48
128 84
208 4
201 11
19 193
106 106
37 175
108 104
116 96
50 162
69 143
47 165
134 78
141 71
89 123
198 14
107 105
124 88
156 57
174 39
66 147
47 166
20 193
165 48
154 59
198 15
37 176
157 56
177 36
133 80
182 31
36 177
160 53
135 78
163 50
212 1
16 197
180 33
121 92
183 30
14 199
199 14
2 211
110 103
41 172
181 32
99 116
79 134
184 29
18 195
51 162
130 83
58 155
80 133
70 143
201 12
179 34
98 117
35 178
42 171
13 200
99 114
11 202
176 37
129 84
84 129
12 201
93 120
203 10
64 149
62 151
142 71
208 5
86 127
27 186
158 55
78 135
101 112
137 76
60 153
173 40
91 122
76 137
7 206
187 26
59 154
3 210
63 150
50 163
204 9
8 205
1 212
175 38
166 47
73 140
15 198
136 77
140 73
188 25
155 58
132 81
19 194
25 188
44 169
40 173
144 69
17 196
87 126
185 28
109 104
150 63
46 167
31 182
98 115
210 3
105 108
162 51
65 148
123 90
10 203
168 45
43 170
117 96
159 54
192 21
38 175
164 49
69 144
48 165
171 42
6 207
24 189
89 124
120 93
29 184
167 46
113 100
45 168
71 142
134 79
33 180
5 208
0 213
169 44
81 132
126 87
112 101
90 123
30 183
191 22
23 190
170 43
143 70
211 2
190 23
92 121
194 19
197 16
202 11
147 66
54 159
88 125
49 164
186 27
34 179
106 107
128 85
104 109
206 7
195 18
83 130
4 209
209 4
205 8
95 118
28 185
21 192
138 75
85 128
102 111
56 157
53 160
193 20
151 62
207 6
99 118
149 64
52 161
189 24
82 131
75 138
107 106
131 82
148 65
111 102
72 141
108 105
200 13
172 41
114 99
161 52
125 88
39 174
146 67
96 117
116 97
124 89
213 0
97 118
22 191
196 17
100 113
103 110
55 158
141 72
135 79
73 141
214 0
66 148
99 119
0 214
144 70
154 60
169 45
90 124
122 92
95 119
78 136
80 134
17 197
212 2
70 144
174 40
10 204
124 90
123 91
201 13
40 174
14 200
85 129
41 173
51 163
87 127
1 213
183 31
68 148
37 177
77 137
81 133
136 78
131 83
55 159
29 185
208 6
137 77
171 43
152 62
92 122
155 59
74 140
170 44
39 175
115 99
206 8
205 9
203 11
59 155
142 72
194 20
5 209
79 135
128 86
117 97
19 195
209 5
145 69
148 66
61 153
161 53
121 93
164 50
116 98
6 208
72 142
186 28
58 156
153 61
149 65
157 57
210 4
96 118
159 55
118 96
54 160
57 157
20 194
24 190
62 152
84 130
88 126
180 34
9 205
4 210
156 58
104 110
125 89
53 161
166 48
162 52
23 191
127 87
107 107
141 73
83 131
110 104
48 166
198 16
27 187
122 94
69 145
185 29
173 41
147 67
192 22
99 115
199 15
22 192
181 33
167 47
68 146
47 167
213 1
16 198
193 21
114 100
172 42
46 168
75 139
138 76
200 14
100 114
64 150
188 26
134 80
65 149
91 123
191 23
21 193
93 121
7 207
165 49
160 54
94 120
113 101
35 179
101 113
44 170
67 147
98 118
163 51
18 196
3 211
179 35
71 143
82 132
211 3
52 162
187 27
189 25
133 81
15 199
126 88
2 212
151 63
43 171
182 32
176 38
204 10
102 112
197 17
129 85
140 74
45 169
11 203
112 102
12 202
31 183
190 24
132 82
86 128
109 105
49 165
34 180
56 158
139 75
177 37
26 188
36 178
130 84
103 111
195 19
108 106
38 176
106 108
184 30
143 71
30 184
13 201
42 172
89 125
158 56
76 138
119 97
71 144
103 112
137 78
21 194
110 105
198 17
194 21
11 204
123 92
158 57
81 134
155 60
45 170
33 182
102 113
185 30
129 86
123 94
8 207
39 176
167 48
76 139
93 122
145 70
84 131
117 98
49 166
113 102
65 150
58 157
83 132
43 172
91 124
184 31
25 190
27 188
195 20
125 90
42 173
104 111
94 121
149 66
215 0
88 127
135 80
128 87
141 74
54 161
50 165
32 183
92 123
16 199
204 11
178 37
144 71
180 35
51 164
132 83
14 201
176 39
124 91
126 89
201 14
165 50
131 84
101 114
105 110
34 181
174 41
89 126
146 69
163 52
74 141
18 197
188 27
26 189
12 203
183 32
41 174
98 119
60 155
109 106
72 143
192 23
107 108
96 119
115 100
5 210
70 145
172 43
214 1
206 9
200 15
191 24
36 179
19 196
138 77
40 175
67 148
154 61
162 53
85 130
186 29
112 103
82 133
197 18
196 19
69 146
136 79
157 58
169 46
119 96
166 49
68 147
207 8
205 10
77 138
6 209
190 25
116 99
208 7
78 137
31 184
120 95
46 169
153 62
79 136
22 193
3 212
13 202
182 33
111 104
140 75
179 36
151 64
87 128
160 55
189 26
95 120
114 101
23 192
148 67
171 44
175 40
47 168
66 149
143 72
75 140
29 186
61 154
7 208
210 5
57 158
118 97
59 156
133 82
53 162
150 65
177 38
37 178
173 42
202 13
56 159
73 142
86 129
9 206
10 205
127 88
63 152
181 34
142 73
212 3
20 195
168 47
106 109
164 51
90 125
1 214
55 160
80 135
130 85
121 94
38 177
213 2
64 151
193 22
209 6
134 81
187 28
161 54
156 59
122 95
62 153
48 167
100 115
15 200
169 47
72 144
132 84
26 190
108 108
196 20
163 53
159 57
83 133
141 75
194 22
23 193
107 109
15 201
44 172
78 138
146 70
66 150
158 58
93 123
84 132
212 4
57 159
195 21
164 52
140 76
69 147
86 130
177 39
199 17
174 42
32 184
64 152
137 79
123 93
143 73
3 213
56 160
5 211
120 96
199 19
50 166
95 121
198 18
51 165
110 106
42 174
80 136
101 115
14 202
61 155
19 197
94 122
106 110
151 65
13 203
201 15
33 183
17 199
43 173
208 8
88 128
53 163
73 143
59 157
172 44
191 25
171 45
76 140
41 175
153 63
214 2
155 61
129 87
10 206
197 19
112 104
74 142
125 91
130 86
184 32
6 210
21 195
103 113
156 60
149 67
202 14
207 9
34 182
98 120
168 48
134 82
139 77
25 191
135 81
7 209
12 204
133 83
181 35
105 111
179 37
144 72
188 28
215 1
160 56
60 156
71 145
27 189
115 101
205 11
180 36
124 92
185 31
22 194
128 88
150 66
29 187
157 59
31 185
55 161
65 151
9 207
39 177
182 34
200 16
20 196
121 95
30 186
175 41
82 134
189 27
4 212
109 107
62 154
203 13
90 126
16 200
162 54
58 158
142 74
154 62
87 129
77 139
165 51
8 208
49 167
216 0
145 71
36 180
148 68
92 124
116 100
204 12
63 153
166 50
104 112
111 105
113 103
152 64
38 178
67 149
47 169
40 176
28 188
24 192
75 141
136 80
114 102
147 69
209 7
54 162
96 120
170 46
118 98
131 85
186 30
192 24
85 131
193 23
138 78
183 33
161 55
2 214
35 181
81 135
18 198
206 10
11 205
48 168
52 164
45 171
210 6
89 127
173 43
127 89
46 170
204 13
72 145
57 160
183 34
202 15
24 193
23 194
81 136
5 212
42 175
142 75
79 138
18 199
19 198
49 168
151 66
59 158
160 57
162 55
171 46
37 180
39 178
199 18
48 169
126 91
210 7
75 142
110 107
22 195
132 85
115 102
137 80
32 185
20 197
11 206
196 21
76 141
4 213
186 31
169 48
13 204
53 164
64 153
114 103
29 188
33 184
87 130
134 83
216 1
82 135
7 210
172 45
73 144
190 27
165 52
145 72
101 116
157 60
161 56
63 154
31 186
3 214
97 120
65 152
154 63
152 65
170 47
188 29
167 50
60 157
213 4
43 174
158 59
153 64
178 39
83 134
149 68
191 26
131 86
168 49
62 155
194 23
35 182
208 9
1 216
185 32
54 163
118 99
205 12
166 51
201 16
187 30
56 161
102 115
107 110
89 128
129 88
70 147
16 201
139 78
74 143
177 40
12 205
138 79
10 207
214 3
67 150
159 58
155 62
140 77
85 132
150 67
193 24
88 129
130 87
45 172
175 42
195 22
197 20
0 217
50 167
71 146
36 181
6 211
84 133
147 70
206 11
109 108
25 192
198 19
148 69
146 71
26 191
92 125
136 81
164 53
144 73
40 177
8 209
46 171
95 122
143 74
2 215
135 82
105 112
116 101
128 89
124 93
28 189
179 38
30 187
189 28
104 113
91 126
207 10
163 54
61 156
112 105
125 92
181 36
41 176
77 140
155 64
173 44
38 179
103 114
117 100
21 196
133 84
44 173
27 190
15 202
156 61
111 106
86 131
14 203
200 17
34 183
217 0
93 124
17 200
203 14
180 37
182 35
58 159
184 33
141 76
108 109
121 96
90 127
9 208
51 166
32 186
11 207
92 126
137 81
103 115
145 73
36 182
54 164
37 181
205 13
77 141
59 159
165 53
38 180
35 183
183 35
181 37
20 198
114 104
132 86
18 200
93 125
184 34
135 83
161 57
0 218
42 176
27 191
160 58
48 170
198 20
136 82
97 121
149 69
118 100
80 138
33 185
26 192
155 63
16 202
101 117
43 175
178 40
29 189
173 45
150 68
30 188
212 6
125 93
12 206
65 153
169 49
189 29
39 179
171 47
143 75
4 214
7 211
105 113
159 59
182 36
167 51
21 197
1 217
28 190
126 92
129 89
104 114
70 148
157 61
83 135
197 21
186 32
87 131
146 72
170 48
8 210
152 66
195 23
134 84
166 52
95 123
142 76
46 172
62 156
147 71
72 146
40 178
53 165
102 116
113 105
179 39
10 208
67 151
2 216
153 65
88 130
58 160
138 80
71 147
73 145
63 155
162 56
187 31
214 4
90 128
47 171
156 62
202 16
45 173
44 174
34 184
51 167
116 102
5 213
17 201
190 28
52 166
61 157
76 142
24 194
130 88
56 162
185 33
15 203
196 22
121 97
81 137
23 195
91 127
210 8
3 215
94 124
22 196
140 78
57 161
110 108
6 212
96 122
203 15
201 17
108 110
164 54
119 99
188 30
216 2
213 5
14 204
55 163
194 24
193 25
66 152
141 77
218 0
50 168
133 85
75 143
191 27
69 149
9 209
64 154
60 158
215 3
180 38
86 132
111 107
78 140
82 136
211 7
168 50
117 101
158 60
200 18
144 74
206 12
112 106
154 64
31 187
107 111
175 43
163 55
89 129
49 169
204 14
139 79
177 41
41 177
208 10
13 205
85 133
25 193
84 134
172 46
159 60
215 4
85 134
135 84
185 34
190 29
181 38
140 79
91 128
89 130
111 108
1 218
110 109
164 55
68 151
204 15
171 48
12 207
202 17
53 166
57 162
130 89
214 5
122 97
36 183
30 189
177 42
149 70
201 18
119 100
108 111
70 149
29 190
216 3
76 143
19 200
78 141
94 125
183 36
172 47
173 46
161 58
219 0
115 104
8 211
34 185
97 122
46 173
151 68
93 126
142 77
104 115
23 196
141 78
20 199
206 13
117 102
88 131
24 195
72 147
63 156
3 216
167 52
145 74
38 181
209 10
139 80
157 62
176 43
192 27
148 71
106 113
13 206
168 51
124 95
60 159
144 75
82 137
193 26
208 11
18 201
112 107
175 44
0 219
113 106
212 7
35 184
211 8
42 177
54 165
169 50
107 112
160 59
86 133
163 56
58 161
45 174
121 98
6 213
16 203
134 85
96 123
65 154
39 180
136 83
182 37
210 9
180 39
75 144
79 140
156 63
186 33
133 86
114 105
125 94
154 65
10 209
32 187
4 215
184 35
77 142
31 188
81 138
162 57
147 72
74 145
25 194
213 6
187 32
127 92
67 152
15 204
188 31
90 129
62 157
178 41
152 67
217 2
129 90
118 101
84 135
153 66
52 167
198 21
132 87
170 49
64 155
12 209
205 14
14 205
218 1
95 124
26 193
166 53
158 61
83 136
11 208
195 24
92 127
102 117
40 179
191 28
123 96
150 69
51 168
116 103
49 170
41 178
17 202
43 176
9 210
44 175
196 23
48 171
50 169
137 82
2 217
109 110
197 22
165 54
33 186
22 197
28 191
59 160
207 12
203 16
71 148
55 164
194 25
37 182
69 150
87 132
189 30
143 76
105 114
61 158
66 153
172 48
217 3
40 180
6 214
82 138
193 27
148 72
196 24
209 11
88 132
126 94
80 140
100 120
43 177
77 143
33 187
120 100
203 17
168 52
9 211
65 155
157 63
103 117
199 21
95 125
12 208
61 159
58 162
106 114
128 92
105 115
104 116
20 200
44 176
114 106
150 70
8 212
17 203
132 88
181 39
191 29
171 49
26 194
11 209
59 161
83 137
165 55
146 74
29 191
4 216
116 104
109 111
72 148
188 32
86 134
143 77
160 60
154 66
163 57
127 93
174 46
16 204
133 87
13 207
32 188
122 98
124 96
71 149
206 14
102 118
73 147
149 71
140 80
68 152
142 78
96 124
23 197
139 81
129 91
214 6
215 5
159 61
211 9
144 76
117 103
81 139
153 67
69 151
192 28
200 20
218 2
167 53
24 196
57 163
51 169
204 16
213 7
45 175
136 84
202 18
47 173
42 178
179 41
89 131
93 127
38 182
5 215
135 85
64 156
50 170
164 56
147 73
119 101
112 108
60 160
48 172
3 217
90 130
75 145
22 198
7 213
111 109
108 112
91 129
97 123
14 206
131 89
113 107
31 189
177 43
21 199
110 110
183 37
98 122
63 157
55 165
178 42
170 50
0 220
2 218
195 25
189 31
158 62
85 135
76 144
145 75
115 105
186 34
118 102
151 69
84 136
1 219
161 59
220 0
205 15
49 171
166 54
125 95
194 26
18 202
46 174
190 30
25 195
34 186
197 23
41 179
190 32
123 97
53 167
19 201
182 38
138 82
87 133
216 4
107 113
162 58
35 185
36 184
28 192
176 44
99 121
74 146
201 19
180 40
101 119
52 168
185 35
39 181
134 86
15 205
207 13
187 33
67 153
121 99
208 12
143 79
141 79
79 141
30 190
27 193
94 126
137 83
183 38
57 164
52 169
193 28
201 20
22 199
163 58
82 139
152 69
151 70
204 17
13 208
0 221
172 49
84 137
132 89
215 8
164 57
173 48
44 177
180 41
17 204
7 214
72 149
110 111
106 115
46 175
162 59
181 40
177 44
50 171
206 15
74 147
63 158
144 77
219 2
18 203
207 14
215 6
73 148
213 8
217 4
93 128
95 126
45 176
117 104
49 172
214 7
221 0
161 60
54 167
149 72
216 5
208 13
137 84
75 146
218 3
68 153
16 205
158 63
174 47
142 79
42 179
195 26
11 210
23 198
24 197
131 90
115 106
191 30
150 71
188 33
220 1
101 120
96 125
141 80
65 156
122 99
209 12
83 138
129 92
109 112
99 122
61 160
153 68
107 114
114 107
198 23
69 152
103 118
135 86
212 9
112 109
210 11
123 98
202 19
53 168
170 51
90 131
111 110
160 61
87 134
105 116
34 187
31 190
58 163
192 29
19 202
86 135
119 102
94 127
14 207
108 113
35 186
186 35
104 117
51 170
147 74
4 217
178 43
130 91
25 196
168 53
43 178
32 189
48 173
39 182
154 67
2 219
187 34
167 54
165 56
55 166
182 39
138 83
189 32
77 144
79 142
116 105
179 42
80 141
92 129
10 211
5 216
89 132
27 194
134 87
157 64
29 192
8 213
169 52
121 100
1 220
211 10
33 188
85 136
185 36
100 121
139 82
155 66
9 212
37 184
156 65
113 108
136 85
128 93
140 81
88 133
127 94
6 215
171 50
145 76
190 31
200 21
97 124
124 97
166 55
159 62
197 24
41 180
199 22
30 191
120 101
47 174
78 143
60 161
64 157
184 37
133 88
21 200
143 78
76 145
40 181
146 75
205 16
59 162
70 151
66 155
81 140
102 119
126 95
56 165
98 123
38 184
174 48
124 98
183 39
168 54
134 88
198 24
156 66
35 187
101 121
108 114
55 167
178 44
78 144
106 116
132 90
73 149
197 25
137 85
210 12
75 147
6 216
160 62
206 16
199 23
218 4
51 171
34 188
77 145
136 86
76 146
170 52
180 42
169 53
214 8
187 35
163 59
2 220
188 34
31 191
107 115
81 141
3 219
45 177
121 101
8 214
1 221
43 179
130 92
85 137
140 82
152 70
149 73
129 93
154 68
117 105
111 111
37 185
93 129
95 127
14 208
4 218
145 77
83 139
91 131
63 159
184 38
89 133
84 138
54 168
192 30
191 31
116 106
221 1
29 193
114 108
125 97
133 89
96 126
157 65
201 21
176 46
173 49
23 199
69 153
220 2
120 102
92 130
58 164
22 200
127 95
217 5
139 83
181 41
17 205
179 43
123 99
175 47
195 27
57 165
109 113
189 33
142 80
32 190
165 57
148 74
59 163
103 119
86 136
166 56
44 178
209 13
25 197
53 169
172 50
80 142
27 195
36 186
105 117
213 9
72 150
65 157
41 181
162 60
52 170
182 40
119 103
146 76
211 11
56 166
19 203
24 198
153 69
98 124
138 84
82 140
0 222
39 183
42 180
26 196
158 64
9 213
135 87
47 175
208 14
118 104
131 91
204 18
74 148
161 61
49 173
99 123
212 10
203 19
94 128
202 20
177 45
144 78
60 162
147 75
171 51
20 202
115 107
215 7
11 211
150 72
71 151
15 207
46 176
194 28
21 201
79 143
50 172
155 67
122 100
167 55
110 112
88 134
61 161
112 110
97 125
48 174
113 109
141 81
5 217
185 37
205 17
62 160
164 58
200 22
102 120
126 96
222 0
66 156
159 63
40 182
28 194
82 141
54 169
151 72
176 47
145 78
164 59
19 204
83 140
70 153
222 1
165 58
85 138
11 212
139 84
59 164
130 93
131 92
46 177
112 111
77 146
147 76
121 102
115 108
142 81
200 23
221 2
201 22
55 168
196 27
87 136
86 137
129 94
10 213
162 61
171 52
199 24
103 120
3 220
73 150
125 98
117 106
101 122
175 48
67 156
98 125
4 219
192 31
13 210
132 91
212 11
203 20
220 3
2 221
51 172
205 18
47 176
193 30
18 205
15 208
209 14
168 55
7 216
127 96
36 187
76 147
56 167
146 77
42 181
216 7
198 25
81 142
208 15
69 154
94 129
214 9
107 116
189 34
210 13
96 127
9 214
20 203
78 145
1 222
120 103
163 60
62 161
6 217
153 70
39 184
104 119
99 124
80 143
23 200
178 45
66 157
202 21
5 218
119 104
223 0
30 193
219 4
133 90
118 105
106 117
152 71
156 67
40 183
197 26
140 83
138 85
33 190
111 112
89 134
174 49
188 35
0 223
49 174
100 123
72 151
28 195
134 89
159 64
160 63
179 44
181 42
173 50
108 115
109 114
25 198
186 37
44 179
180 43
183 40
31 192
38 185
161 62
21 202
24 199
50 173
63 160
136 87
177 46
213 10
16 207
68 155
92 131
91 132
64 159
17 206
52 171
110 113
93 130
158 65
57 166
182 41
102 121
74 149
41 182
170 53
122 101
105 118
195 28
27 196
148 75
211 12
185 38
157 66
217 6
206 17
123 100
113 110
45 178
34 189
135 88
90 133
105 120
48 175
75 148
128 95
166 57
149 74
22 201
116 107
154 69
150 73
60 163
26 197
124 99
8 215
37 186
207 16
32 191
88 135
71 152
169 54
126 97
95 128
141 82
14 209
218 5
172 51
194 29
167 56
12 211
84 139
73 151
3 221
174 50
55 169
168 56
109 115
40 184
25 199
165 59
96 128
170 54
26 198
79 145
145 79
219 5
45 179
32 192
131 93
7 217
152 72
58 166
221 3
114 110
4 220
101 123
52 172
167 57
183 41
147 77
38 186
68 156
214 10
127 97
140 84
44 180
209 15
180 44
130 94
0 224
172 52
111 113
33 191
89 135
186 38
177 47
185 39
53 171
2 222
117 107
124 100
190 34
78 146
35 189
57 167
122 102
20 204
50 174
72 152
14 210
220 4
103 121
8 216
51 173
161 63
74 150
76 148
121 103
136 88
59 165
90 134
200 24
158 66
115 109
82 142
6 218
156 68
120 106
94 130
107 117
22 202
193 31
137 87
12 212
70 154
142 82
67 157
123 101
164 60
15 209
10 214
210 14
92 132
17 207
11 213
178 46
106 118
108 116
24 200
150 74
61 163
208 16
206 18
169 55
39 185
213 11
217 7
100 124
166 58
187 37
179 45
211 13
34 190
42 182
194 30
143 81
77 147
195 29
129 95
56 168
9 215
139 85
16 208
43 181
153 71
1 223
104 120
102 122
86 138
128 96
224 0
205 19
64 160
18 206
202 22
66 158
189 35
126 98
23 201
112 112
171 53
146 78
222 2
120 104
65 159
19 205
159 65
133 91
197 27
198 26
151 73
118 106
98 126
83 141
155 69
29 195
175 49
85 139
80 144
105 119
48 176
184 40
69 155
135 89
84 140
27 197
134 90
30 194
204 20
132 92
201 23
116 108
182 42
87 137
119 105
218 6
173 51
148 76
138 86
91 133
71 153
49 175
47 177
162 62
163 61
28 196
154 70
46 178
62 162
36 188
203 21
97 127
31 193
157 67
21 203
110 114
192 32
99 125
160 64
188 36
221 5
113 111
75 149
13 211
54 170
60 164
23 202
168 57
60 165
132 93
178 47
51 174
145 80
185 40
96 129
109 116
32 193
199 26
203 22
223 2
196 29
129 96
13 212
42 183
6 219
27 198
188 37
65 160
73 152
151 74
133 92
146 79
111 114
224 1
86 139
99 126
135 90
113 112
20 205
131 94
44 181
213 12
24 201
177 48
187 38
9 216
47 178
173 52
50 175
200 25
193 32
29 196
70 155
46 181
34 191
186 39
77 148
79 146
40 185
163 62
64 161
53 172
1 224
190 35
90 135
142 83
157 70
115 110
140 85
138 87
180 45
117 108
176 49
123 102
81 144
67 158
15 210
211 14
18 207
143 82
10 215
216 9
153 72
170 55
210 15
5 220
52 173
201 24
167 58
93 132
88 137
206 19
7 218
58 167
141 84
74 151
148 77
61 164
33 192
82 143
114 111
225 0
112 113
169 56
183 42
184 41
197 28
166 59
62 163
55 170
152 73
22 203
71 154
125 100
159 66
219 6
136 89
48 177
118 107
37 188
84 141
102 123
68 157
222 3
212 13
220 5
103 122
80 145
154 71
4 221
162 63
130 95
126 99
209 16
11 214
0 225
25 200
150 75
8 217
49 176
195 30
137 88
147 78
120 105
97 128
172 53
87 138
83 142
116 109
165 60
28 197
100 125
139 86
21 204
181 44
17 208
107 118
217 8
149 76
92 133
158 67
122 103
194 31
204 21
155 70
26 199
106 119
175 50
98 127
3 222
46 179
198 27
134 91
208 17
189 36
124 101
54 171
94 131
104 121
38 187
30 195
12 213
66 159
161 64
192 33
127 98
101 124
89 136
78 147
215 10
207 18
160 65
76 149
43 182
205 20
214 11
128 97
39 186
19 206
221 6
56 169
121 104
16 209
69 156
108 117
95 130
36 189
2 223
45 180
72 153
119 106
218 7
156 69
38 188
17 209
58 168
13 213
158 68
117 109
98 128
54 172
34 192
190 36
115 111
210 16
149 77
45 181
70 156
150 76
7 219
142 84
182 44
74 152
66 160
18 208
9 217
130 96
207 19
215 11
23 203
59 167
224 2
114 112
139 87
146 80
133 93
211 15
55 171
129 97
188 38
33 193
53 173
41 185
78 148
80 146
77 149
20 206
65 161
81 145
102 124
225 1
203 23
153 73
125 101
136 90
11 215
112 114
51 175
204 22
8 218
61 165
208 18
3 223
128 98
214 12
91 135
220 6
155 71
161 65
93 133
179 47
30 196
175 51
118 108
197 29
156 70
170 56
126 100
171 55
116 110
100 126
27 199
169 57
92 134
97 129
69 157
99 127
198 28
189 37
96 130
145 81
90 136
124 102
152 74
186 40
166 60
42 184
196 30
121 105
107 119
147 79
217 9
60 166
172 54
6 220
0 226
193 33
218 8
205 21
148 78
226 0
151 75
1 225
137 89
176 50
95 131
167 59
48 178
206 20
47 179
86 140
28 198
109 117
178 48
79 147
138 88
195 31
49 177
159 67
62 164
31 195
201 25
76 150
134 92
56 170
43 183
14 212
108 118
85 141
177 49
192 34
73 153
26 200
67 159
181 45
212 14
94 132
132 94
82 144
84 142
123 103
40 186
52 174
83 143
154 72
110 116
71 155
29 197
165 61
127 99
157 69
36 190
24 202
57 169
46 180
187 39
15 211
119 107
87 139
22 204
216 10
222 4
113 113
103 123
131 95
202 24
19 207
141 85
16 210
37 189
160 66
194 32
174 52
183 43
168 58
163 63
173 53
32 194
143 83
140 86
191 35
104 122
213 13
184 42
88 138
44 182
10 216
50 176
25 201
64 162
5 221
68 158
200 26
144 82
111 115
21 205
35 191
39 187
63 163
162 64
89 137
91 136
161 66
84 143
85 142
51 176
203 24
103 124
102 125
202 25
158 69
133 94
146 81
23 206
99 128
62 165
69 160
4 223
139 88
169 58
69 158
151 76
215 12
24 203
35 192
61 166
212 15
98 129
185 42
226 1
200 27
25 202
40 187
213 14
156 71
14 213
72 155
47 180
124 103
105 122
101 126
43 184
3 224
191 36
196 31
107 120
37 190
179 48
36 191
76 151
224 3
154 73
1 226
156 73
94 133
38 189
201 26
29 198
188 39
77 150
16 211
11 216
13 214
28 199
220 7
49 178
127 100
210 17
66 161
115 112
55 172
141 86
17 210
44 183
31 196
71 156
174 53
166 61
79 148
199 28
137 90
23 204
163 64
160 67
195 32
223 4
171 56
219 8
148 79
134 93
54 173
45 182
83 144
82 145
60 167
15 212
162 65
81 146
30 197
129 98
116 111
126 101
19 208
193 34
183 44
198 29
143 84
80 147
155 72
86 141
12 215
150 77
225 2
90 137
26 201
2 225
78 149
63 164
144 83
167 60
190 37
211 16
216 11
106 121
165 62
184 43
64 163
186 41
48 179
136 91
100 127
149 78
68 159
125 102
95 132
208 19
10 217
175 52
205 22
206 21
21 206
92 135
20 207
152 75
182 45
164 63
122 105
67 160
104 123
109 118
57 170
113 114
209 18
75 152
218 9
50 177
27 200
88 139
7 220
118 109
119 108
58 169
187 40
70 157
33 194
96 131
53 174
110 117
197 30
52 175
22 205
74 153
135 92
5 222
87 140
114 113
130 97
42 185
147 80
6 221
123 104
65 162
56 171
217 10
178 49
39 188
153 74
172 55
32 195
177 50
132 95
189 38
131 96
112 115
89 138
111 116
194 33
117 110
8 219
204 23
176 51
142 85
214 13
132 96
45 183
82 146
72 156
206 22
103 125
62 166
55 173
213 15
162 66
220 8
95 133
200 28
147 81
149 79
145 83
101 127
199 29
144 84
160 68
167 61
219 9
124 104
39 189
136 92
161 67
18 210
185 43
190 38
96 132
86 142
111 117
112 116
186 42
33 195
176 52
54 174
164 64
5 223
6 222
65 163
1 227
68 160
194 34
113 115
143 85
183 45
88 140
36 192
126 102
35 193
107 121
208 20
184 44
165 63
109 119
140 88
74 154
84 144
211 17
197 31
127 101
24 206
174 54
172 56
67 161
178 50
210 18
138 90
57 171
60 168
43 185
205 23
53 175
169 59
19 209
99 129
28 200
3 225
93 135
117 111
40 188
56 172
150 78
182 46
110 118
148 80
83 145
15 213
146 82
41 187
189 39
116 112
9 219
204 24
31 197
44 184
79 149
2 226
128 100
22 206
59 169
227 1
115 113
187 41
135 93
37 191
203 25
216 12
155 73
108 120
175 53
118 110
168 60
173 55
11 217
133 95
123 105
92 136
90 138
106 122
137 91
121 107
94 134
102 126
195 33
73 155
76 152
134 94
198 30
170 58
29 199
38 190
223 5
70 160
201 27
225 3
12 216
13 215
85 143
71 157
14 214
77 151
151 77
48 180
212 16
196 32
166 62
193 35
16 212
50 178
156 72
23 205
214 14
114 114
7 221
226 2
215 13
120 108
171 57
153 75
142 86
30 198
91 137
131 97
64 164
119 109
105 123
75 153
125 103
207 21
217 11
218 10
27 201
141 87
159 69
188 40
69 159
24 204
21 207
58 170
129 99
51 177
0 228
228 0
180 48
89 139
87 141
66 162
163 65
177 51
42 186
100 128
63 165
139 89
181 47
17 211
10 218
130 98
97 131
224 4
81 147
4 224
104 124
192 36
8 220
20 208
26 202
32 196
131 98
204 25
71 158
187 42
184 45
211 18
94 135
114 115
129 100
165 64
88 141
85 144
50 179
229 0
139 90
179 50
13 216
49 180
163 66
219 10
93 136
2 227
208 21
175 54
170 59
191 38
185 44
226 3
198 31
24 205
56 173
89 140
68 161
194 35
119 110
207 22
142 87
154 77
225 4
192 37
121 108
214 15
44 185
115 114
133 96
96 133
149 80
82 147
67 162
102 127
135 94
37 192
9 220
178 51
57 172
174 55
160 69
193 36
105 124
6 223
45 184
106 123
81 148
99 130
181 48
75 154
137 92
188 41
190 39
169 60
26 203
122 107
91 138
180 49
92 137
84 145
201 28
151 78
155 74
110 119
222 7
32 197
221 8
47 182
195 34
167 62
153 76
128 101
148 81
19 210
196 33
140 89
101 128
126 103
86 143
159 70
166 63
12 217
38 191
5 224
134 95
209 20
116 113
48 181
113 116
1 228
202 27
108 121
27 202
83 146
215 14
203 26
227 2
59 170
25 204
74 155
55 174
100 129
117 112
146 83
125 104
217 12
206 23
164 65
120 109
62 167
95 134
66 163
141 88
60 169
15 214
168 61
16 213
53 176
90 139
70 159
10 219
157 72
161 68
176 53
21 208
22 207
28 201
130 99
14 215
63 166
132 97
183 46
42 187
46 183
51 178
72 157
61 168
78 151
173 56
52 177
18 211
218 11
172 57
189 40
31 198
111 118
199 30
8 221
36 193
224 5
17 212
98 131
210 19
200 29
80 149
104 125
220 9
144 85
177 52
205 24
197 32
118 111
112 117
29 200
0 229
65 164
147 82
182 47
228 1
87 142
64 165
58 171
154 75
124 105
107 122
150 79
145 84
186 43
127 102
20 209
11 218
30 199
138 91
216 13
123 106
7 222
152 77
213 16
171 58
103 126
73 156
212 17
143 86
77 152
4 225
79 150
40 189
33 196
162 67
217 13
165 65
4 226
166 64
208 22
192 38
16 214
20 210
136 94
67 163
142 88
39 191
171 59
77 153
226 4
47 183
222 8
105 125
26 204
121 109
153 77
201 29
124 106
120 110
99 131
151 79
93 137
27 203
79 151
225 5
209 21
138 92
161 69
53 177
177 53
115 115
187 43
164 66
57 173
73 157
94 136
92 138
50 180
84 146
28 202
128 102
75 155
2 228
206 24
71 159
68 162
36 194
45 185
107 123
10 220
31 199
227 3
181 49
147 83
108 122
9 221
172 58
152 78
212 18
55 175
44 188
162 68
224 6
199 31
8 222
54 176
3 227
188 42
59 171
145 85
179 51
219 11
148 82
218 12
135 95
38 192
204 26
197 33
143 87
168 62
95 135
86 144
114 116
228 2
56 174
65 165
186 44
58 172
66 164
13 217
163 67
195 35
63 167
22 208
169 61
90 140
150 80
34 196
7 223
111 119
60 170
202 28
133 97
113 117
174 56
155 75
193 37
62 168
139 91
64 166
43 187
108 124
141 89
5 225
102 128
176 54
52 178
180 50
210 20
61 169
97 133
83 147
158 72
14 216
11 219
146 84
48 182
100 130
1 229
191 39
30 200
0 230
81 149
170 60
86 146
19 211
132 98
37 193
190 40
25 205
167 63
12 218
42 188
130 100
159 71
175 55
110 120
229 1
129 101
183 47
123 107
125 105
17 213
119 111
80 150
117 113
144 86
106 124
200 30
223 7
215 15
41 189
198 32
18 212
15 215
213 17
98 132
134 96
51 179
46 184
189 41
205 25
6 224
35 195
49 181
29 201
221 9
185 45
214 16
178 52
154 76
140 90
104 126
33 197
122 108
101 129
182 48
96 134
91 139
44 186
189 43
126 104
88 142
40 190
194 36
131 99
103 127
87 143
203 27
109 121
72 158
184 46
32 198
207 23
216 14
137 93
178 53
101 130
130 101
230 1
163 68
150 81
58 173
78 153
22 209
121 110
26 205
20 211
3 228
33 198
107 124
56 175
49 182
69 162
104 127
95 136
86 145
219 12
52 179
64 167
105 126
81 150
183 48
218 13
122 109
68 163
213 18
204 27
48 183
85 146
38 193
98 133
47 184
15 216
34 197
109 122
155 76
206 25
147 84
120 111
153 78
138 93
7 224
79 152
185 46
145 86
191 40
143 88
158 73
39 192
88 143
124 107
94 137
92 139
0 231
170 61
35 196
133 98
167 64
187 44
176 55
89 142
224 7
165 66
168 63
54 177
196 35
149 82
195 36
164 67
53 178
8 223
193 38
117 114
215 16
182 49
136 95
114 117
162 69
127 104
40 191
12 219
126 105
184 47
125 106
37 194
160 71
221 10
111 120
203 28
80 151
73 158
211 20
151 80
115 116
84 147
231 0
225 6
17 214
229 2
57 174
27 204
65 166
189 42
210 21
159 72
72 159
134 97
30 201
207 24
103 128
16 215
41 190
2 229
118 113
9 222
128 103
161 70
11 220
179 52
4 227
172 59
23 208
91 140
96 135
76 155
223 8
13 218
90 141
228 3
43 188
188 43
123 108
74 157
97 134
67 164
31 200
44 187
129 102
100 131
169 62
173 58
216 15
28 203
29 202
1 230
205 26
63 168
10 221
180 51
140 91
175 56
19 212
62 169
181 50
148 83
146 85
46 185
36 195
51 180
197 34
226 5
222 9
102 129
198 33
45 186
5 226
131 100
194 37
87 144
108 123
50 181
99 132
201 30
166 65
199 32
220 11
152 79
144 87
174 57
21 210
61 170
209 22
141 90
214 17
142 89
82 149
89 144
200 31
59 172
116 115
112 119
135 96
227 4
42 189
186 45
171 60
83 148
202 29
66 165
75 156
136 96
53 179
54 178
192 40
130 102
112 120
94 138
106 126
143 89
91 141
226 6
140 92
147 85
161 71
232 0
57 175
23 209
212 20
160 72
110 122
144 88
12 220
221 11
32 200
217 15
88 144
107 125
164 68
187 45
148 84
13 219
188 44
159 73
84 148
145 87
228 4
138 94
78 154
55 177
46 186
109 123
68 164
191 41
66 166
45 187
141 91
133 99
9 223
218 14
199 35
80 152
123 109
219 13
10 222
65 167
83 149
139 93
101 131
206 26
89 143
20 212
196 36
79 153
201 31
95 137
35 197
56 176
38 194
73 159
24 208
165 67
127 105
132 100
215 17
194 38
62 170
97 135
203 29
72 160
190 42
14 218
74 158
214 18
17 215
146 86
200 32
229 3
208 24
41 191
185 47
195 37
157 75
163 69
7 225
124 108
151 81
29 203
39 193
209 23
131 101
33 199
175 57
103 129
180 52
75 157
222 10
156 76
128 104
198 34
125 107
174 58
137 95
116 116
184 50
150 82
158 74
216 16
122 110
166 66
87 145
47 185
60 172
152 80
193 39
42 190
61 171
102 130
28 204
99 133
43 189
76 156
30 202
98 134
211 21
176 56
77 155
16 216
22 210
121 111
207 25
142 90
115 117
183 49
63 169
52 180
36 196
231 1
82 150
169 63
26 206
0 232
114 118
31 201
37 195
5 227
210 22
223 9
85 147
120 112
40 192
96 136
162 70
48 184
49 183
224 8
168 64
118 114
126 106
186 46
182 50
171 61
117 115
178 54
93 139
111 121
134 98
181 51
113 119
129 103
58 174
25 207
197 35
64 168
2 230
50 182
15 217
205 27
51 181
202 30
6 226
69 163
199 33
153 79
11 221
172 60
135 97
213 19
170 62
1 231
59 173
104 128
3 229
173 59
119 113
227 5
167 65
6 227
146 87
215 18
186 47
81 152
127 106
203 30
206 27
10 223
91 142
42 191
171 62
185 50
129 104
123 110
221 12
16 217
117 116
228 5
26 207
20 213
210 23
158 75
160 73
195 38
47 186
18 215
78 155
113 120
211 22
106 127
162 71
165 68
98 135
39 194
151 82
169 64
3 230
66 167
8 225
30 203
25 208
187 46
144 89
2 231
166 67
24 209
149 84
48 185
52 181
224 9
29 204
218 15
0 233
191 42
214 19
173 60
37 196
198 35
213 20
70 163
232 1
54 179
82 151
72 161
130 103
68 165
57 176
63 170
51 182
230 3
167 66
97 136
88 145
154 79
65 168
33 200
204 29
181 52
202 31
118 115
11 222
183 50
192 41
220 13
227 6
164 69
31 202
197 36
53 180
55 178
36 199
131 102
74 159
104 129
5 228
229 4
225 8
138 95
207 26
22 211
172 61
12 221
40 193
1 232
15 218
111 122
102 131
174 59
233 0
60 173
217 16
128 105
156 77
28 205
43 190
139 94
216 17
209 24
124 109
92 141
110 123
14 219
49 184
193 40
208 25
133 100
115 118
56 177
80 153
90 143
94 139
152 81
199 34
141 92
103 130
112 121
135 98
170 63
136 97
96 137
59 174
50 183
23 210
36 197
32 201
180 53
178 55
116 117
75 158
200 33
188 45
223 10
83 150
99 134
145 88
179 54
7 226
84 149
182 51
13 220
226 7
157 76
163 70
93 140
134 99
85 148
120 113
100 133
219 14
121 112
107 126
159 74
222 11
153 80
140 93
196 37
27 206
231 2
148 85
64 169
147 86
125 108
77 156
73 160
101 132
126 107
41 192
105 128
119 114
175 58
212 21
176 57
58 175
143 90
61 172
17 216
150 83
137 96
67 166
95 138
132 101
19 214
46 187
4 229
177 57
22 212
38 196
202 32
168 66
114 120
225 9
224 10
84 150
127 107
76 158
144 90
151 83
160 74
108 126
8 226
211 23
149 85
40 194
173 61
117 117
17 217
167 67
196 38
214 20
25 209
30 204
65 169
183 51
213 21
56 178
159 75
180 54
142 92
148 86
229 5
137 97
93 141
207 27
101 133
145 89
216 18
102 132
91 143
54 180
123 111
132 102
88 146
134 100
157 77
190 44
133 101
169 65
155 79
125 109
75 159
96 138
200 34
16 218
2 232
143 91
210 24
129 105
29 205
161 73
176 58
118 116
48 186
163 71
39 195
103 131
10 224
219 15
205 29
204 30
230 4
77 157
146 88
227 7
20 214
87 147
121 113
165 69
0 234
150 84
171 63
13 221
232 2
42 192
98 136
59 175
116 118
73 161
208 26
95 139
85 149
156 78
60 174
109 125
3 231
186 50
195 39
14 220
11 223
212 22
124 110
234 0
192 42
138 96
49 185
44 190
112 122
105 129
141 93
126 108
99 135
83 151
35 199
218 16
115 119
222 12
179 55
140 94
104 130
18 216
74 160
187 47
26 208
19 215
197 37
46 188
178 56
47 187
37 197
221 13
45 189
32 202
71 163
136 98
36 198
51 183
186 48
94 140
86 148
43 191
27 207
107 127
34 200
201 33
152 82
181 53
231 3
139 95
170 64
55 179
203 31
119 115
166 68
28 206
162 72
135 99
81 153
33 201
5 229
106 128
206 28
113 121
122 112
223 11
6 228
194 40
110 124
78 156
185 49
175 59
191 43
120 114
209 25
193 41
64 170
1 233
153 81
31 203
233 1
228 6
188 46
182 52
9 225
215 19
68 166
66 168
97 137
53 181
41 193
63 171
130 104
100 134
131 103
24 210
70 164
198 36
111 123
57 177
50 184
189 45
62 172
158 76
220 14
174 60
217 18
84 151
38 197
170 65
62 173
78 157
31 204
72 163
202 33
37 198
221 14
218 17
25 210
59 176
219 16
69 166
179 56
159 76
99 136
101 134
209 26
119 116
127 108
137 98
135 100
88 147
39 196
67 168
220 15
130 105
160 75
188 47
197 38
70 165
126 109
116 119
186 49
162 73
211 24
102 133
175 60
214 21
98 137
5 230
20 215
134 101
148 87
180 55
50 185
193 42
93 142
117 118
4 231
22 213
51 184
201 34
73 162
24 211
230 5
2 233
8 227
113 122
29 206
124 111
87 148
225 10
128 107
92 143
187 48
83 152
152 83
108 127
18 217
23 212
125 110
103 132
89 146
143 92
86 149
76 159
100 135
174 61
207 28
167 68
178 57
107 128
0 235
13 222
192 43
138 97
110 125
231 4
198 37
212 23
139 96
71 164
7 228
229 6
151 84
19 216
32 203
131 104
227 8
101 136
44 191
140 95
165 70
17 218
133 102
223 12
155 80
196 39
106 129
168 67
154 81
144 91
12 223
10 225
173 62
3 232
47 188
105 130
97 138
114 121
85 150
79 156
65 170
142 93
30 205
190 45
60 175
57 178
64 171
115 120
46 189
171 64
136 99
147 88
121 114
149 86
6 229
75 160
91 144
210 25
21 214
94 141
104 131
63 172
28 207
45 190
216 19
233 2
150 85
77 158
123 112
176 59
11 224
145 90
153 82
74 161
14 221
161 74
146 89
169 66
48 187
61 174
118 117
90 145
43 192
120 115
35 200
58 177
53 182
82 153
182 53
81 154
55 180
156 79
122 113
177 58
16 219
204 31
66 169
203 32
33 202
109 126
205 30
49 186
41 194
158 77
1 234
15 220
34 201
129 106
195 40
80 155
181 54
132 103
112 123
54 181
222 13
224 11
52 183
68 167
56 179
27 208
226 9
163 72
96 139
183 52
228 7
141 94
191 44
172 63
42 193
235 0
136 100
190 46
192 44
64 172
191 45
231 5
125 111
65 171
206 30
48 188
120 116
189 47
10 226
55 181
27 209
110 126
202 34
81 155
139 97
157 79
137 99
92 144
109 127
223 13
134 102
176 60
67 169
72 164
48 190
229 7
34 202
94 142
82 154
90 146
162 74
214 22
217 19
102 134
104 132
168 68
152 84
166 70
183 53
212 24
133 103
179 57
198 38
230 6
201 35
19 217
33 203
224 12
228 8
226 10
93 143
5 231
210 26
46 190
181 55
220 16
70 166
169 67
155 81
56 180
4 232
16 220
113 123
193 43
32 204
91 145
74 162
172 64
117 119
43 193
41 195
53 183
57 179
87 149
108 128
145 91
128 108
151 85
138 98
97 139
73 163
122 114
161 75
232 4
153 83
69 167
12 224
211 25
84 152
28 208
156 80
9 227
175 61
52 184
3 233
205 31
77 159
177 59
destination
