map
random512-30-8.map
pivot
297 490
agent & start
92 21
497 28
481 22
56 41
69 40
12 81
470 9
46 51
96 19
96 17
30 69
38 65
78 31
88 25
77 30
508 33
55 42
483 28
477 16
99 14
97 20
485 28
483 24
85 24
72 33
28 71
480 21
71 34
504 29
75 32
112 9
500 29
40 57
23 74
132 1
47 50
499 30
50 49
8 95
3 90
133 0
2 89
14 81
98 15
46 53
78 29
15 80
94 21
486 29
470 7
61 42
461 2
81 26
484 27
68 39
106 9
9 94
117 4
11 82
468 5
83 26
27 70
64 39
478 19
507 32
39 66
67 40
53 44
477 18
97 16
118 3
471 10
476 15
31 68
69 36
114 7
63 40
67 38
29 70
113 10
498 29
62 41
30 67
459 0
37 64
32 65
509 34
68 37
487 30
87 24
51 46
464 3
84 25
65 40
495 28
70 35
504 31
510 35
489 32
95 18
42 55
1 90
104 9
86 23
31 66
60 41
484 25
74 31
467 5
88 26
461 3
481 23
24 74
506 32
71 35
471 11
1 91
41 57
98 20
134 0
482 24
51 47
64 40
31 67
27 71
94 22
30 70
43 55
97 17
114 8
92 22
133 1
479 21
487 31
498 30
83 27
97 19
504 30
114 10
25 73
37 65
2 90
73 33
495 29
483 25
119 3
511 39
86 24
459 1
505 31
59 41
47 51
96 18
40 58
84 26
26 72
87 25
16 80
57 43
68 38
478 20
79 31
85 25
113 9
500 30
475 15
38 66
98 16
81 27
12 82
47 53
9 95
484 28
54 44
509 35
485 29
67 41
503 29
507 33
468 6
74 32
483 27
82 26
104 10
69 37
8 96
99 15
51 49
496 30
464 4
32 66
497 29
124 2
508 34
39 67
483 29
469 7
50 48
470 10
61 43
72 34
14 82
63 41
69 39
60 42
56 42
100 14
118 4
511 37
460 2
476 16
480 30
489 33
480 22
78 30
488 32
105 9
46 52
474 14
477 19
69 38
459 2
497 30
66 43
38 67
484 29
12 83
488 33
481 30
135 0
114 9
98 17
487 32
510 39
87 26
133 2
473 14
85 26
460 3
505 32
54 45
119 4
71 36
509 36
27 72
480 31
97 18
72 35
510 37
458 1
495 30
468 7
41 58
115 8
70 37
115 10
511 38
92 23
104 11
101 14
483 26
15 82
125 2
480 23
490 33
58 43
51 48
475 16
40 59
475 18
1 92
503 30
56 43
79 30
498 31
482 29
44 55
124 3
65 42
470 11
465 4
464 5
474 15
32 67
486 31
9 96
63 42
25 74
478 21
16 81
26 73
482 25
94 23
33 66
471 12
466 5
476 19
86 25
37 66
477 20
120 3
2 91
47 52
84 27
82 27
105 10
60 43
467 6
500 31
59 42
31 70
501 30
67 42
64 41
74 33
506 33
507 34
100 15
98 19
52 49
104 12
20 82
48 52
487 33
40 60
33 67
488 36
25 75
42 58
102 14
115 9
133 3
80 30
58 44
15 83
125 3
509 37
497 31
99 17
52 48
87 27
98 18
491 33
461 5
510 38
74 34
480 24
53 47
505 33
41 59
481 31
502 30
470 12
495 31
126 2
81 29
12 84
56 44
73 35
116 8
17 81
100 16
12 96
67 43
506 34
488 34
37 67
475 17
101 15
477 21
68 42
482 26
508 36
82 28
136 0
484 30
135 1
59 43
72 36
486 32
92 24
34 66
467 7
507 35
465 5
84 28
481 25
120 4
123 3
86 26
55 45
95 23
99 19
460 4
457 1
70 38
119 7
45 55
501 31
473 15
489 35
490 34
27 73
458 2
2 92
83 29
93 23
32 70
471 13
44 56
105 11
65 43
91 23
36 66
475 19
0 94
482 30
22 78
468 8
118 6
117 7
459 3
9 97
500 32
85 27
474 18
64 42
33 70
35 66
457 2
467 8
87 28
26 77
41 60
81 30
103 14
64 43
503 32
54 51
20 83
462 5
19 82
28 73
132 3
472 15
84 29
93 24
86 27
12 85
458 3
33 68
45 56
508 37
128 3
20 81
69 46
476 21
106 11
0 95
16 83
475 20
83 30
23 78
102 15
11 96
466 7
21 82
60 45
53 48
71 38
100 17
137 0
10 97
505 34
135 2
95 24
122 3
22 79
480 25
27 74
123 4
125 4
474 19
488 37
506 35
119 6
509 38
13 84
40 61
490 35
116 9
59 44
133 4
504 33
500 33
26 75
74 35
487 34
505 36
127 2
destination
