map
random512-20-5.map
pivot
431 45
agent & start
498 462
146 260
227 339
125 239
485 467
497 463
4 98
470 476
492 466
148 262
193 307
319 429
144 258
106 218
1 43
268 382
210 324
488 466
354 452
473 473
424 476
139 253
370 462
152 266
4 10
349 449
329 437
189 303
428 476
300 414
111 225
177 291
305 417
39 149
253 367
257 371
230 344
426 478
320 430
247 361
476 472
130 244
105 219
40 150
14 120
299 413
244 358
2 0
469 477
379 467
258 372
405 473
2 96
484 468
31 141
389 469
278 392
75 189
261 375
18 122
501 459
18 124
402 476
280 394
167 281
347 449
46 156
283 397
471 475
393 467
29 137
107 221
223 337
62 176
196 310
2 6
43 153
395 469
334 442
172 286
0 16
235 349
400 474
24 132
333 441
251 361
85 199
429 477
467 479
114 228
413 475
393 465
6 102
4 8
117 231
98 210
274 388
87 201
47 159
45 157
344 448
282 396
204 318
157 271
64 178
29 135
351 451
116 230
187 301
477 473
323 433
100 214
363 455
0 44
244 354
308 420
207 321
163 277
355 453
8 108
418 474
231 345
267 381
276 390
219 331
249 363
243 357
412 474
121 235
289 403
352 452
94 208
52 164
1 93
494 464
303 413
264 378
209 323
0 2
73 187
271 385
216 330
500 460
260 374
314 424
142 256
3 97
415 475
159 273
491 465
489 467
307 419
298 412
19 125
455 481
443 479
236 350
346 450
420 474
390 468
293 407
357 455
131 243
359 457
456 480
27 135
465 481
219 333
202 316
287 401
191 305
459 479
145 259
101 215
296 410
52 166
9 111
17 123
65 179
504 458
374 464
502 460
9 113
113 227
151 265
68 182
12 118
234 348
0 18
325 433
380 468
214 328
171 285
266 380
487 465
201 315
401 475
345 449
127 239
37 147
5 103
20 126
448 478
330 438
7 107
373 465
141 255
99 213
369 461
353 451
387 471
350 450
322 432
169 283
397 471
33 143
286 400
365 457
34 144
445 479
316 426
399 473
92 206
306 418
3 7
250 362
137 251
205 319
505 459
273 387
460 480
168 282
495 463
496 462
259 373
438 476
28 136
6 100
211 325
67 181
406 472
143 257
26 132
133 247
1 41
439 477
195 307
378 466
425 477
440 478
444 480
311 421
55 169
91 205
432 478
182 296
1 13
74 188
61 175
453 479
294 408
480 470
227 341
198 312
409 471
56 170
474 472
446 480
192 306
110 224
375 463
153 267
183 297
250 364
181 295
272 386
290 404
6 104
242 356
119 233
44 154
175 289
433 479
106 220
1 91
262 376
341 445
71 185
199 313
304 416
302 414
131 245
423 475
442 478
100 212
213 327
186 300
356 454
134 248
421 473
146 258
1 95
72 186
414 476
206 320
9 109
291 405
331 439
228 342
372 464
97 211
77 191
312 422
295 409
507 457
90 204
398 472
368 460
222 336
13 119
36 146
3 11
358 456
66 180
251 363
15 121
382 468
179 293
511 453
332 440
30 138
41 151
60 174
419 475
0 14
76 190
63 177
301 415
493 465
147 261
297 411
192 304
430 478
254 368
218 332
431 479
232 346
103 217
16 122
96 210
203 317
435 477
404 474
243 355
509 455
461 479
451 479
188 302
58 172
303 415
454 480
126 240
221 335
2 12
178 292
25 133
180 294
391 467
252 362
441 477
482 470
337 443
338 444
93 207
194 308
437 475
217 331
1 5
1 3
220 334
252 366
80 194
2 42
164 278
32 142
50 162
1 89
2 90
102 216
342 446
417 475
46 158
48 160
388 470
403 475
138 252
394 468
408 470
170 284
427 477
434 478
275 389
78 192
156 270
371 463
343 447
171 283
10 116
310 420
255 369
197 311
32 141
2 3
388 469
131 244
146 259
283 396
372 463
6 99
359 456
390 467
59 172
126 239
142 255
302 413
25 132
425 476
39 148
488 465
482 469
44 153
2 89
234 347
316 425
325 432
507 456
417 474
448 477
153 266
140 253
27 134
90 203
410 471
46 157
76 189
244 357
195 308
441 476
371 462
156 267
217 330
259 372
156 269
442 477
445 478
284 397
1 94
47 158
100 213
261 374
9 110
470 475
62 175
1 14
19 124
426 477
228 339
508 455
74 187
253 362
73 186
312 421
248 361
357 454
252 365
494 463
192 305
251 364
440 477
77 190
272 385
280 393
172 285
365 456
486 465
53 166
205 318
220 333
252 363
93 206
63 176
28 135
430 477
168 281
87 200
179 292
304 415
176 289
492 465
91 204
303 414
29 134
260 373
414 475
408 461
381 468
95 208
56 169
110 223
453 478
380 467
138 251
423 474
352 451
419 474
254 367
413 474
141 254
164 277
119 232
191 304
296 409
30 137
181 294
274 387
24 131
0 19
483 468
206 319
263 376
108 221
34 143
484 467
505 458
193 306
109 222
174 287
49 160
195 306
249 362
218 331
221 334
3 12
354 451
3 90
324 433
447 478
51 162
2 93
67 180
435 476
433 478
355 452
393 464
4 97
162 275
268 381
15 120
330 437
222 335
480 469
490 465
311 420
422 473
258 371
446 479
107 220
243 356
121 234
323 432
11 116
88 201
230 343
196 309
38 147
346 449
306 417
471 474
368 459
332 439
235 348
369 460
125 238
96 209
4 7
265 378
398 471
438 475
154 267
231 344
3 0
392 465
404 473
166 279
189 302
212 325
423 470
333 440
422 471
215 328
273 386
214 327
262 375
152 265
387 470
20 125
10 115
197 310
305 416
1 44
213 320
373 464
394 467
188 301
35 144
454 479
451 478
504 457
1 86
298 411
31 138
81 194
11 112
478 471
350 449
186 299
4 11
187 300
489 466
401 474
2 1
395 468
184 297
171 284
13 118
501 458
139 252
292 405
101 214
5 8
10 113
5 98
64 177
267 380
203 316
118 231
68 181
308 419
319 428
244 355
394 465
85 198
342 445
86 199
444 479
173 286
194 307
2 5
432 477
301 414
114 227
511 452
115 228
294 405
201 314
144 257
7 102
502 459
405 472
52 163
111 224
266 379
210 323
498 461
3 88
196 307
2 41
253 366
473 472
145 258
264 377
2 87
178 291
363 454
364 455
427 476
198 311
227 340
102 215
452 477
487 464
157 270
479 470
382 467
322 431
497 462
202 315
297 410
374 463
472 473
418 473
2 13
443 478
431 478
10 109
213 326
1 36
212 321
167 280
17 122
465 480
50 161
459 478
45 154
148 261
510 453
295 408
334 441
402 475
211 322
293 406
429 476
66 179
300 413
391 466
71 184
345 448
18 121
287 400
469 476
105 214
362 455
2 91
41 150
228 341
344 447
353 450
455 480
134 247
275 388
7 100
294 407
84 197
3 42
48 159
61 174
450 477
420 473
313 422
1 16
360 455
1 2
477 472
0 85
393 466
183 296
358 455
103 216
434 477
460 479
347 448
207 320
97 210
315 424
499 460
1 18
92 205
33 142
9 108
200 313
476 471
279 392
182 295
408 469
399 472
169 282
117 230
0 45
416 475
165 278
290 403
237 350
509 454
26 133
437 474
158 271
314 423
379 466
439 476
291 404
389 468
276 389
204 317
466 479
250 361
407 470
159 272
233 346
428 475
72 185
6 103
37 146
3 96
106 219
343 446
394 463
338 443
229 342
8 107
485 466
78 191
320 429
0 15
236 349
255 368
223 336
481 468
162 272
174 286
373 463
3 89
306 416
505 457
441 475
497 461
410 470
351 449
343 445
107 219
168 280
47 157
382 466
41 149
504 456
78 190
49 159
183 295
262 374
2 2
88 200
301 413
213 321
506 456
103 215
112 224
257 367
365 455
28 134
352 450
50 160
345 447
483 467
110 222
368 458
8 106
408 468
157 269
273 385
364 454
119 231
122 234
0 26
254 366
185 297
137 249
416 474
191 303
423 473
155 267
96 208
370 460
459 477
308 418
0 84
207 319
198 310
16 120
1 15
13 117
390 466
287 399
401 473
296 408
20 124
144 256
493 461
4 0
407 469
169 281
315 423
438 474
126 238
282 394
469 475
97 209
52 162
409 461
237 349
33 141
59 171
394 462
446 478
285 397
45 153
61 173
369 459
503 457
1 85
188 300
12 116
108 220
437 473
199 311
445 477
414 474
38 146
355 451
1 29
444 478
482 468
502 458
493 463
213 325
500 458
5 7
173 285
266 378
69 181
15 119
300 412
139 251
363 453
275 387
92 204
48 158
286 398
51 161
284 396
425 475
5 97
43 151
14 118
209 321
17 121
294 406
37 145
76 188
213 319
134 246
333 439
11 113
403 473
35 143
21 125
211 323
346 448
293 405
268 380
316 424
5 11
81 193
73 185
202 314
254 362
393 463
64 176
415 473
424 474
435 475
419 473
408 462
252 364
2 4
3 87
250 360
486 464
305 415
400 472
65 177
148 260
427 475
281 393
223 335
145 257
324 432
423 469
492 464
434 476
204 316
196 308
63 175
443 477
320 428
290 402
334 440
228 340
288 398
432 476
152 264
349 447
234 346
162 274
79 191
147 259
436 474
380 466
90 202
182 294
203 315
201 313
438 472
166 278
312 420
95 207
405 471
206 318
383 467
142 254
143 255
476 470
121 233
218 330
158 270
84 196
53 163
114 226
215 327
394 466
395 467
332 438
153 265
154 266
156 268
388 468
462 478
117 229
477 471
499 459
292 404
2 14
317 425
288 400
323 431
187 299
283 395
10 114
473 471
404 472
484 466
31 137
0 46
259 371
263 375
396 468
205 317
409 469
304 414
452 476
335 441
91 203
101 213
274 386
321 429
104 214
222 334
184 296
124 236
87 199
353 449
498 460
2 44
36 144
67 179
472 472
253 363
221 333
276 388
331 437
46 154
83 195
194 306
177 289
406 470
48 156
245 357
248 360
75 187
66 178
10 110
212 322
2 86
430 476
465 479
420 472
233 345
360 454
461 477
2 18
44 152
86 198
54 166
72 184
501 457
2 92
111 223
0 20
264 376
176 288
511 451
421 471
244 356
150 262
256 368
232 344
180 292
379 465
7 101
140 252
109 221
181 293
480 468
280 392
150 260
381 467
149 261
2 94
89 201
339 443
235 347
85 197
113 225
102 214
151 263
387 469
2 36
120 232
32 140
236 348
71 183
399 471
4 12
249 361
508 454
141 253
6 98
413 473
455 479
132 244
307 417
1 19
104 216
11 115
178 290
1 27
433 477
115 227
165 277
24 130
93 205
3 91
1 35
426 476
175 287
260 372
27 133
189 301
442 476
322 430
313 421
40 148
451 477
2 40
179 291
418 472
440 476
494 462
255 367
11 111
389 467
193 305
159 271
1 45
197 309
417 473
422 470
167 277
57 169
359 455
350 448
7 103
43 149
358 454
4 90
431 477
230 342
186 298
82 194
471 473
412 472
510 452
391 465
12 112
25 131
489 465
371 461
163 275
210 322
3 95
449 477
3 41
361 455
229 339
402 474
10 108
354 450
214 326
216 328
172 284
478 470
160 272
298 410
490 464
94 206
4 96
453 477
18 120
105 215
422 472
488 464
0 52
167 279
487 463
68 180
392 464
190 302
460 478
116 228
291 403
3 18
235 346
179 290
190 301
165 276
467 476
54 163
6 97
276 387
33 140
126 237
0 55
426 475
158 269
387 468
3 92
298 409
88 199
70 181
283 394
138 249
93 204
372 461
170 281
17 120
287 398
413 472
69 180
418 471
59 170
153 264
349 446
155 266
396 467
407 468
11 110
16 119
408 463
317 424
55 166
393 462
109 220
12 115
389 466
320 427
505 456
105 216
492 463
188 299
194 305
383 466
87 198
422 469
369 458
197 308
391 464
293 404
443 476
221 332
92 203
299 410
164 275
490 463
262 373
441 474
139 250
308 417
3 94
297 408
28 133
110 221
237 348
388 467
502 457
436 473
275 386
206 317
309 418
4 95
509 452
503 456
301 412
506 455
332 437
438 473
183 294
333 438
508 453
355 450
459 476
245 356
53 162
362 453
365 454
494 461
238 347
162 271
415 472
22 125
150 261
385 468
358 453
346 447
0 53
6 7
185 296
373 462
291 402
511 450
420 471
266 377
159 270
24 129
419 472
306 415
427 474
249 360
472 471
285 396
234 345
493 462
222 333
178 289
91 202
431 476
111 222
82 193
51 160
414 473
112 223
32 137
66 177
21 120
451 476
322 429
44 151
313 420
85 196
282 393
116 227
151 262
500 457
163 274
257 366
43 150
83 194
401 472
39 146
3 2
305 414
323 430
4 1
162 273
123 234
1 52
12 109
108 219
167 278
9 106
125 236
1 28
353 448
1 30
75 186
324 431
380 465
246 357
288 399
34 141
430 475
469 474
49 156
437 472
166 277
4 5
453 476
169 280
360 453
8 101
435 474
119 230
0 25
168 277
50 159
255 366
247 358
216 327
257 368
209 320
163 272
281 392
181 292
402 473
446 477
261 372
352 449
1 20
218 329
64 175
399 470
31 136
460 477
168 279
21 124
41 148
260 371
167 276
286 397
458 477
265 376
63 174
356 451
2 35
231 342
177 288
2 15
136 247
49 158
117 228
3 4
11 114
483 466
386 469
409 462
102 213
321 428
236 347
344 445
339 442
371 460
475 470
121 232
160 271
472 469
15 118
343 444
215 326
290 401
497 460
13 116
5 96
2 17
210 321
229 340
382 465
174 285
334 439
434 475
135 246
424 473
296 407
307 416
72 183
143 254
9 98
148 259
4 43
141 252
269 380
61 172
254 363
103 214
465 478
262 371
470 473
477 470
368 457
406 469
122 233
8 103
279 390
433 476
219 328
4 87
151 260
274 385
1 26
3 40
259 370
3 14
115 226
3 36
390 465
319 426
36 143
0 83
364 453
124 235
417 472
0 47
445 476
5 12
478 469
1 84
410 469
404 471
439 474
254 365
145 256
300 411
25 130
152 263
79 190
354 449
350 447
444 477
486 463
0 21
392 463
423 472
35 142
466 477
510 451
345 446
113 224
175 286
0 51
267 378
7 98
180 291
5 90
11 106
10 107
315 422
1 46
52 161
104 213
46 153
411 470
408 467
11 108
199 310
5 0
295 406
89 200
471 472
191 302
95 206
45 152
42 149
232 343
81 192
184 295
416 473
499 458
204 315
468 475
248 359
47 152
140 251
400 471
292 403
489 464
452 475
114 225
20 123
207 318
150 259
12 111
38 145
62 173
213 322
86 197
461 476
421 470
482 467
84 195
253 364
280 391
212 319
449 476
455 478
462 477
48 157
57 168
316 423
1 34
264 375
501 456
3 86
213 324
120 231
479 468
381 466
395 466
154 265
335 440
182 293
202 313
412 471
432 475
359 454
2 29
67 178
230 341
8 9
223 334
186 297
133 244
361 454
217 328
76 187
457 478
94 205
12 113
157 268
68 179
405 470
289 400
2 45
268 379
233 344
10 97
403 472
480 467
54 165
4 89
97 208
3 44
205 316
379 464
406 467
351 448
4 91
2 85
14 117
142 253
208 319
74 185
212 323
187 298
463 478
137 248
33 138
284 395
60 171
173 284
440 475
318 425
237 347
168 278
13 113
442 474
397 467
182 292
218 328
271 381
16 118
107 217
408 464
381 465
79 189
127 237
367 455
316 422
320 426
452 474
116 226
432 474
10 106
158 268
264 374
351 447
9 105
2 30
14 116
21 121
188 298
161 271
123 233
0 56
6 12
0 48
435 473
434 474
255 365
279 389
480 466
26 130
60 170
310 418
36 142
78 188
95 205
5 43
17 119
436 472
359 453
373 461
139 249
296 406
165 275
0 24
313 419
317 423
280 390
106 216
83 193
202 312
502 456
454 476
141 251
507 453
318 424
443 475
48 154
2 46
305 413
396 466
175 285
70 180
8 104
351 443
339 441
345 445
134 244
126 236
87 197
246 356
259 369
170 280
444 476
92 202
388 466
9 97
66 176
55 163
362 452
453 475
483 465
154 264
433 475
355 449
471 469
475 469
54 162
406 468
77 187
289 399
451 475
230 340
463 477
103 213
54 164
466 476
332 436
2 20
208 318
122 232
380 464
446 476
233 343
65 175
2 26
5 1
3 39
387 467
375 461
238 346
314 420
348 446
120 230
119 229
0 54
402 472
283 393
8 10
1 53
470 472
38 144
334 438
464 478
28 132
392 462
1 25
145 255
34 140
499 457
45 151
299 409
247 357
138 248
322 428
179 289
344 444
256 366
1 31
382 464
472 470
405 467
0 50
505 455
68 178
235 345
5 5
59 169
266 376
51 159
15 117
22 120
400 470
4 36
399 469
337 439
114 224
262 372
136 246
163 273
0 82
401 471
268 378
213 323
56 166
223 333
90 200
1 21
385 467
431 475
76 186
7 97
2 28
3 35
58 168
477 469
284 394
460 476
75 185
40 146
52 160
22 124
110 220
510 450
3 19
135 245
192 302
276 386
1 51
166 276
3 17
34 138
9 9
25 129
501 455
489 463
312 418
403 471
164 274
100 210
509 451
98 208
506 454
1 47
12 108
496 460
370 458
482 466
490 462
72 182
416 472
80 190
8 98
404 470
426 474
5 91
4 4
46 152
232 342
414 472
384 466
468 474
503 455
4 92
142 250
508 452
357 451
485 463
440 474
346 446
124 234
183 293
290 400
21 123
437 471
181 291
356 450
85 195
111 221
369 457
422 468
350 446
497 459
6 90
63 173
222 332
49 157
121 231
178 288
115 225
108 218
205 315
465 477
198 308
4 94
47 153
236 346
389 465
144 254
151 261
410 468
269 379
277 387
471 471
361 453
81 189
210 320
8 8
142 252
5 89
354 448
445 475
343 443
297 407
27 131
405 469
258 368
93 203
220 330
32 136
194 304
113 223
383 465
349 445
1 33
190 300
409 467
101 211
286 396
365 453
203 313
386 468
420 470
287 397
44 150
417 471
89 199
368 456
430 474
234 344
91 201
155 265
185 295
186 296
146 256
390 464
82 192
439 473
4 2
33 139
427 473
10 102
415 471
274 384
500 456
23 125
282 392
42 148
319 425
371 459
160 270
191 301
358 452
441 473
1 83
421 469
20 122
492 462
199 309
491 463
12 114
102 212
248 358
300 410
335 439
176 286
214 324
309 417
112 222
467 475
304 412
324 430
457 477
10 98
149 259
410 462
143 253
159 269
74 184
37 143
5 95
278 388
11 107
323 429
462 476
6 96
424 472
308 416
140 250
180 290
55 165
219 329
249 359
7 7
12 110
88 198
293 403
13 111
372 460
366 454
3 15
494 460
7 11
109 219
174 284
97 207
1 23
3 29
5 87
94 204
6 6
391 463
511 449
117 227
4 44
267 377
206 316
254 364
5 13
261 371
412 470
177 287
456 478
187 297
449 475
265 375
419 471
9 101
495 461
307 415
216 326
215 325
3 85
479 467
148 258
137 247
193 303
333 437
469 473
292 402
413 471
352 448
133 243
153 263
61 171
3 37
211 319
291 401
301 411
171 281
387 466
11 102
22 123
30 133
426 473
442 473
469 472
27 130
312 417
283 392
0 49
305 412
490 461
285 394
410 467
8 7
315 420
309 416
84 193
63 172
298 407
401 470
99 208
349 444
1 48
350 445
433 474
2 47
23 124
268 377
255 364
209 318
5 44
169 278
0 81
196 305
478 467
365 452
166 275
318 423
13 114
15 116
140 249
141 250
275 384
3 26
55 164
358 451
210 319
191 300
272 381
314 419
56 163
10 99
313 418
352 447
125 234
2 51
450 475
46 151
223 332
215 324
380 463
5 2
9 10
445 474
369 456
356 449
17 118
5 86
502 455
306 413
160 269
420 469
6 89
113 222
384 465
463 476
100 209
208 317
5 94
61 170
127 236
25 126
400 469
133 242
82 191
143 252
159 268
370 457
69 178
448 475
444 475
142 251
402 471
4 85
261 370
334 437
284 393
182 291
411 468
405 468
355 448
6 43
351 444
362 451
216 325
276 385
119 228
497 458
10 103
5 40
186 295
183 292
361 452
319 424
74 183
246 355
495 460
505 454
421 468
412 469
2 31
98 207
7 96
293 402
38 143
2 21
351 442
83 192
36 141
11 98
376 461
22 121
431 474
203 312
360 451
37 142
430 473
468 473
344 443
4 37
3 46
348 445
123 232
1 56
90 199
79 188
175 284
10 101
5 4
155 264
3 38
477 468
455 476
189 298
286 395
453 474
404 469
366 453
231 340
170 279
60 169
103 212
136 245
108 217
59 168
259 368
80 189
34 139
161 270
456 477
6 13
3 20
1 54
457 476
1 82
491 462
449 474
414 471
171 280
347 446
92 201
432 473
5 42
67 176
280 389
5 88
300 409
2 23
4 19
2 57
192 301
342 443
16 117
345 444
178 287
482 465
129 238
359 452
466 475
54 161
110 219
6 5
339 440
2 83
410 463
29 132
102 211
441 472
111 220
510 449
199 308
235 344
7 90
485 462
465 476
42 147
187 296
157 266
1 24
333 436
32 135
311 418
247 356
205 314
403 470
317 422
112 221
269 378
31 134
39 144
287 396
65 174
335 438
120 229
367 454
271 380
10 9
41 146
409 464
147 256
446 475
379 462
56 165
372 459
218 327
263 372
4 45
7 12
89 198
290 399
1 22
96 205
149 258
307 414
440 473
91 200
0 57
181 290
4 39
3 30
75 184
94 203
202 311
6 91
139 248
115 224
77 186
33 136
152 261
146 255
101 210
124 233
2 33
340 441
107 216
232 341
296 405
351 446
126 235
117 226
165 274
48 153
221 330
13 108
419 470
1 32
10 105
52 159
270 379
70 179
9 104
137 246
234 343
72 181
3 16
159 266
373 460
368 455
391 462
386 467
35 138
460 475
5 92
122 231
9 100
8 11
265 374
73 182
214 323
260 369
429 474
3 34
198 307
292 401
388 465
207 316
294 403
416 471
413 470
443 474
322 427
404 467
496 459
248 357
474 469
204 313
321 426
78 187
509 450
45 150
194 303
87 196
176 285
26 129
237 346
6 87
50 157
118 227
301 410
425 472
134 243
40 145
68 177
21 122
434 473
135 244
397 466
297 406
281 390
1 50
220 329
154 263
34 137
398 467
14 113
390 463
164 273
464 477
23 120
385 466
371 458
145 254
447 476
256 365
278 387
24 125
81 188
86 195
427 472
13 110
471 470
71 180
138 247
484 463
508 451
483 464
336 439
28 131
3 28
3 52
238 345
267 376
193 302
498 457
5 14
5 36
437 470
343 442
217 326
76 185
382 463
310 417
489 462
8 97
49 154
172 281
381 464
324 429
298 405
4 35
249 358
323 428
195 304
436 471
3 84
81 190
158 267
6 95
188 297
375 460
57 166
114 223
264 373
190 299
179 288
142 249
304 411
279 388
506 453
499 456
481 466
475 468
314 417
14 115
4 93
180 289
337 438
194 301
374 461
12 107
282 391
290 398
231 339
140 248
267 375
385 465
94 202
5 3
85 193
2 82
361 451
215 323
62 170
115 223
92 200
194 302
102 210
6 4
389 463
404 468
4 34
17 117
0 58
305 411
468 472
36 140
366 452
41 145
16 116
193 301
208 316
4 16
72 180
269 377
56 162
111 219
318 422
8 96
268 376
97 205
420 468
5 85
469 471
90 198
265 373
181 289
28 130
455 475
158 266
5 19
133 241
65 173
311 417
403 469
205 313
7 91
3 51
325 429
309 415
7 5
321 425
120 228
4 52
3 23
176 284
248 356
4 30
223 331
437 469
3 83
14 112
433 473
388 464
82 190
387 465
273 381
485 461
367 453
14 114
419 469
291 399
129 237
100 208
411 467
465 475
398 466
470 470
6 94
402 470
198 306
342 442
478 466
272 380
443 473
276 384
334 436
50 154
450 474
451 473
431 473
301 409
180 288
178 286
362 450
339 439
481 465
410 464
134 242
10 104
369 455
416 470
210 318
39 143
54 160
171 279
83 191
10 10
384 464
95 203
107 215
495 459
2 22
87 195
359 451
392 460
509 449
260 368
11 101
0 72
5 35
441 471
340 440
173 281
2 54
308 414
103 211
3 31
4 46
0 78
444 474
142 248
6 86
202 310
137 245
0 64
391 461
235 343
374 460
218 326
23 123
3 25
508 450
66 174
427 471
119 227
341 441
5 45
75 183
145 253
68 174
377 461
505 453
5 93
89 197
250 358
113 221
63 171
36 138
196 304
368 454
347 445
386 466
335 437
42 146
24 124
34 136
426 472
118 226
55 161
390 462
170 278
477 467
10 100
98 206
190 298
237 345
130 238
31 133
336 438
3 21
438 470
463 475
4 84
136 244
117 225
3 47
182 290
371 457
466 474
439 471
375 459
300 408
165 273
417 469
68 176
224 332
125 233
506 452
1 49
154 262
5 37
73 181
259 367
49 153
306 412
4 28
397 465
32 134
292 400
217 325
246 354
5 39
382 462
9 7
209 317
447 475
351 445
496 458
156 264
78 186
24 120
135 243
7 89
350 442
6 44
25 125
6 88
216 324
200 308
238 344
79 187
33 135
299 405
11 103
207 315
124 232
399 467
147 255
61 169
172 280
96 204
303 411
502 454
166 274
337 437
153 261
183 291
206 314
460 474
249 357
355 447
299 407
23 121
324 428
247 355
372 458
52 158
2 24
497 457
346 444
414 470
86 194
312 416
53 159
489 461
112 220
35 139
6 36
74 182
30 132
9 11
464 476
175 283
14 110
453 473
429 473
373 459
345 443
43 147
284 392
410 466
319 423
116 224
383 463
428 472
18 118
297 405
285 393
204 312
483 463
51 157
38 142
413 469
474 468
88 196
2 56
161 269
401 469
436 470
288 396
5 41
59 167
46 150
159 265
143 251
160 268
91 199
440 472
12 98
8 0
22 122
446 474
409 465
188 296
8 6
56 164
1 57
93 201
84 192
122 230
283 391
57 165
199 307
54 158
298 406
2 58
6 14
315 419
271 379
380 462
76 184
315 415
228 336
6 92
2 50
343 441
2 32
296 404
58 166
264 372
26 126
499 455
12 102
27 129
197 305
141 249
123 231
449 473
7 13
191 299
270 378
138 246
69 177
149 257
71 179
280 388
356 448
456 476
310 416
4 20
146 254
221 329
333 435
338 438
57 163
282 390
488 462
179 287
7 95
15 115
490 460
314 416
189 297
278 386
479 465
302 410
349 443
475 467
348 444
40 144
127 235
99 207
186 294
314 418
14 108
256 364
233 341
3 27
234 342
0 76
80 188
261 369
357 449
484 462
3 33
491 461
381 463
275 383
157 265
266 374
13 107
67 175
4 38
287 395
294 402
507 451
126 234
352 446
5 15
77 185
1 81
108 216
379 461
454 474
323 427
244 351
235 340
419 468
181 288
158 265
16 115
134 239
265 372
378 461
189 296
495 458
127 234
228 335
6 85
140 247
53 158
8 91
4 53
293 400
499 454
37 138
177 284
6 41
358 449
464 475
276 383
481 464
185 290
347 444
6 19
507 450
1 64
89 196
117 224
225 332
195 302
10 7
283 390
0 75
251 358
7 36
217 324
12 99
7 14
159 264
50 153
199 306
372 457
28 129
91 198
209 316
488 461
315 418
509 448
0 79
114 221
411 466
215 322
11 6
427 470
496 457
168 275
284 391
4 47
359 450
57 162
87 194
8 5
5 34
123 230
28 127
3 22
348 443
145 252
1 58
130 237
261 368
353 446
237 344
8 89
69 174
278 385
44 147
232 339
402 469
467 472
57 164
413 468
357 448
490 459
49 152
218 325
41 144
54 159
270 377
436 469
13 106
4 27
4 23
113 220
386 465
429 472
287 392
373 458
24 123
131 238
155 262
216 323
9 6
491 460
355 446
16 113
273 380
238 343
133 240
206 313
445 472
32 133
169 276
403 468
52 157
93 200
45 148
200 307
96 203
459 474
7 40
352 445
479 464
316 419
188 295
249 356
235 342
161 268
68 173
98 205
468 471
6 3
115 222
315 416
247 354
401 468
190 297
264 371
309 414
1 72
12 103
457 474
288 395
3 24
290 397
83 190
344 441
171 278
279 386
391 460
8 95
456 475
260 367
59 166
86 193
7 94
346 443
173 280
34 135
192 299
277 384
416 469
498 455
6 15
65 172
197 304
262 369
266 373
72 179
111 218
9 12
364 449
243 350
455 474
198 305
465 474
221 328
92 199
207 314
367 452
5 16
506 451
68 175
271 378
142 247
62 167
388 463
73 180
446 473
397 464
449 472
497 456
160 265
147 254
134 241
3 82
11 104
162 269
227 334
15 108
150 257
208 315
165 272
156 263
178 285
316 415
62 169
126 233
448 473
440 471
18 117
76 183
172 279
1 78
3 48
307 412
478 465
280 387
119 226
79 186
4 31
374 459
55 160
485 460
144 251
443 472
5 46
412 467
56 161
25 124
236 339
90 197
179 286
418 469
341 440
6 93
46 149
8 87
219 326
295 402
3 54
420 467
103 210
474 467
4 21
64 171
267 374
27 126
379 460
318 421
122 229
2 81
508 449
313 416
47 150
233 340
3 50
376 459
361 450
489 460
8 1
180 287
2 55
229 336
365 450
104 211
338 437
38 141
336 437
80 187
0 73
398 465
297 404
141 248
432 471
39 142
484 461
482 463
5 84
431 472
107 214
13 102
70 177
375 458
314 415
124 231
384 463
129 236
287 394
476 467
153 260
176 283
299 406
11 100
4 33
303 410
191 298
369 454
40 143
282 389
377 460
339 438
193 300
302 409
7 86
322 425
437 468
319 422
184 291
335 436
504 453
7 44
138 245
337 436
410 465
15 112
334 435
442 471
450 473
475 466
272 379
305 410
5 28
66 173
366 451
301 408
69 176
453 472
23 122
204 311
311 416
268 375
146 253
152 259
108 215
454 473
196 303
135 242
137 244
4 25
78 185
210 317
381 462
15 114
502 453
33 134
43 146
5 20
6 37
30 131
325 428
2 49
292 399
136 243
324 427
286 393
84 191
17 116
451 472
51 154
63 170
285 392
42 145
426 471
71 178
259 366
321 424
447 474
425 470
77 184
14 109
125 232
205 312
24 121
392 459
460 473
469 470
182 289
428 471
6 39
230 337
101 208
5 52
10 11
414 469
94 201
29 130
256 363
433 472
332 433
438 469
242 349
0 63
167 274
6 45
263 370
477 466
296 403
486 461
224 331
300 407
222 329
390 461
342 441
99 206
3 32
444 473
157 264
120 227
175 282
9 0
0 65
226 333
7 88
231 338
400 467
4 83
85 192
75 182
304 409
5 38
269 376
0 59
0 77
4 51
149 256
148 255
187 294
439 470
7 20
0 71
36 139
466 473
257 364
12 101
223 330
483 462
202 309
349 442
12 105
1 65
505 451
460 472
7 3
8 94
361 449
316 418
292 396
99 205
396 464
452 472
133 239
270 376
90 196
279 385
64 170
236 340
374 458
61 167
6 18
9 89
5 17
55 159
221 327
390 460
89 195
100 206
336 436
63 167
413 467
470 468
277 383
93 199
288 392
245 351
173 279
219 325
4 24
51 155
148 254
400 466
197 303
308 412
359 449
5 47
274 380
411 465
334 434
289 395
0 70
295 401
215 321
114 220
76 182
8 86
273 379
250 356
5 21
288 394
362 448
271 377
345 441
141 247
344 440
39 141
116 222
415 469
8 14
242 348
8 88
63 169
469 469
146 252
316 416
71 177
37 137
402 468
28 128
432 470
348 442
331 433
28 126
244 350
176 282
248 354
4 48
447 473
9 1
73 179
181 287
108 214
44 146
37 139
371 455
427 469
13 105
387 463
5 31
80 186
7 93
6 20
226 332
160 264
45 147
187 293
481 463
429 471
437 467
25 123
175 281
444 472
29 129
74 180
149 255
0 74
62 168
325 427
70 174
483 461
185 291
189 295
8 44
312 414
35 135
158 264
416 468
420 466
235 341
384 462
67 173
225 331
112 218
346 442
4 32
465 473
237 343
88 194
7 35
305 409
186 290
355 445
280 386
16 114
159 263
166 272
77 183
28 124
303 409
17 115
269 375
376 458
118 224
223 329
454 472
301 407
43 145
251 357
40 142
151 257
58 158
93 197
276 382
494 458
478 464
356 446
4 50
412 466
466 472
337 435
279 383
15 111
499 453
45 145
128 234
42 144
322 424
477 465
401 467
433 471
230 336
487 461
490 458
13 11
47 149
7 39
232 338
464 474
3 49
153 259
120 226
97 203
91 197
69 175
157 263
367 451
5 29
94 200
170 276
202 308
57 161
229 335
31 131
309 413
94 196
391 459
2 80
266 372
19 117
445 471
103 209
399 465
234 340
1 59
6 38
338 436
333 433
496 456
397 463
398 462
264 370
502 452
5 33
236 342
9 91
449 471
7 19
5 83
57 159
506 450
319 421
59 163
423 467
474 466
8 4
364 448
300 406
339 437
386 464
8 40
205 311
24 122
286 392
13 99
6 46
59 165
34 134
511 447
16 112
257 363
507 449
7 85
109 215
138 244
342 440
12 100
180 286
75 181
5 51
283 389
224 330
441 469
38 140
480 464
426 470
0 62
448 472
85 191
296 402
330 432
183 289
1 71
30 130
130 236
193 299
222 328
127 233
29 127
451 471
5 27
217 323
321 423
101 207
58 162
227 333
498 454
135 241
209 315
152 258
117 223
18 116
147 253
369 453
247 353
196 302
78 184
6 52
53 157
95 201
287 391
9 95
258 364
292 398
353 445
443 471
206 312
134 240
509 447
450 472
9 5
46 148
439 469
456 474
8 36
381 461
86 192
84 190
1 77
4 82
425 469
501 453
167 273
87 193
320 422
326 428
9 13
431 471
81 185
424 468
207 313
358 448
70 176
240 346
50 152
172 278
357 447
267 373
458 474
268 374
293 399
231 337
7 41
11 7
284 390
285 391
156 262
58 164
249 355
2 64
385 463
310 414
229 333
260 366
131 237
347 443
263 369
129 235
504 452
306 410
491 459
377 459
26 124
255 361
1 75
60 166
440 470
163 269
169 275
265 371
282 388
177 283
171 277
388 462
365 449
104 210
354 446
7 15
360 448
200 306
418 468
0 66
414 468
190 296
488 460
3 55
162 268
145 251
497 455
66 172
51 153
65 171
278 384
113 219
191 297
1 79
486 460
208 314
233 339
199 305
495 457
7 37
10 12
398 464
125 231
476 466
479 463
132 238
52 156
27 125
340 438
137 243
174 280
372 456
178 284
211 317
275 381
6 84
2 78
6 28
363 447
96 202
489 459
291 397
203 309
136 242
179 285
368 452
328 430
10 6
378 460
307 411
49 151
79 185
453 471
428 470
375 457
373 457
500 454
12 104
343 439
25 121
2 72
144 250
154 260
56 160
168 274
182 288
281 387
468 470
5 53
243 349
123 229
4 56
72 178
33 133
484 460
313 415
4 22
13 103
389 461
95 195
366 450
496 454
15 109
41 143
297 403
52 154
241 347
311 415
198 304
237 339
419 467
161 267
38 138
228 334
294 400
302 408
201 307
435 469
261 367
102 208
269 374
9 94
92 197
476 465
98 203
340 437
263 366
46 145
5 48
38 139
336 435
18 115
496 455
38 137
466 471
385 462
438 467
450 471
305 408
428 469
366 449
26 123
13 100
25 122
480 463
244 349
136 241
57 158
289 394
64 167
16 111
216 321
9 14
264 369
430 471
371 454
274 379
75 180
5 32
342 439
280 385
194 299
251 356
56 159
163 268
229 334
300 403
71 174
78 183
63 168
355 444
271 376
481 462
224 329
197 302
169 274
384 461
261 366
472 467
96 201
403 466
45 146
95 200
426 469
401 466
108 213
2 77
266 371
6 23
3 72
73 178
474 465
44 145
250 355
103 208
10 95
8 85
125 230
425 468
448 471
293 398
275 380
363 446
412 465
292 397
455 472
379 458
152 257
30 127
440 469
5 24
43 144
181 286
104 209
413 466
390 459
1 70
9 4
148 253
10 13
468 469
186 291
226 331
469 468
452 471
8 39
16 109
445 470
8 41
14 99
219 324
202 307
94 197
359 448
330 431
7 52
7 34
373 456
137 242
32 131
433 470
311 414
505 450
345 440
17 112
17 114
198 303
288 393
205 310
389 460
414 467
9 36
431 470
396 463
263 368
246 351
358 447
7 42
509 446
404 465
495 456
182 287
138 243
9 86
429 470
199 304
230 335
272 377
58 161
190 295
4 57
5 26
90 195
453 470
332 431
7 84
249 354
8 93
265 370
331 432
118 223
506 449
465 472
156 261
9 2
510 447
421 466
343 438
29 128
95 194
200 305
322 423
113 218
449 470
1 74
291 396
19 116
1 66
504 451
17 110
346 441
491 458
140 245
127 232
129 234
57 160
139 244
276 381
286 391
184 289
7 18
237 342
147 252
88 193
52 153
124 229
3 78
500 453
146 251
270 375
2 65
27 124
5 54
387 462
377 458
309 412
374 457
497 454
242 347
97 202
40 141
13 10
2 71
217 322
101 206
296 401
232 337
283 388
58 159
381 460
418 467
317 418
47 148
313 414
145 250
399 462
267 372
13 104
386 463
7 28
11 8
234 339
228 333
306 409
499 452
347 442
72 177
114 219
115 220
59 162
483 460
6 33
240 345
446 471
49 150
132 237
191 296
86 191
372 455
42 143
8 35
247 352
1 62
459 472
59 164
295 400
208 313
447 472
60 165
367 450
112 217
424 467
6 47
12 7
8 19
1 60
419 466
37 136
243 348
362 447
437 466
9 44
41 142
175 280
320 421
64 169
159 262
236 341
493 458
365 448
210 315
443 470
298 403
36 135
116 221
416 467
170 275
135 240
204 309
303 408
310 413
109 214
174 279
151 256
233 338
154 259
119 224
258 363
14 103
319 420
28 125
467 470
65 170
9 92
48 149
35 134
402 467
128 233
33 132
176 281
4 81
89 194
10 5
71 176
70 175
91 196
39 140
458 473
222 327
87 192
444 471
327 428
160 263
211 316
356 445
81 184
348 441
6 25
178 283
333 432
5 50
442 469
494 457
361 448
294 399
80 185
74 179
9 88
470 467
196 301
126 231
301 406
487 460
6 17
6 21
279 384
4 55
328 429
120 225
9 90
378 459
10 1
171 276
478 463
376 457
2 79
117 222
6 29
257 362
30 129
369 452
50 151
334 433
218 323
14 105
94 195
341 438
52 155
173 278
203 308
423 466
325 426
93 196
6 53
427 468
329 430
188 293
473 466
10 91
100 205
9 40
31 130
488 459
308 411
130 235
456 473
61 166
76 181
335 434
157 262
397 462
415 468
498 453
256 361
511 446
5 22
483 458
4 49
285 390
354 445
206 311
237 340
102 207
400 465
357 446
162 267
67 172
316 417
158 263
231 336
183 288
133 238
20 117
339 436
399 464
192 297
277 382
167 272
289 392
13 12
477 464
5 82
46 147
434 469
248 353
161 264
94 199
141 246
321 422
85 190
8 3
241 346
312 413
8 15
338 435
14 101
284 389
344 439
8 43
280 383
7 38
225 330
189 294
179 284
53 156
370 453
337 434
318 419
464 473
149 254
255 360
2 63
51 152
282 387
501 452
15 102
273 378
436 467
297 399
13 9
34 132
7 51
273 377
6 50
192 296
458 472
113 217
245 349
197 301
9 37
152 256
124 228
182 286
109 213
10 2
453 469
105 209
40 140
363 445
467 469
489 457
359 447
354 444
3 63
86 190
318 418
335 433
140 244
53 153
46 146
39 139
298 402
126 230
7 31
209 313
264 366
300 402
141 245
139 243
205 309
456 472
58 160
8 52
167 271
501 451
317 417
80 184
355 443
414 466
95 199
72 176
88 192
14 100
319 419
131 235
220 324
161 263
200 304
101 205
60 162
369 451
9 93
322 422
509 445
219 323
332 430
179 283
173 277
29 125
114 218
95 197
340 436
1 69
256 360
181 285
16 102
238 340
483 459
301 405
295 399
8 42
48 148
8 46
380 458
146 250
8 34
133 237
33 131
468 468
333 431
347 441
472 466
233 337
42 142
207 311
17 107
221 325
264 368
27 123
227 331
250 354
110 214
362 446
155 259
374 456
44 144
488 458
280 382
440 468
399 463
12 8
170 274
370 452
67 171
85 189
425 467
5 81
52 152
30 128
274 378
36 134
346 440
265 369
473 465
7 25
116 220
251 355
490 456
503 451
495 455
2 76
302 406
280 384
216 320
249 353
506 448
339 435
8 38
337 433
499 451
187 291
43 143
115 219
494 456
148 252
206 310
230 334
1 61
15 105
14 98
60 164
7 47
455 471
436 466
482 460
204 308
100 204
177 281
165 269
297 401
477 463
306 408
8 84
372 454
9 45
290 394
6 22
15 103
10 94
3 59
104 208
47 147
125 229
446 470
429 469
6 30
430 470
7 33
223 327
241 345
12 12
128 232
493 457
18 112
417 467
59 161
1 67
10 92
329 429
361 447
2 74
478 462
5 57
74 178
294 398
400 462
198 302
6 26
334 432
3 71
470 466
7 17
163 267
281 385
366 448
434 468
384 460
481 461
183 287
357 445
451 469
313 413
6 48
376 456
168 272
242 346
117 221
157 261
445 469
10 40
50 150
94 194
269 373
368 450
283 385
122 226
218 322
389 459
484 458
35 133
66 170
247 351
32 130
435 467
55 157
10 4
263 367
7 27
431 469
226 330
452 470
171 275
328 428
373 455
497 453
466 470
422 466
64 168
360 446
89 193
4 58
5 55
6 32
413 465
450 470
3 79
18 110
108 212
3 75
175 279
10 90
348 440
78 182
492 458
387 461
77 181
307 409
188 292
149 253
285 389
418 466
416 466
308 410
270 374
39 137
491 457
471 467
439 467
454 470
398 460
423 465
342 438
275 379
21 117
344 438
191 291
91 195
38 136
31 129
510 446
9 85
18 114
320 420
385 461
353 443
10 14
71 175
118 222
166 270
7 83
462 472
17 111
343 437
356 444
281 381
437 465
191 295
127 231
267 371
7 29
37 135
199 303
195 299
258 362
447 471
303 407
136 240
476 464
189 293
480 462
184 288
176 280
404 464
210 314
75 179
299 403
9 39
397 461
263 365
54 156
137 241
336 434
11 89
371 453
377 457
120 224
311 413
180 284
309 411
11 1
500 452
99 203
321 421
2 70
421 465
98 202
9 43
9 35
382 460
6 56
59 159
286 390
15 101
14 104
444 470
79 183
310 412
261 365
232 336
381 459
415 467
283 387
129 233
487 459
17 109
87 191
248 352
367 449
246 350
443 469
96 200
224 328
228 332
8 16
508 446
330 430
203 307
5 49
244 348
396 462
11 91
10 88
469 467
386 462
4 78
325 425
11 95
312 412
9 41
10 86
326 426
433 469
4 80
222 326
331 431
16 106
56 158
76 180
364 446
92 196
8 18
243 347
10 44
11 13
2 66
102 206
154 258
61 165
211 315
2 62
208 312
403 465
291 395
231 335
41 141
271 375
401 465
486 458
19 115
293 397
377 455
158 262
3 73
507 447
266 370
463 473
345 439
465 471
504 450
6 82
7 53
278 382
426 468
53 155
338 434
358 446
268 372
9 19
26 122
121 225
289 393
482 458
289 391
301 403
2 60
341 437
259 363
130 234
9 3
424 466
65 169
172 276
190 292
6 24
378 458
383 461
237 341
388 460
20 116
234 338
196 300
498 452
190 294
402 466
3 65
432 468
276 380
505 449
73 177
257 360
121 224
416 465
211 314
357 444
333 430
130 233
184 287
117 220
291 394
340 435
8 29
195 298
53 152
166 269
172 275
69 172
15 98
52 151
68 171
446 469
11 4
282 385
500 451
444 469
171 274
356 443
96 197
256 359
139 242
10 47
207 310
136 239
95 198
197 300
426 467
471 466
154 257
311 412
219 322
5 58
51 150
260 363
9 18
248 351
2 69
218 321
11 90
5 80
10 87
278 381
104 207
434 467
482 459
3 62
295 398
4 79
122 225
88 191
198 301
146 249
109 212
181 284
452 469
72 175
10 45
451 468
177 280
3 76
10 37
303 406
450 469
374 455
262 365
339 434
10 39
31 124
477 462
493 456
463 472
429 468
10 15
200 303
365 446
504 449
87 190
99 202
475 464
7 82
203 306
77 180
13 8
91 194
351 440
305 406
10 3
56 157
42 141
387 460
16 99
8 47
440 467
39 136
110 213
54 153
93 194
304 405
147 250
297 398
329 428
168 271
41 140
90 193
7 32
6 49
7 48
73 176
221 324
265 368
155 258
332 429
484 457
3 60
435 466
188 291
497 452
436 465
32 129
473 464
9 42
169 272
100 203
354 443
456 471
15 100
14 9
137 240
151 254
433 468
120 223
48 147
8 31
15 104
381 458
163 266
18 109
40 139
204 307
499 450
30 125
132 235
194 297
439 466
232 335
7 26
22 117
377 456
8 27
97 200
242 345
220 323
437 464
191 294
76 179
34 131
182 285
469 466
8 51
413 464
281 384
488 457
376 455
65 168
4 59
18 107
123 226
231 334
10 43
314 413
388 459
250 353
8 53
destination
