map
random512-25-9.map
pivot
220 199
agent & start
511 511
511 510
510 511
510 510
509 511
509 510
508 511
508 510
509 509
507 511
508 509
506 511
508 508
505 511
508 507
504 511
508 506
503 511
504 510
506 508
507 507
507 506
505 508
511 502
506 507
503 510
502 511
504 509
509 501
502 510
507 505
508 504
508 500
501 511
503 509
510 502
509 503
504 508
511 501
505 507
506 506
504 507
501 510
508 503
508 501
507 504
507 500
509 502
503 508
509 500
500 511
505 506
502 509
511 500
506 505
502 508
509 499
511 499
499 511
500 508
500 510
507 501
507 503
510 500
508 502
505 505
506 504
503 507
504 506
502 507
503 506
499 508
501 508
500 509
510 499
511 498
507 502
498 511
505 504
504 505
499 509
510 498
506 502
505 503
498 510
511 497
502 506
504 504
501 507
503 505
505 502
502 505
510 497
498 509
503 504
511 496
501 506
511 495
497 509
502 504
508 498
510 496
504 502
500 506
497 508
511 494
501 504
499 506
507 498
509 496
503 502
502 503
510 495
494 511
508 497
498 507
504 498
511 493
501 503
497 507
510 494
507 497
504 500
505 499
498 506
499 505
503 501
498 504
509 495
506 498
500 504
508 496
493 511
494 510
509 494
511 492
510 493
493 510
502 501
498 503
500 503
498 505
506 497
505 498
504 499
503 500
499 504
497 502
507 496
497 506
492 511
501 502
497 503
494 508
505 497
511 491
497 505
502 500
498 502
499 503
497 501
492 510
509 493
503 499
493 509
501 501
496 506
507 495
491 511
502 499
493 508
500 501
509 492
505 496
496 503
501 500
492 509
494 507
499 502
498 501
496 505
507 494
491 510
510 491
496 504
491 509
489 511
505 495
492 508
506 494
507 493
493 507
510 490
502 498
495 503
508 492
499 501
500 500
500 499
504 495
502 497
495 504
488 509
506 493
494 505
492 507
508 491
510 489
491 508
499 500
487 508
488 511
486 507
489 510
511 488
490 508
509 489
511 487
487 507
500 498
505 493
508 490
484 506
503 495
488 508
485 507
499 499
493 505
501 497
504 494
487 511
494 504
489 509
510 488
492 506
502 496
488 510
492 505
510 487
485 508
487 510
499 498
484 507
505 492
502 495
503 494
504 493
511 486
490 507
486 509
486 511
489 508
493 504
487 506
509 488
483 506
500 497
507 490
482 507
488 506
499 493
500 494
484 508
485 509
510 486
511 485
506 490
482 508
492 504
502 494
489 507
504 492
498 498
497 499
500 496
499 497
491 505
490 506
493 503
483 507
494 502
508 488
486 510
500 493
492 503
503 492
489 506
493 502
507 488
499 494
496 499
510 485
500 495
509 486
494 501
483 508
505 490
497 498
509 484
490 505
506 489
499 496
508 487
501 494
485 510
484 511
498 497
488 504
508 484
500 492
501 493
489 505
508 486
511 483
484 510
483 511
493 501
504 490
497 497
509 485
506 488
496 498
502 492
498 496
492 502
483 509
499 495
494 500
505 489
510 484
482 511
491 502
497 496
510 483
489 504
508 485
496 497
490 503
498 495
507 486
492 501
488 503
483 510
501 492
494 499
503 490
502 491
511 482
506 487
505 488
504 489
495 498
506 486
510 482
490 502
495 497
482 510
489 503
508 482
503 489
507 485
511 481
494 498
502 490
501 491
492 500
493 499
494 496
491 501
504 488
481 511
497 495
503 488
492 499
510 481
494 495
497 494
490 501
495 496
502 489
481 510
506 485
511 480
494 497
496 495
508 481
509 482
505 486
489 502
491 500
501 490
480 511
504 487
498 492
479 511
506 484
495 495
493 497
503 487
500 490
491 499
511 479
504 486
511 477
493 495
492 498
507 481
480 510
502 488
509 481
505 485
489 501
510 480
496 494
511 476
496 493
498 491
500 489
492 497
506 481
503 486
506 483
509 476
511 478
495 494
488 501
509 480
501 488
490 499
478 511
510 479
489 500
504 485
497 492
505 484
510 477
479 510
493 494
501 487
508 476
505 481
497 491
490 498
504 484
502 486
505 483
488 500
509 475
495 493
493 493
498 490
510 476
499 489
496 492
491 497
510 478
478 510
509 479
503 485
505 482
490 497
501 486
500 487
475 510
504 483
478 509
508 479
509 478
477 510
509 474
495 492
488 499
510 475
499 488
503 484
496 491
507 476
502 485
497 490
494 493
487 500
489 498
503 483
489 497
490 496
501 485
475 509
495 491
487 499
475 511
499 487
473 509
497 489
494 492
504 482
507 477
496 490
507 479
502 484
498 488
477 509
510 474
500 486
479 505
508 478
486 499
487 498
506 477
477 508
488 497
492 489
502 483
511 474
480 505
506 479
474 509
494 491
498 487
479 504
496 489
491 488
507 478
473 510
497 488
489 496
474 511
491 494
500 485
495 490
503 482
503 481
472 510
488 496
479 503
473 511
474 508
492 488
490 494
487 497
492 492
477 507
497 487
481 503
500 484
486 498
494 490
491 493
480 504
505 479
501 483
506 478
502 482
496 488
493 489
490 488
511 473
476 508
492 491
491 492
483 500
485 498
487 496
481 502
494 489
482 501
489 488
500 483
503 480
505 478
476 507
493 488
474 507
496 487
489 494
480 503
511 472
488 495
502 481
491 490
484 499
472 511
486 497
500 482
484 498
471 511
485 497
504 478
498 484
495 487
481 501
486 496
490 490
502 480
490 492
501 481
491 491
489 493
475 507
511 471
482 500
488 494
483 499
480 502
503 479
489 489
494 488
495 486
494 487
480 501
498 483
475 506
489 492
482 499
485 496
481 500
504 477
490 491
470 511
497 484
484 497
510 471
506 475
489 490
507 474
505 476
488 493
500 481
502 479
488 492
506 474
482 498
479 501
502 478
489 491
470 510
497 483
503 477
484 496
499 481
508 472
500 480
494 486
505 475
501 475
497 481
496 484
472 508
475 505
480 500
510 470
504 476
487 493
507 473
469 511
509 471
502 476
508 471
474 505
497 482
496 483
501 474
470 509
468 511
505 474
471 508
500 479
494 485
486 493
502 477
480 499
483 496
504 475
506 473
479 500
473 506
501 478
488 491
481 498
502 475
507 472
469 510
477 502
480 497
472 507
509 470
475 504
470 507
498 481
502 474
493 485
509 469
508 470
473 505
479 497
505 473
507 471
483 495
470 508
486 492
478 500
499 479
467 511
476 502
479 499
477 501
492 486
487 491
506 472
474 504
480 498
501 477
475 503
468 510
469 509
485 493
470 506
498 480
496 482
472 506
504 474
505 472
475 502
500 477
474 503
469 508
509 468
476 501
507 470
461 510
479 496
492 485
495 482
462 511
471 506
506 471
494 483
467 510
508 469
504 473
485 492
483 494
487 490
485 490
478 497
468 509
473 504
502 473
498 479
479 498
491 486
478 499
464 511
490 486
506 470
463 511
503 473
483 493
508 468
477 499
484 492
511 465
494 482
478 496
482 494
473 503
507 469
500 476
475 501
477 497
509 467
497 479
491 485
510 466
471 505
486 490
472 504
461 509
493 483
478 498
475 495
467 509
468 508
504 472
462 510
485 491
465 511
489 486
471 504
503 472
475 496
491 484
508 467
509 466
511 464
479 494
468 507
496 479
467 508
473 502
506 469
465 510
476 497
493 482
476 499
507 468
490 485
474 501
466 509
492 483
477 498
486 489
504 471
478 495
510 465
462 509
476 495
477 496
499 476
482 493
484 491
472 503
463 510
469 505
478 494
473 501
499 475
492 482
507 467
498 476
467 507
490 484
483 491
475 497
510 464
468 506
463 509
505 469
495 479
486 488
506 468
481 493
472 502
480 494
471 503
470 504
482 492
476 498
462 508
509 465
503 471
508 466
489 485
488 486
477 495
494 478
493 481
491 483
465 509
475 499
466 508
504 469
498 475
477 494
478 493
468 505
510 463
511 462
471 502
493 480
486 487
467 506
470 503
487 486
490 483
505 468
496 473
472 501
489 484
475 498
463 508
492 481
481 492
474 499
509 464
480 493
495 478
466 507
491 482
494 479
483 490
469 504
507 466
506 467
503 470
464 509
497 476
468 504
498 474
489 483
495 477
474 498
503 469
471 501
493 479
472 500
500 468
486 486
490 482
480 492
492 480
469 503
473 499
477 493
487 485
496 474
470 502
465 507
501 471
508 464
497 473
511 461
506 466
485 487
464 508
481 491
504 468
491 481
482 490
466 506
502 470
505 467
510 462
499 463
496 476
466 505
487 484
501 468
500 463
492 479
502 469
471 500
468 503
477 492
497 472
470 501
472 499
510 461
463 506
464 507
495 476
481 490
503 468
499 466
505 466
491 480
484 487
469 502
480 491
499 464
489 482
490 481
507 464
482 489
511 460
500 471
485 486
506 465
500 467
504 467
462 505
473 498
498 473
488 483
496 475
501 470
509 462
465 506
509 461
490 480
486 484
489 481
477 491
468 502
503 467
497 471
472 498
499 471
469 501
502 468
491 479
498 472
485 485
470 500
510 460
480 490
500 466
499 465
501 467
504 466
506 464
465 505
482 488
511 459
493 477
505 465
463 505
471 499
462 504
494 476
466 504
484 486
488 482
495 475
500 470
464 506
500 464
507 462
482 487
505 464
502 467
503 466
485 484
511 458
463 504
500 465
488 481
499 470
498 471
510 459
493 476
494 475
480 489
483 486
465 504
468 501
469 500
478 491
486 483
490 479
508 461
471 498
501 466
504 465
487 482
464 505
506 463
491 478
492 477
481 488
506 462
487 481
486 482
468 500
508 460
471 497
481 483
502 466
457 507
479 489
493 475
488 480
474 494
490 478
480 488
510 458
507 461
467 501
461 507
482 484
505 463
499 469
469 499
501 465
473 495
481 487
511 457
482 486
509 459
485 483
489 479
483 485
465 503
491 477
464 504
457 509
503 465
478 490
492 476
498 470
484 484
493 474
468 499
476 487
489 478
506 461
481 486
458 507
485 482
509 458
511 456
457 510
503 464
457 508
474 493
469 498
482 483
465 502
481 484
461 506
488 479
491 476
473 494
479 488
471 496
492 475
478 489
477 488
472 495
467 500
510 457
483 484
502 465
464 503
486 481
470 497
505 462
498 469
460 507
484 483
504 463
508 459
490 476
503 463
504 462
511 455
479 487
456 510
481 485
476 490
469 497
484 482
471 495
509 457
465 501
497 469
459 507
470 496
475 491
474 492
485 481
464 502
482 482
480 486
460 506
456 508
488 478
491 475
472 494
505 461
483 483
477 487
478 488
510 456
508 458
487 479
476 488
489 477
493 473
468 498
502 464
466 500
464 500
508 457
486 479
455 508
454 511
466 499
459 506
502 463
480 485
468 497
474 491
464 501
460 505
465 500
507 458
475 490
491 474
484 481
463 502
497 468
467 498
476 489
503 462
493 472
477 486
478 487
471 494
490 475
510 455
509 456
488 477
504 461
469 496
455 510
487 478
483 482
511 454
470 495
466 498
468 496
496 468
502 462
485 479
453 511
490 474
475 489
488 476
478 486
470 494
508 456
489 473
473 491
503 461
491 473
484 480
463 501
506 458
511 453
483 481
479 485
489 475
462 502
497 467
492 472
487 477
474 490
510 454
471 493
454 510
459 505
507 457
465 499
455 509
487 476
453 508
508 455
473 490
474 489
505 458
470 493
488 475
502 461
469 494
485 478
468 493
489 474
465 498
483 480
495 468
492 471
468 495
454 509
497 466
490 473
510 453
494 469
458 505
493 468
472 491
452 511
496 467
507 456
479 484
467 496
459 504
482 479
461 502
509 454
478 485
462 501
496 466
469 493
464 498
492 470
453 509
467 495
462 500
478 484
488 474
474 488
493 469
479 483
492 468
510 452
463 499
468 492
501 461
485 477
466 496
452 510
470 492
503 459
481 479
482 478
491 471
495 467
494 468
484 478
452 508
509 453
508 450
505 457
457 505
490 472
487 475
473 489
468 494
482 480
459 503
460 502
507 455
458 504
471 491
484 477
463 498
491 470
452 509
500 461
459 500
505 456
490 471
507 450
504 457
492 469
507 454
495 466
483 478
457 504
503 458
508 451
467 494
501 460
459 502
470 491
475 484
508 453
487 474
473 488
469 492
494 467
474 487
466 495
506 455
477 484
478 483
481 480
486 475
462 499
456 505
509 452
460 501
502 459
479 481
472 488
459 499
458 502
460 500
503 457
469 491
476 484
507 451
480 480
485 475
506 450
502 458
470 490
455 505
473 487
490 470
500 460
463 497
456 504
508 452
491 469
494 466
486 474
466 494
483 477
495 465
458 500
474 486
477 483
499 461
506 454
451 509
504 456
465 495
462 498
459 501
475 485
505 455
487 472
500 459
477 482
484 475
458 501
456 503
464 495
466 493
485 474
503 456
501 458
507 452
476 483
472 487
505 454
493 466
479 480
454 505
490 469
457 502
494 465
469 490
455 504
506 453
465 494
462 497
471 488
450 509
457 500
478 481
483 476
499 460
463 496
502 457
486 473
474 485
506 451
461 498
459 498
460 499
493 465
458 498
501 457
471 487
499 459
468 490
494 464
456 502
449 509
459 497
465 493
469 487
450 508
484 474
466 492
469 489
505 453
485 473
464 494
502 456
504 454
478 480
451 507
477 481
473 485
455 503
487 471
457 499
490 466
460 498
463 495
453 505
486 472
500 458
482 476
492 466
491 467
461 497
456 500
476 482
457 501
489 469
452 506
462 496
483 475
506 452
448 509
492 465
491 466
487 470
472 485
503 454
468 489
452 505
501 456
489 468
490 467
460 497
450 507
455 500
505 452
500 457
449 508
502 455
446 511
492 463
485 472
455 502
488 469
456 499
504 453
469 488
484 473
466 491
453 504
486 471
463 494
457 498
483 474
456 501
482 475
458 497
475 482
499 458
462 495
493 464
470 487
451 506
467 490
464 493
477 480
465 492
473 484
474 483
461 496
445 511
489 467
457 497
455 499
471 485
485 471
450 506
449 507
454 500
483 473
484 472
502 454
482 474
493 463
455 501
504 452
452 504
472 484
448 508
451 505
465 491
460 496
486 470
499 457
470 486
491 465
474 482
461 495
444 510
453 503
468 488
465 489
511 445
487 469
475 481
481 475
473 483
467 489
454 502
456 498
476 480
463 493
450 504
500 456
446 510
492 464
496 459
497 458
483 472
503 452
499 456
466 489
507 448
464 491
498 457
447 508
474 481
445 510
472 483
501 454
511 444
493 462
477 478
473 482
465 490
464 489
448 507
485 470
488 467
476 479
449 504
470 485
451 504
454 501
487 468
455 498
456 497
452 503
510 445
484 471
478 477
444 511
508 447
500 455
463 492
461 494
449 506
467 488
443 510
482 473
471 484
453 502
509 446
491 464
460 495
502 453
450 505
450 503
481 474
505 449
449 503
443 509
477 477
448 506
445 509
473 481
486 468
484 470
506 448
495 459
487 467
478 476
469 485
461 493
443 511
476 478
442 510
471 483
455 497
493 461
471 481
496 458
508 446
500 454
485 469
482 472
507 447
498 456
466 488
464 490
459 495
467 487
454 498
468 486
450 502
481 473
490 464
504 450
446 508
474 480
449 505
502 452
483 471
460 494
510 444
509 445
451 503
462 492
511 443
501 453
493 459
453 501
497 457
503 451
499 455
459 492
495 458
508 445
471 482
503 450
454 495
470 481
500 453
498 455
486 465
462 491
443 508
460 493
507 446
445 508
442 511
509 444
469 484
452 501
486 467
446 507
483 470
506 447
485 468
478 475
454 497
476 477
458 495
475 478
492 461
510 443
489 464
502 451
466 487
468 485
448 505
494 459
473 480
501 452
496 457
459 494
463 490
467 486
448 503
481 472
472 481
461 492
493 458
511 442
487 466
453 498
502 449
484 469
477 476
504 449
499 454
480 473
470 483
451 502
505 448
480 472
462 490
502 450
496 456
470 482
505 447
458 494
499 453
472 480
487 465
509 443
498 454
447 503
481 471
459 493
447 505
475 477
473 477
503 449
483 469
499 451
458 492
501 451
454 496
452 500
476 476
442 508
484 468
485 467
494 458
460 492
509 441
511 441
453 495
497 455
506 444
508 444
469 483
472 476
445 507
477 475
506 446
486 466
482 470
474 478
443 507
451 501
466 486
485 465
491 461
441 511
473 479
465 487
488 464
510 442
453 499
507 445
468 484
469 482
464 487
499 452
496 455
472 477
503 448
510 441
488 463
498 453
506 445
501 444
495 456
465 486
467 484
461 490
487 464
494 457
443 506
474 477
504 447
452 499
445 506
457 494
485 464
481 470
473 478
490 461
506 443
484 467
451 500
453 496
484 465
499 450
460 491
509 442
497 454
479 472
491 460
444 507
508 443
452 495
475 476
500 451
442 507
485 466
446 505
447 504
501 450
458 493
472 479
473 476
440 511
468 483
476 475
482 469
483 468
473 475
439 511
508 442
485 463
487 463
468 482
466 484
456 494
496 454
457 493
442 506
502 446
440 510
444 506
500 450
494 456
497 453
503 447
505 445
465 485
467 483
483 465
479 471
471 477
445 505
483 467
452 496
476 474
498 452
475 475
474 476
464 486
484 466
480 470
443 505
481 469
451 499
504 446
482 468
441 507
472 478
501 445
490 460
510 440
500 444
446 504
499 449
450 500
495 455
440 508
463 487
460 490
507 443
484 464
440 507
500 449
445 504
439 510
496 453
475 474
502 447
482 467
477 472
470 477
483 466
510 439
478 471
452 497
484 463
457 490
473 474
440 509
490 459
507 442
439 508
500 445
503 446
467 482
497 452
1 508
474 475
504 445
463 486
441 506
456 493
479 470
471 478
511 438
460 489
461 488
480 469
464 485
459 490
495 454
438 511
451 498
450 499
494 455
444 505
487 462
462 487
466 483
442 505
502 445
449 500
510 438
487 461
462 486
458 490
465 483
466 482
1 507
470 476
475 473
494 454
507 441
511 437
438 510
444 504
509 439
441 505
490 458
437 511
484 462
482 466
440 506
496 452
500 448
504 444
477 471
503 445
480 468
489 459
467 481
476 472
469 477
476 468
464 484
456 492
439 509
470 478
460 488
474 474
457 491
442 504
497 451
2 508
481 467
501 447
469 479
445 503
450 498
451 497
478 470
461 487
463 485
486 462
500 446
448 500
503 444
467 480
480 467
459 488
508 439
476 469
493 454
475 468
466 481
475 472
489 458
510 435
440 505
486 461
469 478
506 441
442 503
500 447
3 508
490 457
436 511
474 473
444 503
483 460
468 479
460 487
495 452
1 506
487 460
448 499
458 489
492 455
461 486
449 498
477 468
483 462
464 483
450 497
507 440
2 509
465 482
447 500
438 509
437 510
463 484
478 469
462 485
456 491
484 461
497 448
446 501
510 437
476 471
468 475
481 466
476 467
469 476
496 451
455 492
445 502
477 467
459 487
497 449
438 502
483 461
498 448
468 478
475 471
496 450
499 447
494 452
468 476
453 493
443 503
444 502
489 457
458 488
439 505
446 500
445 501
467 475
466 480
442 502
435 499
492 454
460 486
507 439
509 435
435 511
436 510
509 437
455 491
493 451
474 468
448 498
493 453
450 496
495 451
510 434
508 438
462 484
440 502
2 506
479 467
464 482
480 466
510 436
437 509
482 464
1 505
482 460
439 503
506 440
487 459
484 460
474 472
467 479
486 460
475 469
511 435
491 455
478 468
503 443
3 509
460 484
445 500
466 475
508 437
436 499
481 464
509 436
475 470
456 489
460 483
467 478
467 476
501 440
453 492
485 460
473 472
443 502
2 505
477 466
496 449
461 484
480 465
492 453
502 443
460 485
494 451
463 482
511 434
474 469
474 471
434 511
464 481
489 456
488 457
482 463
507 438
466 479
444 501
462 483
486 459
452 493
459 486
446 499
450 495
498 447
500 439
442 501
448 497
479 466
439 502
3 506
503 442
436 509
439 504
435 510
455 490
482 461
438 501
491 454
435 498
457 488
440 501
493 452
5 510
447 498
490 455
4 509
506 439
505 436
437 508
478 467
459 485
467 477
508 436
441 501
449 495
505 437
462 482
501 439
502 442
5 509
478 466
463 481
485 459
498 446
506 438
501 441
511 433
4 506
495 449
447 497
506 436
455 489
3 505
461 483
492 452
433 511
436 498
488 456
443 501
466 478
489 455
479 465
481 461
494 450
435 497
6 510
505 439
456 488
473 471
434 510
438 504
444 500
490 454
474 470
442 500
445 499
472 472
466 476
439 501
480 464
458 486
436 508
440 500
500 440
481 463
451 493
452 492
438 500
6 509
438 499
444 499
471 472
462 481
457 486
440 499
472 471
455 488
499 440
458 485
480 463
446 497
505 438
437 504
479 464
500 441
507 436
461 482
456 487
487 456
504 439
436 497
488 455
0 503
439 500
497 446
441 500
4 507
452 491
454 489
451 492
448 495
445 498
460 481
511 432
480 461
4 505
473 470
435 508
447 496
501 438
434 509
485 458
478 465
502 439
489 454
443 500
491 452
432 511
494 449
442 499
437 498
466 477
1 502
501 442
507 435
441 499
488 454
436 504
499 443
471 471
498 444
8 510
438 498
451 491
1 503
480 462
454 488
439 499
437 497
464 478
0 502
498 440
444 498
440 498
485 457
443 499
450 492
490 452
456 486
7 509
503 439
433 509
504 438
502 438
491 451
469 473
493 449
508 434
478 464
487 455
434 508
500 442
461 481
5 507
446 496
465 477
511 431
497 445
472 470
442 498
448 494
432 510
452 490
6 508
6 506
499 441
459 481
5 505
479 463
458 484
498 441
439 498
464 477
499 442
478 463
7 508
433 508
0 501
491 450
461 480
447 492
487 454
488 453
463 478
438 497
5 504
508 433
492 449
493 448
436 505
496 445
446 495
486 455
497 444
511 430
509 430
451 490
497 440
9 510
479 462
443 498
483 458
471 470
462 479
450 491
445 496
440 497
2 503
468 473
8 509
459 482
489 452
507 434
7 506
6 507
444 497
494 447
447 494
477 464
469 472
455 486
432 509
453 488
454 487
503 438
441 498
457 484
6 503
452 489
490 451
450 489
484 457
498 443
10 511
448 492
471 469
494 446
10 510
432 508
461 479
467 473
430 510
510 430
478 462
493 447
6 504
476 464
438 496
433 507
506 434
469 471
509 429
490 450
446 494
449 489
507 433
429 511
3 503
451 489
503 437
439 497
458 482
443 497
485 455
7 507
449 491
463 477
484 456
498 442
435 505
497 441
487 453
447 493
477 463
468 472
445 495
483 457
431 509
509 431
495 445
482 458
511 429
456 484
454 486
0 500
11 511
492 448
452 488
462 478
434 506
444 496
489 451
475 465
9 509
457 483
497 443
496 444
488 452
8 506
7 503
441 497
438 495
455 484
429 510
470 469
477 462
462 477
468 471
450 487
443 496
451 488
7 504
431 508
428 511
10 509
490 449
457 482
9 508
457 480
497 442
434 505
448 491
12 511
495 444
487 452
466 473
465 472
441 496
474 465
475 464
493 446
444 495
449 490
485 454
488 451
489 450
0 499
480 459
8 507
483 456
433 506
508 431
482 455
479 460
8 503
8 505
492 447
461 478
507 432
482 457
503 436
463 476
1 500
510 429
468 469
478 461
11 510
491 448
486 453
481 458
9 506
430 509
6 501
496 443
496 441
505 434
460 479
484 455
3 502
445 494
446 493
7 502
439 496
453 486
3 501
10 506
494 444
491 447
502 434
507 431
454 484
488 450
493 445
480 454
474 464
504 434
468 470
476 462
457 479
482 456
506 432
465 471
456 482
450 486
502 436
456 480
427 511
444 494
441 495
13 511
429 509
492 446
445 493
479 459
496 442
484 454
510 428
453 485
0 498
470 468
9 507
448 490
478 460
461 477
469 469
507 427
506 426
511 427
486 452
11 509
10 508
1 499
433 505
431 507
459 479
480 458
442 496
12 510
451 487
481 455
439 495
489 449
455 483
481 457
443 495
434 504
7 501
462 476
483 455
427 509
465 473
485 453
487 451
8 504
5 501
475 463
477 461
471 467
430 508
432 506
2 500
466 471
445 492
7 500
490 447
506 431
495 442
14 511
428 509
508 427
458 477
459 478
492 445
4 501
440 495
442 495
472 465
10 501
456 481
504 433
9 504
480 453
457 476
501 436
0 497
433 504
447 490
485 452
457 478
480 457
487 450
506 427
2 499
429 508
505 426
454 479
483 454
479 458
474 463
502 435
475 462
511 426
460 477
503 434
434 503
480 455
431 506
481 456
462 475
467 470
507 428
470 467
11 508
478 459
489 448
454 483
1 498
12 509
476 461
432 505
510 427
486 451
479 454
3 500
10 507
469 468
451 486
456 479
426 511
455 480
453 478
491 446
443 494
441 494
427 510
471 466
464 473
493 444
430 507
439 494
452 485
473 464
4 500
478 458
510 426
457 477
7 499
504 432
2 498
503 433
11 501
489 447
477 459
0 496
426 510
429 505
443 493
508 426
470 466
466 470
475 461
455 479
445 491
460 476
463 473
486 450
11 507
14 510
480 456
474 462
429 507
500 436
453 483
428 508
469 467
462 474
506 428
455 481
483 453
479 457
505 427
434 502
451 485
433 503
505 431
511 425
10 502
479 453
485 451
430 506
492 444
440 494
13 509
491 445
454 478
471 465
458 476
459 477
494 442
444 492
432 504
456 478
442 494
447 489
509 427
465 469
439 493
472 464
453 479
501 435
10 504
467 468
474 461
500 435
463 472
13 508
444 491
466 469
458 475
15 510
453 480
442 493
479 456
452 483
433 502
484 451
460 475
483 452
506 429
470 465
491 444
6 499
477 458
468 467
12 507
478 453
428 505
446 489
3 498
454 481
432 503
11 502
464 469
429 506
505 430
448 487
511 424
495 440
439 492
494 441
504 431
510 425
440 493
489 446
428 507
509 426
14 509
469 466
10 503
4 499
430 505
505 428
473 462
478 457
455 478
459 476
476 459
482 453
447 488
462 473
472 463
456 477
16 511
1 496
11 504
2 497
503 432
451 484
463 468
490 445
485 450
425 510
471 464
444 490
460 474
469 465
473 461
472 462
3 497
487 447
475 459
428 504
16 510
484 450
445 489
461 473
478 456
5 499
477 457
474 460
11 503
509 425
4 498
476 458
489 445
425 509
510 424
17 511
432 502
467 467
440 492
15 509
430 504
477 453
448 486
466 468
442 492
482 452
451 483
511 421
447 487
490 444
471 463
426 508
424 510
428 506
423 511
13 507
427 507
462 472
1 495
468 466
455 477
510 422
504 430
463 467
459 475
446 488
464 468
12 502
511 423
505 429
495 439
500 434
2 496
503 431
453 481
485 449
494 440
470 464
14 508
493 441
0 494
11 505
483 451
463 469
491 443
452 482
16 509
12 503
3 496
14 507
426 507
485 448
430 503
441 492
509 424
490 443
451 482
427 504
469 464
467 466
492 441
1 494
489 444
12 505
5 498
475 458
423 510
454 475
497 436
0 493
476 457
452 481
440 491
427 506
444 489
447 486
509 422
445 488
477 454
493 440
17 510
498 435
2 495
460 473
499 434
494 439
462 471
511 420
478 455
422 511
491 440
450 483
495 436
468 465
510 423
13 506
443 490
448 485
471 462
487 446
425 508
496 437
472 461
463 470
503 430
424 509
462 469
13 502
486 447
473 460
464 467
483 450
510 421
466 467
436 493
455 476
501 432
504 429
481 452
18 511
459 474
431 502
470 463
432 501
510 420
497 435
491 441
467 465
495 435
493 439
441 491
445 487
455 475
426 506
492 440
493 433
503 429
430 502
501 431
13 505
5 497
484 448
508 424
444 488
435 493
473 459
471 461
459 473
485 447
462 470
421 511
14 506
474 458
432 500
489 443
436 492
447 485
422 510
469 463
498 434
443 489
426 504
13 503
15 507
1 493
442 490
465 463
425 507
465 467
0 492
18 510
477 455
451 481
499 433
468 464
500 432
424 508
17 509
476 456
508 422
494 438
511 419
495 437
454 474
461 471
481 451
466 466
496 436
502 430
4 496
486 446
16 508
475 457
3 495
450 482
470 462
454 476
509 423
19 511
509 421
482 450
429 503
446 486
508 421
492 439
458 473
424 507
6 497
21 508
489 442
466 465
484 447
17 508
435 494
2 493
468 463
445 486
455 474
511 418
473 458
485 446
422 509
508 423
18 509
493 438
498 433
443 488
437 492
496 435
490 441
5 496
432 499
429 502
493 434
461 470
469 462
476 455
420 509
423 508
449 482
465 466
470 461
14 503
492 433
503 428
20 511
1 492
481 450
421 510
501 430
444 487
486 445
15 506
3 494
0 491
426 505
430 501
16 507
494 433
19 510
453 476
502 429
450 481
420 511
464 463
13 504
446 485
494 437
456 475
441 490
499 432
20 509
19 508
465 462
475 456
509 420
3 493
442 488
428 502
6 496
14 504
460 470
455 473
507 423
499 431
492 434
432 498
447 483
469 461
506 422
445 485
472 456
441 489
507 421
501 429
495 433
443 487
424 506
421 509
449 481
21 511
7 497
475 455
465 465
502 428
492 438
466 462
15 505
4 494
473 457
497 433
496 434
468 462
489 441
2 492
470 460
464 464
456 474
467 463
511 417
1 491
17 507
420 510
20 508
434 494
498 432
21 509
444 486
425 505
18 508
431 499
422 508
486 444
500 430
485 445
5 495
493 437
20 510
437 491
480 450
457 473
429 501
488 442
508 420
435 495
484 446
452 476
458 471
467 462
483 446
484 445
452 475
454 471
20 507
445 484
471 458
448 481
15 504
446 483
486 443
489 440
9 496
433 496
498 431
452 477
447 482
428 501
456 473
22 511
472 457
439 490
488 441
473 456
471 456
491 438
451 478
493 436
492 435
429 498
464 465
501 428
485 444
511 416
6 495
507 420
4 493
505 422
432 497
31 502
497 432
499 430
428 499
17 506
441 488
496 433
430 499
492 437
506 421
487 442
418 511
21 510
431 498
434 495
16 505
470 459
438 491
479 450
423 506
459 470
419 510
2 491
442 487
506 423
455 472
7 496
3 492
468 461
449 480
424 505
504 425
508 419
451 476
469 460
474 455
500 429
443 486
421 508
491 434
18 507
451 477
452 474
424 504
8 496
9 495
496 432
484 444
471 455
479 449
418 510
509 417
23 511
490 438
454 472
30 502
2 490
422 502
417 511
492 436
456 472
431 497
457 471
20 506
473 455
447 481
3 491
471 457
450 476
504 424
478 450
16 504
483 445
497 431
445 483
438 490
439 489
425 503
448 480
510 416
18 506
449 479
500 428
428 500
429 497
462 466
453 471
450 478
31 503
421 507
426 502
507 419
6 494
2 486
463 465
440 488
491 435
467 461
458 470
1 487
503 425
451 475
485 443
5 493
423 505
9 497
7 495
4 492
474 454
22 510
432 496
423 503
505 423
470 458
427 499
505 421
468 460
422 506
427 501
10 496
442 486
443 485
498 430
486 442
504 422
488 440
433 495
430 498
511 415
8 495
470 457
29 502
484 443
19 506
446 481
5 492
461 466
438 489
511 414
6 493
423 502
426 497
499 428
510 415
503 424
450 477
489 438
11 498
3 490
17 504
445 482
467 458
7 494
504 421
506 419
416 511
473 454
427 500
450 475
498 429
10 497
469 458
15 502
3 486
467 460
24 511
2 487
417 510
442 485
9 494
420 507
447 480
449 476
441 486
426 501
485 442
462 465
457 470
30 503
18 505
422 505
482 445
451 474
427 498
471 454
449 478
479 448
443 484
419 506
478 449
487 440
418 509
453 472
496 431
448 479
23 510
421 506
422 503
440 487
425 502
456 471
509 416
497 430
20 505
430 497
468 459
31 504
483 444
491 436
508 417
424 503
504 423
432 495
486 441
431 496
2 489
436 489
1 486
490 437
485 441
497 429
450 474
2 488
486 440
436 488
478 448
437 489
420 506
488 438
490 436
456 470
14 500
442 484
431 495
443 483
4 486
483 443
482 444
489 437
483 441
445 481
448 478
8 494
472 454
496 430
507 417
11 497
17 503
422 504
419 507
425 497
511 413
424 502
504 420
498 428
500 426
446 480
19 505
30 504
477 449
441 485
3 487
506 418
29 503
433 493
4 490
461 465
15 501
509 415
1 485
430 496
495 431
448 476
452 472
426 500
6 492
5 491
505 419
508 416
426 498
418 508
421 505
449 475
25 511
7 493
449 477
425 501
440 486
503 423
468 458
16 502
467 459
466 460
12 498
416 510
473 453
415 511
24 510
503 421
469 457
459 467
4 489
478 447
432 493
506 417
15 500
415 510
444 481
24 509
484 441
433 492
496 429
446 479
424 501
25 510
19 504
417 508
503 420
441 484
481 444
417 506
416 509
505 418
508 415
458 467
14 499
482 443
449 474
445 480
447 476
487 438
504 417
451 472
418 507
442 483
509 414
511 412
497 428
431 494
468 457
482 441
424 497
439 486
499 426
450 473
29 504
466 459
4 487
438 487
443 482
448 477
18 503
448 475
425 498
495 430
421 504
8 493
430 495
456 469
502 423
6 491
469 456
475 450
420 505
502 421
485 440
437 488
414 511
12 497
473 452
16 501
500 425
459 466
17 502
460 465
1 484
476 449
501 424
3 488
483 440
0 485
440 485
447 478
5 490
489 436
486 439
504 419
472 453
30 505
425 500
479 446
437 487
505 417
479 445
447 477
489 435
472 452
424 500
13 497
468 456
510 412
14 498
415 509
496 428
488 436
29 505
481 443
414 510
511 411
430 494
451 471
17 501
475 449
431 493
478 446
12 496
5 489
508 414
500 424
453 469
450 472
444 480
417 505
4 488
8 492
487 437
417 507
7 491
480 444
474 450
447 475
503 417
502 420
484 440
498 426
446 478
499 425
459 465
469 455
503 419
5 487
509 413
465 459
506 416
26 510
495 429
432 492
486 438
457 467
482 442
16 500
449 473
424 498
443 481
438 486
0 484
420 504
24 508
504 416
501 423
476 448
416 506
19 503
485 439
14 496
6 490
502 422
442 482
416 508
25 509
18 502
458 466
440 484
497 427
446 476
456 468
437 486
439 484
418 505
5 488
12 495
510 411
509 412
459 464
488 435
449 472
474 449
432 491
430 493
6 489
457 466
484 439
441 482
455 468
420 503
494 429
434 489
446 475
458 465
13 496
8 491
445 478
485 438
25 508
27 510
424 499
29 506
486 437
15 498
478 445
16 499
468 455
452 467
472 451
19 502
416 507
451 470
460 463
414 509
501 420
511 410
14 497
501 422
508 413
497 426
464 459
0 483
456 467
467 456
507 414
17 500
503 418
440 483
481 442
500 423
26 507
487 436
465 458
475 448
26 509
446 477
27 506
495 428
480 443
423 500
444 475
442 481
499 424
445 476
444 479
18 501
450 471
493 430
452 469
453 468
431 492
502 419
504 415
498 425
28 505
505 416
419 504
454 469
451 469
458 462
440 482
497 425
6 488
451 467
428 492
28 510
444 478
450 470
480 442
415 507
448 472
464 458
413 509
17 497
449 471
500 422
444 476
447 473
26 508
430 492
468 454
15 497
457 465
496 426
16 498
8 490
493 429
487 435
492 430
477 445
474 448
418 504
28 506
509 411
454 468
460 462
511 409
473 449
452 468
434 488
18 500
452 466
486 436
488 434
476 446
436 486
13 495
506 414
26 506
445 475
20 502
458 464
439 483
467 455
459 463
472 450
499 423
441 481
27 505
484 438
433 489
501 419
510 410
502 418
478 444
445 477
27 509
431 491
446 474
27 507
495 427
0 482
505 415
19 501
455 467
423 499
419 503
507 413
494 428
453 467
27 508
442 471
506 413
16 497
509 410
435 486
494 427
443 478
492 429
449 470
431 490
0 481
11 492
1 482
430 491
475 446
26 505
458 463
7 488
419 502
18 499
442 479
23 502
447 472
491 430
477 444
464 457
484 437
499 422
10 491
8 489
505 414
500 419
468 453
467 454
454 467
28 507
445 474
433 488
13 494
510 409
418 503
498 423
17 498
448 471
439 482
9 490
412 509
29 510
473 448
496 425
501 418
20 501
490 431
411 510
441 480
446 473
456 465
511 408
444 477
460 461
476 445
422 499
429 492
465 456
453 466
457 464
471 450
486 435
478 443
451 468
463 458
428 491
414 507
432 489
487 434
25 506
508 411
474 447
458 461
459 462
450 469
480 441
0 480
492 428
439 481
501 417
465 455
454 466
505 413
23 503
449 467
15 495
506 412
508 410
25 505
474 446
434 486
494 426
421 499
498 422
455 465
412 506
416 504
486 434
456 464
443 471
12 492
31 511
24 504
509 409
431 489
438 480
411 509
22 502
418 502
457 463
511 407
433 487
477 443
410 510
445 473
444 472
450 468
417 501
495 425
16 496
18 498
484 436
493 427
7 487
467 453
489 431
442 472
464 456
499 419
28 508
30 510
9 487
490 430
447 471
443 477
473 447
459 461
488 432
9 489
491 429
429 491
413 507
497 423
10 490
442 478
475 445
466 454
449 469
479 441
1 481
446 472
485 435
11 491
21 501
462 458
476 444
432 488
471 449
2 482
496 424
19 499
13 493
441 479
8 488
463 456
510 407
25 504
421 498
498 419
459 460
29 508
455 464
434 485
22 501
473 446
416 503
437 482
497 422
413 506
445 472
441 478
8 487
509 408
412 507
11 490
489 430
24 503
487 432
477 442
471 448
466 453
488 431
483 436
9 486
475 444
511 406
429 490
32 511
14 493
499 420
496 423
495 424
433 486
9 488
443 470
438 479
499 418
449 468
465 454
444 471
456 463
438 481
478 441
468 451
449 466
21 500
16 495
417 502
30 509
505 412
415 504
486 433
0 479
412 505
462 457
418 501
490 429
448 467
12 491
504 413
500 415
15 494
31 510
492 427
446 471
507 410
19 498
454 465
7 486
13 492
461 458
493 426
411 508
432 487
467 452
411 506
485 434
409 510
442 477
491 428
431 488
2 481
10 487
447 470
501 416
464 455
20 499
435 484
410 509
474 445
508 409
443 472
13 491
430 488
18 496
498 418
432 486
450 466
30 508
506 410
431 487
421 497
10 488
494 424
12 490
468 450
21 499
492 426
500 414
493 425
462 456
433 485
485 433
413 505
479 439
435 483
444 470
499 417
448 468
471 447
500 416
491 427
505 411
437 481
443 473
508 408
459 459
22 500
489 429
478 440
475 443
15 493
19 497
429 489
501 415
454 464
467 451
409 509
504 412
2 480
461 457
440 478
476 442
484 434
410 508
510 406
497 421
487 431
25 503
469 449
16 494
509 407
447 469
466 452
416 502
411 507
474 444
418 500
32 510
11 489
439 479
511 405
498 420
495 423
470 448
472 446
499 415
8 486
436 482
424 494
442 476
482 436
445 471
10 486
507 409
447 467
422 496
464 454
434 484
503 413
414 504
465 453
1 479
455 463
408 510
440 476
33 511
434 483
413 504
498 417
493 424
462 455
454 463
16 493
423 494
11 488
482 435
440 477
407 510
24 501
419 498
21 496
431 486
14 491
410 507
470 447
409 508
468 449
472 445
490 427
7 484
3 480
495 422
469 448
4 481
22 499
484 433
429 488
476 441
26 503
31 508
0 477
421 496
15 492
18 495
443 474
430 487
465 452
436 481
510 405
497 418
20 497
34 511
464 453
508 407
491 426
9 484
446 469
435 480
455 462
447 468
488 429
460 457
475 442
415 502
486 431
473 444
479 438
458 459
455 460
501 414
474 443
8 485
471 446
422 495
485 432
506 409
19 496
408 509
30 507
499 416
25 502
477 440
407 508
439 478
494 423
32 509
466 451
414 503
497 420
478 439
445 470
502 413
13 490
509 406
489 428
2 479
418 499
450 465
21 498
492 425
16 491
441 476
463 454
505 410
503 412
10 485
435 482
483 434
11 486
487 430
432 485
428 489
424 493
423 493
10 484
485 431
35 511
12 486
439 477
0 476
506 408
413 503
425 489
454 462
498 416
473 443
433 483
417 499
415 501
2 478
17 493
487 429
33 509
489 427
428 488
492 424
424 490
455 461
407 509
509 403
436 480
431 485
13 489
452 464
20 496
458 458
430 486
4 480
12 488
23 499
442 474
476 440
16 492
477 439
496 420
407 507
472 444
7 483
508 402
454 460
435 479
461 455
25 501
422 494
494 422
22 498
414 502
409 507
503 411
460 456
484 432
478 438
471 445
482 434
451 465
418 498
504 410
416 500
22 496
457 457
445 469
501 413
26 502
8 484
497 417
507 407
18 494
486 430
468 448
420 494
495 421
465 451
467 449
11 485
421 495
24 500
15 491
475 441
470 446
5 481
1 477
434 482
446 468
491 425
466 450
441 475
490 426
474 442
32 508
432 484
496 416
419 497
509 405
420 496
483 433
508 406
453 463
3 479
463 453
459 457
31 507
459 456
3 478
424 489
12 487
465 450
423 490
7 482
487 428
494 421
485 430
484 431
1 476
432 483
471 444
8 483
490 425
497 416
406 509
496 419
475 440
441 474
23 498
416 499
482 433
430 485
507 406
445 468
11 484
463 452
22 497
481 434
453 462
26 501
473 442
509 402
408 507
5 480
502 411
27 502
429 486
435 478
433 482
406 507
496 417
496 415
0 475
17 492
501 412
451 464
20 495
454 461
503 410
495 416
6 481
419 496
508 405
488 427
508 403
452 463
428 487
32 507
15 490
421 494
466 449
416 497
483 432
420 495
505 408
506 407
415 500
467 448
413 502
25 500
13 488
427 488
469 446
474 441
504 409
462 453
478 437
13 486
418 497
4 479
511 402
479 436
34 509
35 510
409 506
437 478
477 438
458 457
510 403
431 484
422 493
457 458
438 477
461 454
472 443
18 493
425 488
491 424
486 429
460 455
509 404
10 483
434 479
489 426
436 479
405 508
495 417
4 478
26 500
415 499
8 482
472 442
480 434
458 454
414 500
458 456
485 427
485 429
477 437
27 501
5 479
404 508
452 462
1 475
497 415
456 458
32 506
444 468
491 423
453 461
486 428
467 447
12 484
417 497
426 488
504 408
403 511
416 498
34 508
451 463
6 480
35 509
23 497
423 489
428 486
433 479
459 455
436 478
505 407
468 446
416 496
33 507
493 421
437 477
461 453
470 444
488 426
432 482
507 405
506 406
36 510
465 449
501 411
463 451
502 410
408 506
405 509
25 499
460 454
13 487
469 445
473 441
0 474
14 486
492 422
508 404
13 483
440 474
11 483
421 493
483 431
489 425
413 501
507 403
427 487
409 505
406 506
495 419
503 409
510 402
487 427
479 435
462 452
482 432
419 495
15 489
13 485
430 484
7 481
14 488
478 436
18 492
405 507
24 498
511 401
484 430
475 439
9 481
20 494
431 483
402 511
413 500
480 433
428 485
414 499
431 482
458 455
24 497
452 461
38 511
485 426
475 438
423 488
471 442
403 510
444 467
409 504
13 482
10 481
9 480
506 405
491 420
468 445
430 483
417 496
404 507
451 462
432 479
474 439
403 508
405 506
12 483
13 484
436 477
489 424
5 476
510 401
500 411
28 501
439 474
25 498
14 485
21 494
8 481
465 448
491 422
15 488
27 500
437 476
461 452
490 423
499 412
488 425
443 468
505 406
406 505
35 508
477 436
408 505
485 428
497 414
5 478
418 495
501 410
495 418
37 510
415 498
507 404
33 506
470 443
22 493
479 434
481 432
484 429
26 499
427 486
469 444
476 437
34 507
426 487
466 447
1 474
473 440
404 509
7 480
503 408
18 491
460 453
16 489
486 427
484 427
462 451
459 454
14 483
472 441
455 458
0 473
492 421
14 487
511 400
19 492
421 492
467 446
483 430
504 407
482 431
510 400
427 485
491 421
27 499
457 455
430 482
4 476
439 473
34 506
506 404
39 511
455 457
491 419
499 411
477 435
15 487
487 417
490 422
431 481
35 507
420 492
25 497
468 444
408 504
38 510
405 505
436 476
425 485
503 407
5 477
422 488
450 462
497 413
476 436
26 498
488 424
14 484
12 482
466 446
465 447
22 494
493 419
480 432
13 481
484 428
498 410
11 481
21 493
444 466
33 505
464 448
409 503
492 420
443 467
475 437
428 484
36 508
469 443
426 484
460 452
500 410
471 441
417 495
412 500
487 425
478 434
479 433
442 468
418 494
481 431
467 445
404 506
6 478
486 426
7 479
8 480
482 430
454 458
459 453
462 450
0 472
426 486
432 480
28 500
472 440
414 498
429 483
505 405
461 451
407 505
19 491
401 511
15 483
16 488
498 412
437 475
463 449
473 439
1 473
452 460
483 429
451 461
494 418
421 491
403 509
20 492
14 482
432 477
427 484
472 439
438 473
454 457
504 405
469 442
404 503
414 497
443 466
15 484
2 473
14 479
462 449
420 491
488 417
444 465
21 492
478 433
402 509
476 435
1 472
492 419
23 494
7 478
435 476
496 413
499 410
28 499
27 498
470 441
442 467
440 461
446 465
413 498
498 409
12 481
418 493
489 422
0 471
437 474
417 494
461 450
425 486
509 400
481 430
442 465
421 490
477 434
404 505
455 456
500 409
11 480
490 419
497 412
426 483
8 479
482 429
3 474
16 487
487 418
493 418
412 499
14 481
28 497
465 446
468 443
490 421
33 504
498 411
38 509
440 463
475 436
441 464
30 495
424 485
460 449
450 461
466 445
37 508
453 458
452 459
408 501
429 482
471 440
451 460
503 406
430 481
495 414
29 496
6 477
459 452
431 480
447 464
436 475
428 483
483 428
39 510
405 504
488 423
486 425
473 438
401 510
407 504
18 489
510 399
489 418
40 509
26 497
17 488
408 503
480 431
4 475
463 448
15 482
460 451
35 506
19 490
421 488
456 455
439 472
505 404
431 476
40 511
502 407
24 494
448 462
30 496
13 479
493 417
408 502
486 424
8 478
481 429
478 432
434 476
494 414
414 496
407 503
418 492
443 465
441 465
19 489
466 444
37 507
404 504
41 511
459 451
39 509
403 505
475 435
12 480
21 491
456 454
488 422
454 456
28 496
0 470
426 482
16 486
505 403
27 497
35 505
480 430
4 474
488 418
464 446
402 506
435 475
36 506
412 498
462 448
7 477
420 490
472 438
438 472
1 471
489 421
460 450
477 433
458 452
431 477
445 465
499 409
452 458
41 509
495 413
424 486
442 466
437 463
446 464
504 404
508 400
463 447
427 483
417 493
500 408
16 482
468 442
440 464
38 508
436 474
490 418
419 491
451 459
429 481
15 481
492 418
506 402
403 503
450 460
18 488
503 405
20 490
29 497
474 436
467 443
14 480
401 509
509 399
421 489
26 496
440 462
455 455
497 411
462 446
16 484
407 501
507 401
447 463
479 431
470 440
482 428
29 495
33 503
3 473
501 407
441 461
25 495
28 498
430 480
432 476
461 449
465 445
436 473
401 508
8 477
430 477
438 471
25 494
453 456
468 441
37 506
461 448
26 495
449 460
399 510
500 407
9 478
454 455
446 463
407 502
477 432
29 498
15 480
473 436
7 476
439 464
467 442
455 454
471 438
509 398
402 507
36 505
438 463
22 491
28 495
34 503
38 507
17 486
504 403
465 444
459 450
482 427
474 435
472 437
488 419
440 465
451 458
23 490
9 476
414 495
485 424
443 464
12 479
435 474
457 452
508 399
27 496
439 470
490 417
16 485
447 462
21 490
462 447
418 489
401 506
434 475
475 434
463 446
419 490
462 445
503 404
452 457
24 493
6 475
479 430
445 464
489 420
496 411
16 481
41 510
427 482
4 473
1 470
2 471
481 428
505 402
492 417
417 492
499 408
0 469
480 429
493 414
39 508
448 461
20 489
466 443
511 0
458 451
412 497
411 498
430 479
30 497
429 480
35 504
423 486
478 431
42 511
24 491
441 466
441 462
403 504
420 489
418 491
433 476
506 401
488 421
469 440
442 463
486 423
487 422
19 488
450 459
437 464
406 503
502 405
494 413
507 400
505 401
507 399
9 477
414 494
2 470
477 431
458 450
455 453
482 426
496 410
430 478
20 488
461 447
501 405
508 398
411 497
39 507
488 420
439 469
36 504
0 468
438 464
443 463
24 492
504 402
17 479
485 423
451 457
429 477
450 458
6 474
442 462
464 444
502 404
486 422
475 433
1 469
428 480
21 489
8 476
456 452
437 469
28 494
435 473
506 400
440 466
510 0
37 505
402 504
463 445
27 495
474 434
472 436
412 496
439 465
25 493
473 435
493 415
445 463
7 475
471 437
30 498
416 492
447 461
34 502
419 489
413 495
493 413
16 480
22 490
25 491
487 421
476 432
433 475
495 411
491 417
449 459
12 478
511 1
4 472
422 486
417 491
465 443
418 488
468 440
453 455
23 489
427 481
17 485
481 427
401 507
454 454
480 428
499 407
429 479
38 506
467 441
438 470
398 510
400 508
42 510
26 494
452 456
415 493
399 509
3 471
418 490
401 505
478 430
457 451
406 502
496 409
498 407
18 485
410 497
417 490
455 452
25 490
507 398
495 410
396 511
16 479
11 478
450 457
504 401
449 458
428 477
466 441
433 474
37 504
448 459
427 480
464 443
6 473
444 463
471 436
440 467
4 471
443 462
452 455
479 428
458 449
418 487
492 413
473 434
419 488
397 510
435 472
508 1
482 423
506 399
493 412
15 478
482 425
509 0
463 444
465 442
413 494
460 447
434 473
398 509
510 1
22 489
505 400
438 469
414 493
451 456
477 430
436 471
422 485
20 487
400 507
457 450
459 448
421 486
428 479
486 421
5 472
474 433
439 466
453 454
39 506
24 489
412 495
40 507
502 403
470 437
10 477
32 487
475 432
17 478
438 465
468 439
27 494
25 492
401 504
447 460
484 423
35 502
405 502
478 429
491 416
44 511
437 470
501 404
31 498
445 462
43 510
485 422
492 415
476 431
511 2
19 486
446 461
38 505
23 488
1 468
480 427
487 420
44 509
469 438
411 496
415 492
429 478
26 493
8 475
2 469
3 470
19 485
31 487
399 507
2 468
426 480
473 433
508 0
498 406
469 437
494 410
36 502
479 427
467 439
433 473
482 422
21 487
476 430
20 486
495 409
16 478
465 441
442 460
458 448
401 503
438 466
396 510
483 423
485 421
449 457
474 430
27 493
443 461
463 443
486 420
509 1
455 451
416 490
44 510
496 408
45 511
444 462
462 438
448 458
5 471
23 487
492 412
450 456
44 508
42 508
454 452
25 489
425 481
43 509
510 2
39 505
475 431
11 477
411 495
26 492
32 486
438 468
439 467
511 3
470 436
452 454
4 470
477 429
428 478
410 496
24 488
414 492
15 477
464 442
32 498
446 460
8 474
415 491
427 479
481 425
471 435
497 407
36 500
468 438
459 447
405 501
460 446
436 470
503 401
422 484
466 440
419 487
484 422
435 471
500 404
445 461
421 485
481 423
504 400
501 403
505 399
22 488
457 449
491 415
395 511
18 484
41 507
507 397
397 509
413 493
1 467
7 473
504 398
38 504
491 413
395 510
447 458
494 409
416 489
2 467
480 425
413 492
45 510
472 433
406 499
502 401
459 446
438 467
496 407
481 424
32 485
463 438
458 447
435 470
22 487
42 505
8 473
505 398
42 507
507 396
464 441
394 511
507 0
423 482
443 460
43 508
450 455
412 493
20 485
437 466
11 476
39 504
451 454
421 484
427 478
510 3
449 456
46 511
503 398
426 479
16 477
24 487
411 494
463 442
468 437
420 485
404 501
501 402
442 459
452 453
492 411
483 422
473 432
31 486
1 466
509 2
3 468
27 492
476 429
495 408
455 448
425 480
491 412
37 500
25 488
511 392
40 505
15 476
445 460
397 508
419 486
433 472
400 503
504 399
29 486
38 503
434 471
474 431
10 475
462 443
456 449
471 434
398 507
399 506
475 430
506 397
444 461
432 473
32 497
479 426
397 506
446 459
462 437
498 405
504 397
482 421
424 481
407 498
500 403
5 470
469 436
466 439
410 495
485 420
497 406
21 486
36 501
457 448
399 502
454 451
490 415
503 400
19 484
414 491
510 4
30 486
454 448
437 467
475 429
446 458
2 466
419 485
479 425
404 500
507 395
442 458
453 451
499 403
11 475
432 472
461 443
1 465
399 501
42 506
505 397
491 411
493 407
506 0
455 449
496 406
9 473
395 509
434 470
506 396
458 446
502 400
405 499
448 456
445 459
19 483
399 505
435 469
29 487
483 421
39 503
495 407
471 433
394 510
463 439
511 391
510 392
410 494
398 506
452 452
470 434
24 486
21 485
443 459
409 495
463 441
43 507
38 502
47 511
464 440
490 412
28 492
26 488
465 439
41 505
407 497
451 453
503 399
422 482
433 471
16 476
423 481
500 402
10 474
447 457
8 472
466 438
3 467
463 437
467 437
414 490
494 408
431 473
34 498
36 498
46 510
27 491
450 454
411 493
37 501
490 414
20 484
412 492
497 405
397 507
22 486
426 478
421 483
444 460
27 487
464 438
468 436
420 484
40 504
6 470
509 3
472 432
31 485
457 447
473 431
480 424
425 479
406 498
396 508
462 442
33 497
485 419
400 502
476 428
415 489
25 487
396 507
21 484
508 3
448 455
420 483
497 404
486 415
404 499
489 414
411 492
10 473
495 406
403 500
28 491
464 437
472 431
43 506
498 403
29 492
22 485
4 467
393 510
505 0
20 471
454 449
2 465
461 442
12 475
394 509
465 438
492 407
47 510
409 494
424 479
436 467
26 487
405 498
451 452
510 391
494 407
490 411
506 395
509 4
444 459
48 511
447 456
483 420
20 483
460 443
425 478
24 485
492 409
432 471
410 493
38 501
435 468
431 472
422 481
25 486
34 497
11 474
48 509
3 466
463 440
471 432
400 501
469 434
423 480
17 476
36 497
27 486
446 457
405 496
406 497
491 410
493 406
9 472
502 399
478 425
509 392
453 450
470 433
505 396
30 485
484 419
500 401
41 504
27 490
398 505
467 436
443 458
468 435
40 503
493 408
452 451
457 446
507 394
419 484
414 489
479 424
28 487
475 428
450 453
418 485
501 400
6 469
35 498
433 470
421 482
489 412
496 405
412 491
33 496
41 503
35 497
419 483
489 413
507 3
6 468
444 458
445 457
404 498
409 493
23 485
424 478
486 416
448 454
4 466
511 7
432 470
483 419
411 491
19 471
491 409
408 494
423 479
510 390
452 450
495 405
435 467
28 490
451 451
417 485
494 406
469 433
20 482
400 500
457 445
479 423
498 402
394 508
488 412
466 436
492 408
461 441
39 501
430 472
22 484
429 473
1 463
509 391
402 500
20 472
3 465
398 504
431 471
450 452
420 482
446 456
28 488
34 496
505 1
462 440
485 417
48 510
468 434
10 472
48 508
475 427
477 425
30 492
504 0
403 499
49 509
472 430
26 486
5 467
456 446
497 403
27 485
496 404
33 495
509 5
508 4
30 484
487 415
471 431
490 410
507 393
392 510
17 475
393 509
50 508
422 480
489 411
474 426
49 511
500 400
13 475
465 437
29 491
395 507
404 496
501 399
434 468
453 449
414 488
12 474
459 443
0 462
405 497
40 502
44 506
470 432
505 395
482 419
444 457
477 424
29 484
478 423
487 414
408 493
30 483
5 466
508 5
422 479
505 390
1 462
469 432
410 491
39 500
417 484
460 441
461 440
476 425
23 484
500 399
508 391
29 490
412 489
465 436
22 483
4 465
495 404
510 389
475 426
45 506
50 511
466 435
28 489
424 477
481 420
445 456
401 500
47 508
15 474
507 4
423 478
471 430
7 468
498 401
41 502
480 421
421 480
496 401
18 471
43 504
394 507
404 497
30 491
26 485
507 392
447 454
483 416
452 449
468 433
20 473
428 473
11 472
430 471
413 488
503 0
459 442
411 490
13 474
40 501
488 413
3 464
391 510
488 411
14 475
504 1
504 395
0 461
429 472
414 487
51 508
34 495
19 472
455 446
495 402
474 427
403 498
46 507
491 408
496 403
494 405
392 509
451 450
467 434
419 482
17 474
2 463
397 504
485 416
49 510
434 467
511 388
456 445
506 3
511 8
431 470
499 400
420 481
35 496
482 415
510 7
501 398
449 452
50 509
484 417
21 482
490 409
409 492
18 474
408 492
10 470
396 504
18 472
391 509
0 460
428 472
479 421
454 446
495 403
504 2
12 472
476 424
450 450
11 471
50 510
481 419
40 500
22 482
471 429
484 416
392 508
511 387
17 471
9 469
29 483
444 456
417 483
498 400
449 451
413 487
47 507
409 491
33 491
26 484
490 408
510 8
403 497
410 490
479 419
482 416
31 491
465 435
420 480
507 5
503 1
429 471
503 387
4 464
472 428
29 489
488 410
468 432
502 0
447 453
475 425
480 420
511 9
422 478
406 494
1 461
411 489
6 466
46 506
8 468
507 391
42 502
51 511
421 479
510 388
508 390
7 467
499 399
497 401
504 388
483 417
505 389
470 430
483 415
16 474
445 455
503 395
461 439
397 503
402 498
13 473
35 495
473 427
2 462
466 434
456 444
492 396
23 483
446 454
44 504
487 413
43 503
458 442
494 404
30 490
434 466
3 463
448 452
508 6
500 398
431 469
401 499
433 467
393 507
418 482
52 508
506 390
460 440
45 505
478 422
451 449
467 433
19 473
423 477
495 401
412 488
14 474
430 470
12 470
452 448
506 4
510 9
2 461
486 413
504 393
447 452
502 395
492 405
412 487
481 416
9 468
6 465
427 470
407 492
508 7
417 482
488 409
449 450
484 415
422 475
29 482
52 509
480 419
7 466
468 431
504 389
434 465
504 387
511 386
4 461
392 507
511 10
45 504
38 497
405 494
42 501
491 406
445 454
1 460
427 472
22 481
497 400
467 432
14 473
462 433
463 434
433 466
448 451
508 389
30 489
482 417
470 429
395 504
419 480
479 420
465 434
499 398
49 506
443 456
47 506
493 404
506 389
10 469
431 468
509 8
495 400
472 427
32 491
491 396
471 428
33 492
458 441
13 470
411 488
23 482
397 502
4 463
406 493
510 387
41 500
503 2
466 433
502 387
507 6
410 489
51 510
444 455
507 390
493 400
451 448
446 453
504 391
485 414
478 421
500 397
506 5
452 447
35 494
13 472
494 401
402 497
481 418
391 508
17 472
454 445
16 473
477 422
456 443
475 424
43 502
492 397
50 505
460 439
459 440
498 399
429 470
26 483
422 477
3 462
420 479
52 511
25 484
503 388
19 474
396 503
421 474
494 403
408 491
490 407
501 0
455 444
467 430
401 498
438 461
46 505
11 470
421 478
507 389
503 389
421 477
24 482
465 433
417 481
464 434
486 412
493 403
427 471
454 444
431 467
402 496
444 454
404 494
408 490
428 470
438 460
49 505
484 414
511 385
31 489
448 450
418 480
43 501
489 407
494 400
469 427
504 392
392 506
493 397
4 462
13 471
506 6
34 492
497 399
459 439
387 511
19 475
460 438
457 441
9 467
50 504
39 497
502 2
502 388
421 475
53 511
499 397
503 391
401 497
27 483
426 472
510 386
455 443
473 425
400 498
40 498
26 482
38 496
492 404
488 408
35 493
491 405
472 426
491 397
508 8
493 401
410 488
8 466
394 504
508 388
466 430
450 448
451 447
427 469
447 451
511 13
28 482
449 449
498 398
461 433
11 469
416 482
511 11
462 434
433 465
507 7
443 455
47 505
501 3
502 394
421 473
437 461
485 413
480 418
42 500
430 468
14 472
463 435
506 8
32 490
422 476
445 453
422 474
478 420
503 393
490 406
23 481
406 492
446 452
5 461
396 502
509 387
2 460
16 472
25 483
453 445
510 10
429 469
406 490
36 494
52 510
45 503
500 0
477 421
505 387
420 478
390 508
411 487
467 431
474 424
503 3
481 417
48 506
409 489
476 422
391 507
399 499
395 503
501 395
492 398
405 493
397 501
407 491
7 465
470 428
469 429
506 388
505 5
456 442
475 423
477 420
387 510
505 386
400 497
462 435
399 498
509 10
14 471
506 7
502 389
475 422
449 446
430 467
493 402
501 4
5 462
396 501
27 482
39 496
492 403
468 429
36 493
494 399
425 472
480 417
510 13
402 495
450 447
484 413
457 440
409 488
433 464
437 460
45 502
436 461
486 409
55 510
416 481
397 500
500 395
508 9
502 3
459 438
53 510
458 439
405 492
411 486
43 500
420 477
449 448
403 494
389 508
509 386
37 494
443 454
506 387
429 468
502 393
418 479
491 404
489 406
503 4
391 506
50 503
398 499
23 480
32 489
510 385
393 504
492 399
15 472
386 511
448 449
503 392
410 485
500 3
9 466
422 473
473 424
510 11
466 431
410 487
28 481
8 465
46 503
42 499
48 505
394 503
505 6
407 490
490 405
465 432
11 468
491 398
22 479
419 478
41 498
464 433
504 5
498 397
511 14
20 477
460 433
44 501
47 504
406 491
35 492
455 442
454 443
488 407
499 0
444 453
446 451
431 466
426 471
507 8
453 444
460 437
492 401
445 452
511 384
470 427
20 475
417 480
421 476
472 425
507 388
423 474
501 394
469 428
428 469
485 412
503 390
25 482
406 489
476 421
40 497
24 481
491 400
3 460
442 455
432 465
54 511
493 398
499 4
474 423
390 507
447 450
496 399
392 505
444 452
488 406
492 402
410 486
441 455
404 492
490 400
434 462
507 9
39 493
37 493
497 397
498 0
499 1
385 511
392 504
489 405
9 465
483 413
506 386
47 503
22 478
458 438
1 457
470 426
407 489
33 489
447 449
408 488
409 485
400 496
403 493
498 396
6 462
511 383
21 477
3 459
500 4
510 12
502 4
494 398
500 394
35 491
499 395
28 480
48 504
386 510
46 502
415 481
479 417
435 461
499 3
34 490
486 410
485 409
398 498
431 465
449 447
472 424
428 468
27 481
454 442
49 503
405 491
418 478
457 439
468 428
507 11
475 421
54 510
424 472
508 386
498 4
397 499
504 6
455 441
446 450
25 481
42 498
12 468
448 448
432 464
23 479
459 437
395 501
394 502
491 403
436 460
396 500
389 507
474 422
20 476
453 443
509 385
43 499
490 404
429 467
430 466
40 496
487 407
443 453
425 471
508 10
45 501
451 445
401 495
452 444
391 505
420 476
503 5
500 2
511 15
461 435
433 463
417 479
464 432
473 421
502 390
41 497
496 398
409 487
416 480
419 477
465 431
422 472
484 412
55 511
491 401
502 392
499 5
450 446
486 408
505 7
507 387
423 473
10 466
449 445
44 500
509 11
21 475
15 471
473 423
460 434
477 419
491 399
407 488
388 507
22 475
498 1
486 407
392 503
490 399
508 11
397 498
474 421
25 480
415 480
423 472
436 459
500 5
503 6
444 451
507 386
441 454
459 436
27 480
384 511
471 424
509 384
430 465
34 489
429 466
21 476
496 397
56 511
502 5
15 470
444 449
485 410
393 502
457 438
8 463
472 423
443 452
499 394
510 383
491 402
509 12
499 2
22 477
40 493
495 398
402 493
470 425
489 404
432 463
404 491
435 460
23 478
45 500
434 461
398 497
386 509
10 465
389 506
422 471
476 419
457 430
401 494
455 440
504 7
440 455
511 16
453 442
418 477
47 502
501 390
445 450
448 447
44 499
3 458
478 417
399 496
2 457
1 456
394 501
482 413
490 401
391 504
54 509
507 10
498 3
463 432
473 420
428 467
409 486
433 462
396 499
419 476
7 462
460 435
387 504
447 448
414 481
450 445
37 492
497 396
42 497
511 382
39 494
497 0
479 416
483 412
424 471
40 495
488 405
497 4
501 392
13 468
431 464
417 478
473 422
46 501
35 490
464 431
403 492
24 479
9 464
458 437
499 6
12 467
467 428
451 444
48 503
496 4
489 399
481 413
457 437
40 494
467 427
490 402
501 391
23 475
44 498
497 1
453 441
480 414
35 489
457 431
471 423
484 410
403 491
15 469
432 462
383 511
25 479
500 6
508 12
455 439
439 455
397 497
387 505
450 444
431 463
440 454
455 431
496 396
497 3
12 466
476 418
45 499
475 419
37 491
416 478
5 459
470 424
22 476
443 449
445 449
24 478
428 466
498 394
9 463
390 504
41 495
57 511
456 438
456 430
48 502
430 464
413 481
486 406
401 493
510 382
398 496
385 509
23 477
426 468
13 467
489 403
451 443
498 2
16 470
496 0
418 476
8 462
485 407
2 456
425 469
400 494
459 435
506 10
463 431
500 392
389 505
482 412
508 384
402 492
495 397
442 452
415 479
497 395
395 499
458 430
458 436
433 461
502 6
472 422
407 487
427 467
483 411
54 508
488 404
393 501
507 385
36 490
46 500
443 451
388 506
434 460
474 420
392 502
388 504
6 460
446 448
504 8
4 458
435 459
43 497
511 17
10 464
441 453
478 416
407 485
408 486
469 425
11 465
26 480
503 7
509 383
447 447
489 401
397 495
423 471
507 384
401 490
457 432
400 493
54 507
426 467
401 492
496 3
41 494
388 503
452 441
455 438
7 460
415 478
478 415
15 468
407 484
508 13
462 431
35 488
425 468
497 2
442 451
392 501
451 442
463 430
414 479
44 497
430 463
55 508
397 496
1 454
3 456
476 417
23 476
484 407
443 450
450 443
47 500
458 435
474 419
434 459
468 425
445 448
503 8
6 459
469 424
495 396
495 4
45 498
37 490
46 499
424 469
457 436
36 489
466 427
501 6
395 498
496 395
453 438
455 432
446 447
438 455
498 393
488 399
504 9
391 502
475 418
429 464
447 446
439 454
440 453
396 495
510 381
427 466
57 510
502 7
24 477
477 416
505 10
382 511
496 1
483 410
456 431
450 441
487 404
403 490
386 507
508 383
8 461
431 462
413 480
495 0
2 455
432 461
26 479
458 433
471 422
486 405
497 394
9 462
389 504
485 406
410 481
480 413
407 486
511 380
10 463
423 470
402 491
5 458
58 511
12 465
14 467
479 414
436 455
428 465
417 476
499 392
48 501
384 509
386 505
489 402
416 477
396 497
458 431
456 437
511 18
387 506
500 391
482 411
394 499
24 475
16 469
423 469
463 429
394 498
508 14
2 454
474 418
455 437
395 497
469 423
406 486
381 511
429 463
496 2
406 484
4 456
462 430
458 434
47 499
46 498
484 406
44 496
507 383
386 506
502 8
510 380
7 459
12 464
488 402
439 453
510 18
505 11
467 425
495 3
456 432
401 491
488 400
437 455
446 446
477 415
450 442
385 507
484 408
432 460
440 452
13 463
485 405
414 478
434 458
13 465
399 493
416 476
496 394
11 463
384 508
415 477
410 482
396 496
411 481
467 423
503 9
479 413
56 508
36 488
471 421
506 12
495 1
1 453
24 476
430 462
494 0
25 475
58 510
483 407
427 465
426 466
413 479
480 412
10 462
483 409
436 456
6 458
466 426
454 438
383 509
511 379
456 436
441 451
3 455
482 410
26 478
452 440
453 439
459 431
48 500
16 468
54 506
15 467
55 507
42 494
389 503
507 13
433 459
25 477
400 492
14 466
486 404
442 450
498 392
501 7
57 509
402 490
499 391
508 382
478 414
0 452
385 505
37 489
396 490
428 464
451 441
494 396
396 494
435 457
391 501
445 447
462 426
53 505
8 460
424 468
457 433
468 424
476 416
0 451
462 429
473 418
466 425
501 8
58 509
409 482
461 430
437 454
440 451
391 500
422 469
439 452
389 502
510 379
9 460
42 493
44 495
499 390
380 511
16 467
433 458
398 493
56 507
470 421
494 3
510 19
13 464
495 2
399 492
5 456
502 9
475 416
445 446
395 494
384 507
15 466
427 464
1 452
483 406
483 408
456 435
396 491
482 407
494 395
4 455
25 476
503 10
427 462
467 424
392 499
405 486
494 1
457 434
431 460
53 504
394 497
509 18
400 491
411 480
498 391
383 508
397 492
465 426
511 378
434 457
430 461
395 490
14 463
395 496
385 506
381 510
3 454
444 447
382 509
425 466
48 499
455 436
463 426
2 453
481 410
478 413
419 472
27 478
38 489
438 453
415 476
6 457
393 498
495 394
416 475
55 506
46 497
429 462
460 431
476 415
485 404
480 411
462 427
7 458
54 505
37 488
441 450
448 443
413 478
487 400
451 440
449 442
507 14
402 489
506 13
507 382
417 474
487 402
447 444
45 496
435 456
468 423
454 437
396 493
463 428
426 465
456 433
26 477
484 405
11 462
482 409
424 467
452 439
505 12
509 380
47 498
405 484
38 488
419 471
59 509
474 416
494 394
49 499
398 492
411 479
2 452
417 473
393 497
433 457
418 472
508 16
429 461
477 413
55 505
4 454
0 450
384 506
427 463
461 429
483 405
42 492
14 464
43 493
509 17
430 460
10 460
505 13
454 436
507 381
412 478
486 400
36 478
444 446
416 474
30 480
495 393
391 499
415 475
383 507
29 479
396 492
399 491
392 498
380 510
509 379
27 477
15 465
481 407
381 509
448 442
468 422
46 496
11 461
44 494
8 458
479 411
460 430
462 428
26 476
510 20
500 8
503 11
48 498
394 494
1 451
425 465
422 468
475 415
426 464
432 458
444 444
426 462
414 476
502 10
470 420
435 453
389 501
18 468
484 404
16 466
476 414
28 478
428 462
58 508
498 390
441 449
15 463
501 11
421 467
510 22
472 418
506 20
480 410
450 438
455 435
506 14
440 450
511 21
408 482
424 466
53 503
465 425
446 444
486 402
53 501
397 491
56 506
506 382
421 469
402 488
443 447
443 443
464 426
395 491
423 467
390 500
395 493
394 496
439 451
482 406
485 403
499 389
466 424
6 456
456 434
50 500
437 453
434 456
510 378
382 508
451 439
509 19
36 476
482 408
508 18
501 9
445 445
57 507
17 467
405 485
5 455
511 377
420 470
447 443
494 2
55 504
31 480
510 21
508 17
15 464
35 478
398 491
53 502
499 388
380 509
419 470
494 393
507 16
444 443
392 497
30 479
416 473
444 445
446 443
390 499
394 491
454 435
420 469
48 497
44 493
388 501
475 414
389 500
381 508
455 434
510 377
12 461
38 487
472 417
478 411
412 477
509 20
415 474
438 451
15 462
450 439
394 495
484 403
474 415
461 428
480 407
422 467
54 503
453 436
511 22
431 458
440 449
29 478
428 461
448 441
20 469
395 492
486 401
1 450
473 416
492 1
379 510
43 492
5 450
460 429
6 455
27 476
501 12
24 473
483 404
442 447
59 508
509 378
505 20
429 460
506 19
493 2
42 491
508 379
500 9
378 511
36 477
468 421
9 458
507 380
4 453
34 479
393 496
411 478
449 438
41 490
404 485
477 412
465 424
433 456
11 460
506 15
19 468
498 389
501 10
0 449
383 506
435 454
439 450
393 490
407 482
399 490
415 472
479 410
47 496
391 498
50 499
481 408
503 12
436 453
417 472
393 494
482 405
469 420
464 425
408 481
3 452
51 500
60 509
424 465
437 452
2 451
425 462
443 444
423 466
7 456
485 402
445 444
37 486
52 501
387 502
414 475
18 467
58 507
426 463
17 466
421 468
470 419
56 505
35 476
504 13
426 461
505 14
45 494
466 421
481 406
382 507
447 442
402 487
480 409
506 381
394 493
54 502
415 473
475 413
408 480
39 487
35 479
398 490
505 19
477 411
394 492
56 504
47 495
413 475
481 405
433 455
468 420
437 451
474 414
4 450
44 492
497 389
389 499
499 9
61 509
466 420
446 442
495 387
506 18
32 480
432 456
34 478
17 465
445 443
7 455
43 489
46 494
508 20
454 434
509 377
449 439
35 477
476 412
506 380
439 449
506 16
19 459
19 467
493 393
508 376
424 464
49 497
51 499
436 452
403 485
380 508
390 498
416 472
392 490
5 451
378 510
434 454
503 13
399 489
58 506
511 23
16 462
13 461
59 507
420 468
423 465
478 410
17 461
38 486
1 449
498 388
4 452
6 454
57 505
425 463
464 424
426 460
414 474
60 508
507 17
465 423
431 457
422 466
500 10
467 421
448 440
480 408
471 417
401 487
386 502
21 469
42 490
483 403
3 451
392 496
419 469
441 447
443 445
31 479
509 21
402 486
485 401
62 504
37 485
499 387
44 488
20 468
381 507
33 479
469 419
492 2
480 406
407 481
428 460
460 428
502 12
393 495
18 466
8 456
393 491
452 436
12 460
511 375
25 473
392 494
453 435
382 506
411 477
393 493
479 407
18 460
52 500
473 415
28 476
507 379
34 480
34 476
16 464
472 416
379 509
387 501
29 477
10 458
24 472
438 450
494 392
505 15
442 444
11 459
41 489
27 475
491 1
479 409
30 478
377 511
430 457
31 478
470 417
422 465
38 485
26 473
407 480
22 469
437 450
507 378
392 491
508 375
33 478
509 376
17 460
416 471
43 490
484 401
477 406
414 473
13 460
503 14
463 424
446 441
498 9
511 24
499 10
467 420
452 435
495 388
451 436
62 505
424 463
502 13
2 449
498 387
386 501
460 427
401 486
473 414
378 509
495 390
408 479
456 427
10 457
441 446
380 507
39 486
432 455
390 497
476 411
30 477
8 455
29 476
24 471
399 488
479 406
438 449
431 456
496 387
442 445
28 475
503 382
58 505
472 415
18 465
447 440
406 481
391 496
389 498
506 379
508 21
377 510
479 408
12 459
469 418
464 423
440 447
388 495
404 483
448 439
508 377
388 499
453 434
45 488
57 504
477 410
35 480
52 499
61 508
410 477
381 506
411 476
481 404
20 467
17 464
393 492
494 391
433 454
478 407
505 18
491 2
445 442
34 477
44 489
436 451
45 492
47 494
19 458
385 502
389 496
392 495
511 374
427 460
402 485
18 461
474 413
475 412
417 470
478 409
41 488
506 17
5 452
492 3
412 475
492 393
379 508
60 507
63 504
55 502
6 453
398 489
426 459
471 416
32 479
493 392
483 402
25 472
44 491
9 456
497 388
505 16
17 462
49 496
19 466
439 448
419 468
510 375
418 469
3 450
495 6
504 19
18 459
42 489
35 481
26 472
478 408
19 465
508 22
504 378
467 419
501 383
502 382
497 387
482 402
432 454
389 497
464 422
401 485
376 510
378 508
407 479
456 428
61 507
12 458
436 450
46 488
479 405
451 435
481 403
470 416
402 484
462 424
471 415
440 446
6 452
25 471
507 21
30 476
58 504
388 498
18 462
51 497
472 414
447 439
498 386
3 449
398 488
413 473
32 478
38 484
445 441
505 17
392 492
52 496
52 498
509 375
483 401
37 483
494 6
429 457
411 475
477 409
53 499
404 482
45 489
409 477
42 488
510 374
388 496
474 412
430 456
17 459
468 418
18 458
417 469
62 506
50 496
46 492
469 417
28 474
438 448
55 501
510 24
387 495
461 425
20 466
441 445
494 388
418 468
423 463
386 500
456 426
495 389
494 390
439 447
24 470
507 377
450 436
484 400
416 470
492 4
36 482
18 464
10 456
495 7
457 427
486 398
504 16
493 391
498 10
421 465
485 399
477 405
7 453
488 396
460 426
45 491
17 463
391 495
499 11
377 509
63 505
44 490
2 448
491 393
463 423
23 469
47 493
452 434
403 483
406 480
427 459
506 378
385 501
431 455
380 506
503 381
33 477
40 486
428 458
476 410
31 477
64 504
21 467
8 454
14 460
500 14
478 406
502 14
446 440
39 485
491 3
435 451
475 411
504 18
378 507
472 413
461 424
503 16
21 466
403 482
478 405
490 393
32 477
490 3
510 373
506 377
22 467
476 405
491 4
479 404
511 26
66 511
482 401
477 408
10 455
380 505
43 486
376 509
27 472
12 457
421 464
410 475
509 374
384 501
18 463
494 7
503 378
457 426
429 456
13 458
404 481
493 6
402 483
435 450
31 476
413 472
485 398
37 482
505 378
492 5
411 474
9 454
58 503
489 394
36 481
471 414
501 14
405 480
509 24
7 452
46 491
2 447
430 455
437 448
439 444
447 438
502 381
51 496
388 497
439 446
497 386
434 451
42 487
3 448
0 445
409 476
19 464
492 391
458 427
475 410
504 17
446 439
507 22
451 434
38 483
455 428
499 14
40 485
20 465
391 492
508 25
469 416
473 412
510 25
467 418
452 433
55 500
14 459
494 389
390 495
500 383
476 409
481 402
415 470
488 395
484 399
440 445
418 467
23 468
463 422
505 22
462 423
45 490
501 382
422 463
474 411
65 504
449 436
499 12
398 487
444 441
500 13
503 380
427 458
423 462
8 453
11 456
17 458
480 403
62 507
508 23
416 469
385 500
428 457
468 417
497 10
400 485
48 493
500 15
53 498
442 441
39 484
487 396
511 372
30 475
63 506
493 390
28 473
412 473
46 489
420 465
406 479
52 497
486 397
431 454
387 496
460 425
407 478
483 400
25 470
489 393
491 391
39 483
508 26
472 412
484 398
508 24
404 480
503 17
476 404
398 486
1 445
505 377
11 455
65 505
46 490
439 445
436 448
430 454
476 408
378 506
500 382
51 487
510 372
449 435
446 438
498 12
51 495
30 474
16 458
28 472
471 413
41 485
473 411
59 503
402 482
55 499
499 13
32 476
491 389
437 447
399 485
381 503
47 489
440 444
56 500
10 452
486 396
25 469
492 6
440 440
24 468
501 381
469 415
403 481
431 453
63 507
459 425
48 492
461 423
409 475
468 416
384 500
463 419
10 454
417 467
47 491
511 27
13 457
450 432
67 511
435 449
458 426
14 458
416 468
487 395
2 446
482 400
37 481
485 397
20 464
390 494
448 436
501 15
434 450
438 444
475 407
509 373
497 385
466 418
497 11
511 371
379 505
406 478
489 3
380 504
411 473
490 4
401 483
460 424
53 497
375 509
40 484
445 439
400 484
413 471
27 471
383 501
65 509
438 446
49 493
405 479
19 463
510 26
427 457
29 473
0 444
462 422
475 405
474 410
502 380
66 510
3 447
421 463
488 394
415 469
420 464
433 451
412 472
42 486
450 434
493 7
495 11
419 465
443 441
506 22
23 467
54 498
31 475
26 470
470 414
9 453
454 428
505 23
451 433
428 456
492 390
442 440
387 497
407 477
444 440
423 461
478 404
64 506
480 402
503 379
22 466
467 417
8 452
422 462
44 486
418 466
493 389
496 10
391 493
374 509
4 447
458 425
400 483
467 416
479 402
413 470
468 415
2 445
497 384
423 460
418 465
65 508
439 438
32 475
51 488
509 26
443 440
438 437
462 419
482 399
30 473
66 509
15 458
419 464
399 484
430 453
494 11
460 423
417 466
42 485
24 467
508 27
469 414
492 389
497 12
40 483
14 457
422 461
54 497
44 485
402 481
496 385
471 412
6 449
441 440
377 506
50 493
495 10
50 487
505 376
507 374
64 507
8 451
493 8
405 478
510 371
440 439
496 11
1 444
502 379
381 502
23 466
501 16
424 459
437 436
491 390
446 437
21 464
506 23
429 450
503 376
440 443
408 475
511 370
389 494
51 494
415 468
29 472
511 28
506 375
38 481
447 436
66 505
12 455
444 439
487 2
421 462
410 473
45 486
509 372
508 373
507 24
450 433
498 13
433 450
390 493
0 443
380 503
488 3
454 427
431 452
478 403
407 476
435 448
39 482
406 477
56 499
378 505
466 417
463 420
435 436
475 406
60 503
398 485
487 394
386 497
65 506
383 500
411 472
384 499
26 469
492 7
448 435
13 456
445 438
48 491
49 492
375 508
461 422
488 393
397 486
491 6
425 458
55 498
427 456
20 463
401 482
475 408
28 471
470 413
32 473
499 382
459 424
437 446
412 471
480 401
68 511
9 452
438 445
502 17
404 479
485 396
426 457
47 490
500 381
10 453
449 434
450 431
473 410
40 481
465 418
502 375
476 403
403 480
27 470
489 4
483 398
11 454
474 405
505 375
449 433
486 2
2 444
13 455
500 380
30 472
467 415
406 476
440 442
439 441
45 485
473 405
4 446
510 28
502 374
509 27
398 484
66 506
492 388
31 473
509 371
434 448
25 465
474 406
57 499
448 434
385 497
491 7
487 3
465 417
49 487
490 6
440 438
420 462
435 437
410 472
439 437
481 399
403 479
486 394
380 502
485 395
479 401
429 453
11 453
473 409
32 474
384 498
65 507
419 463
25 467
54 496
6 448
446 436
377 505
506 374
52 494
51 493
68 510
497 13
408 474
469 413
415 467
452 428
444 438
399 483
487 393
33 475
56 498
405 477
39 481
40 482
26 468
490 390
50 492
495 385
496 12
429 451
1 443
447 435
461 421
466 416
507 373
401 481
488 4
21 463
8 450
482 398
404 478
38 480
412 470
376 506
49 491
379 503
474 408
15 457
458 422
496 384
430 452
477 403
396 486
501 17
492 8
69 511
441 439
499 381
424 458
66 508
5 447
389 493
430 450
453 427
464 418
493 9
423 459
24 466
55 497
409 473
480 400
12 454
53 495
478 402
449 431
418 464
493 387
459 423
484 396
472 410
9 451
470 412
413 469
445 437
510 370
462 418
3 445
508 372
402 480
7 449
433 449
437 445
448 432
397 485
426 456
28 470
373 509
42 484
501 379
381 501
494 10
462 420
49 489
506 24
436 436
41 483
400 482
421 461
439 439
14 456
503 375
383 499
458 424
48 490
435 447
431 451
411 471
511 29
437 437
422 460
374 508
425 457
416 466
504 376
60 502
50 488
443 439
427 455
458 421
486 3
430 449
54 495
385 496
31 472
50 489
441 438
436 437
496 13
53 494
30 471
7 448
429 452
479 400
484 395
398 483
485 394
15 456
379 502
389 492
436 445
29 470
39 480
38 479
486 393
42 483
438 439
382 497
432 449
510 29
24 465
60 501
33 474
409 470
465 416
473 408
434 447
410 471
473 406
477 402
496 383
23 464
406 475
501 18
492 387
488 5
500 379
437 438
443 438
0 441
58 499
412 469
400 481
500 17
426 455
497 14
498 381
466 415
487 4
470 411
424 457
509 28
399 482
435 446
511 30
431 450
380 501
3 444
438 441
461 418
418 463
497 382
68 509
372 509
484 3
467 414
396 485
411 470
495 384
378 503
373 508
5 446
55 496
405 474
489 390
6 447
493 10
457 424
27 468
445 436
445 434
435 438
448 433
506 25
388 493
509 370
451 428
422 459
464 417
494 385
447 434
46 485
413 468
22 463
499 380
25 464
505 374
503 374
497 380
472 409
69 510
405 476
384 497
375 506
489 6
450 429
493 386
471 410
469 412
501 378
382 499
487 392
449 430
452 427
401 480
468 413
461 420
504 375
492 9
480 399
414 467
409 472
13 454
395 486
483 396
508 371
427 454
490 7
57 498
9 450
12 453
41 482
439 442
16 453
26 467
52 493
14 455
26 465
421 460
416 465
407 474
402 479
48 487
376 505
423 458
481 398
4 445
49 490
2 443
459 422
417 464
51 492
66 507
440 437
419 462
506 373
403 478
448 431
478 401
425 456
444 437
406 474
497 15
470 410
4 444
8 448
498 380
468 412
506 26
472 408
442 438
382 498
484 394
57 497
388 492
401 479
379 501
58 498
467 413
459 421
460 418
381 497
484 2
425 455
450 428
461 417
69 509
49 485
421 459
500 18
508 370
55 495
496 382
402 478
434 446
28 468
432 448
61 501
2 442
17 453
438 440
428 452
426 454
483 1
495 383
501 377
373 507
34 474
7 445
412 468
478 400
431 449
493 385
479 399
463 417
491 387
423 457
492 386
409 471
387 493
9 449
492 10
411 469
418 462
380 500
377 503
486 392
47 485
505 373
489 7
437 439
436 444
384 496
70 510
469 411
381 499
29 469
54 492
471 409
15 455
386 494
485 3
31 471
465 411
13 453
7 447
482 396
445 433
464 416
481 397
441 437
504 374
457 423
5 445
415 465
487 5
385 495
496 378
43 483
497 379
444 436
511 31
485 393
60 500
397 483
488 8
53 493
509 369
376 504
460 420
22 462
394 486
51 491
39 479
497 381
417 463
30 470
383 497
486 4
438 442
68 508
448 430
27 465
38 478
393 487
490 8
510 30
496 380
422 458
14 454
42 482
499 379
451 427
23 463
372 508
404 474
488 390
404 476
50 490
409 469
464 410
24 464
490 388
12 452
445 435
452 426
27 467
506 372
443 437
493 13
414 466
424 456
437 443
398 482
1 441
420 460
473 407
395 485
427 453
6 446
382 496
436 438
509 29
408 472
48 486
16 456
477 401
15 453
399 481
25 463
465 415
449 429
433 447
507 371
496 14
447 433
0 440
466 412
375 505
435 445
400 480
67 507
48 485
435 444
392 487
469 410
34 473
8 447
416 463
425 452
483 394
59 498
494 13
493 384
401 478
466 413
483 2
414 465
436 439
28 467
421 458
43 482
482 395
497 16
493 14
471 408
465 414
415 464
396 483
464 411
375 504
490 387
403 476
372 507
464 415
70 509
55 492
476 401
62 501
373 506
464 409
6 445
460 419
423 456
16 455
381 498
486 391
496 381
377 502
14 453
500 377
479 398
406 473
508 369
491 386
489 388
424 455
386 493
426 453
388 491
487 6
461 416
378 501
61 500
493 12
432 447
380 499
492 385
420 459
53 492
468 411
485 4
495 378
437 440
2 441
437 442
443 436
472 407
408 469
444 435
507 30
427 452
449 428
441 436
485 392
495 380
399 480
450 427
393 486
27 466
4 443
488 389
463 416
32 471
466 411
390 487
494 383
58 497
490 9
9 448
12 451
459 420
394 485
500 19
496 15
482 1
7 446
17 454
28 465
56 495
31 470
509 30
478 399
391 488
477 400
408 471
484 393
51 490
54 493
433 446
499 378
409 468
504 373
69 508
503 370
385 494
60 499
376 503
495 14
508 29
39 478
489 8
30 469
24 463
510 31
68 507
434 445
456 423
507 28
498 379
442 437
507 370
491 10
484 385
506 27
404 475
0 439
448 429
487 8
29 468
487 390
400 479
481 396
383 496
397 482
486 385
5 444
446 433
402 477
411 468
57 496
467 412
49 484
410 469
417 462
436 443
44 483
374 505
23 462
407 472
52 491
509 368
496 377
451 426
3 442
505 372
486 5
431 448
452 425
418 461
465 410
386 492
12 450
496 16
504 26
369 505
389 487
373 505
468 410
489 9
508 368
451 425
495 15
401 477
481 1
485 5
3 441
376 502
29 467
47 483
493 373
387 491
481 395
414 464
416 462
487 389
372 506
6 444
410 468
461 415
407 471
409 467
448 424
17 455
4 442
448 428
8 446
396 482
32 470
509 31
490 386
57 495
423 455
1 439
392 486
490 10
433 445
62 500
496 376
424 454
482 394
377 501
380 498
44 482
14 452
507 369
446 432
487 7
379 499
506 28
486 386
10 448
406 472
399 479
499 377
411 467
485 385
39 477
431 447
5 443
484 386
497 17
456 422
495 373
495 381
499 19
505 27
486 6
49 483
498 378
493 383
434 444
435 443
500 376
491 385
495 17
462 416
494 14
443 435
378 500
24 462
11 449
492 12
494 378
482 2
436 440
34 472
508 366
508 30
55 493
509 33
492 384
500 20
31 467
393 485
53 491
69 505
483 393
480 396
390 488
422 456
69 507
459 419
467 411
504 372
398 480
0 438
489 387
374 504
478 398
465 413
385 493
71 509
18 456
449 427
442 436
13 451
486 390
504 370
487 387
432 446
418 460
58 496
48 484
494 382
494 374
507 29
415 463
31 469
23 461
52 490
40 478
42 480
471 407
420 458
465 409
479 397
436 442
502 370
463 415
455 423
384 494
9 447
425 453
35 473
56 494
383 495
2 440
476 400
426 452
485 391
403 475
497 377
495 375
464 412
449 425
60 498
408 468
391 487
417 461
28 466
41 479
495 376
408 467
422 455
463 414
400 477
399 478
508 31
34 471
498 377
18 455
376 501
443 434
31 468
72 509
469 408
503 26
484 391
23 460
448 423
59 496
465 408
449 424
424 453
374 503
508 367
470 407
11 448
397 480
407 468
454 423
369 504
485 386
486 389
510 33
485 6
388 487
74 511
486 7
505 370
46 483
501 22
395 482
433 444
4 441
481 394
384 493
392 483
482 3
467 410
471 406
384 491
504 369
19 456
489 386
491 384
60 497
432 445
31 466
407 466
500 375
379 498
483 392
428 449
62 499
434 443
13 450
396 479
427 450
494 15
478 397
506 369
1 438
410 467
456 421
493 374
375 502
496 375
421 456
52 489
445 422
494 377
423 454
32 469
450 425
426 451
383 490
499 20
473 402
74 505
372 505
68 505
430 447
368 505
435 440
448 427
420 457
389 488
494 375
6 443
446 423
2 439
508 365
486 387
497 376
22 459
70 507
401 476
492 373
474 399
371 506
416 461
373 504
446 431
504 27
458 419
9 446
24 461
463 412
3 440
508 33
406 471
509 32
56 493
59 494
484 5
33 470
489 10
509 34
466 409
21 458
14 451
383 494
415 462
45 482
377 500
507 366
448 425
39 476
53 490
57 494
464 413
490 385
61 498
411 466
417 460
496 17
497 18
498 19
387 490
399 474
487 388
48 483
0 437
493 382
449 426
368 503
431 446
499 376
414 463
502 371
29 466
12 449
480 1
435 442
47 482
418 459
43 480
391 486
392 485
442 435
506 29
402 475
58 495
400 475
419 458
386 491
487 386
35 472
398 479
482 393
407 470
496 373
447 424
42 479
500 21
468 409
44 481
494 381
475 400
462 415
491 12
69 506
477 398
409 466
41 478
479 396
503 372
495 374
485 390
495 16
445 431
489 11
19 455
414 462
397 479
410 466
57 493
61 497
73 509
10 446
74 510
396 480
467 409
492 374
386 490
406 466
46 482
420 456
505 369
385 491
35 471
14 450
477 397
445 423
499 21
500 22
482 392
507 367
375 501
485 389
480 2
73 505
62 498
494 376
490 384
491 13
destination
