map
random512-15-6.map
pivot
256 385
agent & start
511 0
2 0
510 0
511 1
3 0
2 1
509 0
511 2
510 1
508 0
509 1
2 2
510 2
4 0
508 1
5 0
511 4
4 1
507 0
3 2
2 3
0 5
509 2
0 6
2 4
5 1
511 5
3 3
4 2
508 2
1 5
509 3
506 0
510 4
5 2
506 1
3 4
507 2
505 0
0 7
508 3
510 5
1 6
4 3
2 5
509 4
508 4
509 5
507 3
510 6
504 0
506 4
4 4
6 2
511 7
7 1
2 6
505 1
3 5
1 7
0 8
510 7
5 4
509 6
9 0
8 1
7 2
1 8
3 6
0 9
504 1
6 3
508 5
507 4
505 2
511 8
2 7
506 3
6 4
505 3
0 10
10 0
8 2
507 5
9 1
3 7
510 8
509 7
508 6
511 9
5 5
504 2
7 3
2 8
501 0
6 5
11 0
511 10
510 9
504 3
509 8
502 1
4 7
5 6
508 7
2 9
8 3
3 8
503 2
7 4
507 6
9 2
0 11
501 1
508 8
6 6
500 0
7 5
502 2
3 9
511 11
8 4
12 2
2 10
506 6
9 3
6 8
5 7
509 9
1 11
503 3
0 12
11 1
510 10
4 8
12 0
13 0
12 1
509 10
12 3
511 12
506 7
0 13
507 8
499 0
2 11
9 4
502 3
501 2
5 8
3 10
505 6
8 5
503 4
6 7
4 9
500 1
507 9
502 4
1 13
508 10
4 10
7 7
9 7
503 5
3 11
511 13
13 1
9 5
510 12
498 0
5 9
509 11
8 6
504 6
506 8
0 14
505 7
501 3
500 2
11 3
10 4
9 6
3 12
506 9
498 1
14 1
503 6
11 4
501 4
1 14
500 3
508 11
4 11
509 12
8 7
505 8
497 0
510 13
502 5
destination
