map
random512-15-6.map
pivot
256 385
agent & start
511 0
510 0
511 1
2 0
510 1
3 0
511 2
509 0
2 1
508 0
2 2
509 1
510 2
4 0
4 1
511 4
3 2
2 3
0 5
5 0
509 2
508 1
507 0
0 6
510 4
509 3
1 5
5 1
506 0
508 2
511 5
2 4
4 2
3 3
3 4
0 7
508 3
506 1
4 3
505 0
2 5
1 6
507 2
5 2
509 4
510 5
6 2
509 5
511 7
505 1
1 7
4 4
0 8
504 0
510 6
7 1
508 4
507 3
2 6
506 4
3 5
3 6
506 3
507 4
504 1
8 1
511 8
509 6
5 4
1 8
2 7
508 5
0 9
7 2
6 3
505 2
9 0
510 7
10 0
507 5
509 7
2 8
5 5
8 2
7 3
510 8
9 1
511 9
505 3
504 2
508 6
6 4
0 10
3 7
2 9
0 11
11 0
7 4
511 10
9 2
3 8
501 0
6 5
504 3
509 8
8 3
503 2
510 9
4 7
502 1
5 6
507 6
508 7
511 11
0 12
509 9
3 9
2 10
9 3
8 4
11 1
12 0
7 5
5 7
1 11
501 1
502 2
500 0
12 2
510 10
6 6
4 8
6 8
506 6
503 3
508 8
3 10
509 10
9 4
499 0
507 8
5 8
502 3
500 1
6 7
501 2
12 3
506 7
503 4
505 6
8 5
0 13
4 9
13 0
2 11
12 1
511 12
507 9
500 2
3 11
0 14
502 4
9 7
10 4
506 8
4 10
501 3
1 13
498 0
505 7
13 1
508 10
11 3
509 11
8 6
503 5
9 5
511 13
504 6
510 12
5 9
7 7
503 6
497 0
9 6
5 10
11 4
499 2
501 4
14 1
510 13
509 12
508 11
500 3
502 5
505 8
4 11
504 7
511 14
3 12
506 9
8 7
2 13
498 1
1 14
9 8
10 5
507 11
11 5
6 10
4 12
506 10
503 7
5 11
505 9
2 14
7 9
498 2
508 12
504 8
510 14
10 6
8 8
499 3
500 4
3 13
501 5
9 9
14 2
1 15
502 6
496 0
6 11
13 4
511 16
17 0
505 10
506 11
497 2
510 15
5 12
501 6
0 17
498 3
502 7
3 14
509 14
503 8
15 2
7 10
8 9
496 1
500 5
11 6
504 9
495 0
2 15
4 13
499 4
507 12
6 12
500 6
509 15
508 14
14 4
511 17
506 12
502 8
507 13
504 10
18 0
16 2
494 0
496 2
1 17
510 16
11 7
2 16
8 10
497 3
13 5
0 18
17 1
12 6
5 13
15 3
501 7
4 14
503 9
505 11
498 4
3 15
5 14
16 3
503 10
0 19
3 16
502 9
505 12
511 18
6 13
498 5
496 3
499 6
19 0
17 2
13 6
12 7
509 16
2 17
15 4
501 8
510 17
1 18
508 15
504 11
507 14
8 11
500 7
14 5
495 2
506 13
494 1
4 15
497 4
493 0
18 1
7 12
492 0
493 1
509 17
14 6
18 2
494 2
503 11
496 4
13 7
15 5
6 14
7 13
2 18
17 3
501 9
504 12
508 16
3 17
498 6
8 12
16 4
497 5
510 18
0 20
495 3
511 19
500 8
4 16
506 14
12 8
19 1
502 10
499 7
493 2
3 18
500 9
509 18
501 10
491 0
19 2
17 4
5 16
15 6
8 13
502 11
495 4
504 13
7 14
506 15
492 1
494 3
498 7
508 17
6 15
503 12
16 5
18 3
492 3
13 8
4 17
20 1
0 21
510 19
1 20
508 19
11 10
499 8
14 7
2 19
496 5
511 20
21 0
6 16
12 10
20 2
505 15
9 13
8 14
495 5
490 0
19 3
497 7
21 1
500 10
511 21
4 18
18 4
492 2
496 6
494 4
502 12
11 11
501 11
7 15
503 13
1 21
2 20
491 1
22 0
3 19
17 5
507 17
493 3
510 20
499 9
0 22
15 7
506 16
509 19
5 17
13 9
10 12
508 18
14 9
509 20
22 1
511 22
21 2
3 20
491 2
501 12
11 12
15 8
498 9
500 11
496 7
5 18
18 5
13 10
12 11
10 13
23 0
0 23
17 6
6 17
495 6
4 19
502 13
2 21
505 16
510 21
507 18
494 5
499 10
16 7
1 22
493 4
7 16
503 14
497 8
20 3
506 17
490 1
9 14
16 8
500 12
504 16
13 11
497 9
24 0
23 1
510 22
0 24
496 8
495 7
5 19
17 7
505 17
12 12
503 15
20 4
494 6
destination
