map
random512-25-2.map
pivot
465 483
agent & start
73 175
212 36
58 190
166 82
107 141
44 204
80 174
18 230
148 100
135 113
218 30
193 55
246 6
91 157
88 162
32 216
67 181
196 52
224 24
89 163
220 28
183 65
7 247
128 122
199 49
230 20
89 161
34 214
163 85
247 5
25 223
21 227
37 211
162 86
155 93
234 16
17 233
13 235
47 201
6 246
110 138
101 147
12 236
175 79
216 36
197 51
244 8
251 5
249 3
217 37
215 35
9 243
65 183
11 239
41 207
9 241
108 140
192 56
2 248
52 196
29 219
250 4
27 221
10 244
4 246
227 23
82 166
161 87
124 124
87 161
208 40
71 177
121 127
211 37
195 53
50 198
79 169
188 60
184 64
49 199
241 11
176 80
236 14
120 128
100 148
187 61
149 99
118 130
86 162
237 13
240 12
248 4
24 224
30 218
57 191
134 114
78 172
177 81
18 234
85 163
10 240
117 131
59 189
180 68
99 149
79 173
102 146
39 209
109 139
84 164
201 47
112 136
173 77
154 94
216 32
158 90
229 21
15 233
145 103
1 249
144 104
200 48
239 13
17 231
26 222
198 50
231 19
176 72
169 79
36 212
97 153
31 217
80 168
93 155
28 220
202 46
213 35
217 31
186 62
38 210
143 105
83 175
223 25
90 158
16 232
33 215
159 89
43 205
243 9
175 73
3 249
113 137
111 137
56 192
40 208
245 7
83 165
235 15
81 167
206 42
54 194
51 197
3 247
168 80
177 71
225 23
76 176
94 154
181 67
132 116
122 126
19 229
164 84
42 206
115 133
219 29
185 63
105 143
126 122
23 225
123 125
160 88
153 95
42 207
76 177
149 100
89 160
192 57
125 124
206 43
95 154
12 237
184 65
96 153
33 216
65 184
175 80
231 20
81 174
173 78
186 63
205 44
139 110
187 62
24 225
145 104
68 181
43 206
11 240
45 204
103 146
251 6
194 55
213 36
99 150
199 50
217 38
162 87
104 145
215 34
144 105
97 154
177 82
175 74
250 5
60 189
10 241
41 208
90 159
161 88
26 223
246 7
232 19
138 111
58 191
28 221
242 11
185 64
201 48
241 12
19 230
235 16
30 219
36 213
14 235
86 163
217 36
72 177
91 158
164 85
154 95
200 49
13 236
215 36
208 41
225 24
82 175
193 56
166 83
189 60
27 222
169 80
243 10
186 65
57 192
236 15
163 86
176 81
182 67
240 15
73 176
146 103
23 226
216 35
35 214
175 78
159 90
29 220
84 165
122 127
32 217
3 248
246 9
160 89
183 66
105 144
198 51
80 169
50 199
158 91
148 101
218 31
155 94
143 106
85 164
209 40
98 151
230 21
34 215
17 232
218 37
59 190
211 38
110 139
121 128
197 52
118 131
202 47
22 227
132 117
106 143
203 46
216 33
4 247
241 16
81 168
134 115
249 4
136 113
102 147
224 25
82 167
126 123
53 196
101 148
176 79
80 173
79 172
220 29
15 234
123 126
10 243
113 136
174 79
22 229
90 161
54 195
9 242
94 155
239 14
47 202
195 54
227 24
37 212
108 141
83 174
6 247
177 72
52 197
240 13
188 61
245 8
128 123
212 37
244 9
25 224
87 162
234 17
111 138
234 19
252 5
2 249
238 13
248 5
18 233
5 246
19 234
46 205
170 79
44 205
40 209
20 229
228 23
115 134
93 156
107 142
88 163
39 210
109 140
181 68
178 71
194 56
203 47
20 230
246 8
82 168
90 160
143 107
234 18
105 145
242 12
103 147
239 15
85 165
217 35
179 71
0 252
53 197
97 155
139 111
28 222
241 13
75 177
128 124
155 95
188 62
135 115
64 186
186 66
126 124
250 6
140 110
122 128
176 78
22 230
220 30
50 200
73 177
108 142
242 16
36 214
190 60
66 184
176 74
240 16
19 231
86 164
23 227
106 144
54 196
221 29
80 172
11 241
58 192
109 141
146 104
237 15
118 132
225 25
134 116
10 242
232 20
123 127
91 159
235 19
184 66
205 45
79 171
101 149
23 229
5 247
60 190
185 65
74 176
161 89
187 63
133 117
30 220
100 150
201 49
33 217
104 146
48 202
117 133
218 36
98 152
111 139
173 79
170 80
171 79
156 94
18 232
87 163
183 67
195 55
2 250
177 73
19 233
47 203
251 7
199 51
114 136
211 39
165 85
51 199
243 11
65 185
41 209
245 9
218 32
193 57
34 216
15 235
80 170
214 36
235 17
149 101
99 151
35 215
138 112
107 143
45 205
132 118
110 140
42 208
244 10
129 123
219 31
196 54
160 90
252 6
21 229
52 198
39 211
217 33
241 15
4 248
116 134
178 72
27 223
230 22
166 84
228 24
174 80
32 218
189 61
176 82
145 105
37 213
175 81
96 154
98 154
148 102
206 44
238 14
72 178
226 26
182 68
216 34
46 204
163 87
233 19
95 155
26 224
217 39
200 50
136 114
93 157
25 225
227 25
43 207
82 174
240 14
209 41
13 237
212 38
59 191
92 158
121 129
69 181
99 155
159 91
162 88
31 219
197 53
249 5
81 169
206 45
19 232
237 16
124 127
33 218
67 184
41 210
43 208
157 94
49 202
115 136
210 41
100 151
47 204
180 71
117 134
212 39
133 118
164 87
202 49
85 166
159 92
130 123
39 212
185 66
81 172
62 189
21 230
135 116
91 160
166 85
93 158
45 206
26 225
181 70
209 42
106 145
94 157
198 53
36 215
13 242
61 190
172 79
108 143
164 89
15 236
175 82
226 27
69 182
173 80
137 114
20 231
82 173
1 252
183 68
147 104
189 62
84 167
204 47
129 124
244 11
14 237
199 52
80 171
110 141
0 253
73 178
211 40
23 228
24 227
165 86
170 81
50 201
215 38
40 211
230 23
196 55
122 129
139 112
178 73
248 7
184 67
38 213
5 248
34 217
207 44
36 217
99 152
162 89
187 64
111 140
176 77
222 29
28 223
65 186
26 227
238 15
64 187
96 155
12 241
191 60
242 13
229 24
74 177
105 146
95 156
193 58
11 242
197 54
216 39
68 183
81 170
249 6
32 219
140 111
144 107
161 90
83 168
250 7
134 117
167 84
177 74
235 18
53 198
225 26
55 196
218 35
205 48
118 133
31 220
242 15
146 105
174 81
99 156
156 95
87 164
163 88
252 7
56 195
171 80
100 155
219 32
218 33
239 16
101 150
2 251
149 102
66 185
145 106
245 10
217 34
243 12
241 14
194 57
236 19
126 125
148 103
141 110
247 8
112 139
228 25
136 115
109 142
214 37
177 78
60 191
98 155
52 199
200 51
59 192
103 148
209 44
233 20
195 56
221 30
123 128
37 214
107 144
223 28
227 26
82 169
85 167
189 63
215 39
219 35
149 103
73 179
230 24
109 143
0 254
96 156
111 141
81 171
229 25
248 8
223 29
100 152
252 8
164 90
69 183
130 126
98 156
147 105
37 217
198 54
55 197
13 241
4 250
127 125
188 64
74 178
219 33
105 147
124 128
144 108
183 69
56 196
183 71
21 233
137 115
177 75
113 139
118 134
106 146
1 253
206 46
146 106
40 214
206 48
12 242
224 28
29 223
39 213
2 252
32 220
177 77
36 216
203 49
24 228
193 59
26 226
133 119
210 42
135 117
214 38
205 49
94 158
182 70
197 55
15 237
103 149
172 80
20 232
41 211
236 18
139 113
212 40
63 189
195 57
218 34
221 31
70 182
38 214
245 11
136 116
51 201
131 121
60 192
119 133
148 104
126 126
27 225
162 90
161 91
33 219
87 165
173 81
157 95
163 89
176 76
239 17
116 136
190 62
244 12
185 67
237 17
112 140
65 187
21 231
165 87
121 133
226 28
131 129
220 32
211 41
104 148
93 159
138 114
184 68
92 160
67 185
227 27
249 7
207 45
57 195
200 52
40 212
35 217
84 168
131 123
243 13
25 227
43 209
204 48
34 218
31 221
3 251
233 21
123 129
171 81
174 82
125 127
49 203
45 207
225 27
59 193
86 166
209 43
178 74
122 130
82 172
191 61
181 71
194 58
5 249
167 85
53 199
62 190
213 39
68 184
140 112
180 72
130 124
238 16
199 53
243 15
48 204
42 210
28 224
82 170
170 82
37 215
64 188
110 142
26 228
160 92
242 14
142 110
115 137
208 44
101 151
107 145
108 144
100 154
53 200
66 187
33 220
49 204
192 61
162 91
46 207
199 54
246 11
132 121
6 249
17 236
40 213
152 101
219 34
5 250
255 12
224 29
63 190
145 108
116 137
62 191
21 232
15 238
191 62
41 212
115 138
225 28
204 49
158 95
148 105
130 129
4 251
126 127
168 85
102 151
234 21
100 153
155 98
12 243
104 149
208 45
93 160
3 252
69 184
230 25
87 166
130 125
2 253
243 14
196 57
112 141
122 133
65 190
94 159
142 111
254 11
122 131
92 161
214 39
88 165
174 83
114 139
55 198
132 129
184 69
71 182
43 210
111 142
96 157
25 228
113 140
117 136
248 9
34 219
183 70
29 224
120 133
108 145
157 96
39 214
50 203
179 74
103 150
60 193
124 129
27 226
220 33
1 254
178 75
181 72
35 218
233 22
163 90
173 82
232 23
32 221
169 84
73 180
161 92
162 93
52 201
198 55
107 146
149 104
257 0
127 126
144 109
228 27
123 130
57 196
56 197
135 118
131 122
222 31
135 120
182 71
244 13
84 169
211 42
106 147
37 216
38 215
221 32
14 241
237 18
170 83
31 222
125 128
83 172
16 237
212 41
134 119
201 52
54 199
249 8
131 126
68 185
132 123
124 133
131 128
136 117
210 43
206 47
0 259
70 183
138 115
175 84
166 87
227 28
85 168
51 202
238 17
42 211
180 73
74 179
86 169
172 81
119 134
185 68
22 233
195 58
245 12
98 157
130 127
194 59
189 64
167 86
64 189
177 76
110 143
140 113
82 171
0 255
203 50
247 10
252 9
141 112
14 239
223 30
147 106
137 117
221 33
233 23
225 29
56 198
41 213
203 51
23 231
161 93
138 116
14 240
228 28
152 102
232 24
247 11
169 85
53 201
223 31
95 159
130 128
251 9
46 208
25 229
65 189
48 206
55 199
155 99
253 11
201 53
92 162
50 204
74 180
22 232
170 84
191 63
158 96
86 170
196 58
182 72
42 212
51 203
175 85
179 75
93 163
87 169
142 112
70 184
145 109
32 222
168 86
133 121
113 141
96 158
231 25
178 76
180 76
83 171
213 41
18 236
209 47
72 182
156 98
234 22
93 161
257 1
111 143
63 191
5 251
15 239
208 46
73 181
127 127
131 125
123 133
0 260
202 52
148 106
146 108
197 57
240 18
47 209
87 167
136 118
33 221
167 87
255 13
246 12
134 120
162 92
86 168
186 68
224 30
24 230
189 67
248 10
59 195
29 225
131 127
0 258
106 148
198 56
192 62
194 60
238 18
133 129
123 131
124 132
163 91
43 211
97 157
229 27
132 124
66 188
117 137
114 140
204 50
1 259
88 166
240 20
144 110
1 255
28 226
220 34
239 19
34 220
61 193
120 134
143 111
35 219
200 54
132 122
244 14
222 32
107 147
102 152
119 135
84 170
189 65
104 150
195 59
64 190
115 139
172 82
154 100
258 0
249 9
101 153
135 119
17 237
150 104
254 12
2 254
39 215
12 244
173 83
141 113
118 136
125 129
124 130
214 40
109 145
174 84
212 42
69 185
207 47
211 43
3 253
52 202
6 250
230 26
57 197
38 216
108 146
153 101
116 138
126 128
185 69
75 179
103 151
181 73
184 70
28 228
252 10
60 195
149 106
210 47
55 200
210 45
88 169
248 11
136 119
56 199
202 53
113 142
182 73
25 230
195 60
93 164
24 231
68 187
3 254
123 134
246 13
185 70
143 112
245 14
199 56
208 47
209 48
59 196
173 84
64 191
19 236
225 30
49 206
5 252
201 54
116 139
129 128
66 189
251 10
200 55
119 136
221 34
74 181
224 31
13 244
133 124
93 162
71 184
160 95
170 85
34 221
125 130
115 140
39 216
73 182
102 153
124 131
187 68
150 105
258 1
12 245
118 137
87 170
69 186
110 145
84 171
89 166
1 260
213 42
142 113
0 257
107 148
95 160
152 103
189 68
186 71
103 152
169 86
58 197
154 101
153 102
180 75
241 18
6 251
104 151
155 100
172 83
35 220
33 222
161 94
108 147
236 23
86 171
114 141
112 143
243 18
63 192
238 19
174 85
127 128
167 88
57 198
203 52
198 57
259 0
1 256
4 253
156 99
230 27
240 19
141 114
51 204
232 25
29 228
2 255
17 238
138 117
134 129
28 227
44 211
15 240
120 135
88 167
109 146
87 168
75 180
48 207
1 258
23 232
235 22
126 129
54 201
52 203
133 128
42 213
132 127
233 24
186 69
47 208
94 161
171 84
30 225
228 29
189 66
168 87
89 170
197 58
250 9
234 23
163 92
18 239
96 159
46 209
214 41
211 44
61 194
181 74
179 76
132 125
97 158
133 122
194 63
145 110
105 150
146 109
239 20
204 51
62 193
159 96
209 46
45 210
254 13
134 121
192 63
36 219
151 106
94 165
157 98
252 11
223 32
222 33
243 19
143 113
60 196
247 13
45 211
134 124
94 164
42 214
3 255
159 97
144 112
173 85
194 62
133 127
145 111
73 183
58 198
108 148
31 225
116 140
50 206
21 235
234 24
57 199
134 128
39 217
233 25
103 153
221 35
110 146
231 27
183 73
14 244
24 232
67 189
75 181
211 45
19 237
119 137
121 135
1 257
48 208
55 201
188 68
71 185
137 119
236 22
181 75
16 240
64 192
63 193
195 61
94 162
223 33
228 30
26 230
252 12
44 212
187 69
72 184
258 2
179 77
20 236
35 221
158 98
97 159
117 139
165 91
192 64
238 20
2 260
167 89
157 99
36 220
211 47
41 215
93 165
251 11
61 195
172 84
17 239
153 103
182 74
30 228
7 251
88 170
115 141
205 51
193 63
245 15
6 252
68 188
151 105
154 102
126 130
4 254
29 227
52 204
210 48
94 166
190 66
49 207
225 31
168 88
106 150
25 231
141 115
203 55
242 18
88 168
62 194
150 106
212 44
204 52
95 165
229 29
161 95
243 17
156 100
69 187
253 13
140 116
226 30
133 125
89 169
33 223
224 32
210 46
128 128
70 186
208 48
107 149
134 122
30 226
89 167
171 85
185 71
250 10
105 151
104 152
92 164
239 21
142 114
259 1
127 129
222 34
139 117
120 136
202 54
200 56
123 135
197 59
187 71
113 143
40 216
155 101
125 131
236 24
147 109
214 42
43 213
248 12
213 43
199 57
96 160
13 245
85 171
46 210
169 87
51 205
102 154
241 19
56 200
215 41
5 253
34 222
198 58
12 246
230 28
95 161
164 92
237 21
160 96
18 238
74 182
138 118
34 223
64 193
90 169
171 86
234 25
188 69
19 238
179 78
259 2
100 157
23 234
36 221
200 57
216 41
248 13
214 43
227 30
2 257
170 87
105 152
215 42
145 112
72 185
252 13
141 116
238 21
116 141
155 102
63 194
195 62
164 93
37 222
229 30
149 108
78 179
148 109
244 17
236 25
135 128
93 166
14 245
113 144
70 187
76 181
67 190
5 254
235 24
135 124
71 186
160 97
172 85
108 149
106 151
198 59
37 220
208 49
50 207
173 86
60 197
8 251
95 162
250 11
121 136
27 230
17 240
90 167
107 150
31 226
144 113
150 107
46 211
182 75
222 35
211 46
201 56
52 205
3 262
134 127
247 14
32 225
231 28
118 139
191 66
203 56
242 19
249 12
12 247
224 33
89 168
243 20
103 154
20 237
6 253
138 119
4 255
185 72
142 115
184 73
152 105
51 206
225 32
205 52
134 123
73 184
91 166
119 138
258 3
159 98
11 248
110 147
2 261
221 36
55 202
162 95
88 171
196 61
172 91
156 101
183 74
31 228
43 214
210 49
58 199
213 44
120 137
109 148
92 165
199 58
26 231
133 126
22 235
57 200
128 129
223 34
30 227
136 121
215 44
246 15
56 201
42 215
49 208
117 140
21 236
204 53
35 222
99 158
161 96
13 246
168 89
166 91
212 45
45 212
65 192
75 182
122 135
158 99
228 31
153 104
98 159
237 22
226 31
24 233
127 130
193 64
140 117
115 142
134 125
95 164
41 216
85 172
165 92
230 29
202 55
187 70
40 217
97 160
69 188
104 153
137 120
7 252
169 88
126 131
74 183
212 47
61 196
100 158
250 12
244 22
249 13
14 246
62 196
78 180
42 216
214 44
183 75
96 162
238 22
108 150
51 207
244 20
156 102
117 141
251 13
79 179
166 92
150 108
154 104
212 50
161 97
140 118
95 163
235 25
216 42
56 202
106 152
149 109
153 105
182 76
88 172
36 222
31 227
243 21
68 190
61 197
144 114
135 127
146 116
193 65
53 205
121 137
58 200
44 214
81 179
171 91
137 121
157 101
50 208
17 241
232 28
200 58
66 192
77 181
141 117
63 195
99 159
205 53
92 166
165 93
4 262
136 122
47 211
196 62
211 49
85 173
138 120
248 14
25 233
38 220
70 188
40 218
59 199
49 209
245 19
26 232
134 126
245 17
171 87
164 94
7 253
23 235
38 222
35 223
260 2
215 43
191 67
75 183
231 29
172 86
188 70
212 46
167 91
221 37
21 237
202 56
197 61
110 148
179 79
225 33
135 123
54 204
32 226
222 36
145 115
2 262
24 234
223 35
192 66
208 50
118 140
186 76
198 60
116 142
12 248
41 217
8 252
72 186
33 225
69 189
34 224
27 231
74 184
90 168
236 26
146 112
199 59
128 130
139 119
4 256
114 146
246 24
184 74
241 21
11 249
104 154
52 206
245 23
105 153
233 27
5 255
167 93
162 96
101 157
111 147
224 34
126 132
115 143
3 261
71 187
120 138
91 167
98 160
245 21
60 198
46 212
169 89
20 238
213 45
113 145
258 4
13 247
227 31
63 197
3 257
122 136
127 131
97 161
230 30
172 92
242 20
259 3
159 99
142 116
65 193
185 73
247 15
109 149
117 142
55 204
18 241
64 195
202 57
185 74
186 73
213 46
70 189
88 173
106 153
145 114
72 187
241 22
182 77
91 168
12 249
8 253
101 158
146 115
147 112
35 224
52 207
260 3
6 255
54 205
120 139
74 185
68 191
245 24
198 61
39 222
143 116
145 116
37 224
208 51
246 23
230 31
44 215
114 147
258 5
76 183
247 24
41 218
142 117
217 42
56 203
78 181
146 117
139 122
224 35
96 163
16 245
248 15
209 50
118 141
216 43
53 206
36 223
104 155
122 137
116 147
139 120
261 2
191 68
165 94
242 21
250 13
172 87
98 161
183 76
192 67
75 184
138 121
225 34
77 182
128 131
231 30
200 59
4 261
158 101
40 219
162 97
187 76
112 147
9 252
171 92
154 105
167 92
60 199
148 111
233 28
246 19
151 108
79 180
57 202
49 210
135 126
59 200
121 138
19 240
214 45
3 258
33 226
211 50
20 239
58 201
115 144
115 146
186 75
136 123
108 151
226 33
109 150
171 90
110 149
61 198
66 193
144 115
247 16
102 157
71 188
85 174
13 248
238 23
245 22
114 145
32 227
159 100
47 212
222 37
107 152
146 113
15 246
243 22
170 91
234 27
24 235
259 4
80 179
2 263
127 132
194 65
245 20
100 159
4 257
51 208
5 256
156 103
27 232
189 70
38 221
92 167
155 104
227 32
180 79
89 172
160 99
197 62
97 162
199 60
63 196
82 179
141 118
212 49
43 216
7 254
140 119
205 54
25 234
86 173
65 194
171 88
26 235
206 53
223 36
21 238
166 93
42 217
22 237
235 26
170 89
149 110
62 197
245 18
23 236
153 106
232 29
70 190
126 134
118 142
186 74
65 195
230 32
27 233
138 122
16 246
141 119
110 150
146 114
190 70
8 254
11 251
151 109
247 19
75 185
169 91
12 250
242 22
4 258
67 193
248 16
0 264
54 206
137 123
39 221
184 76
17 245
104 156
4 260
80 180
198 62
33 227
199 61
97 163
44 216
22 238
250 14
238 24
217 43
79 181
60 200
99 161
64 198
156 104
16 248
89 173
170 92
234 30
149 111
249 15
192 68
189 71
187 75
61 199
233 29
9 253
86 174
58 202
109 151
108 152
20 240
98 162
147 113
59 201
47 213
218 44
166 94
2 264
26 236
111 149
120 140
140 120
262 2
139 123
183 77
159 101
208 54
247 23
161 99
213 49
180 80
87 175
25 235
150 110
211 51
222 38
83 179
234 28
154 106
172 88
209 51
21 239
245 25
53 207
65 199
218 42
15 247
128 132
145 117
23 237
41 219
235 29
19 241
38 224
247 17
171 89
102 158
123 137
259 5
119 141
206 54
185 77
116 146
40 220
231 31
74 186
13 249
261 3
55 205
106 154
115 145
64 196
100 160
155 105
202 58
56 204
157 103
42 218
168 92
5 261
101 159
246 20
225 35
92 168
52 208
139 121
244 24
6 256
102 160
36 224
205 55
68 192
163 97
32 230
182 78
143 117
5 257
88 174
49 211
246 18
117 147
142 118
62 198
77 183
195 65
136 126
66 194
113 147
121 139
72 188
201 59
144 116
51 209
14 248
208 52
260 4
127 133
246 22
214 46
162 98
165 95
235 27
193 67
148 112
117 143
69 191
7 255
227 33
223 37
182 79
51 210
189 72
76 185
57 204
78 183
193 68
247 20
103 158
191 70
215 46
161 100
99 162
231 32
211 52
21 240
10 253
105 156
195 66
126 135
144 117
213 48
183 78
17 248
216 45
181 80
151 110
65 196
235 30
108 153
112 149
77 184
64 199
6 257
62 199
154 107
11 252
83 178
227 34
173 88
71 192
262 3
127 134
48 213
5 258
12 253
28 233
124 137
14 249
117 144
73 188
233 30
219 42
25 236
143 118
70 191
172 89
260 5
1 264
5 260
248 17
220 41
42 219
165 96
43 218
45 218
256 9
86 175
141 120
129 132
7 256
23 238
265 0
187 74
92 169
27 234
40 221
61 200
24 237
54 207
123 138
59 202
121 140
201 60
36 225
17 246
230 33
191 72
190 71
89 174
249 16
110 151
26 237
65 200
206 55
69 192
44 217
150 111
104 157
117 146
218 43
45 216
109 152
118 143
19 242
102 159
185 78
244 25
65 198
148 113
75 186
166 95
156 105
113 148
232 31
219 44
111 150
27 236
147 114
184 77
32 229
88 175
157 104
159 102
120 141
2 265
207 54
106 155
105 158
221 40
22 239
248 23
58 203
225 36
202 59
137 124
97 164
188 75
93 168
238 25
12 251
149 112
8 255
247 22
140 121
136 125
234 31
100 161
247 18
223 38
198 63
41 220
235 28
101 160
116 145
9 254
68 193
52 209
128 133
67 194
222 39
250 15
209 52
20 241
4 259
56 205
138 123
80 181
49 212
192 69
90 173
55 206
38 225
169 92
33 228
162 99
164 97
199 62
242 23
31 230
180 81
16 247
208 53
0 265
196 65
13 250
122 139
214 47
236 29
248 22
237 27
72 190
227 35
210 52
191 71
200 62
221 41
91 173
226 36
31 231
13 251
248 20
169 93
93 169
248 18
76 186
85 177
63 199
29 233
66 196
8 256
36 226
104 158
24 238
2 266
42 220
235 31
205 57
105 157
250 16
151 111
238 26
259 7
109 153
220 44
38 226
89 175
22 240
161 101
67 195
209 53
68 194
86 176
239 25
77 185
190 72
9 255
52 210
164 98
33 229
84 178
124 138
184 78
237 31
152 110
193 69
108 154
80 182
128 134
266 0
28 234
203 59
216 46
19 243
256 10
48 214
74 188
123 139
45 217
43 219
111 151
160 102
158 104
154 108
90 174
249 19
17 247
100 162
227 37
50 212
101 161
183 79
71 191
225 37
167 95
65 197
157 105
80 184
10 254
41 221
196 66
26 238
117 145
127 135
130 132
207 55
14 250
198 66
120 142
142 120
174 88
173 89
1 265
125 137
64 200
188 74
13 253
263 3
23 239
233 31
113 149
217 45
107 155
106 156
137 125
121 141
236 30
197 65
103 159
224 38
30 232
230 34
56 206
232 32
73 189
144 118
202 60
96 166
27 237
166 96
60 202
260 6
163 99
25 237
222 40
265 1
99 163
159 103
150 112
215 47
61 201
69 193
236 28
181 81
54 208
75 187
62 200
6 258
141 121
11 253
21 241
49 213
119 143
98 164
143 119
70 192
220 42
214 48
112 150
138 124
182 80
71 193
199 63
97 165
59 203
44 218
192 70
242 24
219 43
58 204
257 9
180 82
243 25
148 114
168 94
51 211
20 242
34 228
78 184
102 162
5 259
142 121
238 31
99 164
250 19
205 58
94 169
27 238
190 73
234 33
43 220
59 204
141 122
12 255
182 81
216 47
169 94
34 229
73 190
201 62
203 60
67 196
222 41
231 34
104 159
198 65
217 46
44 219
77 186
232 33
242 25
21 242
18 247
42 221
14 253
13 252
235 32
72 191
199 64
233 32
97 166
76 187
112 151
91 174
96 167
148 115
37 226
15 250
174 89
46 217
51 212
79 184
1 266
49 214
155 108
101 162
8 257
81 182
237 28
74 189
62 201
157 106
249 18
98 165
127 136
194 69
164 99
183 80
221 42
50 213
257 10
108 155
162 101
78 185
86 177
119 144
143 120
41 224
55 208
151 112
118 145
92 171
226 37
168 95
9 256
163 100
144 119
154 109
6 259
197 70
128 135
66 197
207 56
114 149
69 194
20 243
30 233
239 26
215 48
109 154
31 232
63 200
158 105
181 82
19 246
206 57
100 163
138 125
210 53
196 69
121 142
60 203
225 38
237 30
126 137
263 4
70 193
113 150
248 21
11 254
161 102
223 40
29 234
61 202
10 255
56 207
160 103
93 170
131 132
154 111
122 141
227 36
57 206
184 79
49 216
220 43
2 267
249 20
243 26
193 70
221 44
125 138
54 209
153 110
236 31
26 239
192 71
258 9
106 157
102 163
180 83
48 215
260 7
85 178
23 240
202 61
189 74
80 185
266 1
197 66
124 139
249 22
251 16
238 27
224 39
259 8
130 133
90 175
75 188
167 96
111 152
107 156
261 6
25 238
129 134
13 254
52 211
120 143
86 178
75 189
179 85
264 4
80 186
33 231
21 243
157 107
56 208
61 203
249 21
10 256
233 33
242 26
175 89
114 150
27 239
161 103
228 36
121 143
31 233
190 74
26 240
181 83
130 134
222 42
2 268
251 17
159 105
28 238
261 7
54 210
206 58
252 16
41 223
42 224
13 257
108 156
81 185
144 120
201 63
197 69
42 222
131 133
160 104
223 41
196 70
63 201
204 60
238 30
34 230
58 206
169 95
241 25
210 54
43 221
257 11
207 57
127 137
240 26
62 216
267 1
268 0
218 46
152 112
78 186
203 61
128 136
11 255
168 96
1 267
154 110
91 175
51 213
119 145
104 160
224 40
260 8
77 187
141 123
196 68
90 176
237 33
30 234
48 216
163 101
236 32
99 165
27 241
197 67
73 191
107 157
52 212
19 247
155 109
93 171
16 250
98 166
15 251
202 62
47 217
8 258
232 34
113 151
122 142
95 169
20 246
70 194
69 195
24 240
60 204
49 215
259 9
50 214
112 152
25 239
76 188
251 19
101 163
130 136
138 126
120 144
162 102
96 168
153 111
250 18
55 209
217 47
100 164
145 119
7 259
182 82
149 115
92 172
215 49
235 33
142 122
194 70
44 220
216 48
184 80
84 180
214 50
79 185
67 197
198 70
193 71
205 59
125 139
74 190
92 174
266 2
97 167
263 5
226 38
57 207
109 155
221 43
250 20
37 227
13 255
53 211
199 65
170 94
164 100
15 253
115 149
22 242
14 252
81 183
85 179
238 28
96 169
206 59
105 160
170 95
25 240
195 70
209 56
164 101
131 134
76 189
260 9
218 47
262 7
239 30
139 126
60 205
142 123
127 138
15 252
13 256
34 231
95 170
36 229
84 181
82 183
27 240
183 82
196 71
132 133
108 157
88 177
16 259
9 258
113 152
92 175
61 204
202 63
75 190
119 146
17 250
216 49
226 39
258 11
189 76
233 34
159 106
48 217
133 132
50 215
184 81
153 112
252 17
58 207
57 208
7 260
223 42
205 60
269 0
215 50
115 150
251 18
78 187
0 267
99 166
194 71
116 149
100 165
187 78
165 100
74 191
151 114
188 77
263 6
8 259
109 156
199 70
241 26
267 4
174 91
161 104
94 171
107 158
14 257
28 239
63 214
98 167
37 228
33 232
54 211
42 223
55 210
22 243
23 242
73 192
91 176
93 172
112 153
250 21
125 140
180 85
28 241
208 57
155 110
63 216
82 187
132 137
129 136
162 103
24 241
87 178
232 35
134 131
192 73
114 151
150 115
1 268
43 224
211 54
264 5
70 195
268 5
20 247
239 28
11 256
267 2
51 214
214 51
86 179
168 97
198 69
169 96
121 144
200 65
130 135
229 36
201 64
126 139
67 198
176 89
225 40
266 3
203 62
222 43
181 84
81 186
145 120
193 74
144 121
252 19
26 241
69 196
85 180
44 221
175 90
47 218
158 107
197 68
128 137
242 27
152 113
62 203
59 206
63 202
93 174
236 33
160 105
207 58
106 159
101 164
185 80
237 34
131 136
179 86
240 27
163 102
16 251
238 29
268 1
122 143
52 213
31 234
68 197
62 215
182 83
110 155
191 74
124 141
56 209
97 168
79 186
94 174
87 179
202 64
20 248
98 168
101 165
108 158
226 40
166 100
165 101
164 104
143 123
209 57
268 4
239 29
137 129
30 242
133 133
78 188
252 20
270 0
162 104
160 106
81 187
211 55
121 145
163 105
175 91
110 156
129 137
61 205
56 210
269 1
52 214
45 221
163 103
260 10
216 50
256 14
25 241
194 72
79 187
48 218
62 204
131 137
258 12
193 73
60 206
218 48
198 68
187 79
204 62
117 149
38 228
189 77
178 88
94 172
53 213
152 114
93 173
19 251
127 141
185 81
126 140
177 89
123 143
223 43
107 159
82 188
10 258
92 176
114 152
95 171
241 31
47 219
205 61
106 160
236 34
128 138
74 192
23 243
137 131
124 142
153 113
210 56
99 167
240 28
131 135
215 51
132 134
232 36
195 71
14 256
16 260
67 199
8 260
225 41
24 242
261 9
59 209
83 183
207 59
62 214
118 148
1 269
174 92
263 7
156 110
159 107
199 67
140 126
151 115
261 11
28 240
64 202
63 215
17 251
105 161
31 235
100 166
267 3
227 39
183 83
76 190
96 170
184 82
233 35
111 155
55 211
115 151
203 63
169 97
97 169
132 138
181 85
69 197
119 147
241 27
161 105
16 252
148 118
36 230
122 144
170 96
255 15
145 121
29 241
217 49
190 76
182 84
0 268
57 209
63 203
21 247
37 229
125 141
88 178
51 215
199 71
134 132
89 177
252 18
71 195
58 208
200 66
180 86
206 60
85 181
213 53
54 212
11 257
18 250
257 13
188 78
267 5
199 69
164 102
93 175
192 74
113 153
150 116
34 232
191 75
251 21
253 19
208 58
200 70
9 259
230 36
15 259
43 223
68 198
264 6
70 196
201 65
135 131
95 172
253 20
70 197
87 180
127 140
133 134
261 12
63 204
204 63
268 3
9 260
271 0
139 128
11 258
138 129
252 21
84 183
140 127
166 101
170 97
17 252
81 188
217 50
93 176
189 78
119 148
144 123
99 168
205 62
200 67
102 165
114 153
186 81
88 179
18 251
234 35
49 218
89 178
261 10
29 240
156 111
200 69
202 65
118 149
241 32
60 207
51 216
67 200
214 53
184 83
34 233
256 15
85 182
64 215
179 90
242 31
135 132
264 7
97 170
267 6
201 66
108 159
269 2
160 107
55 212
100 169
231 36
200 71
258 13
223 44
59 210
164 103
115 152
126 141
22 253
29 242
75 192
171 96
240 31
25 242
167 100
228 39
137 130
20 251
165 104
210 57
128 139
208 59
176 91
149 118
227 40
101 166
0 269
145 124
177 90
148 119
172 95
178 89
69 200
155 112
269 4
207 60
8 261
174 93
213 54
15 260
52 215
65 202
60 211
61 212
162 105
164 105
110 157
154 113
20 249
22 247
152 115
270 1
145 122
72 195
86 181
123 144
76 191
121 146
143 124
190 77
62 205
30 241
120 147
57 210
262 11
106 161
226 41
146 121
215 52
136 131
165 102
113 154
94 173
236 35
58 209
95 174
191 76
183 84
10 259
62 213
194 73
47 220
182 85
50 217
219 48
45 222
137 132
131 138
116 151
161 106
157 110
132 135
265 6
64 203
54 213
129 138
180 87
147 120
111 156
153 114
192 75
218 49
141 126
199 68
39 228
38 229
211 56
175 92
112 155
125 142
185 82
257 14
151 116
275 0
7 262
253 18
24 243
169 98
232 37
260 11
240 29
195 72
241 28
254 19
255 16
100 167
19 252
241 30
37 230
32 235
69 198
179 88
44 223
79 188
188 79
15 256
56 211
216 51
219 49
207 61
25 243
134 134
200 68
88 182
16 256
71 197
180 90
129 139
189 79
201 71
252 22
157 111
141 127
183 85
128 140
269 3
65 215
84 184
125 143
42 226
72 198
176 92
63 205
200 72
147 121
142 126
259 13
202 66
165 105
201 67
224 44
57 211
48 220
165 103
7 263
62 212
135 133
264 8
231 37
115 153
272 0
254 20
86 182
236 36
140 128
162 106
255 19
211 57
257 15
184 84
76 192
64 204
168 100
155 113
122 146
109 159
149 119
88 180
98 170
95 173
24 244
195 73
112 156
223 45
97 171
206 62
216 52
22 254
61 211
34 234
242 30
145 125
154 114
260 12
148 120
14 260
106 162
158 110
266 6
80 188
152 116
181 87
6 264
119 149
50 218
55 213
177 91
241 29
166 104
233 37
217 51
118 150
161 107
0 270
111 157
235 35
69 199
203 65
139 129
77 191
110 158
90 178
68 200
20 252
65 203
227 41
29 243
9 261
133 135
179 89
146 122
117 151
263 9
79 189
120 148
33 235
164 106
173 95
191 77
103 165
145 123
226 42
11 259
67 201
190 78
144 124
54 214
175 93
22 248
214 54
93 177
102 166
258 14
73 195
262 10
172 96
123 145
271 1
174 94
274 0
83 185
51 217
256 16
188 80
228 40
59 211
17 253
56 212
254 18
32 236
40 228
19 253
209 59
13 259
15 261
276 0
108 160
185 83
92 178
30 240
107 161
70 198
10 260
130 138
137 133
52 216
138 130
21 249
61 207
99 169
192 76
178 90
58 210
203 71
78 190
37 231
38 230
201 69
89 179
156 112
126 142
180 88
255 17
170 98
23 247
53 215
136 132
240 32
171 97
229 39
116 152
96 174
45 223
187 81
166 102
22 252
253 21
8 262
121 147
61 213
210 58
60 212
146 124
100 168
113 155
18 252
31 241
204 64
254 21
141 128
93 180
37 232
107 162
13 260
256 19
166 105
239 32
113 156
265 8
120 149
56 213
49 220
242 29
24 247
79 190
22 251
234 37
165 106
0 275
218 51
186 83
195 74
9 262
108 161
210 59
157 112
169 100
219 50
39 230
31 240
176 93
231 38
93 178
206 63
67 202
129 140
23 248
188 81
205 64
73 198
223 46
277 0
184 85
193 76
178 91
109 160
62 211
177 96
244 27
211 58
260 13
161 108
180 91
71 198
103 166
136 133
146 123
102 167
66 215
68 201
203 72
74 195
87 182
203 66
173 96
273 0
126 143
220 49
11 260
80 189
181 88
202 71
217 52
263 10
62 207
60 213
59 212
111 158
270 3
192 77
77 192
117 152
227 42
212 57
144 125
258 15
12 259
259 14
177 92
21 254
6 265
45 224
26 243
98 171
20 253
224 45
226 43
209 60
17 256
130 139
149 122
236 37
25 244
83 186
266 7
38 231
115 154
159 110
125 144
228 41
61 208
215 54
119 150
110 159
54 215
190 79
183 86
140 129
90 179
229 40
142 127
22 255
99 170
34 235
85 184
166 103
96 173
255 18
70 199
174 95
200 73
55 214
41 228
201 68
123 146
22 249
153 116
42 227
162 107
143 126
233 38
84 185
155 114
101 168
50 219
147 122
63 206
78 191
116 153
89 180
194 75
112 157
43 226
0 271
21 250
235 36
134 135
33 236
171 98
156 113
106 163
272 1
122 147
14 261
214 55
149 120
18 253
256 17
230 39
7 264
91 178
187 82
185 84
57 212
58 211
17 254
65 204
76 193
104 165
170 99
52 217
139 130
264 9
28 243
51 218
63 212
253 22
257 16
180 89
202 67
88 181
243 28
23 252
208 61
166 106
113 157
18 254
189 81
20 254
228 42
77 193
192 78
23 249
50 220
84 186
186 84
202 72
26 244
108 162
191 79
170 100
43 227
264 10
125 145
127 143
215 55
66 214
140 130
55 215
110 160
58 212
22 250
272 2
219 51
122 148
252 24
52 218
150 120
94 180
205 65
224 46
1 275
203 67
148 122
157 113
202 68
244 28
162 108
255 21
46 224
99 171
107 163
59 213
168 102
169 101
208 62
14 262
33 237
158 112
266 8
62 208
67 203
74 196
204 66
225 45
0 276
73 197
7 265
23 251
41 231
254 22
149 121
175 95
69 205
117 153
265 9
64 206
221 49
35 235
124 146
90 180
92 180
86 184
103 167
120 150
17 255
53 217
239 33
44 226
60 214
87 183
32 240
185 85
62 210
48 222
234 38
199 73
39 231
61 209
151 119
217 53
9 265
207 63
21 255
71 199
102 168
142 128
141 129
93 181
257 19
97 173
68 202
172 98
93 179
178 92
176 96
193 77
235 37
220 50
182 88
46 226
160 110
223 47
65 205
226 44
195 75
181 89
194 76
129 141
218 52
47 223
91 179
139 131
64 212
57 213
104 166
42 228
260 14
180 92
12 260
135 135
233 39
63 211
3 269
187 83
271 3
147 123
167 103
126 144
156 114
214 56
80 190
159 111
206 64
251 23
134 140
37 233
153 117
136 134
176 94
130 140
105 165
256 18
231 39
174 96
8 264
143 127
190 80
212 58
79 191
245 27
13 261
177 93
278 0
144 126
89 181
118 152
229 41
49 221
209 61
210 60
243 29
259 15
0 274
80 192
213 57
10 262
116 154
155 115
177 95
257 17
184 86
273 1
75 195
11 261
1 271
2 270
66 204
24 248
28 244
112 158
50 221
174 97
133 140
66 213
80 191
95 178
104 167
162 109
47 226
91 180
58 213
195 76
79 192
124 147
26 245
69 206
9 264
277 2
21 256
221 50
42 229
252 25
27 244
115 158
64 211
175 96
150 121
63 210
77 194
33 238
24 249
100 171
96 181
76 195
179 92
48 223
44 227
183 88
188 85
188 83
41 232
111 160
182 89
255 22
37 234
112 159
56 215
68 205
59 214
170 101
226 45
148 123
110 161
70 201
185 86
20 255
131 140
3 270
92 181
86 185
272 3
125 146
151 120
152 119
204 67
103 168
18 255
1 274
94 179
272 7
171 100
178 95
10 263
80 193
140 131
38 233
142 129
193 78
258 17
98 173
196 75
130 141
144 127
134 141
35 236
203 68
161 110
32 239
214 57
23 250
234 39
57 214
85 186
251 24
102 169
239 34
39 232
84 187
53 218
198 73
167 106
229 42
64 207
215 56
245 28
154 117
259 16
12 261
260 15
126 145
136 135
95 180
67 204
178 93
273 2
250 23
158 113
81 192
128 143
235 38
122 149
87 184
168 103
205 66
192 79
90 181
194 77
47 224
197 74
262 13
213 58
225 46
71 200
186 85
248 25
121 150
207 64
51 220
0 277
263 12
219 52
218 53
108 167
106 165
244 29
46 225
224 47
265 10
49 222
7 266
114 157
74 197
278 1
217 54
54 219
69 202
34 237
2 271
232 39
172 99
75 196
43 228
190 81
212 59
206 65
109 162
97 182
123 148
169 102
139 132
156 115
105 166
1 278
172 101
117 154
261 14
160 111
65 206
257 18
118 153
143 128
202 73
249 24
40 231
228 43
107 164
65 212
141 130
208 63
210 61
24 251
4 269
62 209
52 219
177 94
13 262
8 265
227 44
246 27
267 8
278 2
194 78
265 11
108 166
27 247
117 155
183 89
143 129
154 118
88 184
189 85
248 26
43 229
225 47
193 79
52 220
151 121
25 251
106 166
77 195
115 157
10 264
140 132
247 27
160 112
148 124
269 7
4 270
53 219
95 177
35 237
144 128
210 62
233 41
237 39
244 30
141 131
13 263
71 201
250 24
99 173
157 115
33 239
221 51
197 75
109 167
196 76
228 46
118 154
95 181
40 232
203 69
153 119
229 43
116 156
125 147
79 193
267 9
277 3
235 39
226 46
96 178
203 75
8 266
219 53
155 119
155 117
12 262
255 23
47 227
182 90
131 141
188 84
102 170
172 102
2 276
39 233
238 36
45 227
207 65
6 268
187 85
170 102
126 146
91 181
2 272
85 187
198 74
142 130
36 236
263 13
110 162
249 25
246 28
209 63
145 127
90 182
86 186
57 215
230 42
41 233
259 17
204 68
178 94
271 7
130 142
159 113
206 66
263 15
231 41
104 168
113 159
232 40
20 256
138 134
96 182
260 16
50 222
97 181
119 153
25 249
82 190
97 175
66 212
47 225
64 208
168 104
215 57
87 185
76 196
205 67
26 246
264 12
218 54
68 206
258 18
212 60
63 209
38 234
228 44
127 145
27 245
272 4
262 14
98 174
129 143
54 218
124 148
49 223
56 216
273 3
274 2
100 172
114 158
75 197
234 40
136 136
212 62
122 150
172 100
168 106
48 224
103 169
26 248
1 273
24 250
80 194
95 179
89 183
81 191
186 86
214 58
99 175
11 263
133 141
66 206
96 176
240 34
70 202
162 110
37 235
107 165
195 77
268 8
34 238
137 135
158 114
132 140
173 101
2 274
2 278
67 205
161 111
139 133
51 221
1 277
202 74
156 116
179 93
107 167
111 161
191 81
55 219
175 97
19 255
272 6
211 61
136 138
58 214
213 59
251 25
65 211
193 80
228 45
265 12
203 74
111 162
267 10
102 171
44 233
235 40
154 119
174 99
27 246
3 278
160 113
205 68
64 209
141 132
212 61
250 25
274 3
196 77
137 138
124 149
40 233
51 222
227 46
161 112
190 85
260 17
273 4
150 123
202 75
89 184
214 59
220 53
11 264
25 250
49 224
99 174
128 145
5 270
88 185
240 35
236 39
248 27
195 78
263 14
183 90
75 198
179 94
217 56
87 186
277 4
156 117
155 118
2 273
44 229
146 129
96 179
215 58
194 79
109 166
204 69
107 168
169 104
50 223
91 182
55 218
116 157
262 15
149 124
158 115
191 82
47 228
175 98
52 221
57 216
229 44
245 30
226 47
90 183
266 13
2 281
259 18
232 41
72 201
127 146
198 75
218 55
211 62
192 81
108 165
138 135
256 23
222 51
26 249
71 202
20 257
239 36
208 65
190 83
34 239
156 119
18 257
97 176
187 86
209 64
121 152
213 60
144 129
207 66
98 175
28 247
241 34
168 105
268 9
234 41
163 110
123 150
114 159
48 225
238 37
1 280
125 148
97 180
151 122
12 263
36 237
117 156
2 279
19 256
142 131
56 219
43 232
203 76
159 114
2 277
219 54
53 220
56 217
103 170
269 8
79 194
110 163
137 136
201 74
152 121
26 251
38 235
126 147
162 111
13 264
82 191
243 34
146 127
35 238
100 175
230 43
249 26
122 151
118 155
83 190
129 144
95 182
106 167
204 75
119 154
231 42
101 172
65 208
225 48
3 272
157 116
155 120
247 28
136 137
27 248
55 220
264 13
65 210
173 100
206 67
221 52
76 197
8 267
96 177
45 228
104 169
58 215
132 141
68 207
278 3
237 38
189 84
171 102
7 268
3 274
66 211
67 206
242 33
139 134
272 5
216 57
3 276
77 196
131 142
37 236
6 269
86 187
270 7
124 150
236 40
220 54
127 147
11 265
77 197
28 248
137 137
19 257
57 219
34 240
67 211
278 4
56 218
226 48
271 11
192 82
163 111
259 19
248 28
6 270
87 187
123 151
204 74
242 34
227 47
91 183
66 210
239 37
275 3
79 195
222 52
150 124
138 138
225 49
146 128
58 216
262 16
232 42
86 188
210 64
83 191
244 34
57 217
53 221
130 144
186 88
117 157
122 152
31 243
126 148
50 224
187 87
162 112
3 273
241 35
227 51
223 51
156 118
160 114
202 76
88 186
145 129
198 76
197 77
217 57
229 45
149 125
191 83
28 246
213 61
132 142
164 110
46 228
207 67
218 56
97 179
151 123
29 245
76 198
98 176
36 238
110 164
1 281
67 207
75 199
106 168
97 177
43 233
270 8
101 173
3 279
35 239
261 17
111 163
194 80
90 184
71 203
231 43
49 225
74 200
103 171
274 4
209 65
158 116
5 271
109 165
267 11
138 136
105 169
51 223
8 268
205 69
129 145
273 5
230 44
72 202
119 155
250 26
180 94
161 113
154 120
211 63
4 276
65 209
45 229
3 277
238 38
183 91
118 156
43 231
73 201
140 134
120 154
174 100
169 105
102 172
84 190
66 208
78 196
30 244
18 258
55 221
201 75
40 234
44 232
195 79
147 129
234 42
7 269
249 27
243 33
247 29
196 78
143 131
208 66
217 59
256 24
175 99
10 266
128 146
27 249
153 121
171 103
94 182
226 50
114 160
170 104
205 75
26 250
141 133
268 10
277 5
211 65
190 84
12 264
276 4
221 53
4 278
215 59
235 41
56 220
121 153
266 12
246 30
267 13
270 10
3 275
193 81
2 280
52 222
37 237
38 236
100 174
264 14
218 57
196 79
38 237
150 125
245 32
27 250
46 229
170 105
175 100
149 126
228 51
75 200
140 135
235 42
110 165
44 231
157 118
57 218
199 76
276 5
244 33
162 113
40 235
59 216
122 153
195 80
218 59
84 191
184 91
73 202
250 27
226 49
274 5
3 280
246 31
123 152
239 38
58 219
10 267
79 196
185 90
139 138
104 171
211 64
56 221
30 247
101 174
124 151
94 183
220 55
78 197
67 210
208 67
6 271
88 187
186 89
191 84
52 223
76 199
145 130
34 241
98 177
75 202
57 220
201 76
114 161
4 275
207 68
278 5
230 45
248 29
51 224
224 51
158 117
31 244
1 282
256 25
271 10
66 209
19 258
197 78
91 184
271 12
242 35
67 208
204 73
5 280
270 11
219 56
7 270
141 134
86 189
151 124
129 146
236 41
4 279
142 133
139 136
171 104
92 183
205 74
217 58
132 143
35 240
5 276
265 14
215 60
106 169
83 192
152 123
260 19
49 226
98 179
261 18
8 269
214 61
194 81
11 266
29 248
144 131
268 11
284 1
163 112
147 128
221 54
240 37
12 265
225 50
45 232
160 115
115 160
138 137
72 203
173 104
32 243
125 150
180 95
187 88
18 259
165 110
232 43
53 222
233 44
148 127
58 217
36 239
154 121
247 30
262 17
112 163
4 277
159 116
118 157
209 66
119 156
153 122
121 154
9 268
30 245
126 149
206 69
45 230
226 51
39 236
50 225
227 50
275 4
89 186
29 246
77 198
111 164
128 147
4 273
249 28
192 83
179 96
29 250
43 234
270 9
283 0
87 188
102 173
205 70
267 12
200 75
251 28
234 43
210 65
223 52
227 48
74 201
131 144
54 221
1 283
172 104
228 50
6 278
256 26
76 202
271 9
75 203
77 199
115 161
114 162
247 31
276 6
19 259
119 157
213 63
232 44
60 216
246 32
46 230
228 48
80 196
6 276
218 58
170 106
39 237
237 41
116 160
93 183
159 117
126 150
268 12
78 198
170 108
188 88
120 156
35 241
219 57
148 128
5 273
72 204
5 277
11 267
6 280
151 125
89 187
193 83
158 118
127 149
49 227
118 158
79 197
250 28
98 178
198 78
99 177
52 224
238 40
122 154
187 89
86 190
280 2
255 25
281 1
149 127
104 172
284 0
29 249
130 146
270 12
108 170
59 219
58 218
173 105
133 143
181 95
186 90
90 186
197 79
59 217
37 239
41 235
85 191
200 76
88 188
206 70
131 145
230 46
215 61
121 155
282 0
67 209
8 270
279 5
175 101
242 36
75 201
42 234
262 20
185 91
195 81
111 165
249 29
54 222
40 236
140 136
30 246
123 153
240 40
227 49
223 53
229 47
248 30
235 43
83 193
171 109
261 19
221 55
6 272
112 164
176 100
275 5
201 77
31 247
145 131
210 66
263 17
45 231
0 284
30 248
153 123
245 33
205 73
265 15
10 268
240 38
161 115
234 44
7 271
125 151
32 244
154 122
262 18
139 137
91 185
87 189
106 170
124 152
225 51
220 56
252 28
129 147
5 275
5 279
165 111
99 179
34 242
235 45
162 114
224 52
28 250
173 103
143 133
74 202
284 2
144 132
208 68
16 262
92 184
180 96
56 222
102 174
113 163
239 39
251 27
160 116
207 69
105 171
57 221
283 1
162 116
141 135
189 87
128 148
9 269
164 112
199 77
4 280
183 93
212 64
152 124
179 97
192 84
51 225
269 11
12 266
37 240
116 161
275 6
257 28
269 12
228 49
46 231
99 178
104 173
159 118
256 27
214 63
161 116
40 237
22 257
57 222
165 114
241 40
184 93
87 190
4 281
181 96
103 174
93 184
152 125
222 55
281 2
149 128
106 171
206 71
188 89
146 131
155 122
131 146
235 44
179 98
274 7
107 170
175 102
21 258
28 251
239 40
257 26
263 18
102 175
119 158
156 121
236 43
41 236
76 201
7 276
115 162
74 203
163 114
13 266
128 151
200 77
49 228
196 81
130 147
234 45
89 188
6 279
172 105
31 246
243 36
193 84
162 115
194 83
17 262
265 16
52 225
216 61
225 52
198 79
261 20
3 282
151 126
254 25
78 199
209 68
86 191
121 156
6 277
192 85
140 137
221 56
238 41
210 67
283 2
118 161
122 155
113 164
88 189
150 127
6 273
55 224
123 154
187 90
171 108
9 270
32 245
7 278
224 53
247 36
111 166
253 26
208 69
282 1
206 73
2 283
81 196
252 27
5 274
240 39
10 269
80 197
1 284
42 235
248 31
164 113
20 259
77 200
207 70
172 109
84 193
120 157
92 185
174 103
128 149
73 204
219 58
280 3
264 17
182 95
180 97
191 86
272 9
59 218
160 117
35 242
50 227
32 247
126 151
250 29
141 136
143 134
108 169
69 208
68 209
16 263
285 0
190 87
263 20
266 15
186 91
280 5
7 272
105 172
241 38
132 145
183 94
246 33
229 50
199 78
229 48
165 112
39 238
273 8
7 280
100 179
215 62
54 223
30 249
230 47
231 46
47 230
249 30
53 224
153 124
12 267
6 275
170 109
134 143
276 7
177 100
242 37
125 152
220 57
232 45
51 226
213 64
171 106
169 108
205 72
60 217
83 194
189 88
0 285
91 186
144 133
258 26
32 248
286 0
223 55
153 125
37 241
133 145
247 33
159 119
82 196
280 4
128 150
74 204
194 84
258 28
195 83
163 115
90 188
28 252
113 165
129 149
172 106
88 190
13 267
164 114
220 58
57 223
229 49
81 197
54 224
267 15
161 117
86 192
132 146
118 160
119 159
41 237
171 107
149 129
263 19
187 91
70 208
214 64
239 41
274 8
169 109
197 81
143 135
209 69
78 200
31 249
8 278
2 284
1 285
4 282
8 276
39 239
246 36
10 270
182 96
189 89
150 128
26 254
281 3
248 32
107 171
255 27
53 225
224 54
17 263
206 72
242 40
266 16
216 62
42 236
115 163
191 87
242 38
130 148
173 109
88 194
7 277
18 262
241 39
87 191
109 169
207 71
269 13
87 193
22 258
166 112
35 243
166 114
126 152
9 271
47 231
49 229
103 175
250 30
92 186
0 286
131 147
83 195
176 102
198 80
152 126
38 240
3 283
156 122
123 155
165 113
264 18
247 35
254 26
175 103
253 27
114 164
61 217
127 151
11 269
12 268
55 225
100 178
36 242
200 78
190 88
7 273
6 274
85 193
77 201
282 2
170 110
256 28
238 42
125 153
112 168
105 173
103 177
93 185
121 157
236 44
210 68
33 247
192 86
243 37
185 93
183 95
181 97
134 144
104 174
154 124
221 57
16 264
180 98
33 245
7 279
117 161
32 246
25 255
232 46
116 162
246 34
230 48
234 46
23 257
144 134
261 21
151 127
135 143
178 100
60 218
106 172
21 259
14 266
222 56
158 120
273 9
79 199
200 80
112 166
48 230
102 176
157 121
51 227
7 275
244 36
69 209
188 90
73 205
40 238
225 53
221 59
231 47
275 7
141 137
146 132
89 189
184 94
101 178
198 81
220 59
145 134
16 265
79 202
123 156
55 226
79 200
27 254
232 47
89 190
248 35
250 31
181 98
61 218
50 229
274 9
8 279
56 225
243 38
32 251
71 212
34 245
152 127
40 239
151 128
167 114
34 247
23 258
248 33
135 144
48 231
3 284
131 148
107 172
107 174
12 269
33 248
210 69
176 103
192 87
81 198
239 42
225 54
44 235
207 72
267 16
43 236
189 90
185 94
149 130
73 214
1 286
29 252
2 285
238 43
126 153
208 71
105 174
22 259
8 273
0 287
78 201
158 121
119 160
124 155
143 136
121 158
182 97
141 138
9 278
219 60
188 91
129 150
247 34
88 195
88 193
244 37
74 205
70 211
125 156
275 8
260 21
35 244
200 79
125 154
87 192
259 28
234 47
153 126
14 267
193 88
180 101
72 213
173 108
172 107
212 67
215 64
90 189
174 109
42 237
130 149
221 60
178 101
23 260
209 70
237 44
194 85
211 68
110 169
113 168
169 110
245 36
231 48
84 195
226 53
106 173
199 80
83 196
233 46
86 193
195 84
223 56
127 152
196 83
38 241
254 27
9 276
269 14
160 119
19 262
52 227
117 162
224 55
94 185
31 250
7 274
93 186
142 137
191 88
115 164
102 177
21 260
114 165
10 271
266 17
8 275
190 89
13 268
265 18
221 58
28 253
18 263
88 191
36 243
159 120
249 32
259 26
155 124
222 57
281 4
216 63
282 3
120 159
17 264
92 187
197 82
39 240
8 277
80 199
57 224
112 167
54 225
4 283
146 133
193 86
24 257
255 28
242 39
213 66
164 115
166 113
70 209
104 175
214 65
103 176
26 255
53 226
5 282
33 246
25 256
69 210
286 1
41 238
157 122
157 124
133 146
161 118
184 95
122 157
264 19
187 92
230 49
229 55
89 193
19 263
131 149
226 54
243 39
275 9
215 65
72 212
174 106
22 260
125 157
113 167
157 123
110 170
176 104
121 159
102 178
154 128
233 47
9 279
282 4
267 17
141 139
2 286
35 245
78 202
93 187
236 46
208 72
214 66
28 254
225 55
73 213
30 252
74 206
35 247
127 153
216 64
15 267
168 112
4 284
116 164
198 82
88 192
181 99
164 116
55 227
108 172
237 45
155 125
108 174
254 28
45 235
80 200
126 154
159 133
237 51
234 48
231 49
41 239
249 33
162 118
25 257
248 34
57 225
188 92
135 145
36 244
24 258
259 27
62 218
270 14
211 69
10 278
11 271
101 181
113 169
156 124
26 256
44 236
70 210
235 47
114 166
260 28
32 250
173 107
266 18
91 189
235 49
54 226
190 90
61 219
222 58
86 194
223 57
238 44
268 16
269 15
104 176
81 199
94 186
133 147
191 89
117 163
106 174
213 67
102 184
130 150
32 252
83 197
101 183
70 212
209 71
0 288
9 277
85 195
27 255
160 132
151 129
40 240
5 283
239 43
182 98
77 203
245 37
12 270
196 84
265 19
158 122
159 121
150 132
143 137
167 113
84 196
220 60
53 227
144 136
38 242
71 209
125 155
255 29
49 231
43 237
146 134
192 88
71 213
23 259
31 251
9 275
287 1
14 268
34 246
169 111
139 151
29 253
199 81
244 38
179 101
18 264
89 191
10 272
8 274
17 265
79 201
150 130
201 79
51 229
75 205
193 87
185 95
218 62
174 108
33 249
236 50
82 198
178 102
42 238
107 175
197 83
9 273
161 119
87 195
72 214
123 157
153 127
180 102
134 146
274 10
260 22
212 68
219 61
132 148
16 266
224 56
240 42
158 124
88 196
120 160
52 228
195 85
76 204
92 188
221 61
250 32
146 135
50 231
190 91
234 49
10 279
139 142
31 252
208 73
249 34
144 137
122 159
111 170
194 87
90 191
134 147
244 39
40 241
53 228
106 175
199 82
202 79
189 92
195 86
127 154
222 61
105 176
160 131
238 51
124 157
132 149
109 172
179 102
169 112
72 215
188 93
260 27
142 139
174 107
24 259
237 50
29 254
57 226
255 30
229 56
164 117
51 230
211 72
110 171
75 206
220 61
71 210
119 162
240 43
33 250
36 247
36 245
150 131
216 65
221 62
95 186
71 214
237 46
163 118
191 90
117 164
0 289
139 150
196 85
126 155
3 286
140 151
157 130
77 204
175 106
17 266
269 16
46 235
33 252
39 242
85 196
185 96
38 243
62 219
159 122
250 33
73 208
89 192
70 213
19 264
149 132
16 267
10 275
102 181
235 50
211 70
28 255
178 103
81 200
91 190
12 271
10 277
155 126
86 195
2 287
227 54
27 256
80 201
102 179
228 55
226 55
43 238
186 97
231 50
15 268
35 246
113 170
131 150
97 186
32 253
44 237
254 29
156 129
145 136
160 121
42 239
168 113
5 284
265 20
260 23
275 10
49 232
213 68
22 261
238 45
114 167
152 129
215 66
76 205
218 63
212 69
236 49
102 183
159 132
192 89
235 48
151 130
148 133
93 188
270 15
9 274
11 272
78 203
18 265
123 158
162 119
214 67
267 18
11 278
266 19
158 133
182 99
10 273
178 105
176 105
183 98
83 198
107 176
154 129
147 134
135 146
153 128
120 161
283 4
20 263
276 9
130 151
82 199
219 62
118 163
73 212
26 257
156 125
45 236
74 207
158 123
197 84
245 38
72 209
108 173
155 128
217 64
55 228
288 1
225 56
209 72
177 104
101 184
161 120
94 187
69 212
158 131
236 47
41 240
101 182
230 55
154 127
74 213
223 58
54 227
76 207
233 48
210 71
87 196
163 120
169 113
164 120
94 188
186 96
147 135
213 69
38 244
36 246
176 106
239 45
44 238
17 267
101 185
142 150
159 123
109 173
35 249
8 284
288 2
129 153
95 187
138 148
277 9
22 262
163 119
5 285
188 94
130 152
179 103
271 15
164 118
37 247
155 129
46 238
177 105
237 47
244 40
157 129
128 154
221 63
216 66
111 171
110 172
103 179
160 122
9 281
210 72
91 191
135 147
143 139
237 49
266 20
112 170
175 107
83 199
290 0
148 134
232 50
270 16
157 131
50 232
13 271
238 50
275 11
34 250
240 44
139 143
159 131
21 263
123 159
73 209
2 288
268 18
279 7
7 283
261 27
182 100
214 68
222 62
231 55
105 177
211 73
115 167
190 92
29 259
178 106
142 140
254 30
31 253
152 130
230 54
70 214
179 105
58 226
156 126
187 97
158 130
215 67
10 274
165 117
245 39
212 70
11 279
106 176
153 129
246 38
234 50
238 46
272 14
224 58
250 34
100 184
198 84
47 235
119 163
149 133
202 80
140 150
201 81
139 149
120 162
85 197
30 254
162 120
46 236
223 59
197 85
127 155
76 206
16 268
186 98
219 63
156 128
20 264
131 151
284 4
102 180
75 207
156 130
48 234
192 90
74 212
158 132
40 242
217 65
11 277
69 213
11 273
276 12
42 240
265 21
230 56
140 142
82 200
151 131
12 272
102 182
36 248
220 62
133 149
233 49
132 150
37 245
73 211
4 286
251 33
124 158
117 165
146 136
161 121
145 137
98 184
87 197
74 208
141 141
90 192
200 82
29 255
261 23
54 228
155 127
93 189
25 259
72 210
1 289
276 10
55 229
236 48
225 57
154 130
269 17
231 51
0 290
183 99
77 207
41 241
185 97
18 266
96 186
28 258
255 31
195 87
81 201
212 72
179 107
34 252
3 287
86 196
19 265
138 150
230 52
226 56
11 275
103 183
253 31
71 215
209 73
27 257
107 177
51 231
211 71
289 1
260 24
97 187
189 93
252 32
78 204
227 55
63 219
134 148
191 91
222 63
30 255
218 65
226 57
197 86
49 234
28 259
146 137
69 214
224 59
156 131
19 266
35 250
164 119
96 187
83 200
36 249
281 6
34 251
267 20
118 165
4 287
231 56
210 73
203 80
137 148
278 9
138 147
261 24
245 40
178 107
236 59
161 122
232 51
21 264
80 203
86 197
66 217
238 47
83 202
48 235
205 78
59 226
269 18
5 286
239 46
280 7
9 282
231 54
276 11
275 12
138 149
240 45
43 240
139 148
64 219
225 58
252 33
243 42
166 117
99 184
156 127
190 93
142 149
26 259
279 8
159 130
29 258
277 10
31 254
13 272
265 22
121 162
230 53
140 143
238 49
187 96
105 178
141 142
12 279
204 79
10 281
162 121
38 245
246 39
216 67
189 94
157 128
261 26
103 180
213 70
92 191
63 220
11 276
145 138
1 290
276 13
116 167
110 173
253 32
285 4
106 177
215 68
194 89
148 135
7 284
100 185
75 208
219 64
152 131
103 182
227 56
165 118
141 150
142 141
12 277
180 105
147 136
45 238
95 188
91 192
12 273
244 41
288 3
54 229
111 172
112 171
124 159
212 71
158 129
84 199
209 74
129 154
270 17
157 126
73 210
130 153
119 164
177 106
273 16
74 211
37 246
47 236
185 98
212 73
20 265
98 185
42 241
273 14
184 99
120 163
220 63
8 283
139 144
17 268
251 34
195 88
46 237
115 168
196 87
79 204
2 289
248 37
254 31
217 66
199 84
12 275
188 95
155 130
153 130
272 15
179 108
136 147
37 248
27 258
127 156
169 114
16 269
128 155
202 81
237 48
144 139
23 262
160 123
176 107
192 91
93 190
77 206
47 238
132 151
38 247
200 83
70 215
183 100
247 38
157 132
51 232
260 25
274 13
179 104
201 82
46 239
149 134
213 72
231 52
82 201
131 152
14 271
262 23
11 274
41 242
134 149
233 50
0 299
170 113
290 1
291 0
282 6
278 10
157 127
112 172
143 141
165 119
1 299
275 13
12 280
106 178
29 257
209 75
280 8
233 57
276 14
156 132
60 224
90 194
14 272
142 142
194 90
148 136
130 154
239 47
234 58
137 149
245 41
216 68
11 281
9 283
161 123
47 239
261 25
80 204
20 266
121 163
67 217
51 233
203 81
253 33
286 4
120 164
64 220
116 168
146 138
86 198
281 7
238 48
141 143
93 191
232 56
233 51
69 215
59 225
133 151
191 93
74 210
190 94
213 73
125 159
265 23
47 237
153 131
13 275
289 3
7 285
145 139
83 201
192 92
104 182
92 192
183 101
85 199
217 67
232 52
23 263
271 17
110 174
38 246
162 122
235 59
279 9
185 99
122 162
143 143
236 60
12 274
244 42
199 85
132 152
45 239
292 0
155 131
6 286
215 69
181 103
123 161
178 108
218 66
118 166
61 223
150 134
159 129
270 18
254 32
136 148
195 89
79 207
226 58
5 287
2 290
12 276
35 251
117 167
50 234
201 83
158 128
147 137
206 78
37 249
197 87
21 265
204 80
272 16
66 218
267 21
30 256
180 104
82 202
268 20
27 259
231 53
36 250
196 88
277 11
44 240
6 288
182 102
263 23
19 267
167 117
130 156
249 37
81 203
246 40
17 269
129 155
31 255
124 160
42 242
104 180
287 5
54 230
46 240
128 156
222 64
200 84
95 189
66 220
210 74
160 124
1 291
139 147
62 222
135 149
252 34
188 96
39 247
213 71
205 79
94 190
248 38
274 14
127 157
149 135
26 260
28 260
227 57
139 145
214 72
0 300
159 125
273 15
134 150
198 86
243 43
262 26
224 60
49 235
291 1
220 64
96 188
78 206
177 107
193 91
99 185
240 46
75 209
214 70
38 248
170 114
212 74
144 140
140 148
13 279
22 264
105 179
65 219
141 149
12 282
48 236
54 231
204 81
65 220
121 164
200 85
94 191
263 24
69 216
50 235
80 205
80 207
12 281
153 132
252 35
178 109
76 209
244 43
288 5
24 263
126 159
253 34
1 298
183 102
196 89
42 243
2 291
215 72
110 175
124 161
90 195
131 154
254 33
91 194
147 138
122 163
289 4
247 40
278 11
128 157
105 180
275 14
191 94
155 132
99 186
224 61
10 283
111 174
13 280
223 64
286 5
96 189
68 217
212 75
210 75
274 15
161 124
117 168
197 88
39 246
214 75
272 17
30 257
49 236
143 142
85 200
38 249
218 67
15 272
119 168
250 37
220 65
166 119
112 173
14 275
20 267
245 44
156 133
215 70
149 136
219 66
159 126
198 87
199 86
239 48
185 100
66 221
118 167
47 240
159 128
130 155
264 23
86 199
140 145
163 122
235 60
66 219
151 134
120 165
232 53
182 103
225 60
228 57
62 223
233 58
170 115
214 71
193 92
224 63
281 8
150 135
190 95
113 172
140 147
123 162
39 248
213 74
16 271
23 264
48 237
136 149
249 38
27 260
203 82
61 224
282 7
127 160
18 269
26 261
292 1
216 69
81 204
142 143
168 117
106 179
134 151
31 256
132 153
32 255
105 182
262 25
75 210
13 274
0 301
11 282
14 273
60 225
279 10
267 22
217 68
21 266
79 206
245 42
6 289
125 160
104 181
271 18
128 161
233 52
194 91
268 21
45 240
206 79
36 251
52 233
160 125
246 41
148 137
234 59
131 156
92 193
6 287
37 250
162 123
202 83
248 39
249 40
19 268
158 127
214 73
141 148
13 276
1 300
232 57
227 58
2 299
145 140
84 201
171 114
119 166
240 47
146 141
287 6
129 156
82 203
63 222
181 104
184 101
189 96
141 144
205 80
51 234
7 286
17 270
177 108
91 195
57 229
110 176
153 133
151 135
242 46
293 1
219 67
234 52
183 103
11 283
244 44
160 126
35 255
155 133
54 232
120 166
69 217
13 283
15 275
35 253
134 152
129 157
2 298
278 12
247 41
216 70
224 64
82 204
182 106
113 173
288 6
233 53
7 287
127 159
18 270
161 125
5 289
40 248
246 44
271 19
245 45
207 79
195 91
241 47
52 234
251 37
249 41
214 74
89 199
14 282
185 101
177 109
234 60
164 122
199 87
144 142
62 224
249 39
16 272
124 162
196 90
171 115
163 123
26 262
123 163
250 38
117 169
122 164
215 73
21 267
32 256
53 233
166 120
159 127
243 45
218 68
95 191
141 145
240 48
193 93
225 61
14 274
213 75
86 200
90 196
232 58
17 271
187 99
3 291
67 219
34 254
90 200
63 223
272 18
81 205
1 301
13 281
255 33
215 71
289 5
131 155
127 161
38 250
145 141
267 23
132 154
112 174
15 273
47 241
142 144
168 118
97 189
33 255
19 269
170 116
140 146
283 7
279 11
9 285
182 104
105 181
289 9
233 59
206 80
220 66
203 83
2 300
96 190
217 69
80 206
36 252
248 40
286 6
221 65
190 96
40 246
37 251
245 43
235 61
24 264
65 221
67 221
99 187
280 10
184 102
49 237
126 160
275 15
148 138
50 236
51 235
197 89
31 257
42 244
246 42
4 290
125 161
264 24
201 85
76 210
106 180
287 7
41 247
268 22
0 302
282 8
39 249
204 82
253 35
14 276
141 147
263 25
281 9
290 4
191 95
89 197
64 222
3 299
162 124
45 241
225 63
147 141
288 8
61 225
119 169
147 139
227 59
10 284
81 207
87 199
85 201
111 175
23 265
128 160
254 34
210 76
92 194
186 100
150 136
136 150
118 168
128 158
228 58
27 261
226 61
35 254
272 19
76 211
274 17
240 49
219 68
55 232
228 59
45 242
93 194
275 16
116 171
281 10
234 53
273 18
111 176
221 66
60 227
49 238
250 39
225 64
14 283
182 105
21 268
58 229
106 181
2 301
121 166
97 190
246 43
244 45
181 106
133 154
210 77
1 302
107 180
43 244
206 81
153 134
283 8
145 142
200 87
15 274
82 205
218 69
282 9
231 58
183 104
149 138
254 35
288 9
241 48
27 262
171 116
177 110
286 7
191 96
62 225
70 217
154 133
91 200
164 123
136 151
98 189
167 120
141 146
42 245
64 223
161 126
89 198
81 208
83 204
289 10
248 41
188 99
114 173
68 221
17 272
152 135
94 193
57 230
9 286
185 102
227 60
122 165
207 80
4 291
47 242
293 2
271 20
123 164
10 285
215 74
173 114
13 284
280 11
287 8
129 158
151 136
34 255
235 52
267 24
86 201
162 125
89 200
90 197
192 95
216 71
48 245
100 187
169 118
54 233
19 270
155 134
170 117
186 101
16 273
217 70
225 62
220 67
247 42
279 12
129 160
187 100
135 152
118 169
229 58
87 200
172 115
232 59
132 155
148 141
92 195
252 37
242 47
194 93
205 82
269 22
95 192
11 284
53 234
264 25
234 61
126 161
199 88
196 91
245 46
41 246
204 83
54 235
285 6
5 290
8 287
148 139
127 162
142 145
294 1
37 252
40 249
113 174
15 282
85 202
32 257
68 219
160 127
124 163
10 287
163 124
15 276
81 206
14 281
24 265
268 23
243 46
3 298
65 222
290 5
201 86
77 210
291 4
213 76
36 253
51 236
20 291
190 97
128 159
41 248
198 89
288 7
20 269
48 241
255 34
39 250
247 44
90 198
36 254
17 273
274 18
3 301
32 258
49 245
15 285
276 16
61 227
273 19
269 23
143 145
130 158
30 260
34 256
5 291
101 187
201 87
275 17
109 179
285 7
161 127
123 165
47 243
20 290
172 116
118 170
115 173
130 160
26 264
186 102
216 74
177 111
165 123
265 25
16 276
60 228
70 218
270 22
214 78
220 68
108 180
65 223
52 236
171 117
217 71
100 188
199 89
283 9
114 174
245 47
248 42
59 229
242 48
264 26
255 35
164 124
38 252
289 7
125 163
251 39
226 62
68 222
148 140
205 83
231 59
168 120
244 46
254 36
247 43
96 192
77 211
112 176
42 248
181 107
234 62
189 99
192 96
91 201
207 81
85 203
162 126
266 24
116 172
190 98
92 196
62 226
53 235
258 32
16 274
151 137
42 246
83 205
228 60
89 201
232 60
145 143
133 155
9 287
149 139
56 236
41 249
196 92
40 250
81 209
187 101
122 166
21 269
87 201
28 262
252 38
256 34
208 80
124 164
292 4
174 114
43 245
206 82
63 225
3 305
129 159
37 253
4 292
98 190
86 202
204 84
58 230
55 233
142 146
12 284
185 103
11 285
295 1
287 9
183 105
154 134
107 181
54 234
235 53
219 69
279 13
20 270
195 93
33 257
48 244
82 206
10 286
291 5
288 10
173 115
194 94
197 91
84 204
19 289
230 58
211 77
227 61
4 298
221 67
263 27
90 202
93 195
200 88
91 197
210 78
153 135
19 291
294 2
290 6
50 238
155 135
97 191
281 11
15 283
24 266
68 220
22 268
69 219
144 144
19 271
271 21
44 244
94 194
213 77
48 242
190 100
136 152
193 95
117 171
234 54
163 125
0 306
16 282
198 90
2 304
126 162
169 119
234 56
194 96
49 241
2 302
91 199
240 50
46 242
15 281
226 64
95 193
106 184
243 47
284 8
228 61
49 244
118 171
56 235
3 304
207 82
241 50
105 184
195 94
295 2
185 104
194 97
17 276
169 120
275 18
175 114
227 62
193 96
208 81
88 201
48 243
216 75
251 42
53 236
43 246
235 54
9 290
282 11
109 180
15 286
16 285
164 125
90 203
110 179
61 228
94 195
291 6
31 260
126 163
81 210
13 286
286 9
15 288
101 188
8 289
92 201
184 105
47 244
210 79
82 209
215 76
281 12
107 182
188 101
71 218
104 185
24 267
28 263
70 219
60 229
266 25
64 225
196 93
86 203
25 266
107 184
201 88
209 80
203 86
78 211
252 43
66 223
44 245
192 97
211 78
269 24
299 0
55 236
177 112
40 251
91 202
244 47
117 172
19 290
14 287
212 77
194 95
78 213
154 135
65 224
217 74
16 287
75 214
4 293
229 60
256 35
18 277
274 19
217 72
273 20
290 7
152 137
292 5
20 271
178 111
206 83
101 192
42 249
235 56
111 178
93 196
202 87
106 183
86 205
200 89
230 59
293 4
227 64
271 22
63 226
259 32
0 307
9 288
30 261
170 119
287 10
277 16
102 187
89 202
219 70
46 243
234 63
16 277
242 49
6 291
270 23
22 269
12 285
37 254
283 10
98 191
113 176
276 17
18 289
234 55
116 173
91 198
191 98
173 116
95 194
33 258
144 145
15 280
26 265
108 181
1 306
252 39
122 167
187 102
15 284
189 100
51 238
96 193
49 242
146 143
153 136
5 292
190 99
231 60
74 215
214 77
100 191
162 127
145 144
240 51
279 14
85 204
11 286
255 36
87 202
221 68
205 84
280 13
168 121
17 288
131 158
34 257
115 174
4 301
172 117
186 103
284 9
38 253
198 91
180 109
243 48
99 190
215 78
3 306
285 8
92 197
68 223
17 274
18 273
16 283
2 303
213 78
264 27
45 244
265 26
19 272
55 234
56 233
97 192
134 155
181 108
69 220
248 43
59 230
58 231
130 159
5 298
258 33
171 118
210 81
149 140
50 241
27 264
43 248
143 146
174 115
179 110
83 206
165 124
263 28
136 153
49 240
179 112
112 177
52 237
123 166
125 164
272 21
222 67
199 92
126 166
276 18
85 205
203 87
52 238
243 49
40 252
264 28
101 193
44 246
13 287
251 43
8 290
32 260
95 195
199 91
18 274
82 210
213 79
28 264
249 43
4 302
285 9
281 13
144 146
179 113
134 156
26 266
188 102
99 191
64 226
224 66
255 37
3 303
207 83
197 93
71 219
201 89
116 174
1 307
38 254
42 250
16 278
101 189
100 190
18 288
15 289
97 193
16 288
86 206
122 168
274 20
126 164
124 166
104 186
172 118
23 269
115 175
180 112
123 167
14 288
117 173
91 203
9 289
87 203
60 230
261 31
174 116
221 69
34 258
272 22
216 76
198 92
294 4
146 144
292 6
282 12
5 293
191 99
103 187
186 104
260 32
59 231
162 128
31 261
96 194
113 177
5 301
153 137
56 234
263 29
24 268
83 209
137 153
114 176
2 306
179 111
150 140
195 95
259 33
16 286
101 191
51 241
88 202
41 251
173 117
50 242
230 60
16 284
215 77
253 39
29 263
199 93
299 1
110 180
112 178
300 0
270 24
10 290
209 81
244 48
75 215
271 23
62 228
76 214
18 290
236 54
17 289
111 179
27 265
169 121
4 304
66 224
94 196
5 299
286 10
18 276
217 75
3 307
135 155
252 42
273 21
57 233
68 224
295 3
102 188
92 198
92 202
118 172
70 220
46 244
284 10
154 136
132 158
4 300
17 277
49 243
180 110
278 16
193 97
211 79
185 105
20 272
257 35
17 275
16 280
208 82
206 84
125 165
19 273
297 1
296 2
266 26
67 223
17 287
181 109
290 8
298 0
171 119
83 207
189 101
35 257
220 70
275 19
269 25
74 216
204 86
222 68
184 106
216 78
105 185
291 7
241 51
43 247
166 124
78 212
151 139
227 63
51 239
219 71
176 114
55 237
131 159
210 80
218 72
283 11
37 255
265 27
254 38
107 183
228 62
50 240
212 78
63 227
15 279
276 20
12 286
61 229
109 181
6 292
235 55
202 88
136 154
258 34
168 122
165 125
75 217
21 271
50 244
279 15
178 112
152 138
30 262
231 61
53 237
196 94
233 63
25 267
77 213
182 108
145 146
271 24
280 15
62 229
292 9
87 204
163 128
224 67
250 43
254 39
236 55
124 167
301 0
259 34
50 243
4 303
175 116
239 54
11 288
281 14
188 103
57 234
20 273
17 284
60 231
101 190
232 63
299 2
218 75
72 219
208 83
110 181
84 207
85 206
12 287
201 90
33 260
43 250
253 42
182 109
97 194
5 300
172 119
277 18
105 186
278 17
292 7
118 173
275 20
174 117
25 268
79 212
266 27
75 218
225 68
102 189
181 110
114 177
28 265
10 289
216 77
22 271
138 157
16 289
268 25
30 263
297 2
243 50
44 249
257 36
212 79
269 26
295 4
2 307
54 237
262 31
93 198
123 168
282 13
209 82
52 241
185 106
46 245
138 153
76 215
154 137
111 180
138 155
6 293
37 256
64 227
31 262
17 278
229 62
225 66
99 192
83 208
17 286
274 21
16 279
178 113
200 91
63 228
7 298
88 203
126 165
293 6
13 288
77 214
42 251
113 178
230 61
61 230
192 99
144 147
177 114
167 124
23 270
6 295
152 139
204 87
71 220
100 193
180 111
241 52
27 266
104 187
3 308
220 71
117 174
86 207
109 182
125 166
255 38
198 93
8 291
173 118
183 108
112 179
92 203
5 304
285 10
249 44
167 126
286 11
151 140
300 1
53 242
146 145
276 19
75 216
283 12
186 105
176 115
82 211
44 247
5 294
166 125
222 69
115 176
59 232
137 156
279 16
84 213
211 80
51 242
53 238
219 72
284 11
264 29
135 156
253 40
51 240
196 95
200 93
121 170
132 159
202 89
244 49
41 252
24 269
228 63
38 255
270 25
199 94
136 155
217 76
7 292
74 217
272 23
17 290
19 274
67 224
18 275
52 239
206 85
261 32
35 258
170 121
291 8
21 272
189 102
294 5
58 233
98 193
265 28
32 261
65 226
108 183
258 35
95 196
70 221
298 1
169 122
242 51
29 264
147 144
193 98
18 287
256 37
274 22
301 1
106 186
212 80
34 260
240 54
71 221
279 17
202 90
144 148
72 220
197 95
132 160
294 6
38 256
243 51
100 194
205 87
272 24
257 37
232 64
173 119
242 52
256 38
97 195
209 83
99 193
229 63
52 242
73 219
95 197
85 213
45 247
44 250
249 45
141 159
24 270
28 266
167 125
198 94
230 62
8 292
77 215
32 264
114 178
260 34
292 8
255 39
66 226
146 146
245 49
6 300
118 174
123 169
297 3
226 68
186 106
250 44
52 240
184 108
31 263
253 41
139 157
263 31
84 212
207 85
183 109
58 234
178 114
169 123
7 297
64 228
244 50
7 293
17 279
163 129
61 231
136 156
11 289
137 157
138 158
88 204
188 104
201 93
53 239
162 130
98 194
219 75
153 139
191 101
275 21
110 182
238 54
172 120
135 157
2 308
193 99
29 265
133 159
271 25
226 66
1 309
278 18
266 28
208 84
261 33
41 253
84 208
45 249
145 147
19 275
25 271
12 288
116 176
33 261
33 265
151 141
298 2
46 246
203 89
147 145
223 69
241 55
231 63
125 167
277 19
168 124
155 137
225 67
113 179
0 314
217 77
189 103
82 212
201 91
35 259
26 268
74 218
148 144
54 238
7 295
283 13
122 170
222 70
92 204
190 102
43 251
267 27
6 294
281 15
60 232
237 55
299 3
138 154
192 100
246 48
18 284
182 110
112 180
76 216
16 290
139 153
140 158
109 183
224 68
96 196
258 36
22 272
138 156
85 207
176 116
285 11
51 243
121 171
268 26
53 241
7 299
127 165
32 262
284 12
62 230
187 105
17 291
181 111
105 187
27 267
185 107
42 252
102 190
174 118
93 199
18 286
273 23
20 274
206 86
196 96
220 72
166 126
124 168
5 303
30 264
128 164
67 225
265 29
204 88
40 254
63 229
171 121
80 212
295 5
262 32
94 198
154 138
293 9
238 55
220 73
139 156
8 295
219 76
133 160
175 118
219 74
39 256
154 139
33 264
62 231
231 64
60 233
220 75
295 6
268 27
140 153
24 271
23 272
138 159
210 83
168 125
203 90
134 159
34 261
77 216
198 95
155 138
184 109
206 87
131 162
207 90
189 104
0 315
81 212
2 309
284 13
109 184
285 12
207 86
177 116
128 165
71 222
226 67
230 63
110 183
224 69
12 289
171 124
208 85
266 29
123 170
206 89
25 270
242 53
267 28
139 158
243 52
46 247
65 228
132 161
85 208
222 71
54 241
241 56
259 36
58 235
29 266
1 310
144 149
212 81
147 146
9 292
279 18
43 252
18 279
162 131
64 229
90 205
27 268
302 1
262 33
33 262
28 267
22 273
258 37
42 253
7 296
210 85
296 5
272 25
74 219
129 164
118 175
54 239
197 96
256 39
297 4
106 187
241 54
18 285
188 105
44 251
240 55
117 176
227 66
171 122
152 141
244 51
72 221
92 205
166 127
88 205
169 124
201 92
85 212
73 220
273 24
46 249
139 154
37 258
221 72
52 243
45 248
264 31
173 120
63 230
32 265
136 157
119 174
53 240
7 294
16 291
163 130
151 142
111 182
47 246
67 226
122 171
278 19
36 259
105 188
229 64
191 102
43 254
112 181
247 48
245 50
167 128
0 313
223 70
271 26
6 303
30 265
137 158
185 108
246 49
140 159
145 148
140 157
274 23
99 194
275 22
98 195
183 110
301 2
182 111
141 160
148 145
135 158
294 7
260 35
95 198
249 46
32 263
228 65
124 169
40 255
254 41
172 121
94 199
85 210
218 77
281 16
21 274
186 107
114 179
96 197
146 147
125 168
178 115
266 31
205 88
26 269
103 190
192 101
7 300
8 293
250 45
20 275
97 196
190 103
293 8
78 215
298 3
193 100
242 55
35 260
187 106
41 254
282 15
66 227
35 261
282 16
9 293
10 298
224 70
86 210
274 24
109 185
94 200
40 256
241 57
141 161
149 145
145 149
29 267
268 28
126 168
244 52
43 253
1 315
119 175
255 41
19 285
14 290
134 160
60 234
97 197
191 103
85 209
189 105
208 90
153 141
281 17
240 56
136 158
223 71
259 37
113 181
298 4
156 138
144 150
206 88
169 125
249 47
174 120
230 64
219 79
10 292
80 214
123 171
273 25
213 81
112 182
78 216
129 165
183 111
173 121
182 112
181 113
140 156
209 85
287 13
164 130
61 233
296 6
89 205
185 109
264 32
26 270
263 33
257 39
242 54
202 92
47 247
27 269
218 78
152 142
118 176
171 123
12 290
203 91
275 23
229 65
146 148
256 40
124 170
95 199
238 56
246 50
64 230
297 5
44 252
62 232
66 228
34 262
205 89
175 119
55 239
72 222
8 300
168 128
2 310
276 22
163 131
139 159
179 115
98 196
133 161
137 159
31 265
44 254
204 90
221 73
272 26
85 211
132 162
67 227
21 275
42 254
294 8
266 30
186 108
91 205
6 302
154 140
245 51
267 29
32 266
207 91
81 213
36 260
8 294
302 2
41 257
54 240
272 28
46 248
104 190
243 55
16 292
243 53
24 272
258 38
39 257
172 122
271 27
178 116
179 117
65 229
73 221
167 129
188 106
33 263
193 101
251 45
19 279
22 274
227 67
18 280
248 48
108 186
211 85
147 147
198 96
194 100
88 206
30 266
206 90
220 74
74 220
107 187
220 76
261 35
140 154
184 110
59 235
37 259
86 212
99 195
207 87
262 34
219 77
166 128
111 183
197 97
210 84
114 180
265 31
192 102
131 163
278 20
1 313
285 13
257 41
280 18
41 255
8 296
140 160
228 66
110 184
125 169
170 124
38 258
106 188
52 244
283 15
34 264
105 189
241 58
164 131
35 262
3 310
53 244
157 138
18 281
243 54
71 226
118 177
261 36
199 96
205 90
209 86
132 163
190 105
211 84
60 235
218 79
203 92
16 293
147 148
176 119
66 231
58 237
272 27
112 183
206 91
282 17
280 19
123 172
283 16
208 89
178 117
75 220
259 38
269 28
186 109
133 162
105 190
9 296
169 130
155 140
166 129
141 154
239 56
19 280
194 101
179 116
21 276
14 291
73 222
38 259
137 160
251 46
287 14
246 51
268 29
265 32
258 41
192 103
222 73
13 290
87 210
240 57
168 129
44 253
56 239
7 302
180 115
97 198
267 30
274 25
23 274
263 34
68 227
221 74
35 264
191 104
275 24
182 113
189 106
127 168
10 297
227 70
78 217
65 230
183 112
15 292
67 232
291 12
276 23
257 40
174 121
125 170
153 142
98 199
165 130
163 132
10 295
249 48
223 72
228 67
140 161
86 211
8 301
9 294
91 206
99 196
88 207
67 228
1 312
300 5
1 316
181 114
65 232
220 77
48 249
95 200
59 236
271 28
207 88
30 267
262 35
86 209
139 160
24 273
10 293
37 260
134 161
2 313
208 87
136 159
212 83
244 53
258 39
96 199
264 33
213 82
119 176
47 248
238 57
63 232
198 97
260 37
89 206
224 71
185 110
27 270
98 197
113 182
295 8
170 125
55 240
34 263
145 150
11 292
303 2
195 100
148 147
156 139
248 49
285 14
175 120
230 65
81 214
31 266
74 221
40 257
149 146
42 255
146 149
172 123
22 275
169 126
22 279
20 285
106 189
114 181
298 5
130 165
220 79
193 102
108 187
204 91
54 245
62 233
279 20
297 6
41 256
32 267
80 215
147 150
109 186
286 13
250 47
140 155
135 160
122 173
256 41
110 185
184 111
11 298
19 281
8 302
164 132
292 12
275 25
109 187
133 163
287 15
2 312
139 161
185 111
286 14
296 8
141 155
208 88
268 30
249 49
244 54
62 234
154 142
145 151
205 91
291 13
28 270
175 121
61 235
130 166
99 199
71 225
78 218
153 143
136 160
87 209
191 107
95 201
195 101
297 7
263 35
1 317
209 87
24 274
259 39
67 231
252 46
127 169
80 216
251 47
247 53
123 173
63 233
230 66
247 51
217 79
47 251
131 165
224 72
66 230
224 74
184 112
121 175
181 115
81 215
49 249
248 50
56 240
108 188
178 118
40 258
11 293
189 107
241 59
193 103
45 253
191 105
22 276
213 83
72 224
209 89
300 6
173 131
283 17
280 20
20 284
304 2
188 108
299 5
113 183
35 263
150 146
106 190
192 104
260 38
170 130
31 267
87 211
295 9
157 139
258 40
25 273
22 278
198 98
42 256
4 310
200 96
203 93
119 177
14 292
27 271
21 277
180 116
173 123
64 232
103 195
114 182
105 191
182 114
146 150
37 261
228 68
270 28
59 237
265 33
276 24
289 15
256 42
277 23
250 48
196 100
239 57
48 248
170 126
225 71
72 226
216 80
10 294
58 238
100 196
171 131
122 174
245 53
118 178
91 207
65 233
67 233
39 259
240 58
54 244
273 27
282 18
226 70
176 120
12 298
134 162
166 130
74 222
97 199
96 200
156 140
3 311
23 275
67 229
271 29
177 119
76 220
110 186
223 73
220 78
99 197
82 214
274 26
174 122
71 227
253 45
57 239
261 37
183 113
227 69
55 245
132 164
147 149
10 296
15 293
259 41
222 74
36 262
169 129
186 110
229 67
212 84
77 219
285 15
68 228
22 280
30 268
69 227
126 170
89 207
13 291
214 82
79 217
68 232
88 210
148 148
148 150
149 147
125 171
11 295
198 99
132 165
225 72
100 197
88 211
270 29
241 60
203 94
256 43
114 183
57 240
115 182
4 311
155 142
56 241
13 292
301 6
106 191
286 15
0 317
285 16
43 256
11 296
288 15
104 197
213 84
24 275
108 189
194 103
115 184
150 147
254 45
37 262
251 50
88 209
67 230
251 48
74 223
188 109
65 234
191 106
185 114
111 186
5 310
269 30
190 107
259 42
26 273
69 228
259 40
123 174
23 278
199 98
197 100
217 80
163 134
61 236
175 122
82 215
291 14
40 259
230 67
62 235
201 96
148 149
274 27
55 244
1 318
248 51
71 228
170 129
122 175
184 113
299 6
192 107
281 20
290 15
297 8
267 32
64 233
22 277
72 225
245 54
68 233
21 280
120 177
226 71
173 130
215 82
126 171
264 35
280 21
166 131
23 276
189 108
119 178
176 121
263 36
28 271
244 57
105 198
165 132
20 281
30 269
68 231
12 293
228 69
81 216
50 247
216 81
121 176
221 78
142 155
80 217
89 208
10 301
109 188
214 83
77 220
103 194
265 34
110 187
46 253
152 147
224 73
253 46
68 229
12 297
11 294
83 214
73 224
195 102
131 166
249 50
271 30
200 97
300 7
185 112
204 93
36 263
171 130
78 223
109 190
29 270
95 202
268 31
97 200
275 26
172 131
239 58
170 127
55 242
78 219
154 143
181 116
159 140
187 110
104 193
47 252
89 210
266 33
305 2
99 198
58 239
49 250
177 120
196 101
136 161
193 104
284 17
156 141
183 114
292 13
102 195
223 74
260 39
229 68
153 144
49 248
246 53
247 52
295 10
138 161
240 59
174 123
50 249
63 234
60 237
48 251
186 111
205 92
283 18
31 268
3 312
250 49
135 162
178 119
277 24
90 207
262 37
134 163
146 151
202 95
164 133
13 298
225 74
149 148
192 105
128 169
21 284
304 3
14 293
209 88
9 302
145 152
158 139
282 19
122 176
153 145
109 189
302 6
69 233
24 276
245 57
222 78
291 15
273 29
268 32
0 318
101 197
164 134
89 211
254 46
58 240
129 169
145 153
256 44
105 193
destination
