map
random512-25-2.map
pivot
465 483
agent & start
163 85
6 246
85 163
201 47
39 209
223 25
102 146
44 204
93 155
97 153
27 221
80 168
166 82
202 46
134 114
54 194
33 215
248 4
19 229
240 12
41 207
76 176
123 125
177 81
249 3
18 234
58 190
52 196
30 218
144 104
10 240
34 214
2 248
50 198
213 35
211 37
65 183
83 165
37 211
80 174
173 77
82 166
4 246
181 67
94 154
86 162
148 100
199 49
198 50
7 247
21 227
120 128
122 126
17 233
162 86
13 235
43 205
235 15
180 68
3 249
36 212
192 56
1 249
229 21
149 99
193 55
108 140
112 136
241 11
107 141
154 94
234 16
176 72
10 244
29 219
90 158
100 148
175 73
73 175
216 36
89 163
200 48
185 63
132 116
195 53
87 161
153 95
23 225
101 147
11 239
215 35
231 19
79 169
143 105
160 88
246 6
110 138
83 175
16 232
117 131
24 224
219 29
115 133
177 71
237 13
212 36
227 23
118 130
197 51
155 93
51 197
196 52
121 127
159 89
67 181
71 177
230 20
109 139
105 143
251 5
239 13
244 8
57 191
113 137
42 206
169 79
186 62
26 222
236 14
245 7
18 230
206 42
217 37
175 79
243 9
9 241
218 30
49 199
225 23
183 65
164 84
9 243
124 124
59 189
32 216
17 231
208 40
176 80
88 162
128 122
145 103
158 90
31 217
187 61
135 113
126 122
47 201
25 223
89 161
217 31
56 192
3 247
99 149
161 87
78 172
247 5
216 32
184 64
220 28
111 137
79 173
15 233
188 60
28 220
84 164
12 236
250 4
81 167
168 80
224 24
38 210
40 208
91 157
53 196
202 47
181 68
194 55
231 20
121 128
43 206
4 247
166 83
107 142
249 4
173 78
163 86
235 16
12 237
185 64
95 154
destination
