map
random512-30-1.map
pivot
15 231
agent & start
395 25
460 152
468 308
341 505
473 223
411 49
457 353
458 182
439 363
466 182
440 372
453 357
336 510
386 450
365 469
454 120
473 261
470 284
446 360
396 24
409 417
436 376
473 205
397 29
441 359
391 15
456 354
479 251
464 340
460 126
437 77
461 161
465 173
472 218
446 90
434 378
413 413
435 373
473 265
351 495
463 179
476 192
476 196
452 116
399 427
473 229
395 21
465 169
458 154
387 449
472 266
445 359
431 73
470 276
483 247
351 481
472 262
459 153
389 13
374 464
444 96
472 206
403 433
366 468
471 275
395 441
377 461
440 362
411 59
375 463
376 462
428 394
475 257
430 392
459 159
441 361
380 458
464 176
397 439
399 437
408 56
420 60
470 272
404 430
447 359
421 401
445 99
474 232
394 18
434 76
431 385
416 58
427 71
447 89
449 109
472 292
379 459
398 438
408 44
402 434
481 239
412 58
463 177
430 384
335 511
471 219
474 260
395 419
365 473
460 160
470 308
395 23
470 334
446 102
355 491
424 68
407 41
384 6
390 14
447 107
475 203
471 307
423 397
472 224
470 286
467 337
408 46
385 11
460 130
458 144
406 40
468 320
436 374
455 119
471 291
463 163
446 88
393 443
373 465
475 201
455 159
398 34
380 2
398 30
469 309
474 230
368 470
429 393
477 193
405 419
468 326
471 303
445 95
409 47
400 436
383 453
356 488
445 87
338 508
393 17
461 151
451 115
471 273
347 499
444 98
475 191
421 61
445 105
407 55
473 295
386 10
477 195
420 70
450 110
457 155
430 72
453 121
388 448
367 469
470 300
337 509
473 259
435 375
384 452
404 432
471 299
403 419
455 157
387 11
460 176
471 287
382 456
382 454
406 420
357 487
404 418
462 180
478 194
415 57
383 5
448 108
473 297
461 127
471 317
415 411
352 494
471 277
472 282
339 507
470 270
465 175
469 335
410 48
473 211
444 86
420 402
429 387
410 416
471 333
480 252
340 504
461 129
436 76
471 213
377 459
465 339
478 256
471 225
416 410
451 111
475 231
471 217
398 428
442 82
390 444
472 304
457 159
469 327
471 311
433 75
432 74
476 202
447 101
385 451
460 180
466 338
478 236
396 440
381 457
424 398
446 104
379 1
462 162
442 370
473 315
426 394
481 249
364 474
447 103
344 502
449 113
408 418
480 238
382 452
422 62
429 71
433 77
479 237
388 12
357 485
378 0
443 85
471 285
458 158
480 254
351 493
369 469
469 319
433 383
428 72
468 182
469 183
346 500
465 181
471 283
460 340
443 97
407 419
346 499
352 493
435 372
468 319
426 393
398 33
461 176
471 262
471 312
458 183
473 260
394 441
472 261
381 4
431 74
426 73
455 156
471 298
470 317
457 182
444 87
376 461
406 41
402 419
465 174
415 58
391 16
393 20
375 462
472 211
407 46
452 357
341 504
446 89
443 86
476 257
458 153
398 437
413 412
448 109
441 370
355 490
460 129
469 232
393 442
470 273
467 182
446 101
420 401
477 256
470 277
429 72
395 420
449 110
479 254
356 487
394 21
471 268
465 182
448 113
472 209
470 233
453 356
370 465
472 255
388 13
469 308
396 419
458 159
472 205
449 114
470 307
477 194
444 105
381 456
407 418
468 261
403 432
471 218
399 436
421 70
399 428
470 299
369 468
427 388
442 97
472 223
468 335
456 155
434 377
368 469
457 154
464 169
471 224
412 59
470 285
337 508
350 495
441 96
472 295
459 130
398 35
454 119
470 305
401 434
432 383
471 282
471 220
400 435
461 128
470 283
470 287
479 238
436 373
470 275
476 195
410 415
380 3
474 191
402 429
446 103
429 392
424 69
334 511
471 192
473 258
364 469
385 12
439 362
389 14
363 474
414 411
403 430
447 358
469 184
435 376
376 459
409 416
451 116
474 231
374 463
404 431
464 339
382 453
395 26
471 296
480 239
475 202
441 360
422 397
460 127
444 95
472 313
463 180
471 278
351 482
433 378
394 25
449 356
477 236
401 428
385 450
482 247
429 388
396 29
428 387
421 62
460 177
335 510
342 503
481 248
471 304
430 73
467 328
458 143
379 2
419 60
397 30
470 291
472 259
471 206
420 71
459 152
473 230
460 151
383 6
383 452
472 297
357 486
343 502
465 338
372 465
396 439
478 251
466 183
405 418
469 334
429 386
382 455
446 359
453 120
406 419
373 464
476 193
408 45
478 255
445 104
390 17
454 159
415 410
401 420
473 232
473 314
390 15
442 83
364 473
378 459
398 31
350 481
437 78
427 72
436 77
440 361
432 75
457 160
393 18
468 327
472 265
353 492
460 161
444 99
440 359
482 243
463 340
386 449
442 85
459 182
445 100
404 417
382 5
409 54
479 252
428 393
446 107
430 385
469 270
434 375
472 233
410 49
462 163
380 457
449 112
353 490
472 315
463 176
377 458
459 180
460 179
471 212
409 48
354 491
431 384
397 34
338 507
391 444
405 40
471 292
470 303
469 284
375 458
478 237
440 371
386 11
427 394
471 332
408 55
387 448
466 337
423 398
447 108
402 433
406 43
480 253
475 256
336 509
434 77
461 340
379 458
464 175
392 443
456 353
405 42
470 219
452 155
377 0
450 111
395 24
367 468
455 181
396 30
431 75
408 416
349 495
460 182
465 337
442 96
419 401
470 218
397 33
420 400
471 221
405 41
443 99
354 490
381 5
427 393
470 316
436 372
432 382
469 329
395 27
413 411
463 339
429 73
412 60
459 149
386 448
482 244
452 154
452 356
420 72
475 195
468 232
467 329
472 232
364 470
479 239
407 47
447 357
356 486
470 330
379 3
470 332
454 156
469 261
363 473
445 101
379 457
457 147
458 148
406 44
380 456
470 298
381 453
397 31
419 61
394 24
418 60
471 293
392 442
470 224
338 506
468 328
372 464
453 353
373 463
470 288
473 233
463 175
402 430
442 84
377 1
468 208
472 260
401 429
394 440
386 12
463 181
428 392
442 98
410 414
425 73
380 4
415 59
407 417
455 155
478 252
464 174
459 161
427 387
467 319
469 277
470 292
337 507
479 253
469 279
481 247
405 43
480 240
398 36
458 184
409 49
468 284
473 231
462 164
394 26
406 418
411 413
408 54
471 209
428 388
410 50
457 181
459 177
382 6
375 459
456 154
407 45
465 183
459 183
390 442
459 151
390 16
470 278
477 237
352 492
456 182
376 0
393 23
468 318
368 468
476 256
462 340
471 205
381 455
454 160
471 267
472 210
451 117
376 460
475 255
448 114
470 262
469 287
471 295
343 501
399 429
469 217
439 359
412 412
453 155
435 371
400 428
396 420
350 482
453 119
471 211
375 461
471 223
383 7
393 441
429 389
399 435
471 255
345 499
482 246
456 352
469 307
468 334
393 19
435 77
398 436
385 449
471 297
448 112
449 355
446 108
401 419
474 192
393 21
469 275
425 71
481 243
458 142
440 370
470 304
388 14
450 356
440 360
339 503
338 502
395 439
436 78
428 386
414 410
470 282
470 274
403 417
403 431
447 109
462 176
468 262
375 457
469 285
460 162
334 510
393 25
469 283
472 192
371 465
421 71
434 376
472 314
460 128
409 53
472 256
471 261
473 257
471 233
469 269
389 17
429 385
458 130
400 420
445 103
467 269
452 120
469 317
471 193
469 305
448 356
422 398
470 268
438 358
464 182
378 458
333 511
471 265
401 433
459 127
476 194
444 104
352 490
468 184
457 153
446 358
469 273
433 377
352 482
461 163
441 97
473 255
369 465
471 263
478 238
411 411
441 85
424 70
459 179
438 362
471 315
444 88
458 160
335 509
457 143
353 491
474 202
342 502
471 313
429 391
431 383
426 72
437 373
444 94
445 89
341 503
443 87
463 169
474 256
383 451
409 415
468 270
469 233
472 264
470 204
440 96
477 255
467 335
404 40
430 378
383 9
398 32
420 62
449 111
397 419
404 416
346 498
467 183
444 90
391 443
394 27
459 184
441 86
436 79
469 218
455 180
474 255
444 103
447 112
392 19
477 238
418 61
386 447
448 111
470 263
402 431
469 208
469 304
440 95
337 506
468 329
405 44
415 60
440 97
470 261
429 74
451 356
352 491
431 378
446 357
379 456
456 153
452 119
473 192
459 150
480 243
384 447
379 6
463 182
464 183
439 82
470 293
458 179
382 7
406 417
380 455
421 398
450 355
368 467
470 209
469 260
469 316
375 2
384 449
440 369
445 352
471 314
471 222
418 401
441 84
466 319
413 60
343 500
414 409
457 140
469 282
479 240
469 288
479 242
433 376
472 257
477 254
363 470
392 441
420 399
467 318
460 163
468 185
468 317
410 413
352 483
383 8
456 147
381 6
463 170
380 5
470 297
409 50
428 389
443 104
407 416
385 448
393 440
468 285
447 114
389 16
471 232
387 14
420 63
470 295
377 2
469 292
421 72
398 419
462 165
427 392
470 221
458 151
393 26
338 503
342 501
458 127
destination
