map
random512-25-1.map
pivot
454 157
agent & start
51 352
59 358
15 302
127 430
99 402
194 497
176 479
207 510
65 366
56 357
9 30
169 472
131 434
146 449
29 324
159 462
9 296
202 505
46 345
25 318
40 337
173 476
1 280
106 409
132 435
30 325
203 506
130 433
205 508
30 1
73 374
37 332
121 424
98 401
193 496
186 489
16 305
89 390
66 367
126 429
69 370
57 358
110 413
97 400
170 473
28 323
111 414
163 466
157 460
17 10
204 507
70 371
72 373
27 322
60 361
33 6
55 356
172 475
25 320
5 282
180 483
199 502
80 383
92 395
24 5
79 380
16 9
19 308
151 454
13 300
11 20
32 7
32 327
17 306
114 417
104 405
20 309
24 313
63 364
152 455
45 344
29 0
52 353
197 500
46 347
164 467
12 279
174 477
154 457
74 375
31 2
138 441
156 459
148 451
39 336
27 316
6 27
28 315
161 464
145 448
22 311
12 299
155 458
168 471
14 301
38 333
167 470
143 446
7 290
187 490
108 411
4 289
115 418
70 369
25 0
188 491
200 503
35 330
117 420
104 407
105 408
11 298
4 283
112 413
48 349
26 315
109 412
59 360
171 474
34 329
62 363
150 453
105 402
7 294
25 314
68 369
67 368
7 26
104 403
147 450
124 427
96 399
123 426
125 428
53 354
206 509
6 291
3 282
33 328
58 359
20 7
80 381
129 432
139 440
10 21
85 388
82 385
6 293
4 285
77 378
192 495
153 454
5 284
142 445
128 430
64 364
206 508
12 298
24 4
90 390
12 20
79 379
122 424
150 452
207 509
65 365
84 386
99 401
47 347
145 447
125 425
3 281
66 366
26 320
28 0
96 398
1 277
30 324
26 318
172 474
73 373
20 8
25 313
200 500
62 362
48 348
81 381
28 316
11 31
60 360
16 302
133 435
194 496
200 502
7 27
198 500
67 367
116 418
106 408
7 293
4 282
190 492
6 290
165 467
176 478
148 450
155 457
28 322
142 444
193 495
144 446
130 432
71 371
164 466
32 6
83 385
151 453
129 431
18 8
68 368
154 456
36 330
72 372
8 294
111 413
69 369
61 361
180 482
160 462
156 458
93 395
10 30
108 410
35 329
139 441
157 459
107 409
2 280
97 399
45 343
11 21
5 285
24 312
27 315
18 306
9 295
158 460
98 400
27 317
15 301
205 507
5 289
143 445
168 470
40 336
80 380
115 417
34 328
152 454
123 425
12 280
59 359
128 428
159 461
53 353
169 471
132 434
174 476
17 9
192 494
113 413
153 455
58 358
140 440
104 406
22 310
147 449
29 323
77 377
105 403
203 505
17 305
118 420
85 387
74 374
124 426
173 475
149 451
11 279
127 429
188 490
4 286
81 383
191 493
54 354
57 357
20 308
63 363
32 326
189 491
170 472
47 345
187 489
56 356
110 412
38 332
21 309
13 299
201 503
26 0
5 281
6 282
161 463
70 370
1 279
126 428
46 344
52 352
199 501
14 300
30 2
75 374
31 4
199 500
30 3
120 421
84 385
144 445
12 281
56 355
82 383
71 370
141 440
6 285
61 360
11 30
192 493
80 379
127 428
26 319
112 411
128 427
132 433
67 366
32 5
115 416
20 307
13 298
191 492
169 470
5 286
108 409
27 318
27 320
176 477
161 462
0 277
18 9
203 504
4 281
26 313
148 449
21 308
124 425
98 399
12 19
27 314
126 427
69 368
29 2
53 352
181 482
134 435
38 331
165 466
14 299
156 457
97 398
188 489
41 332
206 507
34 327
3 280
9 294
151 452
93 394
60 359
37 330
58 357
131 432
19 8
180 481
125 426
29 322
207 508
160 461
99 400
174 475
59 356
94 389
72 371
16 301
28 317
5 280
140 441
48 345
23 310
198 499
6 289
194 495
1 278
110 411
128 429
142 439
140 439
29 316
12 297
130 431
49 348
122 423
8 27
190 491
78 377
17 302
74 373
12 31
159 460
30 323
8 281
150 451
158 459
154 455
73 372
82 381
12 21
129 426
172 473
63 362
2 279
175 476
96 397
200 499
1 276
25 312
202 503
85 386
5 288
64 363
42 337
142 443
11 280
18 305
33 326
35 326
116 417
121 422
105 406
111 412
171 472
91 390
54 353
6 283
77 376
35 328
28 1
47 344
133 434
57 356
12 295
177 478
25 4
201 502
10 295
118 419
28 321
145 446
48 347
195 496
94 395
149 450
66 365
113 414
117 418
170 471
27 0
109 410
8 293
107 408
152 453
65 364
32 325
31 324
41 336
106 403
13 20
25 2
45 342
155 456
55 354
42 336
82 382
169 469
27 1
78 376
8 280
35 327
63 361
150 450
50 348
106 406
191 491
69 367
12 296
11 29
161 461
16 300
176 476
72 370
12 282
67 365
30 4
83 381
108 408
32 324
65 363
123 423
111 411
114 414
7 285
40 332
151 451
56 354
18 300
34 326
0 276
177 477
179 479
93 389
130 430
13 19
19 9
200 498
11 281
14 20
62 360
97 397
29 317
173 473
26 312
8 282
74 372
167 465
10 294
211 511
39 331
9 293
13 21
37 329
94 388
178 478
58 356
127 427
12 22
182 482
41 331
13 297
141 439
36 324
94 394
29 3
199 499
99 399
126 426
47 343
142 440
148 448
189 489
6 288
206 500
11 295
142 442
46 342
180 480
201 501
18 302
27 313
190 490
112 410
61 359
165 465
82 380
7 281
107 407
12 30
181 481
141 441
170 470
21 307
164 464
62 358
142 438
49 347
4 280
16 16
17 301
152 452
75 373
41 335
134 434
116 416
28 318
81 379
171 471
68 366
5 287
128 426
106 404
207 507
18 304
203 503
25 3
129 429
101 401
48 346
119 419
15 299
155 455
185 485
2 278
49 345
195 495
85 385
7 283
14 298
172 472
117 415
124 424
33 325
54 352
48 344
135 435
129 425
28 320
149 449
174 474
30 322
139 435
198 498
122 422
27 319
43 337
14 18
6 280
110 410
117 417
96 396
156 456
28 2
30 314
205 501
193 493
159 459
15 17
132 432
5 279
31 5
59 355
64 362
133 433
121 421
66 364
158 458
131 431
120 420
23 309
188 488
91 389
162 462
9 27
31 323
202 502
145 445
26 2
24 309
202 501
63 358
8 279
119 418
31 316
12 29
207 500
27 312
143 442
138 435
13 296
60 355
83 382
47 342
203 502
102 401
165 464
16 17
194 493
124 423
12 23
143 440
179 478
109 408
9 280
13 30
50 345
134 433
173 472
121 420
101 400
189 488
46 341
29 4
130 429
212 511
157 456
62 359
191 490
199 498
182 481
128 425
7 284
4 279
30 321
38 329
106 405
66 363
180 479
42 335
29 318
84 381
108 407
72 369
36 323
162 461
164 463
16 299
193 492
15 20
141 434
42 333
43 338
7 286
10 281
144 443
161 460
205 502
156 455
19 304
181 480
70 367
19 10
8 285
18 303
82 379
18 301
52 349
34 325
15 298
28 3
175 474
209 508
85 384
0 275
96 395
3 278
21 306
39 330
31 314
116 415
94 387
13 22
170 469
32 323
19 302
150 449
142 441
195 494
211 510
48 343
107 406
168 465
17 16
185 484
92 389
94 393
65 362
55 352
75 372
27 2
122 421
18 11
79 376
6 287
210 509
68 365
26 311
146 445
14 19
26 3
18 299
127 426
206 501
6 279
192 491
9 26
115 414
151 450
30 5
158 457
80 377
43 336
76 373
178 477
49 346
28 313
184 483
73 370
36 327
19 300
140 435
69 366
95 394
148 447
11 282
30 315
155 454
97 396
174 473
8 283
118 417
40 331
14 21
11 294
15 18
99 398
132 431
25 310
98 397
147 446
56 353
7 280
117 416
111 410
177 476
186 485
83 380
196 495
176 475
28 319
208 507
171 470
141 438
10 293
51 348
58 355
61 358
136 435
11 28
12 283
149 448
152 451
205 500
67 364
35 324
167 464
17 300
63 360
159 458
10 25
64 361
206 499
196 494
8 284
182 480
28 312
176 474
76 372
46 340
205 503
52 348
107 405
95 393
57 353
83 379
16 298
192 490
121 419
25 309
12 28
98 396
15 19
102 400
111 409
18 12
27 311
78 374
186 484
16 18
35 323
19 303
209 507
8 286
168 466
30 320
69 365
96 394
211 509
32 322
141 435
183 481
132 430
47 341
32 314
29 319
174 472
144 440
93 387
191 489
159 457
198 496
177 475
141 437
34 324
119 417
144 442
108 406
136 434
126 424
44 338
70 366
11 293
120 418
28 4
204 500
30 318
4 278
99 397
15 21
147 445
38 328
179 477
213 511
55 351
40 330
127 425
210 508
149 447
53 349
131 429
84 380
31 321
14 296
101 399
73 369
116 414
122 420
27 3
7 279
50 346
205 499
203 501
22 306
145 443
197 495
63 359
199 493
48 342
21 9
153 451
11 283
187 485
77 373
135 433
15 297
20 10
22 8
29 313
156 454
81 377
100 396
17 299
161 459
9 283
19 301
79 375
11 25
24 308
31 315
85 383
9 279
151 449
185 483
124 422
212 510
92 388
175 473
26 310
67 363
143 441
64 360
80 376
0 272
16 20
9 275
0 274
43 335
109 407
51 345
189 487
207 505
170 468
18 298
29 5
173 471
163 461
43 333
13 23
207 501
137 435
31 317
142 434
58 354
180 478
11 27
10 282
118 416
18 16
100 398
66 362
167 463
21 305
14 22
194 492
39 329
158 456
206 502
148 446
94 392
8 278
10 26
17 17
171 469
44 336
61 355
42 334
61 357
54 348
199 497
198 494
51 347
3 277
19 11
165 463
84 382
13 29
37 327
56 352
193 491
123 421
7 287
65 361
166 464
49 343
184 482
160 457
208 505
19 16
163 460
20 303
136 433
69 364
211 508
157 454
148 445
177 474
85 382
119 416
25 6
74 369
153 450
144 441
158 455
37 326
181 478
122 419
166 463
4 33
7 278
30 319
100 397
23 306
125 422
9 284
101 398
182 479
179 476
76 371
115 412
169 466
111 408
18 17
171 468
34 323
13 28
50 343
4 277
192 489
164 461
11 284
51 344
2 35
16 19
199 494
187 484
174 471
186 483
99 396
121 418
66 361
45 336
21 10
97 394
213 510
8 287
199 496
43 334
28 311
175 472
109 406
9 276
165 462
11 292
23 8
178 475
8 289
61 356
55 348
206 503
14 295
45 338
77 372
20 15
180 477
0 37
110 407
53 348
131 428
8 275
48 341
183 480
33 316
203 500
19 12
44 333
9 278
15 22
44 335
141 436
152 449
24 7
65 360
210 507
95 392
145 442
22 9
173 470
127 424
195 492
0 271
1 272
29 6
20 11
81 376
57 352
10 283
11 26
209 506
46 339
149 446
39 328
64 359
82 377
43 332
151 448
56 351
133 430
134 431
124 421
79 372
27 4
16 297
3 276
198 495
79 374
172 469
28 5
116 413
68 363
137 434
33 322
29 312
78 373
142 435
87 384
80 375
32 317
126 423
191 488
0 273
12 293
1 36
40 329
51 346
20 301
214 511
132 429
92 387
27 310
204 499
98 395
108 405
21 304
31 320
184 481
17 18
188 485
70 365
32 321
194 491
26 309
38 327
154 451
207 504
200 493
202 499
47 340
24 307
14 23
17 298
58 353
73 368
196 493
46 337
102 399
32 315
162 459
190 487
31 318
26 5
84 379
96 393
207 502
14 24
165 461
179 475
173 469
212 508
27 309
160 456
68 362
175 471
134 430
111 407
172 468
49 341
170 466
145 441
70 364
4 276
214 510
14 294
11 285
101 397
209 505
10 284
164 460
8 276
21 301
208 504
42 330
143 437
194 490
82 376
88 384
116 412
78 372
180 476
32 318
148 444
133 429
163 459
66 360
65 359
51 343
24 306
190 486
52 344
178 474
45 335
96 392
9 277
74 368
184 480
1 273
127 423
25 7
39 327
86 380
7 277
86 382
182 478
2 272
41 329
202 498
22 10
23 9
15 23
50 342
67 361
102 398
17 19
161 457
159 455
152 448
174 470
132 428
210 506
151 447
185 481
12 292
0 268
46 336
200 494
2 36
157 453
213 509
110 406
76 370
33 315
15 295
79 373
11 291
183 479
1 271
5 33
171 467
135 431
19 17
1 37
99 395
20 14
187 483
197 493
191 487
22 304
26 6
136 430
142 436
46 338
137 433
215 511
17 297
114 410
31 319
44 334
199 495
21 11
34 322
149 445
112 408
34 314
2 38
192 488
58 352
162 458
154 450
24 8
203 499
28 310
83 377
115 411
21 303
120 416
34 316
125 421
87 383
158 454
23 305
9 289
33 321
8 288
20 16
189 485
196 492
150 446
44 332
207 503
85 379
2 274
12 26
0 38
27 5
43 331
62 356
3 275
45 331
52 346
195 491
32 320
13 27
91 387
47 339
166 462
97 393
38 326
122 418
4 34
109 405
55 349
156 452
53 347
126 422
81 375
28 6
3 35
177 473
129 423
29 311
30 312
153 449
80 374
89 385
200 496
57 351
19 13
181 477
0 270
90 386
48 340
211 507
155 451
174 468
188 484
176 472
149 443
0 39
175 468
47 336
186 481
135 430
11 290
132 427
178 473
3 38
16 295
78 371
81 374
104 399
53 346
179 474
144 435
201 496
4 35
115 410
2 273
51 342
166 461
197 492
20 17
33 318
19 18
157 452
66 359
103 398
149 444
48 339
121 416
98 393
137 432
152 447
89 384
163 456
32 319
213 508
109 404
40 327
211 506
6 277
165 460
20 13
184 479
69 362
201 494
10 289
188 483
45 334
123 418
74 367
158 453
156 451
90 385
13 26
68 361
143 436
146 441
87 382
122 417
174 469
215 510
18 19
75 368
34 321
21 302
210 505
41 328
44 331
200 495
53 344
0 267
83 376
99 394
21 12
67 358
2 37
24 9
171 466
39 326
133 428
137 430
42 329
72 365
33 320
29 310
117 412
17 296
25 306
154 449
188 481
23 304
27 6
58 351
0 269
187 482
5 34
28 309
91 386
148 443
34 315
12 291
28 7
10 277
23 10
160 455
30 311
35 316
161 456
181 476
147 442
3 274
174 467
196 491
26 7
15 28
50 341
92 385
150 445
63 356
80 373
216 511
195 490
111 406
5 276
102 397
162 457
43 330
86 381
114 409
191 486
130 423
45 330
175 470
97 392
183 478
173 468
9 288
7 276
13 292
67 360
128 423
86 379
177 472
138 433
1 268
65 358
163 458
84 377
56 349
36 313
203 498
185 480
194 489
2 271
3 272
151 446
192 487
70 363
15 24
46 335
35 314
144 437
34 317
208 503
85 378
189 484
10 285
193 488
77 370
176 471
113 408
15 294
76 369
47 338
126 421
127 422
6 33
209 504
71 364
131 426
96 391
77 369
196 490
160 454
40 324
119 413
193 487
18 296
194 488
125 419
128 422
189 483
163 457
39 325
22 12
16 294
75 367
21 13
20 18
167 461
30 310
67 359
137 431
63 355
126 420
201 495
70 362
6 276
1 267
202 494
35 321
105 399
40 326
211 505
164 458
102 396
188 482
131 425
115 409
28 308
185 479
86 376
0 40
183 477
187 481
209 503
78 370
81 373
91 385
26 8
134 428
14 292
210 504
171 465
158 452
5 35
68 360
53 343
65 357
178 472
10 286
217 511
156 450
23 11
72 364
202 496
37 313
175 469
35 315
33 319
124 418
2 270
153 447
27 307
180 474
98 392
73 365
154 448
139 429
58 350
22 302
162 456
19 297
130 424
44 330
109 403
16 28
135 429
108 400
64 356
138 432
48 338
174 466
155 449
92 384
12 290
188 480
132 426
49 339
147 441
215 509
25 9
76 368
87 381
189 481
186 480
127 421
90 384
100 394
34 318
19 19
203 497
4 274
36 314
14 26
15 293
197 491
46 334
78 368
31 309
152 446
24 10
114 408
71 363
84 376
182 476
179 473
97 391
83 375
69 361
53 345
23 303
96 390
150 444
117 411
3 271
165 459
99 393
184 478
111 405
6 34
85 377
26 306
122 416
86 378
166 460
15 25
133 427
103 397
21 17
49 335
11 277
22 14
157 451
191 485
66 358
104 398
177 471
161 455
113 407
88 382
101 395
47 335
70 360
145 435
59 351
17 295
42 328
15 27
148 442
11 289
110 404
146 440
123 417
13 291
176 468
214 508
3 37
144 436
89 383
1 269
212 506
10 288
51 341
57 349
27 7
3 273
5 275
151 445
190 484
22 16
173 467
16 25
190 483
110 403
102 395
126 419
34 319
19 296
86 377
36 315
82 373
145 436
64 355
91 384
189 482
40 325
0 41
23 16
5 274
31 308
73 364
182 475
160 453
0 261
115 408
152 445
210 503
196 489
186 479
216 509
131 424
156 447
27 306
103 396
101 394
147 440
148 441
125 418
116 409
42 327
146 435
12 289
105 398
78 367
138 431
16 291
169 462
88 381
20 297
25 10
54 345
45 328
24 11
78 369
139 430
35 320
214 507
26 11
26 305
26 9
65 356
202 495
204 497
6 275
197 490
63 354
151 444
5 36
90 383
51 340
2 267
176 469
2 269
50 339
159 452
133 426
157 450
29 308
28 307
10 287
22 17
124 417
113 406
7 34
123 416
59 350
85 376
37 314
177 470
23 302
69 360
21 18
114 407
138 429
177 468
198 491
13 290
48 337
23 14
120 413
41 324
57 348
203 496
194 487
70 359
106 399
23 12
22 13
139 428
76 367
71 362
81 372
187 480
58 349
172 465
44 329
164 457
99 392
11 288
212 505
27 8
167 460
190 481
135 428
15 292
180 473
108 399
86 375
218 511
178 471
6 35
48 335
139 432
66 357
162 455
211 504
3 270
46 333
109 402
18 295
132 425
193 486
4 273
79 370
2 41
2 265
108 401
16 27
107 400
20 19
97 390
181 474
217 510
53 342
158 451
209 502
119 412
117 410
68 359
184 477
70 361
40 323
165 458
17 294
118 411
100 393
155 448
30 309
191 484
87 378
16 293
153 446
188 479
54 343
4 271
4 37
15 26
202 493
183 476
173 466
11 276
3 264
47 334
84 375
112 405
49 336
128 421
189 480
18 294
191 481
69 359
14 290
59 347
54 342
11 287
180 472
43 327
194 486
170 462
184 476
117 409
36 320
203 493
157 447
47 333
212 504
42 326
190 478
50 336
160 452
172 464
177 469
151 443
73 363
203 495
98 390
23 13
7 35
5 271
30 308
39 323
3 41
24 12
0 42
102 394
99 391
198 490
132 424
80 370
2 42
147 439
55 345
153 445
56 346
122 414
131 419
211 503
72 362
13 289
101 393
88 380
17 27
19 295
3 269
3 265
110 402
156 448
82 372
118 410
124 416
20 298
78 366
157 449
185 477
202 492
77 367
57 347
45 327
154 446
111 403
37 321
6 274
15 291
183 475
104 396
140 432
165 457
26 10
191 483
0 260
89 377
195 487
162 454
24 302
215 507
27 9
107 399
119 411
140 430
62 350
26 304
112 404
109 401
76 366
182 474
23 301
2 264
136 428
214 506
100 392
161 453
186 478
41 325
42 324
129 421
8 34
17 291
193 485
158 450
149 441
61 351
146 438
43 323
16 26
71 361
53 341
48 334
21 297
62 352
6 270
5 37
197 489
87 377
91 383
146 436
74 364
6 36
58 348
116 408
24 16
150 442
25 11
12 288
49 337
106 398
189 479
139 431
23 17
50 338
135 427
65 355
190 482
168 460
216 508
134 426
27 305
23 15
88 378
44 328
79 369
196 488
22 18
3 267
0 262
60 350
179 471
123 415
5 273
20 296
28 306
120 412
204 496
219 511
133 425
16 290
37 315
66 356
124 414
70 358
166 458
169 461
114 406
103 395
31 307
217 509
85 375
35 319
113 405
20 20
210 502
148 440
41 323
199 491
63 353
12 276
59 349
126 418
52 340
16 292
105 397
187 479
138 428
173 465
102 393
157 448
171 462
89 376
188 477
126 417
3 40
12 275
21 20
151 442
25 16
51 336
2 263
15 290
134 425
101 392
63 352
179 470
91 382
135 426
7 274
127 418
164 455
158 449
51 338
60 349
199 490
217 508
136 427
111 402
38 321
24 15
14 289
218 509
24 17
121 412
193 484
44 323
163 454
4 39
187 478
178 469
56 345
169 460
16 289
61 350
183 472
25 302
39 322
69 358
153 444
114 405
24 21
131 420
212 503
18 293
185 476
6 273
88 379
113 404
2 261
204 495
194 485
152 443
37 316
62 351
202 491
165 456
85 374
12 287
26 303
4 269
24 13
60 347
210 501
19 294
141 432
42 325
3 266
23 300
65 354
52 339
195 486
125 416
150 441
197 488
22 297
21 298
27 10
9 34
97 388
3 268
123 414
100 391
184 475
192 483
162 453
168 459
119 410
27 304
75 364
191 482
54 341
140 431
21 296
216 507
214 505
6 271
159 450
198 489
130 421
130 419
48 333
186 477
98 389
43 326
20 295
146 437
148 439
24 301
6 37
196 487
203 492
112 403
0 43
205 496
66 355
0 47
30 307
18 27
77 366
154 445
1 262
28 9
72 361
107 398
7 36
36 319
173 464
83 372
110 401
205 492
41 322
43 322
80 369
200 491
43 324
74 363
28 305
182 473
172 463
160 451
25 12
13 288
149 440
89 380
137 428
104 395
73 362
58 347
57 346
181 472
88 377
167 458
29 306
17 26
50 337
22 299
5 270
17 292
189 478
6 269
84 373
204 493
115 406
22 19
1 260
44 327
105 396
78 365
132 423
166 457
67 356
124 415
53 340
122 413
118 409
147 438
1 42
82 371
197 486
190 477
37 320
56 341
81 370
55 342
219 510
116 407
201 492
141 431
29 305
18 26
56 340
18 292
72 360
99 389
37 317
142 432
8 36
201 491
27 303
210 500
42 322
57 345
172 460
26 302
215 505
155 445
26 16
64 352
25 13
105 395
119 409
23 299
14 288
184 474
161 451
88 376
103 393
65 353
53 339
76 364
12 286
57 339
97 387
39 321
6 272
107 397
28 304
21 295
170 460
0 48
186 476
23 19
24 300
197 487
25 17
1 259
48 332
135 425
164 454
25 301
147 437
43 321
23 21
24 20
2 262
19 293
205 493
196 486
204 494
165 455
41 321
189 477
63 351
127 417
205 495
213 503
54 340
192 482
3 261
83 371
114 404
198 488
1 43
73 361
60 348
182 472
102 392
12 274
149 437
38 320
173 463
91 381
195 485
104 394
106 396
202 490
23 297
167 457
212 502
151 441
55 341
24 18
51 337
0 258
136 426
90 380
129 419
206 492
199 489
44 324
22 20
134 424
13 287
171 461
22 298
0 44
193 483
174 464
200 490
15 289
84 372
153 443
183 473
81 369
131 421
25 15
74 362
101 391
125 415
203 491
4 266
9 35
205 491
74 360
30 306
4 268
85 373
148 438
56 342
159 449
4 40
152 442
130 418
126 416
19 23
113 403
77 365
162 452
66 354
28 10
52 338
115 405
154 444
82 370
132 420
160 450
6 38
7 37
0 46
5 39
67 355
89 375
44 326
190 476
217 507
111 401
21 21
121 411
120 410
7 273
57 341
158 448
61 349
208 498
166 456
5 269
137 427
133 423
185 475
89 379
117 407
172 462
206 490
52 336
100 390
163 453
181 471
75 363
208 488
169 459
58 346
69 357
43 325
98 388
218 508
92 382
187 477
149 439
219 509
179 469
123 413
112 402
36 318
68 355
194 483
1 44
208 489
88 375
200 489
29 304
21 22
4 261
43 320
92 381
9 36
100 389
26 301
38 319
82 367
135 424
209 498
7 38
10 35
207 492
173 460
142 431
7 272
74 361
155 444
19 26
151 440
25 14
1 258
170 459
86 373
90 379
0 45
49 332
160 449
25 300
67 354
52 337
24 19
111 400
84 371
218 507
137 426
136 425
32 311
28 303
23 296
96 385
104 393
2 259
153 442
76 357
23 298
162 451
6 39
119 406
5 40
199 488
95 384
8 37
72 359
5 266
26 13
101 390
149 438
38 317
118 407
115 404
24 297
206 491
42 321
57 342
172 461
44 325
206 493
184 473
20 293
182 471
29 10
5 268
202 489
8 273
83 370
210 499
18 25
205 494
85 372
93 382
121 410
97 386
143 432
211 500
132 421
129 418
217 506
150 439
189 476
116 405
3 260
50 333
25 18
134 423
22 21
169 458
107 396
58 345
58 339
20 23
195 484
201 490
126 415
64 351
198 487
55 340
127 416
1 48
119 408
94 383
212 501
148 437
30 305
215 504
204 491
203 490
174 463
14 287
219 508
82 369
181 470
19 292
120 409
0 49
48 331
11 274
75 360
15 288
90 373
159 448
216 505
53 338
213 502
19 24
122 411
106 395
61 348
206 489
53 336
173 462
105 394
24 299
214 503
40 321
180 469
207 488
8 271
69 356
163 452
128 417
57 340
91 380
193 482
0 257
75 362
15 30
113 402
167 456
190 475
37 318
89 374
25 20
108 397
187 476
196 485
21 294
123 412
168 457
26 17
185 474
77 364
208 497
220 509
3 262
103 392
133 422
99 388
164 453
13 286
166 455
65 352
210 498
7 39
136 424
116 404
138 426
211 499
164 452
215 503
90 378
162 450
174 462
23 295
99 387
114 402
43 319
155 443
17 29
113 401
100 388
142 430
6 40
112 400
119 407
165 453
15 287
195 483
53 335
54 338
31 305
26 20
82 368
19 25
208 490
160 448
68 354
123 411
29 303
29 11
12 34
206 488
25 19
217 505
97 385
161 449
77 357
220 508
76 362
193 481
105 393
38 318
72 358
25 297
28 12
127 415
34 312
26 14
113 397
1 257
75 359
63 349
201 489
90 374
209 489
54 334
209 497
145 431
134 422
89 373
53 337
50 332
8 38
185 473
3 43
214 502
8 272
167 455
86 372
4 42
150 438
1 45
20 24
181 469
219 507
143 431
121 405
14 286
207 495
133 421
119 405
66 352
44 320
171 459
106 394
125 413
42 320
69 355
173 461
182 470
49 331
206 494
88 374
32 310
187 475
75 357
148 436
204 490
0 50
57 343
24 298
65 351
70 356
33 311
84 370
141 429
26 300
145 433
77 363
22 22
174 460
144 432
85 371
96 384
21 293
55 339
92 380
196 484
199 487
128 416
20 292
137 425
22 294
101 389
207 491
112 398
95 383
8 270
208 496
94 382
45 325
180 468
30 10
107 395
121 409
120 406
163 451
54 336
120 408
169 457
51 333
179 467
153 441
52 334
4 262
103 391
221 509
159 447
107 393
83 367
59 345
109 397
129 417
170 458
207 487
205 489
102 390
15 31
154 442
1 49
200 488
3 259
58 342
9 37
207 493
30 304
16 30
135 423
11 35
151 439
75 361
2 44
212 500
122 410
189 475
91 373
186 474
5 267
87 373
10 274
2 258
176 464
27 17
40 320
62 348
58 340
98 386
188 475
111 398
28 13
21 24
91 378
117 404
146 433
176 463
148 435
65 350
166 453
116 403
13 34
135 422
86 371
85 366
208 493
68 353
154 441
162 449
218 505
16 287
64 349
98 385
138 425
163 450
153 440
46 325
77 358
53 334
4 259
146 431
62 347
54 337
66 351
220 507
40 319
39 318
9 270
5 262
106 393
59 342
34 311
33 310
156 443
60 345
214 499
205 488
7 268
26 297
58 343
160 447
9 38
70 355
136 423
124 411
96 383
196 483
171 458
113 398
97 384
121 408
122 409
186 471
19 290
30 303
183 470
8 39
24 295
28 17
113 400
47 324
2 257
74 357
100 387
121 404
4 263
7 40
25 298
51 332
83 366
102 389
12 35
26 299
207 494
137 424
182 469
204 489
121 406
169 456
104 391
55 338
27 18
11 36
22 23
10 273
76 359
129 416
112 399
54 333
159 446
2 51
4 43
63 348
15 286
193 480
120 405
16 31
83 368
216 503
42 319
35 312
6 261
45 320
52 333
27 14
88 373
113 396
3 44
209 496
99 386
219 506
6 267
222 509
208 491
167 454
9 272
20 291
209 490
180 467
179 466
5 42
134 421
185 472
213 500
168 455
221 508
127 414
17 30
77 362
2 45
125 412
201 488
200 487
208 495
122 405
14 285
92 379
145 432
126 413
174 461
76 361
118 405
143 430
49 330
151 438
59 340
140 427
198 485
142 429
23 294
187 474
164 451
141 428
20 25
33 308
50 331
119 404
101 388
0 51
1 50
211 498
30 11
93 380
82 365
67 352
6 41
206 487
3 258
108 393
145 430
120 407
29 12
108 395
103 390
32 305
152 439
115 402
212 499
94 381
26 19
91 374
214 501
8 269
170 457
84 369
72 357
186 473
59 344
10 37
128 415
215 502
110 397
22 293
114 401
18 29
177 464
43 318
95 382
33 309
113 399
126 410
7 41
162 448
52 332
187 473
186 472
143 429
130 416
163 449
13 35
5 43
115 401
211 497
193 479
18 288
108 392
200 486
0 62
100 386
214 500
160 446
204 488
86 370
10 272
14 34
84 368
161 447
71 355
10 38
87 371
147 433
149 435
93 379
209 491
102 388
69 353
20 290
65 349
114 400
218 504
215 501
172 458
8 40
21 291
28 14
32 304
216 502
180 466
116 402
6 260
21 25
8 268
96 382
31 303
50 330
222 508
181 467
30 302
22 24
151 437
34 310
35 311
119 403
95 381
167 453
85 365
73 357
3 257
106 392
28 16
1 51
208 494
64 348
165 451
182 468
27 15
118 404
29 17
94 380
111 397
198 484
31 11
59 343
46 326
121 407
169 455
32 10
140 426
209 495
170 456
23 293
46 324
77 359
123 409
92 374
205 487
2 52
175 461
164 450
6 262
108 394
91 377
92 378
126 412
85 369
183 469
201 487
103 389
176 462
99 385
217 503
4 258
197 483
5 263
59 341
129 415
188 474
30 12
88 372
112 396
28 18
29 13
7 267
6 42
27 297
7 261
9 269
26 298
8 42
155 441
159 445
56 338
199 485
122 406
26 296
3 45
23 23
15 285
187 471
3 49
10 270
156 442
109 393
27 299
19 289
22 292
154 440
27 19
82 364
144 430
146 430
60 344
185 471
98 384
166 452
49 329
68 352
110 396
105 391
51 331
127 413
152 438
55 337
18 30
16 32
124 410
25 295
186 470
117 403
142 428
179 465
77 361
137 423
66 350
122 404
171 457
60 342
184 470
141 427
42 318
12 36
210 496
177 461
45 321
63 347
17 31
135 421
53 333
146 432
128 414
15 33
109 395
14 284
40 318
34 308
139 425
178 464
213 499
81 365
84 366
47 325
16 286
33 9
41 319
107 391
72 356
101 387
219 505
24 294
221 507
83 365
120 404
19 29
101 386
4 49
85 368
10 269
222 507
106 391
27 298
165 450
61 344
200 485
3 256
143 428
71 354
204 487
8 41
6 263
88 371
152 437
14 283
11 270
184 469
164 449
42 317
20 289
35 310
209 494
217 502
140 425
98 383
9 262
125 410
19 288
77 360
60 343
161 446
127 410
122 403
196 481
215 500
201 486
172 457
87 370
103 388
30 17
129 414
5 44
170 455
167 452
84 365
141 426
53 332
188 473
26 295
123 408
6 43
1 52
28 19
150 435
0 61
112 395
7 260
124 409
16 33
68 351
32 303
8 267
142 427
168 453
109 394
34 307
147 430
210 495
22 291
180 465
159 444
51 330
6 259
27 296
99 384
105 390
93 378
39 314
123 406
19 30
3 46
185 470
95 380
22 25
183 468
160 445
21 290
3 48
46 321
46 323
223 506
36 311
83 364
50 329
15 34
31 12
70 353
10 271
114 399
157 442
130 415
92 375
45 322
108 391
13 36
40 317
122 407
116 401
17 32
210 491
73 356
177 462
35 308
16 285
34 309
5 258
4 257
149 434
122 401
28 15
1 62
192 477
33 10
109 392
220 505
20 27
117 402
29 16
0 59
41 318
155 440
32 11
0 53
110 395
212 497
7 266
221 506
96 381
23 292
144 429
81 364
7 42
147 432
47 326
60 341
10 39
226 511
197 482
30 13
11 272
182 467
111 396
39 316
178 463
162 447
17 286
156 441
23 24
223 508
138 423
193 478
213 498
9 268
33 304
176 461
24 293
135 420
56 337
66 349
18 287
21 26
78 361
91 376
119 402
94 379
171 456
34 9
118 403
64 347
187 472
199 484
120 403
127 412
30 301
219 504
29 18
154 439
23 25
155 439
175 459
24 292
12 272
149 433
200 484
93 377
10 40
109 391
173 457
125 409
159 443
65 347
22 290
157 441
41 317
138 422
71 353
31 13
81 363
201 485
227 511
32 302
197 481
103 387
176 460
161 445
198 482
214 496
23 291
203 487
1 253
92 376
129 413
22 26
30 300
141 425
211 491
52 330
163 447
20 28
4 48
31 301
226 510
15 35
14 282
158 442
144 428
166 450
66 348
165 449
188 472
12 270
170 454
33 303
9 41
117 401
189 473
110 394
217 501
174 458
123 401
33 11
8 266
7 265
178 462
51 329
169 453
24 24
28 298
9 267
152 436
148 432
0 58
10 268
48 326
68 350
30 14
151 435
225 509
224 506
56 336
37 311
53 331
1 53
162 446
223 507
116 400
73 355
29 299
28 296
36 310
221 505
29 19
9 261
27 295
212 496
16 284
39 315
19 287
135 419
19 31
7 259
115 399
176 458
118 402
34 10
17 33
0 54
180 464
181 465
61 343
192 476
38 312
179 463
224 508
50 328
28 20
67 349
123 407
128 410
182 466
87 369
88 370
213 497
7 43
46 322
8 262
35 307
14 36
11 269
6 258
83 363
11 271
196 480
89 371
137 421
20 288
184 468
32 12
210 492
143 427
94 378
85 363
204 486
128 412
30 18
13 37
1 61
13 273
5 257
1 59
106 390
16 34
168 452
218 502
148 430
4 256
2 254
130 414
86 368
64 346
122 402
62 344
219 503
72 354
34 304
61 341
216 500
120 402
111 395
99 383
131 415
160 444
0 60
8 260
185 469
3 255
171 455
17 285
21 27
5 49
110 392
40 314
39 313
29 15
96 380
35 309
97 379
102 386
193 477
6 44
18 286
78 360
124 408
7 263
95 379
40 316
136 420
172 456
156 440
18 32
100 384
3 47
199 483
210 494
84 364
139 423
20 287
99 382
155 438
97 378
66 347
4 255
62 343
7 264
189 472
18 33
1 60
0 249
8 259
13 270
95 378
133 416
29 20
162 445
8 263
47 322
31 14
129 412
31 300
157 440
176 459
139 422
3 254
89 370
14 269
194 477
9 260
102 385
19 286
15 278
81 362
35 306
93 376
197 480
118 401
172 455
179 462
140 423
168 451
74 353
137 420
213 496
6 257
30 299
88 369
202 485
22 289
24 25
53 330
166 449
0 57
33 12
23 290
221 504
41 316
61 340
225 508
116 399
30 15
141 422
10 261
69 350
31 18
2 59
219 502
36 309
135 418
2 253
174 457
163 446
211 492
104 387
169 452
9 266
51 328
1 246
1 252
5 48
125 408
36 307
85 362
226 509
25 24
166 447
67 348
32 301
194 473
105 388
71 352
149 432
216 499
165 448
10 41
200 483
152 435
148 431
111 394
120 401
217 500
227 510
14 273
4 47
159 442
28 295
149 430
160 443
19 284
49 326
7 44
74 355
173 456
39 312
29 298
17 284
117 400
101 384
65 346
102 383
18 285
24 289
30 19
96 379
11 40
106 389
201 484
211 494
175 458
170 453
10 267
103 386
127 408
73 354
56 335
203 486
136 419
196 479
84 363
124 407
1 54
5 256
167 450
25 292
94 377
55 332
40 315
225 506
13 272
145 428
16 283
144 427
14 281
1 58
34 303
182 465
40 313
15 36
212 495
185 468
141 424
110 391
22 27
6 45
128 411
37 310
12 271
1 248
123 402
170 451
11 268
68 349
228 511
131 414
19 32
87 368
184 467
222 505
154 437
38 311
199 482
8 265
151 434
124 401
111 392
16 35
218 501
21 28
54 331
214 497
224 507
23 26
50 327
130 413
153 436
109 390
14 37
26 293
35 10
193 476
138 421
5 46
79 360
228 509
63 344
29 296
204 485
180 463
17 283
186 468
2 58
24 26
225 507
62 340
12 40
29 297
1 57
8 258
228 510
167 449
34 12
137 419
106 388
82 362
14 270
213 495
52 328
88 368
115 397
79 359
129 411
193 473
59 337
160 442
125 401
64 344
12 268
38 310
41 315
196 478
74 354
10 42
127 407
20 32
103 385
203 485
152 434
138 420
154 436
222 504
202 484
118 400
6 256
102 384
199 481
94 376
211 493
10 266
3 253
140 422
72 352
155 437
16 274
75 355
24 290
31 19
135 417
60 338
84 362
15 269
212 494
180 462
194 472
181 463
158 440
65 345
175 457
23 289
33 13
174 456
53 329
16 36
110 390
133 415
51 327
190 472
67 347
126 408
69 349
2 252
56 334
116 398
117 399
9 259
197 479
227 509
2 60
54 330
161 443
55 331
100 382
134 416
26 24
0 250
177 459
15 277
185 467
166 448
14 280
10 260
11 41
13 269
9 265
18 284
27 23
2 246
132 414
14 272
29 21
8 264
172 454
15 37
1 55
165 447
16 278
66 346
25 291
169 451
41 313
71 351
146 428
1 245
5 255
6 46
32 14
49 325
219 501
36 306
200 482
9 43
111 391
142 424
48 322
28 22
163 445
34 302
80 360
130 412
16 38
31 15
111 393
19 33
4 254
56 332
15 279
156 438
25 289
73 353
33 301
35 11
217 499
27 293
19 285
31 299
28 294
104 386
173 455
8 44
145 427
89 369
5 47
226 508
13 271
157 439
107 389
32 300
102 382
30 298
112 392
24 288
212 492
215 497
183 465
22 28
1 249
141 423
170 452
16 282
194 476
179 461
153 435
124 402
20 286
37 309
7 45
229 511
96 378
125 407
40 312
85 361
18 34
120 400
149 431
1 247
15 281
26 292
131 413
63 343
105 387
195 476
27 24
15 272
8 45
1 240
164 445
192 473
4 253
26 25
60 337
10 265
150 431
90 369
115 396
55 330
7 256
84 361
220 501
36 11
82 361
104 385
2 55
41 312
140 421
35 302
13 268
198 479
20 33
160 441
199 480
229 510
37 306
175 456
94 375
138 419
3 54
15 280
34 301
38 309
51 326
33 18
27 292
43 316
95 376
23 28
5 254
174 455
75 354
14 271
193 472
161 442
61 338
30 297
145 426
227 508
173 454
153 434
16 279
16 37
132 413
112 393
172 453
196 477
52 327
108 389
64 339
66 345
114 391
33 14
127 406
112 391
30 21
35 12
80 359
103 384
165 446
57 332
70 349
101 382
57 334
17 282
28 293
16 277
142 423
24 27
11 266
9 264
67 346
226 507
110 389
88 367
167 448
73 352
135 416
180 461
121 400
4 51
217 498
72 351
28 23
181 462
106 387
2 251
3 60
178 459
3 248
11 42
179 460
23 288
25 290
8 257
139 420
38 307
31 20
16 39
85 360
43 312
189 470
202 483
53 328
33 298
48 323
81 360
131 412
12 41
171 452
15 270
2 247
16 275
218 499
155 436
49 324
32 15
194 475
25 26
113 392
96 377
127 400
168 449
162 443
185 466
212 493
136 417
17 274
111 390
86 361
105 386
17 278
118 399
203 484
59 336
200 481
213 494
190 471
125 406
216 497
18 283
64 343
187 468
26 291
17 36
54 329
22 29
3 252
1 56
15 38
19 34
169 450
191 472
130 411
0 241
230 511
42 315
20 285
157 438
33 300
56 333
156 437
1 250
10 43
68 347
71 350
11 260
62 339
1 244
26 289
126 407
184 465
125 402
158 439
219 500
154 435
9 258
31 16
18 35
159 440
29 22
137 418
213 492
6 47
133 414
116 397
9 44
40 311
223 504
32 299
124 403
39 310
3 58
147 428
2 245
220 500
222 502
2 250
189 469
10 258
73 351
23 287
89 367
54 328
132 412
163 443
17 275
174 454
188 468
129 399
111 389
83 361
34 300
114 392
154 434
15 271
2 244
13 261
60 336
218 498
6 254
50 324
53 327
4 58
9 45
32 298
37 11
0 242
173 453
12 42
33 299
9 257
171 449
10 264
126 402
118 398
34 18
192 472
16 272
57 329
145 425
69 347
70 348
213 493
29 23
119 399
43 313
14 40
44 312
63 339
16 280
57 333
201 481
3 53
6 50
7 255
15 39
4 246
56 330
38 308
16 270
26 290
19 35
164 444
84 360
105 385
125 403
216 496
26 26
28 292
41 311
17 37
12 266
159 439
116 396
196 476
5 253
12 262
64 342
217 497
39 307
108 388
162 442
36 12
4 248
17 279
42 312
175 455
23 29
198 478
95 371
57 331
8 256
21 285
151 431
156 436
1 239
64 338
17 277
85 359
4 52
197 477
29 293
158 438
91 369
67 345
3 251
2 240
169 449
44 316
155 435
199 479
3 57
65 343
40 310
36 302
28 24
17 273
176 456
38 306
224 504
223 503
3 249
31 21
138 418
18 274
96 376
11 265
1 241
128 400
3 61
43 315
140 420
2 56
10 256
3 247
86 360
136 416
42 314
49 323
214 492
147 427
191 471
13 41
55 329
106 386
7 47
146 426
190 470
114 390
4 60
33 19
203 483
95 375
5 51
107 387
165 445
195 475
230 510
185 465
87 359
130 410
62 338
17 281
37 301
3 245
125 405
181 461
16 40
32 20
13 267
227 507
121 399
82 360
113 393
139 419
134 414
58 332
179 459
24 28
151 429
33 297
51 325
30 22
34 14
58 334
31 297
12 260
18 282
25 27
3 55
168 448
25 29
39 309
11 43
127 401
17 39
104 384
101 381
72 350
161 441
172 452
143 423
20 34
133 413
52 326
32 16
81 359
66 344
112 390
126 406
158 436
117 397
27 291
76 354
221 501
135 415
3 56
22 285
13 260
19 282
157 436
34 299
185 464
38 11
4 251
79 356
201 480
154 433
137 416
113 390
189 468
4 55
14 267
96 371
218 497
38 303
221 500
198 477
34 19
1 242
71 348
4 245
29 24
197 476
58 329
176 455
132 411
95 372
36 301
82 359
39 306
204 483
10 257
15 40
222 501
175 454
4 53
42 311
228 507
169 448
28 291
61 336
58 331
164 443
67 344
68 345
33 16
136 415
5 52
87 360
51 324
53 326
149 426
172 449
66 343
104 383
18 275
58 333
7 48
26 29
159 438
25 28
90 367
37 12
18 273
13 42
3 250
54 327
2 241
165 444
223 502
173 452
2 63
114 389
214 493
4 61
95 374
77 354
34 17
34 15
158 437
4 57
166 445
216 495
112 389
55 328
141 420
180 459
11 264
74 351
27 26
97 376
147 426
18 39
203 482
73 350
44 313
142 419
225 504
5 248
95 370
91 368
133 412
138 417
131 410
80 357
31 296
3 240
114 393
83 360
12 263
6 51
224 503
135 414
12 43
52 325
206 485
17 280
26 27
62 337
171 448
148 427
168 447
199 478
108 387
44 315
23 286
139 418
81 358
190 469
69 346
35 14
5 246
127 402
5 252
13 262
40 309
119 398
126 405
43 314
5 60
146 425
14 41
155 434
129 400
177 456
1 238
33 20
181 460
9 46
9 256
101 380
84 359
8 255
106 385
50 323
16 41
3 244
63 338
18 37
130 399
32 297
96 367
6 253
39 308
69 344
96 375
126 403
174 453
17 272
162 441
16 271
143 422
19 36
7 50
57 330
131 408
12 265
151 430
36 13
140 419
125 404
41 310
121 398
156 435
17 276
220 499
35 18
4 247
21 34
186 465
192 471
170 449
23 30
151 428
145 424
19 274
65 342
1 64
35 300
129 408
153 432
171 450
37 300
105 384
196 475
88 359
87 358
18 281
128 401
31 22
70 347
217 496
30 293
188 467
4 59
117 396
17 270
32 21
27 290
11 44
160 439
230 509
191 470
96 374
73 349
67 343
148 426
138 416
44 314
31 293
219 497
41 309
6 52
5 53
32 296
130 400
72 348
91 365
46 316
229 507
20 36
154 432
179 457
12 264
15 41
1 65
128 402
20 274
92 368
34 16
75 351
200 478
196 474
59 333
135 413
88 360
7 51
115 393
183 461
164 442
167 445
97 375
3 241
228 506
59 329
133 411
22 32
8 50
55 325
102 380
7 49
166 444
34 20
216 494
4 244
206 484
163 441
50 322
31 23
170 448
215 493
230 508
112 388
5 61
27 27
13 263
2 64
159 437
119 397
10 46
186 464
201 479
62 336
199 477
19 275
3 63
12 44
39 305
84 358
30 24
190 468
106 384
95 369
130 408
17 269
98 376
81 357
169 447
74 350
136 414
224 502
29 291
182 460
35 17
176 454
189 467
221 499
149 425
222 500
0 236
188 466
5 251
30 290
185 463
38 12
7 253
205 483
14 266
9 255
destination
