map
random512-35-0.map
pivot
404 227
agent & start
25 104
112 489
132 509
2 291
2 135
80 11
86 7
53 436
0 315
13 272
32 181
4 169
1 150
33 64
84 457
55 438
3 156
32 67
76 459
47 44
30 87
54 435
27 382
61 438
62 437
13 332
29 98
34 77
116 501
77 460
25 102
54 437
86 459
31 82
8 267
5 166
97 458
3 158
35 68
101 480
94 461
33 68
34 69
85 8
41 50
107 486
50 45
113 490
4 153
129 508
9 268
80 455
119 502
66 449
36 75
13 334
103 486
14 339
7 122
11 110
0 257
6 325
9 116
12 365
31 88
78 459
3 146
1 182
7 326
15 348
9 120
32 65
89 462
42 49
6 127
48 43
11 330
74 17
14 333
62 443
10 269
31 180
8 327
70 451
1 292
10 279
40 51
26 105
92 463
83 456
4 167
36 55
31 96
30 97
99 458
56 439
4 131
9 328
29 380
95 460
12 363
102 485
4 183
84 455
13 336
33 80
9 180
57 440
9 112
31 66
1 256
115 498
88 461
2 181
30 83
27 100
93 462
29 86
69 450
2 147
7 266
24 103
28 381
1 148
18 345
80 457
79 458
16 341
81 10
3 134
10 111
3 154
5 324
63 444
67 450
26 383
35 56
89 6
43 48
12 331
28 379
11 278
16 347
4 129
106 487
49 45
8 122
4 168
2 292
87 7
101 479
6 130
0 314
116 498
12 330
11 373
48 44
9 327
106 486
78 458
32 82
85 9
3 153
8 326
31 85
76 458
104 486
41 51
5 131
4 134
32 180
4 158
6 324
49 43
28 100
11 279
33 81
9 267
46 392
34 64
84 456
112 488
44 394
120 502
81 11
0 242
10 120
79 457
10 328
2 150
31 83
13 335
80 454
6 128
0 256
5 129
26 382
57 439
25 103
56 438
destination
