map
random512-35-0.map
pivot
404 227
agent & start
63 444
101 480
2 147
13 334
67 450
103 486
70 451
116 501
28 381
3 156
9 120
40 51
34 77
5 324
12 363
62 437
10 269
10 279
25 104
11 330
86 7
79 458
31 88
43 48
16 347
1 182
66 449
14 333
47 44
6 127
107 486
36 75
3 158
34 69
3 134
11 278
25 102
57 440
95 460
62 443
12 365
112 489
14 339
4 183
97 458
88 461
1 150
78 459
42 49
30 83
50 45
8 267
80 457
115 498
2 135
35 56
26 383
41 50
32 67
31 82
2 291
54 435
29 380
86 459
4 131
93 462
9 180
15 348
4 169
4 153
81 10
29 86
33 68
113 490
29 98
80 455
54 437
27 100
4 167
31 96
2 181
4 129
10 111
30 97
77 460
7 122
0 257
99 458
1 148
48 43
12 331
9 116
132 509
24 103
13 332
9 328
76 459
36 55
16 341
129 508
27 382
84 455
94 461
30 87
61 438
84 457
89 462
32 181
3 154
8 327
80 11
69 450
102 485
33 64
11 110
85 8
9 112
35 68
3 146
31 66
89 6
31 180
53 436
0 315
33 80
28 379
6 325
119 502
106 487
55 438
7 326
9 268
13 272
1 292
7 266
92 463
32 65
56 439
26 105
18 345
1 256
83 456
5 166
74 17
13 336
54 436
63 443
2 152
31 97
26 104
70 450
31 83
6 128
14 272
10 112
16 348
133 509
61 437
10 280
64 444
13 335
9 267
7 165
11 269
3 135
129 507
2 150
18 350
42 50
97 459
13 365
50 44
1 151
87 459
41 51
10 180
87 7
31 85
33 181
33 81
36 56
3 153
6 166
12 330
14 338
101 479
2 182
44 48
46 392
106 486
4 158
13 331
28 100
5 167
81 11
3 291
56 438
89 7
8 326
84 456
45 395
11 373
0 256
0 314
44 394
112 488
25 103
17 347
32 82
10 120
33 65
88 460
45 393
48 44
34 68
6 324
37 55
12 110
91 463
30 84
62 436
76 458
79 457
67 449
31 87
117 501
3 147
27 105
93 461
11 279
10 328
5 129
48 42
6 130
30 86
68 450
26 382
7 325
7 265
33 67
36 76
14 334
66 448
8 166
94 460
75 17
2 292
95 461
11 111
35 77
3 183
85 455
17 349
57 439
9 117
9 121
77 459
90 462
120 502
34 64
113 489
1 293
32 66
32 180
8 122
2 148
49 43
18 346
100 460
9 327
4 156
2 136
78 458
60 438
5 131
30 98
49 45
104 486
99 459
0 242
37 57
8 266
12 364
4 134
85 9
28 380
116 498
80 454
32 88
1 255
4 168
16 340
103 485
14 110
15 272
3 184
13 364
8 165
2 151
8 325
105 486
19 350
77 16
12 329
55 436
116 499
117 500
14 337
48 45
27 380
14 335
6 131
101 478
49 42
29 100
3 292
33 66
0 243
14 331
10 121
121 502
2 183
11 372
88 459
41 398
14 271
4 135
57 438
32 83
47 392
6 263
99 460
92 461
45 394
46 393
112 487
59 438
64 443
91 462
66 447
37 58
5 156
8 265
2 243
89 8
33 88
3 152
6 323
32 87
31 84
16 339
31 98
44 395
100 461
129 506
60 437
3 136
85 456
0 255
11 120
11 112
55 40
33 180
34 65
81 12
104 485
113 488
87 8
31 178
6 129
35 64
5 134
134 509
8 167
38 55
7 264
106 485
45 48
10 117
89 460
36 59
28 105
10 267
46 47
62 435
38 57
33 82
3 148
36 77
2 149
11 374
87 458
11 268
11 180
90 461
1 184
95 462
12 327
26 381
10 327
32 177
17 348
26 103
7 128
11 328
77 458
50 43
1 294
5 158
18 349
88 7
85 10
97 460
28 101
11 280
15 338
76 17
1 242
34 67
12 373
18 347
14 111
37 56
68 449
70 449
5 168
9 266
30 99
80 453
86 9
15 334
31 86
0 313
42 51
78 457
12 111
94 459
7 166
13 110
9 122
9 326
10 281
60 436
32 86
57 437
4 148
102 478
1 243
33 177
91 461
105 485
39 55
9 165
0 186
6 168
5 157
32 84
3 151
86 456
38 58
51 41
20 350
1 185
12 374
13 111
35 63
135 509
10 122
6 158
8 324
15 335
41 59
41 399
11 177
77 457
50 42
82 12
37 77
11 281
6 134
6 154
117 499
121 501
65 443
76 20
122 502
33 87
31 99
98 460
29 101
61 435
13 329
56 436
8 264
4 136
15 271
9 265
39 57
6 170
31 177
16 338
14 270
42 52
42 398
40 58
14 330
4 292
7 133
11 179
136 508
92 460
3 293
16 332
56 40
12 176
2 294
42 400
88 8
0 254
15 337
81 453
97 461
46 48
55 41
29 105
34 66
34 82
26 380
7 263
13 373
3 185
118 500
11 117
8 128
59 437
17 331
68 448
47 47
2 184
99 461
9 325
18 348
33 179
77 17
3 149
11 121
0 244
14 364
11 327
7 131
88 458
27 103
81 13
47 393
2 244
15 121
32 178
36 60
12 112
34 180
0 312
67 447
48 46
7 167
113 487
11 267
12 326
129 505
37 59
90 460
86 10
2 242
12 268
70 448
12 372
78 16
6 262
44 396
104 484
80 452
35 65
46 394
96 462
93 459
25 381
38 56
12 328
76 18
7 323
7 129
10 326
6 135
104 477
48 47
92 459
13 374
0 311
16 335
3 294
8 263
2 185
8 129
113 486
47 48
137 510
13 118
88 457
57 44
30 177
96 463
9 164
82 13
11 266
15 270
52 41
147 510
40 57
35 66
0 253
105 484
33 84
103 478
137 508
6 157
12 177
128 505
29 104
15 122
4 293
78 17
36 79
31 100
5 136
5 148
114 487
5 152
4 151
4 145
77 456
16 333
118 499
66 443
58 437
37 60
38 59
10 123
76 455
11 326
42 53
122 499
19 330
31 176
7 262
7 170
14 121
5 292
6 155
121 500
9 324
77 20
44 397
12 113
84 13
57 40
40 55
41 58
56 41
8 323
14 329
11 178
13 176
33 86
11 282
12 121
36 65
1 186
7 158
3 242
34 179
123 498
40 59
68 447
7 168
60 435
12 115
20 349
13 328
54 41
0 187
36 61
9 134
7 132
47 394
14 269
81 452
13 112
28 103
91 460
39 408
6 169
35 82
136 509
18 331
76 19
37 78
25 380
87 456
42 399
15 330
14 377
15 366
87 10
15 364
17 338
7 154
12 267
99 462
11 368
48 49
29 106
98 461
81 14
16 337
1 244
33 178
88 9
51 42
4 149
39 56
43 398
9 264
30 105
36 63
29 102
14 363
42 401
70 447
2 245
12 117
77 18
5 146
12 371
10 325
122 501
57 436
17 332
8 133
10 127
14 175
19 348
0 245
43 52
97 462
14 366
34 84
149 509
137 509
41 57
37 79
119 499
15 269
0 188
46 50
9 135
97 463
35 177
11 325
47 395
41 401
104 476
124 498
11 369
13 375
12 114
6 152
78 18
30 102
17 337
14 122
12 368
82 452
81 451
121 499
31 101
44 398
34 178
7 135
30 106
12 116
9 133
67 443
5 149
8 154
36 62
12 282
47 49
29 107
13 163
17 333
41 55
127 505
15 165
36 66
36 80
8 262
4 144
88 10
43 53
69 447
0 310
56 42
12 266
0 252
59 435
45 397
35 83
57 435
146 510
29 103
10 324
15 367
114 486
10 164
14 118
57 43
48 48
11 123
18 332
46 396
10 124
15 363
16 336
9 323
7 169
53 41
14 376
90 458
98 462
15 123
14 176
52 42
13 121
58 40
87 455
6 136
1 187
7 157
148 510
87 13
2 186
50 50
9 129
92 458
105 483
1 245
7 155
115 479
12 370
16 364
13 113
89 457
43 399
91 459
123 501
30 176
0 250
39 59
78 20
126 504
16 330
5 145
12 178
9 263
113 485
138 510
14 328
81 15
49 49
8 132
40 408
15 365
13 267
122 498
83 13
11 127
8 170
88 456
139 511
4 294
58 436
10 128
13 117
0 190
84 14
0 246
15 377
40 56
5 147
8 134
5 151
10 134
6 292
38 60
19 329
3 241
25 379
21 349
13 177
77 19
10 264
96 464
58 44
77 455
13 115
20 348
17 363
39 407
18 330
103 477
34 86
2 314
76 454
138 508
15 175
57 42
6 149
44 53
11 124
146 509
0 189
113 484
8 169
1 190
19 328
38 61
44 399
11 324
124 499
34 85
89 456
36 177
51 50
47 396
148 509
16 365
2 313
37 66
0 309
13 114
46 397
0 251
17 364
12 123
8 135
40 407
15 176
78 19
15 268
24 379
90 457
4 315
9 158
53 42
15 362
5 294
14 327
30 175
16 377
32 101
98 471
126 503
97 464
9 132
1 250
13 122
140 511
50 51
2 187
5 144
58 435
21 330
11 264
103 476
13 178
14 177
14 123
14 367
79 20
35 178
15 328
9 262
30 107
104 475
13 162
37 62
15 124
31 106
82 451
149 508
52 43
87 14
13 116
82 15
11 164
7 136
98 463
105 482
119 498
4 311
120 499
41 56
16 363
18 329
47 50
15 164
14 165
31 102
121 498
88 11
10 129
13 370
138 509
14 163
106 483
6 291
15 376
114 485
14 267
85 14
8 157
20 289
49 48
22 327
88 455
16 269
139 510
1 188
3 314
59 434
13 368
13 266
83 14
19 334
115 480
3 240
37 80
58 41
69 446
8 155
18 333
114 483
9 154
14 375
6 297
6 147
30 103
46 51
77 454
108 485
76 453
17 336
11 128
127 504
18 335
14 113
0 247
67 444
35 84
91 458
41 402
155 502
14 117
6 151
33 100
9 322
93 12
12 369
124 501
39 60
114 479
58 43
12 283
50 49
10 133
3 312
17 268
4 241
107 484
16 329
21 348
1 246
86 13
9 157
83 451
3 187
51 49
140 510
37 81
10 322
42 178
16 268
40 406
10 154
23 379
2 248
19 327
2 188
45 399
125 499
15 327
23 113
7 137
102 474
44 400
10 262
7 291
154 502
58 434
16 328
6 150
98 470
92 12
9 169
1 309
7 151
36 178
6 294
19 287
21 331
14 116
91 11
15 375
110 484
36 86
22 326
26 348
104 480
18 336
16 374
34 100
118 496
59 433
14 368
157 501
93 13
5 315
42 56
120 498
22 348
1 189
19 289
29 175
15 113
14 178
13 165
53 43
4 240
86 14
154 500
44 54
3 311
21 347
8 136
47 397
148 508
31 107
105 481
11 133
68 444
124 500
31 103
38 66
117 495
7 297
19 267
1 247
108 484
7 147
3 313
103 475
4 310
41 407
39 61
115 483
15 163
80 20
141 511
11 165
14 266
16 358
89 455
82 16
25 113
99 471
91 457
18 328
114 484
11 129
52 44
2 190
11 263
6 296
33 101
20 288
77 453
126 502
20 268
17 365
4 314
12 128
16 362
15 373
47 51
115 481
5 241
10 132
114 482
14 124
51 51
13 161
19 333
14 114
11 323
83 15
4 312
38 62
17 329
146 508
125 501
79 19
139 509
58 42
12 284
17 357
155 501
6 144
1 251
109 485
17 269
12 124
22 330
9 155
50 48
15 361
13 123
85 451
89 11
114 480
82 450
19 335
35 85
13 369
16 376
127 503
15 177
98 464
10 158
107 483
41 403
69 445
12 262
21 327
20 333
43 56
33 106
17 376
21 266
2 247
7 144
15 114
105 480
12 125
8 319
34 101
113 480
91 12
125 500
16 267
106 481
6 295
30 109
148 507
15 116
145 506
10 157
28 175
16 375
19 286
42 403
157 500
120 497
69 444
4 187
48 397
126 501
92 13
45 400
154 501
7 296
23 114
36 85
39 80
12 261
16 373
26 113
19 268
90 11
10 167
4 313
90 455
47 52
16 359
52 45
153 502
46 399
146 507
8 151
91 456
13 124
80 19
15 162
39 66
101 472
16 163
16 327
22 329
31 104
41 178
83 450
107 482
86 15
32 103
22 347
5 240
141 510
52 397
15 372
32 105
10 155
18 289
99 470
41 406
115 484
85 450
26 347
25 114
156 501
22 331
18 269
11 322
17 328
2 309
42 407
14 369
3 248
15 360
53 44
118 495
22 113
114 481
89 12
116 483
35 100
12 165
7 146
15 326
51 48
2 251
119 496
7 150
59 42
19 336
20 287
49 396
40 405
24 113
80 21
11 166
117 494
19 326
19 288
86 449
22 325
16 361
8 137
45 54
23 378
20 327
2 189
44 55
10 169
3 310
15 266
28 173
140 509
84 451
103 474
99 464
5 316
55 434
37 178
13 160
42 179
77 452
128 503
70 445
126 499
17 366
108 483
13 284
16 177
83 16
111 484
9 168
7 294
37 84
17 358
39 62
9 156
8 291
14 283
109 484
18 357
25 348
16 113
142 511
154 499
104 479
112 483
15 178
10 153
51 52
12 129
20 267
11 262
100 471
37 86
58 433
38 81
18 365
5 188
21 332
52 49
102 473
5 314
11 132
11 154
23 330
31 108
92 14
118 494
148 506
72 448
39 65
33 103
43 57
12 126
8 146
83 449
55 433
3 309
36 100
144 506
12 154
17 375
3 189
91 455
103 473
48 52
9 259
112 482
18 270
119 495
34 106
13 159
17 359
9 319
16 178
38 84
39 63
54 44
57 433
84 450
15 369
44 56
153 501
5 187
129 503
12 322
105 479
50 396
69 443
141 509
16 360
18 326
17 163
18 282
116 484
30 110
42 406
33 105
81 19
35 101
18 288
22 266
25 115
126 500
120 496
10 152
10 260
24 348
91 13
11 321
145 507
21 267
17 327
31 109
43 61
86 448
29 111
18 284
8 144
143 509
7 145
106 476
17 271
24 330
12 166
18 366
144 508
15 161
3 247
13 261
108 482
113 481
16 372
109 483
8 150
21 333
52 398
51 47
32 108
6 316
41 179
128 502
37 85
38 178
51 397
11 157
10 156
146 506
102 472
46 400
100 470
13 125
52 48
107 481
20 326
8 318
12 158
56 434
99 465
127 501
13 153
46 54
23 377
85 449
40 80
43 403
6 314
19 365
51 53
39 81
19 285
124 496
7 295
23 347
21 325
17 367
10 168
12 132
45 401
6 240
107 475
156 500
38 82
90 454
45 55
41 405
19 269
14 324
52 46
9 137
13 129
28 174
8 294
90 12
60 42
78 452
142 510
155 499
21 287
3 251
47 53
25 347
26 114
46 62
21 113
23 329
125 497
18 358
17 113
49 397
20 336
16 326
15 283
11 261
101 471
9 291
86 16
84 16
71 445
111 483
24 114
11 153
3 249
42 404
86 450
15 115
80 22
8 296
32 104
4 188
27 173
11 155
11 167
22 332
14 284
5 313
16 266
10 320
29 112
45 58
17 360
18 163
17 114
9 290
4 245
3 308
43 404
38 83
23 332
19 284
46 55
24 329
18 375
38 179
18 359
6 187
38 85
45 56
128 501
71 446
16 369
40 179
16 371
78 451
105 478
84 449
12 153
54 45
16 161
56 433
119 494
99 466
148 505
87 450
10 147
72 445
32 109
18 283
91 454
144 507
4 189
8 145
19 270
69 442
50 397
9 258
44 57
13 158
104 473
51 398
12 157
106 475
109 482
18 367
13 126
128 495
8 295
60 43
15 284
9 150
42 405
126 497
61 42
24 331
16 179
41 180
13 152
4 251
13 154
7 314
127 496
14 133
107 476
48 53
10 259
7 316
90 13
5 244
19 358
30 111
81 22
41 62
82 19
20 325
52 47
147 506
88 449
70 443
120 495
6 313
17 266
16 325
11 168
117 484
12 167
39 82
49 52
24 115
23 328
156 499
102 471
44 61
27 280
11 320
49 398
46 61
121 496
100 469
4 247
105 474
3 250
9 318
19 282
7 186
13 260
21 336
16 115
107 474
11 156
11 136
7 240
47 116
20 365
13 130
107 480
91 14
10 137
24 347
67 440
152 501
51 54
34 105
36 101
11 260
85 448
127 500
22 267
146 505
72 447
23 334
106 477
103 470
12 321
41 80
0 213
17 326
85 16
23 376
22 333
129 502
143 508
18 271
20 113
22 335
20 285
111 482
143 506
108 481
42 61
112 481
17 272
21 286
26 115
33 104
8 239
13 132
39 84
10 151
55 432
89 448
73 448
142 509
15 324
46 401
50 53
123 496
14 285
21 324
54 431
14 323
106 479
27 174
8 313
19 364
125 496
39 64
17 288
15 134
10 319
45 62
10 146
17 371
109 481
44 62
118 484
46 60
43 405
14 132
10 150
23 333
70 442
21 337
72 446
142 508
147 505
90 14
18 272
7 315
143 507
129 501
27 281
46 402
13 131
55 431
7 187
13 155
106 474
39 87
67 439
31 111
54 430
12 136
12 320
37 109
13 167
37 101
47 401
16 126
119 493
14 134
128 500
68 440
16 324
19 367
17 369
61 43
11 147
152 500
12 168
82 22
14 322
107 477
128 496
129 495
111 481
39 85
48 54
12 156
44 404
20 114
22 268
10 148
6 312
17 287
100 468
84 18
13 157
18 162
0 212
4 308
42 92
41 181
14 126
22 376
4 246
22 336
24 346
20 324
54 46
18 374
25 117
9 295
50 398
25 185
15 191
45 59
15 285
21 323
41 63
40 64
19 283
121 495
103 471
125 495
123 495
103 469
38 180
79 451
42 62
17 179
22 364
4 190
4 250
39 111
6 244
46 58
120 494
11 137
73 447
105 473
5 251
21 285
56 432
85 17
156 498
91 15
29 113
19 359
41 89
10 318
83 19
18 368
15 133
17 265
42 80
106 478
40 180
46 116
13 259
10 290
45 57
16 370
26 280
17 161
14 320
25 329
71 443
88 450
90 448
47 61
19 373
89 449
16 286
19 271
53 47
24 116
1 213
108 480
51 399
99 467
39 83
8 240
10 294
91 453
7 313
8 314
85 447
20 366
49 399
80 450
18 360
127 497
8 186
73 445
20 364
19 375
47 117
destination
