map
random512-35-0.map
pivot
404 227
agent & start
93 462
0 257
80 457
29 98
4 129
26 105
24 103
9 120
31 96
78 459
4 153
30 87
56 439
9 328
3 146
43 48
35 56
70 451
16 347
85 8
34 77
8 267
10 269
28 379
13 332
4 131
14 339
9 180
5 166
54 435
14 333
8 327
40 51
15 348
26 383
106 487
94 461
11 110
80 11
86 7
29 380
77 460
2 135
32 67
3 156
116 501
11 330
101 480
13 272
9 116
95 460
84 455
33 64
63 444
16 341
36 75
35 68
9 268
36 55
89 462
74 17
4 183
3 158
0 315
5 324
33 68
10 111
88 461
2 147
10 279
1 148
30 83
3 134
99 458
79 458
31 66
103 486
89 6
18 345
7 266
1 292
11 278
55 438
83 456
31 82
129 508
13 336
62 443
115 498
102 485
119 502
62 437
2 291
7 326
67 450
12 365
42 49
25 104
13 334
27 382
53 436
76 459
47 44
12 331
34 69
48 43
25 102
7 122
41 50
9 112
32 181
80 455
57 440
3 154
1 150
30 97
92 463
86 459
112 489
54 437
27 100
4 169
113 490
4 167
84 457
29 86
50 45
61 438
1 256
33 80
69 450
81 10
2 181
31 180
28 381
31 88
107 486
6 127
6 325
132 509
97 458
66 449
32 65
1 182
12 363
8 266
61 437
13 335
28 100
8 166
27 105
10 180
32 82
6 324
2 150
95 461
87 7
16 348
36 56
10 280
30 84
14 110
0 314
32 66
4 134
42 50
28 380
11 373
36 76
14 334
45 393
30 86
3 153
85 9
44 48
117 501
63 443
97 459
12 330
3 135
93 461
37 57
16 340
18 350
6 128
85 455
12 364
77 459
34 64
90 462
70 450
4 158
26 104
46 392
10 328
101 479
76 458
26 382
54 436
3 183
49 43
3 147
8 326
49 45
129 507
2 152
62 436
35 77
11 269
33 181
112 488
45 395
33 65
64 444
60 438
13 365
37 55
81 11
94 460
84 456
11 111
31 97
10 120
75 17
13 331
48 42
11 279
7 165
4 168
30 98
57 439
17 347
32 88
31 87
80 454
12 110
116 498
89 7
9 121
3 291
2 182
0 256
1 151
56 438
34 68
2 292
88 460
91 463
99 459
103 485
10 112
6 130
31 85
66 448
6 166
50 44
68 450
5 167
32 180
9 117
17 349
113 489
41 51
14 272
2 148
87 459
9 327
18 346
14 338
1 293
9 267
8 122
44 394
5 131
133 509
104 486
25 103
4 156
48 44
5 129
33 81
31 83
7 265
79 457
2 136
7 325
1 255
0 242
120 502
33 67
106 486
67 449
100 460
78 458
2 151
47 392
104 485
8 265
106 485
11 180
3 148
13 364
11 374
15 272
34 67
62 435
88 459
46 47
35 64
10 117
18 347
33 88
28 105
87 458
10 327
15 338
68 449
0 243
5 156
2 183
7 264
91 462
30 99
3 152
4 135
5 168
27 380
59 438
12 373
9 266
34 65
105 486
116 499
78 457
8 325
55 436
32 83
28 101
10 267
89 8
92 461
31 178
33 66
1 242
9 326
11 280
48 45
89 460
88 7
60 437
5 158
49 42
31 98
32 87
42 51
2 243
9 122
94 459
87 8
101 478
8 165
99 460
64 443
2 149
11 112
10 281
3 136
11 268
81 12
0 255
7 166
36 59
17 348
86 9
14 331
70 449
11 120
29 100
6 129
14 111
37 56
117 500
0 313
18 349
100 461
6 263
76 17
7 128
31 86
97 460
1 184
14 335
14 337
55 40
112 487
5 134
77 458
8 167
38 55
11 372
12 111
31 84
80 453
36 77
33 180
15 334
13 110
32 177
95 462
3 292
90 461
38 57
85 10
11 328
26 103
3 184
33 82
37 58
44 395
57 438
66 447
41 398
14 271
1 294
134 509
12 327
46 393
26 381
85 456
45 48
19 350
6 131
121 502
77 16
16 339
45 394
12 329
50 43
6 323
113 488
10 121
129 506
86 10
4 292
44 396
41 399
56 436
35 63
32 84
50 42
20 350
37 77
0 186
8 128
1 185
12 372
70 448
36 60
11 177
76 18
6 170
12 326
2 242
9 325
57 437
46 48
121 501
7 323
55 41
33 87
8 264
11 281
117 499
7 129
68 448
51 41
15 337
33 179
105 485
9 265
60 436
10 122
11 179
11 267
65 443
39 57
3 293
99 461
136 508
96 462
32 178
31 177
17 331
118 500
34 180
3 151
39 55
29 101
40 58
11 117
destination
