map
random512-40-7.map
pivot
260 88
agent & start
490 243
490 244
489 243
489 244
488 243
488 244
486 244
491 248
488 245
490 247
487 244
486 245
489 246
488 246
487 245
489 247
486 246
492 248
488 250
489 249
490 248
489 248
487 246
492 249
489 250
488 247
487 250
492 250
487 247
488 248
487 249
490 250
489 251
489 252
492 251
486 249
487 248
491 250
490 251
508 222
490 252
491 251
498 224
486 248
485 247
510 222
506 223
485 248
507 222
510 223
484 247
499 224
508 221
498 223
491 252
490 253
509 222
509 223
491 253
484 248
499 223
490 254
507 219
506 222
498 222
505 223
483 247
507 221
508 215
483 248
505 212
498 221
506 219
508 213
500 223
491 254
507 218
483 246
481 248
506 221
483 244
499 222
505 222
509 224
507 220
508 214
505 221
482 246
508 216
509 225
482 248
505 213
506 220
499 221
510 226
483 245
491 255
481 247
483 249
506 212
destination
