map
random512-40-7.map
pivot
260 88
agent & start
490 243
490 244
489 243
489 244
488 243
486 244
488 244
489 246
490 247
487 244
488 245
491 248
486 245
489 249
492 248
488 246
486 246
487 245
488 250
489 247
490 248
487 246
487 250
488 247
492 249
489 250
489 248
490 250
488 248
487 247
487 249
489 251
492 250
490 251
491 250
486 249
489 252
492 251
487 248
485 247
490 252
486 248
491 251
508 222
498 224
510 222
499 224
484 247
491 252
510 223
507 222
498 223
508 221
509 222
490 253
485 248
506 223
498 222
483 247
499 223
507 219
505 223
484 248
491 253
509 223
506 222
490 254
507 221
506 221
508 215
483 246
506 219
500 223
483 244
505 212
507 220
507 218
499 222
509 224
505 222
483 248
491 254
508 213
498 221
481 248
483 245
501 223
508 214
482 244
506 220
483 249
505 221
506 212
499 221
507 213
505 213
482 246
510 226
481 247
505 219
482 248
507 217
508 216
509 225
491 255
482 249
447 264
481 246
446 263
483 250
482 245
509 226
500 221
506 213
492 255
506 217
505 220
505 218
510 227
507 214
507 216
501 222
503 221
502 222
501 221
483 251
447 263
500 220
506 214
506 216
505 217
509 227
483 253
504 220
479 243
448 264
493 255
481 245
445 263
482 250
506 215
501 220
482 253
445 262
508 227
478 243
505 216
503 220
479 244
509 228
509 244
503 222
448 263
446 259
446 261
493 254
447 262
480 245
483 252
482 251
449 263
447 261
479 245
502 220
504 216
508 228
503 219
478 244
508 242
482 252
445 261
450 264
509 245
445 259
494 254
446 260
508 244
503 223
505 215
507 227
504 225
507 228
449 260
509 246
450 263
503 224
445 260
451 264
478 245
448 261
479 246
508 243
506 227
502 219
504 215
481 252
444 261
507 242
494 253
480 252
destination
