map
random512-40-2.map
pivot
207 165
agent & start
401 171
399 159
392 182
400 16
389 155
400 14
405 3
394 182
409 11
403 165
409 7
401 19
401 17
395 195
404 164
400 172
403 17
394 196
402 18
407 13
400 160
392 44
400 170
407 5
408 12
408 6
398 14
399 169
404 16
395 183
393 45
388 156
403 163
402 16
394 195
403 16
403 166
391 182
401 18
407 6
395 182
400 173
403 164
402 167
399 160
406 13
407 12
408 7
406 5
399 170
397 14
389 156
393 196
402 15
400 19
409 10
400 171
401 14
392 45
398 169
388 157
400 17
399 158
402 163
405 4
400 161
407 7
389 47
394 194
398 158
403 15
400 162
393 195
405 5
389 157
391 183
402 166
401 167
397 15
399 171
395 181
399 173
405 13
392 196
398 170
397 157
402 164
402 14
408 10
399 19
401 163
399 161
392 46
396 182
406 12
400 18
398 173
396 157
395 180
396 181
393 194
403 14
390 47
406 11
392 195
407 8
389 46
392 193
390 157
399 18
405 6
404 13
390 183
391 184
408 9
397 170
401 166
400 163
398 171
397 158
401 164
397 16
391 46
398 19
399 162
391 157
396 158
403 13
390 184
390 46
401 165
391 185
395 157
397 179
397 17
407 9
392 194
405 7
396 180
398 18
399 163
406 10
396 170
391 193
398 172
396 163
404 7
396 171
397 18
399 164
395 158
406 9
390 185
403 12
396 179
391 194
377 202
405 8
391 158
390 45
396 159
400 165
405 10
392 157
397 172
397 178
390 44
396 160
393 157
390 194
377 201
396 178
397 163
402 12
397 177
394 158
390 186
399 165
396 172
398 164
405 9
376 202
396 18
404 8
403 11
396 162
392 158
402 11
375 202
393 158
389 44
397 164
390 187
398 165
377 200
404 9
395 162
403 8
403 10
396 173
392 159
397 20
396 19
395 160
389 194
388 197
396 177
397 166
396 161
397 176
402 8
389 187
395 161
374 202
396 176
396 20
396 166
397 165
397 175
388 196
387 197
375 201
389 195
393 159
388 44
403 9
394 160
402 10
376 200
397 21
396 174
393 160
389 188
387 44
399 10
394 161
402 9
374 201
386 197
376 199
387 196
396 165
395 176
397 22
388 195
396 21
396 175
388 188
395 165
401 9
386 44
400 10
373 199
387 195
376 198
385 197
395 175
386 196
396 22
374 200
399 9
394 176
393 161
385 44
385 196
386 195
393 162
400 9
384 197
374 199
378 197
395 22
377 198
375 198
395 164
387 188
388 191
373 198
394 175
392 161
393 163
384 196
394 164
378 196
377 197
393 175
387 189
388 192
394 22
400 8
385 195
388 190
391 161
374 198
385 43
375 197
386 194
392 162
374 197
386 193
393 164
393 22
383 194
393 174
386 189
377 196
391 162
387 192
392 173
385 42
400 7
387 190
384 195
385 193
392 164
400 6
384 194
385 41
392 172
386 192
399 7
393 173
374 196
386 190
392 22
386 42
383 195
391 163
377 195
390 163
373 196
399 6
392 165
393 172
384 193
391 164
392 21
386 41
386 191
385 190
376 195
382 195
385 192
392 20
384 192
376 194
381 195
384 190
393 171
373 195
385 191
399 5
398 4
386 30
375 195
388 160
389 163
386 40
372 196
391 165
386 39
375 194
388 29
388 161
381 194
390 23
387 30
391 20
384 191
393 170
398 5
388 163
391 166
386 29
372 195
387 160
373 194
384 161
379 192
397 4
385 39
384 162
388 162
383 191
379 191
390 22
373 193
381 193
372 194
397 5
391 167
388 28
385 161
390 16
389 23
392 170
387 29
390 166
378 192
382 192
380 192
387 161
386 38
390 20
391 169
375 193
372 193
381 192
397 6
388 23
396 5
387 28
374 193
387 24
387 162
391 170
389 16
390 167
389 22
390 21
387 36
378 191
390 169
390 17
388 27
385 162
391 168
384 177
385 38
382 191
386 161
386 178
386 36
388 26
388 16
388 22
390 168
385 21
386 22
389 21
382 190
377 191
396 6
384 178
390 172
384 38
390 18
387 25
385 187
385 163
387 27
389 169
387 35
387 179
372 192
381 191
374 192
386 162
385 177
387 23
373 191
391 171
389 17
380 189
390 171
384 37
387 178
384 187
385 36
389 18
396 7
388 21
386 177
389 172
385 176
386 25
388 17
388 177
387 22
385 164
389 168
385 186
384 21
387 26
388 165
385 22
387 164
386 179
386 163
374 191
387 34
381 190
376 191
388 167
386 35
372 191
386 23
385 178
381 189
386 34
372 190
386 180
388 176
375 191
387 21
382 188
387 165
386 164
395 7
388 18
388 166
385 185
389 171
384 22
384 186
386 176
385 27
388 20
385 179
385 23
389 173
380 188
388 168
386 26
387 177
384 36
384 35
372 189
384 185
387 172
375 190
387 18
382 187
388 19
387 20
383 36
380 187
388 171
387 176
386 181
381 188
387 166
385 26
384 27
389 174
385 34
385 184
387 168
386 165
376 189
394 7
383 22
384 23
385 180
388 170
384 26
386 172
387 173
375 189
387 175
387 19
386 166
383 35
379 187
372 188
382 186
393 7
383 185
384 34
387 169
386 20
377 189
381 187
386 182
383 23
388 174
385 181
386 168
387 171
376 188
384 184
386 169
378 187
372 187
379 186
385 182
386 173
386 167
384 183
373 188
382 185
384 25
385 166
383 24
390 3
381 186
382 23
377 188
387 174
391 4
393 6
374 189
385 168
383 34
386 171
386 19
387 170
381 24
379 24
385 169
381 185
392 6
383 183
380 24
389 3
379 185
381 23
382 24
386 174
385 167
385 171
377 187
383 25
385 19
384 182
379 23
385 173
386 170
373 187
384 172
391 5
384 166
374 188
390 4
382 34
381 25
381 32
384 173
384 171
389 4
384 19
391 6
377 186
385 170
380 23
390 5
380 185
382 25
374 187
383 32
384 167
383 166
384 169
382 183
383 182
385 174
379 40
379 22
381 34
380 184
379 39
380 22
384 170
378 40
382 166
390 6
388 4
374 186
381 35
383 31
382 32
382 26
383 19
389 5
382 182
376 186
383 167
384 174
381 31
379 38
389 6
383 18
388 5
383 28
380 35
381 166
380 21
382 167
383 174
375 186
382 27
380 183
378 39
383 30
382 181
382 31
383 170
376 185
382 180
382 168
378 38
381 181
380 182
379 37
383 17
383 175
375 185
383 29
381 167
382 170
389 7
379 35
382 28
373 39
382 174
379 181
382 30
380 20
388 6
382 179
381 168
378 19
388 7
382 29
382 169
379 20
374 39
382 175
378 181
373 38
381 180
379 182
379 36
378 37
380 19
375 184
383 16
377 37
376 38
383 15
375 183
374 0
381 169
378 182
387 7
378 18
374 38
378 36
381 179
379 19
381 29
380 180
377 183
382 176
375 39
376 183
378 17
387 8
370 1
380 169
380 29
382 15
377 36
386 7
369 2
380 17
373 0
376 37
375 38
374 1
379 18
382 177
377 182
371 0
380 179
375 182
381 178
380 174
374 36
376 182
375 181
370 2
381 177
382 14
380 30
376 36
380 16
369 3
379 169
371 1
373 1
379 29
386 8
379 17
375 37
378 16
372 0
380 178
380 177
376 35
379 30
386 9
375 36
372 1
380 175
381 14
380 15
378 169
379 16
374 35
369 4
379 174
385 8
376 181
371 2
378 30
371 3
376 180
372 2
380 176
370 4
378 14
379 15
380 14
375 35
377 169
385 9
379 175
376 179
379 176
377 170
377 30
375 34
378 171
372 3
385 10
371 4
379 14
378 13
376 33
373 3
376 178
377 31
376 32
379 13
384 10
378 176
375 33
371 5
377 171
378 172
376 30
375 179
375 32
377 172
372 5
377 176
379 12
374 3
383 10
376 31
374 177
376 177
375 178
374 179
374 178
376 172
379 11
375 177
373 5
375 3
375 31
373 179
376 176
382 10
372 35
376 173
375 4
375 176
380 11
373 178
381 10
381 8
372 179
373 6
374 31
372 177
371 179
380 8
372 178
373 7
371 35
379 7
373 31
375 5
375 175
376 174
380 10
381 9
372 34
371 177
362 180
378 6
379 8
370 179
375 174
374 7
374 173
372 33
374 175
362 183
371 178
380 9
375 6
361 180
378 7
370 177
373 172
373 32
371 34
363 180
377 6
372 32
373 173
375 7
361 183
369 179
371 33
372 172
377 7
362 182
361 181
379 9
373 175
364 180
370 178
374 174
373 174
376 7
368 179
360 181
378 9
375 8
365 180
360 183
361 182
371 32
372 173
369 178
366 180
372 174
376 8
368 178
371 31
360 182
371 169
372 30
367 179
378 10
359 183
359 182
369 176
376 9
370 169
371 174
371 170
372 29
367 178
371 30
366 179
377 10
371 171
367 177
368 176
377 11
376 10
370 170
358 182
371 29
370 30
370 174
366 178
369 175
375 10
369 174
370 171
366 177
369 170
370 173
376 11
367 176
370 29
357 182
368 175
369 171
368 30
368 174
374 12
370 172
375 11
350 182
357 181
369 29
349 183
351 181
365 177
366 176
374 10
352 181
366 175
365 176
369 172
374 11
357 180
368 173
350 181
368 29
349 182
367 30
348 183
364 177
356 181
368 171
373 12
368 172
348 182
352 180
358 180
350 180
368 12
364 176
356 180
355 181
366 174
365 175
367 171
349 181
353 181
373 11
367 29
366 171
365 174
353 180
372 11
368 13
364 175
354 181
369 12
349 180
348 181
359 180
367 172
366 173
355 180
367 28
366 28
366 172
354 180
348 180
347 181
365 29
363 175
353 179
359 179
369 13
365 173
370 12
371 11
363 174
365 172
364 173
364 29
365 28
371 12
349 178
354 179
359 178
370 13
347 180
359 177
350 178
364 28
347 179
362 174
371 13
364 172
354 178
348 178
363 173
371 14
363 172
359 176
347 178
349 176
363 28
351 178
362 173
364 171
350 177
354 177
371 15
352 178
350 176
362 172
353 177
363 171
361 27
351 177
347 177
348 176
361 169
362 28
359 175
359 28
358 175
370 15
351 176
362 171
360 27
361 170
361 28
360 169
352 177
361 172
371 16
350 175
347 176
359 29
360 28
371 17
346 176
351 175
347 175
370 16
361 171
352 176
360 170
358 174
344 175
352 175
369 16
359 170
346 175
370 17
360 171
358 173
360 29
347 174
361 30
351 174
370 19
371 18
359 171
368 16
344 174
358 172
361 31
351 173
357 173
370 18
369 19
352 174
358 170
360 30
345 175
369 17
346 174
360 31
369 18
367 16
351 172
361 32
357 172
345 174
352 173
355 174
358 171
345 173
359 31
363 35
357 171
353 173
352 172
354 174
355 173
368 18
360 32
367 17
356 171
363 36
353 172
362 35
360 33
354 173
345 172
359 32
367 18
360 34
362 36
366 20
363 37
366 18
354 172
359 33
361 35
356 170
355 171
344 172
365 20
362 15
359 34
343 172
342 171
360 35
355 170
362 37
365 18
363 38
366 19
354 171
362 18
361 37
342 170
362 38
354 170
359 35
362 16
365 19
343 171
360 36
363 17
361 15
364 19
362 17
353 170
361 38
361 16
354 169
363 18
343 170
359 36
360 37
342 169
344 168
343 169
361 39
360 38
358 36
353 169
363 19
361 17
365 25
359 37
360 17
365 24
363 20
352 169
345 168
360 39
358 37
363 26
344 169
364 25
359 38
359 16
371 160
346 168
359 17
364 22
355 17
370 160
364 24
351 169
358 38
371 159
363 25
368 162
360 18
362 26
362 20
363 21
360 40
358 16
345 169
369 160
346 169
359 40
362 25
359 18
364 23
363 22
366 163
370 159
356 17
357 38
355 18
360 19
360 41
367 162
358 17
362 21
358 39
368 161
351 168
360 42
362 22
369 157
359 41
359 19
363 23
356 18
370 158
357 39
358 40
351 167
347 169
362 24
368 160
357 17
366 162
369 159
365 163
350 167
367 154
368 157
366 155
358 19
358 41
359 42
357 18
369 158
368 159
348 169
365 162
361 22
366 161
357 40
362 23
349 168
368 152
361 23
358 42
367 153
365 155
348 168
368 158
349 167
356 40
360 22
365 161
357 19
366 154
367 159
358 20
364 162
366 160
358 43
355 40
368 151
363 162
360 23
367 158
348 167
365 160
359 44
367 152
366 159
357 20
356 41
365 154
359 22
366 158
359 23
357 21
362 162
365 153
355 41
363 161
347 167
368 150
359 45
366 152
358 22
358 44
356 48
364 160
358 45
365 158
364 159
364 153
354 41
358 23
355 48
356 21
352 41
357 22
361 162
355 42
347 166
356 47
367 150
365 152
362 161
366 150
357 23
355 21
357 45
354 42
364 152
355 43
353 41
365 151
362 160
347 165
355 47
356 46
364 158
367 149
352 42
361 161
350 41
363 158
355 44
285 242
361 160
353 42
367 144
346 165
358 149
352 43
367 148
356 45
360 161
356 23
365 150
359 150
355 46
284 241
360 151
363 152
336 169
355 22
355 23
337 169
348 20
289 241
361 151
349 41
336 168
345 165
360 160
354 46
359 149
358 148
285 241
360 150
366 148
359 161
284 240
358 160
355 45
362 152
362 158
364 150
367 147
366 144
284 242
367 145
354 44
350 40
352 20
353 43
288 241
289 240
349 20
353 44
362 151
360 149
366 147
361 158
354 45
352 21
366 145
359 148
360 159
338 169
337 168
354 23
351 20
361 152
359 160
350 39
285 240
284 243
365 148
363 150
348 41
281 244
364 149
350 21
348 21
362 157
300 53
358 159
286 241
345 164
287 241
338 168
339 169
349 21
275 215
354 26
348 42
283 243
362 150
361 153
359 159
286 240
354 24
300 54
353 45
281 243
365 145
361 149
351 21
344 164
366 146
362 156
282 244
348 22
299 53
360 158
350 38
340 168
270 216
364 148
365 147
288 240
360 148
351 39
352 22
288 239
271 216
360 157
353 24
270 217
352 23
364 147
339 168
281 242
359 158
287 240
340 167
351 22
361 156
282 243
275 216
351 38
344 163
361 148
360 153
286 239
361 154
353 48
354 25
289 238
299 54
353 26
352 45
349 22
343 164
362 149
274 215
300 55
348 43
365 146
352 46
343 163
272 216
287 239
362 148
351 37
285 237
359 157
349 23
339 167
353 25
275 217
363 147
349 43
282 242
364 146
291 237
351 45
289 237
292 236
351 23
340 166
274 216
353 47
298 54
360 156
293 235
270 218
288 238
352 48
360 154
299 55
342 164
276 223
298 55
340 165
293 234
282 241
287 238
350 23
363 146
274 217
271 218
285 236
352 47
360 155
297 56
362 147
291 236
349 44
359 156
269 234
272 217
273 216
292 235
351 36
342 163
290 237
351 48
351 24
351 46
339 166
275 218
349 24
299 56
284 237
283 236
286 237
348 53
352 25
283 237
351 35
287 237
285 235
348 52
272 218
347 53
269 233
349 25
351 25
341 163
292 234
273 217
270 234
297 57
275 219
275 223
291 235
276 222
298 56
282 240
362 146
359 155
338 166
293 233
349 45
290 236
339 165
282 236
351 47
350 24
287 236
351 26
272 231
273 218
338 161
338 165
271 234
350 47
286 235
275 224
358 155
284 235
270 235
362 145
350 25
348 45
282 237
291 234
290 235
348 51
275 222
282 239
292 233
271 236
298 57
329 64
274 223
347 52
340 163
350 35
268 233
297 58
346 53
281 240
351 34
275 220
274 222
284 234
357 155
281 239
272 234
362 144
349 47
329 65
287 235
286 234
272 230
348 34
297 59
268 232
348 46
282 238
298 58
338 162
271 235
337 165
290 234
337 161
275 227
298 60
272 236
292 232
350 26
330 64
347 51
339 163
275 221
346 52
278 240
269 231
350 34
271 231
275 225
281 237
273 219
338 164
279 240
274 225
348 47
357 154
330 65
348 33
290 233
349 34
299 58
328 65
272 235
270 231
268 231
350 27
278 239
273 234
280 239
287 234
275 226
291 232
299 60
337 162
337 164
346 51
281 238
283 234
273 220
326 67
329 66
274 221
292 231
347 50
331 64
271 230
361 144
274 227
273 236
338 163
298 59
328 66
337 163
326 68
361 143
280 238
349 33
356 154
279 239
299 59
272 228
336 164
348 48
291 231
270 230
273 235
290 232
300 58
327 67
289 233
345 51
335 165
273 221
283 233
282 234
331 65
274 226
325 67
346 50
288 234
350 28
271 229
292 230
330 66
300 60
329 67
268 230
357 153
272 227
356 151
300 59
334 165
359 142
350 31
349 32
290 231
335 164
270 229
349 28
356 153
279 238
347 48
281 234
345 50
283 232
272 221
350 29
288 233
361 142
346 49
291 230
336 163
328 67
327 68
319 70
302 61
325 68
331 66
357 152
268 229
330 67
319 72
301 60
273 226
274 235
289 232
271 228
270 228
350 30
320 70
271 221
328 68
284 232
281 235
279 237
290 230
275 235
331 67
349 31
349 29
355 151
335 163
272 226
354 154
345 49
348 28
302 60
336 70
289 231
267 229
330 68
359 141
302 62
320 72
333 165
291 229
319 71
336 68
361 141
352 154
327 69
324 68
301 59
344 50
340 74
334 164
346 48
288 232
356 152
360 142
339 71
348 29
279 236
302 59
280 235
290 229
270 221
324 69
339 74
333 164
338 71
351 154
349 30
346 47
275 234
271 226
355 152
284 231
331 68
343 50
340 75
285 232
344 49
354 153
328 69
303 60
335 68
361 140
320 69
337 70
269 228
330 69
303 62
288 231
360 141
339 72
270 227
353 154
266 229
320 71
334 163
289 230
336 69
267 228
287 232
321 70
354 152
270 226
334 162
321 71
348 30
321 69
287 231
329 69
335 69
269 227
334 68
339 75
360 140
335 43
322 70
303 59
276 234
277 235
266 228
337 71
304 62
332 68
344 48
289 229
324 70
353 153
339 73
303 63
331 69
347 29
351 153
270 222
333 163
279 235
330 70
285 231
323 69
345 47
290 228
343 49
346 46
353 146
335 44
destination
