map
random512-40-6.map
pivot
193 346
agent & start
377 472
372 487
359 490
45 380
41 384
44 381
40 387
59 412
60 411
41 386
42 385
2 357
378 497
375 494
1 358
43 382
63 412
358 491
371 488
61 410
357 491
377 473
358 490
375 491
378 496
2 356
41 385
62 412
378 472
372 488
1 357
61 411
60 412
373 487
44 380
40 386
375 493
43 381
59 413
375 492
375 490
33 386
40 385
373 488
357 490
1 356
2 355
378 473
62 413
43 378
61 412
376 493
43 380
374 489
60 413
378 495
61 413
378 474
39 385
0 354
41 381
33 385
42 378
2 354
376 492
375 489
60 414
378 494
356 490
1 355
377 493
374 488
357 489
34 386
43 379
377 492
0 353
42 379
41 380
39 384
378 475
355 490
356 489
40 381
62 415
1 354
354 489
378 493
41 378
61 414
379 474
34 385
375 488
376 489
38 384
39 383
61 415
35 385
354 488
378 492
379 475
62 416
355 489
1 353
375 487
34 384
40 382
40 380
377 489
0 352
41 379
375 486
380 475
36 385
39 382
61 416
34 383
1 352
355 488
38 383
379 492
379 488
354 475
40 379
377 488
376 487
35 383
38 382
379 487
61 417
379 489
354 476
379 491
34 382
380 488
1 351
355 487
36 384
353 475
39 379
2 352
378 488
376 486
380 476
37 383
60 417
37 382
353 476
34 381
381 488
38 379
378 487
380 477
355 486
36 383
352 475
2 351
33 380
380 489
354 477
377 486
379 490
330 452
353 477
352 476
346 474
34 380
355 485
380 478
382 492
59 417
378 486
38 380
380 490
331 453
33 379
347 473
351 475
381 489
2 350
3 351
36 382
384 492
35 380
397 478
380 479
381 478
347 474
346 473
332 453
4 351
37 380
381 490
59 416
329 452
353 478
352 477
34 379
2 349
383 492
382 491
36 381
354 485
378 485
353 486
396 479
326 451
385 492
382 489
330 453
351 476
332 471
3 350
327 451
325 451
58 416
36 380
348 474
329 453
352 478
331 471
345 473
353 485
35 379
332 470
385 491
333 471
4 350
382 490
379 485
330 470
381 479
328 452
396 480
330 454
2 348
352 486
397 477
380 480
351 477
333 453
397 479
334 454
383 491
397 480
329 454
351 478
385 490
383 490
3 348
379 484
36 379
325 452
332 469
328 453
333 454
327 452
352 479
350 477
345 472
349 476
348 475
331 470
386 489
4 349
57 416
330 471
381 480
380 485
379 482
17 322
352 485
334 455
397 476
398 477
334 471
344 472
350 478
348 476
17 323
380 486
325 453
4 348
398 476
385 489
328 454
329 471
36 378
333 455
349 477
384 490
3 347
397 481
351 479
331 469
327 453
379 483
18 322
332 468
56 416
386 488
380 482
397 475
381 481
333 469
351 485
335 471
339 470
18 323
5 348
350 485
333 456
326 453
36 377
334 469
349 478
385 488
332 465
381 482
335 470
327 454
348 477
344 471
350 479
398 475
328 471
343 472
384 489
20 323
351 484
19 322
399 476
397 482
331 468
4 347
396 473
17 324
383 488
56 417
333 468
381 486
380 483
383 487
19 323
18 324
4 344
20 322
381 483
333 467
328 470
385 487
6 340
382 486
36 376
35 377
334 468
20 324
332 456
332 466
350 480
17 325
5 347
396 482
348 478
326 454
382 482
399 475
6 348
384 488
396 472
56 418
343 471
340 470
54 416
335 469
331 467
4 346
46 420
350 484
55 417
21 323
349 485
339 469
332 464
395 473
35 376
54 417
383 486
332 457
332 463
384 487
18 325
17 326
55 418
10 339
399 474
8 339
4 345
56 419
333 466
349 484
6 341
335 468
7 340
348 479
349 480
44 421
395 472
46 419
330 467
21 322
395 482
334 467
328 469
331 462
397 472
331 466
339 468
5 346
326 455
350 483
4 343
340 469
45 420
342 471
53 416
400 475
382 483
6 347
331 464
382 485
24 321
350 481
343 470
19 324
55 419
342 470
53 417
395 481
327 469
18 326
10 340
334 466
54 418
9 339
6 346
383 485
5 345
343 469
325 455
331 463
394 482
335 467
382 484
328 468
5 343
348 480
399 473
330 466
400 474
398 472
45 421
349 483
336 468
47 419
7 341
413 457
384 486
24 320
326 456
332 458
35 375
23 321
333 463
22 322
44 422
8 340
19 325
394 472
341 469
392 482
330 462
340 468
350 482
411 457
48 419
393 482
35 374
334 465
330 465
349 482
23 320
347 480
409 468
23 322
410 457
383 484
7 342
19 326
394 481
398 471
408 457
384 485
32 375
18 327
8 341
325 456
393 472
53 418
332 459
45 422
348 483
54 419
335 466
343 468
6 343
400 473
336 467
341 494
412 457
9 340
341 468
413 458
392 481
34 375
330 463
333 462
329 462
55 420
327 468
6 345
392 483
342 469
22 321
334 462
400 472
340 494
329 465
6 344
408 456
384 484
393 481
408 468
341 467
54 420
341 493
7 343
335 465
48 420
329 463
51 419
399 471
19 327
324 456
394 474
401 473
347 481
327 467
9 341
46 422
53 419
340 492
20 326
342 468
339 491
33 375
32 374
347 483
7 345
332 498
412 458
409 467
343 467
23 323
35 373
325 457
409 457
22 320
45 423
393 473
348 482
391 483
336 466
24 324
34 374
333 459
391 473
20 327
18 329
19 328
393 480
343 466
333 498
409 466
51 420
341 466
334 459
27 326
342 467
48 421
384 483
7 344
394 475
336 465
17 318
326 467
24 325
347 482
412 459
407 468
409 456
391 474
406 469
338 491
345 480
9 342
327 466
390 483
324 457
23 324
405 470
400 471
33 374
22 319
393 474
35 372
392 473
346 481
46 423
401 472
33 370
53 420
340 493
334 461
332 497
339 492
52 419
323 456
18 331
408 467
325 458
329 464
408 455
303 461
21 327
22 318
338 492
27 327
46 424
303 459
12 342
47 423
404 470
409 455
331 497
325 467
19 329
9 343
409 465
33 373
49 421
393 479
385 483
405 469
400 470
33 371
406 468
8 344
389 483
18 318
18 330
20 332
345 481
334 460
342 466
346 482
53 421
326 466
333 497
19 331
393 475
32 370
401 471
328 464
407 467
325 459
34 372
339 493
323 457
412 460
23 325
17 317
13 343
336 464
50 420
24 326
392 474
344 480
26 326
20 328
52 420
342 479
10 343
411 460
385 482
33 372
21 318
52 421
26 327
50 421
343 480
303 460
20 331
392 479
336 459
323 458
46 425
410 455
406 467
22 317
325 466
19 330
18 317
32 371
12 343
337 492
9 344
345 482
392 475
393 476
401 470
404 469
23 326
303 458
19 332
335 460
331 496
333 496
389 482
53 422
25 326
21 328
408 465
48 423
402 471
12 341
326 465
13 342
21 332
403 470
19 318
342 465
327 464
324 459
20 329
18 333
336 463
344 481
338 493
388 483
393 478
24 327
302 461
402 470
22 328
341 479
302 460
344 482
12 340
25 327
23 327
47 425
336 494
325 461
338 464
336 478
391 479
342 464
337 463
21 317
393 477
386 482
9 345
326 464
13 341
21 331
342 480
324 460
337 493
22 338
387 483
21 337
336 462
24 328
47 431
301 459
323 459
50 422
404 456
343 481
403 469
19 333
18 334
411 461
406 466
411 455
388 482
19 317
32 372
48 424
392 476
20 330
337 459
335 495
31 371
325 465
410 462
53 423
336 460
336 492
304 458
18 316
52 422
333 495
11 343
407 465
331 495
10 344
330 496
410 461
405 466
407 464
22 331
336 479
335 494
54 423
48 431
404 457
11 344
22 337
12 339
329 496
336 493
20 317
324 461
325 462
22 329
52 423
305 458
332 495
13 340
339 464
334 495
20 335
405 456
406 457
10 345
56 423
304 457
340 481
411 454
51 422
341 464
337 462
48 425
23 328
323 460
337 478
28 375
341 480
31 372
47 430
386 481
325 464
57 424
407 458
25 328
409 462
301 460
21 338
402 469
342 481
337 460
390 479
391 478
387 482
338 463
336 461
19 334
343 482
300 459
392 477
19 316
21 330
20 334
339 463
25 329
406 464
51 423
343 483
22 336
30 374
335 493
337 479
396 462
22 330
306 458
387 481
20 316
325 463
391 477
11 345
338 462
389 479
29 375
56 426
324 464
390 478
334 494
20 338
341 463
338 478
50 424
10 346
404 466
332 494
340 480
329 495
405 457
337 461
304 456
342 486
56 424
49 431
22 340
55 423
341 481
328 494
406 458
339 479
398 464
21 335
14 338
408 462
300 460
323 461
57 425
402 468
31 373
409 461
407 459
342 484
28 374
342 482
49 425
47 429
299 459
411 453
23 329
13 339
405 464
56 425
402 467
11 346
306 457
401 466
331 492
51 424
397 462
299 460
332 493
341 486
387 480
341 482
340 463
403 466
408 461
22 335
334 493
22 341
305 456
300 461
407 460
49 426
390 477
30 373
396 463
20 339
21 340
389 478
337 480
324 463
399 464
50 425
400 465
55 424
339 462
405 458
29 374
338 479
55 426
20 315
397 464
21 334
323 462
412 453
48 429
342 483
23 330
342 485
15 338
339 480
329 494
14 339
49 430
25 330
328 493
406 463
341 484
406 459
338 461
15 339
331 491
400 464
306 456
329 493
389 477
307 455
48 428
413 453
20 314
22 334
55 425
49 429
333 493
19 339
396 464
405 459
12 346
339 461
388 476
407 461
403 465
323 463
21 341
20 340
29 373
330 488
299 461
338 480
22 342
340 462
50 426
388 464
11 347
388 478
402 466
406 460
24 330
49 427
341 483
51 425
341 485
332 492
387 479
405 463
340 486
398 462
401 465
406 462
388 477
24 331
391 464
23 334
339 486
402 465
309 456
391 462
339 460
330 489
49 428
20 341
333 492
399 462
394 465
387 476
390 463
389 464
340 453
299 462
329 488
322 463
54 425
414 453
23 332
308 455
331 490
338 481
411 448
405 460
388 463
406 461
51 426
387 478
405 462
15 340
21 342
340 483
29 372
331 488
20 313
329 492
340 485
307 456
395 464
404 463
19 340
401 464
12 347
340 461
386 478
24 334
393 465
52 426
341 453
23 333
339 485
390 462
412 448
339 483
392 464
17 341
331 489
328 488
388 462
20 342
19 341
28 372
413 449
340 452
329 491
400 462
53 425
24 332
13 347
404 462
332 490
333 491
391 463
405 461
338 482
340 460
339 459
321 463
394 464
387 477
308 456
309 457
21 313
389 463
402 464
299 463
29 371
411 449
15 341
403 463
338 486
50 428
414 452
403 462
333 490
20 343
328 489
341 454
321 462
340 459
28 371
415 432
300 463
308 457
388 461
341 452
309 458
339 484
29 370
24 333
386 477
25 332
51 428
393 464
338 485
392 463
14 347
385 478
344 453
414 451
22 313
389 462
53 426
18 341
22 311
16 341
329 490
412 449
404 461
413 450
414 431
337 482
401 462
394 463
332 489
402 463
413 451
305 465
341 451
304 466
23 311
338 484
26 332
15 343
403 461
18 342
389 461
393 463
308 458
337 483
344 454
53 427
16 348
414 432
333 489
14 346
342 454
19 343
328 490
340 458
28 370
387 461
386 460
341 455
22 312
27 371
52 428
413 431
320 462
415 433
16 342
412 450
343 453
300 464
385 477
402 462
25 333
342 452
342 455
305 466
343 452
383 448
415 434
387 460
17 348
15 344
411 430
413 432
413 440
304 467
343 454
53 428
412 451
386 459
15 346
342 451
16 347
415 436
27 370
393 462
306 465
337 484
51 430
313 458
308 459
389 460
402 461
333 488
340 457
300 465
16 343
23 312
318 463
18 343
303 466
385 476
319 462
327 490
26 333
414 433
412 440
26 334
312 458
402 460
306 466
383 449
393 461
318 462
313 459
24 312
17 343
299 465
385 475
343 451
52 430
333 487
18 348
26 370
411 431
303 467
387 459
316 460
315 459
390 460
51 431
415 435
343 455
16 344
415 437
53 429
414 438
308 460
29 333
52 432
344 450
317 461
413 433
336 484
341 457
15 345
411 451
410 430
17 347
383 475
384 456
29 331
386 458
413 439
342 456
16 346
384 448
317 463
34 330
327 491
26 335
33 330
388 459
384 455
345 450
317 462
315 460
316 461
413 438
53 430
410 451
312 459
383 474
32 329
26 369
18 347
326 491
332 487
302 467
413 434
344 451
384 475
342 457
28 333
315 464
34 331
409 430
387 456
411 432
17 344
412 433
412 439
414 437
299 466
309 460
384 449
306 467
25 312
30 331
24 313
316 463
333 486
392 461
16 345
53 432
385 456
401 460
386 457
413 436
385 448
414 435
343 456
52 431
391 460
29 332
335 484
314 459
28 334
412 434
301 467
26 312
385 455
310 460
25 313
385 449
334 484
19 347
411 439
407 433
413 437
30 332
306 468
27 335
409 431
314 464
346 450
33 331
343 457
26 368
345 461
325 491
409 451
17 345
315 461
36 328
412 438
388 458
413 435
387 457
315 463
314 460
32 328
316 462
53 431
345 451
392 460
384 474
342 458
332 486
386 456
31 331
408 432
298 468
411 433
33 329
383 473
312 460
299 467
410 432
401 459
311 459
324 491
322 489
401 458
54 431
333 484
344 457
392 459
411 438
300 467
19 346
412 435
20 347
343 458
26 313
37 326
301 468
407 432
409 452
389 458
31 332
55 432
408 451
411 434
32 331
26 367
311 460
298 469
37 324
314 461
27 312
332 485
345 462
388 457
315 462
344 461
408 433
36 327
385 454
385 450
33 328
384 473
18 345
346 451
32 327
342 459
307 468
386 449
384 453
409 432
407 434
400 459
299 468
28 335
27 344
386 455
35 328
314 463
407 430
412 437
332 484
36 326
324 490
406 432
385 451
343 459
20 346
56 432
406 430
389 457
386 450
27 313
346 452
314 462
411 437
323 489
35 327
390 458
408 452
400 458
411 435
27 345
308 468
19 345
33 327
392 458
26 344
384 452
36 324
26 314
408 434
347 451
31 333
311 461
322 488
385 453
37 325
344 460
299 469
348 452
331 485
26 366
346 462
300 468
350 452
344 458
29 335
299 475
55 431
32 332
409 433
407 431
386 454
384 472
344 459
57 432
386 453
385 472
35 326
27 346
391 458
56 431
405 432
299 474
331 484
389 454
402 453
400 457
347 462
324 489
388 455
32 333
347 452
28 313
27 314
385 452
329 486
406 431
405 430
309 468
321 486
407 452
350 453
26 345
300 469
34 327
332 483
313 462
392 457
349 452
311 462
30 335
308 467
20 345
27 366
322 487
323 468
409 434
411 436
389 456
300 475
36 325
323 488
386 451
387 471
400 456
21 345
27 365
28 314
391 457
409 441
309 467
300 470
406 452
402 452
347 453
331 479
324 488
60 434
322 486
322 468
401 453
310 468
330 484
399 457
300 474
388 454
323 487
386 472
387 453
301 475
32 334
311 463
399 453
25 345
34 326
389 455
321 485
319 467
31 335
408 442
349 453
329 485
299 473
57 431
409 435
345 459
386 452
347 461
26 346
331 483
410 436
312 462
392 456
323 469
35 325
346 460
56 428
328 486
387 451
405 431
391 456
56 429
405 452
24 345
388 451
398 457
409 440
302 469
322 469
319 468
409 436
399 454
27 364
301 474
321 468
312 463
22 345
310 467
347 460
300 473
388 453
301 470
32 335
387 452
408 441
387 470
28 363
320 467
330 483
407 442
304 469
323 486
25 346
61 434
404 431
400 453
64 435
60 433
300 471
346 459
329 484
57 428
29 314
386 471
330 479
401 452
399 456
324 487
399 452
34 325
327 486
349 454
392 455
347 454
322 485
57 430
331 480
390 455
24 346
60 426
347 459
301 471
399 455
33 325
57 429
32 336
347 455
322 470
328 484
406 442
304 470
408 440
61 433
58 430
311 467
401 451
62 434
64 434
407 441
27 363
312 464
301 473
325 487
391 455
400 452
63 435
59 431
31 337
330 480
302 470
60 432
388 452
398 456
28 362
30 318
386 470
303 469
330 482
29 315
323 485
403 431
22 346
311 465
59 427
408 436
326 486
58 428
23 345
404 452
348 454
331 481
320 468
32 337
27 362
62 433
311 466
330 481
402 431
31 338
303 470
59 428
321 470
31 314
407 440
400 451
28 361
386 469
31 318
60 427
30 317
328 483
399 450
325 486
60 431
347 456
348 455
408 437
30 315
58 429
406 449
320 469
348 459
32 319
404 451
398 455
405 448
390 453
63 434
405 450
33 324
326 485
29 316
61 426
312 465
324 485
392 453
389 452
391 454
301 472
302 473
23 346
59 430
406 443
407 448
321 471
32 314
320 470
391 453
32 322
404 450
60 430
406 440
348 456
397 455
406 448
302 472
408 438
347 457
62 426
33 323
407 439
61 431
59 429
23 347
349 459
303 471
32 320
328 482
392 452
329 481
63 433
406 444
400 450
32 318
405 449
27 361
31 315
30 316
390 452
32 338
385 469
31 317
407 447
61 427
399 449
303 473
312 466
313 465
402 432
325 485
404 448
31 316
405 440
349 458
26 361
23 348
32 315
33 322
33 318
62 427
406 439
384 469
63 432
60 429
400 449
27 360
313 466
406 447
327 482
396 455
324 483
61 428
321 472
33 320
32 321
348 457
328 481
61 430
404 449
304 473
303 472
325 484
401 432
319 470
350 459
406 445
407 438
349 456
394 455
391 452
397 454
62 431
407 446
32 339
406 438
350 458
61 429
391 449
62 428
27 359
32 340
320 472
325 483
21 355
33 317
24 348
328 480
319 471
62 430
383 469
405 439
304 472
403 449
324 482
401 449
33 321
26 360
394 454
405 437
63 431
322 472
396 454
66 432
20 352
391 451
405 445
64 432
406 446
400 432
395 455
32 316
349 457
20 354
32 342
313 467
327 481
327 480
405 438
394 453
391 450
24 349
400 433
405 446
21 352
395 454
23 350
305 472
27 358
326 481
315 470
322 473
324 481
21 354
350 457
382 469
66 431
401 436
318 473
319 472
destination
