map
random512-35-9.map
pivot
387 210
agent & start
84 471
25 30
84 445
6 81
81 448
2 263
100 487
3 256
42 11
26 373
27 372
108 495
64 405
17 364
136 505
60 407
27 374
2 251
13 78
135 504
2 345
99 486
98 481
1 86
42 403
11 74
38 19
62 407
22 63
112 495
28 19
30 377
63 400
4 347
33 14
34 385
134 499
2 343
4 257
101 488
2 349
3 350
22 369
40 401
20 57
1 262
31 378
90 463
137 504
4 83
85 468
86 473
3 260
43 404
109 496
12 77
64 401
49 14
133 498
86 469
85 470
87 454
2 261
27 30
111 496
107 490
102 489
80 449
85 472
10 75
37 390
83 446
4 259
1 250
87 474
5 352
100 483
41 12
28 373
65 404
28 375
45 404
26 31
28 29
55 14
35 14
51 14
12 73
14 79
54 15
63 406
23 28
86 455
91 462
62 399
4 351
24 21
2 85
99 482
11 76
103 490
25 372
22 27
7 80
133 500
17 363
87 467
103 489
63 401
32 378
110 496
6 352
4 252
24 28
46 404
34 386
9 81
42 12
2 86
109 495
62 400
14 80
3 263
29 373
83 447
85 471
63 405
135 503
25 371
54 14
44 404
22 62
7 81
99 481
13 79
62 406
53 15
27 19
38 18
26 20
84 446
102 488
26 372
86 470
87 473
31 377
4 346
43 403
47 403
3 345
101 485
34 14
3 85
41 13
3 309
91 463
22 368
86 472
3 281
4 350
100 482
2 262
27 371
22 26
23 369
12 76
33 385
81 449
40 400
18 364
37 17
4 348
4 260
2 250
5 83
4 256
3 343
28 374
5 259
27 29
133 501
64 404
5 251
2 282
88 474
21 57
3 251
11 75
32 370
52 14
23 63
107 489
135 499
1 87
60 406
25 29
3 349
49 13
86 468
28 370
37 389
12 74
92 462
10 256
134 498
3 255
37 19
26 30
86 454
87 469
28 28
100 486
25 21
1 249
33 15
101 487
136 504
5 351
112 494
23 368
25 28
92 463
46 403
4 85
41 400
103 488
1 282
54 13
33 384
18 363
20 365
110 495
35 16
12 75
3 308
1 88
33 382
42 13
48 13
100 481
40 399
4 309
112 493
106 489
33 378
21 58
4 349
82 449
87 468
27 20
36 389
61 406
3 342
24 63
44 403
5 350
36 17
47 402
101 486
121 490
4 345
23 62
3 262
4 281
85 454
4 255
136 503
22 365
87 472
27 28
134 497
104 489
63 402
10 257
7 352
83 448
86 471
102 485
31 372
111 494
6 257
28 369
33 370
26 371
27 370
9 82
2 249
7 82
4 261
32 371
62 401
33 16
32 377
2 281
6 83
5 84
6 351
35 388
6 259
134 501
37 388
140 509
5 252
41 14
34 387
3 86
89 466
34 15
90 475
25 370
24 369
88 467
4 251
4 263
9 256
53 14
37 18
63 404
5 260
136 499
3 264
88 473
22 25
26 21
26 29
109 494
2 283
13 80
84 447
19 364
10 81
29 374
103 487
4 342
44 402
9 257
41 399
34 382
3 249
3 265
93 463
141 509
24 26
25 369
8 256
31 19
2 284
9 83
33 383
24 62
21 365
4 308
22 60
32 372
4 264
36 388
42 14
13 75
13 81
3 89
20 364
50 6
3 341
5 345
23 61
26 370
90 466
6 84
4 262
4 250
62 402
103 485
33 377
7 257
10 82
6 86
5 85
87 471
122 490
5 253
7 351
62 404
106 488
1 283
8 258
21 59
4 344
32 376
88 468
120 490
123 491
36 18
110 494
12 306
41 15
134 496
5 309
135 501
90 474
22 366
35 387
5 349
134 494
102 486
5 255
23 25
27 27
53 13
49 7
23 367
1 281
111 493
6 256
91 475
27 21
140 508
84 448
6 350
3 87
6 252
8 82
6 260
33 371
26 28
30 374
105 489
137 499
104 488
35 17
88 472
83 449
141 495
84 454
4 340
121 489
4 310
4 312
27 369
101 481
19 363
136 502
5 261
61 405
127 493
31 373
88 470
47 13
46 402
25 27
23 365
89 467
7 83
34 16
4 282
2 88
123 490
42 15
31 374
5 86
8 259
32 373
23 366
62 403
12 307
4 341
7 260
4 311
9 84
7 350
141 494
34 377
122 487
128 493
28 21
140 495
32 19
110 493
10 83
90 473
1 280
105 488
34 383
24 25
3 88
19 362
36 387
109 492
6 267
33 18
121 488
35 18
5 262
12 81
84 449
89 470
134 495
33 372
47 14
41 398
6 253
26 27
50 5
49 8
51 12
5 254
92 475
29 20
4 89
88 471
53 12
5 340
7 256
10 307
89 468
11 306
26 369
4 87
22 59
136 501
83 450
102 481
8 83
6 85
6 261
25 26
124 491
24 365
0 285
34 17
4 307
142 509
8 351
103 486
24 367
1 284
137 502
35 382
120 489
61 404
45 402
137 500
11 82
4 265
94 463
6 255
140 507
18 75
5 282
5 310
14 75
133 494
85 448
50 7
126 493
24 61
7 348
5 266
21 364
32 375
6 281
4 249
90 467
5 344
9 258
5 312
23 60
84 453
27 368
30 19
6 349
34 372
126 492
34 376
6 342
6 246
139 505
5 265
34 18
24 60
12 84
50 8
5 89
11 307
122 488
89 471
51 5
5 87
32 374
135 495
5 341
29 21
91 473
125 491
6 266
30 20
24 366
43 15
12 82
35 383
133 493
109 491
128 492
121 487
52 12
84 450
0 286
13 85
4 306
120 488
15 75
26 26
8 350
9 351
5 311
103 481
40 396
140 506
91 467
26 368
41 397
105 487
1 285
6 310
50 4
21 363
92 474
51 11
46 14
90 472
6 282
29 63
42 16
7 255
9 259
124 490
6 262
19 75
23 59
5 249
8 84
139 495
143 509
127 491
61 403
20 362
84 452
8 348
4 88
7 85
9 261
10 308
5 307
7 309
83 451
90 468
25 367
110 492
7 349
89 469
7 281
6 344
33 19
137 501
7 261
25 25
12 308
6 254
7 267
6 90
133 491
104 486
85 449
53 11
1 279
45 401
123 487
140 494
95 463
36 386
41 395
18 76
10 84
36 385
34 19
93 474
85 452
7 246
9 348
15 76
46 15
5 306
140 505
52 11
50 3
7 284
10 85
50 9
7 262
42 395
0 287
127 490
9 350
6 283
7 282
120 487
8 261
104 481
30 367
7 90
8 349
19 76
14 85
30 21
124 487
91 468
85 450
7 266
6 263
23 58
123 488
91 472
6 311
51 4
13 84
35 384
133 492
6 265
60 403
22 363
94 475
6 247
40 395
129 492
139 494
20 75
45 400
41 362
2 279
105 486
26 25
124 489
84 451
17 76
95 464
93 466
29 62
5 88
143 508
126 491
138 501
6 249
12 83
94 465
20 215
34 375
1 286
45 14
86 449
32 61
11 308
6 89
6 341
9 260
41 396
36 383
25 366
8 309
37 382
139 504
7 254
136 495
7 344
34 373
21 362
90 471
29 24
87 448
7 310
24 59
9 254
33 374
134 491
90 469
12 309
110 491
26 367
41 394
18 77
43 16
8 85
35 20
30 63
10 259
10 351
7 342
109 489
30 24
31 61
40 394
42 362
7 265
137 495
87 449
17 77
143 507
94 474
10 350
13 83
85 451
8 254
7 345
7 249
36 384
12 310
9 253
29 367
35 373
125 487
2 286
7 311
7 263
20 214
15 77
7 87
27 25
144 508
106 486
41 363
10 342
35 21
141 505
52 398
59 403
138 494
7 283
21 215
95 475
30 22
11 259
86 450
22 216
10 310
16 76
26 60
42 396
108 488
124 488
29 61
8 266
7 247
9 349
8 284
191 511
13 311
32 60
1 287
34 20
14 84
25 59
140 504
104 482
38 382
24 58
7 89
52 10
88 448
8 262
43 361
22 362
10 86
34 374
28 24
7 343
11 351
3 279
8 86
120 486
94 466
91 471
91 469
7 341
51 9
45 15
139 501
6 284
26 366
10 260
44 16
95 465
129 491
18 78
20 212
51 3
46 16
126 490
46 400
125 489
37 383
36 372
134 492
6 264
9 347
6 88
110 490
30 62
35 375
139 493
23 57
9 309
93 467
6 248
30 366
10 348
6 306
11 309
20 76
26 59
8 263
22 215
4 279
30 23
35 374
15 84
107 486
39 382
126 489
26 365
10 347
94 467
137 494
141 504
95 466
86 451
25 58
30 61
37 384
28 25
51 398
8 87
120 485
2 287
104 483
43 362
140 501
20 213
95 474
31 60
7 88
10 349
40 393
8 283
16 85
16 77
11 310
59 402
29 366
145 508
3 286
44 361
27 60
129 490
41 364
32 59
112 489
192 511
8 253
139 500
11 260
30 365
10 341
8 89
11 350
87 450
24 57
8 285
135 492
8 265
7 340
91 470
21 76
23 362
52 399
42 363
46 17
8 345
11 348
9 310
23 216
17 78
8 249
8 311
136 493
125 488
109 488
21 360
108 487
7 306
140 503
52 9
27 366
destination
