map
random512-35-9.map
pivot
387 210
agent & start
111 496
35 14
1 250
3 260
2 85
98 481
5 352
54 15
40 401
60 407
112 495
86 473
137 504
62 407
2 251
38 19
24 21
25 30
86 455
80 449
2 349
85 468
28 375
84 445
28 373
27 372
26 373
22 63
3 350
99 482
2 263
63 400
42 11
134 499
45 404
37 390
23 28
41 12
43 404
1 262
22 369
30 377
62 399
135 504
28 29
14 79
31 378
4 259
109 496
27 374
25 372
27 30
1 86
85 472
84 471
33 14
22 27
42 403
4 351
99 486
11 74
87 474
87 454
107 490
55 14
28 19
4 257
100 487
65 404
6 81
64 401
85 470
2 343
136 505
91 462
63 406
13 78
83 446
7 80
102 489
2 261
10 75
81 448
108 495
64 405
100 483
20 57
26 31
103 490
34 385
17 364
4 347
4 83
12 77
86 469
49 14
3 256
12 73
101 488
2 345
133 500
51 14
11 76
133 498
90 463
101 485
23 369
101 487
4 350
18 364
49 13
86 454
53 15
31 377
7 81
87 467
32 378
1 87
27 371
22 368
87 469
29 373
22 26
60 406
3 345
28 374
4 260
42 12
87 473
12 74
28 370
26 372
52 14
5 351
32 370
133 501
5 83
81 449
24 28
4 252
91 463
3 281
37 389
11 75
83 447
25 371
135 499
1 249
37 19
135 503
26 20
14 80
110 496
3 343
100 486
10 256
54 14
85 471
17 363
33 15
5 251
99 481
4 256
43 403
136 504
28 28
3 85
26 30
3 309
22 62
2 262
3 263
62 400
3 251
134 498
2 250
63 401
41 13
2 86
34 386
33 385
64 404
86 468
86 470
92 462
27 19
3 349
86 472
34 14
103 489
100 482
3 255
109 495
6 352
44 404
25 29
27 29
63 405
2 282
107 489
destination
