map
random512-35-9.map
pivot
387 210
agent & start
43 404
25 30
99 482
2 343
85 472
25 372
54 15
34 385
2 85
100 487
60 407
80 449
87 454
11 76
2 263
41 12
10 75
3 256
45 404
26 373
63 406
5 352
133 500
13 78
28 373
14 79
85 470
98 481
22 63
135 504
91 462
86 455
3 260
2 345
103 490
30 377
109 496
17 364
102 489
65 404
24 21
137 504
4 83
4 257
100 483
1 86
112 495
81 448
108 495
86 469
136 505
64 401
84 471
7 80
28 29
85 468
42 11
51 14
55 14
37 390
27 374
35 14
4 347
23 28
33 14
49 14
3 350
2 261
4 351
28 19
87 474
27 372
6 81
64 405
27 30
2 251
62 399
133 498
62 407
20 57
12 73
63 400
111 496
2 349
1 262
90 463
26 31
107 490
101 488
31 378
86 473
84 445
22 369
22 27
83 446
38 19
28 375
99 486
40 401
134 499
1 250
12 77
42 403
4 259
11 74
86 454
38 18
4 348
3 343
4 350
27 29
6 352
2 282
53 15
3 349
34 386
11 75
3 85
86 472
107 489
62 406
13 79
112 494
22 26
101 485
3 263
34 14
87 473
27 371
52 14
25 21
37 389
28 374
109 495
32 378
92 462
23 63
28 370
2 262
102 488
5 259
2 250
81 449
37 19
134 498
18 364
5 351
14 80
135 503
47 403
3 345
23 369
28 28
26 20
3 309
100 482
5 251
27 19
25 29
37 17
44 404
99 481
63 401
3 251
1 249
110 496
64 404
84 446
46 404
22 62
42 12
4 256
91 463
1 87
85 471
3 281
135 499
88 474
17 363
24 28
32 370
87 467
5 83
43 403
21 57
2 86
60 406
7 81
31 377
133 501
40 400
10 256
101 487
22 368
103 489
33 15
83 447
49 13
100 486
62 400
12 74
25 371
29 373
9 81
86 470
63 405
54 14
136 504
4 260
33 385
3 255
4 346
86 468
41 13
4 252
26 30
87 469
26 372
12 76
5 350
4 263
33 370
24 369
47 402
19 364
88 467
35 388
21 58
83 448
26 21
40 399
6 351
112 493
37 18
3 262
12 75
20 365
63 402
35 16
24 63
41 400
101 486
33 16
62 401
4 281
111 494
33 382
5 84
84 447
87 472
32 377
34 387
27 370
13 80
3 342
9 82
4 345
37 388
46 403
4 261
92 463
6 259
121 490
29 374
23 368
36 17
25 370
1 282
26 371
7 82
25 28
36 389
48 13
109 494
110 495
6 257
18 363
136 499
2 281
85 454
4 85
9 256
41 14
61 406
3 308
90 475
27 28
136 503
28 369
106 489
63 404
27 20
7 352
2 283
134 497
33 384
4 255
1 88
23 62
4 349
32 371
10 81
31 372
26 29
53 14
2 249
103 488
22 365
89 466
3 264
34 15
82 449
5 260
140 509
6 83
4 309
104 489
88 473
100 481
42 13
134 501
54 13
33 378
22 25
5 252
4 251
3 86
10 257
86 471
44 403
102 485
87 468
4 312
110 494
41 15
7 351
4 310
12 306
105 489
4 344
3 341
6 252
6 256
106 488
30 374
6 350
22 60
3 87
6 260
136 502
33 383
91 475
33 371
5 253
88 468
8 82
88 472
27 27
32 372
24 26
5 255
35 387
62 402
5 309
46 402
26 370
88 470
19 363
103 487
62 404
6 86
90 466
4 264
141 495
21 365
13 75
3 89
3 249
44 402
4 340
34 382
1 283
33 377
22 366
21 59
42 14
123 491
7 83
1 281
4 308
122 490
25 27
137 499
121 489
5 349
36 388
103 485
5 345
23 365
13 81
36 18
26 28
90 474
141 509
53 13
20 364
87 471
8 256
47 13
23 61
9 83
4 250
2 88
5 261
104 488
31 19
31 373
111 493
23 25
83 449
61 405
50 6
101 481
120 490
7 257
32 376
6 84
27 21
134 494
23 367
84 448
34 16
9 257
140 508
41 399
4 342
4 282
27 369
84 454
5 85
8 258
25 369
93 463
102 486
4 262
2 284
127 493
89 467
3 265
135 501
24 62
49 7
10 82
35 17
134 496
34 377
137 502
9 84
133 494
28 21
32 19
26 27
50 5
5 282
35 18
102 481
4 249
61 404
24 365
103 486
21 364
18 75
22 59
41 398
32 375
90 467
7 256
83 450
137 500
62 403
27 368
23 60
142 509
24 61
124 491
11 82
26 369
134 495
128 493
53 12
30 19
141 494
10 307
85 448
8 351
90 473
12 307
42 15
6 85
140 507
destination
