map
random512-10-3.map
pivot
65 143
agent & start
495 511
506 500
501 505
504 502
498 508
496 510
500 506
510 496
509 497
511 495
505 501
502 504
507 499
497 509
503 503
499 507
508 498
497 508
494 511
506 499
496 509
510 495
507 498
495 510
503 502
504 501
501 504
499 506
511 494
508 497
505 500
509 496
502 503
500 505
500 504
493 511
509 495
504 500
508 496
495 509
505 499
501 503
494 510
496 508
499 505
503 501
506 498
507 497
497 507
510 494
509 494
500 503
497 506
495 508
507 496
510 493
511 492
498 505
496 507
506 497
493 510
494 509
503 500
499 504
501 502
492 511
504 499
505 498
508 495
503 499
511 491
494 508
499 503
492 510
507 495
505 497
508 494
501 501
496 506
497 505
510 492
502 500
504 498
509 493
506 496
493 509
500 502
491 511
495 506
499 502
497 504
504 497
502 499
505 496
501 500
509 492
491 510
503 498
508 493
506 495
498 503
490 511
496 505
500 501
494 507
511 490
492 509
492 508
490 510
500 500
497 503
509 491
502 498
506 494
504 496
510 490
489 511
495 505
499 501
491 509
508 492
496 504
493 507
507 493
494 506
511 489
505 495
489 510
494 505
497 502
490 509
511 488
507 492
495 504
505 494
501 498
508 491
498 501
500 499
504 495
492 507
509 490
503 496
491 508
493 506
496 503
499 500
511 487
497 501
490 508
505 493
494 504
491 507
502 496
504 494
508 490
503 495
492 506
500 498
496 502
495 503
506 492
493 505
509 489
499 499
510 488
498 500
489 509
502 495
487 510
499 498
511 486
509 488
495 502
506 491
494 503
486 511
507 490
496 501
505 492
511 484
491 506
497 500
498 499
488 509
503 494
492 505
489 508
490 507
493 504
510 487
505 491
511 485
486 510
494 502
510 486
488 508
508 488
490 506
492 504
destination
