map
random512-15-6.map
pivot
256 385
agent & start
14 127
112 29
418 47
375 4
407 36
52 89
65 76
492 121
475 104
391 22
42 99
19 122
118 23
57 84
137 4
50 91
396 25
422 51
81 60
506 135
450 79
472 101
435 64
392 21
91 50
24 117
90 51
48 93
485 114
448 77
82 59
129 12
106 35
481 110
397 26
459 88
60 81
102 39
17 124
22 119
402 31
89 52
36 105
38 103
86 55
44 97
400 29
423 52
41 100
124 17
443 72
436 65
425 54
134 7
83 58
73 68
447 78
9 132
469 98
139 2
92 49
87 54
471 100
387 16
395 24
504 133
500 129
510 139
454 83
64 77
63 80
461 90
499 128
105 36
482 111
412 41
119 22
453 82
61 80
507 136
426 55
67 74
484 113
488 117
394 23
416 45
476 105
393 22
6 135
447 76
494 123
77 66
408 37
100 41
111 30
109 32
34 107
489 118
437 66
117 24
68 73
7 134
445 74
29 112
389 18
470 99
456 85
15 126
493 122
487 118
101 40
474 103
432 61
446 75
35 106
464 93
58 83
12 129
446 77
98 43
463 92
75 66
30 111
27 114
39 104
110 31
138 3
71 70
135 6
417 46
47 94
383 12
401 30
496 125
10 131
498 127
32 109
491 120
391 20
88 53
121 20
37 104
433 62
5 138
405 34
428 57
487 116
53 88
20 121
439 68
511 140
96 45
457 86
468 97
132 9
473 104
21 120
415 44
114 27
385 14
123 18
140 1
490 119
78 63
2 141
424 53
80 61
120 21
26 115
23 118
63 78
414 43
465 94
379 8
49 92
399 28
411 40
0 141
398 27
479 108
85 56
431 60
113 28
503 132
413 42
66 75
410 39
460 89
502 131
43 98
33 108
4 137
388 17
8 133
40 101
1 140
434 63
95 46
115 26
51 90
107 34
473 102
69 72
427 56
438 67
478 107
128 13
122 19
93 48
97 44
483 112
378 7
430 59
94 47
45 96
25 116
458 87
77 64
94 49
501 130
480 109
419 48
54 87
466 95
441 70
371 0
508 137
103 38
377 6
59 82
477 106
409 38
84 57
509 138
440 69
16 127
390 19
505 134
497 126
470 100
111 31
22 120
408 38
96 46
402 32
418 48
399 29
94 48
34 108
28 114
0 142
33 109
490 120
423 53
101 41
63 79
23 119
507 137
466 96
112 30
454 84
81 61
76 66
482 112
495 125
417 47
122 20
436 66
509 139
88 54
397 27
25 117
503 133
106 36
456 86
98 44
135 7
142 0
409 39
2 142
52 90
462 92
64 78
113 29
489 119
425 55
406 36
498 128
428 58
501 131
35 107
421 51
140 2
502 132
461 91
104 38
429 59
448 78
139 3
13 129
77 67
107 35
382 12
42 100
411 41
377 7
87 55
467 97
435 65
446 76
19 123
67 75
83 59
471 101
105 37
94 50
504 134
400 30
395 25
69 73
440 70
85 57
386 16
29 113
396 26
401 31
497 127
118 24
415 45
372 2
491 121
493 123
7 135
123 19
379 9
391 21
387 17
108 34
474 104
64 80
75 67
5 137
70 72
510 140
59 83
476 106
371 1
432 62
427 57
419 49
445 75
48 94
43 99
117 25
47 95
9 133
463 93
95 47
57 85
496 126
62 80
393 23
459 89
473 103
447 79
66 76
136 6
488 118
394 24
11 131
460 90
71 71
453 83
442 72
30 112
86 56
477 107
102 40
31 113
78 68
392 22
484 114
403 33
438 68
6 136
478 108
80 62
44 98
51 91
84 58
464 94
65 77
141 1
14 128
20 122
455 85
17 127
413 43
41 101
53 89
49 93
37 105
433 63
121 21
132 10
426 56
116 26
115 27
110 32
129 13
416 46
410 40
388 18
95 49
82 60
487 117
46 96
475 105
390 20
465 95
383 13
506 136
431 61
89 53
38 104
424 54
378 8
68 74
494 124
74 68
15 127
420 50
480 110
404 34
414 44
373 3
90 52
61 81
36 106
375 5
31 111
370 0
124 18
391 23
103 39
434 64
18 124
92 50
24 118
457 87
93 49
376 6
10 132
1 141
109 33
12 130
483 113
500 130
405 35
79 63
374 4
389 19
384 14
100 42
499 129
469 99
472 102
441 71
505 135
412 42
137 5
108 36
407 37
55 87
120 22
133 9
8 134
479 109
26 116
32 110
21 121
449 79
78 64
420 51
24 119
105 38
398 29
83 60
89 54
100 43
112 31
427 58
122 21
375 6
386 17
58 85
436 67
508 139
86 57
107 36
44 101
438 69
477 108
416 47
31 114
393 24
419 50
414 45
143 0
117 26
0 143
80 63
79 64
388 19
18 125
26 117
434 65
417 48
390 21
384 15
123 20
480 111
458 89
469 100
69 74
450 81
459 90
68 75
415 46
66 77
493 124
369 0
460 91
413 44
47 96
430 61
52 91
510 141
106 37
132 11
490 121
370 1
385 16
470 101
396 27
78 67
110 33
507 138
383 14
7 136
406 37
453 84
403 34
59 84
373 4
55 88
502 133
491 124
432 63
466 97
468 99
76 67
38 105
463 94
462 93
476 107
25 118
71 72
435 66
483 114
84 59
15 128
42 101
448 79
408 39
75 68
93 50
481 112
475 106
495 126
402 33
61 82
433 64
484 115
409 40
410 41
485 116
129 14
494 125
371 2
120 23
454 85
78 65
421 52
382 13
401 32
44 99
60 83
72 71
27 116
111 32
1 142
426 57
486 117
32 111
53 90
456 87
389 20
499 130
13 130
394 25
443 74
397 28
92 51
498 129
412 43
90 53
501 132
465 96
82 61
74 69
36 107
33 110
423 54
376 7
95 48
51 92
101 42
404 35
54 89
20 123
449 80
411 42
98 45
87 56
378 9
395 26
504 135
115 28
405 36
377 8
491 122
124 19
21 122
440 71
138 5
22 121
62 81
109 34
445 76
142 1
43 100
37 106
141 2
88 55
11 132
431 62
31 112
48 95
103 40
6 137
97 46
374 5
467 98
425 56
85 58
474 105
96 47
496 127
81 62
134 9
9 134
372 3
102 41
64 79
118 25
140 3
488 119
108 35
136 7
70 73
49 94
428 59
479 110
511 142
472 103
77 68
114 29
119 24
17 126
439 70
442 73
399 30
497 128
429 60
137 6
121 22
392 23
10 133
500 131
32 113
12 131
28 115
30 113
133 10
379 10
455 86
23 120
35 108
506 137
14 129
457 88
41 102
388 20
373 5
107 37
135 9
389 21
379 11
33 113
80 64
455 87
142 2
490 122
68 76
380 12
509 141
28 116
508 140
459 91
65 79
500 132
134 10
14 130
93 51
73 71
131 13
113 31
504 136
25 119
510 142
396 28
387 19
27 117
118 26
499 131
483 115
32 112
20 124
416 48
377 9
72 72
99 45
436 68
24 120
123 21
477 109
137 7
392 24
413 45
43 101
86 58
481 113
90 54
407 39
371 3
83 61
409 41
424 56
470 102
126 18
85 59
111 33
415 47
62 82
465 97
81 63
69 75
511 143
410 42
33 111
432 64
9 135
442 74
54 90
408 40
115 29
417 49
461 93
441 73
53 91
114 30
117 27
38 106
67 77
480 112
116 28
428 60
49 95
399 31
18 126
10 134
471 103
484 116
106 38
402 34
119 25
478 110
30 114
1 143
15 129
464 96
383 15
370 2
384 16
96 48
435 67
56 88
497 129
130 14
425 57
34 110
502 134
463 95
456 88
400 32
394 26
418 50
406 38
469 101
77 69
71 73
385 17
427 59
92 52
74 70
84 60
453 85
485 117
467 99
87 57
476 108
492 124
434 66
45 101
12 132
412 44
414 46
382 14
430 62
109 35
449 81
475 107
393 25
125 19
495 127
13 131
437 69
133 11
110 34
439 71
404 36
59 85
491 123
112 32
48 96
369 1
494 126
91 53
386 18
55 89
450 82
431 63
79 67
143 1
457 89
120 24
37 107
129 15
141 3
136 8
403 35
419 51
21 123
460 92
35 109
496 128
426 58
60 84
101 43
458 90
376 8
102 42
381 13
466 98
138 6
32 114
506 138
26 118
47 97
140 4
75 69
7 137
397 29
70 74
34 114
88 56
444 76
97 47
498 130
89 55
474 106
488 120
422 54
395 27
19 125
42 102
505 137
100 44
103 41
121 23
98 46
52 92
454 86
443 75
493 125
448 80
76 68
398 30
420 52
66 78
374 6
45 99
79 65
378 10
438 70
23 121
138 7
435 68
433 66
368 1
444 77
408 41
86 59
501 134
42 103
74 71
102 43
488 121
132 13
56 89
468 101
434 67
116 29
463 96
453 86
505 138
141 4
424 57
427 60
479 112
85 60
388 21
104 41
120 25
367 0
12 133
106 39
478 111
45 100
139 6
10 135
15 130
90 55
112 33
441 74
419 52
404 37
498 131
126 19
494 127
47 98
398 31
134 11
118 27
110 35
124 21
34 115
21 124
369 2
107 38
62 83
89 56
38 107
88 57
27 118
413 46
72 73
489 122
70 75
425 58
495 128
37 108
19 126
114 31
7 138
508 141
33 114
464 97
13 132
99 46
436 69
131 14
394 27
115 30
71 74
93 52
143 2
431 64
98 47
60 85
53 92
119 26
499 132
449 82
125 20
439 72
415 48
477 110
375 8
371 4
384 17
378 11
122 23
469 102
467 100
63 82
500 133
442 75
137 8
412 45
492 125
8 137
75 70
460 93
49 96
506 139
474 107
457 90
83 62
61 84
482 115
440 73
28 117
470 103
135 10
396 29
66 79
101 44
414 47
466 99
465 98
493 126
1 144
127 18
50 95
376 9
438 71
462 95
25 120
68 77
33 112
450 83
92 53
484 117
84 61
454 87
486 119
432 65
471 104
385 18
386 19
411 44
389 22
509 142
121 24
458 91
97 48
130 15
377 10
410 43
380 13
100 45
487 120
24 121
91 54
22 123
448 81
67 78
496 129
370 3
30 115
40 105
437 70
29 116
79 66
39 106
421 54
52 93
392 25
48 97
409 42
401 34
497 130
59 86
136 9
381 14
54 91
490 123
423 56
387 20
373 6
379 12
117 28
81 64
416 49
51 94
374 7
43 102
430 63
429 62
456 89
103 42
34 111
407 40
73 72
511 144
426 59
475 108
20 125
382 15
481 114
36 109
406 39
393 26
428 61
140 5
76 69
14 131
485 118
480 113
383 16
507 140
399 32
504 137
473 106
417 50
16 129
123 22
142 3
400 33
9 136
402 35
35 110
133 12
459 94
510 143
476 109
483 116
459 93
500 134
502 136
55 91
72 74
434 68
102 44
413 47
455 89
397 31
384 18
112 34
371 5
486 120
96 50
124 22
381 15
478 112
46 100
66 80
383 17
433 67
414 48
370 4
65 81
87 59
50 96
120 26
367 1
385 19
108 38
407 41
116 30
136 10
49 97
395 29
462 96
74 72
416 50
114 32
426 60
474 108
419 53
378 12
435 69
139 7
443 77
449 83
504 140
464 98
101 45
393 27
7 139
472 106
81 65
509 143
40 106
94 52
10 136
115 31
496 130
56 90
487 121
485 119
84 62
34 112
466 100
457 91
380 14
135 11
2 144
35 111
400 34
60 86
39 107
119 27
382 16
369 3
113 33
392 26
134 12
121 25
386 20
14 132
424 58
131 15
427 61
70 76
389 23
368 2
422 56
440 74
405 39
372 6
452 86
406 40
73 73
75 71
420 54
480 114
17 129
58 88
8 138
57 89
429 63
439 73
85 61
91 55
92 54
377 11
415 49
388 22
30 116
103 43
473 107
69 77
418 52
37 109
503 137
117 29
398 32
140 6
43 103
411 45
0 146
26 120
18 128
484 118
387 21
494 128
401 35
133 13
107 39
481 115
396 30
110 36
28 118
52 94
458 92
404 38
373 7
142 4
476 110
48 98
141 5
495 129
376 10
104 42
23 123
109 37
125 21
22 124
499 133
467 103
482 116
469 103
492 126
47 99
498 132
21 125
417 51
460 94
493 127
137 9
106 40
432 66
501 135
445 79
477 111
51 95
33 115
63 83
511 145
89 57
470 104
489 123
127 19
38 108
138 8
375 9
98 48
436 70
41 105
465 99
504 138
80 66
409 43
88 58
451 85
442 76
508 142
86 60
390 24
441 75
505 139
93 53
71 75
62 84
64 82
76 70
105 41
15 131
59 87
454 88
20 126
13 133
488 122
54 92
366 0
444 78
111 35
399 33
90 56
394 28
468 102
126 20
438 72
510 144
437 71
123 23
67 79
99 47
61 85
19 127
53 93
463 97
118 28
143 3
146 0
456 90
100 46
507 141
497 131
475 109
25 121
36 110
448 82
450 84
430 64
402 36
65 82
469 104
423 58
368 3
448 83
91 56
487 122
504 139
429 64
381 16
92 57
389 24
105 42
372 7
122 25
136 11
374 9
98 49
17 130
99 48
504 141
43 104
452 87
3 144
384 19
126 21
422 57
130 17
84 63
9 138
70 77
437 72
89 58
25 122
111 36
66 81
510 145
481 116
447 82
468 103
116 31
484 119
107 40
412 47
29 118
425 60
375 10
400 35
451 86
14 133
475 110
499 134
414 51
1 146
404 39
419 54
100 47
120 27
477 112
450 85
420 55
33 116
509 144
456 91
26 121
63 84
505 140
71 76
401 36
68 79
485 120
426 61
57 90
8 139
119 28
471 106
416 51
73 74
385 20
454 89
23 124
466 101
115 32
378 13
436 71
367 2
502 137
498 133
403 38
50 97
434 69
428 63
431 68
435 70
86 61
511 146
140 7
31 116
94 53
76 71
458 93
442 77
493 128
476 111
37 110
147 0
0 147
21 126
496 131
463 98
42 105
394 29
118 29
35 112
491 128
69 78
124 23
132 15
489 124
500 135
125 22
87 60
395 30
462 97
472 107
470 105
143 4
36 111
383 18
427 62
138 9
102 45
40 107
443 78
495 130
424 59
467 102
114 33
58 89
406 41
411 46
56 91
376 11
391 26
96 51
414 49
417 52
488 123
460 95
432 67
444 79
141 6
405 40
16 131
144 3
409 44
39 108
480 115
18 129
133 14
387 22
41 106
478 113
92 55
101 46
449 84
103 44
415 50
377 12
139 8
433 68
49 98
61 86
392 27
491 126
123 24
2 145
369 4
134 13
10 137
129 18
503 138
106 41
90 57
39 110
83 66
62 85
497 132
407 42
54 93
112 35
82 65
24 123
445 80
135 12
44 103
88 59
379 14
382 17
494 129
121 26
30 117
390 25
479 114
60 87
131 16
74 73
474 109
110 37
386 21
371 6
418 53
370 5
53 94
507 142
398 33
373 8
72 75
48 99
55 92
431 66
439 74
393 28
128 19
13 134
113 34
501 136
108 39
482 117
59 88
19 128
146 1
441 76
20 127
93 54
22 125
109 38
464 99
83 64
81 66
402 37
430 65
47 100
486 121
483 118
52 95
388 23
11 136
12 135
440 75
365 0
399 34
457 92
437 74
64 83
396 31
117 30
97 50
1 147
27 121
68 80
487 123
101 47
123 25
62 86
42 106
0 148
51 97
477 113
506 142
95 53
135 13
71 77
94 54
17 131
375 11
117 31
464 100
469 105
140 8
21 127
144 4
399 35
413 49
442 78
380 16
490 126
398 34
422 58
110 38
55 93
147 1
466 102
457 93
496 132
474 110
450 86
367 3
73 75
472 108
392 28
507 143
19 129
106 42
465 101
77 71
455 91
419 55
122 26
501 137
493 129
83 67
37 111
15 133
382 18
67 81
75 73
411 47
511 147
452 88
109 39
139 9
404 40
485 121
400 36
428 64
454 90
131 17
35 113
414 50
134 14
99 49
468 104
112 36
482 118
137 11
429 65
30 120
414 52
365 1
433 69
29 119
8 140
456 92
4 144
418 54
379 15
415 51
133 15
491 127
60 88
43 105
381 17
432 68
494 130
393 29
431 67
435 71
41 107
119 29
130 18
13 135
22 126
384 20
373 9
54 94
47 101
440 76
425 61
479 115
510 146
483 119
492 128
431 69
80 68
437 73
98 50
30 118
369 5
372 8
386 22
90 58
489 125
390 26
16 132
389 25
63 85
403 39
497 133
114 34
426 62
471 107
81 67
12 136
66 82
121 27
38 110
421 57
148 0
93 55
488 124
20 128
83 65
378 14
416 52
3 145
84 66
366 2
461 97
2 146
449 85
460 96
438 74
103 45
14 134
64 84
391 29
40 108
48 100
396 32
453 89
39 109
476 112
503 139
409 45
387 23
412 48
82 66
65 83
395 31
383 19
509 145
138 10
447 83
486 122
413 51
45 103
113 35
111 37
475 111
132 16
24 124
9 139
32 116
86 62
105 43
143 5
427 63
397 33
52 96
58 90
102 46
25 123
406 42
49 99
446 82
107 41
505 141
430 66
84 64
70 78
127 21
92 56
430 68
124 24
10 138
368 4
439 75
96 52
26 122
434 70
370 6
97 51
126 22
74 74
18 130
125 23
120 28
118 30
394 30
146 2
405 41
129 19
91 57
445 81
388 24
142 6
23 125
376 12
377 13
391 27
451 87
481 117
115 33
56 92
478 114
57 91
462 98
480 116
116 32
444 80
424 60
85 63
385 21
499 135
104 44
402 38
417 53
53 95
61 87
89 59
423 59
87 61
366 3
144 5
62 87
394 31
425 62
18 131
498 135
456 93
74 75
417 54
78 71
75 74
440 77
399 36
131 18
104 45
126 23
108 41
71 78
105 44
2 147
510 147
45 104
435 72
103 46
464 101
372 9
37 112
384 21
1 148
146 3
44 105
32 117
478 115
110 39
407 44
138 11
84 65
412 51
477 114
458 95
400 37
452 89
6 143
391 28
52 97
404 41
82 67
100 49
479 116
23 126
40 109
80 69
145 4
429 66
66 83
377 14
392 29
415 52
495 132
486 123
56 93
149 0
474 111
508 145
90 59
492 129
86 63
496 133
453 90
490 127
450 87
124 25
3 146
381 18
494 131
409 46
380 17
439 76
4 145
375 12
29 120
427 64
116 33
468 105
445 82
50 99
423 60
483 120
99 50
488 125
48 101
465 102
147 2
364 1
59 90
27 122
69 80
432 69
26 123
139 10
70 79
416 53
455 92
454 91
408 45
118 31
73 76
121 28
54 95
396 33
418 55
127 22
480 117
442 79
484 121
120 29
30 121
106 43
476 113
482 119
128 21
38 111
433 70
363 0
122 27
449 86
17 132
21 128
500 137
85 64
424 61
451 88
109 40
401 38
42 107
472 109
125 24
367 4
11 138
406 43
91 58
397 34
22 127
140 9
43 106
9 140
412 49
438 75
507 144
469 106
502 139
89 60
443 80
101 48
14 135
25 124
376 13
419 56
487 124
89 62
475 112
411 48
383 20
403 40
463 100
413 50
24 125
385 22
470 107
10 139
506 143
448 85
148 1
373 10
511 148
500 139
53 96
72 77
395 32
127 24
36 113
30 119
41 108
481 118
133 16
93 56
87 62
436 73
134 15
96 53
422 59
81 68
31 118
430 67
8 141
123 26
143 6
390 27
129 20
501 138
489 126
389 26
434 71
461 98
441 78
59 92
64 85
112 37
57 92
115 34
473 110
505 142
15 134
55 94
365 2
95 54
132 17
135 14
117 32
65 84
426 63
49 100
107 42
137 12
460 97
98 51
420 57
67 82
421 58
12 137
402 39
398 35
20 129
61 88
378 15
102 47
388 25
114 35
141 8
446 83
68 81
405 42
386 23
462 99
46 103
58 91
379 16
371 8
493 130
369 6
97 53
68 82
116 34
19 131
373 11
138 12
458 96
399 37
505 143
100 50
465 103
380 18
31 119
443 81
7 143
127 23
492 130
372 10
428 66
392 30
396 34
72 78
381 19
43 107
87 63
111 39
112 38
85 65
422 60
144 6
468 106
113 37
3 147
46 104
71 79
502 140
90 62
53 97
376 14
454 92
435 73
104 46
370 8
16 134
412 50
442 80
462 100
500 138
507 145
494 132
449 87
5 145
388 26
101 49
133 17
483 121
394 32
134 16
67 83
49 101
26 124
377 15
478 116
457 95
110 40
121 29
417 55
427 65
496 134
106 44
509 147
50 100
406 44
24 126
146 4
8 142
36 114
485 123
378 16
14 136
79 71
499 137
13 137
15 135
18 132
23 127
78 72
139 11
489 127
389 27
418 56
446 84
147 3
81 69
419 57
464 102
429 67
90 60
387 25
473 111
108 42
91 59
76 74
467 105
140 10
400 38
45 105
118 32
433 71
456 94
423 61
403 41
115 35
125 25
103 47
105 45
75 75
80 70
4 146
41 109
86 64
17 133
54 96
451 89
22 128
2 148
450 88
28 122
452 90
426 64
89 61
124 26
498 136
150 0
409 47
438 76
401 39
129 21
383 21
96 54
511 149
482 120
10 140
94 56
126 24
374 12
122 28
135 15
407 45
506 144
424 62
70 80
508 146
366 4
415 53
368 6
52 98
57 93
472 110
474 112
402 40
149 1
69 81
384 22
463 101
95 55
493 131
369 7
453 91
48 102
114 36
29 121
416 54
117 33
47 103
395 33
469 107
364 2
123 27
479 117
484 122
32 118
59 91
61 89
477 115
145 5
471 109
455 93
62 88
486 124
365 3
107 43
410 48
420 58
367 5
488 126
58 92
128 22
82 68
510 148
408 46
38 112
64 86
0 150
27 123
371 9
475 113
12 138
393 31
425 63
73 77
501 139
432 70
390 28
51 99
421 59
20 130
148 2
404 42
398 36
119 31
65 85
55 95
102 48
99 51
460 98
11 139
439 77
131 19
470 108
363 1
405 43
1 149
66 84
130 20
37 113
141 9
386 24
385 23
9 141
137 13
444 82
132 18
441 79
448 86
362 0
480 118
397 35
481 119
476 114
88 62
74 76
77 73
6 144
502 141
438 77
477 116
138 13
53 98
114 37
470 109
487 126
126 25
446 85
424 63
22 129
433 72
143 8
394 33
422 61
87 64
367 6
131 20
39 112
99 52
435 74
406 45
404 43
452 91
423 62
19 132
362 1
140 11
382 21
104 47
493 132
460 99
428 67
44 107
399 38
34 117
389 28
419 58
361 0
146 5
462 101
395 34
465 104
25 126
468 107
103 48
496 135
108 43
145 6
486 125
134 17
56 95
484 123
384 23
96 55
374 13
393 32
23 128
81 70
3 148
366 5
509 148
51 100
506 145
392 31
6 145
110 41
456 95
115 36
69 82
21 130
459 98
58 93
43 108
106 45
55 96
95 56
432 71
450 89
78 73
365 4
122 29
437 76
133 18
37 114
61 90
57 94
113 38
363 2
473 112
2 149
439 78
411 50
139 12
7 144
0 151
27 124
381 20
449 88
416 55
489 128
503 142
86 65
488 127
499 138
403 42
388 27
510 149
379 18
444 83
102 49
508 147
148 3
453 92
17 134
441 80
111 40
400 39
20 131
427 66
129 22
107 44
29 122
491 130
32 119
79 72
101 50
474 113
151 0
372 11
40 111
66 85
369 8
445 84
501 140
42 109
70 81
467 106
398 37
67 84
149 2
120 35
507 146
476 115
370 9
497 136
421 60
38 113
137 14
402 41
36 115
9 142
142 9
54 97
387 26
447 86
1 150
454 93
62 89
5 146
92 59
50 101
485 124
451 90
117 34
74 77
128 23
371 10
80 71
24 127
150 1
396 35
417 56
109 42
466 105
378 17
123 28
434 73
63 88
147 4
471 110
41 110
504 143
436 75
475 114
82 69
385 24
464 103
121 30
71 80
132 19
136 15
455 94
47 104
49 102
10 141
60 91
119 34
457 96
458 97
93 58
481 120
64 87
492 131
407 46
125 26
409 48
26 125
14 137
383 22
116 35
397 36
88 63
410 49
77 74
144 7
112 39
440 79
18 133
124 27
482 121
119 32
461 100
105 46
442 81
16 135
90 61
415 54
498 137
75 76
46 105
376 15
368 7
408 47
12 139
48 103
15 136
386 25
97 54
72 79
479 118
425 64
33 118
56 96
468 108
97 55
9 143
407 47
495 135
71 81
387 27
114 38
106 46
115 37
417 57
462 102
13 139
471 111
433 73
377 17
19 133
12 140
454 94
68 84
122 30
420 60
486 126
44 108
112 40
497 137
99 53
88 64
364 4
84 68
470 110
451 91
69 83
10 142
134 18
124 28
496 136
7 145
423 63
414 54
107 45
42 110
102 50
469 109
430 70
436 76
61 91
79 73
119 33
133 19
416 56
437 77
144 10
395 35
75 77
446 86
441 83
92 60
8 144
145 7
400 40
447 87
152 0
379 19
121 31
48 104
22 130
141 11
5 147
455 95
146 6
38 114
65 87
506 146
381 21
458 98
83 69
37 115
113 39
58 94
479 121
0 152
460 100
149 3
474 114
428 68
121 35
129 23
401 41
483 123
452 92
34 118
23 129
86 66
126 26
473 113
118 34
376 16
360 0
440 80
145 11
366 6
21 131
104 48
463 103
140 12
476 116
135 17
33 119
57 95
398 38
100 52
475 115
82 70
422 62
131 21
130 22
87 65
27 125
369 9
371 11
1 151
439 79
511 151
410 50
54 98
409 49
507 147
487 127
503 143
32 120
370 10
95 57
502 142
80 72
137 15
77 75
40 112
408 48
93 59
459 99
368 8
488 128
510 150
50 102
151 1
101 51
431 71
116 36
438 78
39 113
378 18
415 55
43 109
424 64
461 101
66 86
72 80
457 97
142 10
485 125
498 138
46 106
396 36
73 79
25 127
78 74
139 13
481 121
445 85
144 8
367 7
508 148
36 116
148 4
35 117
504 144
6 146
125 27
435 75
509 149
382 22
63 89
466 106
441 81
363 3
105 47
49 103
70 82
426 66
385 25
91 61
130 24
67 85
404 44
138 14
41 111
491 131
478 118
18 134
501 141
477 117
484 124
29 123
14 138
143 9
123 29
62 90
120 34
16 136
365 5
384 24
401 43
392 32
17 135
373 13
94 58
453 93
81 71
383 23
402 42
45 107
109 43
74 78
388 28
406 46
394 34
11 141
76 76
120 32
494 134
480 120
362 2
421 61
391 31
418 58
26 126
98 54
493 133
472 112
432 72
490 130
108 44
449 89
20 132
3 149
482 122
464 104
444 84
52 100
405 45
427 67
110 42
28 124
479 119
10 143
33 120
102 51
368 9
58 95
30 123
375 16
26 127
453 94
445 86
13 140
463 104
406 47
489 130
17 136
511 152
7 146
25 128
507 148
147 6
427 68
12 141
83 70
55 98
466 107
8 145
114 39
480 121
479 120
42 111
486 127
451 92
149 4
150 3
504 145
430 71
109 44
483 124
130 23
45 108
495 136
60 93
386 27
372 15
384 25
429 70
376 17
361 2
446 87
458 99
140 13
403 44
367 8
144 9
103 50
462 103
447 88
145 8
399 40
116 37
101 52
98 55
138 15
437 78
380 21
490 131
87 66
401 42
68 85
28 125
467 108
118 35
113 40
379 20
378 19
425 66
100 53
440 81
86 67
54 99
129 24
503 144
72 81
370 11
131 22
387 28
373 14
111 42
393 34
94 59
492 133
491 132
36 117
481 122
470 111
133 20
418 59
51 102
145 10
505 146
454 95
443 84
97 56
125 28
144 11
92 61
53 100
117 36
484 125
436 77
77 76
142 11
374 15
501 142
416 57
390 31
64 89
444 85
402 43
141 12
95 58
459 100
23 130
62 91
469 110
67 86
448 89
81 72
396 37
472 113
364 5
18 135
104 49
485 126
365 6
408 49
89 64
452 93
121 34
59 94
50 103
128 25
429 72
377 18
99 54
369 10
19 134
438 79
410 51
22 131
476 117
112 41
121 32
61 92
500 141
419 60
132 21
488 129
2 151
460 101
493 134
40 113
417 58
441 82
497 138
391 32
16 139
130 25
412 53
84 69
5 148
461 102
96 57
120 33
123 30
152 1
4 149
82 71
107 46
383 24
78 75
88 65
35 118
56 97
457 98
74 79
49 104
392 33
385 26
34 119
143 10
423 64
38 115
57 96
9 144
1 152
115 38
442 83
0 153
450 91
105 48
478 119
415 56
43 110
69 84
15 138
11 142
37 116
108 45
473 114
52 101
506 147
75 78
146 7
48 105
405 46
47 106
363 4
435 76
16 137
21 132
471 112
127 26
124 29
6 147
24 129
93 60
398 39
366 7
395 36
360 1
85 68
359 0
46 107
394 35
151 2
135 18
382 23
381 22
508 149
494 135
409 50
371 12
3 150
421 62
449 90
148 5
477 118
404 45
122 35
44 109
400 41
110 43
510 151
79 74
465 106
455 96
474 115
39 114
414 55
468 109
498 139
431 72
407 48
76 77
70 83
432 73
66 87
29 125
40 114
448 90
32 122
100 54
447 89
11 143
143 11
466 108
490 132
442 84
477 119
481 123
428 70
363 5
59 95
154 0
359 1
471 113
435 77
42 112
142 12
504 146
74 80
426 68
65 89
496 138
473 115
88 66
399 41
412 54
398 40
472 114
386 28
497 139
78 76
461 103
66 88
85 69
406 48
141 13
35 119
73 81
495 137
3 151
457 99
463 105
16 138
425 67
4 150
17 137
443 85
104 50
371 13
136 18
478 120
419 61
429 71
439 81
134 20
380 22
117 37
95 59
483 125
150 4
97 57
389 31
487 129
135 19
386 30
360 2
446 88
118 36
456 98
50 104
38 116
454 96
87 67
103 51
33 121
84 70
57 97
503 145
388 30
99 55
128 26
93 61
364 6
465 107
468 110
48 106
485 127
5 149
476 118
424 66
371 15
21 133
422 64
23 131
77 77
137 17
129 25
453 95
469 111
92 62
444 86
450 92
392 34
451 93
72 82
146 8
111 43
69 85
394 36
396 38
452 94
131 23
110 44
41 113
416 58
458 100
480 122
14 140
12 142
462 104
373 15
46 108
363 7
114 40
121 33
148 6
68 86
70 84
372 16
45 109
81 73
365 7
391 33
80 74
89 65
105 49
372 14
510 152
26 128
376 18
19 135
30 124
149 5
361 3
90 64
421 63
53 101
82 72
434 76
126 28
414 56
393 35
499 141
474 116
369 11
31 123
374 16
506 148
140 14
420 62
113 41
27 127
395 37
47 107
138 16
455 97
403 45
507 149
112 42
13 141
366 8
39 115
44 110
124 30
125 29
132 22
415 57
397 39
151 3
489 131
76 78
429 73
15 139
36 118
116 38
107 47
63 91
409 51
122 32
384 26
502 144
375 17
402 44
58 96
400 42
428 72
102 52
508 150
383 25
25 129
56 98
7 147
493 135
94 60
411 53
405 47
54 100
22 132
37 117
43 111
96 58
147 7
367 9
417 59
127 27
501 143
49 105
1 153
486 128
408 50
470 112
115 39
60 94
440 82
379 21
71 83
500 142
377 19
139 15
432 74
67 87
152 2
122 34
106 48
494 136
86 68
10 144
436 78
145 9
460 102
423 65
91 63
20 134
431 73
358 0
410 52
464 106
52 102
482 124
488 130
378 20
109 45
437 79
381 23
404 46
123 31
9 145
387 29
108 46
61 93
492 134
445 87
407 49
2 152
390 32
427 69
58 97
116 39
22 133
482 125
31 124
392 35
140 15
83 72
496 139
502 145
86 69
393 36
23 132
62 93
463 106
404 47
37 118
32 125
45 110
454 97
488 131
389 32
133 22
470 113
96 59
38 117
430 73
111 44
93 62
9 146
461 104
417 60
149 6
19 136
142 13
473 116
466 109
75 80
69 86
468 111
61 94
437 80
373 16
151 4
421 64
493 136
408 51
383 26
492 135
57 98
445 88
146 9
489 132
66 89
34 121
467 110
423 66
2 153
508 151
387 30
428 71
501 144
11 144
407 50
127 28
444 87
460 103
397 40
65 90
91 64
495 138
399 42
154 1
371 14
135 20
419 62
59 96
138 17
115 40
504 147
76 79
380 23
66 91
359 2
7 148
74 81
155 0
82 73
452 95
153 2
366 9
102 53
100 55
480 123
125 30
411 54
143 12
431 74
451 94
368 11
128 27
33 122
84 71
388 31
101 54
79 76
18 137
147 8
475 118
10 145
52 103
9 148
462 105
117 38
99 56
50 105
113 42
357 0
409 52
447 90
32 123
360 3
365 8
43 112
64 91
385 28
456 99
129 28
390 33
406 49
486 129
484 127
141 14
55 100
424 67
443 86
499 142
494 137
48 107
402 45
487 130
472 115
49 106
464 107
98 57
405 48
469 112
420 63
72 83
78 77
28 127
63 92
17 138
450 93
505 148
97 58
449 92
375 18
497 140
104 51
386 29
370 13
42 113
507 152
107 48
459 102
483 126
110 45
56 99
4 151
477 120
24 131
446 89
378 21
15 140
363 6
465 108
422 65
60 95
374 17
114 41
413 56
136 19
384 27
124 31
474 117
425 68
53 102
27 128
8 147
105 50
438 81
40 115
118 37
89 66
358 1
471 114
398 41
122 33
432 75
426 69
448 91
5 150
119 36
26 129
364 7
29 126
476 119
92 63
509 152
35 120
150 5
87 68
3 152
132 23
109 46
70 85
67 88
381 24
137 18
453 96
12 143
481 124
435 78
427 70
88 67
44 111
396 39
126 29
377 20
123 32
30 125
414 57
94 61
490 133
506 149
85 70
455 98
129 26
39 116
394 37
13 142
503 146
434 77
20 135
500 143
478 123
458 101
6 149
391 34
457 100
416 59
81 74
108 47
152 3
442 85
46 109
439 82
25 130
103 52
415 58
85 71
19 137
432 76
494 138
91 65
18 138
415 59
497 141
47 109
23 133
55 101
369 13
29 127
5 151
378 22
434 78
105 51
356 0
0 156
424 68
61 95
14 142
35 121
118 38
406 50
41 115
462 106
10 146
42 114
456 100
135 21
409 53
499 143
39 117
50 106
435 79
459 103
82 74
475 119
361 5
106 50
129 27
58 98
436 80
495 139
89 67
90 66
1 155
63 93
444 88
447 91
437 81
370 14
46 110
152 6
461 105
466 110
438 82
133 23
490 134
449 93
478 122
431 75
463 107
107 49
368 12
426 70
498 142
45 111
103 53
96 60
396 40
445 89
4 152
450 94
383 27
387 31
143 13
100 56
111 45
9 147
379 23
81 75
430 74
152 4
59 97
117 39
440 86
472 116
408 52
147 9
22 134
127 29
418 62
488 132
364 8
500 144
385 29
489 133
374 18
67 91
86 70
484 128
496 140
505 149
15 141
471 115
400 44
427 71
48 108
443 87
77 79
493 137
441 85
469 113
413 57
464 108
422 66
84 72
149 7
487 131
508 152
403 47
373 17
119 37
8 148
416 60
123 33
150 6
93 63
153 3
101 55
442 86
44 112
488 134
32 124
365 9
97 59
52 104
132 24
507 151
154 2
388 32
486 130
136 20
51 105
3 153
74 82
359 3
62 94
509 153
391 35
21 135
358 2
65 91
401 45
109 47
12 144
20 136
66 90
24 132
491 135
357 1
425 69
34 122
38 118
40 116
399 43
140 16
501 145
25 131
382 26
485 129
440 84
407 51
389 33
104 52
423 67
503 147
360 4
155 1
453 97
384 28
137 19
53 103
474 118
141 15
395 39
421 65
390 34
26 130
455 99
37 119
134 22
410 54
468 112
80 76
411 55
482 126
116 40
481 125
114 42
138 18
506 152
6 150
67 89
473 117
87 69
108 48
377 21
454 98
457 101
151 5
128 28
43 113
402 46
448 92
405 49
404 48
64 92
452 96
110 46
13 143
465 109
75 81
72 84
129 29
112 44
446 90
36 120
56 100
102 54
71 85
483 127
28 128
49 107
439 83
2 154
78 78
70 86
397 41
467 113
362 6
76 80
83 73
467 111
380 24
366 10
94 62
393 37
125 31
470 114
451 95
480 124
126 30
392 36
419 63
124 32
504 148
54 102
31 125
367 11
98 58
506 150
477 121
502 146
460 104
381 25
73 83
68 88
69 87
479 123
3 154
383 28
41 116
40 117
475 120
489 134
422 67
440 85
369 18
449 94
369 14
482 127
437 82
137 20
366 11
64 93
33 124
51 106
29 128
92 65
443 88
93 64
485 130
393 38
432 77
356 3
95 62
452 97
149 8
100 57
71 86
389 34
397 42
455 100
368 13
412 57
112 45
445 90
457 102
151 6
77 80
58 99
101 56
144 13
456 101
384 29
359 4
494 139
43 114
108 49
114 45
447 92
399 44
434 79
1 156
444 89
135 22
477 122
414 59
462 107
125 32
118 39
364 9
461 106
150 7
464 109
70 87
420 65
409 54
107 50
147 10
493 138
148 9
99 58
57 100
72 85
474 119
22 135
81 76
79 78
400 45
391 36
501 146
438 83
454 99
16 141
458 103
410 55
370 17
431 76
139 18
130 27
450 95
103 54
396 41
8 149
433 78
356 1
17 140
97 60
142 15
83 74
355 0
0 157
155 2
154 3
484 129
82 75
42 115
56 101
111 46
106 51
10 147
62 95
38 119
486 131
508 153
480 125
415 60
86 71
500 145
134 23
492 137
31 126
141 16
54 103
502 147
424 69
37 120
128 29
408 53
124 33
59 98
91 66
157 0
115 42
55 102
423 68
64 95
27 130
418 63
116 41
466 111
499 144
483 128
388 33
374 19
78 79
52 105
7 150
496 141
2 155
470 115
459 104
436 81
472 117
360 5
104 53
495 140
506 151
45 112
453 98
468 113
14 143
109 48
94 63
405 50
68 89
451 96
413 58
498 143
87 72
120 37
75 82
511 156
89 68
425 70
365 10
361 6
398 43
85 72
61 96
407 52
382 27
439 84
6 151
47 110
35 122
379 24
380 25
48 109
60 97
460 105
143 14
358 3
403 48
446 91
153 4
156 1
377 22
504 149
65 92
441 86
152 5
11 146
74 83
471 116
88 69
426 71
53 104
119 38
411 56
67 90
465 110
44 113
36 121
401 46
21 136
505 150
105 52
126 31
46 111
367 12
102 55
73 84
87 70
19 138
430 75
435 80
110 47
467 112
23 134
15 142
479 124
98 59
463 108
395 40
373 18
381 26
394 39
469 114
26 131
50 107
5 152
24 133
18 139
34 123
488 133
131 26
12 145
448 93
117 40
28 129
490 135
25 132
133 24
387 32
138 19
491 136
497 142
84 73
410 56
15 143
117 41
86 72
426 72
391 37
382 28
30 128
98 60
120 38
109 49
11 147
416 62
453 99
31 127
95 63
472 118
421 67
404 50
399 45
464 110
372 18
7 151
144 14
90 68
423 69
136 22
418 64
454 100
375 21
452 98
88 70
46 114
57 101
487 133
113 45
77 81
494 140
138 20
92 66
481 127
445 91
387 33
124 34
105 53
37 121
415 61
461 107
371 17
425 71
14 144
360 6
17 141
114 44
459 105
128 30
359 5
397 43
72 86
82 76
432 78
422 70
400 46
153 5
436 82
446 92
84 74
119 39
491 137
27 131
120 40
447 93
102 56
65 93
466 112
483 129
475 121
501 147
370 18
1 157
16 142
62 96
121 37
59 99
463 109
369 15
403 49
28 130
131 27
356 4
42 116
357 3
51 107
47 111
394 40
462 108
438 84
148 10
373 19
155 3
58 100
94 64
485 131
6 152
492 138
468 114
355 1
388 34
71 87
510 156
444 90
4 154
55 103
21 137
502 148
104 54
503 149
480 126
398 44
101 57
379 25
429 75
125 33
441 87
150 8
496 142
393 39
392 38
156 4
476 122
64 94
135 23
411 57
108 50
430 76
389 35
368 14
378 24
499 145
139 19
68 90
75 83
434 80
383 29
358 4
473 119
85 73
39 119
137 21
48 110
5 153
20 138
479 125
465 111
471 117
54 104
505 151
435 81
414 60
405 51
396 42
395 41
419 65
469 115
431 77
376 22
401 47
49 109
8 150
60 98
132 26
364 10
89 69
46 112
433 79
408 54
402 48
154 4
406 52
151 7
458 104
35 123
448 94
508 154
12 146
127 31
500 146
424 70
390 36
52 106
484 130
23 135
3 155
460 106
36 122
18 140
380 26
40 118
417 63
103 55
111 47
156 2
511 157
158 0
70 88
53 105
134 24
504 150
413 59
361 7
366 12
498 144
106 52
439 85
456 102
87 71
63 95
451 97
13 145
367 13
142 16
96 62
369 17
24 134
99 59
407 53
83 75
22 136
78 80
381 27
126 32
450 96
443 89
470 116
45 113
115 43
422 68
2 156
73 85
19 139
69 89
497 143
76 82
482 128
157 1
34 124
420 66
133 25
500 148
0 158
25 133
79 79
457 103
354 0
38 120
149 9
43 115
490 136
442 88
386 32
489 135
56 102
107 51
55 104
438 85
143 16
16 143
62 97
461 108
75 84
124 35
475 122
470 117
23 136
27 132
86 73
74 85
425 72
449 96
142 17
50 109
19 140
65 94
489 136
404 51
459 106
403 50
11 148
107 52
121 38
99 60
156 3
392 39
139 20
413 60
400 47
0 159
380 27
479 126
423 70
401 48
120 39
56 103
484 131
49 110
96 63
493 140
31 130
417 64
20 139
508 155
4 155
491 138
408 55
123 36
115 44
394 41
418 65
24 135
494 141
31 128
17 142
471 118
45 114
77 82
137 22
496 143
30 129
471 120
463 110
432 79
22 137
500 147
61 98
105 54
435 82
5 154
133 26
119 40
1 158
41 118
29 130
503 150
411 58
363 10
431 78
465 112
365 12
366 13
158 1
51 108
358 5
102 57
446 93
357 4
359 6
54 105
360 7
150 9
121 40
409 56
354 1
78 81
464 111
498 145
364 11
483 130
430 77
58 101
502 149
421 70
106 53
504 151
70 89
144 15
9 150
48 111
448 95
460 107
79 80
375 22
399 46
110 49
388 35
89 70
499 146
414 61
69 90
501 148
25 134
43 116
40 119
447 94
116 43
429 76
101 58
122 37
410 57
155 4
369 16
154 5
72 87
94 65
80 79
455 102
36 123
367 14
38 121
368 17
83 76
149 10
2 157
10 149
383 30
35 124
97 62
457 104
385 32
71 88
147 12
453 100
95 64
395 42
13 146
421 68
372 19
7 152
481 128
391 38
104 55
90 69
82 77
472 119
416 63
482 129
88 71
486 133
47 112
60 99
415 62
46 115
434 81
44 115
131 28
117 42
497 144
422 69
389 36
47 114
507 154
477 124
85 74
8 151
138 21
151 8
381 28
109 50
390 37
34 125
393 40
370 19
136 23
93 66
382 29
397 44
378 25
355 2
128 31
140 19
39 120
492 139
511 158
407 54
419 66
63 96
386 33
111 48
412 59
468 115
444 91
118 41
127 32
37 122
103 56
112 47
371 18
442 89
428 75
52 107
32 127
376 23
21 138
73 86
451 98
145 14
450 97
66 93
126 33
373 20
76 83
362 9
132 27
26 133
15 144
433 80
91 68
406 53
374 21
454 101
28 131
113 46
92 67
426 73
84 75
146 13
510 157
148 11
6 153
125 34
396 43
53 106
441 88
379 26
134 25
458 105
456 103
135 24
398 45
445 92
360 8
495 143
26 134
508 156
76 84
74 86
407 55
453 101
10 150
442 90
48 114
484 132
15 145
56 104
127 33
94 66
359 7
69 91
54 106
139 21
119 41
396 44
358 6
91 69
122 38
496 144
505 153
148 12
70 90
107 53
385 33
366 14
456 104
2 158
362 10
84 76
36 124
431 79
90 70
426 78
89 71
66 94
55 105
466 114
157 3
14 146
375 23
110 50
364 12
378 26
433 81
354 2
413 61
387 35
62 98
38 124
410 58
426 74
506 154
143 17
68 92
44 116
367 15
510 158
35 125
408 56
502 150
509 157
145 15
150 10
134 26
109 51
81 79
427 75
376 24
132 28
23 137
462 110
465 113
129 31
96 64
402 50
83 77
415 63
106 54
511 159
368 16
47 113
504 152
507 155
137 23
48 112
438 86
3 157
41 119
418 66
9 151
371 19
448 96
494 142
499 147
423 71
80 80
95 65
5 155
126 34
436 84
72 88
29 131
104 56
429 77
138 22
7 153
154 6
379 27
57 103
40 120
32 128
399 47
101 59
108 52
136 24
49 111
92 68
383 31
451 99
123 37
140 20
373 21
75 85
34 126
493 141
85 75
1 159
28 132
476 124
386 34
102 58
489 137
17 143
381 29
12 148
79 81
397 45
78 82
361 9
487 135
30 130
377 25
471 119
113 47
482 130
153 7
11 149
404 52
492 140
446 94
31 129
477 125
27 133
61 99
98 62
467 115
45 115
105 55
458 106
434 82
443 91
424 72
159 1
383 33
100 60
457 105
73 87
430 78
470 118
21 139
403 51
405 53
478 126
135 25
25 135
450 98
427 77
432 80
464 116
20 140
486 134
131 29
112 48
42 118
392 40
155 5
382 30
142 18
117 43
151 9
77 83
144 16
411 59
51 109
38 122
452 100
125 35
63 97
67 93
400 48
480 128
357 5
389 37
447 95
445 93
420 70
37 123
50 110
490 138
419 67
498 146
406 54
372 20
390 38
71 89
421 69
6 154
363 11
416 64
121 39
58 102
449 97
414 62
13 147
444 92
22 140
99 61
395 43
420 68
134 28
465 115
503 151
52 108
428 76
460 108
497 145
8 152
468 116
391 39
374 22
454 102
86 74
501 149
483 131
401 49
475 123
425 73
393 41
479 127
380 28
43 117
116 44
124 36
160 0
388 36
158 2
19 141
439 87
118 42
463 111
60 100
152 8
133 27
128 32
441 89
147 13
470 120
365 13
481 129
461 109
146 14
149 11
437 85
103 58
115 46
74 87
385 34
100 61
484 133
464 113
102 59
437 86
113 48
110 51
478 127
430 79
455 104
429 78
397 46
78 83
128 33
7 154
388 37
32 129
132 29
426 77
453 102
434 83
354 3
486 135
92 69
104 57
423 72
415 64
379 28
506 155
142 19
126 35
373 22
97 64
84 77
93 68
153 8
40 121
392 41
28 133
11 150
505 156
151 10
116 45
416 65
375 24
135 26
5 156
425 74
447 96
358 7
60 101
364 13
374 23
109 52
87 74
81 80
412 61
61 100
407 56
431 80
55 108
114 47
88 73
433 84
59 102
152 9
1 160
137 24
122 39
357 6
419 68
93 70
443 92
451 100
362 11
433 82
98 63
49 114
474 123
497 146
360 9
69 92
469 120
67 94
377 26
461 110
51 110
148 13
26 135
372 21
462 111
504 153
160 1
45 116
49 112
476 125
15 146
12 149
508 157
465 116
495 144
496 145
14 147
44 117
42 119
127 34
21 140
34 127
71 90
109 54
390 39
139 22
134 27
449 98
436 85
491 140
144 17
378 27
33 128
111 50
89 72
48 113
489 140
489 138
150 11
396 45
159 2
123 38
4 157
2 159
452 101
119 42
425 78
13 148
482 131
106 55
395 44
94 67
464 115
475 124
30 131
470 119
57 104
64 97
9 152
79 82
380 31
383 32
41 120
501 150
363 12
441 90
435 84
161 0
446 95
80 81
18 143
73 88
141 20
16 145
29 132
129 32
133 28
39 122
393 42
0 161
36 125
498 147
428 77
68 93
25 136
418 67
96 65
58 103
6 155
27 134
43 118
22 139
480 129
145 16
444 93
146 15
507 156
158 3
439 88
361 10
445 94
466 115
146 17
381 30
76 85
365 14
457 106
442 91
505 154
62 99
467 116
39 124
481 130
460 109
469 118
420 69
155 6
399 48
400 49
432 81
440 89
509 158
38 123
384 33
410 59
8 153
503 152
75 86
86 75
95 66
450 99
359 8
143 18
411 60
99 62
483 132
485 134
387 36
401 50
426 75
24 137
454 103
468 117
406 55
403 52
465 114
50 111
502 151
371 20
366 15
427 76
488 137
479 128
382 31
147 14
56 105
405 54
367 16
53 108
17 144
35 126
463 112
54 107
438 87
376 27
94 71
3 158
90 71
493 142
353 2
140 21
487 136
402 51
490 139
404 53
117 44
394 43
154 7
107 54
131 30
19 142
91 70
124 37
510 159
125 36
72 89
83 78
23 138
414 63
456 105
60 102
8 154
37 125
363 13
429 79
125 37
371 21
477 127
390 40
364 14
509 159
120 42
71 91
396 46
138 24
504 154
111 51
441 91
55 107
399 49
500 150
44 118
128 34
133 29
373 23
10 152
499 149
385 35
85 77
56 108
447 97
26 136
54 108
416 66
151 11
20 142
94 70
409 59
23 139
4 158
102 60
43 119
141 21
130 32
374 24
450 100
57 105
407 57
484 134
49 113
494 144
95 67
28 134
455 105
466 116
140 22
354 4
42 120
91 71
68 94
436 86
393 43
468 118
476 126
424 74
388 38
475 125
380 30
415 65
94 68
510 160
149 13
434 84
382 32
88 74
464 114
362 12
137 25
412 62
395 45
7 155
492 142
154 8
146 16
355 5
457 107
398 48
50 112
5 157
161 1
95 71
431 81
135 27
109 53
473 123
55 109
389 39
400 50
404 54
497 147
116 46
30 132
3 159
78 84
493 143
465 117
425 75
18 144
1 161
81 81
83 79
52 110
136 26
487 137
24 138
14 148
454 104
40 122
127 35
379 29
12 150
502 152
489 139
411 61
449 99
147 17
106 56
430 80
99 63
401 51
372 22
350 0
2 160
452 102
384 34
376 26
146 18
357 7
483 133
61 101
352 2
13 149
103 59
89 73
33 129
433 85
153 11
359 9
462 112
478 128
53 109
63 99
86 76
118 44
132 30
482 132
126 36
442 92
461 111
108 54
419 69
115 47
97 65
490 140
11 151
75 87
16 146
93 69
463 113
472 122
157 5
378 28
17 145
143 19
456 106
417 67
155 7
19 143
505 155
506 156
105 57
451 101
406 56
408 58
410 60
56 106
15 147
39 123
129 33
402 52
508 158
353 3
438 88
98 64
460 110
403 53
418 68
480 130
150 12
162 0
139 23
426 76
114 48
29 133
488 138
381 31
507 157
485 135
145 17
77 85
437 87
459 109
467 117
96 66
495 145
433 83
377 27
414 64
423 73
116 48
386 36
479 129
73 89
405 55
119 43
360 10
443 93
444 94
84 78
358 8
82 80
9 153
413 63
153 9
361 11
0 162
93 71
425 77
70 92
80 82
123 39
440 90
100 62
486 136
159 3
148 14
6 156
446 96
491 141
397 47
41 121
101 61
496 146
112 50
469 119
144 18
124 38
64 98
152 10
365 15
87 75
107 55
110 52
34 128
391 41
45 117
458 108
501 151
448 98
21 141
366 16
439 89
394 44
445 95
59 103
486 138
35 127
160 2
74 88
147 15
158 4
428 78
90 72
76 86
449 100
437 92
451 102
34 129
499 150
29 134
401 52
475 126
379 30
480 131
116 47
436 93
95 68
112 51
414 65
418 69
44 119
80 83
436 87
491 142
40 123
157 6
125 38
471 122
137 26
45 118
56 107
493 144
141 22
432 83
145 18
381 32
466 117
488 139
350 1
106 57
357 8
74 89
5 158
120 43
159 4
154 9
132 31
103 60
10 153
161 2
474 125
36 127
24 139
412 63
447 98
82 81
63 100
438 91
0 163
144 19
446 97
487 138
477 128
501 152
113 52
27 136
415 66
498 149
7 156
496 147
91 72
75 88
26 137
117 46
416 67
8 155
89 74
444 95
94 69
92 71
152 11
355 6
454 105
390 41
61 102
68 95
377 28
11 152
108 55
52 111
467 118
64 99
153 12
504 155
503 154
123 40
30 133
37 126
352 3
452 103
473 124
122 41
359 10
384 35
492 143
425 76
12 151
95 70
41 122
33 130
128 35
411 62
114 49
25 138
371 22
472 123
70 93
43 120
119 44
400 51
385 36
51 112
57 106
393 44
69 94
150 13
443 94
142 21
455 106
483 134
163 0
410 61
461 112
485 138
403 54
389 40
434 85
485 136
365 16
450 101
378 29
511 162
59 104
126 37
20 143
79 84
143 20
62 101
354 5
448 99
484 135
160 3
497 148
404 55
366 17
15 148
118 45
388 39
486 137
83 82
409 62
17 146
362 15
85 78
422 73
50 113
407 58
417 68
349 0
394 45
409 60
6 157
32 131
476 127
369 20
156 7
360 11
140 23
4 159
440 91
391 42
133 30
66 97
127 36
155 8
358 9
387 38
374 25
31 132
72 91
110 53
463 114
457 108
124 39
362 13
508 159
153 10
506 157
351 2
21 142
458 109
147 16
468 119
13 150
151 12
429 80
481 132
413 64
16 147
392 43
18 145
445 96
53 110
499 152
431 82
363 14
78 85
101 62
149 14
353 4
115 48
102 61
87 76
35 128
405 56
423 74
398 49
97 66
435 86
99 64
136 27
84 79
396 47
104 59
162 1
370 21
479 130
113 50
375 26
510 161
395 46
372 23
406 57
88 75
428 79
507 158
462 113
402 53
60 103
495 146
42 121
90 73
158 5
1 162
98 65
83 80
430 81
500 151
100 63
437 88
441 92
54 109
490 141
130 33
438 89
3 160
148 15
439 90
9 154
138 25
408 59
460 111
71 92
397 48
28 135
364 15
2 161
77 86
89 75
494 146
4 160
369 21
511 163
90 74
145 19
158 6
85 79
485 137
411 63
373 25
477 129
59 105
383 35
155 9
351 3
458 110
66 98
105 59
134 30
483 135
101 63
500 152
18 146
387 39
441 93
467 119
508 160
377 29
32 132
121 43
430 82
113 51
29 135
84 80
451 103
353 5
427 79
104 60
5 159
23 141
433 87
403 55
20 144
371 23
421 73
106 58
382 34
391 43
509 161
112 52
407 59
41 123
12 152
115 49
389 41
417 69
454 106
129 35
17 147
36 128
378 30
2 162
8 156
356 8
159 5
456 108
459 111
91 73
471 123
390 42
96 68
437 89
348 0
350 2
434 86
138 26
117 47
506 158
114 50
359 11
33 131
366 18
462 114
478 130
127 37
388 40
424 76
30 134
460 112
490 142
361 15
481 133
437 91
422 74
409 61
156 8
473 125
120 44
410 62
21 143
397 49
361 13
393 45
368 20
474 126
144 20
408 60
57 107
51 113
139 25
400 52
480 132
399 51
154 10
438 90
150 14
384 36
62 102
125 39
405 57
15 149
396 48
365 17
152 12
510 162
98 66
19 145
61 103
3 161
25 139
64 100
47 117
436 92
1 163
87 77
46 118
38 126
498 150
418 70
381 33
453 105
137 27
492 144
437 93
501 153
499 151
457 109
352 4
86 78
151 13
446 98
363 15
497 149
466 118
99 65
70 94
364 16
11 153
450 102
163 1
413 65
119 45
16 148
487 139
71 93
367 19
132 32
140 24
103 61
449 101
35 129
143 21
414 66
27 137
162 2
97 67
102 62
37 127
10 154
157 7
415 67
444 96
92 72
122 42
472 124
6 158
160 4
423 75
493 145
358 10
482 134
470 122
28 136
481 135
72 92
79 85
374 26
495 147
476 128
475 127
126 38
42 122
60 104
141 23
392 44
53 111
142 22
44 120
448 100
443 95
484 136
355 7
34 130
13 151
164 0
88 76
75 89
362 14
401 53
65 99
394 46
95 69
111 53
22 142
82 82
402 54
43 121
349 1
77 87
58 106
439 91
431 83
357 9
76 88
395 47
130 34
496 148
354 6
54 110
52 112
404 56
428 80
80 84
108 56
67 97
148 16
360 12
69 95
445 97
133 31
436 88
83 81
503 155
123 41
14 150
63 101
124 40
479 131
398 50
511 164
415 68
423 76
151 14
437 94
353 6
35 130
66 99
152 13
44 121
34 131
144 21
73 92
496 149
356 9
162 3
396 49
364 17
8 157
441 94
36 129
91 74
9 156
368 21
11 154
477 130
88 77
6 159
146 25
42 123
504 157
420 75
452 105
492 145
371 24
45 120
13 152
135 30
453 108
86 79
383 36
157 8
1 164
437 90
128 37
366 19
438 93
10 155
401 54
115 50
367 20
508 161
462 115
127 38
79 86
507 160
390 43
46 119
433 88
419 72
435 88
63 102
39 126
158 7
4 161
130 35
443 96
52 113
394 47
19 146
21 144
156 9
80 85
491 144
129 36
379 32
455 108
124 41
141 24
59 106
490 143
488 141
484 137
395 48
357 10
41 124
126 39
48 117
373 26
133 32
369 22
454 107
74 91
359 12
112 53
493 146
387 40
122 43
150 15
99 66
503 156
411 64
47 118
118 61
72 93
412 65
120 45
5 160
439 92
365 18
489 142
108 57
363 16
14 151
355 8
100 65
461 114
498 151
480 133
104 61
469 122
134 31
414 67
103 62
38 127
137 28
97 68
399 52
418 71
458 111
416 69
494 147
102 63
430 83
350 3
27 138
20 145
449 102
482 135
58 107
62 103
111 54
354 7
2 163
69 96
349 2
76 89
30 135
155 10
370 23
393 46
89 76
12 153
161 4
43 122
446 99
450 103
114 51
428 81
427 80
422 75
90 75
67 98
37 128
381 34
456 109
145 22
40 125
118 47
165 0
420 73
28 137
7 158
163 2
481 134
0 165
487 140
440 93
60 105
473 126
348 1
391 44
25 140
110 55
500 153
397 50
86 81
96 69
51 114
453 106
71 94
77 88
18 147
92 73
132 33
143 22
436 89
386 39
26 139
388 41
29 136
23 142
121 44
374 27
434 87
54 111
413 66
84 81
360 13
32 133
392 45
410 63
138 27
467 120
351 4
125 40
64 101
361 14
140 25
510 163
457 110
389 42
16 149
358 11
82 83
109 56
17 148
22 143
466 119
123 42
421 74
24 141
403 56
471 124
408 61
160 5
459 112
502 155
33 132
475 128
107 58
149 16
65 100
404 57
474 127
400 53
447 100
15 150
483 136
78 87
402 55
497 150
472 125
505 158
444 97
106 59
436 91
53 112
139 26
385 38
384 37
432 87
479 132
145 20
377 30
81 84
406 59
478 131
382 35
495 148
37 129
373 27
127 39
441 95
122 44
426 80
443 97
488 142
160 6
451 105
25 141
1 165
412 66
53 113
400 54
123 43
14 152
9 157
40 126
407 61
353 7
438 94
46 120
147 19
356 10
150 16
156 10
430 84
146 20
491 145
455 109
411 65
163 3
12 154
484 140
87 79
73 93
34 132
413 67
80 86
421 75
147 25
15 151
32 134
418 72
444 98
472 126
6 160
465 119
473 127
17 149
5 161
159 7
442 96
490 144
71 95
452 106
355 9
57 109
75 91
406 60
415 69
85 81
367 21
349 3
492 146
427 81
67 99
18 148
162 4
137 29
495 149
459 113
450 104
404 58
99 67
116 50
59 107
112 54
487 141
66 100
466 120
126 40
49 117
477 131
90 76
45 121
64 102
11 155
383 37
48 118
43 123
505 159
70 96
496 150
469 123
89 77
479 133
405 59
55 111
129 37
366 20
510 164
468 122
7 159
4 162
106 60
29 137
503 157
10 156
379 33
416 70
377 31
30 136
393 47
132 34
26 140
388 42
419 73
436 90
500 154
364 18
476 130
410 64
24 142
38 128
352 6
506 160
478 132
81 85
152 14
36 130
65 101
109 57
475 129
115 51
502 156
42 124
428 82
22 144
139 27
389 43
16 150
387 41
486 140
133 33
395 49
76 90
363 17
357 11
23 143
118 60
401 55
157 9
93 73
462 116
398 52
453 107
365 19
136 30
33 133
119 47
8 158
384 38
140 26
397 51
149 17
432 86
21 145
359 13
457 111
504 158
68 98
346 0
100 66
448 102
143 23
494 148
31 135
130 36
117 49
439 93
39 127
27 139
386 40
13 153
446 100
354 8
434 88
378 32
369 23
158 8
461 115
507 161
110 56
63 103
88 78
368 22
117 61
111 55
151 15
440 94
91 75
417 71
390 44
104 62
144 22
348 2
480 134
422 76
497 151
41 125
120 46
423 77
471 125
0 166
138 28
358 12
146 24
414 68
351 5
67 101
493 147
86 80
420 74
78 88
394 48
19 147
392 46
399 53
454 108
161 5
460 116
360 14
145 23
82 84
134 32
403 57
125 41
62 104
61 105
77 89
103 63
141 25
58 108
131 35
445 99
142 24
350 4
135 31
370 24
447 101
124 42
60 106
165 1
74 92
92 74
51 115
501 155
381 35
429 83
97 69
385 39
35 131
105 61
470 124
458 112
347 1
482 136
391 45
148 18
380 34
371 25
79 87
69 97
435 89
396 50
511 165
2 164
108 58
44 122
483 137
156 11
391 46
15 152
473 128
153 14
77 90
75 92
470 125
47 120
101 66
115 52
445 100
68 101
66 101
52 115
442 97
92 75
139 28
355 10
506 161
393 48
440 95
428 83
386 41
57 110
484 141
128 39
143 24
157 12
405 60
6 161
394 49
142 25
495 150
117 50
73 94
439 94
38 129
74 93
449 104
65 102
441 96
465 120
349 4
359 14
367 22
148 19
424 79
511 166
145 24
155 12
132 35
485 140
158 9
129 38
85 82
446 101
111 56
419 74
417 72
20 147
488 143
438 95
80 87
500 155
392 47
364 19
93 74
468 123
425 80
459 116
409 64
26 141
486 141
455 110
413 68
429 84
110 57
40 127
137 30
161 6
43 126
41 126
140 27
496 151
390 45
146 21
133 34
502 157
352 7
476 131
150 17
491 146
477 132
112 55
489 144
165 2
116 51
12 155
113 54
19 148
13 154
421 76
448 103
368 23
383 38
418 73
385 40
382 37
487 142
370 25
97 70
454 109
426 81
451 106
14 153
159 8
79 88
53 114
7 160
124 43
130 37
365 20
412 67
83 84
144 23
21 146
414 69
354 9
356 11
147 24
4 163
497 152
479 134
407 62
28 139
45 122
55 112
505 160
50 117
17 150
387 42
46 121
498 153
135 32
490 145
459 114
423 78
31 136
461 116
380 35
404 59
510 165
87 80
450 105
388 43
67 102
141 26
149 18
64 103
63 104
119 48
67 100
118 49
162 5
371 26
363 18
400 55
467 122
125 42
410 65
396 51
346 1
483 138
123 44
345 0
2 165
443 98
121 46
403 58
452 107
398 53
357 12
27 140
347 2
82 85
118 59
475 130
126 41
100 67
358 13
348 3
399 54
76 91
11 156
373 28
89 78
389 44
160 7
456 111
416 71
504 159
146 23
24 143
499 154
369 24
8 159
5 162
466 121
463 118
154 13
59 108
401 56
54 113
147 20
22 145
103 64
78 89
351 6
474 129
43 124
48 119
377 32
134 33
37 130
91 76
478 133
422 77
157 10
120 47
51 116
107 60
44 123
427 82
431 86
33 134
136 31
372 27
379 34
61 106
397 52
384 39
116 61
164 3
35 132
90 77
460 115
34 133
408 63
30 137
151 16
1 166
68 99
72 95
492 147
402 57
49 118
493 148
10 157
458 113
444 99
9 158
447 102
105 62
106 61
482 137
109 58
471 126
98 69
434 89
131 36
84 83
484 139
62 105
69 98
23 144
163 4
378 33
435 90
25 142
406 61
503 158
469 124
60 107
16 151
32 135
71 96
58 109
381 36
88 79
122 46
78 90
150 18
496 152
154 14
147 23
39 129
427 83
128 40
16 152
508 164
480 136
409 65
27 141
119 49
501 157
483 139
451 107
491 147
83 85
66 102
370 26
147 21
126 42
101 67
153 15
59 109
421 77
152 16
361 17
49 119
148 24
475 131
117 51
365 21
55 113
105 63
418 74
471 127
379 35
41 127
362 18
133 35
346 2
111 57
465 121
406 62
56 112
344 0
404 60
367 23
423 79
458 114
149 19
107 61
140 28
58 110
79 89
94 74
84 84
445 101
469 125
401 57
21 147
470 126
463 119
387 43
392 48
22 146
434 90
52 116
504 160
461 117
479 135
120 48
144 24
357 13
403 59
443 99
478 134
348 4
498 154
455 111
510 166
28 140
395 51
364 20
98 70
97 71
63 105
42 126
151 17
26 142
378 34
410 66
450 106
449 105
369 25
82 86
389 45
494 150
505 161
130 38
394 50
165 3
35 133
377 33
9 159
442 98
117 59
75 93
390 46
509 165
474 130
141 27
24 144
355 11
157 11
54 114
408 64
506 162
43 127
430 86
116 60
448 104
99 69
386 42
30 138
507 163
454 110
358 14
72 96
73 95
134 34
444 100
160 8
407 63
366 22
417 73
44 124
114 56
398 54
90 82
10 158
38 130
90 78
13 155
391 47
19 149
62 106
384 40
350 6
32 136
15 153
467 123
77 91
65 103
352 8
78 92
142 26
85 83
46 122
492 148
402 58
397 53
29 139
482 138
345 1
353 9
74 94
466 122
43 125
50 118
385 41
0 168
138 30
416 72
121 47
132 36
104 64
68 100
396 52
71 97
31 137
472 128
413 69
116 52
80 88
2 166
81 87
166 2
89 79
405 61
69 99
137 31
481 137
428 84
131 37
500 156
20 148
123 45
125 43
487 143
502 158
34 134
363 19
383 39
5 163
459 115
452 110
115 57
45 123
33 135
439 95
380 36
388 44
381 37
76 92
12 156
60 108
11 157
53 115
446 102
399 55
116 58
93 75
36 132
148 20
139 29
485 141
18 150
110 58
156 12
8 160
155 13
70 98
351 7
159 9
441 97
61 107
158 10
411 67
48 120
88 80
162 6
51 117
47 121
497 153
503 159
429 85
92 76
103 65
37 131
135 33
412 68
477 133
356 12
476 132
457 113
425 81
473 129
368 24
6 162
143 25
347 3
372 28
424 80
164 4
426 82
488 144
393 49
113 55
349 5
462 118
17 151
489 145
493 149
57 111
117 52
359 16
443 100
78 93
115 58
424 81
21 148
111 58
488 145
151 18
8 161
434 91
465 122
17 152
25 144
114 55
441 98
447 104
53 116
448 105
392 49
39 130
421 78
113 56
119 50
19 150
369 26
453 110
86 83
365 22
40 129
90 79
29 140
416 73
108 61
350 7
7 162
91 78
431 88
450 107
70 99
361 18
396 53
403 60
498 155
118 51
412 69
383 40
370 27
89 80
101 68
388 45
449 106
46 123
508 165
37 132
363 20
500 157
426 83
26 143
31 138
63 106
128 41
474 131
58 111
115 54
159 10
147 22
346 3
494 151
65 104
137 32
9 160
132 37
13 156
353 10
51 118
59 110
50 119
102 67
130 39
129 40
446 103
405 62
117 58
468 125
99 70
482 139
162 7
380 37
135 34
90 81
100 69
82 87
366 23
155 14
156 13
377 34
510 167
34 135
505 162
497 154
35 134
69 100
11 158
143 26
57 112
112 57
499 156
492 149
38 131
127 42
452 109
74 95
105 64
123 46
397 54
400 57
487 144
93 76
148 23
420 77
12 157
66 103
60 109
133 36
428 85
477 134
439 96
395 52
104 65
131 38
144 25
409 66
134 35
472 129
10 159
476 133
362 19
160 9
150 19
106 63
6 163
136 33
167 2
470 127
495 152
389 46
360 17
27 142
18 151
3 166
399 56
87 82
501 158
427 84
24 145
393 50
479 136
367 24
89 82
22 147
2 167
78 91
344 1
152 17
445 102
62 107
154 15
73 96
110 59
391 48
455 112
115 56
44 125
165 4
423 80
379 36
503 160
126 43
80 89
23 146
122 47
372 29
398 55
506 163
404 61
418 75
81 88
52 117
417 74
456 113
139 30
45 124
72 97
77 92
48 121
382 39
0 169
124 45
4 165
385 42
98 71
14 155
504 161
442 99
96 73
103 66
507 164
390 47
408 65
75 94
440 97
79 92
61 108
406 63
511 168
28 141
411 68
42 127
49 120
158 11
120 49
371 28
478 135
348 5
381 38
473 130
454 111
141 28
148 21
387 44
41 128
351 8
161 8
458 115
345 2
402 59
493 150
85 84
343 0
153 16
107 62
56 113
84 85
138 31
357 14
355 12
95 74
54 115
115 60
140 29
376 33
149 20
364 21
490 147
481 138
489 146
352 9
164 5
430 87
83 86
86 85
415 72
163 6
116 57
16 153
485 142
168 1
480 137
463 120
92 77
475 132
5 164
461 118
462 119
466 123
342 1
1 168
125 44
386 43
32 137
429 86
413 70
422 79
440 98
41 129
405 63
46 124
5 165
71 99
161 9
133 37
37 135
17 153
152 18
160 10
431 89
154 16
401 59
77 93
114 58
7 163
27 143
430 88
2 168
490 148
48 122
442 100
411 69
354 12
58 112
467 125
42 128
105 65
162 8
383 41
487 145
37 133
443 101
473 131
139 31
424 82
403 61
19 151
460 118
99 71
422 80
28 142
49 121
494 152
98 72
91 81
62 108
76 94
148 22
447 105
418 76
409 67
75 95
128 42
501 159
370 28
492 150
11 159
93 77
507 165
143 27
102 68
504 162
164 6
508 166
125 45
471 129
100 70
9 161
364 22
344 2
12 158
346 4
26 144
475 133
40 130
482 140
131 39
141 29
495 153
511 169
396 54
72 98
384 42
454 112
407 65
92 78
390 48
429 87
472 130
481 139
441 101
113 57
110 60
470 128
450 108
498 156
33 137
366 24
45 125
54 116
117 57
404 62
394 52
104 66
121 49
408 66
8 164
415 73
1 169
359 17
18 152
51 119
446 104
64 106
115 59
0 170
388 46
342 0
150 20
421 79
96 74
138 32
13 157
74 96
36 134
461 119
32 138
86 84
116 54
469 127
445 103
3 167
111 59
497 155
159 11
367 25
385 43
463 121
123 47
479 137
151 19
398 56
393 51
56 114
427 85
127 43
156 14
464 122
79 91
38 132
485 143
353 11
376 34
366 26
88 82
144 26
455 113
502 160
377 35
510 168
480 138
432 90
378 36
351 9
369 27
29 141
30 140
356 14
380 38
420 78
426 84
115 55
371 29
57 113
55 115
419 77
402 60
347 5
170 0
130 42
500 158
24 146
47 123
124 46
439 97
155 15
118 52
406 64
387 45
391 49
135 35
16 154
149 21
358 16
136 34
168 2
132 38
395 53
166 4
91 79
70 100
112 58
457 115
126 44
20 150
368 26
25 145
352 10
73 97
10 160
410 68
129 41
80 92
134 36
140 30
163 7
107 63
137 33
103 67
34 136
400 58
417 75
345 3
451 109
416 74
108 62
434 92
444 102
82 88
87 83
65 105
477 135
466 124
349 7
21 149
412 70
85 85
381 39
343 1
357 15
491 149
453 111
6 164
137 35
499 157
505 163
81 89
106 64
428 86
39 131
489 147
35 135
379 37
53 117
59 111
474 132
131 43
496 154
169 1
52 118
448 106
456 114
348 6
66 104
441 99
503 161
375 33
142 28
362 20
63 107
4 166
509 167
97 73
116 56
83 87
15 155
31 139
22 148
60 110
493 151
360 18
433 91
120 50
84 86
506 164
476 134
425 83
80 90
167 3
465 123
119 51
90 80
498 157
470 129
154 17
414 73
440 99
58 113
405 64
343 2
10 161
497 156
119 52
151 20
141 30
40 131
479 138
46 125
163 8
126 45
21 150
16 155
447 106
91 80
396 55
92 79
386 45
47 124
425 84
49 122
156 15
31 140
15 156
450 109
162 9
376 35
34 137
356 15
439 98
133 38
379 38
120 51
19 152
378 37
393 52
73 98
406 65
375 34
8 163
429 88
349 8
465 124
94 77
139 32
344 3
75 96
361 20
169 2
38 133
136 35
503 162
82 89
494 153
353 12
502 161
158 13
144 27
102 69
371 30
367 26
81 90
98 73
359 18
432 91
130 43
508 167
51 120
368 27
489 148
55 116
100 71
392 51
369 28
346 5
419 78
427 86
384 43
157 14
143 28
93 78
410 69
39 132
74 97
17 154
422 81
142 29
483 142
385 44
363 22
13 158
448 107
462 121
105 66
499 158
30 141
6 165
96 75
61 110
85 86
445 104
165 6
152 19
28 143
88 83
472 131
511 170
453 112
411 70
131 42
0 171
362 21
430 89
370 29
446 105
476 135
7 164
22 149
48 123
101 70
123 48
159 12
467 126
421 80
54 117
460 119
113 58
83 88
171 0
501 160
167 4
438 97
45 126
509 168
104 67
488 147
404 63
377 36
459 118
360 19
4 167
431 90
124 47
403 62
407 66
1 170
70 101
112 59
117 56
110 61
131 40
398 57
26 145
76 95
400 59
365 24
69 102
507 166
464 123
350 9
387 46
481 140
424 83
56 115
107 64
67 104
435 94
492 151
461 120
103 68
62 109
114 59
65 106
505 164
63 108
57 114
9 162
170 1
351 10
134 37
84 87
428 87
480 139
388 47
71 100
121 50
444 103
24 147
487 146
469 128
150 21
433 92
118 57
357 16
391 50
138 33
116 55
390 49
72 99
117 54
25 146
137 34
80 91
23 148
12 159
161 10
482 141
510 169
382 41
402 61
380 39
106 65
129 42
33 138
441 100
506 165
496 155
125 46
95 76
77 94
87 84
155 16
417 76
397 56
423 82
471 130
341 0
466 125
412 71
168 3
166 5
11 160
374 33
32 139
418 77
395 54
127 44
52 119
145 26
420 79
164 7
366 25
118 53
20 151
474 133
108 63
484 143
140 31
490 149
389 48
493 152
437 96
491 150
64 107
347 6
475 134
128 43
122 49
409 68
504 163
401 60
372 31
456 115
436 95
455 114
473 132
354 13
135 36
109 62
2 169
42 129
442 101
5 166
53 118
149 22
399 58
415 74
60 111
29 142
37 134
434 93
66 105
36 135
416 75
111 60
373 32
477 136
495 154
14 157
447 107
371 31
0 172
3 169
390 50
500 160
459 119
465 125
343 3
93 79
88 84
103 69
392 52
58 114
67 105
448 108
357 17
395 55
129 43
122 50
509 169
496 156
364 24
473 133
40 132
391 51
367 27
7 165
121 51
111 61
65 107
141 31
57 115
120 52
423 83
389 49
372 32
452 112
360 20
398 58
455 115
406 66
20 152
72 100
46 126
117 55
489 149
29 143
108 64
160 12
81 91
128 44
485 145
94 78
470 130
145 27
10 162
483 143
48 124
112 60
394 54
404 64
471 131
469 129
381 41
23 149
124 48
69 103
376 36
164 8
365 25
12 160
358 18
62 110
488 148
422 82
47 125
68 104
70 102
430 90
140 32
415 75
42 130
33 139
408 68
64 108
385 45
431 91
111 63
107 65
492 152
498 158
477 137
150 22
486 146
370 30
31 141
437 97
396 56
51 121
369 29
505 165
28 144
449 109
349 9
351 11
155 17
432 92
494 154
45 127
166 6
345 5
495 155
352 12
454 114
353 13
461 121
19 153
105 67
479 139
414 74
453 113
55 117
373 33
170 2
76 96
84 88
75 97
401 61
493 153
481 141
159 13
425 85
113 59
400 60
66 106
386 46
344 4
418 78
444 104
82 90
21 151
54 118
393 53
101 71
442 102
363 23
83 89
361 21
27 145
152 20
73 99
502 162
53 119
133 39
14 158
476 136
419 79
60 112
491 151
158 14
428 88
171 1
63 109
92 80
374 36
15 159
354 14
403 63
162 10
151 21
154 18
457 117
445 105
347 7
374 34
438 98
350 10
74 98
416 76
1 171
110 62
397 57
484 144
9 163
18 154
446 106
118 54
96 76
34 138
426 86
109 63
52 120
433 93
387 47
41 131
44 128
106 66
443 103
169 3
355 15
380 40
127 45
95 77
13 159
466 126
35 137
38 134
456 116
340 0
98 74
77 95
6 166
56 116
475 135
71 101
434 94
482 142
368 28
2 170
85 87
61 111
144 28
135 37
136 36
460 120
15 157
405 65
172 0
440 100
377 37
16 156
450 110
487 147
356 16
102 70
97 75
362 22
463 123
30 142
409 69
503 163
435 95
123 49
478 138
156 16
411 71
417 77
407 67
507 167
480 140
43 129
126 46
142 30
402 62
36 136
131 41
346 6
118 56
138 34
388 48
104 68
436 96
348 8
49 123
511 171
11 161
429 89
383 43
5 167
25 147
424 84
378 38
501 161
119 53
497 157
490 150
165 7
439 99
134 38
421 81
167 5
462 122
506 167
444 105
39 134
113 60
417 78
446 107
2 171
496 157
498 159
342 3
84 89
483 144
142 31
98 75
458 119
398 59
47 126
358 19
33 140
59 114
346 7
395 56
353 14
375 36
407 68
57 116
401 62
408 69
429 90
372 33
437 98
423 84
495 156
42 131
392 53
122 51
88 85
475 136
471 134
505 166
65 108
0 173
354 15
68 105
118 55
487 148
49 124
28 145
453 114
403 64
422 83
69 106
355 16
510 171
63 110
435 96
6 167
386 47
489 150
349 10
95 78
4 169
357 18
378 39
158 15
44 129
362 23
364 25
415 76
26 147
41 132
127 46
61 112
444 107
167 6
45 128
169 4
500 161
36 137
502 163
420 81
3 170
112 61
78 97
109 64
404 65
450 111
405 66
501 162
481 142
126 47
157 16
465 126
494 155
66 107
13 160
371 32
455 116
411 72
460 121
394 55
347 8
53 120
17 156
139 34
449 112
74 99
484 145
32 141
503 164
393 54
100 73
35 138
470 131
463 124
493 154
477 138
31 142
150 23
22 151
377 38
390 51
391 52
356 17
402 63
119 54
373 34
87 86
67 106
21 152
385 46
99 74
383 44
504 165
409 70
480 141
161 12
388 49
10 163
107 66
164 9
163 10
110 63
120 53
135 38
438 99
491 152
125 48
418 79
102 71
165 8
54 119
30 143
25 148
19 154
350 11
351 12
368 29
83 90
34 139
132 41
471 132
101 72
469 130
434 95
15 158
46 127
340 1
134 39
121 52
361 22
77 96
456 117
96 77
69 104
151 22
425 86
374 35
511 172
476 137
414 79
449 110
464 125
414 75
416 77
461 122
485 146
97 76
70 103
170 3
474 135
490 151
128 45
144 29
439 100
478 139
166 7
492 153
7 166
162 11
108 65
60 113
396 57
410 71
71 102
11 162
436 97
85 88
415 78
123 50
360 21
152 21
133 40
452 113
136 37
509 172
345 6
367 28
466 127
103 70
104 69
445 106
1 172
433 94
431 92
82 91
50 123
339 0
419 80
5 168
457 118
62 111
154 19
508 169
111 62
14 159
129 44
380 43
482 143
78 95
442 103
399 60
397 58
23 150
384 45
426 87
12 161
370 31
94 79
343 4
432 93
421 82
473 134
51 122
468 129
379 40
382 43
507 168
155 18
56 117
93 80
73 100
168 5
140 33
400 61
486 147
447 108
376 37
145 28
454 115
106 67
406 67
424 85
488 149
146 27
16 157
18 155
52 121
75 98
119 56
363 24
172 1
29 144
40 133
389 50
369 30
359 20
72 101
160 13
427 88
380 41
43 130
428 89
341 2
457 119
17 157
147 27
375 37
437 99
10 164
492 154
417 79
66 108
353 15
361 23
86 88
364 26
105 69
101 73
146 28
456 118
81 93
499 161
341 3
96 78
103 71
150 24
358 20
385 47
501 163
368 30
458 120
486 148
82 92
126 48
455 117
120 54
459 121
41 135
67 107
378 40
19 155
22 152
485 147
428 90
59 115
447 109
475 137
157 17
171 3
508 170
488 150
408 70
2 172
420 82
52 122
357 19
377 39
45 129
76 98
94 80
356 18
75 99
467 129
393 55
57 117
410 72
68 106
110 64
425 87
403 65
398 60
478 140
495 157
29 145
347 9
49 125
18 158
12 162
170 4
426 88
20 154
162 12
421 83
37 137
14 160
13 161
391 53
490 152
382 44
343 5
24 150
6 168
342 4
87 87
354 16
108 66
479 141
351 13
352 14
106 68
370 32
443 105
137 37
394 56
168 6
104 70
431 93
506 168
415 77
156 18
133 41
509 171
136 38
401 63
47 127
139 35
363 25
468 130
163 11
359 21
444 106
135 39
380 42
384 46
124 50
55 119
42 132
33 141
451 113
506 170
173 1
90 84
453 115
379 41
424 86
100 74
432 94
83 91
74 100
386 48
32 142
35 139
63 111
464 126
473 135
28 146
355 17
484 146
142 32
461 123
50 124
415 79
463 125
483 145
397 59
97 77
39 135
121 53
145 29
112 62
450 112
51 123
411 73
429 91
366 28
16 158
141 33
419 81
438 100
388 50
3 171
472 134
44 130
481 143
158 16
511 173
510 172
62 114
56 118
119 55
449 111
79 95
160 14
414 76
65 109
491 153
465 127
454 116
387 49
390 52
25 149
339 1
471 133
161 13
503 165
0 174
441 103
400 62
107 67
406 68
26 148
36 138
416 78
445 107
381 43
418 80
62 112
11 163
122 52
414 78
399 61
407 69
69 105
9 165
84 90
402 64
78 96
348 10
144 30
440 102
152 22
99 75
460 122
442 104
142 34
504 166
412 74
21 153
109 65
360 22
498 160
469 131
507 169
439 101
349 11
43 131
129 45
61 113
340 2
477 139
396 58
433 95
134 40
31 143
435 97
40 134
34 140
423 85
53 121
1 173
409 71
405 67
350 12
427 89
166 8
430 92
169 5
143 31
77 97
155 19
496 158
60 114
448 110
480 142
5 169
27 147
151 23
125 49
373 35
470 132
371 33
395 57
392 54
493 155
346 8
48 126
167 7
41 133
8 166
422 84
500 162
497 159
123 51
338 0
164 10
140 34
487 149
95 79
30 144
72 102
18 156
344 6
71 103
127 47
88 86
487 151
129 47
474 136
4 170
362 24
367 29
436 98
113 61
434 96
30 145
420 83
133 42
66 109
381 44
439 102
460 123
423 86
468 131
408 71
343 6
500 163
389 52
338 1
404 67
19 156
356 19
367 30
453 116
18 159
9 166
18 157
488 151
341 6
463 126
46 129
148 27
100 75
44 131
480 143
446 109
74 101
5 170
370 33
36 139
464 127
10 165
37 138
136 39
102 73
419 82
493 156
346 9
503 166
495 158
472 135
125 50
437 100
28 147
103 72
89 86
87 88
397 60
97 78
504 167
422 85
441 104
365 28
45 130
138 37
511 174
29 146
34 141
351 14
506 169
20 155
61 114
163 14
128 47
476 139
440 103
79 96
497 160
110 65
77 98
88 87
341 4
90 85
126 49
3 172
353 16
479 142
490 153
68 107
399 62
82 93
359 22
120 55
384 47
344 7
2 173
429 92
474 137
159 16
134 41
482 145
56 119
145 30
161 14
73 102
42 133
70 105
426 89
127 48
1 174
510 173
101 74
487 150
337 0
99 76
413 76
432 95
438 101
431 94
156 19
84 91
431 96
143 32
81 94
435 98
25 150
14 161
52 123
107 68
421 84
123 52
347 10
170 5
35 140
27 148
450 113
121 54
140 35
378 41
349 12
395 58
455 118
361 24
153 22
465 128
165 10
351 16
411 74
71 104
483 146
473 136
445 108
32 143
4 171
417 80
388 51
392 55
454 117
174 1
144 31
113 62
461 124
104 71
164 11
75 100
26 149
467 130
43 132
390 53
499 162
21 154
498 161
434 97
8 167
456 119
348 11
360 23
92 83
94 81
65 110
412 75
372 35
508 171
345 8
157 18
485 148
452 115
76 99
17 158
492 155
7 168
141 34
91 84
51 124
401 64
53 122
150 25
168 7
496 159
55 120
362 25
0 175
385 48
391 54
85 90
407 70
424 87
50 125
108 67
355 18
146 29
400 63
394 57
158 17
502 165
48 127
357 20
59 116
166 9
31 144
416 79
83 92
62 113
167 8
105 70
406 69
459 122
142 33
46 131
98 77
152 23
377 40
458 121
155 20
63 112
47 128
41 134
489 152
470 133
339 2
171 4
80 95
72 103
40 135
135 40
106 69
23 152
433 96
58 117
382 45
484 147
402 65
409 72
163 12
369 32
387 50
393 56
57 118
396 59
486 149
379 42
13 162
338 3
375 38
478 141
137 38
368 31
33 142
175 0
371 34
350 13
507 170
466 129
162 13
443 106
371 36
414 77
363 26
129 46
24 151
410 73
448 111
418 81
86 89
109 66
11 164
477 140
354 17
466 131
54 121
340 3
475 138
122 53
352 15
169 6
481 144
457 120
358 21
427 90
12 163
39 136
96 79
416 80
122 54
176 0
161 15
97 79
473 137
15 161
356 20
486 150
361 25
156 20
80 96
442 106
337 1
428 92
418 82
425 89
490 154
409 73
377 41
104 72
29 147
127 49
67 109
381 45
495 159
81 95
393 57
452 116
108 70
26 150
360 24
346 10
73 103
121 55
113 63
364 28
47 131
46 130
499 163
477 141
382 46
456 120
133 43
460 124
387 51
8 168
76 100
6 170
342 6
21 155
453 117
163 13
352 16
504 168
406 70
426 90
501 165
66 110
60 116
424 88
158 18
95 81
169 7
146 30
374 38
357 21
37 139
27 149
58 118
505 169
91 85
84 92
488 152
503 167
48 128
42 134
479 143
390 54
154 22
61 115
385 49
437 101
49 127
363 27
34 142
141 35
482 146
365 29
125 51
399 63
386 50
83 93
4 172
371 35
172 4
397 61
94 82
135 41
404 68
405 69
130 46
454 118
105 71
489 153
467 131
433 97
339 3
0 176
392 56
341 7
458 122
162 14
11 165
168 8
88 88
408 72
86 90
440 104
502 166
402 66
147 29
492 156
476 140
423 87
445 109
368 32
175 1
107 69
417 81
159 17
500 164
22 154
25 151
359 23
63 113
419 83
12 164
137 39
174 2
461 125
372 36
110 66
383 47
136 40
466 130
435 99
450 114
407 71
89 87
511 175
75 101
102 74
431 95
101 77
157 19
472 136
469 133
457 121
98 78
87 89
485 149
483 147
74 102
422 86
459 123
403 67
355 19
148 28
20 156
96 80
358 22
19 157
47 129
366 30
32 144
123 53
336 0
65 111
464 128
3 173
40 136
7 169
124 52
153 23
92 84
93 83
367 31
434 98
56 120
152 24
463 127
436 100
143 33
170 6
71 105
344 8
475 139
85 91
462 126
30 146
420 84
64 112
395 59
401 65
92 86
57 119
350 14
351 15
53 123
164 12
14 162
5 171
52 126
28 148
164 14
33 143
378 42
347 11
413 77
140 38
376 40
451 115
394 58
50 126
2 174
171 5
391 55
140 36
369 33
455 119
52 124
432 96
90 86
338 4
338 2
430 94
353 17
157 21
497 161
149 27
45 131
431 97
465 131
388 52
412 76
446 110
128 48
44 132
421 85
438 102
480 144
341 5
77 99
496 160
134 42
510 174
474 138
112 64
481 145
51 125
55 121
13 163
151 25
10 166
441 105
31 145
165 11
111 65
340 4
427 91
23 153
138 38
498 162
145 31
166 10
108 68
400 64
493 157
126 50
17 159
35 141
478 142
348 12
100 76
410 74
447 111
139 37
468 132
103 73
68 108
398 62
507 171
146 31
489 154
444 109
501 166
170 7
113 64
65 112
83 94
71 106
498 163
483 148
51 126
502 167
69 108
166 11
112 65
6 171
4 173
451 116
510 175
32 145
139 38
105 72
138 39
99 78
401 66
406 71
160 17
155 22
469 134
369 34
450 115
436 101
411 76
165 12
437 102
80 97
2 175
39 138
394 61
108 69
152 25
84 93
40 137
29 148
101 76
79 98
14 163
75 102
435 100
128 49
417 82
74 103
34 143
114 63
175 2
480 145
360 25
343 8
446 111
131 46
385 50
472 137
484 149
91 86
462 127
109 68
380 45
481 146
468 133
482 147
164 13
156 21
148 29
399 64
60 117
350 15
31 146
374 39
373 38
36 141
474 139
170 9
124 53
147 30
420 85
340 5
120 57
432 97
154 23
364 29
58 119
363 28
159 18
388 53
509 174
53 126
412 77
5 172
443 108
169 8
104 73
44 133
337 2
511 176
362 27
48 131
20 157
22 155
492 157
7 170
23 154
93 84
57 120
352 17
28 149
478 143
396 61
485 150
87 90
158 19
476 141
423 88
134 43
17 160
88 89
110 67
456 121
447 112
157 20
442 107
449 114
64 113
404 69
438 103
439 104
441 106
418 83
122 55
460 125
397 62
81 96
1 176
92 85
467 132
174 3
82 95
127 50
422 87
368 33
133 44
379 44
375 40
73 104
144 33
440 105
26 151
426 91
465 130
111 66
172 5
33 144
386 51
416 81
77 100
383 48
366 31
145 32
137 40
61 116
455 120
389 54
392 57
27 150
56 121
94 83
13 164
335 0
459 124
10 167
365 30
504 169
395 60
346 11
378 43
100 77
429 94
495 160
103 74
336 1
161 16
121 56
30 147
470 135
96 81
123 54
503 168
168 9
452 117
394 59
107 70
349 14
460 127
151 26
66 111
45 132
470 137
431 98
52 127
25 152
391 56
407 72
497 162
85 92
381 46
339 4
344 9
445 110
421 86
21 156
358 23
409 74
43 134
477 142
390 55
428 93
342 7
38 139
35 142
461 126
140 37
86 91
136 41
370 35
55 122
377 42
361 26
372 37
357 22
67 110
3 174
78 99
400 65
402 67
471 136
0 177
95 82
50 127
458 123
54 123
102 75
408 73
359 24
162 15
473 138
454 119
403 68
52 125
9 168
153 24
348 13
453 118
48 129
72 105
488 153
165 14
89 88
382 47
393 58
425 90
12 165
149 30
500 165
376 41
11 166
463 128
499 164
354 19
430 95
47 130
8 169
457 122
398 63
433 98
141 36
356 21
15 162
150 27
405 70
177 0
49 128
125 52
171 6
507 172
97 80
508 173
419 84
79 99
482 148
336 2
417 83
425 91
15 163
144 34
75 103
62 116
463 129
365 31
369 35
367 33
2 176
385 51
82 96
53 125
54 124
388 54
511 177
479 145
382 48
123 55
65 113
421 87
161 17
106 72
357 23
69 109
97 81
32 146
56 122
459 125
391 57
383 49
76 102
50 128
461 127
166 12
353 19
354 20
114 64
502 168
173 5
501 167
478 144
74 104
400 66
407 73
453 119
493 159
467 133
510 176
494 160
500 166
334 0
38 140
344 10
416 82
364 30
418 84
20 158
151 27
71 107
49 131
174 4
138 40
113 65
469 135
509 175
508 174
destination
