map
random512-15-6.map
pivot
256 385
agent & start
435 64
43 98
428 57
78 63
6 135
50 91
57 84
40 101
433 62
375 4
22 119
371 0
94 49
460 89
90 51
476 105
415 44
71 70
15 126
119 22
82 59
42 99
445 74
27 114
475 104
121 20
479 108
66 75
17 124
431 60
469 98
482 111
498 127
447 78
448 77
12 129
92 49
507 136
411 40
95 46
132 9
405 34
36 105
77 66
436 65
24 117
113 28
60 81
378 7
397 26
470 99
84 57
499 128
473 102
110 31
16 127
137 4
458 87
64 77
63 78
422 51
52 89
454 83
430 59
407 36
377 6
426 55
425 54
87 54
483 112
0 141
441 70
48 93
481 110
140 1
107 34
396 25
9 132
123 18
500 129
89 52
408 37
129 12
413 42
409 38
416 45
412 41
69 72
400 29
395 24
32 109
124 17
509 138
41 100
473 104
58 83
101 40
456 85
419 48
391 20
23 118
14 127
29 112
68 73
45 96
437 66
453 82
44 97
506 135
465 94
1 140
134 7
83 58
5 138
393 22
37 104
139 2
410 39
438 67
446 75
61 80
81 60
447 76
7 134
39 104
10 131
114 27
480 109
96 45
63 80
457 86
35 106
135 6
434 63
383 12
128 13
511 140
487 116
490 119
30 111
450 79
88 53
91 50
100 41
464 93
503 132
117 24
122 19
388 17
33 108
492 121
427 56
8 133
468 97
77 64
4 137
85 56
463 92
414 43
34 107
496 125
379 8
418 47
461 90
488 117
417 46
491 120
111 30
26 115
19 122
103 38
494 123
25 116
138 3
120 21
432 61
505 134
487 118
443 72
477 106
2 141
387 16
440 69
38 103
59 82
502 131
510 139
97 44
390 19
106 35
53 88
471 100
489 118
109 32
98 43
485 114
385 14
118 23
392 21
399 28
51 90
115 26
501 130
94 47
102 39
80 61
497 126
478 107
394 23
49 92
504 133
508 137
424 53
423 52
389 18
75 66
65 76
459 88
112 29
54 87
493 122
402 31
484 113
20 121
47 94
67 74
466 95
73 68
446 77
474 103
21 120
93 48
401 30
105 36
391 22
472 101
398 27
439 68
86 55
412 42
1 141
507 137
466 96
476 106
375 5
462 92
74 68
487 117
90 52
488 118
506 136
6 136
71 71
389 19
399 29
18 124
494 124
133 9
48 94
374 4
92 50
70 72
122 20
493 123
501 131
440 70
376 6
423 53
61 81
438 68
428 58
489 119
480 110
117 25
386 16
5 137
107 35
62 80
419 49
13 129
505 135
454 84
76 66
38 104
429 59
467 97
409 39
473 103
110 32
79 63
477 107
24 118
129 13
11 131
410 40
387 17
123 19
482 112
504 134
405 35
55 87
432 62
124 18
116 26
424 54
394 24
499 129
26 116
373 3
37 105
87 55
132 10
497 127
418 48
500 130
496 126
94 48
19 123
465 95
483 113
7 135
63 79
111 31
456 86
475 105
433 63
474 104
384 14
57 85
30 112
416 46
391 21
10 132
142 0
0 142
396 26
136 6
64 78
490 120
455 85
42 100
449 79
378 8
82 60
8 134
404 34
47 95
88 54
102 40
400 30
9 133
29 113
31 111
118 24
112 30
461 91
95 47
66 76
421 51
20 122
78 64
470 100
21 121
441 71
392 22
89 53
382 12
101 41
14 128
457 87
96 46
393 23
100 42
83 59
478 108
81 61
32 110
503 133
17 127
406 36
46 96
510 140
69 73
36 106
401 31
402 32
391 23
44 98
78 68
49 93
448 78
141 1
415 45
371 1
105 37
115 27
108 34
463 93
420 50
426 56
51 91
68 74
80 62
447 79
113 29
43 99
77 67
104 38
425 55
495 125
453 83
413 43
403 33
472 102
442 72
35 107
498 128
427 57
372 2
395 25
34 108
434 64
65 77
98 44
67 75
52 90
491 121
75 67
121 21
435 65
509 139
137 5
377 7
53 89
86 56
103 39
469 99
109 33
135 7
484 114
383 13
502 132
59 83
140 2
388 18
33 109
370 0
25 117
120 22
417 47
41 101
94 50
464 94
445 75
93 49
31 113
446 76
139 3
407 37
431 61
108 36
23 119
390 20
12 130
397 27
85 57
64 80
471 101
459 89
22 120
15 127
2 142
479 109
379 9
408 38
411 41
95 49
436 66
84 58
28 114
106 36
414 44
460 90
121 22
132 11
87 56
466 97
17 126
79 64
76 67
421 52
22 121
41 102
6 137
86 57
92 51
36 107
80 63
408 39
462 93
117 26
10 133
0 143
369 0
459 90
458 89
491 124
477 108
66 77
454 85
388 19
49 94
51 92
403 34
60 83
118 25
77 68
372 3
486 117
98 45
21 122
53 90
122 21
133 10
129 14
69 74
384 15
393 24
467 98
108 35
450 81
83 60
32 111
425 56
138 5
48 95
370 1
1 142
470 101
394 25
43 100
14 129
102 41
474 105
114 29
97 46
442 73
495 126
13 130
392 23
90 53
35 108
440 71
415 46
427 58
469 100
123 20
24 119
430 61
72 71
479 110
502 133
141 2
88 55
38 105
435 66
115 28
26 117
61 82
390 21
377 8
375 6
497 128
382 13
119 24
85 58
33 110
44 101
103 40
463 94
385 16
511 142
89 54
58 85
500 131
111 32
27 116
25 118
378 9
15 128
30 113
59 84
12 131
426 57
62 81
475 106
428 59
95 48
31 114
396 27
496 127
112 31
374 5
44 99
74 69
484 115
429 60
78 65
434 65
439 70
379 10
37 106
142 1
483 114
386 17
413 44
504 135
107 36
436 67
78 67
101 42
498 129
47 96
432 63
68 75
20 123
438 69
106 37
7 136
468 99
75 68
71 72
93 50
457 88
506 137
490 121
480 111
423 54
143 0
70 73
494 125
389 20
404 35
134 9
23 120
510 141
416 47
383 14
32 113
402 33
491 122
414 45
371 2
456 87
449 80
137 6
9 134
460 91
410 41
105 38
28 115
81 62
465 96
395 26
64 79
109 34
55 88
96 47
455 86
100 43
52 91
397 28
124 19
485 116
433 64
31 112
431 62
417 48
140 3
82 61
398 29
110 33
501 132
419 50
42 101
445 76
508 139
493 124
499 130
411 42
481 112
406 37
420 51
376 7
476 107
399 30
136 7
54 89
488 119
472 103
84 59
448 79
405 36
373 4
409 40
453 84
443 74
18 125
11 132
507 138
401 32
120 23
412 43
24 120
18 126
83 61
386 18
33 113
478 110
77 69
392 24
465 97
441 73
470 102
88 56
81 63
100 44
120 24
381 13
448 80
419 51
474 106
415 47
129 15
93 51
378 10
492 124
113 31
498 130
133 11
439 71
125 19
374 6
383 15
119 25
499 131
118 26
137 7
54 90
369 1
138 6
488 120
449 81
12 132
34 110
140 4
505 137
461 93
74 70
126 18
96 48
385 17
387 19
437 69
69 75
379 11
494 126
397 29
431 63
99 45
91 53
10 134
70 74
115 29
464 96
413 45
62 82
34 114
27 117
480 112
504 136
85 59
500 132
477 109
395 27
112 32
444 76
442 74
73 71
28 116
389 21
56 88
49 95
142 2
32 114
131 13
485 117
483 115
467 99
396 28
116 28
428 60
102 42
55 89
510 142
509 141
402 34
53 91
107 37
511 143
398 30
80 64
121 23
459 91
376 8
135 9
450 82
399 31
410 42
7 137
14 130
71 73
92 52
432 64
9 135
471 103
33 111
456 88
475 107
476 108
417 49
388 20
384 16
403 35
469 101
416 48
47 97
502 134
97 47
427 59
414 46
43 101
136 8
65 79
87 57
491 123
13 131
436 68
15 129
455 87
38 106
67 77
26 118
1 143
20 124
117 27
52 92
42 102
114 30
400 32
438 70
382 14
66 78
373 5
497 129
481 113
426 58
68 76
134 10
409 41
21 123
45 99
23 121
48 96
123 21
111 33
407 39
37 107
370 2
394 26
106 38
110 34
495 127
30 114
98 46
457 89
408 40
493 125
86 58
458 90
393 25
76 68
380 12
484 116
32 112
422 54
435 67
141 3
25 119
508 140
496 128
371 3
466 98
453 85
406 38
425 57
420 52
72 72
84 60
130 14
377 9
59 85
103 41
109 35
143 1
434 66
45 101
424 56
79 67
430 62
79 65
101 43
60 84
19 125
90 54
443 75
506 138
412 44
490 122
418 50
35 109
75 69
404 36
89 55
454 86
460 92
463 95
499 132
122 23
501 134
385 18
498 131
141 4
419 52
488 121
70 75
88 57
402 35
471 104
38 107
479 112
98 47
454 87
39 106
83 62
71 74
464 97
47 98
125 20
444 77
133 12
379 12
509 142
392 25
432 65
441 74
81 64
28 117
116 29
507 140
36 109
124 21
66 79
470 103
406 39
394 27
49 96
480 113
367 0
384 17
483 116
459 94
478 111
476 109
489 122
7 138
33 114
131 14
481 114
1 144
411 44
440 73
22 123
396 29
428 61
505 138
474 107
383 16
487 120
427 60
408 41
398 31
435 68
436 69
433 66
409 42
121 24
54 91
143 2
34 111
132 13
50 95
101 44
139 6
59 86
97 48
21 124
401 34
10 135
34 115
24 121
136 9
506 139
14 131
389 22
60 85
378 11
490 123
68 77
374 7
30 115
127 18
115 30
102 43
442 75
15 130
43 102
381 14
457 90
52 93
369 2
410 43
99 46
462 95
475 108
511 144
482 115
56 89
424 57
510 143
393 26
486 119
504 137
51 94
449 82
114 31
450 83
494 127
93 52
468 101
63 82
112 33
387 20
386 19
25 120
135 10
453 86
29 116
142 3
431 64
117 28
448 81
429 62
9 136
495 128
417 50
19 126
104 41
107 38
123 22
120 25
119 26
35 110
400 33
106 39
138 7
140 5
137 8
110 35
370 3
493 126
508 141
48 97
134 11
118 27
40 105
130 15
368 1
484 117
388 21
103 42
377 10
430 63
86 59
456 89
76 69
496 129
79 66
85 60
45 100
12 133
492 125
53 92
72 73
42 103
416 49
73 72
466 99
92 53
497 130
412 45
27 118
382 15
61 84
33 112
415 48
91 54
13 132
477 110
16 129
100 45
37 108
126 19
376 9
380 13
473 106
74 71
371 4
469 102
84 61
399 32
439 72
89 56
407 40
404 37
414 47
423 56
373 6
425 58
413 46
438 71
62 83
67 78
8 137
465 98
75 70
485 118
90 55
467 100
458 91
375 8
460 93
463 96
500 133
434 67
437 70
426 59
20 125
421 54
433 67
143 3
504 140
10 136
449 83
90 56
146 0
114 32
407 41
33 115
392 26
496 130
376 10
136 10
67 79
66 80
54 92
443 77
80 66
401 35
463 97
393 27
399 33
406 40
367 1
62 84
477 111
18 128
452 86
142 4
110 36
494 128
119 27
415 49
64 82
467 103
63 83
488 122
458 92
400 34
113 33
508 142
140 6
53 93
39 107
141 5
509 143
69 77
484 118
404 38
115 31
370 4
375 9
445 79
388 22
112 34
417 51
36 110
378 12
456 90
41 105
420 54
71 75
56 90
372 6
419 53
100 46
459 93
475 109
432 66
55 91
99 47
451 85
438 72
455 89
8 138
469 103
416 50
38 108
138 8
139 7
21 125
134 12
48 98
86 60
0 146
383 17
385 19
450 84
76 70
413 47
65 81
387 21
30 116
47 99
102 44
460 94
22 124
98 48
424 58
106 40
381 15
92 54
61 85
389 23
96 50
89 57
93 53
126 20
35 111
497 131
476 110
444 78
485 119
462 96
489 123
437 71
418 52
34 112
88 58
499 133
70 76
15 131
440 74
107 39
464 98
85 61
116 30
94 52
473 107
51 95
507 141
439 73
454 88
13 133
478 112
28 118
402 36
495 129
470 104
57 89
396 30
75 71
487 121
19 127
59 87
427 61
382 16
371 5
501 135
120 26
504 138
58 88
105 41
397 31
46 100
43 103
123 23
405 39
133 13
394 28
426 60
84 62
435 69
500 134
380 14
472 106
25 121
409 43
7 139
91 55
436 70
108 38
480 114
124 22
125 21
430 64
20 126
60 86
135 11
493 127
50 96
109 37
137 9
369 3
411 45
73 73
117 29
502 136
104 42
465 99
14 132
17 129
118 28
390 24
40 106
448 82
23 123
49 97
395 29
74 72
511 145
373 7
481 115
127 19
52 94
37 109
131 15
482 116
377 11
503 137
466 100
368 2
2 144
492 126
384 18
121 25
366 0
457 91
386 20
26 120
398 32
429 63
103 43
486 120
434 68
441 75
422 56
505 139
498 132
111 35
468 102
101 45
442 76
414 48
510 144
87 59
81 65
72 74
474 108
462 97
90 57
71 76
103 44
447 82
487 122
384 19
489 124
496 131
88 59
479 114
495 130
42 105
386 21
499 134
65 82
110 37
494 129
497 132
407 42
387 22
83 66
412 47
56 91
55 92
49 98
449 84
60 87
23 124
20 127
374 9
425 60
415 50
144 3
84 63
468 103
92 57
17 130
504 139
458 93
480 115
382 17
505 140
11 136
29 118
426 61
472 107
414 49
475 110
48 99
140 7
420 55
399 34
21 126
97 50
116 31
402 37
377 12
381 16
54 93
39 110
3 144
117 30
14 133
132 15
429 64
99 48
134 13
383 18
44 103
400 35
369 4
509 144
411 46
86 61
102 45
107 40
452 87
41 106
105 42
123 24
129 18
424 59
419 54
101 46
94 53
450 85
390 25
431 66
372 7
431 68
73 74
409 44
466 101
467 102
456 91
391 26
141 6
109 38
507 142
441 76
445 80
121 26
82 65
98 49
427 62
19 128
91 56
371 6
68 79
83 64
36 111
64 83
33 116
460 95
31 116
62 85
428 63
451 86
50 97
18 129
457 92
370 5
404 39
16 131
61 86
135 12
398 33
24 123
114 33
131 16
405 40
72 75
138 9
40 107
510 145
464 99
396 31
448 83
432 67
119 28
106 41
37 110
130 17
437 72
476 111
493 128
58 89
69 78
139 8
416 51
113 34
385 20
502 137
74 73
22 125
491 126
89 58
483 118
474 109
66 81
53 94
136 11
128 19
443 78
57 90
442 77
112 35
488 123
25 122
93 54
435 70
422 57
1 146
39 108
376 11
59 88
484 119
126 21
52 95
379 14
511 146
146 1
70 77
96 51
76 71
81 66
501 136
111 36
433 68
9 138
444 79
482 117
12 135
414 51
430 65
133 14
143 4
375 10
395 30
498 133
401 36
469 104
436 71
373 8
394 29
478 113
486 121
485 120
437 74
87 60
500 135
8 139
10 137
504 141
423 58
503 138
434 69
92 55
35 112
388 23
30 117
26 121
439 74
367 2
392 27
440 75
481 116
417 52
13 134
471 106
100 47
418 53
122 25
0 147
125 22
491 128
470 105
403 38
147 0
118 29
124 23
368 3
454 89
378 13
115 32
477 112
393 28
463 98
47 100
63 84
108 39
120 27
365 0
389 24
43 104
2 145
406 41
416 52
55 93
380 16
123 25
434 70
114 34
485 121
119 29
90 58
83 67
466 102
25 123
14 134
3 145
67 81
503 139
12 136
144 4
430 68
121 27
77 71
40 108
56 92
382 18
68 80
413 51
429 65
483 119
452 88
491 127
385 21
499 135
501 137
137 11
399 35
412 48
105 43
48 100
9 139
388 24
52 96
125 23
135 13
10 138
65 83
389 25
21 127
83 65
97 51
476 112
381 17
486 122
13 135
403 39
423 59
506 142
505 141
66 82
63 85
1 147
396 32
92 56
468 104
395 31
143 5
81 67
366 2
94 54
101 47
376 12
384 20
132 16
460 96
49 99
439 75
480 116
23 125
86 62
397 33
370 6
117 31
430 66
378 14
60 88
471 107
71 77
18 130
409 45
461 97
17 131
75 73
106 42
126 22
440 76
19 129
80 68
402 38
45 103
24 124
26 122
96 52
146 2
464 100
53 95
496 132
54 94
41 107
507 143
475 111
433 69
133 15
112 36
32 116
91 57
8 140
394 30
425 61
102 46
2 146
431 67
375 11
387 23
120 28
110 38
109 39
414 50
62 86
456 92
58 90
432 68
51 97
450 86
431 69
38 110
85 63
511 147
47 101
386 22
115 33
404 40
447 83
87 61
413 49
369 5
104 44
391 27
411 47
391 29
367 3
444 80
414 52
415 51
365 1
15 133
398 34
379 15
383 19
22 126
16 132
482 118
442 78
418 54
95 53
35 113
134 14
509 145
124 24
424 60
488 124
494 130
84 66
127 21
510 146
98 50
142 6
84 64
4 144
29 119
426 62
140 8
393 29
43 105
427 63
107 41
492 128
481 117
116 32
406 42
30 120
490 126
474 110
42 106
457 93
129 19
400 36
89 59
390 26
130 18
493 129
445 81
419 55
446 82
74 74
0 148
477 113
37 111
113 35
435 71
479 115
487 123
73 75
489 125
93 55
118 30
451 87
138 10
422 58
417 53
368 4
147 1
20 128
405 41
39 109
148 0
30 118
377 13
122 26
70 78
455 91
27 121
61 87
449 85
82 66
478 114
139 9
454 90
465 101
111 37
472 108
497 133
428 64
99 49
453 89
462 98
469 105
64 84
392 28
421 57
57 91
131 17
438 74
372 8
437 73
103 45
373 9
61 88
43 106
58 91
384 21
468 105
496 133
472 109
91 58
461 98
23 126
378 15
445 82
66 83
399 36
379 16
398 35
1 148
477 114
6 143
425 62
68 81
502 139
85 64
455 92
381 18
74 75
137 12
25 124
453 90
482 119
143 6
147 2
89 60
377 14
49 100
432 69
388 25
18 131
4 145
67 82
412 49
433 70
417 54
407 44
93 56
488 125
394 31
99 50
117 32
411 48
57 92
127 24
123 26
506 143
72 77
498 135
383 20
20 129
493 130
386 23
480 117
365 2
132 17
139 10
80 69
65 84
102 47
372 9
484 121
422 59
89 62
2 147
37 112
474 111
363 0
511 148
418 55
473 110
435 72
116 33
146 3
510 147
56 93
451 88
427 64
9 140
492 129
508 145
403 40
400 37
442 79
104 45
55 94
507 144
385 22
45 104
26 123
476 113
112 37
107 42
22 127
30 119
460 97
11 138
367 4
389 26
114 35
429 66
405 42
446 83
409 46
75 74
126 23
441 78
54 95
27 122
495 132
87 62
15 134
397 34
40 109
29 120
145 4
81 68
380 17
108 41
412 51
41 108
64 85
30 121
128 21
124 25
62 87
419 56
483 120
469 106
144 5
373 10
95 54
42 107
416 53
17 132
486 123
69 80
31 118
36 113
481 118
413 50
59 90
106 43
140 9
449 86
100 49
479 116
454 91
24 125
462 99
406 43
423 60
421 58
404 41
478 115
376 13
141 8
48 101
408 45
10 139
44 105
73 76
133 16
118 31
32 117
465 102
135 14
125 24
369 6
505 142
50 99
395 32
424 61
115 34
12 137
364 1
78 71
86 63
456 93
121 28
494 131
438 75
439 76
500 139
127 22
500 137
122 27
14 135
396 33
401 38
46 103
450 87
149 0
430 67
129 20
59 92
53 96
366 3
52 97
487 124
3 146
84 65
434 71
443 80
90 59
131 18
490 127
464 101
436 73
501 138
392 29
452 89
371 8
391 28
440 77
489 126
148 1
21 128
101 48
98 51
458 95
38 111
390 27
415 52
82 67
375 12
70 79
138 11
105 44
463 100
475 112
120 29
402 39
71 78
103 46
448 85
8 141
96 53
426 63
110 39
134 15
109 40
420 57
470 107
2 148
105 45
452 90
486 124
480 118
131 19
128 22
499 137
67 83
511 149
16 134
423 61
134 16
422 60
68 82
15 135
377 15
50 100
29 121
376 14
443 81
62 88
449 87
369 7
48 102
107 43
125 25
13 137
28 122
47 103
110 40
24 126
37 113
145 5
55 95
22 128
121 29
59 91
367 5
484 122
76 74
362 0
23 127
397 35
74 76
75 75
99 51
378 16
26 124
112 38
510 148
127 23
506 144
398 36
475 113
141 9
417 55
103 47
27 123
10 140
370 8
61 89
11 139
389 27
394 32
508 146
457 95
500 138
89 61
90 60
114 36
51 99
1 149
383 21
32 118
79 71
140 10
82 68
150 0
387 25
442 80
36 114
432 70
123 27
395 33
425 63
85 65
116 34
469 107
91 59
95 55
439 77
385 23
49 101
5 145
402 40
496 134
428 66
482 120
420 58
71 79
147 3
424 62
111 39
364 2
396 34
9 141
409 47
380 18
368 6
88 62
373 11
474 112
386 24
502 140
77 73
404 42
70 80
43 107
14 136
406 44
0 150
384 22
124 26
446 84
126 24
135 15
421 59
58 92
418 56
509 147
433 71
363 1
137 13
460 98
407 45
438 76
94 56
119 31
426 64
393 31
429 67
492 130
101 49
478 116
104 46
86 64
374 12
108 42
69 81
73 77
87 63
133 17
507 145
138 12
485 123
483 121
476 114
462 100
468 106
365 3
400 38
97 53
401 39
46 104
498 136
419 57
450 88
139 11
90 62
146 4
8 142
100 50
81 69
448 86
455 93
390 28
366 4
19 131
132 18
113 37
129 21
72 78
102 48
427 65
4 146
458 96
115 35
463 101
117 33
38 112
453 91
505 143
371 9
130 20
405 43
12 138
465 103
488 126
477 115
441 79
408 46
41 109
415 53
31 119
3 147
435 73
456 94
416 54
473 111
501 139
7 143
412 50
96 54
45 105
481 119
410 48
470 108
494 132
118 32
65 85
122 28
381 19
451 89
144 6
454 92
80 70
66 84
493 131
467 105
388 26
148 2
471 109
106 44
17 133
403 41
20 130
64 86
18 132
392 30
399 37
479 117
53 97
444 82
78 72
472 110
57 93
149 1
489 127
52 98
54 96
372 10
464 102
6 144
129 22
62 89
104 47
506 145
404 43
5 146
37 114
399 38
44 107
425 64
77 74
24 127
369 8
90 61
434 73
473 112
40 111
136 15
124 27
18 133
114 37
140 11
491 130
133 18
25 126
389 28
120 35
395 34
474 113
29 122
110 41
366 5
14 137
392 31
372 11
93 58
41 110
458 97
454 93
148 3
7 144
453 92
451 90
435 74
47 104
362 1
462 101
92 59
496 135
119 34
0 151
147 4
477 116
370 9
410 49
107 44
66 85
82 69
393 32
428 67
449 88
106 45
499 138
489 128
97 54
27 124
137 14
16 135
1 150
441 80
119 32
402 41
55 96
117 34
508 147
394 33
460 99
484 123
488 127
143 8
482 121
23 128
46 105
465 104
379 18
386 25
142 9
6 145
139 12
382 21
101 50
56 95
467 106
417 56
43 108
128 23
450 89
150 1
406 45
456 95
12 139
79 72
371 10
15 136
61 90
78 73
151 0
51 100
470 109
108 43
493 132
381 20
54 97
20 131
39 112
38 113
439 78
149 2
510 149
42 109
455 94
58 93
87 64
19 132
36 115
138 13
112 39
409 48
115 36
81 70
75 76
71 80
132 19
452 91
509 148
457 96
368 7
105 46
57 94
444 83
486 125
67 84
442 81
99 52
145 6
53 98
126 25
408 47
72 79
146 5
48 103
116 35
503 142
487 126
497 136
63 88
113 38
507 146
436 75
125 26
432 71
367 6
378 17
466 105
80 71
121 30
475 114
95 56
407 46
459 98
440 79
70 81
476 115
383 22
102 49
33 118
485 124
22 129
445 84
387 26
471 110
411 50
397 36
437 76
415 54
447 86
396 35
468 107
86 65
502 141
388 27
361 0
17 134
103 48
433 72
419 58
400 39
3 148
74 77
365 4
34 117
492 131
438 77
50 101
134 17
2 149
398 37
416 55
131 20
374 13
427 66
481 120
479 118
424 63
498 137
64 87
10 141
109 42
446 85
111 40
122 29
384 23
422 61
21 130
403 42
60 91
9 142
123 28
423 62
96 55
363 2
464 103
461 100
26 125
504 143
32 119
501 140
144 7
421 60
88 63
49 102
69 82
376 15
385 24
392 32
26 126
123 29
445 85
139 13
484 124
415 55
102 50
56 96
66 86
115 37
423 63
133 19
0 152
94 58
142 10
81 71
45 107
462 102
135 17
454 94
75 77
501 141
364 4
453 93
438 78
369 9
145 7
504 144
14 138
464 104
439 79
87 65
146 6
113 39
107 45
424 64
368 8
511 151
35 117
496 136
101 51
39 113
473 113
95 57
487 127
503 143
38 114
116 36
478 118
144 8
379 19
482 122
137 15
472 112
29 123
61 91
420 60
401 41
11 141
474 114
9 143
384 24
54 98
452 92
121 31
48 104
97 55
490 130
483 123
508 148
120 32
23 129
83 69
418 58
112 40
485 125
22 130
495 135
100 52
446 86
506 146
25 127
486 126
367 7
67 85
6 146
426 66
451 91
363 3
114 38
405 45
3 149
421 61
126 26
441 81
491 131
431 71
409 49
470 110
73 79
5 147
481 121
502 142
440 80
460 100
7 145
124 28
360 0
143 9
71 81
366 6
387 27
122 30
44 108
8 144
46 106
41 111
407 47
140 12
34 118
436 76
408 48
471 111
20 132
98 54
152 0
427 67
149 3
62 90
479 121
455 95
376 16
58 94
493 133
78 74
362 2
76 76
72 80
119 33
414 54
121 35
86 66
394 34
507 147
82 70
488 128
416 56
130 22
468 108
120 34
19 133
57 95
437 77
388 28
109 43
433 73
396 36
80 72
422 62
447 87
84 68
402 42
77 75
118 34
476 116
17 135
410 50
477 117
104 48
395 35
18 134
401 43
50 102
371 11
151 1
32 120
461 101
428 68
469 109
382 22
129 23
385 25
106 46
466 106
27 125
10 142
417 57
134 18
28 124
145 11
370 10
430 70
509 149
92 60
63 89
68 84
406 46
40 112
398 38
21 131
444 84
365 5
391 31
383 23
378 18
33 119
110 42
36 116
475 115
497 137
510 150
93 59
449 89
43 109
144 10
458 98
108 44
49 103
91 61
70 82
105 47
138 14
480 120
494 134
377 17
432 72
99 53
1 151
79 73
12 140
13 139
441 83
381 21
148 4
52 100
74 78
400 40
479 119
37 115
88 64
130 24
459 99
131 21
125 27
141 11
16 136
498 138
42 110
404 44
65 87
373 13
457 97
69 83
463 103
435 75
510 151
53 100
103 50
394 35
430 71
4 149
144 9
444 85
441 82
440 81
84 69
43 110
407 48
460 101
360 1
443 84
151 2
442 83
467 108
101 52
453 94
88 65
458 99
25 128
33 120
429 72
437 78
19 134
16 139
12 141
405 46
145 8
104 49
11 142
374 15
16 137
42 111
409 50
500 141
461 102
89 64
72 81
60 93
50 103
382 23
17 136
95 58
507 148
446 87
450 91
470 111
425 66
452 93
484 125
79 74
364 5
23 130
28 125
113 40
365 6
490 131
384 25
504 145
34 119
436 77
112 41
471 112
37 116
100 53
376 17
445 86
410 51
105 48
400 41
489 130
454 95
378 19
108 45
377 18
66 87
127 26
93 60
56 97
383 24
421 62
148 5
408 49
393 34
463 104
18 135
372 15
51 102
483 124
396 37
476 117
62 91
402 43
116 37
24 129
359 0
114 39
390 31
13 140
508 149
49 104
391 32
469 110
473 114
451 92
449 90
491 132
133 20
466 107
418 59
115 38
478 119
419 60
488 129
462 103
143 10
30 123
448 89
455 96
123 30
97 56
99 54
379 20
36 117
459 100
52 101
481 122
15 138
387 28
468 109
38 115
39 114
472 113
498 139
128 25
152 1
86 67
2 151
380 21
429 70
47 106
129 24
45 108
416 57
395 36
404 45
506 147
111 42
435 76
83 70
107 46
414 55
479 120
35 118
68 85
9 144
0 153
74 79
141 12
92 61
44 109
493 134
373 14
98 55
120 33
5 148
495 136
474 115
102 51
121 32
8 145
438 79
367 8
392 33
457 98
480 121
78 75
503 144
403 44
492 133
61 92
59 94
125 28
77 76
477 118
486 127
1 152
96 57
121 34
146 7
368 9
406 47
138 15
69 84
58 95
511 152
375 16
130 25
55 98
21 132
398 39
122 35
497 138
399 40
485 126
501 142
431 72
132 21
40 113
22 131
369 10
135 18
371 12
64 89
46 107
3 150
381 22
7 146
48 105
81 72
142 11
427 68
412 53
147 6
26 127
149 4
494 135
110 43
361 2
130 23
85 68
75 78
144 11
385 26
82 71
145 10
363 4
386 27
401 42
432 73
94 59
10 143
417 58
6 147
54 99
109 44
57 96
76 77
124 29
447 88
505 146
150 3
140 13
366 7
67 86
465 106
370 11
415 56
118 35
131 22
423 64
117 36
87 66
70 83
84 70
510 152
460 102
363 5
454 96
25 129
27 127
109 45
386 28
457 99
80 74
507 149
87 67
81 73
33 121
17 137
99 55
423 65
403 45
365 7
404 46
21 133
57 97
92 62
97 57
30 124
456 98
50 104
11 143
381 23
89 65
74 80
45 109
106 48
113 41
435 77
100 54
372 16
451 93
7 147
468 110
429 73
383 25
388 30
22 132
366 8
391 33
131 23
373 15
398 40
85 69
14 140
380 22
135 19
469 111
407 49
415 57
72 82
125 29
372 14
493 135
394 36
417 59
471 113
426 68
49 105
35 119
46 108
4 150
16 138
82 72
495 137
481 123
141 13
397 39
444 86
367 9
410 52
138 16
15 139
13 141
122 32
146 8
482 124
396 38
448 90
424 66
3 151
71 83
129 25
389 31
462 104
421 63
117 37
371 15
67 87
483 125
88 66
395 37
139 15
121 33
414 56
32 122
10 144
428 72
439 81
39 115
432 74
494 136
429 71
140 14
61 93
152 2
463 105
377 19
437 79
127 27
111 43
503 145
399 41
384 26
369 11
425 67
431 73
386 30
44 110
36 118
136 18
376 18
452 94
53 101
487 129
445 87
428 70
485 127
499 141
359 1
86 68
488 130
450 92
70 84
154 0
42 112
122 34
364 6
102 52
41 113
411 53
497 139
409 51
486 128
504 146
405 47
406 48
402 44
472 114
379 21
477 119
68 86
478 120
23 131
12 142
500 142
474 116
149 5
94 60
93 61
147 7
363 7
392 34
378 20
374 16
492 134
420 62
115 39
473 115
43 111
63 91
66 88
455 97
447 89
108 46
112 42
416 58
143 11
110 44
47 107
132 22
104 50
151 3
422 64
464 106
69 85
26 128
5 149
77 77
387 29
502 144
506 148
442 84
91 63
40 114
490 132
508 150
65 89
440 82
116 38
96 58
412 54
142 12
501 143
390 32
434 76
128 26
126 28
73 81
408 50
123 31
114 40
95 59
400 42
360 2
118 36
137 17
2 152
436 78
54 100
58 96
29 125
52 102
20 134
1 153
76 78
465 107
458 100
461 103
476 118
427 69
105 49
60 94
480 122
78 76
489 131
466 108
9 145
150 4
361 3
470 112
443 85
358 0
124 30
48 106
38 116
393 35
37 117
107 47
496 138
419 61
375 17
148 6
59 95
19 135
453 95
90 64
134 20
371 13
103 51
446 88
145 9
31 123
56 98
451 94
370 13
147 8
405 48
116 39
504 147
39 116
494 137
133 22
46 109
153 2
431 74
123 32
69 86
470 113
447 90
473 116
424 67
125 30
408 51
42 113
423 66
391 34
411 54
357 0
507 152
469 112
37 118
416 59
452 95
75 80
143 12
417 60
49 106
363 6
398 41
86 69
385 28
439 82
404 47
478 123
461 104
66 89
6 149
420 63
487 130
7 148
107 48
419 62
32 123
79 76
435 78
463 106
483 126
495 138
19 136
63 92
456 99
365 8
20 135
98 57
380 23
467 110
72 83
99 56
96 59
497 140
88 67
386 29
113 42
24 131
59 96
10 145
454 97
150 5
61 94
460 103
432 75
399 42
502 145
76 79
56 99
505 148
446 89
389 32
22 133
89 66
449 92
368 11
464 107
397 40
82 73
57 98
466 109
458 101
101 54
31 124
489 132
135 20
3 152
455 98
108 47
477 120
29 126
476 119
152 3
2 153
102 53
78 77
44 111
66 91
43 112
366 9
87 68
359 2
103 52
28 127
12 143
92 63
414 57
23 132
506 149
119 36
484 127
393 36
83 72
122 33
490 133
360 3
501 144
462 105
508 151
443 86
468 111
373 16
60 95
486 129
110 45
475 118
472 115
137 18
364 7
492 135
50 105
384 27
371 14
407 50
136 19
482 125
55 100
442 85
141 14
33 122
388 31
25 130
4 151
387 30
375 18
448 91
142 13
129 26
9 148
74 81
149 6
503 146
91 64
496 139
97 58
30 125
471 114
155 0
154 1
111 44
129 28
118 37
132 23
48 107
35 120
67 88
70 85
378 21
421 64
480 123
427 70
409 52
27 128
104 51
45 110
84 71
437 80
40 115
459 102
115 40
8 147
13 142
140 15
85 70
100 55
493 136
488 131
430 73
394 37
11 144
64 91
481 124
34 121
425 68
450 93
5 150
358 1
438 81
434 77
377 20
499 142
444 87
457 100
402 45
114 41
428 71
374 17
128 27
396 39
117 38
146 9
453 96
406 49
52 103
500 143
58 97
9 146
65 90
105 50
17 138
465 108
474 117
93 62
422 65
413 56
138 17
392 35
94 61
445 88
415 58
15 140
390 33
509 152
62 93
38 117
32 125
381 24
426 69
126 29
18 137
109 46
124 31
26 129
151 4
383 26
127 28
53 102
81 74
101 55
479 123
105 51
31 125
32 124
28 128
496 140
81 75
134 22
138 18
67 91
365 9
401 45
117 39
435 79
20 136
36 120
52 104
393 37
150 6
114 42
506 150
94 62
508 152
29 127
78 78
388 32
473 117
109 47
426 70
463 107
58 98
464 108
410 54
24 132
437 81
19 137
406 50
399 43
26 130
73 83
63 93
106 50
154 2
424 68
485 129
438 82
493 137
364 8
382 26
475 119
505 149
112 44
450 94
124 32
5 151
110 46
451 95
402 46
404 48
407 51
368 12
50 106
477 121
483 127
500 144
403 47
127 29
413 57
87 69
469 113
147 9
491 135
72 84
129 27
395 39
509 153
128 28
501 145
457 101
118 38
49 107
506 152
379 23
436 80
10 146
370 14
360 4
446 90
387 31
421 65
430 74
474 118
137 19
471 115
91 65
119 37
34 122
9 147
408 52
129 29
82 74
6 150
65 91
23 133
461 105
89 67
497 141
1 155
108 48
64 92
498 142
83 73
102 54
141 15
111 45
488 134
415 59
133 23
356 0
100 56
400 44
465 109
357 1
103 53
59 97
66 90
447 91
495 139
151 5
467 113
472 116
466 110
37 119
480 124
431 75
409 53
98 58
432 76
381 25
481 125
0 156
468 112
123 33
487 131
507 151
484 128
494 138
439 83
41 115
149 7
155 1
69 87
116 40
67 89
44 112
486 130
397 41
444 88
2 154
390 34
55 101
71 85
482 126
86 70
470 114
418 62
40 116
440 84
12 144
75 81
38 118
22 134
93 63
61 95
70 86
503 147
361 5
42 114
441 85
14 142
396 40
143 13
18 138
45 111
47 109
478 122
373 17
13 143
427 71
152 6
85 71
68 88
53 103
39 117
425 69
445 89
380 24
490 134
383 27
462 106
152 4
405 49
104 52
460 104
46 110
140 16
385 29
56 100
455 99
8 148
80 76
459 103
443 87
35 121
456 100
504 148
84 72
74 82
453 97
423 67
389 33
136 20
51 105
25 131
440 86
502 146
21 135
448 92
77 79
62 94
48 108
419 63
362 6
411 55
366 10
15 141
391 35
449 93
378 22
132 24
97 59
467 111
488 132
384 28
434 78
489 133
369 13
358 2
153 3
499 143
452 96
374 18
454 98
125 31
90 66
4 152
367 11
43 113
422 66
377 21
392 36
107 49
135 21
442 86
126 30
76 80
416 60
359 3
96 60
3 153
54 102
111 46
59 98
486 131
388 33
38 119
108 49
87 72
414 59
434 79
86 71
424 69
370 17
120 37
394 39
382 27
458 103
68 89
464 109
511 156
488 133
497 142
501 146
56 101
104 53
149 8
446 91
3 154
50 107
466 111
489 134
383 28
92 65
99 58
117 40
420 65
23 134
57 100
75 82
356 3
405 50
128 29
152 5
150 7
52 105
133 24
97 60
482 127
412 57
81 76
415 60
403 48
460 105
411 56
153 4
151 6
477 122
155 2
85 72
102 55
450 95
495 140
437 82
355 0
5 152
48 109
454 99
444 89
130 27
439 84
465 110
399 44
41 116
475 120
436 81
435 80
494 139
33 124
138 19
502 147
147 10
134 23
474 119
109 48
395 40
101 56
144 13
440 85
438 83
360 5
44 113
139 18
456 101
384 29
11 146
143 14
73 84
95 62
418 63
107 50
15 142
12 145
368 13
430 75
26 131
491 136
369 14
451 96
461 106
89 68
470 115
16 141
131 26
114 45
508 153
157 0
34 123
396 41
393 38
124 33
381 26
380 25
77 80
467 112
387 32
53 104
19 138
447 92
88 69
125 32
103 54
60 97
35 122
441 86
24 133
37 120
358 3
0 157
361 6
452 97
498 143
504 149
45 112
485 130
365 10
141 16
407 52
499 144
433 78
492 137
7 150
6 151
65 92
119 38
137 20
389 34
64 93
118 39
432 77
356 1
29 128
366 11
493 138
483 128
484 129
154 3
70 87
425 70
359 4
54 103
87 70
408 53
423 68
426 71
115 42
10 147
448 93
14 143
58 99
449 94
91 66
82 75
62 95
61 96
83 74
27 130
135 22
472 117
116 41
17 140
72 85
46 111
106 51
369 18
413 58
25 132
148 9
93 64
391 36
400 45
479 124
31 126
84 73
457 102
47 110
397 42
67 90
79 78
40 117
74 83
431 76
64 95
496 141
374 19
401 46
506 151
110 47
105 52
364 9
22 135
443 88
21 136
142 15
455 100
469 114
51 106
18 139
55 102
126 31
471 116
468 113
459 104
43 114
410 55
2 155
156 1
379 24
112 45
42 115
505 150
1 156
8 149
98 59
409 54
490 135
500 145
28 129
445 90
422 67
71 86
463 108
462 107
78 79
100 57
377 22
36 121
480 125
398 43
367 12
373 18
453 98
94 63
417 63
389 35
419 65
23 135
492 138
382 28
133 25
500 148
137 21
131 27
84 74
430 76
473 119
99 59
369 15
120 40
408 54
453 99
420 66
390 36
434 80
138 20
383 29
43 115
4 154
379 25
3 155
394 40
60 98
113 45
105 53
24 134
366 12
401 47
456 102
429 75
111 47
155 3
422 70
372 18
504 150
380 26
148 10
499 145
132 26
494 140
387 33
436 82
435 81
450 96
358 4
391 37
127 31
489 135
360 6
65 93
485 131
381 27
479 125
476 122
459 105
470 116
400 46
411 57
491 137
134 24
441 87
15 143
153 5
446 92
51 107
121 37
423 69
392 38
102 56
63 95
438 84
393 39
108 50
416 62
12 146
502 148
71 87
17 141
79 79
461 107
367 13
36 122
109 49
443 89
490 136
38 120
511 157
94 64
405 51
462 108
386 32
403 49
68 90
0 158
14 144
354 0
422 68
126 32
468 114
378 24
149 9
46 114
156 4
484 130
117 41
30 128
88 70
503 149
483 129
415 61
410 56
69 89
469 115
481 127
11 147
431 77
72 86
96 62
82 76
457 103
158 0
497 143
19 139
124 34
55 103
70 88
487 133
35 123
27 131
356 4
447 93
480 126
103 55
104 54
28 130
498 144
21 137
369 17
16 142
5 153
90 68
150 8
101 57
119 39
53 105
87 71
508 154
40 118
466 112
364 10
46 112
75 83
510 156
397 43
52 106
373 19
48 110
157 1
20 138
73 85
406 52
64 94
355 1
13 145
22 136
151 7
59 99
404 50
107 51
505 151
421 67
37 121
465 111
18 140
426 72
114 44
451 97
57 101
39 119
144 14
424 70
413 59
139 19
128 30
500 146
460 106
375 21
402 48
42 116
98 60
399 45
62 96
471 117
407 53
376 22
54 104
86 72
475 121
8 150
501 147
448 94
414 60
45 113
78 80
156 2
58 100
135 23
463 109
83 75
357 3
125 33
432 78
120 38
92 66
433 79
444 90
452 98
154 4
25 133
496 142
31 127
76 82
142 16
47 111
454 100
95 63
85 73
359 5
418 64
458 104
106 52
49 109
425 71
56 102
89 69
2 156
388 34
445 91
370 18
115 43
482 128
439 85
77 81
395 41
464 110
34 124
7 151
361 7
396 42
368 14
442 88
1 157
6 152
398 44
371 17
472 118
136 22
426 73
56 103
37 122
125 34
501 148
109 50
24 135
135 24
22 137
399 46
471 120
10 149
460 107
482 129
117 42
404 51
498 145
148 11
413 60
128 31
94 65
88 71
71 88
454 101
364 11
36 123
28 131
360 7
455 102
503 150
79 80
380 27
73 86
20 139
89 70
470 117
502 149
388 35
422 69
121 38
151 8
458 105
48 111
396 43
16 143
428 75
508 155
47 114
459 106
76 83
366 13
90 69
116 43
369 16
362 9
58 101
441 88
0 159
139 20
496 143
468 115
446 93
17 142
69 90
432 79
40 119
421 70
6 153
456 103
83 76
510 157
21 138
92 67
409 56
50 109
133 26
395 42
431 78
457 104
85 74
479 126
373 20
11 148
132 27
2 157
27 132
156 3
417 64
499 146
382 29
376 23
29 130
493 140
72 87
134 25
47 112
393 40
54 105
13 146
363 10
93 66
101 58
471 118
38 121
30 129
447 94
489 136
448 95
442 89
120 39
378 25
406 53
358 5
49 110
4 155
119 40
370 19
500 147
484 131
31 130
31 128
75 84
375 22
9 150
70 89
410 57
371 18
372 19
463 110
118 41
74 85
107 52
433 80
144 15
86 73
365 12
62 97
122 37
142 17
137 22
43 116
435 82
113 46
39 120
408 55
477 124
158 1
416 63
386 33
394 41
434 81
418 65
136 23
149 10
429 76
368 17
421 68
8 151
46 115
127 32
66 93
91 68
451 98
115 44
80 79
34 125
430 77
51 108
465 112
398 45
150 9
121 40
5 154
61 98
145 14
504 151
355 2
383 30
401 48
464 111
32 127
423 70
381 28
102 57
15 144
106 53
95 64
407 54
438 85
511 158
359 6
414 61
19 140
390 37
99 60
147 12
41 118
481 128
103 56
7 152
472 119
389 36
146 13
497 144
397 44
110 49
357 4
84 75
26 133
444 91
25 134
411 58
412 59
23 136
403 50
374 21
140 19
53 106
105 54
104 55
96 63
486 133
123 36
78 81
45 114
138 21
35 124
131 28
461 108
111 48
126 33
392 39
507 154
450 97
494 141
445 92
63 96
55 104
491 138
1 158
367 14
425 72
400 47
77 82
475 122
449 96
65 94
483 130
155 4
391 38
60 99
154 5
385 32
415 62
492 139
143 16
112 47
44 115
97 62
453 100
419 66
52 107
379 26
354 1
82 77
124 35
406 54
507 155
400 48
8 152
466 114
145 15
112 48
487 135
456 104
151 9
118 42
483 131
427 75
447 95
448 96
401 49
354 2
58 102
28 132
476 124
150 10
380 28
148 12
498 146
42 118
392 40
7 153
73 87
10 150
373 21
502 150
106 54
441 89
496 144
92 68
461 109
69 91
361 9
149 11
424 72
6 154
493 141
420 68
504 152
377 25
129 31
127 33
492 140
43 117
45 115
122 38
505 153
60 100
85 75
426 74
508 156
391 39
29 131
41 119
510 158
36 124
67 93
463 111
38 122
475 123
126 34
61 99
375 23
402 50
134 28
444 92
116 44
405 53
11 149
136 24
83 77
26 134
74 86
359 7
372 20
434 82
449 97
430 78
378 26
423 71
52 108
419 67
381 29
21 139
38 124
390 38
383 31
470 118
367 15
495 143
153 7
362 10
421 69
465 115
96 64
68 92
94 66
393 41
427 77
13 147
464 116
376 24
1 159
110 50
389 37
471 119
90 70
51 109
40 120
399 47
124 36
432 80
15 145
49 111
102 58
494 142
397 45
48 112
446 94
14 146
155 5
144 16
55 105
158 2
433 81
395 43
79 81
132 28
368 16
457 105
91 69
396 44
34 126
511 159
383 33
426 78
470 120
121 39
147 13
420 70
101 59
443 91
490 138
54 106
84 76
142 18
3 157
410 58
2 158
403 51
22 140
499 147
123 37
503 151
453 101
458 106
438 86
416 64
468 116
506 154
439 87
425 73
98 62
479 127
445 93
89 71
146 14
414 62
75 85
364 12
131 29
160 0
139 21
411 59
358 6
57 103
107 53
404 52
63 97
25 135
128 32
37 123
385 33
407 55
452 100
47 113
109 51
105 55
413 61
437 85
20 140
119 41
462 110
70 90
415 63
501 149
382 30
478 126
371 19
99 61
62 98
480 128
489 137
104 56
27 133
9 151
destination
