map
random512-20-7.map
pivot
151 310
agent & start
511 1
507 0
511 2
510 1
509 0
507 1
509 1
511 3
508 0
510 2
509 2
510 3
508 1
507 2
511 4
510 4
509 3
511 5
508 2
507 3
511 6
508 3
509 4
510 5
509 5
510 6
504 0
508 4
511 7
510 7
505 2
503 0
509 6
511 8
504 1
508 5
511 9
506 4
503 1
507 5
504 2
505 3
510 8
502 0
508 6
509 7
508 7
511 10
507 6
504 3
501 0
501 2
510 11
506 5
503 2
505 4
510 9
509 8
504 4
507 7
501 1
500 2
511 11
510 10
500 0
506 6
503 3
508 8
505 5
502 3
508 9
506 7
504 5
499 0
500 1
503 4
511 12
509 10
505 6
501 5
499 1
511 13
502 4
503 5
507 9
498 0
506 8
508 10
505 7
511 14
504 7
509 12
506 9
503 6
502 5
510 13
508 11
501 4
505 8
498 1
507 10
497 0
502 6
509 13
496 0
504 8
503 7
506 10
508 12
497 1
505 9
500 4
510 14
505 10
506 11
504 9
510 15
502 7
499 4
509 14
496 1
507 12
508 13
496 2
511 17
505 11
498 4
499 5
507 13
495 1
509 15
501 7
504 10
496 4
503 9
497 4
495 2
504 11
502 9
503 10
498 5
506 13
500 7
505 12
501 8
508 15
499 6
496 3
507 14
493 0
496 5
511 18
510 17
510 18
509 17
511 19
493 1
492 0
506 14
501 9
507 15
504 12
502 10
495 3
494 2
503 11
500 8
497 5
498 6
495 5
496 6
491 1
499 7
511 20
501 10
510 19
509 18
499 8
496 7
494 5
497 6
498 7
491 2
495 6
503 12
504 13
493 2
507 16
494 3
491 0
492 1
506 15
502 11
506 16
494 4
495 7
497 7
500 10
507 17
510 20
490 0
511 21
503 13
492 2
498 8
494 6
493 5
508 18
502 12
504 14
499 9
505 15
509 19
493 3
507 18
495 8
506 17
492 5
492 3
500 11
502 13
505 16
509 20
493 4
511 22
489 0
508 19
499 10
503 14
494 7
504 15
498 9
510 21
501 12
497 8
498 10
503 15
506 18
492 4
504 16
505 17
488 0
497 9
502 16
508 20
501 13
507 19
494 8
500 12
511 23
492 6
495 9
510 22
489 1
488 1
499 12
510 23
495 10
487 0
494 9
490 3
498 11
497 10
504 17
511 24
507 20
489 2
503 16
506 19
505 18
491 4
501 14
502 15
508 21
496 9
491 6
511 25
495 11
500 14
486 0
501 15
507 21
487 1
492 8
497 11
498 12
510 24
503 17
490 4
493 9
490 6
491 7
496 10
505 19
499 13
490 8
489 3
500 15
496 11
488 3
506 21
499 14
509 24
504 19
510 25
503 18
498 13
497 12
487 2
489 4
485 0
491 8
490 7
490 9
493 10
492 9
486 1
510 26
509 25
487 3
497 13
511 27
491 9
498 14
496 12
504 20
505 21
489 7
500 16
484 0
490 10
488 4
507 23
492 10
499 15
489 5
508 24
486 2
503 19
490 11
506 23
510 27
504 21
499 16
488 5
492 11
498 15
505 22
496 13
484 1
489 10
488 7
486 3
487 4
491 10
502 19
509 26
507 24
485 2
497 14
511 28
488 10
506 24
511 29
504 22
503 21
501 19
488 8
493 13
491 11
509 27
484 2
510 28
492 12
487 9
495 13
505 23
502 20
488 6
486 4
497 15
487 5
485 3
499 17
497 16
502 21
487 8
506 25
496 15
493 14
511 30
482 1
492 13
505 24
508 27
487 6
483 2
501 20
486 9
498 17
480 1
486 5
485 4
487 10
509 28
491 12
503 22
495 14
509 29
491 13
495 15
486 8
492 14
503 23
502 22
508 28
480 2
487 15
505 25
497 17
500 20
483 3
487 11
494 14
482 2
488 14
506 26
481 1
484 4
486 6
501 21
496 16
507 27
493 15
511 31
508 29
494 15
495 16
492 15
487 16
482 3
503 24
489 14
483 4
481 2
504 25
491 14
509 30
501 22
507 28
499 20
485 8
502 23
505 26
497 18
486 15
485 6
490 13
487 14
511 32
510 31
496 17
488 13
487 12
500 21
488 15
511 33
485 7
508 30
488 16
478 0
507 29
497 19
490 14
506 28
491 15
504 26
487 17
500 22
481 3
502 24
496 18
495 17
486 14
499 21
494 16
487 13
484 8
486 12
510 32
509 31
505 27
503 25
482 4
507 30
502 25
506 29
486 13
485 14
501 24
484 7
504 27
481 4
491 16
509 32
500 23
495 18
499 22
483 8
488 17
505 28
510 35
496 19
477 0
490 15
511 34
494 17
478 1
482 5
510 33
493 17
509 33
510 34
511 35
482 6
495 19
508 32
477 1
481 5
485 13
494 18
503 27
489 17
479 5
490 16
484 14
507 31
476 0
505 29
506 30
504 28
483 7
501 25
479 3
499 23
498 22
478 2
488 18
502 26
476 1
511 36
483 14
509 34
490 17
482 7
504 29
503 28
479 4
505 30
484 13
489 18
494 19
478 3
492 17
506 31
481 6
497 22
498 23
477 2
501 26
507 32
479 6
480 5
474 0
508 34
477 3
490 18
505 31
511 37
507 33
475 1
480 6
498 24
506 32
481 7
502 28
501 27
483 13
493 19
492 18
476 2
478 4
503 29
496 22
480 7
498 25
477 4
508 35
473 0
491 18
510 37
494 21
496 23
475 2
497 24
506 33
476 3
483 12
481 8
474 1
501 28
490 19
511 38
495 22
505 32
492 19
509 36
502 29
503 30
493 20
503 31
495 23
491 19
480 8
509 37
500 28
505 33
506 34
498 26
476 4
493 21
482 12
494 22
501 29
511 39
499 27
472 0
508 36
482 10
481 9
502 30
496 24
474 2
492 20
504 32
480 9
481 10
507 36
494 23
498 27
473 2
495 24
482 11
499 28
472 1
471 0
491 20
503 32
504 33
497 26
479 8
511 40
476 5
509 38
505 34
475 4
492 21
501 30
502 31
501 32
470 0
493 23
511 41
474 4
478 8
475 5
481 11
499 29
501 33
497 27
503 33
492 22
507 37
500 30
505 35
506 36
472 2
501 31
494 24
491 21
473 3
510 40
498 28
496 26
495 25
508 38
502 32
480 10
509 40
505 36
510 41
511 42
504 35
478 9
506 37
491 22
492 23
474 5
503 34
500 31
471 2
480 11
470 1
497 28
507 38
498 29
475 6
472 3
478 11
495 26
479 10
502 33
494 25
473 4
496 27
499 30
508 39
492 25
471 3
492 24
505 37
504 36
510 42
499 31
472 4
481 13
503 35
492 26
509 41
495 27
479 11
477 9
507 39
473 5
506 38
473 7
469 1
470 2
498 30
502 34
493 25
468 0
474 6
496 28
494 26
491 23
477 11
473 6
468 1
471 4
474 7
489 22
467 0
494 27
476 11
503 36
469 2
498 31
496 29
480 13
504 37
468 3
509 42
510 43
502 37
475 8
470 3
479 12
497 30
508 41
477 12
477 10
507 40
506 39
472 5
490 23
511 44
481 14
502 35
491 24
493 26
477 13
490 24
488 22
468 2
493 27
502 36
470 4
499 33
511 45
505 39
494 28
508 42
489 23
479 13
497 31
480 14
472 6
503 37
507 41
509 43
510 44
476 12
467 1
496 30
501 35
468 4
466 0
474 8
475 9
476 10
486 20
471 6
469 4
474 9
501 36
464 1
483 18
466 1
509 44
484 19
498 33
479 14
500 35
486 21
497 32
503 38
488 23
504 39
508 43
489 24
493 28
490 25
475 10
470 5
510 45
487 22
485 20
499 34
507 42
511 46
478 13
495 30
505 40
467 2
476 13
470 6
486 22
506 44
487 23
493 29
506 42
490 26
494 30
510 46
474 10
498 34
503 39
476 14
505 41
471 7
488 24
485 21
473 9
499 35
508 44
465 1
477 15
497 33
492 28
504 40
464 0
469 5
509 45
495 31
500 36
483 19
511 47
466 2
484 20
482 18
478 14
489 25
498 36
494 31
489 26
471 8
492 29
496 33
498 35
484 21
488 25
497 36
465 2
510 47
470 7
463 0
474 15
486 23
474 11
498 37
506 43
491 28
497 34
503 40
507 44
487 24
482 19
469 6
483 20
509 46
493 30
476 15
511 48
500 37
477 16
501 38
505 42
499 36
475 14
478 15
466 3
473 10
486 24
496 34
501 39
495 33
508 46
479 17
487 25
485 23
471 9
483 21
482 20
475 15
504 42
507 45
476 16
473 11
469 7
465 3
500 38
474 14
492 30
505 43
489 27
499 37
468 6
485 25
484 22
502 40
462 0
494 32
510 48
490 28
497 35
478 16
472 10
483 28
485 26
489 28
491 30
480 19
482 21
467 6
475 16
496 35
465 4
507 46
474 13
486 25
476 17
483 22
499 38
508 47
487 26
504 43
469 8
479 18
501 40
464 3
477 18
468 7
490 29
500 39
473 12
495 34
509 48
462 1
478 17
destination
