map
random512-10-6.map
pivot
307 388
agent & start
0 0
0 1
1 0
0 2
1 1
2 0
0 3
3 0
2 1
1 2
0 4
4 0
2 2
1 3
5 0
0 5
3 2
4 1
2 3
1 4
0 6
1 5
3 3
4 2
2 4
5 1
6 0
3 4
7 0
2 5
4 3
0 7
6 1
5 2
1 6
1 7
7 1
8 0
6 2
4 4
5 3
0 8
3 5
2 6
2 7
6 3
5 4
0 9
8 1
9 0
7 2
4 5
3 6
1 9
10 0
9 1
8 2
4 6
2 8
3 7
6 4
7 3
5 5
3 8
6 5
7 4
2 9
4 7
9 2
11 0
10 1
5 6
8 3
1 10
0 11
7 5
0 12
2 10
10 2
3 9
5 7
4 8
6 6
8 4
9 3
1 11
12 0
10 3
6 7
9 4
5 8
13 0
0 13
2 11
4 9
3 10
12 1
1 12
11 2
7 6
12 2
0 14
5 9
14 0
7 7
2 12
1 13
13 1
10 4
8 6
11 3
3 11
6 8
6 9
3 12
8 7
4 11
2 13
11 4
5 10
1 14
10 5
14 1
12 3
0 15
15 0
9 6
9 7
8 8
3 13
10 6
16 0
1 15
7 9
4 12
15 1
0 16
12 4
14 2
5 11
2 14
6 10
11 5
5 12
2 15
17 0
9 8
0 17
1 16
11 6
14 3
13 4
15 2
16 1
4 13
8 9
3 14
6 11
7 10
3 15
10 8
16 2
14 4
12 6
7 11
6 12
18 0
9 9
13 5
4 14
1 17
15 3
11 7
0 18
5 13
8 10
4 15
16 3
7 12
2 17
1 18
18 1
5 14
10 9
3 16
13 6
15 4
11 8
0 19
19 0
6 13
17 2
8 11
9 10
6 14
0 20
12 8
20 0
18 2
17 3
19 1
16 4
2 18
14 6
10 10
4 16
8 12
11 9
9 11
13 7
5 15
7 13
3 17
1 19
15 5
1 20
0 21
7 14
8 13
14 7
17 4
11 10
9 12
15 6
18 3
10 11
16 5
21 0
4 17
5 16
20 1
13 8
19 2
3 18
6 15
2 19
16 6
22 2
1 21
17 5
5 17
2 20
15 7
19 3
6 16
20 2
11 11
13 9
9 13
18 4
8 14
7 15
22 0
21 1
14 8
4 18
0 22
12 10
3 19
10 12
12 11
4 19
10 13
1 22
15 8
14 9
9 14
6 17
20 3
22 1
23 0
19 4
11 12
2 21
0 23
5 18
7 16
13 10
16 7
21 2
8 15
3 20
18 5
17 6
24 0
20 4
16 8
17 7
6 18
15 9
8 16
11 13
4 20
18 6
19 5
10 14
13 11
0 24
23 1
9 15
14 10
2 22
21 3
12 12
7 17
1 23
18 7
9 16
20 5
16 9
8 17
13 12
15 10
0 25
7 18
21 4
3 22
24 1
12 13
4 21
2 23
10 15
25 0
17 8
5 20
6 19
1 24
14 11
16 10
21 5
0 26
9 17
23 3
25 1
19 7
17 9
11 15
18 8
26 0
2 24
10 16
8 18
6 20
13 13
5 21
24 2
12 14
3 23
4 22
14 12
7 19
22 4
14 13
16 11
5 22
17 10
18 9
21 6
15 12
19 8
22 5
23 4
9 18
26 1
4 23
13 14
7 20
0 27
20 7
11 16
12 15
24 3
1 26
6 21
10 17
27 0
3 24
8 19
1 30
25 2
10 18
3 25
28 0
1 27
17 11
22 6
21 7
0 28
5 23
12 16
6 22
4 24
8 20
19 9
9 19
27 1
20 8
24 4
2 30
23 5
2 26
13 15
11 17
26 2
14 14
15 13
1 29
16 12
7 21
18 10
25 3
28 1
10 19
2 29
5 24
6 23
22 7
21 8
16 13
15 14
17 12
9 20
12 17
14 15
20 9
2 27
4 25
25 4
13 16
3 26
8 21
29 0
7 22
19 10
26 3
24 5
27 2
1 28
18 11
29 1
25 5
11 21
13 17
11 19
12 18
5 25
2 28
27 3
18 12
10 20
22 8
23 7
4 26
26 4
30 0
16 14
24 6
3 27
28 2
21 9
17 13
7 23
6 24
14 16
19 11
8 22
5 26
19 12
12 19
9 22
3 28
20 11
16 15
30 1
15 16
24 7
25 6
14 17
27 4
31 0
29 2
21 10
11 20
6 25
10 25
9 24
17 14
8 23
10 21
13 18
18 13
7 24
23 8
26 6
24 8
10 22
14 18
9 23
7 25
30 2
5 27
21 11
8 24
25 7
27 5
20 12
31 1
19 13
15 17
32 0
17 15
12 20
18 14
13 19
9 25
29 3
4 28
10 24
22 10
31 2
29 4
8 25
23 10
18 15
26 7
17 16
5 28
28 5
14 19
16 17
24 9
19 14
10 23
4 29
22 11
13 20
15 18
30 3
21 12
27 6
20 13
7 26
33 0
32 1
31 3
18 16
25 9
29 5
22 12
14 20
4 30
27 7
16 18
24 10
32 2
5 29
33 1
6 28
28 6
19 15
30 4
2 32
15 19
11 23
20 14
21 13
7 27
8 26
17 17
30 5
0 35
20 15
24 11
31 4
16 19
21 14
8 27
14 21
19 16
2 33
32 3
33 2
7 28
22 13
17 18
27 8
3 32
23 12
29 6
18 17
6 29
12 23
5 30
4 31
35 0
26 9
33 3
30 6
25 11
17 19
7 29
26 10
12 24
36 0
14 22
35 1
2 34
24 12
28 8
29 7
18 18
1 35
32 4
0 36
6 30
15 21
27 9
19 17
34 2
13 23
31 5
22 14
3 33
5 31
9 27
23 13
8 28
21 15
16 20
7 30
19 18
32 5
34 3
22 15
29 8
10 27
26 11
36 1
18 19
16 21
1 36
25 12
37 0
17 20
6 31
31 6
33 4
15 22
9 28
30 7
35 2
28 9
4 33
27 10
2 35
14 23
20 17
5 32
11 26
13 24
21 16
24 13
3 34
13 25
19 19
1 37
9 29
30 8
37 1
8 30
0 38
7 31
26 12
25 13
15 23
11 27
17 21
12 26
20 18
10 28
24 14
6 32
23 15
33 5
35 3
22 16
38 0
27 11
36 2
3 35
16 22
32 6
21 17
4 34
2 36
31 7
28 10
5 33
14 24
33 6
25 14
28 11
8 31
1 38
9 30
0 39
6 33
23 16
38 1
35 4
10 29
30 9
36 3
11 28
19 20
4 35
34 5
21 18
24 15
26 13
27 12
7 32
13 26
3 36
15 24
18 21
17 22
37 2
39 0
31 8
14 25
20 19
35 5
28 12
32 8
38 2
13 29
3 37
2 38
18 22
1 39
37 3
0 40
39 1
17 23
34 6
31 9
19 21
7 33
22 18
20 20
13 27
12 28
11 29
10 30
24 16
15 25
23 17
21 19
4 36
5 35
25 15
26 14
14 26
16 24
8 32
40 0
24 17
33 8
16 25
0 41
9 32
29 12
25 16
5 36
41 0
18 23
1 40
11 30
37 4
26 15
12 29
31 10
36 5
22 19
39 2
14 27
27 14
4 37
7 34
38 3
20 21
17 24
13 28
21 20
10 31
6 35
2 39
35 6
34 7
15 27
18 24
42 0
37 5
28 14
39 3
5 37
3 39
21 21
14 28
34 8
7 35
11 31
1 41
38 4
35 7
0 42
25 17
36 6
27 15
30 12
12 30
26 16
21 23
4 38
17 25
22 20
23 19
16 26
40 2
33 9
29 13
2 40
19 23
32 10
10 32
33 10
1 42
9 34
8 35
39 4
21 22
25 18
7 36
20 23
17 26
30 13
28 15
5 38
27 16
26 17
29 14
21 24
3 40
19 24
15 28
36 7
35 8
32 11
23 20
22 21
24 19
16 27
41 2
6 37
31 12
12 31
10 33
0 43
4 39
43 0
18 25
2 41
38 5
32 12
35 9
5 39
21 25
39 5
20 24
12 32
8 36
31 13
40 4
13 31
10 34
43 1
37 7
7 39
15 29
26 18
7 37
41 3
23 21
9 35
22 22
29 15
3 41
33 11
4 40
42 2
25 19
6 38
44 0
30 14
2 42
0 44
18 26
19 25
28 16
1 43
16 28
36 8
11 33
24 20
38 6
17 27
41 4
44 1
34 11
39 6
27 18
28 17
32 13
11 34
23 22
29 16
38 7
8 37
37 8
18 27
10 35
19 26
36 9
9 36
15 30
35 10
16 29
31 14
25 20
17 28
6 39
42 3
4 41
26 19
40 5
2 43
12 33
24 21
3 42
20 25
7 38
0 45
13 32
43 2
24 22
17 29
12 34
8 38
46 0
20 26
35 11
0 46
30 16
37 9
14 32
38 8
13 33
10 36
5 41
25 21
31 15
1 45
32 14
42 4
5 43
27 19
3 43
44 2
6 40
28 18
34 12
11 35
2 44
18 28
26 20
43 3
23 23
9 37
29 17
15 31
19 27
45 1
40 6
41 5
33 13
12 35
3 44
34 13
10 37
destination
