map
random512-10-8.map
pivot
185 162
agent & start
511 510
510 511
510 510
511 509
509 511
511 508
508 511
509 510
510 509
508 510
509 509
510 508
511 507
508 509
509 508
506 511
511 506
507 510
508 508
506 510
507 509
510 506
505 511
511 505
505 510
511 504
504 511
510 505
507 508
509 505
506 508
503 511
505 509
507 507
508 506
511 503
504 510
510 504
504 509
508 505
511 502
509 504
510 503
503 510
505 508
506 507
507 506
509 503
508 504
505 507
507 505
504 508
502 510
510 502
506 506
511 501
503 509
501 511
507 504
500 511
501 510
502 509
506 505
509 502
511 500
503 508
508 503
504 507
501 509
511 499
508 502
503 507
499 511
504 506
506 504
500 510
501 508
502 507
504 505
503 506
511 498
500 509
505 504
507 502
510 499
506 503
499 510
498 511
498 510
510 498
505 503
500 508
497 511
511 497
507 501
506 502
504 504
501 507
499 509
509 499
503 505
500 507
505 502
498 509
497 510
502 505
509 498
503 504
508 499
507 500
506 501
511 496
510 497
499 508
496 511
499 507
498 508
495 511
510 496
502 504
503 503
505 501
504 502
506 500
500 506
497 509
511 495
508 498
509 497
496 509
509 496
495 510
502 503
508 497
497 508
507 498
511 494
499 506
503 502
494 511
504 501
510 495
506 499
498 507
500 505
501 503
507 497
493 511
498 506
494 510
505 499
509 495
506 498
511 493
495 509
503 501
508 496
510 494
497 507
496 508
504 500
500 504
495 508
497 504
501 502
493 510
498 505
497 506
505 498
506 497
500 503
508 495
503 500
504 499
507 496
510 493
499 504
502 501
492 511
496 507
509 494
494 509
502 500
497 505
509 493
511 491
491 511
507 495
510 492
505 497
504 498
500 502
503 499
494 508
495 507
498 504
506 496
493 509
501 501
499 503
492 510
508 494
509 492
504 497
511 490
492 509
491 510
499 502
496 505
508 493
503 498
502 499
510 491
506 495
498 503
500 501
490 511
507 494
493 508
505 496
495 506
501 500
495 505
503 497
500 500
494 506
504 496
507 493
509 491
508 492
511 489
493 507
498 502
505 495
491 509
506 494
499 501
492 508
502 498
489 511
510 490
501 499
507 492
490 505
490 509
510 489
503 496
502 497
509 490
488 511
505 494
511 488
495 504
500 499
497 502
489 510
496 503
498 501
494 505
504 495
506 493
491 506
501 498
491 508
493 506
496 502
490 508
500 498
494 504
506 492
492 506
503 495
487 511
501 497
505 493
488 510
489 509
509 489
504 494
508 490
493 505
490 506
495 503
499 499
491 505
511 487
502 496
507 491
497 501
499 498
495 502
507 490
509 488
504 493
500 497
488 509
491 504
487 510
492 505
505 492
496 501
503 494
490 507
510 487
508 489
502 495
501 496
494 503
511 486
499 497
494 500
487 509
486 510
500 496
488 508
509 487
489 507
507 489
502 494
485 511
494 502
497 499
510 486
501 495
492 504
496 500
504 492
495 501
498 498
511 485
506 490
508 488
503 493
510 485
495 500
488 507
492 503
497 498
484 511
493 502
498 497
503 492
500 495
504 491
501 494
508 487
486 509
496 499
485 510
507 488
502 493
511 484
505 490
506 489
494 501
500 494
501 493
510 484
499 495
484 510
498 496
505 489
483 511
488 506
495 499
508 486
485 509
511 483
503 491
502 492
506 488
493 501
487 507
496 498
492 502
509 485
504 490
507 487
497 497
506 487
500 493
503 490
497 496
483 510
508 485
510 483
505 488
504 489
498 495
485 508
511 482
482 511
486 507
509 484
490 503
507 486
495 498
502 491
487 506
501 492
488 505
496 497
484 509
492 501
491 502
487 505
503 489
499 493
500 492
497 495
484 508
501 491
485 507
507 485
484 506
502 490
491 501
494 498
504 488
490 502
509 483
482 510
486 506
498 494
505 487
511 481
489 503
495 497
506 486
496 496
510 482
481 511
498 493
501 490
494 497
483 508
509 482
508 483
491 500
487 504
497 494
493 498
505 486
482 509
511 480
484 507
506 485
489 502
507 484
490 501
496 495
500 491
502 489
488 503
503 488
504 487
485 506
481 510
486 505
499 492
480 511
504 486
497 493
503 487
507 483
510 480
500 490
486 504
511 479
487 503
493 497
479 511
492 498
494 496
489 501
508 482
495 495
496 494
488 502
485 505
480 510
483 507
482 508
506 484
491 499
505 485
502 488
509 481
498 492
490 500
499 491
511 478
505 484
488 501
482 507
503 486
499 490
502 487
491 498
495 494
487 502
481 508
490 499
485 504
506 483
507 482
504 485
498 491
509 480
480 509
508 481
478 511
496 493
492 497
493 496
500 489
494 495
486 503
497 492
487 501
506 482
478 510
510 478
480 508
501 487
481 507
485 503
498 490
508 480
500 488
489 499
495 493
483 505
503 485
499 489
509 479
477 511
507 481
505 483
488 500
493 495
511 477
497 491
486 502
504 484
484 504
491 497
494 494
485 501
482 506
479 509
490 498
502 486
478 509
477 510
493 494
507 480
479 508
505 482
505 480
497 490
489 498
494 493
501 486
476 511
496 491
482 505
491 496
483 504
487 500
490 497
498 489
488 499
504 483
486 501
485 502
499 488
492 495
511 476
510 477
495 492
500 487
481 506
506 481
502 485
484 503
503 484
508 479
480 507
492 494
487 499
475 511
510 476
490 496
501 485
503 483
498 488
508 478
491 495
496 490
500 486
489 497
507 479
505 479
504 480
478 508
506 480
479 507
494 492
476 510
497 489
505 481
504 482
493 493
477 509
480 506
484 502
509 477
495 491
482 504
511 475
481 505
486 500
499 487
488 498
511 474
500 485
506 479
507 478
486 499
495 490
477 508
510 475
476 509
497 488
503 480
479 506
498 487
488 497
493 492
490 495
492 493
478 507
499 486
503 482
474 511
481 504
496 489
509 476
502 483
489 496
482 503
483 502
491 494
487 498
508 477
494 491
480 505
504 481
491 493
483 501
497 487
473 511
493 491
506 478
478 506
508 476
498 486
486 498
474 510
479 505
489 495
481 503
482 502
499 485
480 504
509 475
490 494
476 508
495 489
502 480
501 483
503 481
488 496
487 497
502 482
500 484
510 474
494 490
496 488
477 507
489 494
482 501
506 477
499 484
496 487
493 490
509 474
491 492
494 489
473 510
508 475
495 488
478 505
480 503
502 481
501 482
472 511
490 493
476 507
481 502
486 497
483 500
479 504
492 491
498 485
488 495
497 486
477 506
507 476
487 496
474 509
510 473
485 498
486 496
475 507
480 502
474 508
487 495
478 504
497 485
484 498
505 477
488 494
476 506
495 487
490 492
499 483
509 473
507 475
477 505
492 490
506 476
482 500
483 499
472 510
493 489
501 481
489 493
479 503
481 501
510 472
500 482
496 486
473 509
485 497
498 484
508 474
491 491
495 486
476 505
499 482
496 485
491 490
475 506
488 493
493 488
483 498
509 472
500 481
480 501
477 504
474 507
485 496
487 494
508 473
511 470
498 483
482 499
472 509
490 491
484 497
506 475
505 476
486 495
481 500
479 502
494 487
503 478
478 503
497 484
489 492
507 474
471 510
492 489
497 483
507 473
491 489
472 508
505 475
485 495
500 480
474 506
486 494
476 504
494 486
498 482
482 498
487 493
496 484
481 499
511 469
509 471
502 478
493 487
506 474
499 481
477 503
495 485
470 510
475 505
510 470
490 490
480 500
492 488
479 501
483 497
504 476
508 472
478 502
501 479
503 477
488 492
488 491
492 487
480 499
476 503
501 478
511 468
482 497
507 472
510 469
503 476
494 485
499 480
505 474
500 479
491 488
490 489
487 492
470 509
477 502
475 504
497 482
489 490
483 496
498 481
472 507
508 471
506 473
478 501
469 510
493 486
495 484
473 506
468 511
509 470
486 493
474 505
479 500
471 508
485 494
502 477
481 498
496 483
485 493
500 478
505 473
502 476
475 503
511 467
489 489
488 490
510 468
499 479
508 470
483 495
473 505
493 485
486 492
490 488
503 475
479 499
492 486
498 480
496 482
497 481
507 471
474 504
467 511
476 502
478 500
494 484
468 510
469 509
470 508
482 496
472 506
487 491
509 469
481 497
501 477
506 472
480 498
471 507
495 483
491 487
503 474
473 504
471 506
500 477
470 507
487 490
489 488
491 486
508 469
466 511
496 481
502 475
505 472
485 492
492 485
475 502
474 503
510 467
486 491
481 496
480 497
472 505
483 494
507 470
488 489
467 510
484 493
476 501
494 483
509 468
501 476
477 500
511 466
493 484
499 478
479 498
495 482
506 471
482 495
497 480
468 509
504 473
490 487
497 479
472 504
509 467
499 477
493 483
510 466
491 485
484 492
487 489
505 471
471 505
485 491
492 484
502 474
488 488
483 493
506 470
481 495
490 486
477 499
500 476
478 498
470 506
501 475
494 482
507 469
511 465
466 510
469 507
480 496
508 468
467 509
482 494
489 487
468 508
473 503
498 478
503 473
504 472
474 502
496 480
479 497
475 501
467 508
492 483
465 510
484 491
500 475
499 476
487 488
493 482
468 507
473 502
509 466
476 499
490 485
480 495
475 500
466 509
504 471
506 469
507 468
469 506
482 493
497 478
483 492
491 484
488 487
498 477
471 504
479 496
496 479
486 489
489 486
478 497
510 465
494 481
508 467
511 464
470 505
503 472
495 480
505 470
464 511
501 474
481 494
502 473
509 465
481 493
467 507
495 479
485 489
490 484
463 511
486 488
505 469
466 508
474 500
502 472
469 505
476 498
478 496
492 482
473 501
496 478
489 485
493 481
477 497
501 473
507 467
479 495
480 494
482 492
475 499
498 476
497 477
488 486
510 464
500 474
483 491
487 487
504 470
470 504
464 510
511 463
491 483
494 480
503 471
484 490
468 506
474 499
476 497
502 471
484 489
511 462
475 498
479 494
496 477
506 467
477 496
507 466
467 506
471 502
509 464
478 495
470 503
490 483
497 476
485 488
465 508
510 463
482 491
464 509
483 490
493 480
503 470
494 479
501 472
486 487
500 473
490 481
499 474
466 507
492 481
504 469
498 475
473 500
481 492
469 504
488 485
463 510
508 465
489 484
487 486
495 478
472 501
505 468
491 482
504 468
487 485
476 496
484 488
464 508
508 464
465 507
496 476
469 503
470 502
485 487
505 467
471 501
480 492
475 497
501 471
506 466
493 479
488 484
500 472
473 499
472 500
463 509
511 461
477 495
509 463
502 470
510 462
468 504
489 483
507 465
503 469
483 489
491 481
492 480
466 506
495 477
462 510
494 478
490 482
478 494
474 498
497 475
499 473
481 491
467 505
482 490
486 486
482 489
509 462
460 511
476 495
499 472
464 507
491 480
507 464
468 503
477 494
463 508
504 467
504 465
475 496
495 476
485 486
478 493
488 483
501 470
489 482
487 484
503 468
465 506
500 471
462 509
486 485
511 460
470 501
494 477
469 502
480 491
508 463
472 499
496 475
481 490
505 466
471 500
474 497
483 488
502 469
467 504
492 479
461 510
493 478
484 487
477 493
500 470
504 466
483 487
492 478
476 494
487 483
465 505
459 511
491 479
473 497
508 462
509 461
510 460
471 499
479 491
485 485
461 509
466 504
503 467
463 507
494 476
506 464
493 477
464 506
480 490
484 486
474 496
507 463
475 495
511 459
495 475
486 484
482 488
460 510
501 469
488 482
469 501
502 468
468 502
478 492
462 508
470 500
505 465
499 471
474 495
478 491
508 461
468 501
493 476
483 486
484 485
499 470
491 478
480 489
485 484
466 503
473 496
502 467
475 494
510 459
476 493
471 498
498 471
494 475
461 508
477 492
472 497
496 473
492 477
465 504
497 472
487 482
462 507
506 463
488 481
469 500
507 462
509 460
489 480
481 488
470 499
459 510
490 479
505 464
479 490
463 506
458 511
482 487
495 474
460 509
503 466
501 468
500 469
471 497
465 503
492 476
466 502
463 505
511 457
479 489
481 487
472 496
494 474
508 460
499 469
505 463
497 471
459 509
460 508
498 470
495 473
486 482
475 493
509 459
491 477
480 488
478 490
500 468
462 506
473 495
477 491
485 483
464 504
457 511
484 484
487 481
510 458
489 479
469 499
490 478
467 501
468 500
496 472
506 462
488 480
483 485
502 466
476 492
493 475
501 467
481 486
489 478
459 508
506 461
510 457
477 490
469 498
505 462
504 463
503 464
484 483
483 484
491 476
474 493
502 465
498 469
494 473
508 459
473 494
490 477
471 496
466 501
457 510
492 475
496 471
479 488
460 507
475 492
468 499
487 480
495 472
464 503
462 505
480 487
467 500
507 460
509 458
493 474
486 481
456 511
499 468
482 485
478 489
501 466
500 467
476 491
472 495
458 509
463 504
511 456
497 470
461 506
488 479
465 501
494 472
495 471
500 466
480 486
467 499
457 509
506 460
462 504
479 487
482 484
487 479
486 480
466 500
510 456
458 508
464 502
504 462
476 488
499 467
511 455
474 492
493 473
509 457
468 496
507 459
497 469
459 507
476 490
477 489
475 491
463 503
470 496
503 463
484 482
473 493
483 483
478 488
471 495
468 498
490 476
456 510
461 505
481 485
502 464
485 481
496 470
463 501
508 458
501 465
492 474
489 477
491 475
498 468
472 494
460 506
469 497
488 478
462 503
475 490
492 473
503 462
510 455
465 500
472 493
485 480
497 468
478 487
456 509
470 495
476 489
471 494
469 496
487 478
500 465
484 481
498 467
506 459
483 482
468 497
479 486
496 469
502 463
486 479
490 475
477 488
466 499
482 483
455 510
459 506
464 501
499 466
480 485
461 504
473 492
454 511
457 508
488 477
508 457
467 498
501 464
474 491
511 454
463 502
494 471
507 458
505 460
509 456
460 505
504 461
491 474
495 470
493 472
491 473
466 498
486 478
455 509
494 470
503 461
498 466
508 456
479 485
453 511
465 499
482 482
499 465
510 454
470 494
475 489
460 504
483 481
505 459
487 477
481 483
459 505
474 490
507 457
501 463
500 464
477 487
504 460
462 502
469 495
461 503
484 480
454 510
471 493
488 476
496 468
456 508
489 475
502 462
467 497
490 474
493 471
511 453
478 486
473 491
495 469
464 500
472 492
506 458
509 455
458 506
461 502
494 469
465 498
501 462
500 463
472 491
487 476
481 482
469 494
459 504
473 490
485 478
455 508
482 481
460 503
509 454
498 465
497 466
496 467
495 468
492 471
453 510
504 459
452 511
489 474
456 507
506 457
457 506
499 464
507 456
484 479
474 489
470 493
488 473
464 499
510 453
458 505
478 485
454 509
491 472
490 473
503 460
502 461
493 470
486 477
477 486
471 492
466 497
472 490
465 497
493 469
480 482
499 463
487 475
485 477
452 510
506 456
498 464
509 453
456 506
468 494
482 480
474 488
464 498
505 457
497 465
501 461
454 508
457 505
483 479
495 467
507 455
460 502
461 501
459 503
481 481
466 496
490 472
496 466
475 487
455 507
463 499
458 504
471 491
511 451
488 474
470 492
478 484
451 511
486 476
469 493
477 485
462 500
508 454
489 473
473 489
504 458
453 509
492 470
491 471
476 486
502 460
456 505
511 450
471 490
504 457
461 500
482 479
468 493
462 499
487 474
477 484
509 452
493 468
472 489
455 506
498 463
499 462
470 491
491 470
474 487
464 497
475 486
485 476
495 466
508 453
479 482
489 472
503 458
501 460
456 503
452 509
483 478
506 455
500 461
497 464
463 498
469 492
480 481
473 488
476 485
457 504
510 451
484 477
460 501
486 475
490 471
465 496
496 465
507 454
454 507
481 480
458 503
492 469
505 456
450 511
467 494
461 499
478 482
495 465
507 453
453 507
508 452
476 484
504 456
463 497
458 502
482 478
492 468
455 505
501 459
485 475
467 493
484 476
511 449
479 481
459 501
471 489
481 479
502 458
469 491
454 506
480 480
450 510
497 463
470 490
451 509
473 487
486 474
498 462
496 464
475 485
503 457
472 488
490 470
483 477
474 486
505 455
477 483
449 511
489 471
491 469
499 461
500 460
456 504
509 451
460 500
465 495
466 494
464 496
457 503
494 465
461 498
471 488
473 486
487 472
450 509
470 489
483 476
504 455
497 462
499 460
500 459
474 485
505 454
469 490
481 478
464 495
472 487
448 511
477 482
506 453
480 479
476 483
463 496
452 507
462 497
484 475
510 449
460 499
488 471
449 510
482 477
491 468
453 506
465 494
501 458
492 467
458 501
503 456
496 463
486 473
489 470
466 493
502 457
507 452
451 508
509 450
457 502
485 474
493 466
468 491
455 504
508 451
511 448
479 480
475 484
454 505
478 481
498 461
490 469
469 489
476 482
459 499
458 500
467 491
491 467
511 447
484 474
480 478
474 484
479 479
454 504
510 448
494 464
460 498
468 490
451 507
453 505
471 487
472 486
505 453
502 456
466 492
486 472
475 483
497 461
452 506
508 450
507 451
498 460
465 493
485 473
501 457
473 485
463 495
492 466
447 511
506 452
481 477
448 510
483 475
477 481
495 463
457 501
493 465
503 455
461 497
487 471
470 488
500 458
478 480
490 468
489 469
450 508
462 496
482 476
484 473
486 471
495 462
462 495
468 489
447 510
491 466
467 490
488 469
450 507
475 482
452 505
448 509
501 456
509 448
485 472
454 503
493 464
502 455
496 461
505 452
472 485
487 470
458 499
453 504
504 453
477 480
480 477
446 511
457 500
459 498
465 492
460 497
479 478
455 502
471 486
498 459
470 487
481 476
497 460
469 488
510 447
463 494
490 467
473 484
506 451
499 458
461 496
482 475
489 468
494 463
511 446
478 479
503 454
483 474
476 481
464 493
492 465
456 501
474 483
466 491
449 508
507 450
479 477
458 498
450 506
467 489
478 478
476 480
492 464
501 455
508 448
464 492
456 500
499 457
481 475
462 494
477 479
469 487
459 497
488 468
457 499
507 449
480 476
455 501
511 445
473 483
445 511
475 481
474 482
451 505
446 510
447 509
461 495
472 484
500 456
491 465
466 490
493 463
452 504
505 451
454 502
506 448
503 453
463 493
497 459
468 488
504 452
470 486
487 469
495 461
471 485
509 447
510 446
449 507
483 473
496 460
453 503
490 466
484 472
486 470
489 467
494 462
485 471
502 454
466 489
447 508
507 448
475 480
456 499
504 451
495 460
498 457
452 503
481 474
457 498
476 479
469 486
492 463
462 493
510 445
497 458
444 511
503 452
464 491
473 482
446 509
496 459
474 481
463 492
451 504
485 470
488 467
501 454
465 490
484 471
490 465
478 477
454 501
483 472
508 447
450 505
479 476
487 468
482 473
500 455
468 487
459 496
506 449
448 507
493 462
486 469
502 453
467 488
509 446
471 484
461 494
491 464
494 461
458 497
472 483
499 456
480 475
460 495
470 485
505 450
507 447
457 497
459 495
482 472
480 474
448 506
471 483
483 471
503 451
484 470
505 449
466 488
473 481
508 446
472 482
476 478
454 500
485 469
502 452
467 487
469 485
481 473
478 476
477 477
445 509
452 502
479 475
488 466
453 501
470 484
443 511
496 458
460 494
501 453
451 503
510 444
504 450
455 499
462 492
450 504
495 459
493 461
490 464
456 498
486 468
458 496
444 510
463 491
499 455
497 457
492 462
475 479
446 508
464 490
474 480
500 454
509 445
449 505
494 460
491 463
465 489
487 467
500 453
462 491
490 463
445 508
457 496
495 458
510 443
444 509
488 465
486 467
502 451
476 477
501 452
458 495
471 482
464 489
509 444
442 511
494 459
484 469
474 479
465 488
508 445
483 470
446 507
451 502
477 476
447 506
472 481
479 474
504 449
493 460
443 510
475 478
468 485
489 464
487 466
503 450
481 472
456 497
449 504
496 457
466 487
473 480
485 468
450 503
463 490
491 462
470 483
480 473
469 484
467 486
482 471
455 498
448 505
507 446
452 501
499 454
459 494
498 455
454 499
456 496
460 492
459 493
448 504
481 471
500 452
441 511
462 490
471 481
445 507
470 482
504 448
507 445
511 441
477 475
467 485
452 500
451 501
498 454
485 467
468 484
473 479
501 451
475 477
476 476
496 456
464 488
461 491
497 455
510 442
492 460
493 459
449 503
454 498
482 470
509 443
506 446
466 486
450 502
508 444
479 473
469 483
487 465
499 453
491 461
503 449
458 494
443 509
463 489
502 450
484 468
495 457
447 505
480 472
474 478
486 466
457 495
505 447
465 487
490 462
488 464
455 497
472 480
499 452
462 489
440 511
443 508
452 499
507 444
476 475
488 463
497 454
467 484
473 478
450 501
492 459
491 460
446 505
509 442
487 464
463 488
453 498
486 465
456 495
447 504
475 476
500 451
459 492
504 447
455 496
480 471
445 506
489 462
490 461
483 468
501 450
458 493
481 470
508 443
502 449
511 440
451 500
464 487
465 486
471 480
495 456
454 497
449 502
485 466
442 509
472 479
469 482
494 457
474 477
503 448
470 481
461 490
496 455
468 483
505 446
510 441
484 467
506 445
479 472
460 491
457 494
448 503
444 507
441 509
487 463
468 482
456 494
499 451
505 445
454 496
464 486
500 450
463 487
444 506
448 502
450 500
510 440
467 483
506 444
469 481
496 454
507 443
459 491
462 488
474 476
446 504
445 505
477 473
489 461
486 464
478 472
485 465
509 441
452 498
493 457
453 497
502 448
470 480
481 469
475 475
484 466
488 462
495 455
498 452
451 499
491 459
458 492
473 477
443 507
497 453
472 478
483 467
465 485
439 511
482 468
490 460
511 439
492 458
479 471
440 510
501 449
460 490
455 495
461 489
471 479
503 447
482 467
484 465
443 506
499 450
469 480
439 510
461 488
447 502
468 481
470 479
451 498
467 482
463 486
486 463
449 500
442 507
503 446
491 458
485 464
457 492
508 441
505 444
441 508
480 469
506 443
471 478
466 483
494 455
478 471
507 442
476 473
511 438
498 451
500 449
452 497
465 484
454 495
456 493
495 454
450 499
492 457
473 476
459 490
510 439
474 475
445 504
472 477
487 462
502 447
489 460
496 453
444 505
501 448
440 509
479 470
488 461
453 496
477 472
460 489
481 468
504 445
490 459
446 503
455 494
462 487
497 452
483 466
493 456
454 494
485 463
476 472
456 492
494 454
501 447
455 493
487 461
486 462
471 477
472 476
484 464
472 474
446 502
507 441
444 504
458 490
506 442
441 507
491 457
490 458
500 448
503 445
439 509
499 449
496 452
470 478
450 498
466 482
459 489
504 444
505 443
445 503
510 438
479 469
478 470
437 511
442 506
438 510
460 488
453 495
509 439
464 484
448 500
493 455
502 446
481 467
461 487
449 499
473 475
483 465
511 437
467 481
443 505
497 451
447 501
488 460
457 491
452 496
440 508
463 485
489 459
498 450
474 474
475 473
465 483
492 456
469 479
497 450
439 508
484 463
479 468
509 438
482 465
456 491
437 510
475 472
438 509
499 448
450 497
510 437
472 475
463 484
511 436
442 505
502 445
507 440
471 474
467 480
489 458
441 506
466 481
508 439
453 494
493 454
486 461
472 473
452 495
471 476
506 441
458 489
440 507
504 443
494 453
443 504
448 499
465 482
449 496
464 483
460 487
485 462
476 471
495 452
492 455
488 459
473 474
483 464
455 492
459 488
503 444
444 503
498 449
505 442
436 511
451 496
490 457
469 478
468 479
478 469
449 498
461 486
446 501
470 477
445 502
501 446
474 473
447 500
477 470
481 466
446 500
507 439
494 452
499 447
511 435
460 486
466 480
508 438
480 466
458 488
448 498
454 492
475 471
436 510
496 450
469 477
491 455
457 489
461 485
502 444
462 484
468 478
445 501
452 494
456 490
479 467
455 491
504 442
444 502
476 470
448 496
492 454
495 451
487 459
440 506
435 511
482 464
449 497
477 469
449 495
447 499
450 496
498 448
501 445
439 507
443 503
478 468
500 446
510 436
471 475
503 443
467 479
506 440
474 472
473 473
438 508
489 457
509 437
481 465
442 504
437 509
463 483
465 481
484 462
459 487
485 461
483 463
493 453
464 482
486 460
505 441
488 458
497 449
436 509
457 488
467 478
454 491
501 444
451 494
510 435
470 475
461 484
453 492
452 493
474 471
459 486
502 443
446 499
443 502
476 469
490 455
486 459
504 441
509 436
481 464
492 453
455 490
494 451
506 439
499 446
437 508
484 461
458 487
448 497
441 504
495 450
487 458
460 485
469 476
493 452
508 437
488 457
465 480
511 434
491 454
434 511
483 462
450 495
440 505
462 483
444 501
503 442
498 447
475 470
473 472
445 500
466 479
497 448
496 449
468 477
480 465
439 506
442 503
477 468
485 460
447 498
464 481
463 482
456 489
478 467
489 456
505 440
438 507
475 469
488 456
491 453
486 458
506 438
494 450
440 504
450 494
508 436
479 465
441 503
492 452
493 451
505 439
465 479
467 477
468 476
445 499
458 486
480 464
501 443
483 461
509 435
442 502
504 440
495 449
497 447
454 490
482 462
459 485
500 444
487 457
485 459
498 446
507 437
451 493
464 480
434 510
446 498
457 487
438 506
439 505
462 482
510 434
489 455
433 511
443 501
490 454
478 466
460 484
511 433
502 442
481 463
499 445
469 475
463 481
444 500
477 467
452 492
437 507
456 488
436 508
455 489
435 509
473 471
466 478
476 468
474 470
447 497
461 482
476 467
458 485
491 452
474 469
450 493
472 471
496 447
478 465
509 434
460 483
465 478
503 440
456 487
504 439
466 477
454 489
493 450
434 509
473 470
468 475
492 451
486 457
443 500
511 432
471 472
446 497
436 507
510 433
508 435
438 505
470 473
485 458
507 436
453 490
489 454
479 464
501 442
457 486
495 448
487 456
433 510
482 461
435 508
467 476
462 481
483 460
463 480
498 445
439 504
442 501
484 459
488 455
451 492
502 441
469 474
477 466
500 443
481 462
475 468
452 491
505 438
464 479
506 437
455 488
480 463
432 511
499 444
440 503
490 453
445 498
497 446
446 496
466 474
436 506
511 431
467 475
464 478
503 439
459 483
476 464
475 467
440 502
482 460
474 468
480 462
466 476
456 486
486 456
506 436
477 465
502 440
496 446
457 485
494 448
485 457
439 503
434 508
445 497
462 480
500 442
432 510
450 492
499 443
458 484
460 482
472 470
510 432
501 441
478 464
461 481
469 473
444 498
471 471
448 494
470 472
488 454
454 488
492 450
491 451
476 466
505 437
451 491
498 444
483 459
504 438
487 455
438 504
452 490
455 487
490 452
435 507
442 500
481 461
433 509
449 493
443 499
497 445
508 434
441 501
507 435
509 433
493 449
473 469
484 458
489 453
447 495
463 479
437 505
485 456
436 505
470 471
464 477
473 468
497 444
481 460
450 491
504 437
447 494
462 479
435 506
434 507
465 476
492 449
484 457
461 480
455 486
480 461
444 497
476 463
489 452
474 467
507 434
494 447
498 443
449 492
453 488
466 475
456 485
452 489
505 436
506 435
500 441
472 469
441 500
463 478
503 438
477 464
459 482
478 463
508 433
457 484
451 490
438 503
467 474
483 458
501 440
483 456
439 502
502 439
443 498
495 446
476 465
493 448
471 470
499 442
482 459
433 508
511 430
491 450
479 462
496 445
490 451
468 473
445 496
446 495
432 509
488 453
458 483
431 510
437 504
448 493
509 432
460 481
510 431
440 501
486 455
469 472
450 490
479 461
473 467
494 446
477 463
467 473
495 445
482 458
478 462
492 448
449 491
487 453
475 465
465 475
503 437
491 449
434 506
504 436
506 434
509 431
443 497
488 452
439 501
501 439
474 466
470 470
510 430
431 509
462 478
472 468
481 459
444 496
447 493
508 432
456 484
471 469
500 440
483 457
464 476
460 480
440 500
490 450
432 508
511 429
498 442
455 485
459 481
469 471
493 447
505 435
448 492
485 455
458 482
461 479
486 454
497 443
441 499
483 455
437 503
496 444
482 456
502 438
438 502
435 505
433 507
489 451
436 504
454 486
451 489
446 494
480 460
452 488
485 454
452 487
441 498
508 431
462 477
487 452
496 443
504 435
447 492
433 506
461 478
478 461
460 479
506 433
502 437
453 486
480 459
497 442
488 451
450 489
449 490
455 484
464 475
431 508
445 494
494 445
438 501
471 468
491 448
511 428
454 485
437 502
509 430
442 497
498 441
472 467
446 493
451 488
470 469
456 483
463 476
467 472
440 499
473 466
484 455
459 480
490 449
458 481
435 504
486 453
457 482
443 496
428 511
448 491
479 460
474 465
468 471
505 434
439 500
492 447
477 462
500 439
482 457
432 507
493 446
495 444
510 429
464 473
436 503
503 436
499 440
499 439
478 460
470 468
434 504
466 472
510 428
445 493
474 464
500 438
479 459
438 500
501 437
436 502
457 481
470 466
447 491
492 446
452 486
458 480
484 454
439 499
495 443
485 453
493 445
465 473
469 469
430 508
509 429
467 471
450 488
480 458
433 505
453 485
494 444
489 449
428 510
444 494
456 482
468 470
464 474
443 495
503 435
455 483
508 430
448 490
463 475
449 489
461 477
481 457
487 451
486 452
491 447
435 503
460 478
490 448
451 487
511 427
477 461
432 506
454 484
429 509
498 440
462 476
442 496
440 498
497 441
427 511
502 436
459 479
488 450
471 467
437 501
496 442
505 433
473 465
500 437
504 433
476 461
477 460
494 443
456 481
479 458
496 441
448 489
444 493
510 427
428 509
493 444
471 466
473 464
435 502
433 504
451 486
446 491
450 487
488 449
463 474
449 488
426 511
430 507
485 452
452 485
443 494
459 478
489 448
434 503
437 500
460 477
480 457
445 492
495 442
470 467
484 453
472 465
466 471
478 459
489 446
475 462
487 450
436 501
501 436
465 472
469 468
457 480
497 440
454 483
502 435
503 434
439 498
498 439
431 506
499 438
507 430
491 446
455 482
453 484
509 428
468 469
511 426
429 508
474 463
492 445
467 470
438 499
440 497
506 431
441 496
490 447
461 476
442 495
494 442
453 483
482 454
444 492
498 438
507 429
428 508
465 471
469 467
485 451
505 431
489 445
436 500
454 482
474 462
425 511
499 437
456 480
468 468
440 496
476 460
509 427
462 474
481 455
445 491
439 497
503 433
504 432
451 485
489 447
480 456
510 426
455 481
479 457
473 463
452 484
471 465
502 434
435 501
486 450
427 509
447 489
501 435
484 452
475 461
459 477
432 504
483 453
438 498
434 502
506 430
467 469
430 506
497 439
441 495
449 487
426 510
461 475
450 486
492 444
442 494
478 458
493 443
429 507
490 446
511 425
437 499
460 476
487 449
458 478
491 445
466 470
488 448
457 479
495 441
508 428
433 503
496 440
481 454
473 462
479 456
428 507
494 441
437 498
464 471
444 491
427 508
475 460
462 473
482 453
502 433
452 483
472 463
487 448
461 474
509 426
498 437
465 470
467 468
441 494
432 503
435 500
424 511
468 467
448 487
504 429
456 479
426 509
460 475
507 428
436 499
429 506
500 435
485 450
450 485
457 478
459 476
486 449
506 429
511 424
439 496
497 438
491 444
490 445
505 430
453 482
433 502
463 472
504 431
458 477
496 439
476 459
451 484
501 434
430 505
480 455
474 461
466 469
493 442
483 452
488 447
499 436
438 497
471 464
440 495
503 432
442 493
449 486
454 481
431 504
478 457
447 488
434 501
508 427
426 508
475 459
496 438
453 481
462 472
434 500
480 454
465 469
497 437
424 510
432 502
460 474
508 426
476 458
429 505
445 489
511 423
427 507
504 430
439 495
470 464
433 501
477 457
502 432
458 476
503 431
510 424
449 485
463 471
459 475
444 490
494 440
436 498
430 504
461 473
506 428
423 511
437 497
482 452
441 493
487 447
456 478
484 450
507 427
505 429
486 448
438 496
428 506
435 499
501 433
451 483
464 470
466 468
455 479
431 503
448 486
446 488
472 462
479 455
491 443
447 487
500 434
490 444
509 425
452 482
498 436
457 477
468 466
442 492
474 460
443 491
425 509
440 494
454 480
485 449
493 441
467 467
478 456
448 485
463 470
429 504
447 486
450 483
478 455
507 426
467 466
461 472
469 464
484 449
498 435
455 478
452 481
459 474
439 494
428 505
480 453
476 457
491 442
466 467
503 430
460 473
474 459
499 434
465 468
436 497
505 428
501 432
487 446
427 506
464 469
441 492
454 479
440 493
451 482
422 511
426 507
453 480
432 501
482 451
462 471
433 500
502 431
481 452
444 489
506 427
511 422
424 509
442 491
475 458
486 447
493 440
492 441
445 488
458 475
438 495
456 477
435 498
473 460
494 439
470 463
508 425
471 462
485 448
483 450
497 436
446 487
509 424
434 499
457 476
490 443
423 510
495 438
449 484
425 508
477 456
500 433
479 454
430 503
472 461
506 426
453 479
509 423
442 490
465 467
490 442
473 459
471 461
495 437
454 478
480 452
425 507
496 436
424 508
435 497
434 496
421 511
499 433
489 443
472 460
497 435
428 504
474 458
505 427
491 441
432 500
429 503
433 499
455 477
498 434
464 468
486 446
467 465
449 483
434 498
446 486
439 493
422 510
507 425
447 485
443 489
466 466
456 476
476 456
493 439
502 430
508 424
460 472
461 471
481 451
450 482
482 450
431 501
430 502
469 463
500 432
448 484
463 469
511 421
484 448
488 444
437 495
492 440
436 496
441 491
494 438
427 505
483 449
501 431
451 481
452 480
510 422
457 475
475 457
459 473
485 447
445 487
458 474
438 494
478 454
426 506
487 445
479 453
423 509
458 472
462 470
468 464
496 435
468 463
466 465
509 422
457 472
420 511
482 449
438 493
472 459
469 462
481 450
485 446
439 492
477 454
437 494
432 499
504 427
502 429
463 468
470 461
457 474
434 497
436 495
511 420
451 480
478 453
480 451
500 431
450 481
433 496
479 452
460 471
449 482
443 488
465 466
491 440
510 421
440 491
429 502
422 509
467 464
428 503
452 479
456 475
471 460
499 432
445 486
444 487
486 445
492 439
505 426
474 457
462 469
503 428
441 490
473 458
426 505
454 477
446 485
447 484
423 508
425 506
442 489
453 478
458 473
494 437
495 436
427 504
498 433
430 501
501 430
487 444
424 507
490 441
508 423
475 456
493 438
497 434
421 510
506 425
448 483
488 443
489 442
483 448
435 496
431 500
476 455
476 454
466 464
487 443
424 506
425 505
459 471
509 421
431 499
436 494
452 478
477 453
480 450
470 460
432 498
461 469
463 467
483 447
422 508
504 426
488 442
453 477
426 504
473 457
471 459
507 423
467 463
469 461
486 444
491 439
489 441
465 465
510 420
421 509
428 502
508 422
451 479
419 511
445 485
443 487
479 451
475 455
427 503
503 427
492 438
502 428
438 492
442 488
435 495
501 429
495 435
474 456
498 432
440 490
494 436
448 482
456 474
433 497
485 445
500 430
468 462
497 433
420 510
506 424
472 458
496 434
499 431
430 500
450 480
449 481
493 437
505 425
423 507
462 468
454 476
439 491
446 484
482 448
481 449
437 493
464 466
511 419
460 470
457 473
478 452
490 440
450 479
430 499
473 456
495 434
475 454
504 425
471 458
454 475
431 498
451 478
442 487
460 469
425 504
511 418
472 457
443 486
479 450
429 500
487 442
489 440
447 482
440 489
439 490
470 459
448 481
509 420
435 494
466 463
508 421
477 452
510 419
491 438
428 501
478 451
436 493
481 448
432 497
426 503
490 439
445 484
496 433
505 424
488 441
427 502
419 510
420 509
476 453
468 461
456 473
500 429
465 464
459 470
506 423
446 483
497 432
423 506
453 476
503 426
502 427
421 508
463 466
501 428
467 462
483 446
418 511
485 444
461 468
438 491
493 436
492 437
437 492
449 480
499 430
482 447
484 445
452 477
474 455
444 485
480 449
441 488
498 431
462 467
422 507
486 443
464 465
455 474
507 422
469 460
485 443
506 422
473 455
489 439
502 426
431 497
481 447
439 489
425 503
443 485
482 446
448 480
464 464
495 433
458 470
462 466
421 507
459 469
487 441
440 488
492 436
450 478
460 468
480 448
509 419
474 454
475 453
435 493
484 444
463 465
477 451
422 506
417 511
447 481
507 421
496 432
441 487
493 435
479 449
426 502
503 425
428 500
445 483
490 438
419 509
444 484
498 430
505 423
418 510
427 501
486 442
429 499
467 461
446 482
508 420
423 505
465 463
466 462
437 491
510 418
511 417
452 476
497 431
494 434
449 479
504 424
499 429
500 428
483 445
491 437
488 440
469 459
472 456
471 457
468 460
451 477
424 504
455 473
430 498
501 427
476 452
442 486
453 475
478 450
438 490
470 458
457 470
428 499
451 476
453 474
472 455
422 505
467 460
446 481
462 465
500 427
442 485
464 463
483 444
447 480
466 461
459 468
425 502
490 437
497 430
505 422
493 434
508 419
471 456
463 464
488 439
474 453
436 491
480 447
450 477
482 445
461 466
435 492
501 426
478 449
420 507
443 484
506 421
502 425
499 428
426 501
418 509
433 494
419 508
448 479
495 432
458 469
421 506
429 498
437 490
498 429
511 416
473 454
469 458
460 467
484 443
470 457
438 489
434 493
510 417
491 436
455 472
477 450
479 448
416 511
476 451
440 487
475 452
417 510
487 440
454 473
423 504
427 500
444 483
430 497
504 423
485 442
489 438
507 420
439 488
445 482
509 418
503 424
441 486
494 433
438 488
510 416
452 474
487 439
456 470
511 415
488 438
443 483
503 423
424 502
496 430
479 447
439 487
432 494
466 460
422 504
461 465
444 478
505 421
451 475
493 433
481 445
489 437
464 462
500 424
454 472
458 468
492 434
465 461
478 448
508 418
445 481
472 454
453 473
490 436
469 457
433 493
467 459
501 425
446 480
473 453
462 464
434 492
463 463
495 431
507 419
430 496
450 476
486 440
477 449
436 490
471 455
476 450
498 428
427 499
445 479
500 426
444 482
499 427
425 501
415 511
418 508
485 441
484 442
457 469
442 484
440 486
429 497
502 424
420 506
460 466
470 456
448 478
421 505
475 451
509 417
480 446
416 510
441 485
459 467
449 477
417 509
447 479
491 435
494 432
468 458
423 503
482 444
448 477
464 461
496 429
476 449
482 443
439 486
457 468
427 498
471 454
444 479
444 481
506 419
485 440
501 424
432 493
465 460
499 426
435 490
473 452
497 428
428 497
452 473
463 462
483 442
509 416
416 509
420 505
437 488
453 472
450 475
456 469
498 427
489 436
467 458
494 431
422 503
425 500
426 499
440 485
487 438
480 445
458 467
503 422
477 448
495 430
475 450
469 456
429 496
417 508
419 506
433 492
461 464
486 439
490 435
451 474
507 418
478 447
430 495
504 421
455 470
488 437
414 511
447 478
466 459
459 466
468 457
500 425
481 444
424 501
441 484
474 451
442 483
491 434
449 476
436 489
493 432
443 478
484 441
445 480
505 420
510 415
446 479
472 453
462 463
418 507
479 446
438 487
502 423
465 459
453 471
491 433
488 436
484 440
452 472
463 461
438 486
459 465
486 438
490 434
416 508
429 495
460 464
417 507
457 467
471 453
493 431
489 435
504 420
501 423
506 418
435 489
440 484
439 485
480 444
482 442
510 414
449 475
446 478
479 445
448 476
414 510
428 496
487 437
472 452
456 468
476 448
507 417
430 494
483 441
447 477
423 501
481 443
466 458
467 457
458 466
434 490
477 447
451 473
436 488
468 456
495 429
454 470
473 451
497 427
425 499
499 425
419 505
426 498
485 439
498 426
464 460
509 415
475 449
431 493
424 500
427 497
420 504
462 462
492 432
437 487
508 416
422 502
444 480
503 421
413 511
442 482
443 479
450 474
415 509
478 446
494 430
496 428
418 506
455 469
432 492
443 481
469 455
433 491
441 483
474 450
457 466
466 457
487 436
431 492
464 459
442 481
448 475
416 507
415 508
479 444
502 421
461 462
443 480
452 471
441 482
490 433
454 469
473 450
419 504
430 493
435 488
489 434
429 494
496 427
437 486
472 451
492 431
509 414
422 501
426 497
469 454
423 500
465 458
438 485
413 510
501 422
477 446
425 498
463 460
495 428
474 449
421 502
483 440
505 418
480 443
414 509
453 470
432 491
486 437
451 472
476 447
498 425
455 468
420 503
493 430
506 417
417 506
439 484
488 435
485 438
434 489
427 496
482 441
497 426
433 490
440 483
504 419
508 415
468 455
471 452
447 476
412 511
507 416
478 445
436 487
470 453
491 432
481 442
494 429
475 448
503 420
418 505
450 473
503 418
510 413
460 463
484 439
442 479
458 465
446 477
459 464
462 461
492 430
481 441
452 470
476 446
467 455
419 503
486 436
475 447
437 485
501 421
435 487
450 472
473 449
415 507
508 414
446 476
457 465
428 494
500 422
489 433
439 483
425 497
412 510
463 459
421 501
455 467
491 431
495 427
429 493
413 509
448 474
458 464
504 418
460 462
451 471
503 419
471 451
433 489
459 463
477 445
474 448
509 413
442 480
478 444
462 460
497 425
440 482
485 437
449 473
510 412
422 500
432 490
456 466
438 484
484 438
494 428
436 486
454 468
427 495
431 491
479 443
487 435
490 432
506 416
498 424
426 496
466 456
502 420
453 469
417 505
482 440
414 508
465 457
441 481
468 454
464 458
505 417
472 450
434 488
430 492
469 453
424 498
423 499
488 434
416 506
461 461
420 502
480 442
493 429
477 444
469 452
482 439
495 426
500 421
422 499
416 505
499 422
468 453
508 413
504 417
465 456
471 450
476 445
460 461
472 449
486 435
478 443
417 504
505 416
487 434
473 448
454 467
462 459
470 451
453 468
415 506
419 502
507 414
502 419
447 474
429 492
412 509
481 440
483 438
485 436
428 493
449 472
445 476
420 501
434 487
490 431
451 470
461 460
437 484
431 490
448 473
446 475
466 455
422 497
501 420
489 432
467 454
423 498
496 425
494 427
459 462
455 466
421 500
474 447
439 482
430 491
424 497
450 471
457 464
464 457
436 485
456 465
509 412
458 463
410 511
463 458
452 469
414 507
411 510
427 494
440 481
418 503
441 480
497 424
438 483
432 489
433 488
493 428
480 441
492 429
435 486
413 508
475 446
425 496
429 491
506 414
482 438
437 483
479 441
494 426
418 502
412 508
434 486
488 432
415 505
451 469
414 506
422 498
431 489
467 453
492 428
419 501
466 454
476 444
486 434
478 442
508 412
455 465
472 448
411 509
511 409
509 411
425 495
421 499
453 467
468 452
475 445
460 460
454 466
439 481
435 485
480 440
504 416
430 490
417 503
470 450
423 497
433 487
481 439
458 462
495 425
410 510
440 480
469 451
426 494
448 472
409 511
428 492
471 449
420 500
450 470
464 456
446 474
457 463
444 476
485 435
496 424
500 420
474 446
490 430
484 436
449 471
477 443
499 421
452 468
432 488
498 422
505 415
463 457
413 507
483 437
416 504
501 419
473 447
462 458
489 431
465 455
461 459
491 429
436 484
445 475
507 413
500 419
412 507
468 451
464 455
488 431
452 467
485 434
508 411
492 427
411 508
478 441
418 501
432 487
476 443
419 500
437 482
467 452
443 476
410 509
480 439
442 477
490 429
427 492
435 484
436 483
491 428
505 414
482 437
506 413
446 473
447 472
493 426
503 416
425 494
495 424
429 490
430 489
453 466
450 469
420 499
416 503
481 438
456 463
470 449
448 471
455 464
434 485
479 440
510 409
497 422
408 511
471 448
473 446
409 510
463 456
462 457
504 415
499 420
501 418
449 470
489 430
413 506
440 479
444 475
441 478
428 491
423 496
498 421
511 408
445 474
459 460
438 481
465 454
486 433
426 493
477 442
421 498
457 462
502 417
431 488
454 465
439 480
417 502
507 412
474 445
458 461
415 504
484 435
460 459
460 458
507 411
456 462
437 481
494 424
465 453
488 430
449 469
439 479
473 445
478 440
503 415
468 450
430 488
500 418
419 499
461 457
443 475
423 495
432 486
501 417
477 441
466 452
464 454
426 492
499 419
497 421
433 485
434 484
447 471
483 435
453 465
472 446
489 429
411 507
408 510
462 456
509 409
441 477
459 459
485 433
481 437
427 491
506 412
470 448
428 490
416 502
442 476
436 482
425 493
417 501
429 489
415 503
438 480
451 467
454 464
420 498
471 447
446 472
493 425
508 410
444 474
492 426
452 466
474 444
469 449
490 428
414 504
504 414
496 422
418 500
463 455
412 506
445 473
409 509
455 463
448 470
487 431
457 461
510 408
484 434
410 508
475 443
511 407
476 442
431 487
502 416
480 438
486 432
498 420
440 478
477 440
509 408
466 451
496 421
435 482
475 442
479 438
destination
