map
random512-10-7.map
pivot
486 297
agent & start
0 0
0 1
1 0
1 1
2 0
3 0
2 1
1 2
2 2
3 1
4 0
0 4
0 5
1 4
2 3
4 1
3 2
5 0
3 3
2 4
5 1
1 5
4 2
0 6
7 1
5 2
7 0
3 4
4 3
1 6
6 1
2 5
0 7
2 6
0 8
1 7
3 5
6 2
4 4
8 0
5 3
0 9
5 4
1 8
3 6
9 0
4 5
6 3
4 6
3 7
9 1
0 10
10 0
1 9
2 8
6 4
9 2
10 1
7 4
2 9
0 11
5 6
4 7
6 5
1 10
11 0
8 3
9 3
6 6
8 4
11 1
2 10
7 5
0 12
3 9
12 0
4 8
10 2
5 7
1 11
12 1
9 4
1 12
0 13
4 9
6 7
11 4
10 3
7 6
11 2
2 11
3 10
8 5
13 0
8 6
12 2
2 12
10 4
5 9
1 13
4 10
11 3
13 1
9 5
7 7
14 0
6 8
3 11
0 14
15 0
8 7
10 5
1 14
14 1
7 8
2 13
13 2
12 3
0 15
6 9
9 6
3 12
4 11
5 10
6 10
13 3
5 11
15 1
3 13
16 0
1 15
4 12
14 2
9 7
7 9
8 8
10 6
2 14
13 4
14 3
9 8
4 13
15 2
7 10
10 7
2 15
3 14
17 0
6 11
12 5
5 12
16 1
8 9
12 6
17 1
5 13
9 9
14 4
7 11
18 0
2 16
10 8
15 3
1 17
0 18
6 12
16 2
3 15
13 5
11 8
4 15
1 18
5 14
18 1
8 11
16 3
17 2
3 16
6 13
19 0
0 19
13 6
9 10
10 9
2 17
14 5
12 7
15 4
7 13
0 20
9 11
3 17
5 15
1 19
19 1
15 5
12 8
2 18
4 16
10 10
destination
