map
random512-10-7.map
pivot
486 297
agent & start
0 0
0 1
1 0
2 0
1 1
1 2
2 1
3 0
0 4
4 0
2 2
3 1
0 5
4 1
5 0
3 2
1 4
2 3
2 4
0 6
4 2
1 5
3 3
5 1
7 1
5 2
3 4
4 3
7 0
2 5
6 1
0 7
1 6
2 6
3 5
8 0
1 7
0 8
5 3
6 2
4 4
3 6
1 8
5 4
0 9
4 5
9 0
6 3
10 0
3 7
9 1
0 10
2 8
6 4
4 6
1 9
11 0
6 5
0 11
10 1
9 2
8 3
1 10
4 7
7 4
2 9
5 6
4 8
2 10
5 7
12 0
9 3
8 4
0 12
1 11
6 6
11 1
7 5
3 9
10 2
4 9
8 5
1 12
11 4
3 10
2 11
13 0
9 4
7 6
0 13
11 2
10 3
12 1
6 7
10 4
11 3
5 9
2 12
4 10
13 1
7 7
1 13
0 14
9 5
8 6
14 0
6 8
3 11
12 2
7 8
10 5
12 3
9 6
14 1
3 12
13 2
8 7
5 10
15 0
4 11
2 13
1 14
0 15
6 9
8 8
7 9
14 2
5 11
4 12
3 13
15 1
1 15
9 7
16 0
2 14
6 10
10 6
13 3
12 5
10 7
16 1
17 0
6 11
15 2
4 13
14 3
3 14
2 15
5 12
7 10
8 9
13 4
9 8
7 11
1 17
5 13
6 12
13 5
9 9
12 6
2 16
18 0
17 1
14 4
10 8
16 2
0 18
15 3
3 15
15 4
12 7
8 11
5 14
14 5
9 10
2 17
4 15
1 18
6 13
17 2
10 9
19 0
18 1
11 8
0 19
3 16
16 3
13 6
0 20
5 15
15 5
20 0
19 1
6 14
10 10
9 11
8 12
18 2
2 18
17 3
13 7
7 13
4 16
14 6
16 4
3 17
1 19
12 8
17 4
6 15
15 6
9 12
5 16
7 14
16 5
4 17
21 0
2 19
10 11
18 3
8 13
3 18
14 7
1 20
20 1
11 10
12 9
19 2
20 2
1 21
16 6
18 4
0 22
2 20
14 8
21 1
8 14
5 17
22 0
11 11
19 3
12 10
7 15
4 18
15 7
17 5
10 12
6 16
1 22
0 23
19 4
16 7
11 12
6 17
17 6
23 0
12 11
2 21
21 2
8 15
20 3
10 13
22 1
14 9
5 18
18 5
15 8
13 10
7 16
22 2
1 25
20 4
4 20
8 16
9 15
3 21
7 17
18 6
19 5
16 8
23 1
5 19
1 23
14 10
12 12
17 7
0 24
21 3
24 0
10 14
13 11
11 13
2 22
10 15
15 10
25 0
19 6
2 23
4 21
14 11
23 2
18 7
8 17
6 19
20 5
12 13
22 3
7 18
21 4
0 25
24 1
11 14
9 16
3 22
1 24
17 8
5 20
13 12
18 8
3 23
13 13
17 9
6 20
14 12
24 2
4 22
10 16
19 7
15 11
16 10
5 21
22 4
26 0
21 5
2 24
12 14
9 17
11 15
8 18
20 6
0 26
25 1
9 18
6 21
21 6
7 20
14 13
20 7
25 2
4 23
8 19
22 5
23 4
11 16
13 14
26 1
24 3
19 8
0 27
18 9
12 15
17 10
5 22
10 17
3 24
15 12
27 0
20 8
10 18
9 19
17 11
4 24
12 16
5 23
0 28
3 25
11 17
21 7
6 22
22 6
14 14
13 15
1 27
27 1
19 9
23 5
28 0
25 3
24 4
8 20
16 12
7 21
26 3
15 14
27 2
17 12
22 7
1 28
19 10
11 18
18 11
24 5
14 15
13 16
25 4
3 26
29 0
28 1
23 6
4 25
7 22
6 23
0 29
16 13
10 19
21 8
9 20
20 9
12 17
15 15
16 14
23 7
7 23
0 30
22 8
25 5
28 4
19 11
5 25
26 4
27 3
10 20
29 1
24 6
17 13
20 10
30 0
12 18
13 17
4 26
21 9
3 27
28 2
14 16
2 28
18 12
8 22
1 29
6 24
6 25
14 17
28 3
21 10
24 7
0 31
31 0
1 30
2 29
13 18
7 24
11 20
26 5
15 16
29 2
16 15
30 1
20 11
27 4
19 12
5 26
22 9
17 14
4 27
8 23
25 6
23 8
10 21
18 13
14 18
27 5
31 1
26 6
2 30
15 17
32 0
18 14
21 11
7 25
17 15
9 23
20 12
24 8
12 20
22 10
6 26
16 16
11 21
8 24
25 7
0 32
destination
