map
random512-35-1.map
pivot
506 66
agent & start
18 308
96 428
167 479
38 348
140 452
39 351
102 432
113 435
59 365
86 380
97 429
72 384
17 307
85 387
50 366
44 354
157 471
55 363
89 393
98 430
18 310
39 347
150 468
148 466
22 318
81 409
99 431
15 243
40 344
111 437
1 269
28 326
117 439
9 245
84 396
15 303
41 353
83 413
5 263
27 327
169 479
65 377
209 503
60 366
41 345
226 492
86 394
88 386
14 244
218 494
192 492
67 379
16 242
107 435
37 349
129 439
33 331
66 378
130 440
83 397
19 313
54 364
10 300
153 467
7 245
11 301
124 436
71 383
109 437
64 376
58 364
73 385
139 453
82 398
16 306
88 394
165 477
1 275
31 331
1 271
40 346
6 262
218 492
47 363
134 454
100 432
122 438
62 360
196 496
132 452
26 326
82 412
191 491
131 445
195 495
17 241
40 352
193 493
81 401
53 365
85 381
125 435
23 317
166 478
87 385
130 444
29 325
108 436
48 364
3 247
2 246
128 442
82 402
213 495
132 446
124 434
154 466
190 490
151 467
38 350
2 266
72 380
87 393
2 268
132 450
123 437
85 395
168 480
164 476
20 313
89 394
219 494
85 396
226 493
3 266
133 452
194 491
2 245
100 431
16 305
117 438
54 363
35 332
210 503
112 435
101 432
62 361
66 377
96 421
50 365
14 243
81 410
85 386
192 491
39 350
73 384
2 271
149 466
95 422
40 347
83 398
111 436
39 348
5 264
225 492
82 401
153 466
27 326
191 490
169 478
195 494
67 378
28 325
134 453
33 332
41 352
219 492
168 479
16 303
2 269
42 353
138 453
107 434
109 436
194 493
7 262
98 429
167 478
193 492
84 397
150 467
121 438
213 496
86 395
81 400
18 307
158 471
85 382
108 435
61 360
129 442
72 379
15 242
3 246
1 274
114 435
40 343
132 445
87 380
86 381
83 412
148 465
135 454
123 434
88 385
2 275
84 413
65 376
87 394
88 395
159 472
19 310
23 318
133 450
113 434
73 380
137 454
123 436
60 365
11 300
26 325
44 353
41 346
1 272
139 452
151 466
165 476
31 332
7 244
131 440
122 437
4 265
6 263
10 299
51 366
71 382
213 506
59 364
124 435
129 438
196 495
130 439
48 363
53 364
132 451
38 349
30 333
10 245
131 444
16 241
97 428
84 387
98 428
84 386
213 497
11 299
114 434
41 351
84 412
153 465
82 400
71 379
152 466
213 507
194 492
20 310
42 352
19 307
41 347
10 298
108 434
53 363
219 493
65 373
23 319
192 488
166 476
20 312
65 375
192 490
84 398
195 493
6 244
196 494
60 364
83 399
130 442
130 438
52 364
115 435
89 395
119 437
160 472
3 271
131 439
87 381
82 410
134 452
5 265
96 422
39 343
14 242
15 241
83 403
31 333
159 465
3 245
137 453
26 324
211 503
72 378
117 437
2 274
132 444
40 342
27 325
11 245
150 466
2 244
217 509
159 471
12 244
16 304
3 269
87 395
4 246
21 313
97 421
67 377
96 426
123 435
87 383
30 334
4 266
1 273
40 350
40 348
50 364
101 431
133 451
212 506
109 435
121 437
39 349
168 478
193 491
95 423
83 411
3 267
6 264
198 494
226 494
135 453
73 383
131 441
13 243
1 245
21 311
49 363
89 385
113 433
7 263
136 454
84 402
63 361
86 396
100 430
72 382
132 440
61 361
215 509
43 353
34 332
169 477
73 381
84 382
35 333
111 435
122 434
131 443
138 452
51 365
224 492
158 470
61 363
149 465
212 505
34 333
97 426
15 240
224 493
83 404
39 342
40 349
212 503
3 270
131 442
21 312
51 364
192 489
5 266
149 464
146 461
101 430
74 383
153 464
11 244
67 376
50 363
52 363
159 470
90 385
31 334
152 465
132 441
41 350
70 379
214 507
160 471
158 465
13 242
17 304
4 245
84 385
43 352
193 488
148 463
226 495
198 493
132 443
87 396
22 311
100 429
109 434
69 378
5 244
24 319
84 399
4 267
83 400
225 494
193 490
7 264
117 436
121 434
137 452
84 411
97 422
118 437
195 492
150 465
27 324
0 245
30 335
65 374
4 271
73 382
169 476
215 508
159 466
41 348
11 298
84 403
121 436
216 509
131 438
135 452
2 273
147 460
89 384
32 333
114 433
197 494
96 425
134 451
96 423
10 297
87 382
213 498
98 427
12 243
89 396
217 508
168 477
66 373
166 475
136 453
61 362
157 460
63 362
85 398
83 410
111 434
120 437
199 494
115 434
60 363
3 244
21 310
23 320
95 424
66 375
132 439
122 435
220 493
19 306
84 401
14 241
71 378
88 383
84 383
96 424
51 363
39 341
31 335
22 312
17 301
5 267
0 244
97 425
23 313
90 384
74 382
20 306
98 426
22 310
11 297
100 428
166 474
25 321
41 349
88 382
68 376
147 461
160 470
7 265
89 383
150 464
115 433
42 350
27 323
32 334
156 460
11 243
84 404
213 503
23 311
158 464
64 362
110 434
83 385
216 508
84 410
26 322
224 494
196 492
226 496
158 460
132 442
102 430
120 436
146 460
83 409
21 309
169 475
152 464
118 436
14 240
52 362
6 266
149 463
19 305
24 320
34 334
84 400
67 375
101 429
60 362
225 495
71 377
135 451
168 476
70 378
148 462
132 438
50 362
221 493
193 489
4 270
159 467
4 244
167 475
18 304
83 405
121 435
97 423
215 507
69 377
217 507
13 241
5 271
133 443
3 273
109 433
157 459
12 242
212 504
84 384
89 397
43 351
213 499
194 488
199 493
153 463
66 374
136 452
85 399
197 493
87 397
71 376
18 301
151 464
11 296
13 240
52 345
87 398
39 340
216 507
27 322
26 321
155 460
168 475
5 270
18 303
7 266
43 350
98 425
102 429
68 375
67 374
110 433
133 442
160 469
174 473
22 307
0 243
24 313
166 473
213 504
144 459
22 309
217 506
64 363
157 458
136 451
86 399
14 239
75 382
146 459
32 335
89 382
148 461
171 474
12 241
149 462
76 383
89 398
17 302
158 461
120 435
154 461
27 320
10 243
44 347
4 273
224 495
173 474
83 384
19 300
152 463
84 405
159 468
118 435
83 406
109 432
97 424
215 506
12 297
158 463
145 460
221 494
199 492
1 242
19 304
13 296
33 334
70 377
134 443
225 496
6 267
59 362
165 470
159 460
88 397
25 320
197 492
4 243
11 242
85 400
23 312
31 336
156 459
100 427
132 437
196 491
101 428
90 383
21 308
194 489
108 431
150 463
222 493
116 433
84 409
51 362
20 305
214 499
135 450
42 349
28 323
134 440
76 382
6 268
19 301
146 458
132 436
223 495
26 312
49 359
2 242
134 442
29 323
173 473
221 495
144 458
32 336
52 346
197 491
70 376
19 299
155 459
54 346
28 320
18 300
90 382
68 374
166 472
23 309
23 307
159 461
159 463
85 409
174 472
154 460
45 347
82 384
88 398
43 349
101 427
136 432
222 494
103 429
44 348
26 320
58 362
33 335
0 242
104 428
102 428
109 431
117 433
51 361
136 450
51 345
98 424
28 322
153 461
24 312
22 308
11 241
13 295
89 399
91 383
4 242
10 242
20 304
168 474
65 363
84 406
18 302
108 430
53 345
86 400
216 506
14 238
27 321
85 405
11 291
214 504
145 459
87 399
172 474
215 503
149 461
215 499
50 360
107 431
12 296
134 432
69 375
38 340
119 435
151 463
6 270
7 271
133 437
4 274
195 489
20 300
160 468
71 375
157 457
77 383
7 267
164 470
110 432
224 496
171 473
199 491
166 470
196 490
13 239
30 323
136 433
0 241
135 440
23 308
133 436
167 472
66 363
91 382
137 444
85 406
119 434
28 321
223 496
12 295
58 361
101 426
74 379
14 295
117 432
198 491
49 358
87 400
106 431
13 238
25 304
12 289
89 400
45 348
11 264
26 319
11 290
5 274
7 270
25 318
50 359
104 429
150 461
215 500
135 432
25 312
11 292
132 435
44 349
4 241
166 471
163 470
172 473
54 347
216 505
103 428
33 336
51 346
90 381
21 304
160 463
139 444
86 405
134 433
37 340
26 311
120 433
46 347
2 241
107 430
197 488
151 462
154 459
162 469
137 450
100 425
1 240
88 399
12 239
27 312
102 427
161 468
8 271
105 430
10 241
149 460
6 269
196 489
19 302
109 430
99 424
29 322
110 431
18 299
173 472
22 305
160 461
7 268
70 375
171 472
85 408
27 304
152 461
136 443
153 460
215 504
53 346
118 433
140 443
75 380
145 458
156 457
216 503
134 441
215 502
23 306
51 360
222 495
168 473
174 471
52 347
10 265
77 382
78 383
82 383
20 301
26 313
68 373
25 317
12 238
11 293
25 305
58 360
85 407
12 292
101 425
86 406
15 295
163 469
139 445
106 430
78 382
117 431
169 473
22 304
198 488
107 429
120 432
161 463
100 424
150 460
145 457
215 501
12 264
51 359
135 441
170 472
50 358
30 322
3 241
140 444
86 404
139 443
11 265
160 462
138 450
23 305
14 262
34 328
140 442
91 381
20 302
51 347
138 444
54 348
45 349
12 290
17 299
136 442
135 433
26 304
63 357
12 294
10 266
35 339
174 470
224 498
24 306
9 267
167 471
26 318
46 348
74 378
81 383
13 237
7 269
198 490
101 423
26 314
151 461
13 235
36 340
105 429
216 500
0 240
52 348
149 459
16 298
168 472
21 303
137 443
27 313
6 274
134 434
25 311
87 401
18 298
162 468
34 336
34 338
49 357
33 337
163 463
103 427
119 433
216 504
29 321
27 305
76 380
24 308
118 432
11 289
75 379
216 502
13 291
9 271
153 459
31 321
53 347
172 472
9 241
70 374
102 426
110 430
222 496
2 240
133 435
88 400
86 408
173 471
197 489
13 289
8 242
66 362
87 405
69 373
155 457
25 310
16 297
33 318
136 441
8 269
36 339
13 292
15 296
12 265
34 337
51 348
145 456
77 380
216 501
53 348
163 468
52 359
168 471
135 434
224 499
13 266
63 356
58 359
103 426
3 240
150 459
141 444
14 263
139 450
17 298
25 306
139 442
51 358
49 356
69 372
80 383
87 404
34 327
118 431
35 338
106 429
217 504
13 264
162 467
101 422
163 462
68 365
174 469
18 297
46 349
12 293
31 320
87 402
169 472
64 357
143 454
12 235
222 497
79 382
59 360
162 465
116 431
46 351
9 268
66 361
175 460
21 302
154 457
217 500
12 237
138 443
151 460
0 239
54 349
8 241
3 238
86 407
25 308
88 401
11 288
13 290
27 314
134 435
102 425
26 305
111 430
67 362
53 360
92 381
144 455
7 274
198 489
70 373
163 464
15 262
10 267
25 316
13 236
30 321
75 378
87 408
172 471
9 270
101 424
23 304
35 328
7 242
26 317
152 459
14 291
119 432
161 462
139 446
223 498
69 371
162 462
69 365
137 441
34 318
142 452
218 504
10 238
8 274
47 351
175 461
36 328
88 402
14 264
27 315
59 359
64 356
66 360
105 427
152 458
110 426
169 471
32 324
119 431
68 366
106 428
9 269
140 446
218 500
46 350
140 450
50 356
26 308
217 501
101 421
151 459
25 309
14 290
87 407
10 270
153 457
100 422
13 293
135 435
172 470
32 318
174 468
15 263
30 320
116 430
162 466
22 302
11 237
68 370
54 360
81 381
109 427
3 237
111 429
53 359
11 287
52 358
75 377
222 498
164 468
23 303
144 454
78 380
143 453
118 430
31 319
67 361
65 355
3 239
51 349
12 266
8 240
12 236
115 431
102 424
70 372
53 349
138 442
145 455
223 499
15 291
141 445
163 467
11 267
7 241
163 465
35 337
80 382
34 326
26 306
103 425
65 359
0 238
13 265
176 460
29 319
88 404
36 338
26 316
174 462
92 380
16 296
68 364
65 357
54 350
17 297
51 357
199 489
16 290
25 307
142 451
162 461
31 318
70 371
111 428
4 239
176 461
138 441
202 487
30 319
103 424
10 237
76 377
37 338
163 466
69 370
59 358
88 407
174 463
26 307
143 452
70 365
165 468
222 499
175 462
200 489
3 236
171 470
35 326
22 301
51 350
98 417
14 265
140 447
218 503
88 403
27 316
36 327
54 359
32 323
69 364
75 376
50 351
11 236
2 237
65 356
89 404
105 426
27 308
23 302
53 350
141 450
99 416
141 446
51 356
112 429
81 380
152 457
33 324
52 357
9 238
67 360
66 355
69 366
220 499
49 352
10 269
17 264
92 379
15 292
14 293
106 427
104 425
173 468
68 369
115 430
12 267
53 358
80 381
10 235
65 358
15 290
11 286
16 291
145 454
110 427
169 470
47 350
79 380
100 421
116 429
12 287
1 238
109 426
218 501
68 361
7 240
15 264
151 458
36 337
66 359
8 239
29 318
60 359
0 237
26 309
17 296
119 430
153 456
9 274
34 325
193 486
135 436
34 319
101 420
113 430
219 504
50 355
11 270
50 350
90 404
112 428
34 320
9 237
75 361
9 275
73 373
219 501
66 358
88 376
5 239
162 460
11 283
103 423
117 429
97 417
52 350
100 416
2 236
70 370
203 487
89 405
17 295
71 363
142 450
174 466
111 427
165 467
23 301
200 488
68 360
75 375
115 429
38 338
70 366
15 289
141 449
104 424
100 420
121 431
61 357
66 356
106 426
170 470
1 237
219 503
146 454
168 468
120 430
194 486
30 308
67 355
15 265
138 440
30 318
135 437
69 367
71 365
99 419
16 264
164 466
12 270
48 350
12 286
27 309
219 505
88 406
89 403
69 369
151 457
172 468
17 291
11 269
54 358
195 487
98 418
51 355
78 378
152 456
37 337
16 294
90 378
79 379
12 268
52 356
8 238
15 293
136 436
11 285
220 500
88 374
51 351
114 430
145 453
33 323
76 376
60 358
175 463
29 317
116 428
92 378
55 359
99 417
32 322
36 326
34 324
109 425
17 265
113 429
70 364
35 325
28 308
77 377
28 316
89 377
144 452
9 235
105 425
50 352
73 371
201 487
93 411
221 499
193 485
10 236
141 447
220 504
173 467
3 235
80 380
78 376
218 502
177 461
7 239
27 307
49 351
16 292
16 265
169 468
34 321
138 439
48 349
72 371
94 411
150 457
29 316
16 293
100 419
89 406
68 359
52 351
78 377
170 469
221 500
15 266
203 486
174 465
36 325
163 460
0 235
28 309
9 236
8 237
33 322
13 268
173 466
165 466
74 373
101 416
70 369
5 238
108 425
17 294
106 425
8 235
18 291
1 214
75 374
61 356
122 431
6 239
27 310
104 423
147 454
60 355
220 505
69 360
197 486
219 502
97 416
220 501
60 357
89 376
142 449
201 486
37 336
67 356
7 238
195 486
99 418
146 453
137 438
152 455
67 358
17 266
43 326
107 424
38 337
9 278
71 362
221 504
53 356
144 451
70 361
80 379
55 358
49 350
51 354
143 450
77 376
91 378
76 375
1 236
176 463
93 410
196 487
13 286
193 484
75 362
17 292
70 367
35 324
73 372
171 468
172 467
200 487
51 352
194 485
112 427
90 377
30 317
141 448
52 355
175 466
74 361
50 353
29 308
136 437
117 428
121 430
89 374
72 363
90 403
88 375
145 452
30 307
168 467
24 301
2 235
220 503
69 368
79 378
25 302
9 276
12 283
12 285
114 429
12 269
177 462
34 323
71 364
15 288
19 290
28 307
120 429
3 234
11 284
10 276
177 463
138 438
137 437
17 267
106 424
145 451
34 322
30 316
146 450
28 302
94 410
10 278
31 307
90 376
91 403
172 466
72 364
220 506
72 370
76 374
75 363
221 503
93 409
2 214
56 358
108 424
51 353
74 362
29 311
80 378
120 428
152 454
15 287
225 509
201 485
71 367
71 369
169 467
19 291
18 292
70 368
21 289
59 355
194 484
123 431
114 428
176 464
35 323
70 360
17 293
6 238
200 486
13 283
9 277
121 429
150 456
28 310
14 268
23 289
122 430
53 355
196 486
91 377
101 417
0 234
90 406
100 418
191 481
0 228
166 466
204 486
89 375
49 349
105 423
175 465
221 507
38 324
13 269
220 502
77 375
38 336
26 302
16 266
170 468
2 234
147 453
36 324
29 309
193 483
107 423
1 235
221 501
12 284
72 362
7 237
94 412
73 363
113 427
92 408
144 450
29 307
52 354
74 372
222 504
79 377
75 373
25 301
8 236
43 325
142 448
118 428
199 487
198 486
67 357
28 306
74 360
143 449
204 478
97 415
69 359
16 288
1 215
18 290
60 356
37 335
43 327
13 285
164 460
71 361
52 352
0 216
204 485
16 287
36 323
18 289
0 217
0 233
16 285
151 454
142 433
121 428
199 486
0 227
194 483
226 511
221 506
76 373
30 315
17 288
150 455
68 357
2 215
196 485
92 401
138 437
1 216
15 286
1 228
122 429
73 364
72 361
29 306
39 336
29 302
92 407
165 460
101 418
38 323
70 359
147 452
224 509
124 429
97 414
30 311
72 369
7 236
77 374
13 284
69 358
75 372
23 290
143 448
170 467
16 267
91 406
91 402
95 410
144 449
37 334
14 269
44 327
95 412
225 510
106 423
225 508
114 427
205 486
71 368
18 293
10 277
21 290
222 507
166 465
22 289
26 301
139 438
223 504
193 482
207 482
164 461
91 376
195 484
15 268
191 480
118 427
145 450
6 237
190 479
56 357
176 465
171 466
35 322
28 301
59 356
90 375
1 234
107 422
38 333
177 464
29 310
74 363
205 478
113 426
192 481
54 355
31 316
20 291
80 377
32 307
221 502
146 451
204 479
222 501
93 408
123 430
73 360
37 324
14 285
49 348
52 353
108 423
43 324
200 485
140 438
226 510
140 436
170 466
70 358
167 465
16 286
108 422
16 268
199 485
139 437
14 270
98 414
91 375
102 418
195 483
205 479
205 481
57 357
36 322
190 478
91 401
124 430
80 376
12 276
206 484
37 323
142 434
222 502
122 428
38 332
113 425
141 435
149 453
91 405
143 433
226 508
6 236
30 310
177 465
147 451
150 454
1 233
224 508
223 507
96 412
227 511
3 215
56 356
204 484
144 448
17 285
22 290
54 354
76 372
95 409
44 324
205 485
19 293
222 506
22 298
193 481
44 328
166 464
207 483
206 482
72 360
27 297
178 464
125 429
58 356
2 216
73 369
191 479
31 315
224 504
1 227
178 466
53 353
223 505
93 401
27 301
145 449
0 226
31 311
92 402
73 359
106 422
77 373
20 294
17 287
74 364
32 308
94 408
21 291
49 347
18 288
114 426
151 453
204 480
29 303
39 323
69 357
14 284
29 305
40 336
11 277
165 461
11 275
73 365
39 335
71 359
72 368
92 406
196 484
38 334
148 452
0 218
1 219
118 426
74 365
41 336
57 356
39 334
27 298
1 232
44 323
20 295
122 427
20 293
23 298
225 504
2 217
91 374
39 332
22 263
93 402
227 510
196 483
223 506
71 358
178 465
44 329
22 297
197 484
69 356
32 315
70 357
96 409
106 421
199 484
142 435
166 463
15 284
141 436
113 424
28 297
224 507
191 478
54 353
12 277
0 219
149 452
0 21
108 421
190 471
21 292
168 465
97 412
207 484
165 462
16 269
227 508
22 291
1 218
205 480
150 453
48 347
91 400
81 376
206 485
117 426
205 482
0 225
12 273
30 303
125 430
13 276
114 425
11 274
42 337
77 372
72 359
148 451
24 261
206 481
118 425
103 418
73 358
192 479
4 215
73 368
1 226
92 375
31 310
39 322
157 454
70 347
204 483
78 371
223 502
71 346
6 235
43 322
92 405
193 480
170 465
143 434
145 448
56 355
30 305
19 264
140 437
31 314
15 270
179 466
98 413
18 287
55 354
40 335
17 286
33 308
37 322
141 438
27 300
94 407
3 216
12 275
93 405
72 358
191 477
148 450
4 226
126 430
15 283
104 418
40 334
91 399
31 305
0 220
115 425
1 225
48 346
96 408
21 295
150 452
1 21
206 480
193 479
146 446
78 372
197 483
71 357
228 510
71 347
37 321
79 371
73 367
227 509
6 234
190 470
157 453
22 292
29 297
232 510
19 265
117 425
208 484
17 269
168 464
179 465
16 270
36 320
116 426
99 413
57 355
113 419
141 437
30 304
106 420
204 482
20 264
81 375
14 276
169 465
44 322
92 404
45 315
55 353
114 424
199 483
69 355
13 275
109 421
92 374
2 230
12 278
224 506
43 329
32 310
23 297
0 22
198 484
21 263
56 354
196 482
180 462
75 365
42 336
93 403
166 462
24 260
70 348
22 296
95 407
23 261
108 420
43 337
27 299
2 218
97 411
21 293
143 435
70 356
72 346
41 335
39 321
33 309
142 436
224 502
182 468
12 274
190 472
33 311
22 262
112 420
40 332
44 330
1 231
18 286
4 216
158 454
32 314
0 224
13 273
191 471
28 298
225 505
207 485
43 321
145 447
123 427
82 376
231 511
3 218
150 451
24 297
230 511
116 425
225 506
18 269
191 472
167 462
99 412
145 446
23 260
192 471
4 217
191 476
143 436
73 346
69 354
74 367
182 467
22 295
91 398
21 264
2 225
0 221
94 405
14 273
94 403
72 357
94 399
203 482
40 333
42 331
28 299
3 232
93 404
226 505
70 355
23 296
43 330
113 418
38 321
127 430
95 398
71 356
224 501
22 261
3 230
172 461
69 348
108 419
80 373
180 465
117 424
1 22
207 486
43 336
44 315
6 233
228 509
96 407
2 231
198 483
57 354
181 462
32 313
148 449
207 480
107 420
13 278
0 23
33 310
190 469
189 468
14 281
142 437
157 452
48 345
197 482
158 453
98 409
209 484
4 225
16 283
92 399
0 223
147 446
98 411
158 455
232 509
13 274
29 298
82 375
75 366
55 352
192 477
169 464
195 480
231 510
208 481
79 372
124 427
32 305
45 316
34 311
22 293
149 450
42 335
31 304
19 286
67 352
193 478
112 419
36 319
95 406
13 280
183 468
20 265
208 485
180 463
72 347
109 420
15 282
44 321
83 376
3 226
43 320
17 270
104 417
106 419
159 456
93 374
5 234
2 21
194 479
190 465
184 467
168 463
114 423
111 420
76 369
14 275
37 320
192 476
2 224
0 24
197 481
1 223
96 406
70 354
66 352
226 506
190 466
209 485
3 225
93 399
150 450
42 334
20 286
211 483
229 509
230 510
208 480
191 465
143 443
191 469
14 274
195 479
149 449
2 22
75 367
231 509
44 320
42 320
208 486
92 398
23 295
99 411
13 279
33 313
95 405
98 408
96 398
37 319
44 336
38 320
180 464
73 347
107 419
0 222
22 260
128 430
105 417
72 356
67 351
83 375
2 24
203 481
189 467
97 407
183 467
115 423
192 472
225 501
98 410
68 348
191 475
56 352
45 317
34 310
34 302
23 293
192 470
124 426
29 299
33 305
143 437
113 417
141 429
32 304
106 418
1 221
17 271
112 418
111 419
160 452
182 466
198 482
72 348
159 453
144 444
145 445
76 368
5 233
17 283
19 269
5 219
193 471
156 452
57 353
181 463
157 451
21 265
2 20
102 408
126 428
184 466
77 369
93 373
148 446
48 344
4 224
209 481
80 372
15 273
42 332
196 480
15 281
110 420
14 280
99 409
148 448
212 482
169 463
171 461
68 350
94 404
3 219
193 477
4 232
71 355
41 333
44 316
190 468
24 296
3 231
160 456
116 424
210 484
2 220
35 311
109 419
5 217
69 353
81 373
43 331
168 462
94 398
159 455
172 460
27 281
93 372
5 218
159 452
68 349
182 465
73 348
160 451
155 450
150 449
149 448
4 231
160 453
17 282
81 372
72 355
210 481
161 452
43 332
24 293
144 443
125 426
78 369
114 421
190 467
227 506
20 269
229 508
38 319
96 405
22 259
1 24
82 373
22 265
37 318
15 274
126 427
3 224
28 281
111 418
2 23
24 295
99 410
71 354
181 464
227 504
196 479
41 320
76 367
212 483
100 409
15 280
192 465
46 321
156 451
83 374
44 335
4 219
230 509
140 429
35 306
45 320
28 285
3 22
27 282
72 349
35 310
67 350
195 478
192 475
33 284
66 351
5 232
127 426
16 273
144 441
197 478
43 316
2 221
116 423
144 437
139 428
21 286
146 431
44 317
96 399
100 411
33 304
182 463
92 397
101 408
208 479
48 343
145 430
210 485
84 375
95 400
22 257
99 408
3 24
127 428
23 294
70 353
148 447
3 220
46 317
198 481
0 25
225 500
14 279
194 477
149 446
93 398
129 430
197 480
112 417
192 469
211 482
20 267
193 476
33 302
170 461
141 428
18 283
145 444
209 480
209 486
18 271
29 300
117 422
143 442
231 508
32 303
97 406
49 344
57 352
102 407
115 422
47 318
171 460
1 222
98 407
3 20
106 417
3 18
27 284
34 313
42 333
193 472
34 301
107 418
110 419
95 404
193 470
183 466
25 296
169 462
160 455
202 481
191 466
18 272
2 222
145 443
93 371
150 448
155 449
193 473
33 283
95 401
82 372
48 318
33 301
79 369
4 24
193 469
26 296
48 316
128 426
4 220
170 460
24 286
20 268
228 504
43 317
102 406
195 463
140 428
57 351
1 25
3 23
58 352
80 370
30 300
50 344
100 410
34 284
101 407
194 464
28 284
210 480
28 282
44 334
101 411
229 507
111 417
18 282
39 319
27 283
41 319
81 371
66 350
21 267
49 341
92 372
91 393
49 343
84 374
191 467
196 478
202 480
15 279
101 409
38 318
25 295
4 18
6 218
72 354
3 19
169 461
227 503
194 476
146 444
144 428
73 349
144 442
194 472
159 451
96 404
110 418
114 420
145 431
144 438
146 430
93 397
214 482
35 309
161 455
126 426
47 317
149 447
117 421
47 321
197 479
226 500
35 305
161 453
230 508
160 454
67 349
3 223
139 427
156 450
198 480
151 449
211 481
22 258
5 231
100 408
32 302
107 417
71 353
34 304
98 406
130 430
24 294
208 478
19 283
97 405
192 468
227 499
198 478
21 269
228 506
5 15
77 367
128 428
35 313
27 285
182 464
96 400
210 486
145 441
92 396
29 285
209 479
4 22
26 284
36 306
183 465
16 274
22 266
23 257
212 484
43 333
46 320
22 286
116 422
192 474
115 421
192 466
91 395
159 450
23 266
77 366
194 463
18 281
139 426
25 294
98 405
129 428
130 429
194 473
213 480
50 341
36 313
195 476
150 447
6 15
169 460
7 218
95 402
32 281
41 318
5 230
49 342
227 502
0 27
195 464
35 308
101 410
24 285
145 428
22 269
36 305
39 318
230 507
228 503
100 407
26 295
227 500
50 343
1 26
198 479
183 464
57 350
42 317
33 282
202 479
34 283
145 440
154 447
91 394
228 499
126 425
156 449
58 351
23 258
4 23
4 221
92 395
140 427
92 371
116 421
18 273
28 283
110 417
101 406
27 286
35 304
211 480
147 444
146 429
23 286
192 467
82 371
193 464
32 301
36 307
3 222
72 353
80 369
31 300
92 369
115 420
37 306
214 483
196 477
161 454
66 349
107 416
4 19
17 274
25 286
29 284
92 393
93 396
99 406
145 432
194 465
210 487
144 427
19 282
152 449
213 484
44 333
74 349
15 278
49 316
21 268
210 479
145 442
193 474
144 439
3 2
25 284
209 478
153 448
5 16
229 506
47 320
26 285
78 367
36 309
5 22
129 426
194 469
228 505
81 370
215 482
22 267
48 317
5 18
93 370
84 373
97 404
96 401
65 350
211 486
96 403
23 267
228 500
37 305
126 424
91 369
97 403
27 293
5 23
75 349
212 480
73 353
147 443
45 333
36 312
153 447
107 415
146 428
215 481
194 474
25 289
36 304
26 266
5 229
80 368
213 479
162 454
135 429
196 476
194 466
41 317
22 268
19 273
145 439
3 3
140 426
147 441
5 19
24 284
193 467
31 281
5 221
4 2
109 417
17 275
82 370
74 350
146 424
0 6
146 442
7 23
39 317
201 479
155 447
100 406
6 16
93 395
59 351
115 419
92 370
27 295
81 369
31 299
214 484
116 420
21 283
18 280
211 487
194 468
49 317
16 278
30 282
212 486
228 502
48 320
8 218
99 405
154 446
145 427
4 222
210 478
2 26
37 307
96 402
24 266
19 281
36 308
29 283
130 428
193 463
199 479
158 450
6 22
23 285
139 425
25 283
78 366
91 371
6 18
151 447
7 219
130 426
196 464
26 286
102 410
129 427
32 300
1 27
216 480
79 367
146 440
24 258
26 294
95 395
157 449
195 465
32 282
65 349
145 433
50 342
38 306
230 506
58 350
85 373
138 426
34 282
50 316
152 448
184 464
61 317
169 459
147 429
5 1
195 475
0 28
229 505
26 292
92 394
13 0
28 293
103 410
22 283
157 448
1 6
152 447
107 414
215 484
6 23
17 278
90 371
27 294
5 20
80 367
79 366
25 258
146 425
3 4
141 426
6 1
32 299
19 280
231 506
38 305
64 349
137 426
146 439
26 287
26 289
147 442
83 370
31 282
184 463
229 502
131 428
135 428
27 292
23 268
95 394
82 369
50 317
75 350
6 17
229 500
163 454
136 427
134 429
194 467
169 458
24 283
2 27
182 461
37 304
7 24
213 478
195 466
217 480
195 474
60 317
104 407
197 476
158 449
1 28
140 425
26 291
5 222
40 317
99 404
155 446
85 372
89 390
130 427
25 282
108 415
230 505
216 481
51 342
7 22
45 332
181 460
35 282
37 308
100 405
39 316
5 228
150 445
116 419
4 3
211 478
20 273
38 307
153 446
21 272
213 486
37 312
74 353
146 427
30 283
61 318
97 402
59 320
25 288
183 462
196 475
7 18
28 295
0 7
149 428
125 422
180 459
212 479
81 368
147 440
132 429
21 282
49 320
63 350
146 433
147 428
26 267
212 487
8 219
18 279
5 2
145 424
94 395
39 306
200 479
18 275
149 444
2 9
60 351
127 424
228 501
109 416
196 465
23 284
59 350
91 370
154 445
1 8
25 266
7 16
192 463
93 394
149 427
88 372
32 298
26 258
108 414
98 402
148 440
76 350
3 9
82 368
84 368
18 278
60 350
89 389
124 422
3 5
46 332
149 439
133 429
28 294
26 268
37 303
201 477
6 24
212 478
39 307
6 228
7 1
24 282
135 427
147 435
5 25
4 4
232 504
106 412
8 22
184 462
147 433
9 219
90 390
137 425
103 409
21 273
105 407
125 421
61 319
33 299
75 353
181 459
13 1
49 319
230 502
100 404
148 428
59 317
195 467
146 438
200 478
94 394
134 428
1 29
127 423
148 442
6 2
109 415
12 0
38 312
52 342
213 487
36 282
61 351
155 445
170 458
50 318
158 448
199 477
38 308
229 501
51 317
211 477
154 444
169 457
26 288
197 475
7 17
62 350
39 315
5 3
180 460
31 283
152 446
198 476
25 257
2 8
146 434
209 475
25 267
21 281
10 0
60 318
14 2
5 223
182 460
85 371
151 409
131 427
163 453
117 419
28 292
149 443
196 474
217 481
150 444
231 503
183 461
24 268
6 20
104 408
215 485
22 282
141 425
6 222
27 291
19 275
185 463
5 11
151 411
86 372
164 454
196 466
232 506
147 439
231 505
80 366
1 7
128 424
40 316
146 426
191 463
59 319
8 16
136 426
151 445
3 27
38 304
20 280
90 370
22 272
158 446
23 283
121 421
81 367
99 403
214 488
132 428
83 369
197 465
63 349
210 476
144 424
192 462
4 26
60 320
232 505
214 487
80 365
157 446
76 351
151 410
85 370
49 332
126 421
152 409
148 439
76 353
99 402
107 412
98 401
126 419
209 474
77 350
37 282
22 273
33 298
211 476
135 426
105 408
53 342
61 350
23 282
233 504
25 268
202 475
4 9
152 445
185 462
161 450
20 275
163 452
155 444
3 28
137 424
61 320
6 25
2 7
232 503
84 369
199 476
100 403
123 422
2 29
150 443
230 501
159 446
148 427
19 278
31 284
51 318
7 228
18 277
58 317
234 503
42 315
196 473
150 411
231 502
27 288
38 311
87 372
197 466
212 477
38 283
91 390
5 10
121 420
8 17
50 319
124 421
10 219
106 411
5 4
12 1
28 287
28 291
181 458
104 409
201 476
46 331
133 428
94 393
159 444
184 461
90 389
13 2
9 22
40 307
143 424
9 220
4 27
179 460
81 366
210 471
164 453
7 20
127 422
6 223
200 477
3 6
197 474
160 449
136 425
5 26
148 433
235 502
11 0
117 418
122 421
149 440
83 368
147 434
105 410
14 3
89 370
21 280
7 2
215 486
6 11
8 1
215 488
51 320
118 419
156 445
92 391
192 461
147 438
86 371
26 257
109 414
88 371
141 424
9 0
40 315
190 463
147 426
101 404
218 481
147 436
182 459
132 427
210 475
75 354
125 420
29 294
38 303
47 332
158 447
93 392
158 445
6 227
170 457
149 442
59 318
39 308
128 423
196 467
134 427
63 348
191 462
208 475
178 460
11 219
29 287
108 412
196 468
21 279
233 503
31 285
196 472
80 364
49 335
38 310
149 441
4 6
23 273
192 460
152 410
142 424
76 354
20 276
30 286
160 448
186 462
92 390
160 444
9 1
218 482
29 291
40 314
149 433
94 392
86 370
231 501
235 503
8 2
101 403
91 389
19 277
39 303
161 449
37 283
7 227
150 442
85 369
9 221
42 314
235 501
7 11
5 5
129 423
62 320
23 281
54 342
13 3
133 427
41 315
67 347
163 449
11 1
27 257
152 444
7 229
150 440
75 355
134 426
191 459
77 351
198 466
170 456
5 27
164 452
200 476
83 367
93 391
3 7
32 262
123 421
121 419
196 470
148 438
127 421
190 462
198 474
10 22
171 457
128 422
162 450
30 294
25 269
48 332
28 290
99 401
209 471
202 474
36 300
62 348
141 423
82 366
41 303
106 408
100 402
7 223
3 29
201 475
58 318
159 447
159 445
211 471
181 457
6 10
148 436
49 333
28 288
212 476
163 451
233 505
88 370
211 475
47 331
40 308
150 412
51 319
125 419
143 423
215 487
191 461
148 434
182 458
52 320
38 284
208 474
165 453
10 222
34 298
126 418
148 426
105 409
210 472
10 220
9 17
21 275
185 461
109 413
151 443
118 418
5 9
8 20
6 26
87 371
155 443
136 424
61 349
106 410
96 392
24 270
119 419
157 445
8 179
97 392
186 461
149 434
83 366
234 505
125 418
23 274
8 11
106 409
8 229
148 415
131 424
10 23
161 444
6 5
8 19
150 413
40 313
9 20
8 3
190 459
198 473
234 507
202 473
124 419
9 222
163 448
142 423
160 447
187 462
11 22
100 401
40 309
75 356
150 441
31 286
212 475
197 472
30 287
6 27
23 280
236 509
208 473
122 419
49 334
10 223
129 422
163 450
7 226
57 318
48 331
94 391
51 336
233 502
7 224
22 275
198 467
29 290
63 320
55 342
9 228
37 284
148 437
181 456
41 314
8 223
108 411
47 330
22 279
156 443
4 7
189 462
92 389
133 426
32 263
211 474
95 392
5 28
4 29
170 455
40 303
33 262
123 420
153 410
232 501
41 302
88 369
86 369
196 471
200 475
211 472
165 452
178 459
96 393
135 424
42 303
121 418
197 468
197 470
209 472
128 421
235 500
28 289
8 25
37 300
25 274
24 273
183 458
9 2
11 2
216 487
217 486
12 3
53 320
219 482
9 230
191 460
78 351
31 294
148 425
81 364
218 483
160 445
82 365
199 474
87 370
152 443
162 449
171 456
164 449
151 442
21 276
67 346
38 285
52 319
56 319
39 310
157 444
8 227
25 270
235 504
5 6
149 414
28 257
107 410
119 418
11 220
109 412
180 457
93 390
36 299
9 18
76 355
35 298
50 335
61 348
66 347
55 320
101 402
99 400
20 277
143 422
166 453
24 271
7 10
5 8
132 425
56 318
40 310
63 319
10 20
40 302
26 274
124 418
130 422
11 3
100 400
52 336
149 435
6 28
8 226
148 416
48 330
149 413
197 469
237 509
110 412
166 452
9 3
11 21
8 26
149 415
0 180
93 389
55 319
8 224
200 474
56 342
9 227
9 229
87 369
133 425
33 263
21 277
53 319
8 10
10 230
66 346
5 29
186 460
187 461
201 473
151 441
156 442
29 289
164 450
190 460
128 420
7 5
5 7
154 410
76 356
94 390
236 504
36 298
11 23
145 411
132 424
3 35
161 447
220 482
32 286
34 262
246 510
6 8
180 456
199 467
121 417
30 288
198 472
61 347
182 456
236 508
120 418
82 364
149 437
97 393
95 391
23 279
234 506
11 221
161 445
12 22
9 11
178 458
67 345
9 223
165 451
142 422
24 272
4 30
22 276
41 313
37 285
129 421
107 409
51 335
197 471
162 448
24 280
7 225
6 6
234 500
131 423
157 443
78 352
50 334
25 271
189 461
207 473
77 355
32 294
148 424
233 501
42 302
235 505
62 346
177 459
198 470
26 280
217 487
183 457
218 486
37 299
243 511
25 273
9 19
232 500
155 411
36 284
86 368
212 472
55 321
28 256
212 474
123 419
171 455
143 421
134 424
83 365
23 275
6 180
7 179
152 442
93 387
235 507
31 287
185 459
92 388
109 411
22 278
9 13
219 483
9 25
111 413
8 178
208 472
101 401
65 346
42 301
6 181
150 415
207 472
26 279
95 390
41 312
153 412
219 486
97 396
162 445
8 27
29 256
48 329
10 19
40 311
78 353
9 4
51 334
101 400
6 7
189 460
148 413
53 336
129 420
55 322
198 469
113 414
142 421
232 499
29 268
147 412
111 412
108 409
187 460
12 21
9 224
166 451
83 364
23 276
82 363
145 412
4 181
221 482
33 264
132 423
220 483
123 418
66 345
110 411
10 229
77 356
234 499
198 471
246 509
130 421
177 458
32 293
62 345
32 287
10 13
36 297
154 411
162 447
37 286
97 394
79 352
33 286
213 474
180 455
40 301
0 49
146 411
11 24
57 344
7 176
150 437
153 442
5 30
25 280
11 4
7 28
219 484
150 435
243 510
11 14
9 226
93 388
8 5
0 37
54 319
149 416
55 318
98 393
212 473
24 279
10 3
218 487
112 413
120 417
157 442
220 485
34 263
186 459
9 26
86 367
200 473
155 412
9 12
61 346
236 507
233 500
31 288
199 468
4 35
206 473
52 335
201 472
133 424
6 179
1 180
12 23
78 355
56 343
165 450
84 365
10 25
7 178
114 415
7 6
171 454
245 510
7 8
53 318
7 30
63 318
161 446
183 456
87 368
152 441
244 511
25 272
0 179
124 417
8 225
214 475
8 9
36 285
134 423
148 423
235 506
4 31
3 36
236 505
178 457
100 399
102 401
30 289
22 277
13 22
26 273
5 180
94 387
37 298
12 221
35 262
237 508
158 443
94 389
10 11
238 509
33 294
185 458
156 440
60 346
94 388
31 289
83 363
67 313
13 23
244 510
199 469
12 24
183 455
13 21
150 438
158 442
100 398
245 509
11 25
14 22
30 268
65 345
131 421
179 455
150 436
11 19
162 446
186 458
115 409
66 344
49 329
215 475
10 14
13 221
61 345
205 473
95 389
110 410
237 507
64 318
3 37
214 474
2 180
84 364
0 38
36 296
11 229
239 509
123 417
221 485
220 484
166 450
9 225
28 254
53 335
7 7
24 278
8 8
98 396
4 36
8 6
4 180
63 345
97 389
28 270
37 297
200 468
64 346
29 269
99 393
7 177
148 420
25 279
5 31
35 285
150 416
27 273
141 421
8 28
187 459
171 453
140 420
26 272
54 336
1 37
87 367
101 399
155 441
97 395
55 323
112 412
79 355
7 31
42 300
33 293
222 482
238 508
3 181
79 353
12 20
6 176
114 414
221 483
96 390
130 420
9 27
113 413
10 4
115 415
36 262
9 5
151 435
10 26
54 318
83 361
133 423
33 287
30 256
53 323
114 410
32 256
109 409
37 287
236 506
178 456
213 473
242 510
55 317
199 471
102 400
154 442
120 416
153 441
6 178
11 13
153 413
21 21
177 457
0 48
151 415
58 344
113 411
1 179
172 454
29 255
35 263
7 29
233 499
206 472
0 168
188 460
200 472
7 181
11 5
237 505
0 178
40 300
41 311
157 441
147 413
57 343
66 318
3 49
103 401
51 333
10 12
146 412
78 356
219 487
34 286
23 277
34 264
154 412
67 315
1 49
148 422
37 262
83 360
34 287
41 300
29 254
85 364
1 38
32 291
95 388
174 455
79 356
114 411
1 182
97 390
32 289
187 458
163 446
2 49
148 419
223 482
242 509
218 473
88 367
36 263
67 316
1 168
155 440
12 25
200 471
103 400
65 344
214 473
101 398
8 181
0 169
113 410
215 474
84 361
34 293
25 276
115 408
220 487
5 36
33 292
55 324
98 391
67 314
147 414
35 286
10 27
86 365
42 311
151 438
4 49
11 26
98 395
237 506
184 455
58 343
239 508
59 344
36 295
9 28
233 498
66 313
24 277
42 299
38 297
188 459
36 287
38 261
20 21
172 453
11 6
153 440
1 48
1 178
151 416
3 180
2 51
28 253
221 484
200 469
205 472
2 179
8 29
33 256
154 441
140 419
53 334
159 442
39 260
115 410
79 354
150 417
12 19
66 317
4 37
204 473
53 324
120 415
35 264
10 5
100 393
244 509
33 288
133 422
13 20
241 510
25 278
52 333
96 389
12 13
3 182
29 270
112 411
177 456
9 6
49 328
114 413
99 396
51 332
8 7
84 363
10 15
54 335
167 450
54 323
32 255
60 345
206 471
149 418
81 352
27 272
115 414
151 436
6 31
11 12
30 255
156 439
87 366
50 329
6 177
65 318
132 421
54 317
240 509
0 47
131 420
2 37
178 455
158 441
64 345
110 409
11 228
28 271
146 413
154 413
5 178
152 435
160 441
123 416
173 454
15 22
13 222
141 420
10 225
21 22
148 421
30 269
37 296
13 24
154 440
55 335
30 272
133 421
36 260
11 27
149 421
102 398
88 366
20 22
168 450
140 418
80 356
101 397
215 473
151 417
146 414
65 313
241 509
5 177
1 183
103 399
86 364
164 446
28 252
37 295
172 452
34 292
152 416
1 51
13 19
6 32
21 23
82 352
152 436
39 263
3 51
53 333
2 38
85 361
10 16
223 483
116 414
80 354
113 409
221 487
114 408
12 12
8 182
114 412
64 344
98 390
9 29
122 416
2 48
60 344
160 440
159 441
65 317
112 410
87 365
200 470
59 343
38 296
222 484
9 181
99 391
100 392
35 287
4 50
36 264
184 454
239 507
150 418
99 395
96 388
121 415
115 411
83 359
188 458
153 439
0 170
50 328
9 7
110 408
3 179
2 168
158 440
41 299
111 409
103 397
54 324
141 419
132 420
2 182
1 47
5 37
19 21
33 291
30 270
66 316
32 290
244 508
85 363
15 23
81 353
1 177
33 257
38 262
25 277
217 473
65 343
38 260
42 310
51 331
29 271
39 261
11 227
13 25
187 457
11 225
233 497
235 497
131 419
14 24
238 506
236 496
26 276
218 472
201 469
204 472
154 414
34 288
29 253
13 223
4 178
31 255
86 360
205 471
42 298
177 455
206 470
1 169
174 454
28 272
66 314
54 316
155 439
175 455
10 6
149 419
166 448
152 438
9 182
201 470
0 171
11 226
81 354
168 449
12 225
1 52
236 495
169 450
96 387
81 356
215 472
2 39
188 457
35 288
133 420
86 363
65 316
86 359
91 366
64 343
3 178
101 392
205 470
0 173
6 33
60 343
13 26
115 412
27 278
54 325
114 407
223 484
145 414
143 418
41 298
40 263
0 51
185 454
113 408
54 333
241 508
36 259
116 413
43 310
13 18
235 496
65 314
38 295
10 29
9 30
234 497
27 276
174 453
6 37
37 260
152 437
15 18
235 498
55 334
84 359
85 360
112 409
14 27
28 251
131 416
31 254
39 262
222 487
2 183
237 496
173 452
2 169
29 272
184 453
64 313
12 11
42 309
100 391
38 263
218 471
0 133
33 290
87 364
35 292
1 176
36 257
83 358
52 331
239 506
82 353
185 452
131 418
141 418
217 472
31 272
29 252
3 158
15 24
204 471
159 440
244 507
111 408
34 289
243 508
175 454
152 417
166 447
16 23
167 448
103 398
30 271
216 473
154 439
1 170
1 184
2 47
150 421
177 454
99 390
37 294
4 177
122 415
11 16
21 24
100 395
34 257
101 396
14 223
10 7
189 458
240 507
12 27
50 327
2 177
54 315
236 497
30 253
19 22
88 365
26 277
destination
