map
random512-10-1.map
pivot
417 143
agent & start
2 511
2 510
1 509
3 511
0 508
3 510
1 508
0 507
2 509
4 511
2 508
4 510
0 506
1 507
3 509
5 511
6 511
4 509
5 510
2 507
0 505
3 508
1 506
3 507
1 505
2 506
4 508
7 511
5 509
0 504
4 507
8 511
2 505
1 504
0 503
7 510
5 508
0 502
3 505
2 504
9 511
7 509
6 508
1 503
5 507
4 506
1 502
10 511
9 510
0 501
3 504
7 508
2 503
4 505
5 506
6 507
9 509
5 505
4 504
11 511
2 502
10 510
3 503
1 501
6 506
8 508
1 500
12 511
9 508
3 502
4 503
7 506
10 509
2 501
8 507
5 504
11 510
6 505
4 502
9 507
12 510
13 511
11 509
7 505
10 508
3 501
5 503
2 500
1 499
6 504
8 506
9 506
4 501
13 510
14 511
0 497
5 502
12 509
7 504
1 498
destination
