map
random512-30-5.map
pivot
124 180
agent & start
497 501
494 504
509 489
506 484
496 502
500 500
501 499
495 503
504 494
506 486
491 505
492 506
502 498
493 505
511 489
504 496
508 488
505 485
492 505
497 500
495 502
500 499
509 488
511 488
508 487
494 499
507 484
507 486
494 503
506 485
504 495
499 500
495 500
498 499
501 498
508 484
492 504
508 486
494 500
495 499
511 487
503 495
499 499
489 503
507 485
497 499
493 503
509 487
494 502
498 498
500 498
510 487
502 495
508 485
488 503
489 504
494 501
490 503
499 498
496 499
492 503
497 498
494 496
509 485
492 502
490 502
493 495
502 494
510 486
496 498
488 504
499 497
501 495
493 501
491 503
497 496
502 493
492 501
499 496
493 498
494 495
495 496
501 494
487 504
491 502
510 485
496 497
493 496
500 495
499 495
501 493
495 495
511 483
492 500
494 494
493 497
487 505
486 508
510 484
500 494
486 504
496 496
498 496
492 498
491 501
510 483
487 506
478 511
492 497
486 507
496 495
492 499
498 495
486 505
495 494
485 508
491 500
511 482
500 493
485 507
500 492
479 511
491 499
491 497
484 508
510 482
486 506
498 494
511 481
496 494
490 500
478 510
497 494
498 493
485 506
510 481
490 499
488 501
478 509
490 497
481 510
479 510
487 502
500 491
484 507
510 480
487 501
497 493
500 490
483 507
481 509
509 481
498 492
479 509
489 497
490 492
488 500
484 506
489 499
480 510
486 502
490 496
505 483
482 507
488 499
497 492
484 503
479 508
486 501
505 482
489 496
487 500
490 493
489 492
499 490
509 480
504 483
484 505
498 491
481 508
480 509
488 497
507 481
499 487
505 481
485 501
504 482
506 482
497 491
498 490
482 506
509 479
487 499
508 480
489 495
489 493
484 504
488 496
480 508
479 507
484 502
499 488
498 487
507 480
488 493
483 504
483 502
497 490
481 506
478 507
489 494
509 478
506 481
485 500
480 507
486 499
488 495
482 505
503 482
498 489
487 495
480 506
508 478
503 481
478 506
488 494
506 480
497 489
485 499
496 490
482 504
507 479
498 488
483 501
506 479
478 505
482 501
507 478
486 495
481 504
487 494
483 500
503 480
485 498
480 505
497 488
496 489
484 499
506 478
480 504
486 494
508 476
481 501
484 498
479 505
483 499
505 479
495 489
504 480
485 497
509 475
496 488
481 503
503 479
482 500
495 488
486 491
481 500
497 486
506 477
488 491
508 475
507 476
484 497
494 489
483 498
489 490
486 493
480 503
496 487
505 478
485 494
487 492
479 504
504 479
511 472
482 499
509 474
488 490
497 485
479 503
507 475
483 497
496 486
501 481
498 484
508 474
487 491
505 475
485 493
505 477
482 498
511 471
489 489
494 488
510 472
486 492
495 487
466 500
484 496
504 474
504 478
467 499
481 499
506 476
504 477
467 498
506 475
483 496
499 482
484 493
495 486
501 480
504 475
498 483
468 499
466 501
511 470
467 500
493 488
510 471
505 474
485 492
507 474
479 502
481 498
476 505
487 490
497 484
488 489
496 485
500 481
471 505
498 482
506 474
503 477
495 485
478 502
468 498
468 500
475 505
487 489
467 501
482 492
492 488
481 497
499 481
483 493
476 504
497 483
504 476
511 469
510 470
509 471
484 492
500 480
482 496
491 488
482 495
506 473
483 494
478 501
483 492
509 470
500 479
487 488
495 484
482 493
480 497
471 504
498 481
476 503
503 476
472 505
492 487
510 469
469 498
468 501
474 505
496 483
470 503
486 489
481 496
497 477
470 502
485 489
482 494
510 468
468 506
475 503
499 479
468 502
498 480
478 500
486 488
496 482
480 496
470 498
483 491
472 504
474 504
481 493
491 487
506 472
471 503
509 469
494 484
479 497
469 503
502 476
469 501
473 503
501 476
483 490
510 467
477 500
507 470
470 501
472 503
475 502
484 489
497 478
481 494
491 486
506 471
473 502
467 506
468 505
479 496
508 469
474 503
485 488
495 482
470 499
468 503
511 466
505 472
493 484
498 479
492 485
498 477
480 493
497 480
475 501
472 502
466 506
480 492
474 502
511 465
470 500
482 490
477 499
505 471
507 469
491 485
502 474
498 476
492 484
479 495
485 487
490 486
500 476
499 477
506 470
480 494
467 505
467 503
471 499
494 482
484 488
510 466
497 479
504 472
501 475
495 481
509 467
503 471
504 471
475 500
502 473
508 467
471 500
509 466
510 465
479 490
483 488
507 468
476 499
482 489
502 471
511 464
474 501
465 506
479 492
506 469
501 474
479 494
500 475
503 472
485 486
467 504
491 484
478 493
466 503
503 470
496 479
494 481
489 486
472 501
499 476
472 500
479 491
465 503
505 469
499 475
485 485
464 506
500 474
491 483
479 489
478 494
478 492
486 486
507 467
475 499
506 468
493 481
510 464
488 486
483 487
480 490
511 463
466 504
506 466
502 472
489 485
495 479
501 473
474 500
508 466
482 488
477 493
481 489
504 470
492 480
496 476
503 469
502 469
511 462
506 465
482 487
494 479
491 482
495 476
509 464
505 466
464 505
505 468
499 474
478 491
488 485
501 472
506 467
473 500
480 489
510 463
481 488
492 479
508 465
463 506
465 504
500 469
486 485
476 493
474 499
477 492
504 469
496 475
492 481
477 494
497 475
474 498
508 464
510 462
489 483
491 479
488 484
494 476
500 468
495 477
491 481
464 504
473 499
463 507
477 491
481 487
502 468
493 479
462 508
476 494
505 467
487 485
501 469
504 468
507 465
475 493
499 473
476 492
500 472
480 488
486 484
490 482
500 471
480 487
501 468
463 504
504 467
479 486
487 484
476 495
494 477
490 481
510 461
490 479
489 482
509 462
475 496
508 463
493 478
473 498
507 464
475 494
462 507
497 474
475 492
477 490
499 472
488 483
461 508
511 459
509 461
490 480
475 495
478 486
499 471
479 487
475 491
489 481
473 497
476 490
489 479
474 490
478 488
497 473
461 507
462 504
488 478
487 483
508 462
503 467
477 489
493 477
510 460
501 467
498 472
507 463
474 496
500 466
508 460
508 459
478 487
475 490
499 470
509 460
507 462
497 472
510 459
492 477
501 466
499 466
477 488
489 478
472 497
489 480
488 481
508 461
473 496
503 466
474 495
462 505
487 482
474 489
461 504
488 477
461 506
511 458
507 461
488 480
472 496
497 471
502 466
475 489
487 481
474 488
511 457
509 459
499 465
492 476
477 487
510 458
476 488
486 482
473 495
489 477
461 505
507 459
498 470
504 464
486 481
508 457
497 470
475 488
476 487
489 476
502 465
487 480
491 476
460 505
511 456
506 459
509 458
472 495
490 477
499 464
506 461
504 463
473 494
503 464
475 487
497 469
487 479
509 457
499 463
486 480
502 464
510 456
490 476
503 463
504 462
506 460
465 497
473 493
472 494
496 470
508 456
476 486
491 475
485 481
459 505
500 464
485 480
511 454
510 455
472 493
462 499
457 506
470 495
504 461
464 497
475 486
496 469
466 497
497 468
486 479
502 463
491 474
490 475
505 460
509 456
500 463
467 496
501 464
471 494
484 481
458 505
467 495
474 486
471 493
496 468
503 461
504 460
461 499
473 485
511 453
466 496
469 495
485 479
484 480
462 498
456 506
457 505
475 485
507 455
510 454
470 494
497 467
501 463
508 454
490 474
509 455
463 497
503 460
510 453
469 494
501 462
468 495
466 495
459 502
504 459
494 469
473 486
489 474
462 497
457 504
476 483
456 505
509 454
484 479
470 493
461 498
474 485
506 455
460 501
507 454
511 452
496 467
494 468
460 498
460 500
490 472
484 478
459 501
474 484
458 502
510 452
483 479
482 480
511 451
493 469
495 467
506 454
469 493
501 461
468 494
496 466
504 458
461 497
465 495
472 486
476 482
502 460
503 459
489 473
456 504
475 483
509 453
493 468
468 493
500 461
465 494
476 481
491 470
460 497
475 482
510 451
459 498
471 486
459 500
494 467
509 452
472 487
488 473
483 478
458 501
474 483
455 504
484 477
504 457
502 459
481 480
503 458
490 471
469 492
489 472
466 493
505 454
482 479
496 465
456 503
504 456
457 501
457 493
459 495
491 469
495 465
492 468
459 497
481 479
458 498
458 494
504 454
510 450
494 466
471 487
500 460
465 493
475 481
482 478
454 504
458 500
474 482
488 472
502 458
480 480
471 489
468 492
489 471
467 493
460 496
483 477
456 502
490 470
509 451
503 457
508 451
458 499
495 464
457 492
452 501
502 457
499 460
459 496
458 493
490 469
493 466
504 453
460 495
454 503
457 500
453 502
482 477
459 494
468 491
488 471
481 478
456 493
455 502
491 468
489 470
509 450
509 448
501 458
503 456
471 488
465 492
479 480
480 479
467 492
474 481
483 476
470 489
491 467
455 501
509 445
467 491
481 477
508 450
458 492
493 465
453 501
478 480
457 499
504 452
503 455
490 468
469 489
465 491
473 481
451 501
470 488
destination
