map
random512-30-2.map
pivot
411 2
agent & start
52 441
41 432
13 404
116 489
113 488
125 496
11 398
1 392
17 408
40 431
133 500
15 406
36 425
89 468
49 434
4 395
63 450
70 453
24 415
27 418
138 507
37 426
66 451
3 394
16 407
20 411
71 454
12 399
53 440
13 398
5 396
131 500
144 511
88 469
50 433
18 409
115 488
7 398
111 484
134 499
30 421
130 501
26 417
12 397
17 406
49 440
40 421
50 441
85 470
2 393
64 451
118 491
49 432
142 509
77 462
12 403
90 467
48 439
18 407
37 424
125 494
46 435
51 432
110 485
128 499
38 427
6 397
65 450
89 466
83 468
140 509
32 423
111 486
139 508
132 501
84 469
44 435
39 430
22 413
14 405
60 447
82 463
39 422
74 459
129 500
117 490
42 433
38 423
126 497
45 436
19 410
50 440
7 397
53 433
4 394
74 458
64 450
25 415
130 500
89 467
destination
