map
random512-15-8.map
pivot
186 227
agent & start
510 510
509 511
509 510
510 509
508 511
507 511
510 508
509 509
511 507
508 510
510 507
511 506
506 511
509 508
507 510
508 509
507 509
508 508
511 505
510 506
506 510
505 511
507 508
508 507
504 511
510 505
505 510
506 509
509 505
511 503
508 506
505 509
504 510
507 507
510 504
511 502
508 505
507 506
510 503
504 509
506 507
507 504
503 510
506 504
507 505
503 509
511 501
505 507
506 506
504 508
510 502
509 503
510 501
502 509
504 507
503 508
508 503
506 505
505 506
509 502
501 509
510 500
509 501
503 507
499 511
502 508
505 505
504 506
508 502
510 499
501 508
508 501
502 505
502 507
504 505
498 511
503 506
499 510
507 502
497 511
508 500
503 505
505 503
510 498
500 508
504 504
501 507
499 509
498 510
502 506
507 501
509 499
510 497
499 508
496 511
503 502
498 509
497 510
508 499
501 506
505 502
503 504
500 507
511 496
504 503
507 500
504 502
510 496
509 497
496 510
511 495
499 507
503 503
500 506
508 498
505 501
507 499
495 511
506 500
497 509
498 508
507 498
506 499
496 509
504 501
505 500
508 497
502 503
499 506
510 495
495 510
498 507
501 504
500 505
511 494
497 507
505 499
496 508
511 493
500 504
506 498
507 497
495 509
493 511
494 510
510 494
509 495
501 503
508 496
499 505
504 500
498 506
504 499
507 496
508 495
502 501
497 506
499 504
510 493
493 510
506 497
492 511
496 507
507 494
511 492
494 509
501 502
505 498
495 508
495 507
499 503
504 498
497 505
502 500
507 495
500 502
510 492
509 493
507 493
498 504
503 499
511 491
505 497
508 494
494 508
491 511
493 509
506 496
501 501
505 496
492 509
491 510
503 498
493 508
499 502
502 499
501 500
494 507
511 490
490 511
508 493
509 492
510 491
496 505
498 503
506 495
503 497
496 504
495 505
508 492
493 507
500 500
502 498
501 499
509 491
497 503
492 508
491 509
505 495
489 511
511 489
499 501
511 488
497 502
498 501
495 504
504 495
505 494
510 489
491 508
500 499
492 507
503 496
490 509
499 500
496 503
502 497
501 498
509 490
508 491
489 510
494 505
493 505
488 510
497 501
511 487
500 498
507 491
501 497
502 496
503 495
504 494
496 502
510 488
508 490
491 507
509 489
487 511
489 509
492 506
499 499
495 503
508 489
489 508
499 498
491 506
487 510
490 507
500 497
486 511
510 487
502 495
492 505
507 490
508 487
501 496
498 499
497 500
495 502
493 504
504 493
488 509
496 501
511 486
494 503
507 489
504 492
497 499
500 496
508 486
498 498
499 497
492 504
506 490
494 502
508 488
502 494
495 501
489 507
511 485
505 491
493 503
488 508
496 500
510 486
509 487
490 506
486 510
487 509
503 493
511 484
510 485
505 490
494 501
488 507
491 504
507 488
493 502
496 499
506 489
509 486
501 494
492 501
489 506
503 492
485 510
504 491
487 508
498 497
495 500
492 503
502 493
499 496
502 492
498 496
504 490
489 505
501 493
493 501
510 484
505 489
487 507
491 503
491 501
497 497
509 485
488 506
506 488
490 504
488 504
485 509
494 500
492 502
496 498
495 499
490 503
505 488
496 497
498 495
509 484
495 498
485 508
491 502
488 505
487 506
501 492
503 490
502 491
494 499
505 486
511 482
486 507
489 504
497 496
500 493
493 500
507 485
498 494
508 484
502 490
499 493
500 492
497 495
495 497
503 489
504 488
511 481
489 503
484 508
493 499
486 506
510 482
490 502
509 483
506 486
496 494
505 487
501 491
487 505
494 498
493 498
489 502
511 480
502 489
504 487
501 490
499 492
483 508
485 506
484 507
506 485
496 495
497 494
495 496
503 488
508 483
498 493
510 481
492 499
500 491
507 484
494 497
486 505
498 492
503 487
487 503
493 497
489 501
507 483
488 502
490 500
486 504
502 488
484 506
506 484
483 507
492 498
508 482
491 499
497 493
501 489
510 480
490 498
500 490
485 505
494 496
495 495
511 479
504 485
505 484
481 508
493 496
490 499
479 510
502 487
480 509
490 497
484 505
491 498
503 486
509 480
489 498
489 500
510 479
499 490
494 495
501 488
478 511
508 481
492 497
487 502
498 491
483 506
497 492
482 507
486 503
507 482
481 507
477 511
488 500
503 485
486 502
479 509
510 478
509 479
496 492
480 508
506 482
508 480
483 505
507 481
501 487
484 504
504 484
492 496
494 494
491 497
505 483
485 503
482 506
487 501
502 486
498 490
489 499
497 491
478 510
495 493
508 479
492 495
509 478
495 492
481 506
487 500
494 493
493 494
482 505
480 507
477 510
483 504
486 501
497 490
484 503
485 502
503 484
476 511
502 485
478 509
479 508
491 496
501 486
510 477
505 482
488 499
507 480
509 477
499 487
497 489
492 494
505 481
498 488
503 483
484 502
481 505
487 499
510 476
476 510
501 485
495 491
491 495
483 503
502 484
494 492
478 508
477 509
485 501
475 511
508 478
507 479
506 480
486 500
500 486
479 507
504 482
493 493
498 487
508 477
503 482
480 505
500 485
495 490
494 491
490 495
487 498
502 483
497 488
490 493
509 476
491 494
486 499
474 511
475 510
476 509
496 489
488 497
489 496
505 480
493 492
485 500
483 502
501 484
492 493
478 507
507 478
510 475
484 501
499 486
488 496
498 486
483 501
505 479
499 485
493 491
507 477
492 492
509 475
496 488
504 480
486 498
495 489
479 505
477 507
502 482
490 494
485 499
510 474
475 509
508 476
476 508
503 481
497 487
477 505
489 495
500 484
484 500
487 497
473 511
491 493
494 490
502 481
508 475
492 491
475 508
483 500
484 499
471 510
472 511
476 507
491 492
503 480
509 474
481 502
504 479
480 503
495 488
488 495
493 490
473 510
478 505
477 506
486 495
506 477
489 494
499 484
507 476
485 498
498 485
501 482
486 497
474 509
500 483
497 486
501 481
511 471
504 478
482 500
484 498
507 475
508 474
496 486
509 473
498 484
476 506
502 480
472 510
479 503
480 502
470 510
474 508
497 483
488 494
491 491
486 496
492 490
495 487
473 509
506 476
478 504
481 501
494 488
475 507
499 483
493 489
485 495
483 499
505 477
500 482
487 495
497 482
489 492
493 488
505 476
483 498
507 474
497 484
494 487
498 483
485 496
499 482
487 494
496 483
478 503
492 489
503 478
491 490
472 509
482 499
479 502
500 481
502 479
496 485
481 500
470 511
488 493
501 480
480 501
474 507
510 471
506 475
508 473
475 506
484 497
504 477
511 470
495 486
473 508
487 493
496 484
469 511
506 474
510 470
501 479
505 475
499 481
480 500
472 508
494 486
500 480
509 471
498 482
474 506
482 498
479 501
495 485
502 478
473 507
503 477
490 490
491 489
504 476
484 496
508 472
492 488
481 499
483 497
477 503
488 492
489 491
482 497
474 505
505 474
476 503
487 492
481 498
483 496
477 502
479 500
493 486
504 475
499 480
475 504
490 489
468 511
471 508
480 499
492 487
509 470
506 473
503 476
488 491
498 481
489 490
494 485
491 488
502 477
501 478
507 472
472 507
495 484
487 491
486 492
488 490
468 510
477 501
490 488
492 486
501 477
471 507
482 496
491 487
507 471
511 467
508 470
473 505
474 504
481 497
480 498
469 509
476 502
475 503
493 485
484 494
479 499
494 484
472 506
509 469
504 474
510 468
489 489
498 480
470 508
499 479
500 478
503 475
483 495
506 472
467 511
502 476
495 482
501 476
509 468
505 472
510 467
476 501
489 488
468 509
473 504
494 483
480 497
467 510
499 478
477 500
492 485
472 505
486 491
511 466
469 508
491 486
500 477
506 471
483 494
484 493
474 503
504 473
487 490
470 507
466 511
496 481
508 469
481 496
503 474
471 506
482 495
497 480
479 498
488 488
490 486
500 476
506 470
509 467
501 475
493 483
480 496
503 473
494 482
483 493
467 509
468 508
475 501
491 485
485 491
484 492
476 500
486 490
470 506
504 472
489 487
474 502
497 479
465 511
479 497
482 494
478 498
505 471
508 468
499 477
496 480
471 505
495 481
472 504
492 484
507 469
487 489
511 465
464 511
470 505
494 481
473 502
487 488
480 495
503 472
492 483
476 499
509 466
477 498
511 464
508 467
468 507
502 473
504 471
472 503
471 504
505 470
489 486
496 479
483 492
465 510
467 508
486 487
505 468
484 491
488 487
493 482
475 500
495 480
506 469
485 490
482 493
498 477
481 494
510 465
500 475
474 501
491 484
499 476
478 497
486 486
502 472
464 510
466 508
498 474
505 469
465 509
506 468
476 498
511 463
480 494
495 479
473 501
482 492
492 482
488 486
495 477
494 480
478 496
510 464
472 502
481 493
493 481
474 500
487 487
463 511
471 503
469 505
507 467
503 471
505 467
496 478
508 466
467 507
468 504
509 465
491 483
490 484
504 470
499 475
484 490
470 504
489 485
497 477
479 495
destination
