map
random512-15-9.map
pivot
509 460
agent & start
176 93
183 86
177 92
81 188
18 251
78 191
136 133
258 11
127 142
104 165
243 26
125 144
171 98
9 260
100 169
154 115
44 225
202 67
70 199
165 104
116 153
150 119
92 177
159 110
225 44
108 161
221 48
209 60
27 242
11 258
86 183
87 182
264 5
166 103
95 174
162 107
153 116
190 79
259 10
129 140
4 265
198 71
260 9
43 226
103 166
47 222
119 150
100 171
189 80
219 50
56 213
204 65
239 30
257 12
68 201
118 151
179 90
21 248
121 148
229 40
261 8
125 146
55 214
168 101
23 246
122 147
157 112
94 175
5 264
111 158
197 72
237 32
135 134
28 247
199 70
180 89
175 94
228 41
131 138
82 187
147 122
93 176
54 215
16 253
80 189
113 156
133 136
139 130
73 196
0 269
67 202
160 109
155 114
262 7
38 231
240 29
61 208
236 33
244 25
3 266
200 69
66 203
230 39
246 23
83 186
172 97
188 81
255 14
194 75
215 54
79 190
1 268
145 124
181 88
151 118
45 224
107 162
120 149
235 34
156 113
17 252
201 68
90 179
40 229
123 146
152 117
263 6
248 21
141 128
84 185
48 221
245 24
71 198
62 207
59 210
227 42
74 195
64 205
269 0
42 227
14 255
7 262
231 38
20 249
57 212
96 173
161 108
33 236
128 141
15 254
223 46
226 43
143 126
196 73
170 99
184 85
266 3
140 129
2 267
251 18
148 121
242 27
88 181
254 15
224 45
213 56
69 200
114 155
186 83
253 16
149 120
105 164
205 64
46 223
163 106
8 261
30 239
193 76
25 244
26 243
24 245
98 171
91 178
52 217
29 240
250 19
138 131
60 209
210 59
39 230
35 234
134 135
268 1
169 100
110 159
222 47
97 172
49 220
208 61
191 78
58 211
72 197
217 52
112 157
192 77
124 145
185 84
34 235
109 160
238 31
130 139
53 216
37 232
28 241
65 204
10 259
195 74
106 163
101 168
206 63
117 152
50 219
211 58
178 91
164 105
247 22
31 238
13 256
25 245
259 11
152 118
56 214
195 75
172 98
167 103
82 188
32 238
125 145
47 223
192 78
197 73
72 198
68 202
130 140
60 210
219 51
89 181
166 104
153 117
224 46
144 126
79 191
265 5
266 4
35 235
261 9
26 244
211 59
212 58
183 87
34 236
13 257
106 164
93 179
186 84
80 190
52 218
179 91
5 265
154 116
203 67
226 44
155 115
22 248
249 21
151 119
1 269
230 40
119 151
148 122
73 197
39 231
196 74
76 194
38 232
43 227
129 141
202 68
21 249
132 138
81 189
150 120
164 106
36 234
206 64
216 54
6 264
49 221
258 12
2 268
41 229
42 228
65 205
222 48
269 1
204 66
103 167
143 127
98 172
30 240
157 113
4 266
169 101
165 105
16 254
231 39
53 217
110 160
209 61
87 183
107 163
61 209
185 85
40 230
29 241
75 195
268 2
270 0
260 10
97 173
178 92
199 71
227 43
115 155
263 7
242 28
201 69
146 124
141 129
194 76
46 224
232 38
158 112
91 179
63 207
29 247
117 153
122 148
8 262
88 182
84 186
18 252
19 251
139 131
99 171
188 82
45 225
176 94
67 203
59 211
121 149
225 45
104 166
74 196
207 63
246 24
69 201
200 70
244 26
24 246
248 22
70 200
221 49
17 253
66 204
182 88
131 139
33 237
50 220
177 93
23 247
149 121
240 30
187 83
135 135
64 206
255 15
20 250
145 125
96 174
217 53
71 199
83 187
58 212
0 270
109 161
90 180
190 80
127 143
123 147
128 142
239 31
254 16
112 158
102 168
57 213
27 243
213 57
13 259
92 178
137 133
264 6
54 216
44 226
120 150
223 47
136 134
170 100
245 25
100 170
250 20
14 256
161 109
55 215
210 60
118 152
189 81
9 261
14 260
160 110
241 29
28 246
236 34
113 157
228 42
126 144
78 192
251 19
94 176
243 27
101 169
48 222
237 33
138 132
11 259
114 156
267 3
28 242
180 90
191 79
171 99
229 41
27 245
124 146
193 77
116 156
134 136
7 263
37 233
162 108
208 62
11 260
165 106
34 237
60 211
230 41
57 214
146 125
237 34
80 191
245 26
97 174
135 136
177 94
181 90
225 46
37 234
45 226
244 27
1 270
154 117
6 265
115 156
76 195
121 150
27 246
58 213
252 19
251 20
110 161
124 147
233 40
271 0
176 95
92 179
222 49
179 92
187 84
35 236
64 207
25 246
172 99
162 109
211 60
231 40
112 159
255 16
28 243
264 7
202 69
21 250
78 193
234 37
69 202
208 63
144 127
67 204
24 247
89 182
3 268
147 124
193 78
153 118
210 61
164 107
223 48
107 164
95 176
236 35
189 82
228 43
169 102
43 228
139 132
170 101
250 21
138 133
137 134
103 168
155 116
12 259
72 199
134 137
83 188
266 5
192 79
204 67
99 172
201 70
219 52
243 28
39 232
151 120
106 165
15 256
195 76
42 229
260 11
40 231
148 123
267 4
127 144
114 157
84 187
224 47
160 111
197 74
150 121
246 25
213 58
191 80
116 155
129 142
131 140
194 77
44 227
238 33
10 261
130 141
256 15
90 181
46 225
227 44
13 258
36 235
126 145
61 210
0 271
32 239
65 206
206 65
199 72
18 253
30 241
157 114
217 54
2 269
63 208
203 68
218 53
161 110
239 32
102 169
140 131
205 66
229 42
228 45
136 135
33 238
74 197
168 103
19 252
31 240
82 189
29 242
120 151
207 64
117 154
123 148
49 222
182 89
178 93
166 105
16 255
167 104
81 190
258 13
50 221
98 173
270 1
262 9
13 260
101 170
30 247
94 177
55 216
23 248
259 12
94 179
105 166
158 113
119 152
9 262
171 100
188 83
70 201
109 162
54 217
52 219
122 149
242 29
132 139
26 245
59 212
209 62
196 75
261 10
79 192
141 130
20 251
14 259
4 267
41 230
249 22
212 59
17 254
269 2
265 6
240 31
29 246
263 8
7 264
183 88
111 160
14 257
257 14
128 143
133 138
185 86
27 244
186 85
87 184
108 163
233 38
226 45
66 205
93 178
93 180
56 215
47 224
77 194
241 30
165 107
154 118
29 243
17 255
44 228
227 45
36 236
249 23
66 206
81 191
38 234
78 194
237 35
70 202
72 200
14 258
239 33
58 214
109 163
211 61
73 199
7 265
69 203
218 54
260 12
206 66
89 183
110 162
195 77
57 215
196 76
151 121
225 47
164 108
121 151
83 189
170 102
9 263
262 10
247 25
54 218
37 235
220 52
128 144
255 17
31 241
99 173
267 5
82 190
52 220
25 247
103 169
48 224
62 210
119 153
192 80
240 32
203 69
127 145
124 148
213 59
15 259
208 64
253 19
131 141
1 271
272 0
189 83
23 249
106 166
26 246
30 242
79 193
191 81
59 213
137 135
153 119
34 238
22 250
235 37
30 246
15 257
33 239
95 177
149 123
39 233
181 91
244 30
24 248
136 136
163 109
263 9
139 133
84 188
4 268
49 223
123 149
214 58
19 253
183 89
40 232
245 27
107 165
108 164
221 51
268 4
65 207
21 251
188 84
172 100
238 34
75 197
140 132
112 160
29 245
229 43
87 185
8 264
252 20
186 86
45 227
232 40
199 73
47 225
185 87
61 211
74 198
171 101
204 68
6 266
197 75
259 13
129 143
32 240
250 22
10 262
55 217
162 110
2 270
42 230
261 11
67 205
264 8
117 155
219 53
223 49
0 272
216 56
166 106
134 138
161 111
193 79
144 128
46 226
28 244
258 14
244 28
88 184
146 126
200 72
35 237
130 142
138 134
143 129
142 130
266 6
198 74
167 105
63 209
212 60
118 154
111 161
132 140
243 29
180 92
207 65
102 170
122 150
5 267
182 90
228 44
265 7
168 104
90 182
43 229
242 30
11 261
96 176
156 116
97 175
241 31
173 99
115 157
217 55
187 85
114 158
194 78
105 167
269 3
50 222
94 178
230 42
148 124
178 94
190 82
179 93
12 260
53 219
76 196
201 71
41 231
246 26
210 62
233 39
234 38
104 168
159 113
157 115
120 152
251 21
85 187
141 131
92 180
64 208
177 95
224 48
270 2
257 15
135 137
68 204
256 16
150 122
51 221
98 174
271 1
78 195
49 224
210 63
173 100
155 118
222 51
104 169
30 243
262 11
178 95
3 270
140 133
256 17
5 268
225 48
130 143
113 160
2 271
53 220
191 82
153 120
213 60
267 6
124 149
25 248
152 121
237 36
158 115
126 147
202 71
194 79
24 249
141 132
272 1
248 25
96 177
138 135
203 70
112 161
268 5
61 212
62 211
224 49
26 247
221 52
249 24
57 216
192 81
58 215
258 15
223 50
200 73
30 245
103 170
120 153
82 191
266 7
144 129
147 126
135 138
244 29
226 47
241 32
55 218
265 8
211 62
51 222
22 251
196 77
187 86
145 128
148 125
206 67
242 31
189 84
54 219
43 230
227 46
235 38
88 185
157 116
180 93
7 266
97 176
190 83
197 76
45 228
23 250
128 145
12 261
239 34
69 204
19 254
137 136
243 30
201 72
47 226
232 41
273 0
75 198
162 111
105 168
68 205
70 203
159 114
90 183
64 209
133 140
208 65
35 238
271 2
254 19
216 57
109 164
195 80
177 96
252 21
87 186
188 85
32 241
245 28
143 130
219 54
15 258
95 178
114 159
230 43
0 273
183 90
149 124
102 171
198 75
31 246
132 141
168 105
163 110
8 265
60 213
11 262
220 53
34 239
250 23
281 0
39 234
41 232
85 188
167 106
107 166
118 155
184 89
110 163
263 10
29 244
251 22
74 199
63 210
185 88
108 165
111 162
52 221
65 208
172 101
146 127
129 144
136 137
115 158
131 142
44 229
72 201
40 233
257 16
48 225
165 108
76 197
170 103
59 214
106 167
229 44
214 59
127 146
179 94
125 148
101 172
18 255
204 69
236 37
261 12
123 150
217 56
264 9
169 104
253 20
156 117
3 272
199 74
99 174
119 154
142 131
91 182
79 194
6 267
50 223
234 39
67 206
31 242
231 42
89 184
247 26
81 192
270 3
4 269
240 33
84 189
37 236
109 166
139 134
205 68
98 175
17 256
255 18
83 190
10 263
182 91
134 139
16 257
92 181
122 151
100 173
269 4
42 231
195 78
33 240
77 196
71 202
151 122
259 14
36 237
246 27
136 138
181 93
147 127
142 132
61 213
250 24
17 257
108 166
42 232
47 227
165 109
59 215
128 146
264 10
64 210
18 256
56 218
5 269
39 235
190 84
183 91
124 150
218 56
25 249
154 120
62 212
172 102
0 274
243 31
3 273
121 153
123 151
179 95
104 170
215 59
257 17
122 152
203 71
66 208
34 240
53 221
222 52
116 158
60 214
1 273
251 23
280 2
71 203
35 239
199 75
82 192
144 130
192 82
207 67
273 1
69 205
267 7
46 228
265 9
23 251
99 177
225 49
245 29
249 25
268 6
219 55
213 61
140 134
236 38
78 196
10 264
204 70
86 188
184 90
105 169
193 81
75 199
163 111
87 187
43 231
99 175
11 263
150 124
125 149
134 140
101 173
67 207
212 62
91 183
6 268
266 8
149 125
130 144
185 89
231 43
261 13
208 66
133 141
79 195
19 255
197 77
221 53
167 107
63 211
76 198
98 176
196 78
41 233
120 154
238 36
156 118
216 58
210 64
281 1
153 121
72 202
109 165
162 112
81 193
178 96
70 204
173 101
271 3
160 114
12 262
186 88
137 137
235 39
256 18
30 244
223 51
151 123
106 168
112 162
110 164
205 69
119 155
127 147
3 271
37 237
114 160
45 229
168 106
201 73
158 116
16 258
195 79
255 19
253 21
102 172
226 48
90 184
180 94
57 217
139 135
198 76
132 142
241 33
74 200
48 226
242 32
96 178
263 11
126 148
230 44
146 128
36 238
252 22
174 100
54 220
258 16
152 122
131 143
80 194
83 191
97 177
40 234
32 242
103 171
31 245
269 5
248 26
191 83
68 206
8 266
115 159
260 14
259 15
155 119
194 80
247 27
206 68
84 190
227 47
85 189
135 139
157 117
280 0
270 4
2 272
232 42
100 174
240 34
129 145
88 186
170 104
239 35
51 223
169 105
262 12
143 131
31 243
217 57
26 248
92 182
111 163
33 241
246 28
188 86
224 50
214 60
145 129
164 110
50 224
272 2
270 5
128 147
11 264
26 249
253 22
226 49
59 216
99 176
51 224
280 1
171 104
141 134
189 86
21 254
91 184
151 124
178 97
56 219
273 2
250 25
34 241
40 235
61 214
86 189
185 90
255 20
267 8
124 151
108 167
60 215
73 202
96 179
17 258
139 136
133 142
231 46
246 29
33 242
115 160
111 164
137 138
216 59
24 251
70 205
227 48
179 96
132 143
125 150
80 197
257 18
268 7
156 119
143 132
248 27
199 76
2 273
0 275
219 56
54 221
240 35
81 194
170 105
25 250
37 238
251 24
201 74
116 159
236 39
46 229
169 106
85 190
164 111
114 161
254 21
18 257
1 274
98 177
12 263
191 84
77 198
104 171
79 196
58 217
194 81
112 163
6 269
39 236
118 157
147 128
129 146
165 110
43 232
101 174
223 52
66 209
208 67
259 16
230 45
63 212
211 64
41 234
183 92
249 26
182 93
279 0
92 185
71 204
152 123
279 2
4 271
126 149
48 227
9 266
142 133
19 256
55 220
213 62
64 211
90 185
49 226
271 6
53 222
184 91
239 36
93 182
50 225
78 197
145 130
210 65
119 156
113 162
75 200
168 107
45 230
177 98
218 57
158 117
242 33
161 114
146 129
204 71
256 19
262 13
83 192
122 153
92 183
10 265
110 165
149 126
266 9
214 61
271 4
197 78
222 53
198 77
7 268
42 233
202 73
228 47
234 41
200 75
97 178
154 121
238 37
136 139
130 145
187 88
36 239
241 34
212 63
263 12
174 101
88 187
243 32
8 267
150 125
80 195
5 270
20 255
107 168
68 207
106 169
205 70
76 199
67 208
103 172
247 28
65 210
35 240
121 154
69 206
89 186
229 46
260 15
175 100
261 14
87 188
272 3
258 17
264 11
180 95
32 243
188 87
144 131
206 69
203 72
201 76
225 50
172 103
163 112
274 1
215 60
148 127
192 83
135 140
155 120
231 44
233 42
115 162
134 141
232 43
23 252
44 231
167 108
196 79
31 244
72 203
193 82
82 193
157 118
166 109
209 66
269 6
252 23
88 188
24 252
142 134
93 183
229 47
80 196
64 212
40 236
115 163
125 151
228 48
59 217
115 161
177 99
224 52
166 110
42 234
77 199
233 43
147 129
182 94
269 7
186 90
273 3
16 260
198 78
254 22
271 5
169 107
75 201
223 53
138 138
136 140
246 30
8 268
51 225
41 235
250 26
113 163
150 126
187 89
127 149
262 14
264 12
197 79
104 172
124 152
200 76
215 61
218 58
130 146
33 243
76 200
145 131
122 154
259 17
91 185
84 192
20 256
164 112
160 116
46 230
21 255
243 33
206 70
123 153
126 150
191 85
19 257
53 223
268 8
35 241
179 99
128 148
230 46
162 114
72 204
132 144
278 0
10 266
5 271
172 104
222 54
251 25
169 109
90 186
108 168
37 239
83 193
17 259
69 207
146 130
270 6
25 251
210 66
62 214
85 191
244 32
279 1
118 158
68 208
49 227
241 35
140 136
13 263
256 20
135 141
44 232
106 170
100 176
202 74
152 124
216 60
34 242
247 29
67 209
56 220
18 258
39 237
1 275
105 171
260 16
189 87
151 125
252 24
153 123
107 169
54 222
183 93
245 31
86 190
266 10
149 127
175 101
236 40
74 202
203 73
205 71
45 231
211 65
170 106
81 195
242 34
240 36
257 19
78 198
26 250
253 23
144 132
82 194
71 205
265 11
60 216
156 122
272 6
22 254
119 157
48 228
94 182
7 269
249 27
192 84
87 189
231 45
190 86
194 82
154 122
158 118
239 37
173 103
32 244
209 67
258 18
238 38
165 111
141 135
171 105
274 2
61 215
167 109
137 139
9 267
55 221
117 159
267 9
102 174
111 165
143 133
199 77
139 137
70 206
204 72
219 57
148 128
101 175
207 69
188 88
0 276
208 68
275 1
227 49
178 98
185 91
12 264
179 97
214 62
36 240
134 142
66 210
52 224
225 51
92 184
201 75
79 197
263 13
202 76
193 83
98 178
237 39
97 179
181 95
155 121
65 211
129 147
226 50
232 44
213 63
133 143
235 41
2 274
156 120
217 59
212 64
157 119
234 42
180 96
120 156
103 173
58 218
161 115
259 18
52 225
72 205
170 109
239 38
195 82
112 165
172 105
246 31
125 152
245 32
157 122
244 33
260 17
127 150
272 7
46 231
238 39
182 95
252 25
230 47
62 215
124 153
64 213
164 113
116 161
191 86
190 87
163 114
25 252
176 101
94 183
119 158
217 60
45 232
1 276
102 175
18 259
23 254
197 80
232 45
170 107
254 23
193 84
250 27
258 19
108 169
13 264
158 119
35 242
199 78
144 133
263 14
247 30
180 97
77 200
209 68
44 233
17 260
79 198
139 138
57 222
141 136
36 241
123 154
155 122
132 145
142 135
226 51
264 13
22 255
159 118
66 211
71 206
194 83
154 123
253 24
146 131
233 44
65 212
189 88
224 53
261 16
255 22
128 149
262 15
169 110
225 52
161 116
19 258
152 125
160 117
276 1
98 179
274 3
156 121
69 208
145 132
41 236
58 219
213 64
67 210
157 120
206 71
273 6
269 8
216 61
228 49
242 35
162 115
215 62
278 1
51 226
114 163
84 193
167 110
166 111
202 75
103 174
61 216
20 257
117 160
86 191
179 98
196 81
10 267
265 12
109 168
272 5
24 253
130 147
55 222
138 139
129 148
42 235
177 100
158 123
75 202
173 104
27 250
243 34
270 7
149 128
184 93
11 266
91 186
53 224
140 137
187 90
131 146
267 10
93 184
165 112
169 108
37 240
133 144
106 171
12 265
43 234
223 54
9 268
268 9
151 126
118 159
104 173
211 66
200 77
153 124
126 151
220 57
101 176
95 182
249 28
49 228
113 164
74 203
229 48
6 271
147 130
5 272
210 67
33 244
205 72
203 74
57 220
188 89
54 223
241 36
15 264
26 251
136 141
81 196
266 11
8 269
40 237
236 41
16 261
171 106
63 214
0 277
82 195
87 190
168 109
148 129
227 50
273 4
150 127
2 275
88 189
60 217
73 204
135 142
218 59
186 91
70 207
85 192
110 167
207 70
181 96
111 166
137 140
120 157
240 37
198 79
121 156
143 134
277 0
234 43
219 58
7 270
208 69
257 20
178 99
251 26
248 29
68 209
226 52
264 14
270 8
241 37
220 58
41 237
223 55
46 232
249 29
209 69
228 50
205 73
37 241
272 8
153 125
54 224
140 138
159 119
117 161
15 263
177 101
122 156
186 92
57 223
28 250
165 113
64 214
3 275
95 183
259 19
44 234
132 146
19 259
2 276
26 252
126 152
215 63
114 164
171 107
248 30
82 196
237 41
42 236
234 44
251 27
148 130
250 28
172 106
110 168
87 191
180 98
40 238
158 124
107 171
218 60
277 1
268 10
36 242
49 229
155 123
240 38
173 105
149 129
65 213
118 160
5 273
146 132
7 271
98 180
137 141
83 197
238 40
21 257
183 95
108 170
242 36
20 258
70 208
166 112
11 267
101 179
217 61
247 31
103 175
125 153
194 84
47 231
79 199
51 227
63 215
269 11
229 49
206 72
141 137
266 12
78 200
178 100
39 239
128 150
158 120
131 147
197 81
58 220
257 21
52 226
230 48
57 221
192 86
91 187
168 110
262 16
195 83
124 154
76 202
68 210
123 155
159 123
100 178
23 255
224 54
59 219
260 18
208 70
121 157
267 11
61 217
200 78
199 79
104 174
188 90
196 82
71 207
245 33
0 278
158 122
170 108
25 253
136 142
8 270
185 93
269 9
150 128
130 148
83 195
265 13
160 118
181 97
94 184
22 256
182 96
89 189
162 116
210 68
96 182
86 192
276 2
246 32
190 88
255 23
34 244
74 204
203 75
198 80
112 166
6 272
256 22
243 35
106 172
273 5
1 277
216 62
211 67
143 135
213 65
142 136
84 194
134 144
10 268
254 24
225 53
235 43
17 261
109 169
263 15
111 167
239 39
127 151
69 209
252 26
167 111
157 123
164 114
13 265
120 158
97 181
204 74
72 206
67 211
187 91
274 4
133 145
99 179
24 254
233 45
55 223
45 233
14 264
129 149
152 126
139 139
163 115
113 165
227 51
258 20
101 177
38 240
145 133
105 173
207 71
191 87
157 121
9 269
85 193
193 85
18 260
161 117
35 243
253 25
62 216
75 203
138 140
159 120
45 234
126 153
142 137
241 38
248 31
3 276
144 135
42 237
199 80
200 79
219 60
166 113
257 22
35 244
146 133
274 5
198 81
210 69
64 215
143 136
27 252
148 131
51 228
238 41
278 3
244 35
229 50
31 248
193 86
228 51
40 239
159 122
19 260
75 204
121 158
162 117
90 189
187 92
256 23
110 169
119 160
1 278
106 173
167 112
112 167
135 144
91 188
62 217
129 150
123 156
86 193
72 207
239 40
247 32
211 68
250 29
220 59
39 240
277 2
164 115
139 140
243 36
255 24
38 241
242 37
36 243
65 214
276 3
217 62
173 106
138 141
124 155
181 98
113 166
175 104
56 223
83 196
207 72
184 95
58 221
233 46
214 65
171 108
246 33
204 75
191 88
258 21
190 89
108 171
212 67
160 119
104 175
48 231
140 139
205 74
194 85
227 52
177 102
268 11
261 18
145 134
29 250
49 230
157 124
155 124
114 165
10 269
101 178
76 203
269 10
78 201
94 185
208 71
21 258
188 91
153 126
254 25
107 172
118 161
130 149
154 125
234 45
172 107
263 16
216 63
7 272
152 127
131 148
231 48
197 82
81 198
23 256
127 152
137 142
102 177
264 15
136 143
275 4
20 259
12 267
132 147
122 157
266 13
151 128
195 84
186 93
236 43
13 266
141 138
168 111
192 87
5 274
85 194
68 211
77 202
18 261
52 227
264 17
8 271
252 27
79 200
213 66
95 184
47 232
225 54
11 268
9 270
206 73
34 245
226 53
150 129
218 61
185 94
149 130
102 179
249 30
178 101
111 168
67 212
224 55
265 14
41 238
267 12
215 64
71 208
97 182
44 235
93 186
125 154
117 162
92 187
262 17
16 263
54 225
133 146
37 242
259 20
82 197
240 39
63 216
28 251
84 195
30 249
271 8
223 56
183 96
26 253
134 145
0 279
87 192
43 236
14 265
55 224
17 262
50 229
196 83
158 121
147 132
98 181
237 42
105 174
100 179
69 210
99 180
270 9
24 255
70 209
59 220
195 85
238 42
246 34
262 18
49 231
24 256
270 10
28 252
144 136
232 48
265 15
110 170
191 89
130 150
118 162
264 16
266 14
127 153
120 162
65 215
47 233
9 271
257 23
275 5
98 182
85 195
160 120
210 70
197 83
67 213
206 74
151 129
14 266
174 106
217 63
268 12
243 37
156 124
97 183
172 108
11 269
247 33
17 263
2 278
201 79
166 114
77 203
103 177
213 67
78 202
119 161
81 199
114 166
36 244
155 125
186 94
75 205
31 249
51 229
35 245
207 73
113 167
41 239
5 275
55 225
139 141
178 102
79 201
278 4
226 54
20 260
43 237
52 228
131 149
122 158
164 116
212 68
163 117
124 156
115 167
42 238
204 76
76 204
69 211
223 57
154 126
227 53
242 38
218 62
183 97
21 259
189 91
10 270
253 27
231 49
234 46
3 277
159 121
62 218
229 51
56 224
70 210
240 40
100 180
200 80
104 176
99 181
29 251
175 105
249 31
84 196
0 280
95 185
145 135
73 207
263 17
32 248
244 36
12 268
40 240
193 87
128 152
153 127
142 138
66 214
176 104
147 133
7 273
54 226
165 115
23 257
44 236
38 242
109 171
22 258
111 169
50 230
187 93
30 250
224 56
199 81
141 139
129 151
1 279
46 234
82 198
107 173
215 65
236 44
90 190
277 3
137 143
209 71
167 113
181 99
39 241
18 262
220 60
53 227
241 39
138 142
150 130
34 246
121 159
126 154
37 243
148 132
64 216
59 221
140 140
146 134
182 98
71 209
271 9
93 187
105 175
196 84
255 25
19 261
192 88
248 32
251 29
152 128
132 148
211 69
198 82
221 59
228 52
250 30
4 276
267 13
185 95
91 189
239 41
120 160
96 184
8 272
125 155
259 21
80 200
260 20
208 72
216 64
258 22
108 172
134 146
168 112
205 75
162 118
261 19
48 232
106 174
173 107
92 190
87 193
94 186
102 178
219 61
136 144
179 101
61 219
123 157
214 66
27 253
243 38
226 55
218 63
67 214
210 71
169 112
82 199
119 162
217 64
76 205
138 143
113 168
247 34
266 15
265 16
108 173
234 47
43 238
105 176
204 77
206 75
65 216
115 168
219 62
194 87
89 194
41 240
271 10
195 86
88 193
36 245
235 46
91 190
109 172
267 14
237 44
56 225
8 273
112 169
24 257
188 93
42 239
30 251
142 139
27 254
5 276
73 208
86 195
225 56
168 113
32 249
25 256
4 277
18 263
156 125
160 121
6 275
238 43
224 57
213 68
131 150
79 202
278 5
21 260
139 142
12 269
28 253
34 247
170 111
211 70
9 272
0 281
150 131
257 24
80 201
208 73
44 237
155 126
259 22
276 5
141 140
182 99
256 25
242 39
115 166
38 243
184 97
200 81
62 219
162 119
77 204
53 228
95 186
72 209
127 154
196 85
129 152
258 23
221 60
252 29
90 191
89 192
51 230
198 83
14 267
40 241
173 108
230 51
3 278
37 244
49 232
111 170
114 167
190 91
231 50
277 4
68 213
81 200
22 259
274 7
122 159
145 136
163 118
59 222
154 127
23 258
7 274
93 188
261 20
124 157
103 178
263 18
212 69
202 79
26 255
144 137
161 120
15 266
1 280
70 211
69 212
167 114
244 37
10 271
137 144
229 52
207 74
123 158
31 250
175 106
143 138
87 194
227 54
106 175
222 59
104 177
63 218
220 61
275 6
174 107
233 48
48 233
128 153
164 117
116 167
121 160
64 217
118 163
151 130
223 58
2 279
133 148
11 270
20 261
100 181
98 183
126 155
13 268
75 206
193 88
60 221
35 246
239 42
251 30
148 133
228 53
176 105
132 149
78 203
262 19
192 89
189 92
92 189
179 102
33 248
146 135
199 82
61 220
152 129
120 163
50 231
136 145
249 32
215 66
19 262
46 235
134 147
203 78
181 100
186 95
166 115
96 185
92 191
45 236
268 13
253 28
240 41
18 265
29 252
55 226
201 80
71 210
85 196
197 84
246 36
141 141
90 192
39 245
15 267
112 170
50 232
241 41
226 56
145 137
214 68
91 191
132 150
93 189
49 233
60 222
96 186
142 140
107 175
227 55
24 258
139 143
70 212
243 39
26 256
62 220
179 103
259 23
192 90
238 44
256 26
47 235
89 193
125 157
162 120
38 244
153 129
242 40
239 43
253 29
36 246
249 33
11 271
248 34
219 63
80 202
275 7
88 194
8 274
116 166
32 250
212 70
77 205
39 243
13 269
167 115
131 151
124 158
147 135
95 187
195 87
105 177
277 5
203 79
258 24
187 95
251 31
272 10
271 11
61 221
3 279
82 200
233 49
206 76
106 176
56 226
10 272
188 94
245 37
149 133
119 163
12 270
266 16
7 275
73 209
59 223
58 224
109 173
53 229
168 114
174 108
110 172
270 12
252 30
54 228
25 257
87 195
79 203
117 167
234 48
189 93
35 247
222 60
33 249
231 51
207 75
144 138
209 73
183 99
72 212
137 145
46 236
211 71
2 280
184 98
64 218
83 199
127 155
1 281
235 47
269 13
161 121
224 58
177 105
30 252
44 238
81 201
232 50
223 59
63 219
72 210
151 131
152 130
20 262
133 149
255 27
19 263
173 109
196 86
5 277
134 148
194 88
175 107
122 160
190 92
129 153
21 261
41 241
228 54
55 227
68 214
51 231
156 126
17 265
134 150
181 101
230 52
155 127
199 83
229 53
57 225
143 139
170 112
244 38
262 20
111 171
213 69
23 259
100 182
101 181
225 57
263 19
154 128
104 178
48 234
268 14
236 46
42 240
97 185
201 81
18 264
220 62
260 22
165 117
114 168
85 197
43 239
182 100
164 118
136 146
166 116
202 80
34 248
198 84
240 42
200 82
261 21
210 72
171 111
118 164
274 8
14 268
193 89
86 196
237 45
66 216
76 206
140 142
247 35
221 61
28 254
52 230
208 74
218 64
27 255
94 188
217 65
204 78
84 198
148 134
98 184
67 215
6 276
130 152
71 211
215 67
163 119
250 32
0 282
31 251
24 259
221 62
28 255
10 273
145 138
167 116
141 142
4 279
59 224
238 45
213 70
210 73
7 276
274 9
226 57
149 134
38 245
171 112
241 42
218 65
40 243
166 117
204 79
180 105
203 80
211 72
70 213
32 251
39 244
180 103
164 119
119 164
231 52
143 140
122 161
199 84
236 47
251 32
207 76
201 82
87 196
25 258
237 46
248 35
48 235
130 153
77 206
103 180
206 77
78 205
184 99
239 44
173 110
67 216
257 26
188 95
17 266
128 155
170 113
224 59
60 223
247 36
127 156
190 93
74 209
98 185
227 56
99 184
229 54
82 201
81 202
36 247
262 21
100 183
57 226
260 23
240 43
29 254
192 91
84 199
196 87
219 64
41 242
80 203
133 150
61 222
31 252
212 71
256 27
250 33
110 173
198 85
150 133
266 17
267 16
254 29
155 128
277 6
26 257
112 171
27 256
225 58
209 74
95 188
13 270
200 83
272 11
259 24
132 151
235 48
249 34
84 201
215 68
233 50
83 200
53 230
202 81
157 126
194 89
153 130
117 166
144 139
101 182
142 141
3 280
129 154
193 90
66 217
242 41
47 236
234 49
191 92
223 60
156 127
51 232
244 39
46 237
243 40
0 283
205 78
94 189
62 221
269 14
125 158
140 143
91 192
154 129
90 193
72 211
228 55
109 174
107 176
104 179
63 220
182 101
136 147
222 61
131 152
161 124
43 240
44 239
189 94
64 219
20 263
114 169
273 10
97 186
184 101
183 100
263 20
174 109
96 187
216 67
176 107
8 275
2 281
55 228
152 131
42 241
85 198
208 75
147 136
45 238
165 118
11 272
255 28
268 15
252 31
220 63
102 181
195 88
270 13
181 102
177 106
265 18
23 260
123 160
14 269
151 132
71 212
79 204
232 51
163 120
111 172
138 145
30 253
227 58
52 231
126 157
168 115
105 178
118 167
54 229
197 86
214 69
1 282
50 233
16 267
33 250
34 249
69 214
108 175
124 159
185 98
245 38
135 148
5 278
88 195
230 53
35 248
137 146
113 170
118 165
139 144
178 105
217 66
161 122
264 19
21 262
106 177
134 149
146 137
58 225
162 121
12 271
75 208
275 8
68 215
73 210
109 176
19 264
246 37
65 218
271 12
37 246
106 178
10 274
105 179
71 213
130 154
5 279
151 133
216 68
222 62
269 15
148 136
91 193
22 262
228 56
284 0
233 51
204 80
49 235
13 271
83 201
29 255
244 40
6 278
213 71
16 268
188 96
129 155
179 105
256 28
246 38
140 144
272 12
274 10
155 129
253 31
234 50
167 117
85 201
157 127
195 89
162 122
15 269
241 43
192 92
242 42
175 109
212 72
265 19
153 131
158 126
58 226
73 211
111 173
40 244
131 153
78 206
276 8
236 48
202 82
31 253
56 228
199 85
214 70
127 157
109 175
166 118
227 57
47 237
57 227
25 259
123 161
247 37
21 263
138 146
84 200
258 26
176 108
143 141
9 275
209 75
229 55
277 7
2 282
251 33
219 65
231 53
208 76
188 98
189 95
64 220
50 234
260 24
237 47
107 177
206 78
168 116
66 218
126 158
252 32
259 27
197 87
223 61
249 35
17 267
282 2
161 123
270 14
267 17
257 27
103 181
118 166
266 18
81 203
187 97
154 130
101 183
218 66
51 233
24 260
146 138
1 283
196 88
135 149
215 69
232 52
53 231
48 236
4 280
255 29
133 151
125 159
182 102
38 246
41 243
165 119
98 186
35 249
27 257
217 67
88 196
181 103
59 225
67 217
132 152
156 128
26 258
65 219
76 208
97 187
239 45
61 223
211 73
245 39
174 110
3 281
221 63
262 22
2 284
224 60
163 121
75 209
69 215
238 46
205 79
185 99
60 224
139 145
82 202
114 170
32 252
201 83
149 135
273 11
167 121
34 250
100 184
23 261
79 205
194 90
145 139
207 77
203 81
191 93
7 277
177 107
184 100
136 148
119 165
43 241
162 124
128 156
14 270
20 264
63 221
160 124
225 59
37 247
63 223
124 160
112 172
210 74
86 198
95 189
55 229
166 120
85 199
250 34
33 251
94 190
184 102
52 232
275 9
185 101
11 273
226 58
104 180
147 137
190 94
54 230
264 20
77 207
263 21
268 16
137 147
169 115
171 113
113 171
87 197
12 272
44 240
261 23
28 256
235 49
102 182
152 132
99 185
110 174
45 239
46 238
42 242
142 142
170 114
180 104
96 188
220 64
70 214
243 41
108 176
66 219
51 234
71 214
150 135
244 41
23 262
211 74
238 47
108 177
81 204
92 193
19 266
17 268
125 160
216 69
143 142
199 86
146 139
140 145
179 106
185 102
279 6
129 156
277 8
158 127
11 274
93 192
138 147
276 9
153 132
246 39
32 253
12 273
263 22
142 143
16 269
173 112
167 118
88 197
204 81
111 174
37 248
102 183
247 38
260 27
119 166
63 222
78 207
30 255
132 153
236 49
241 44
68 219
259 26
83 202
8 277
114 171
133 152
278 7
67 218
147 138
63 224
65 220
43 242
261 24
95 190
200 85
52 233
251 34
225 60
208 77
280 5
272 13
273 12
191 94
282 3
181 104
123 162
192 93
190 95
13 272
214 71
6 279
5 280
193 92
285 0
265 20
171 114
50 235
207 78
112 173
166 121
255 30
245 40
89 196
54 231
2 283
168 117
209 76
20 267
34 251
194 91
94 191
174 111
160 125
157 128
254 31
42 243
257 28
22 263
48 237
231 54
141 144
284 1
69 216
131 154
46 239
75 210
184 103
20 265
164 121
260 25
172 113
156 129
86 199
87 198
136 149
198 87
98 187
139 146
1 284
82 203
262 23
169 116
137 148
4 281
28 257
188 97
120 165
38 247
186 99
183 102
206 79
271 14
212 73
232 53
197 88
56 229
220 65
45 240
252 33
101 184
237 48
105 180
26 259
256 29
228 57
24 261
15 270
151 134
162 123
126 159
64 221
90 195
202 83
68 217
248 37
36 249
76 209
269 16
275 10
226 59
155 130
55 230
170 115
80 205
221 64
218 67
62 223
223 62
213 72
106 179
165 120
182 103
110 175
49 236
175 110
217 68
196 89
166 119
215 70
14 271
100 185
104 181
107 178
249 36
267 18
185 100
234 51
250 35
178 107
253 32
159 126
10 275
233 52
96 189
240 45
74 211
127 158
70 215
77 208
47 238
33 252
59 226
91 194
239 46
3 282
274 11
144 141
187 98
7 278
29 256
58 227
283 2
270 15
186 101
18 267
210 75
201 84
242 43
115 170
224 61
85 200
79 206
154 131
177 108
152 133
57 228
203 82
167 120
60 225
230 55
149 136
41 244
80 206
107 179
147 139
197 89
62 224
164 122
126 160
90 196
205 81
282 4
27 259
231 55
75 211
236 50
6 280
14 272
244 42
263 23
248 38
148 138
179 107
214 72
232 56
270 16
73 213
141 145
11 275
174 112
284 2
46 240
91 195
277 9
273 13
170 116
165 121
131 155
108 178
177 109
74 212
71 215
132 154
150 136
115 171
173 113
33 253
192 98
114 172
48 238
187 101
213 73
254 32
167 119
146 140
13 273
34 252
252 34
264 22
9 277
120 166
105 181
98 188
216 70
285 1
160 126
206 80
183 103
286 0
242 44
247 39
204 82
192 94
232 54
10 276
69 217
81 205
158 128
261 25
43 243
143 143
66 220
237 49
209 77
103 183
77 209
16 270
7 279
50 236
240 46
221 65
187 99
199 87
198 88
178 108
137 149
269 17
40 246
21 267
210 76
34 254
20 266
241 45
52 234
134 152
53 233
136 150
224 62
281 5
138 148
246 40
230 56
155 131
89 197
200 86
4 282
94 192
175 111
235 51
262 24
55 231
101 185
275 11
106 180
8 278
256 30
72 214
201 85
21 265
152 134
272 14
215 71
226 60
234 52
49 237
169 117
42 244
96 190
135 151
218 68
76 210
145 141
238 48
15 271
149 137
243 43
18 268
154 132
60 226
112 174
168 118
65 221
142 144
225 61
44 242
156 130
97 189
3 283
220 66
203 83
182 104
276 10
258 28
130 156
79 207
257 29
121 165
191 95
186 100
32 254
35 251
176 110
279 7
123 163
129 157
266 20
190 96
83 203
186 102
57 229
56 230
184 104
194 92
144 142
193 93
283 3
245 41
51 235
229 57
116 170
67 219
219 67
139 147
140 146
171 115
12 274
1 285
23 263
37 249
151 135
64 222
278 8
128 158
185 103
29 257
100 186
163 123
31 255
38 248
222 64
124 162
111 175
95 191
59 227
153 133
249 37
45 241
260 26
207 79
58 228
251 35
93 193
208 78
19 267
202 84
82 204
268 18
250 36
255 31
195 91
99 187
92 194
39 247
265 21
28 258
88 198
54 232
253 33
113 173
25 261
61 225
86 200
280 6
68 218
104 182
271 15
5 281
24 262
212 74
189 97
172 114
67 220
222 65
249 38
221 66
91 196
130 157
154 133
29 258
178 109
82 205
169 118
54 233
248 39
243 44
126 161
107 180
254 33
279 8
280 7
50 237
187 102
151 136
173 114
72 215
100 187
115 172
84 203
94 193
62 225
76 211
39 248
11 276
287 0
81 206
16 271
140 147
46 243
270 17
40 247
276 11
216 71
236 51
220 69
200 87
139 148
101 186
171 116
283 4
170 117
183 104
192 99
201 86
256 31
146 141
207 80
155 132
186 103
93 194
232 55
231 56
214 73
190 97
160 127
211 76
264 23
65 222
83 204
135 152
235 52
25 262
215 72
206 81
73 214
241 46
192 95
286 1
278 9
202 85
262 25
136 151
236 53
14 273
56 231
118 169
59 228
209 78
83 206
224 63
113 174
225 62
156 131
48 239
255 32
31 256
271 16
240 47
282 5
121 166
23 264
111 176
212 75
18 269
258 29
104 183
145 142
251 36
88 199
152 135
17 270
35 252
208 79
230 57
120 167
96 191
6 281
229 58
69 218
53 234
143 144
226 61
265 22
194 93
119 168
10 277
52 235
32 255
253 34
22 265
165 122
285 2
105 182
245 42
268 19
238 49
267 20
175 112
9 278
123 164
220 67
191 96
237 50
161 126
8 279
28 259
109 178
106 181
234 53
47 240
124 163
49 238
92 195
74 213
122 165
61 226
110 177
164 123
4 283
198 89
87 200
98 189
129 158
148 139
180 107
246 41
266 21
284 3
26 261
218 69
247 40
46 241
77 210
99 188
132 155
34 253
263 24
269 18
19 268
239 48
191 98
204 83
7 280
203 84
193 98
38 249
5 284
21 266
30 257
127 160
144 143
133 154
78 209
112 175
114 173
195 92
1 286
182 105
55 232
187 100
95 192
12 275
138 149
168 119
36 251
116 171
261 26
157 130
250 37
45 242
223 64
227 60
272 15
102 185
128 159
51 236
43 244
176 111
174 113
44 243
213 74
79 208
274 13
33 254
149 138
42 245
5 282
199 88
142 145
275 12
177 110
244 43
0 287
252 35
131 156
41 246
172 115
58 229
13 274
257 30
158 129
205 82
217 70
89 198
43 245
288 0
194 94
278 10
240 48
211 77
73 215
58 230
142 146
172 116
139 149
126 162
227 61
236 52
207 81
92 196
244 44
81 207
136 152
285 3
107 181
281 7
197 91
85 203
173 115
72 216
264 26
174 114
193 95
47 241
78 210
180 108
160 128
164 124
74 214
36 252
90 198
87 201
38 250
189 99
10 278
82 206
44 244
61 227
220 68
221 69
105 183
75 213
199 89
273 15
237 51
122 166
97 191
256 32
91 197
133 155
259 29
152 136
96 192
79 209
32 256
113 175
188 100
70 218
1 287
137 151
26 262
57 231
217 71
112 176
62 226
165 123
191 99
268 20
271 17
15 273
115 173
22 266
145 143
275 13
4 284
229 59
163 125
248 40
274 14
250 38
257 33
13 275
280 8
255 33
216 72
117 171
156 132
110 178
47 243
46 242
100 188
19 269
52 236
29 259
245 43
177 111
124 164
6 282
263 25
80 208
11 277
16 272
60 228
53 235
253 35
101 187
3 285
257 31
194 98
233 55
83 205
175 113
25 263
42 246
276 12
132 156
198 90
230 58
108 180
279 9
7 281
9 279
223 65
269 19
118 170
131 157
51 237
35 253
267 21
128 160
246 42
212 76
195 93
262 26
77 211
65 223
209 79
264 24
88 200
6 284
254 34
130 158
18 270
69 221
190 98
37 251
59 229
144 144
31 257
183 105
222 66
284 4
248 42
30 258
48 240
119 169
283 5
157 131
176 112
206 82
39 249
187 103
98 190
238 50
208 80
178 110
14 274
127 161
54 236
162 126
89 199
0 288
27 261
235 53
243 45
140 148
114 174
67 221
159 129
155 133
282 6
150 138
225 63
201 87
258 30
23 265
218 70
5 285
94 194
202 86
210 78
224 64
66 222
239 49
104 184
33 255
214 74
121 167
241 47
247 41
55 233
102 186
252 36
169 119
8 280
116 172
204 84
249 39
231 57
147 141
272 16
196 92
141 147
71 217
111 177
203 85
171 117
170 118
138 150
149 139
234 54
192 96
40 248
154 134
56 232
54 234
123 165
287 1
95 193
143 145
50 238
125 163
200 88
286 2
266 22
182 106
49 239
120 168
69 220
230 59
155 134
222 67
141 148
277 12
226 63
55 234
273 16
113 176
253 36
7 282
199 90
109 180
146 143
20 269
102 187
149 140
114 175
251 38
93 196
91 198
9 280
256 33
10 279
249 42
209 80
105 184
118 171
115 174
142 147
212 77
39 250
95 194
182 107
100 189
221 68
239 50
248 41
143 148
129 160
249 40
264 25
270 19
205 84
235 54
81 208
169 120
242 47
127 162
247 42
28 261
49 240
64 225
281 8
96 193
260 29
74 215
288 1
285 4
172 117
8 281
284 5
124 165
42 247
50 239
194 95
30 259
29 260
167 124
25 264
15 274
198 91
238 51
178 111
120 169
279 10
263 26
244 45
106 183
271 18
16 273
164 125
44 245
80 209
224 65
201 88
206 83
202 87
215 74
62 227
200 89
128 161
23 266
175 114
190 99
227 62
261 28
99 190
82 207
225 64
161 128
18 271
143 146
107 182
66 223
283 6
203 86
180 109
59 230
61 228
152 137
70 219
90 199
165 124
134 155
72 217
252 37
197 92
150 139
153 136
43 246
170 119
132 157
258 31
57 232
196 93
280 9
38 251
111 178
40 249
12 277
117 172
245 44
119 170
231 58
237 52
171 118
207 82
51 238
4 285
241 48
148 141
135 154
79 210
159 130
193 96
133 156
17 272
268 21
160 129
84 205
33 256
163 126
85 204
248 43
176 113
289 0
173 116
78 211
144 145
188 103
194 97
48 241
177 112
137 152
65 224
125 164
162 127
104 185
36 253
228 61
73 216
1 288
254 35
272 17
208 81
2 287
14 275
154 135
101 188
88 201
286 3
121 170
56 233
3 286
139 150
126 163
191 100
89 200
98 191
274 15
276 13
156 133
122 167
217 72
262 27
174 115
204 85
75 214
189 104
269 20
216 73
71 218
27 262
26 263
138 151
68 221
19 270
157 132
24 265
183 106
112 177
255 34
213 76
278 11
108 181
53 236
266 23
179 110
216 75
158 131
47 242
67 222
246 43
129 162
250 39
257 32
94 195
147 142
27 264
265 24
234 55
229 60
58 231
267 22
223 66
5 286
243 46
31 258
6 283
131 158
166 123
37 252
76 213
110 179
63 226
219 70
145 144
55 236
97 192
60 229
211 78
13 276
116 173
189 100
80 210
265 25
43 247
36 254
217 73
232 58
218 72
256 34
238 52
99 191
51 239
235 55
135 155
48 242
164 126
79 211
110 180
182 108
201 89
126 164
13 277
188 104
62 228
211 79
285 5
275 15
149 141
280 10
195 95
262 28
136 154
287 3
106 184
25 265
167 123
185 105
278 12
233 57
33 257
56 234
101 189
1 289
199 91
91 199
134 156
204 86
0 290
138 152
190 100
112 178
161 129
290 0
14 276
250 40
133 157
255 35
81 209
35 255
114 176
274 16
228 62
151 139
245 45
258 32
68 222
28 262
179 111
125 165
219 71
88 202
50 240
78 212
148 142
100 192
95 195
82 208
129 161
198 92
143 147
92 198
11 279
227 63
286 4
90 200
263 27
247 43
202 88
169 121
183 107
200 90
108 182
266 24
117 173
30 260
67 223
93 197
111 179
159 131
210 80
229 61
189 101
85 205
153 137
189 105
253 37
145 145
100 190
240 50
137 153
224 66
128 162
17 273
270 20
70 220
42 248
60 230
39 253
16 274
206 84
58 232
38 252
163 127
175 115
222 68
4 286
157 133
7 283
55 235
184 106
44 246
234 56
239 51
24 266
271 19
158 132
98 192
115 175
94 196
205 85
20 270
131 159
32 258
170 120
160 130
165 125
41 249
120 170
230 60
172 118
109 181
152 138
142 148
147 143
213 77
3 287
226 64
155 135
8 282
181 109
15 275
104 186
64 226
23 267
171 119
276 14
105 185
52 238
121 171
31 259
212 78
207 83
146 144
150 140
178 112
140 150
242 48
194 96
96 194
65 225
61 229
63 227
26 264
273 17
139 151
86 204
132 158
277 13
272 18
73 217
244 46
174 116
2 288
209 81
66 224
269 21
162 128
288 2
12 278
29 261
102 188
113 177
116 174
208 82
225 65
214 76
71 219
260 30
75 215
76 214
53 237
122 168
267 23
252 38
241 49
281 9
19 271
284 6
144 146
197 93
119 171
246 44
124 166
123 167
196 94
254 36
34 256
249 41
282 8
231 59
216 74
49 241
156 134
215 75
168 122
259 31
268 22
18 272
176 114
22 268
173 117
261 29
27 263
289 1
74 216
39 251
168 124
10 280
177 113
177 114
84 207
141 150
98 193
60 231
119 172
80 211
209 82
139 152
184 107
197 94
147 144
238 53
244 47
4 287
251 40
241 50
117 174
227 64
208 83
219 72
21 270
58 233
61 230
114 177
72 219
175 116
202 89
217 74
81 210
106 185
74 217
228 63
16 275
252 39
52 239
29 262
288 3
130 161
146 145
44 247
57 234
186 105
82 209
53 238
64 227
291 0
180 111
188 105
122 169
255 36
51 240
23 268
105 186
83 208
173 118
56 235
269 22
15 276
145 146
131 160
280 11
144 147
149 142
157 134
150 141
28 263
270 21
254 37
20 271
42 249
79 212
203 88
189 102
90 201
236 55
262 29
95 196
207 84
276 15
181 110
162 129
158 133
63 228
272 19
25 266
170 121
9 282
137 154
246 45
8 283
135 156
123 168
224 67
67 224
40 251
76 215
124 167
277 14
166 125
240 51
111 180
273 18
133 158
289 2
274 19
22 269
220 71
260 31
62 229
118 173
224 69
164 127
205 86
168 123
39 252
136 155
154 137
185 106
36 255
165 126
290 1
199 92
161 130
94 197
99 192
85 206
109 182
65 226
179 112
134 157
113 178
196 95
250 41
225 66
112 179
231 60
148 143
190 101
279 12
125 166
256 35
243 48
266 25
183 108
282 9
50 241
152 139
11 280
178 113
214 77
68 223
263 28
285 6
286 5
172 119
14 277
26 265
89 202
107 184
271 20
38 253
268 23
31 260
128 163
200 91
198 93
132 159
102 189
155 136
210 81
160 131
215 76
33 258
176 115
71 220
229 62
120 171
195 96
237 54
66 225
0 291
35 256
261 30
169 122
151 140
2 289
259 32
13 278
278 13
96 195
234 57
156 135
127 164
223 68
91 200
101 190
116 175
73 218
115 176
142 149
153 138
206 85
239 52
86 205
274 17
230 61
247 44
97 194
39 254
93 198
233 58
226 65
281 10
67 226
3 288
49 242
1 290
287 4
87 204
37 254
18 273
10 281
253 38
100 191
212 79
92 199
110 181
182 109
153 139
270 22
35 257
205 87
173 119
223 69
207 85
180 112
255 37
42 250
93 199
279 13
1 291
68 224
276 16
159 133
237 55
149 143
22 270
85 207
94 198
178 114
230 62
119 173
264 28
229 63
261 31
186 106
37 255
150 142
49 243
9 283
157 135
253 39
136 156
196 96
240 52
267 25
53 239
138 154
21 271
201 91
96 196
209 83
210 82
259 33
75 217
146 146
92 200
117 175
106 186
274 18
67 225
203 89
198 94
187 105
84 208
169 123
162 130
274 20
224 68
2 290
76 216
235 57
127 165
3 289
148 144
228 64
160 132
266 26
256 36
10 282
218 74
77 215
252 40
23 269
275 17
20 272
202 90
260 32
182 110
292 0
34 258
174 118
206 86
79 213
245 47
256 38
277 15
33 259
243 49
4 288
90 202
281 11
87 205
81 211
161 131
142 150
123 169
204 88
57 235
64 228
40 252
114 178
83 209
227 65
51 241
16 276
199 93
282 10
183 109
273 19
287 5
97 195
69 223
241 51
254 38
221 71
25 267
132 160
59 233
11 281
23 271
110 182
170 122
89 203
58 234
26 266
73 219
233 59
225 67
19 273
29 263
181 111
272 20
44 248
234 58
268 24
134 158
291 1
115 177
246 46
238 54
220 72
38 254
179 113
262 30
172 120
109 183
226 66
176 116
239 53
105 187
86 206
126 166
78 214
263 29
184 108
82 210
102 190
98 194
108 184
31 261
124 168
166 126
286 6
289 3
280 12
244 48
165 127
14 278
139 153
242 50
71 221
10 284
63 229
152 140
61 231
232 60
155 137
125 167
74 218
65 227
212 80
185 107
116 176
52 240
156 136
145 147
131 161
70 222
32 260
66 226
247 45
24 268
163 129
128 164
45 247
151 141
175 117
50 242
251 41
219 73
91 201
171 121
215 77
17 275
54 238
290 2
99 193
200 92
257 35
120 172
197 95
18 274
190 102
101 191
88 204
112 180
36 256
118 174
137 155
107 185
8 284
113 179
158 134
276 17
16 277
252 41
96 197
3 290
216 77
174 119
144 149
133 160
64 229
65 228
231 62
228 65
90 203
108 185
279 14
206 87
138 155
257 36
6 287
69 224
157 136
230 63
119 174
158 135
68 225
7 286
187 106
218 75
212 81
240 53
200 93
18 275
84 209
92 201
2 291
209 84
24 271
207 86
124 169
63 230
26 267
162 131
98 195
135 158
155 138
283 10
58 235
107 186
12 281
120 173
176 117
89 204
282 11
163 130
113 180
268 25
45 248
156 137
154 139
227 66
85 208
239 54
232 63
20 273
250 43
83 210
198 95
38 255
27 266
127 166
238 55
82 213
291 2
166 127
46 247
136 157
1 292
81 212
286 7
256 39
181 112
97 196
52 241
55 238
199 94
47 246
53 240
123 170
78 215
255 38
261 32
278 15
159 134
289 4
112 181
246 47
86 207
75 218
267 26
150 143
247 46
266 27
109 184
221 72
232 61
34 259
271 22
125 168
160 133
229 64
82 211
13 280
253 40
15 278
140 153
24 269
146 147
116 177
33 260
19 274
245 48
145 148
288 5
263 30
71 222
77 216
106 187
137 156
269 24
42 251
62 231
264 29
128 165
281 12
35 258
234 59
95 198
211 82
184 109
79 214
290 3
167 126
235 58
180 113
147 146
27 268
23 270
132 161
8 285
74 219
30 263
287 6
223 70
151 142
179 114
257 38
143 150
190 103
243 50
205 88
272 21
259 34
10 283
233 60
182 113
153 140
93 200
191 102
102 191
9 284
17 276
29 264
220 73
110 183
262 31
37 256
111 182
115 178
210 83
237 56
280 13
244 49
225 68
44 249
226 67
277 16
105 188
175 118
22 271
242 51
248 45
23 272
203 90
202 91
60 233
43 252
0 293
117 176
273 20
148 145
91 202
186 107
21 272
196 97
161 132
114 179
99 194
292 1
51 242
275 18
241 52
50 243
80 213
70 223
204 89
11 284
185 108
32 261
165 128
172 121
183 110
25 268
213 80
164 129
197 96
28 265
254 39
87 206
260 33
88 205
66 227
41 252
173 120
11 282
170 123
5 288
61 232
131 162
62 232
233 61
211 83
99 195
142 152
147 147
47 247
203 91
19 275
153 141
88 206
241 53
0 294
131 163
277 17
108 186
216 78
208 86
184 110
135 159
284 10
168 126
221 73
209 85
137 157
162 132
207 87
288 6
196 98
59 235
266 28
197 97
125 169
128 166
272 22
267 27
200 94
164 130
22 272
243 51
264 30
201 93
192 102
16 278
173 121
75 219
96 198
3 291
235 59
183 111
104 190
283 11
127 167
282 12
174 120
33 261
63 231
291 3
143 151
152 142
112 182
279 15
141 153
248 46
238 56
210 84
89 205
223 71
270 24
120 174
259 35
254 40
51 243
145 149
49 245
109 185
9 285
250 44
134 160
60 234
249 45
179 115
41 253
181 113
36 258
11 283
126 168
219 75
239 55
180 114
97 197
119 175
106 188
236 58
189 107
121 173
175 119
14 280
212 82
144 150
160 134
199 95
222 72
110 184
149 145
37 257
4 290
246 48
30 264
276 18
245 49
228 66
66 228
123 171
280 14
253 41
133 161
94 200
213 81
150 144
293 1
187 107
205 89
55 239
158 136
165 129
48 246
8 286
286 8
157 137
26 268
177 117
156 138
244 50
240 54
161 133
82 212
231 63
5 289
79 215
227 67
87 207
117 177
139 155
12 282
273 21
182 112
84 210
34 260
17 277
172 122
61 233
80 214
29 265
24 270
191 103
151 143
91 203
169 125
218 76
69 225
100 194
86 208
77 217
167 127
45 249
13 281
271 23
242 52
118 176
148 146
278 16
146 148
159 135
132 162
1 293
83 211
38 256
44 250
251 43
2 292
234 60
138 156
27 267
232 62
237 57
114 180
71 223
50 244
163 131
186 108
220 74
81 213
107 187
166 128
116 178
76 218
21 273
257 37
294 0
52 242
255 39
290 4
287 7
206 88
20 274
103 191
65 229
229 65
252 42
35 259
98 196
281 13
122 172
54 240
18 276
185 109
28 266
70 224
105 189
6 288
289 5
85 209
78 216
265 29
32 262
43 251
140 154
262 32
269 25
292 2
226 68
260 34
136 158
25 269
93 201
42 252
15 279
171 123
7 287
154 140
186 109
192 103
39 256
104 191
212 83
215 80
154 141
133 162
0 295
287 8
48 247
263 32
167 128
59 236
278 17
180 115
79 216
86 209
159 136
201 94
41 254
83 212
80 215
240 55
128 167
87 208
237 58
218 77
145 150
8 287
254 41
108 187
209 86
282 13
14 281
169 126
140 155
89 206
146 149
233 62
162 133
268 27
44 251
231 64
200 95
90 205
205 90
161 134
150 145
255 40
293 2
129 166
94 201
191 104
230 65
269 26
214 81
88 207
225 70
196 99
51 244
172 123
96 199
174 123
279 18
250 45
216 79
76 219
38 257
184 111
125 170
2 293
243 52
17 278
5 290
7 288
141 154
1 294
25 270
119 176
70 225
281 14
253 42
208 87
123 174
289 6
235 62
223 72
60 235
164 131
12 283
282 15
267 28
291 4
280 15
244 51
55 240
174 121
42 253
165 130
183 112
32 263
226 69
276 19
65 230
109 186
114 181
271 24
194 101
13 282
120 175
78 217
270 25
15 280
20 275
156 139
122 173
31 264
97 198
188 107
220 75
26 269
45 250
210 85
251 44
153 142
67 228
34 261
85 210
173 122
258 37
62 233
50 245
198 97
123 172
142 153
185 110
113 182
292 3
30 265
246 49
3 292
105 190
213 82
229 66
63 232
262 33
144 151
252 43
203 92
68 229
197 98
118 177
273 22
277 18
248 47
16 279
71 224
283 12
151 144
49 246
235 60
37 258
247 48
19 276
266 29
227 68
152 143
219 76
260 35
121 174
224 71
272 23
264 31
95 200
178 117
106 189
175 120
36 259
33 262
52 243
286 9
221 74
136 159
81 214
46 249
93 202
54 241
157 138
236 59
259 36
238 57
242 53
265 30
69 226
177 118
170 125
149 146
284 11
290 5
181 114
137 158
110 185
176 119
28 267
294 1
261 34
92 203
279 16
189 108
91 204
9 286
245 50
163 132
117 178
47 248
204 91
4 291
206 89
143 152
228 67
111 184
193 102
295 0
127 168
112 183
148 147
202 93
99 196
134 161
18 277
66 229
126 169
138 157
168 127
124 171
217 78
100 195
135 160
132 163
58 237
21 274
199 96
160 135
107 188
249 46
22 273
281 15
129 167
137 159
80 216
81 215
171 125
266 30
124 172
175 121
128 168
123 173
112 184
228 68
147 149
259 37
75 221
154 142
114 182
267 29
16 280
93 203
270 26
10 286
47 249
88 208
263 33
76 220
89 207
282 14
135 161
141 155
124 174
252 44
72 224
107 189
66 230
40 256
153 143
204 92
221 75
161 135
179 117
177 119
1 295
279 17
254 42
36 260
238 58
200 96
42 254
199 97
33 263
30 266
186 110
143 153
209 87
212 84
139 157
119 177
225 71
262 34
191 105
78 218
169 127
163 133
115 181
250 46
150 146
102 194
277 19
244 52
138 158
178 118
54 242
296 0
132 164
106 190
7 289
292 4
237 59
45 251
240 56
53 243
249 47
243 53
169 129
273 23
196 100
118 178
293 3
5 291
77 219
224 72
158 138
148 148
251 45
142 154
211 85
46 250
9 287
92 204
15 281
146 150
205 91
108 188
63 233
55 241
287 9
216 80
94 202
86 210
110 186
291 5
58 238
120 176
268 28
214 82
0 296
126 170
164 132
8 288
105 191
96 200
213 83
56 240
278 18
20 276
113 183
127 171
197 99
31 265
156 144
134 162
14 282
22 274
62 234
121 175
235 61
68 228
159 137
64 232
210 86
35 261
140 156
59 237
90 206
73 223
79 217
264 32
71 225
91 205
13 283
193 103
170 126
38 258
166 130
248 48
70 226
261 35
294 2
253 43
246 50
180 116
187 109
223 73
208 88
188 108
288 8
181 115
271 25
97 199
151 145
219 77
125 171
168 128
100 196
255 41
284 12
195 101
99 197
177 121
19 277
60 236
48 248
226 70
215 81
217 79
4 292
173 123
165 131
162 134
67 229
39 257
152 144
201 95
157 139
160 136
61 235
220 76
155 143
116 180
269 27
229 67
133 163
117 179
241 55
3 293
26 270
176 120
172 124
272 24
230 66
136 160
203 93
206 90
218 78
84 212
174 122
41 255
51 245
98 198
49 247
32 264
208 90
274 22
127 169
222 74
144 152
184 112
52 244
149 147
295 1
194 102
231 65
29 267
21 275
234 62
6 290
130 166
260 36
18 278
289 7
285 11
85 211
37 259
135 162
125 172
37 260
87 210
58 239
158 139
61 236
290 7
22 275
206 91
253 44
210 87
283 14
183 114
117 180
67 230
114 183
53 244
71 226
240 57
180 117
181 116
260 37
115 182
11 286
69 228
219 78
217 80
263 34
107 190
155 144
252 45
212 87
50 247
195 102
29 268
289 8
204 93
202 95
13 284
247 50
297 0
110 187
221 76
173 124
162 135
244 53
236 61
66 231
201 96
223 74
40 257
108 189
46 251
171 126
99 198
28 269
177 120
292 5
172 125
199 98
295 2
256 41
211 86
226 71
35 262
150 147
241 56
209 88
248 49
106 191
203 94
281 16
245 52
92 205
258 39
278 19
98 199
250 47
86 211
156 141
6 291
191 106
30 267
77 220
109 188
154 143
262 35
26 271
70 227
49 248
273 24
140 157
93 204
77 222
186 111
220 77
237 60
78 219
16 281
271 26
120 177
102 195
179 118
63 234
34 263
119 178
62 235
59 238
272 25
143 154
156 145
18 279
197 100
129 168
277 20
254 43
36 261
56 241
54 243
127 170
5 292
275 22
246 51
161 136
146 151
291 6
178 119
280 17
213 84
75 222
130 167
182 115
214 83
152 145
144 153
76 221
284 13
147 150
85 212
149 148
91 206
19 278
74 223
215 82
39 258
269 28
192 105
265 32
227 70
170 127
10 287
80 217
103 194
205 92
31 266
72 225
207 90
188 109
151 146
239 58
165 132
225 72
153 144
228 69
155 142
232 65
8 289
267 30
187 110
131 166
218 79
198 99
52 245
137 160
1 296
33 264
175 122
96 201
133 164
136 161
55 242
293 4
276 21
2 295
138 159
81 216
287 10
167 130
164 133
60 237
160 137
145 152
100 197
216 81
259 38
41 256
249 48
73 224
82 215
112 185
42 255
168 129
193 104
124 173
208 89
264 33
116 181
288 9
141 156
212 85
194 103
243 56
184 117
157 140
270 27
105 192
274 23
134 163
89 208
177 122
43 254
224 73
15 282
48 249
185 112
139 158
95 202
142 155
196 101
21 276
84 213
229 68
132 165
231 66
261 36
79 218
3 294
121 176
183 116
266 31
222 75
209 90
148 149
101 196
169 128
0 297
14 283
9 288
234 63
126 171
88 209
65 232
286 11
230 67
238 59
20 277
268 29
113 184
296 1
258 40
8 290
114 184
206 92
250 48
273 25
134 164
183 115
292 6
73 225
78 220
121 177
242 56
243 57
61 237
196 102
265 33
151 147
262 36
1 297
168 130
136 162
148 150
216 82
12 286
183 117
203 95
263 35
97 201
184 114
286 12
257 41
52 246
276 24
180 118
29 269
156 146
288 10
240 58
92 206
170 128
182 116
220 78
30 268
224 74
24 274
260 38
160 138
199 99
125 173
247 51
243 55
138 160
268 30
146 152
225 73
108 190
212 88
62 236
290 8
214 84
249 49
219 79
142 156
14 284
264 34
261 37
218 80
126 172
156 142
74 224
294 4
293 5
270 28
88 210
184 116
18 280
171 127
165 133
95 203
230 68
128 170
36 262
285 13
47 251
152 146
40 258
158 140
245 53
133 165
212 86
58 240
207 91
102 196
64 234
193 105
137 161
173 125
32 266
244 56
217 81
54 244
209 89
269 29
259 39
130 168
186 112
296 2
200 98
77 223
105 193
22 276
0 298
85 213
143 155
83 215
222 76
232 66
223 75
276 22
28 270
254 44
215 83
204 94
185 113
89 209
150 148
43 255
234 64
106 192
179 119
139 159
118 180
20 278
272 26
71 227
178 120
5 293
93 205
49 249
3 295
65 233
141 157
103 195
91 207
154 144
67 231
287 11
19 279
86 212
238 60
10 288
251 47
140 158
41 257
266 32
38 260
37 261
284 14
122 176
194 104
11 287
98 200
119 179
205 93
201 97
129 169
277 21
70 228
281 17
162 136
192 106
195 103
100 198
115 183
213 85
82 216
271 27
246 52
144 154
239 59
56 242
42 256
7 291
135 163
255 43
198 100
75 223
44 254
228 70
229 69
72 226
256 42
21 277
131 167
60 238
39 259
176 122
9 289
278 20
23 275
120 178
166 132
226 72
81 217
66 232
244 54
87 211
161 137
237 61
53 245
57 241
96 202
275 23
35 263
77 221
113 185
297 1
13 285
4 294
157 141
63 235
227 71
48 250
210 88
211 87
252 46
197 101
295 3
79 219
132 166
107 191
16 282
116 182
6 292
50 248
231 67
76 222
15 283
164 134
221 77
26 272
34 264
163 135
188 110
153 145
253 45
241 57
110 188
181 117
187 111
116 183
228 71
234 65
126 173
93 206
96 203
67 232
238 61
201 98
58 241
37 262
281 18
159 140
83 216
299 0
82 217
224 75
30 269
65 234
71 228
277 24
157 142
150 149
72 227
171 128
295 4
135 164
88 211
227 72
123 176
17 282
57 242
286 13
232 67
50 249
204 95
246 53
92 207
220 79
76 223
168 131
3 296
130 169
273 26
230 69
91 208
43 256
251 48
121 178
226 73
153 146
243 58
254 45
68 231
271 28
188 111
279 20
133 166
79 220
197 102
39 260
193 106
265 34
185 114
284 15
199 100
129 170
270 29
33 266
25 274
210 89
64 235
49 250
268 31
18 281
241 58
101 198
176 123
182 117
158 141
194 105
294 5
240 59
7 292
31 268
140 159
9 290
288 11
24 275
256 43
22 277
19 280
104 195
293 6
10 289
40 259
106 193
221 78
151 148
161 138
60 239
29 270
175 124
248 51
117 182
62 237
75 224
118 181
89 210
252 47
184 115
195 104
11 288
137 162
41 258
85 214
164 135
215 84
97 202
26 273
54 245
160 139
211 88
86 213
146 153
134 165
141 158
32 267
278 21
122 177
237 62
235 64
102 197
132 167
55 244
179 120
163 136
120 179
296 3
200 99
242 57
172 127
167 132
59 240
283 16
12 287
223 76
264 35
173 126
70 229
249 50
23 276
74 225
46 253
149 150
98 201
103 196
56 243
152 147
145 154
0 299
259 40
111 188
282 17
147 152
42 257
292 7
63 236
5 294
20 279
192 107
219 80
262 39
263 36
16 283
21 278
231 68
80 219
253 46
276 23
35 264
244 55
144 155
142 157
289 10
205 94
81 218
236 63
119 180
90 209
260 39
78 221
113 186
250 49
155 146
38 261
14 285
202 97
269 30
45 254
290 9
266 33
245 54
274 25
131 168
247 52
136 163
154 145
139 160
165 134
110 189
257 42
180 119
6 293
47 252
115 184
298 1
181 118
272 27
213 86
15 284
222 77
216 83
255 44
87 212
108 191
34 265
53 246
105 194
166 133
44 255
217 82
156 147
2 297
207 92
297 2
261 38
186 113
233 66
135 165
11 291
192 110
247 53
170 130
206 94
211 89
163 137
228 72
17 283
172 128
73 227
207 93
231 69
56 244
120 180
265 35
46 254
144 156
31 269
37 263
224 76
266 34
175 125
23 277
33 267
150 150
65 235
70 230
187 113
275 27
24 276
225 75
259 41
277 23
67 233
267 33
193 107
60 240
222 78
101 199
292 8
118 182
181 119
237 63
166 134
93 207
43 257
256 44
194 106
198 102
69 231
145 155
18 282
71 229
80 220
26 274
11 289
127 173
39 261
261 39
235 65
115 185
291 9
278 22
93 209
51 249
19 281
280 20
195 105
130 170
84 216
111 189
274 26
7 293
13 287
210 92
158 142
298 2
202 98
61 239
223 77
83 217
140 160
14 286
129 171
110 190
241 59
199 101
282 18
299 1
16 284
275 25
134 166
20 280
12 288
257 43
74 226
180 120
164 136
214 86
283 17
54 246
205 95
153 147
293 7
151 149
258 42
87 213
242 58
188 112
88 212
208 92
47 253
201 99
9 291
157 143
229 71
236 64
196 104
147 153
133 167
92 208
3 297
34 266
138 162
273 27
35 265
250 50
22 278
219 81
234 66
40 260
136 164
36 264
221 79
117 183
0 300
104 196
6 296
58 242
121 179
167 133
189 111
215 85
81 219
103 197
91 209
86 214
289 11
66 234
42 258
116 184
239 61
50 250
12 292
269 31
272 28
5 295
154 146
271 29
174 126
217 83
169 131
41 259
162 138
270 30
72 228
141 159
102 198
176 124
248 52
279 21
25 275
179 121
119 181
290 10
109 191
97 203
295 5
123 177
263 39
59 241
44 256
29 271
240 60
262 38
126 174
10 290
90 210
8 292
113 187
182 118
63 237
253 47
262 40
112 188
297 3
260 40
139 161
79 221
21 279
186 114
218 82
75 225
161 139
107 193
245 55
38 262
160 140
53 247
185 115
171 129
263 37
55 245
148 152
232 68
165 135
76 224
192 108
62 238
52 248
27 273
252 48
1 299
285 15
143 157
64 236
105 195
149 151
142 158
294 6
216 84
227 73
238 62
6 294
255 45
98 202
132 168
159 141
49 251
131 169
155 147
2 298
197 103
251 49
286 14
152 148
296 4
128 172
15 285
249 51
300 0
246 54
284 16
7 296
128 173
48 253
32 269
286 15
253 48
249 52
224 77
55 246
113 188
138 163
193 108
217 84
12 289
85 216
300 1
109 192
170 131
34 267
16 285
282 19
261 40
118 183
53 248
270 31
153 148
263 38
98 203
257 44
208 93
100 201
169 132
26 275
93 208
47 254
56 245
27 274
114 187
2 299
104 197
17 284
161 140
95 206
190 111
199 102
299 2
36 265
92 209
274 27
99 202
25 276
164 137
151 150
131 170
67 234
23 278
269 32
83 218
5 296
33 268
8 293
294 7
280 21
219 82
267 34
94 207
69 232
154 147
123 178
60 241
259 42
73 228
57 244
250 51
65 236
143 158
14 287
279 22
42 259
141 160
120 181
116 185
117 184
242 59
22 279
234 67
64 237
70 231
272 29
171 130
149 152
293 8
264 37
281 20
258 43
192 109
301 0
189 112
166 135
133 168
44 257
194 107
251 50
52 249
216 85
75 226
278 23
15 286
210 93
54 247
43 258
158 143
3 298
159 142
103 198
215 86
284 17
290 11
232 69
136 165
295 6
197 104
142 159
39 262
195 106
20 281
236 65
285 16
233 68
181 120
50 251
231 70
221 80
191 110
201 100
106 195
175 126
180 121
173 128
182 119
89 212
121 180
126 175
266 35
198 103
292 9
80 221
91 210
174 127
96 205
202 99
186 115
228 73
230 71
122 179
227 74
10 291
82 219
102 199
265 36
241 60
130 171
237 64
256 45
248 53
11 292
4 297
291 10
74 227
59 242
49 252
37 264
297 4
218 83
206 95
273 28
205 96
260 41
119 182
252 49
226 75
30 271
275 26
19 282
1 300
145 156
162 139
111 190
90 211
163 138
214 87
81 220
167 134
207 94
76 225
86 215
11 290
275 28
61 240
72 229
246 55
84 217
132 169
220 81
63 238
144 157
137 164
46 255
203 98
124 177
135 166
38 263
13 288
29 272
240 61
146 155
51 250
147 154
238 63
254 47
155 148
140 161
296 5
144 159
200 101
6 295
187 114
31 270
235 66
165 136
87 214
223 78
209 92
268 33
41 260
115 186
255 46
62 239
18 283
129 172
229 72
24 277
239 62
105 196
12 291
211 90
176 125
271 30
71 230
107 194
88 213
176 126
46 256
217 85
296 6
91 211
186 116
115 187
223 79
57 245
236 66
232 70
198 104
29 273
139 163
260 42
240 62
270 32
133 169
35 267
52 250
252 50
22 280
38 264
237 65
120 182
235 67
140 162
127 175
30 272
221 81
111 191
105 197
242 60
265 37
271 31
282 20
294 8
249 53
10 292
27 275
150 152
169 133
287 15
174 128
21 281
227 75
76 226
300 2
215 87
171 131
34 268
108 194
5 297
228 74
129 173
8 294
199 103
107 195
273 29
137 165
230 72
188 114
31 271
45 257
279 23
269 33
136 166
284 18
80 222
164 138
166 138
73 229
238 64
248 54
97 205
187 115
202 100
116 186
74 228
297 5
66 236
32 270
121 181
280 22
299 3
144 158
189 113
40 262
241 61
89 213
200 102
291 11
2 300
218 84
90 212
182 120
103 199
124 178
44 258
131 171
196 106
86 216
126 176
170 132
181 121
292 10
142 160
183 119
130 172
122 180
147 155
267 35
55 247
3 299
276 26
141 161
41 261
18 284
214 88
71 231
85 217
109 193
54 248
4 298
216 86
175 127
219 83
253 49
14 288
281 21
224 78
81 221
13 289
43 259
158 144
50 252
75 227
167 135
259 43
114 188
101 201
160 142
180 122
168 134
231 71
272 30
24 278
220 82
233 69
65 237
84 218
100 202
146 156
110 192
123 179
96 206
154 148
33 269
56 246
20 282
212 90
286 16
13 291
92 210
162 140
53 249
39 263
47 255
72 230
163 139
295 7
296 8
191 111
206 96
94 208
60 242
112 190
42 260
88 214
145 157
119 183
7 295
264 38
165 137
17 285
25 277
274 28
37 265
113 189
68 234
134 168
78 224
62 240
77 225
58 244
102 200
99 203
59 243
95 207
151 151
9 293
128 174
98 204
12 290
49 253
135 167
172 130
229 73
209 93
194 108
70 232
63 239
118 184
51 251
161 141
203 99
250 52
283 19
11 293
239 63
72 232
117 185
257 45
67 235
106 196
61 241
288 14
256 46
258 44
82 220
285 17
143 159
87 215
16 286
19 283
197 105
193 109
26 276
293 9
255 47
166 136
190 112
225 77
83 219
254 48
251 51
208 94
149 153
247 55
234 68
301 1
261 41
74 229
98 205
70 233
299 4
232 71
216 87
159 144
128 175
250 53
17 286
288 15
197 106
13 290
64 239
9 294
65 238
278 25
91 212
150 153
224 79
38 265
18 285
162 141
153 150
54 249
28 277
32 271
31 272
243 60
257 46
105 198
238 65
247 56
188 115
76 227
34 269
35 268
301 2
231 72
136 167
115 192
215 88
36 267
14 289
295 8
194 109
195 108
169 134
68 235
287 16
154 149
240 63
271 32
127 176
179 124
22 281
178 125
72 233
4 299
50 253
173 130
242 61
285 18
190 113
72 231
43 260
281 22
294 9
30 273
123 180
277 26
253 50
2 301
203 100
259 44
33 270
28 275
108 195
235 68
252 51
206 97
201 102
78 225
117 186
229 74
87 216
297 8
237 66
61 242
114 189
236 67
115 188
270 33
269 34
170 133
183 120
60 243
300 3
135 168
189 114
218 85
118 185
191 112
66 237
10 293
176 127
199 104
302 1
16 287
181 122
297 6
230 73
81 222
23 280
85 218
160 143
82 221
167 140
202 101
29 274
291 12
286 17
212 91
86 217
73 232
107 196
283 20
58 245
59 244
73 230
233 70
274 29
8 295
303 0
145 158
167 136
83 220
172 133
41 262
143 160
225 78
171 132
164 139
55 248
131 172
267 36
184 119
272 31
79 224
293 10
172 131
146 157
40 263
52 251
100 203
69 234
104 199
20 283
168 135
51 252
89 214
77 226
142 161
151 152
112 191
152 151
113 190
27 276
255 48
177 126
227 76
134 169
182 121
49 254
44 259
57 246
163 140
137 166
116 187
129 174
166 137
221 82
282 21
114 191
226 77
208 95
234 69
175 128
239 64
200 103
121 182
109 194
187 116
97 206
92 211
148 155
71 232
46 257
99 204
19 284
25 278
120 183
256 47
219 84
67 236
132 171
39 264
167 138
42 261
101 202
248 55
139 164
26 277
141 162
111 192
196 107
284 19
62 241
147 156
222 81
205 98
254 49
122 181
241 62
289 14
261 42
265 38
296 7
63 240
165 138
15 288
217 86
166 139
198 105
130 173
292 11
48 255
102 201
5 298
124 179
96 207
95 208
174 129
280 23
24 279
45 258
209 94
254 50
43 261
20 284
24 280
165 139
172 132
23 281
21 283
115 189
67 237
34 270
141 163
240 64
30 274
94 210
269 35
78 226
217 87
200 104
206 98
224 80
258 46
39 265
129 175
303 1
33 271
171 133
294 10
25 279
92 214
56 248
278 26
97 207
53 251
92 212
195 109
96 208
26 278
66 238
222 82
284 20
69 235
208 96
202 102
167 141
169 135
58 246
111 193
191 113
106 198
124 180
148 156
281 23
302 2
173 131
121 183
255 49
180 124
231 73
166 140
31 273
229 75
236 68
237 67
3 301
293 11
162 142
272 32
283 23
15 291
87 217
88 216
151 153
122 182
46 258
220 86
142 162
40 264
1 303
143 161
285 19
116 188
75 229
209 95
300 4
221 83
189 115
168 136
286 18
83 221
118 186
178 126
182 122
68 236
63 241
4 300
65 239
28 276
270 34
261 43
16 288
280 24
167 137
125 179
71 233
95 209
70 234
187 117
19 285
29 275
197 107
287 17
219 85
50 254
62 242
205 99
234 70
163 141
140 164
153 151
114 190
102 202
220 84
60 244
138 166
253 51
128 176
199 105
232 72
204 100
181 123
170 134
136 168
283 21
22 282
282 22
295 9
201 103
35 269
251 53
232 74
248 56
42 262
223 81
132 172
45 259
99 205
84 220
107 197
190 114
152 152
146 158
161 143
183 121
79 225
61 243
5 299
203 101
115 191
73 231
64 240
17 287
101 203
192 112
292 12
9 295
113 191
81 223
10 294
28 278
299 5
114 192
194 110
249 55
243 61
252 52
175 129
164 140
257 47
32 272
218 86
15 289
123 181
277 27
134 170
267 37
82 222
80 224
44 260
160 144
57 247
228 76
185 119
289 15
279 25
90 214
226 78
54 250
259 45
188 116
77 227
239 65
59 245
109 195
274 30
18 286
213 91
110 194
14 290
207 97
184 120
176 128
76 228
89 215
139 165
233 71
105 199
47 257
55 249
147 157
51 253
179 125
154 150
297 7
241 63
131 173
304 0
91 213
196 108
117 187
269 37
36 268
86 218
41 263
98 206
49 255
216 88
242 62
271 33
291 13
273 31
265 39
74 230
225 79
230 74
252 53
79 226
47 258
117 188
142 163
274 31
62 243
299 6
279 26
115 190
8 297
238 69
173 132
165 140
213 92
140 165
266 39
194 111
130 175
80 225
55 250
134 171
96 209
240 65
60 245
113 192
272 33
289 16
225 80
89 216
132 173
278 27
216 89
40 265
302 3
33 272
162 143
166 141
191 114
232 73
221 84
205 100
65 240
70 235
44 261
121 184
78 227
64 241
283 24
207 98
92 213
298 7
95 210
243 62
301 4
27 278
283 22
305 0
144 161
229 76
294 11
199 106
208 97
41 264
192 113
276 29
226 79
179 126
285 20
68 237
110 195
98 207
99 206
20 285
16 291
93 212
63 242
124 181
282 23
125 180
187 118
123 182
50 255
206 99
239 66
174 131
94 211
181 124
295 10
284 21
3 302
97 208
275 30
148 157
23 282
197 108
249 56
270 35
189 116
228 77
192 115
129 176
18 287
137 168
288 17
103 202
254 51
182 123
168 137
271 34
150 155
34 271
291 14
202 103
45 260
37 268
195 110
15 290
19 286
287 18
147 158
109 196
180 125
6 299
268 37
90 215
255 50
186 119
156 149
118 187
67 238
43 262
153 152
53 252
32 273
133 172
269 36
201 104
86 219
92 215
74 231
49 256
25 280
22 283
185 120
218 87
29 276
136 169
141 164
300 5
54 251
10 295
155 150
143 162
265 40
105 200
231 74
102 203
217 88
100 205
35 270
259 46
230 75
176 129
36 269
138 167
200 105
16 289
7 298
46 259
224 81
108 197
281 24
112 193
263 42
248 57
106 199
237 68
104 201
257 48
241 64
178 127
2 303
304 1
151 154
88 217
58 247
177 128
154 151
76 229
149 156
169 136
222 83
267 38
91 214
292 13
85 220
251 54
56 249
111 194
116 189
5 300
234 71
261 44
250 55
101 204
219 86
83 222
273 32
48 257
193 112
198 107
242 63
57 248
84 221
1 304
30 275
171 134
39 266
135 170
286 19
160 145
293 12
25 282
188 117
152 153
59 246
196 109
55 252
204 101
69 236
146 159
220 85
87 218
258 47
82 223
75 230
170 135
139 166
71 234
183 122
21 284
175 130
4 301
126 179
164 141
17 288
51 254
190 115
210 95
61 244
223 82
26 279
120 185
159 146
11 295
67 239
266 40
20 286
241 65
82 224
25 281
267 39
157 149
5 301
17 289
6 300
188 118
165 141
293 13
129 177
111 195
131 175
75 231
116 190
227 79
274 32
276 30
16 290
101 205
179 127
50 256
43 263
222 84
271 35
225 81
87 219
234 72
226 80
38 268
252 54
79 227
64 242
100 206
159 147
140 166
45 261
175 131
201 105
94 212
229 77
120 186
109 197
237 69
103 203
27 279
156 150
104 202
12 294
147 159
81 225
286 20
48 258
198 108
92 216
221 85
193 113
32 274
284 22
4 302
203 103
250 56
132 174
264 42
197 109
60 246
283 25
301 5
24 282
230 76
253 53
144 162
69 237
186 120
249 57
34 272
47 259
282 24
0 310
299 7
202 104
170 136
107 199
90 216
174 134
149 157
30 276
243 63
268 38
152 154
288 18
118 188
181 125
23 283
279 27
305 1
52 254
49 257
192 116
71 235
219 87
218 88
53 253
190 116
169 137
174 132
248 58
255 51
93 213
304 2
110 196
258 48
46 260
239 67
211 95
182 124
151 155
191 115
19 287
280 26
136 170
37 269
0 306
145 161
303 3
183 123
210 96
256 50
84 222
86 220
263 43
91 215
290 16
154 152
163 143
270 36
260 46
180 126
70 236
130 176
306 0
98 208
31 275
117 189
289 17
215 91
176 130
204 102
236 70
55 251
9 297
261 45
126 180
259 47
105 201
207 99
294 12
199 107
208 98
78 228
65 241
196 110
296 10
41 265
177 129
123 183
155 151
106 200
76 230
85 221
26 280
56 250
7 299
192 114
148 158
112 194
277 29
10 296
153 153
139 167
99 207
254 52
150 156
119 187
21 285
66 240
135 171
51 255
2 304
58 248
195 111
8 298
164 142
113 193
233 73
187 119
33 273
205 101
160 146
257 49
292 14
300 6
275 31
142 164
133 173
63 243
278 28
287 19
217 89
194 112
108 198
89 217
61 245
127 179
231 75
138 168
206 100
68 238
223 83
88 218
238 68
200 106
162 144
57 249
95 211
124 182
213 93
262 44
137 169
42 264
97 209
209 97
35 271
18 288
272 34
56 252
80 226
3 303
228 78
121 185
295 11
62 244
189 117
125 181
171 135
40 266
77 229
285 21
291 15
217 90
117 190
13 294
84 223
229 78
193 114
2 305
216 91
70 237
210 97
268 39
77 230
3 304
35 272
100 207
5 302
88 219
265 42
159 148
158 149
244 63
30 277
42 267
296 11
148 159
178 129
62 245
297 10
8 299
237 70
44 263
19 288
187 120
76 231
142 165
136 171
208 99
102 205
45 262
104 203
242 67
281 26
132 175
263 44
260 47
199 108
97 210
69 238
0 309
9 298
51 256
213 94
200 107
49 258
240 67
245 62
219 88
243 64
12 295
182 125
101 206
205 102
257 50
38 269
183 124
227 80
56 251
184 123
81 226
105 202
160 147
180 127
94 213
307 0
285 22
267 40
141 166
196 111
79 228
206 101
274 33
287 20
39 268
272 35
225 82
86 221
66 241
43 264
144 163
202 105
147 160
294 13
22 285
143 164
209 98
124 183
250 57
249 58
113 194
306 3
118 189
189 118
134 173
123 184
122 185
256 51
153 154
4 303
26 281
146 161
161 146
119 188
109 198
110 197
276 31
203 104
71 236
106 201
72 235
234 73
82 225
156 151
239 68
151 156
23 284
254 53
278 29
298 9
226 81
139 168
17 290
303 4
32 275
231 76
1 310
235 72
63 244
112 195
50 257
59 248
291 16
31 276
181 126
152 155
164 143
0 307
290 17
40 267
288 19
215 92
252 55
188 119
137 170
126 181
127 180
211 96
248 59
48 259
145 162
65 242
253 54
277 30
162 145
195 112
299 8
214 93
103 204
18 289
173 134
91 216
1 306
150 157
154 153
258 49
179 128
60 247
11 296
242 65
170 137
74 233
131 176
255 52
57 250
197 110
171 138
7 300
292 15
174 133
53 254
108 199
280 27
282 25
305 2
52 255
111 196
301 6
273 34
223 84
271 36
264 43
130 177
198 109
304 3
20 287
95 212
47 260
173 140
266 41
24 283
21 286
295 12
34 273
133 174
149 158
27 280
302 5
37 270
236 71
61 246
191 116
42 265
172 139
80 227
98 209
165 142
169 138
64 243
175 132
228 79
218 89
46 261
230 77
176 131
261 46
125 182
120 187
186 121
279 28
89 218
163 144
75 232
222 85
78 229
224 83
194 113
172 135
87 220
177 130
68 239
162 146
38 270
79 229
273 35
151 157
225 83
106 202
276 32
205 103
170 138
294 14
236 72
126 182
149 159
191 117
229 79
301 7
200 108
233 75
300 8
60 248
10 298
150 158
292 16
241 67
61 251
123 185
223 85
0 308
143 165
305 3
87 221
272 36
295 13
12 296
117 191
146 162
226 82
184 124
3 305
9 299
242 68
90 218
95 213
30 278
37 271
27 281
45 263
1 309
76 232
263 45
175 133
51 257
4 304
189 119
181 127
172 138
278 30
257 51
65 243
230 78
232 76
252 56
217 91
59 249
131 177
2 306
110 198
206 102
35 275
154 154
7 301
266 42
91 217
195 113
49 259
253 55
137 171
290 18
245 63
122 186
204 104
304 4
178 130
144 164
303 5
74 234
248 60
211 97
289 19
57 251
197 111
302 6
219 89
44 264
120 188
210 98
299 9
119 189
165 143
187 121
202 106
52 256
63 245
172 140
142 166
234 74
185 123
109 199
75 233
213 95
244 64
173 135
77 231
96 212
228 80
28 280
85 223
251 57
129 179
124 184
255 53
171 139
102 206
261 47
19 289
24 284
121 187
269 39
14 294
240 68
237 71
293 15
155 153
78 230
160 148
18 290
125 183
15 293
89 219
260 48
1 307
153 155
107 201
198 110
140 168
31 277
212 96
69 239
222 86
66 242
23 285
60 250
280 28
101 207
62 246
254 54
268 40
152 156
86 222
182 126
298 10
194 114
139 169
47 261
132 176
218 90
50 258
271 37
171 137
22 286
250 58
39 271
99 209
42 266
264 44
5 303
164 144
105 203
183 125
41 267
179 129
118 190
141 167
224 84
114 194
53 255
98 210
46 262
190 118
275 33
39 269
279 29
186 122
220 88
35 273
173 139
286 22
103 205
243 65
262 46
259 49
270 38
163 145
157 151
111 197
72 236
282 26
265 43
216 92
172 136
70 238
43 265
113 195
71 237
82 226
100 208
176 132
128 180
11 297
307 1
306 2
145 163
67 241
208 100
33 275
61 247
13 295
267 41
148 160
281 27
156 152
81 227
20 288
209 99
196 112
246 62
277 31
188 120
258 50
180 128
296 12
159 149
221 87
134 174
36 272
68 240
214 94
29 279
104 204
112 196
58 250
138 170
40 268
287 21
227 81
290 19
112 197
68 241
179 130
238 71
18 291
22 287
134 175
173 138
295 14
233 76
235 74
245 64
270 39
83 226
249 60
221 88
8 301
300 9
130 179
73 236
50 259
275 34
219 90
54 255
47 262
121 188
258 51
199 110
82 227
117 192
259 50
281 28
226 83
23 286
66 243
288 21
52 257
191 118
162 147
246 63
244 65
24 285
227 82
44 265
119 190
230 79
178 131
126 183
287 22
70 239
272 37
70 241
256 53
58 251
113 196
110 199
45 264
180 129
261 48
264 45
97 212
128 181
96 213
202 107
234 75
90 219
98 211
243 66
289 20
197 112
4 305
231 78
260 49
195 114
241 68
210 99
91 218
169 140
307 2
280 29
208 101
302 7
14 295
34 275
203 106
158 151
271 38
276 33
237 72
2 309
60 251
222 87
3 310
95 214
142 167
294 15
215 94
240 69
75 234
228 81
171 140
62 247
89 220
118 191
111 198
150 159
296 13
225 84
186 123
308 1
28 281
116 193
122 187
212 97
153 156
79 230
81 228
9 300
166 143
105 204
49 260
146 163
282 27
254 55
144 165
107 202
204 105
37 272
252 57
170 139
198 111
120 189
115 194
103 206
39 270
104 205
213 96
17 292
85 224
156 153
218 91
140 169
32 277
253 56
43 266
16 293
48 261
26 283
1 308
172 137
187 122
257 52
88 221
10 299
164 145
155 154
125 184
165 144
71 238
60 249
301 8
184 125
102 207
188 121
114 195
84 225
190 119
132 177
2 307
194 115
61 248
46 263
129 180
19 290
304 5
11 298
29 280
61 250
251 58
206 103
160 149
269 40
124 185
27 282
33 276
177 132
53 256
63 246
25 284
232 77
151 158
20 289
64 245
273 36
21 288
214 95
278 31
13 296
211 98
143 166
262 47
161 148
15 294
292 17
6 303
248 61
101 208
163 146
189 120
77 232
279 30
38 271
138 171
224 85
3 306
303 6
196 113
31 278
149 160
176 133
201 108
67 242
263 46
182 127
59 250
123 186
65 244
36 273
78 231
7 302
239 70
223 86
100 209
74 235
152 157
139 170
291 18
255 54
154 155
293 16
173 136
299 10
30 279
35 274
181 128
265 44
305 4
87 222
277 32
285 24
86 223
267 42
207 102
216 93
159 150
205 104
286 23
185 124
99 210
41 268
250 59
274 36
11 299
112 198
103 207
2 308
264 46
38 272
301 9
36 274
171 141
136 174
227 83
220 90
211 99
204 106
72 238
139 171
260 50
196 114
199 111
194 116
183 127
246 64
4 310
134 176
297 13
280 30
162 148
4 306
290 20
101 209
202 108
106 204
41 269
23 287
225 85
141 169
267 43
138 172
157 153
6 304
288 22
117 193
209 101
161 149
168 142
176 134
188 122
49 261
127 183
70 240
98 212
286 24
291 19
126 184
159 151
56 254
158 152
308 2
91 219
26 284
296 14
79 231
163 147
154 156
198 112
37 273
299 11
283 27
266 44
86 224
166 144
50 260
destination
