map
random512-35-4.map
pivot
188 411
agent & start
511 18
511 16
511 17
510 16
510 18
511 15
509 18
510 15
510 17
509 19
509 17
509 15
509 20
508 15
508 17
509 21
508 16
507 15
508 21
506 15
508 23
507 16
501 11
507 23
505 15
506 16
507 21
502 12
508 22
500 11
505 16
502 13
501 12
504 15
507 22
501 13
506 22
505 21
503 15
500 12
495 13
504 16
502 15
501 14
504 21
505 22
494 13
500 13
504 17
495 14
503 16
493 13
500 14
494 12
504 20
504 22
503 19
503 21
502 16
504 24
504 18
495 15
501 15
504 25
502 17
499 14
503 24
500 15
493 12
503 22
503 20
492 13
505 24
501 16
496 15
503 18
502 19
492 12
503 23
500 16
501 17
499 15
502 20
505 25
496 16
502 18
501 18
503 28
501 20
500 17
497 16
505 26
491 12
502 23
498 15
501 21
500 18
498 16
506 26
505 27
destination
