map
random512-10-6.map
pivot
307 388
agent & start
476 57
138 57
173 22
52 143
69 126
15 180
131 64
494 75
419 0
507 88
82 113
176 19
39 156
450 31
422 3
53 142
436 17
33 162
134 61
132 63
185 10
461 42
435 16
424 5
460 41
157 38
477 58
453 34
123 72
94 101
63 132
126 69
117 78
444 25
5 190
124 71
99 96
160 35
192 3
475 56
27 168
106 89
179 16
34 161
22 173
492 73
432 13
120 75
130 65
159 36
479 60
60 135
163 32
171 24
487 68
164 31
57 138
31 164
4 191
110 85
481 62
420 1
439 20
70 125
463 44
421 2
152 43
65 130
497 78
498 79
35 160
9 186
121 74
55 140
48 147
187 8
500 81
140 55
194 1
96 99
472 53
471 52
470 51
102 93
103 92
458 39
446 27
511 92
502 83
32 163
84 111
429 10
486 67
111 84
488 69
431 12
146 49
62 133
68 127
59 136
190 5
443 24
493 74
127 68
71 124
44 151
50 145
485 66
188 7
64 131
496 77
93 102
74 121
114 81
503 84
193 2
107 88
145 50
448 29
136 59
109 86
441 22
85 110
86 109
489 70
122 73
100 95
482 63
97 98
75 120
29 166
61 134
54 141
112 83
17 178
172 23
21 174
41 154
425 6
23 172
483 64
490 71
0 195
80 115
445 26
46 149
14 181
18 177
11 184
88 107
480 61
167 28
505 86
181 14
47 148
76 119
3 192
162 33
428 9
166 29
95 100
98 97
118 77
77 118
83 112
66 129
153 42
508 89
433 14
451 32
141 54
473 54
8 187
478 59
24 171
426 7
38 157
186 9
128 67
143 52
462 43
466 47
113 82
6 189
156 39
49 146
79 116
180 15
37 158
116 79
56 139
509 90
456 37
28 167
504 85
90 105
40 155
1 194
89 106
161 34
104 91
155 40
12 183
144 51
81 114
72 123
92 103
467 48
51 144
20 175
459 40
142 53
484 65
147 48
105 90
454 35
178 17
440 21
2 193
154 41
474 55
183 12
165 30
43 152
148 47
177 18
175 20
87 108
108 87
101 94
191 4
495 76
184 11
457 38
139 56
491 72
174 21
149 46
423 4
468 49
150 45
58 137
182 13
469 50
447 28
438 19
119 76
10 185
73 122
129 66
26 169
434 15
464 45
117 79
166 30
140 56
131 65
161 35
141 55
48 148
192 4
94 102
483 65
22 174
174 22
496 78
56 140
465 47
196 0
184 12
452 34
425 7
478 60
64 132
427 9
435 17
436 18
87 109
53 143
504 86
461 43
454 36
156 40
441 23
35 161
193 3
424 6
449 31
510 92
448 30
431 13
464 46
114 82
451 33
458 40
57 139
162 34
8 188
446 28
63 133
51 145
169 27
172 24
476 58
421 3
115 81
170 26
158 38
469 51
497 79
440 22
433 15
477 59
137 59
157 39
40 156
147 49
79 117
101 95
185 11
470 52
457 39
448 34
52 144
148 48
487 69
153 43
6 190
442 24
37 159
5 191
474 56
450 32
90 106
67 129
428 10
468 50
17 179
127 69
80 116
453 35
103 93
494 76
83 113
188 8
152 44
134 62
165 31
82 114
459 41
471 53
480 62
102 94
191 5
3 193
126 70
429 11
50 146
432 14
75 121
187 9
154 42
444 26
9 187
42 154
508 90
491 73
180 16
503 85
479 61
49 147
189 7
167 29
76 120
502 84
91 105
420 2
28 168
438 20
509 91
84 112
113 83
506 88
70 126
14 182
426 8
118 78
447 29
422 4
16 180
507 89
60 136
181 15
23 173
46 150
112 84
98 98
500 82
122 74
168 28
489 71
58 138
116 80
485 67
123 73
463 45
419 1
456 38
73 123
445 27
179 17
85 111
20 176
29 167
26 170
173 23
490 72
54 142
44 152
466 48
62 134
467 49
104 92
92 104
150 46
511 93
182 14
39 157
43 153
455 37
4 192
492 74
34 162
481 63
443 25
155 41
486 68
495 77
171 25
81 115
138 58
99 97
195 1
30 166
68 128
1 195
0 196
177 19
32 164
472 54
93 103
72 124
163 33
142 54
2 194
423 5
128 68
88 108
27 169
95 101
135 61
159 37
45 151
110 86
505 87
186 10
107 89
111 85
21 175
439 21
100 96
66 130
61 135
499 81
119 77
175 21
47 149
12 184
190 6
160 36
10 186
136 60
120 76
149 47
164 32
74 122
484 66
132 64
176 20
130 66
109 87
194 2
25 171
77 119
462 44
178 18
473 55
145 51
19 177
449 33
69 127
144 52
24 172
124 72
418 0
11 185
41 155
488 70
97 99
89 107
121 75
78 118
183 13
105 91
125 71
96 100
475 57
31 165
18 178
36 160
120 77
425 8
429 12
174 23
448 33
56 141
176 21
489 72
68 129
97 100
52 145
19 178
90 107
511 94
433 16
61 140
457 40
95 102
118 79
106 91
23 174
60 139
104 93
456 39
478 61
146 51
63 134
24 173
193 4
43 154
462 45
69 128
436 19
112 85
505 88
154 43
449 32
454 37
471 54
430 13
463 46
31 166
438 21
421 4
422 5
428 11
473 56
461 44
455 38
475 58
147 50
158 39
57 140
179 18
85 112
194 3
21 176
417 0
139 58
88 109
504 87
496 79
483 66
7 190
487 70
12 185
41 156
466 49
131 66
84 113
117 80
474 57
71 126
197 0
459 42
484 67
453 36
78 119
59 138
155 42
167 30
448 31
119 78
185 14
135 62
3 194
460 43
501 84
191 6
6 191
105 92
160 37
93 104
190 7
64 133
153 44
472 55
133 64
485 68
99 98
195 2
506 89
11 186
162 35
16 181
61 136
469 52
74 123
164 33
452 35
491 74
477 60
196 1
2 195
180 17
30 167
38 159
446 29
151 46
4 193
42 155
468 51
47 150
503 86
502 85
177 20
420 3
128 69
92 105
186 11
100 97
72 125
445 28
171 26
141 56
148 49
507 90
499 82
116 81
173 24
94 103
33 164
467 50
102 95
166 31
0 197
82 115
1 196
70 127
476 59
189 8
152 45
494 77
465 48
163 34
443 26
81 116
181 16
423 6
451 34
418 1
10 187
143 54
149 48
32 165
187 10
482 65
127 70
108 89
98 99
46 151
121 76
48 149
29 168
122 75
185 12
495 78
45 152
66 131
96 101
26 171
20 177
142 55
145 52
8 189
434 17
113 84
440 23
76 121
449 34
83 114
91 106
109 88
15 182
426 9
110 87
77 120
479 62
488 71
114 83
172 25
431 14
124 73
150 47
22 175
481 64
470 53
424 7
464 47
498 81
37 160
18 179
184 13
80 117
435 18
14 183
432 15
27 170
486 69
40 157
111 86
101 96
444 27
450 33
439 22
497 80
39 158
62 135
509 92
442 25
35 162
161 36
49 148
159 38
183 14
140 57
137 60
175 22
50 147
192 5
53 144
157 40
165 32
55 142
5 192
34 163
103 94
132 65
170 27
480 63
490 73
441 24
136 61
138 59
447 30
510 93
28 169
458 41
169 28
125 72
126 71
156 41
79 118
427 10
115 82
13 184
144 53
65 132
110 88
483 67
139 59
28 170
140 58
151 47
60 140
79 119
481 65
63 135
59 139
187 11
503 87
168 30
5 193
27 171
46 152
64 134
197 1
87 111
15 183
499 83
464 48
75 123
467 51
442 28
81 117
138 60
1 197
175 23
469 53
131 67
20 178
448 32
198 0
447 33
482 66
47 151
508 92
169 29
174 24
447 31
486 70
84 114
441 25
500 84
184 14
159 39
33 165
119 79
453 37
113 85
86 112
100 98
54 144
49 149
29 169
474 58
65 133
496 80
9 189
26 172
191 7
450 34
497 81
178 20
176 22
71 127
438 22
101 97
493 77
167 31
419 3
51 147
148 50
162 36
98 100
22 176
50 148
78 120
163 35
488 72
111 87
52 146
105 93
134 64
179 19
485 69
77 121
182 16
69 129
23 175
160 38
97 101
58 140
165 33
420 4
60 138
73 125
93 105
19 179
70 128
195 3
172 26
42 156
89 109
437 21
490 74
82 116
510 94
90 108
61 137
188 10
154 44
185 13
156 42
152 46
2 196
495 79
153 45
454 38
112 86
509 93
34 164
186 12
440 24
109 89
13 185
430 14
478 62
444 28
479 63
106 92
66 132
99 99
128 70
120 78
427 13
4 194
157 41
53 145
36 162
149 49
476 60
11 187
114 84
31 167
418 2
455 39
158 40
144 54
470 54
39 159
421 5
85 113
164 34
142 56
6 192
494 78
83 115
429 13
460 44
24 174
472 56
30 168
432 16
48 150
136 62
183 15
463 47
194 4
133 65
16 182
419 5
0 198
17 181
102 96
127 71
38 160
117 81
468 52
166 32
104 94
21 177
435 19
511 95
458 42
122 76
170 28
161 37
143 55
428 12
141 57
465 49
426 10
121 77
56 142
126 72
76 122
103 95
40 158
125 73
88 110
466 50
504 88
94 104
32 166
145 53
505 89
132 66
422 6
452 36
431 15
80 118
37 161
190 8
477 61
25 173
3 195
91 107
68 130
434 18
118 80
108 90
181 17
457 41
442 26
8 190
461 45
7 191
192 6
146 52
501 85
57 141
475 59
137 61
473 57
18 180
451 35
55 143
462 46
443 27
14 184
417 1
427 11
45 153
425 9
471 55
193 5
439 23
423 7
502 86
10 188
129 69
43 155
196 2
123 75
489 73
61 139
103 97
480 64
433 17
35 163
445 29
506 90
180 18
189 9
96 102
487 71
116 82
171 28
12 187
145 54
129 70
72 127
457 42
78 121
32 167
510 95
196 3
127 72
479 64
484 69
31 168
6 193
9 190
490 75
56 143
104 97
57 142
17 182
10 189
69 130
143 56
61 138
81 118
189 10
144 55
108 91
5 194
162 37
104 95
107 92
455 40
73 126
75 124
480 65
423 8
166 33
506 91
481 66
119 80
26 173
470 55
507 92
66 133
439 24
426 13
482 67
25 174
62 137
186 13
49 150
105 94
2 197
51 148
47 152
148 51
458 43
431 16
85 114
191 8
487 72
485 70
98 101
429 14
444 29
437 22
59 140
193 6
156 43
197 2
433 18
160 39
158 41
116 83
55 144
4 195
3 196
67 132
445 30
102 97
424 9
33 166
154 45
497 82
110 89
35 164
0 199
134 65
427 12
89 110
126 73
93 106
170 29
450 35
128 71
111 88
184 15
175 24
140 59
96 103
14 185
137 62
473 58
194 5
442 27
21 178
163 36
199 0
151 48
461 46
27 172
120 79
476 61
54 145
130 69
456 41
466 51
149 50
103 96
489 74
150 49
155 44
29 170
124 75
101 98
141 58
36 163
68 131
172 27
192 7
53 146
187 12
82 117
501 86
42 157
114 85
71 128
502 87
80 119
503 88
161 38
18 181
181 18
90 109
88 111
45 154
117 82
122 77
83 116
165 34
157 42
22 177
109 90
432 17
100 99
43 156
195 4
417 2
509 94
167 32
106 93
495 80
453 38
37 162
477 62
422 7
493 78
159 40
460 45
443 28
499 84
20 179
434 19
11 188
76 123
41 158
133 66
420 5
451 36
103 98
13 186
505 90
500 85
94 105
112 87
173 26
474 59
8 191
24 175
64 135
115 84
426 11
7 192
447 32
459 44
63 136
19 180
438 23
418 3
428 13
486 71
138 61
504 89
446 31
430 15
113 86
91 108
488 73
23 176
1 198
39 160
419 4
121 78
483 68
77 122
139 60
30 169
463 48
440 25
464 49
511 96
198 1
70 129
508 93
452 37
60 141
48 151
147 52
176 23
146 53
454 39
469 54
188 11
441 26
152 47
40 159
472 57
415 0
132 67
183 16
465 50
74 125
15 184
169 30
462 47
97 102
180 19
95 104
50 149
421 6
190 9
65 134
92 107
87 112
34 165
425 10
177 22
468 53
179 20
496 81
38 161
142 57
131 68
46 153
16 183
153 46
155 45
420 6
98 102
56 144
458 44
508 94
88 112
190 10
170 30
68 132
53 147
435 21
112 88
54 146
167 33
62 138
27 173
77 123
464 50
416 2
180 20
440 26
1 199
418 4
94 106
90 110
42 158
415 1
69 131
24 176
91 109
18 182
102 98
449 37
429 15
445 31
188 12
128 72
436 22
460 46
148 52
492 78
45 155
131 69
137 63
428 14
17 183
72 128
142 58
177 23
26 174
486 72
70 130
79 121
92 108
169 31
120 80
511 97
451 37
44 156
22 178
23 177
59 141
478 64
471 57
181 19
160 40
6 194
38 162
493 79
475 61
138 62
161 39
510 96
431 17
446 32
143 57
450 36
468 54
47 153
124 76
40 160
480 66
25 175
482 68
39 161
114 86
29 171
110 90
433 19
67 133
499 85
136 64
144 56
495 81
21 179
154 46
488 74
46 154
0 200
163 37
467 53
434 20
99 101
85 115
81 119
97 103
8 192
73 127
16 184
157 43
462 48
469 55
489 75
441 27
182 18
14 186
28 172
174 26
178 22
165 35
146 54
500 86
504 90
134 66
34 166
96 104
133 67
95 105
82 118
32 168
37 163
465 51
80 120
48 152
426 12
162 38
156 44
497 83
50 150
108 92
423 9
200 0
101 99
472 58
484 70
35 165
65 135
414 0
151 49
11 189
135 65
168 32
421 7
494 80
123 77
470 56
424 10
122 78
84 116
20 180
116 84
422 8
140 60
105 95
444 30
107 93
455 41
36 164
9 191
127 73
55 145
452 38
7 193
501 87
183 17
199 1
483 69
57 143
115 85
507 93
3 197
474 60
52 148
4 196
147 53
477 63
457 43
158 42
130 70
63 137
153 47
41 159
117 83
476 62
173 27
145 55
187 13
463 49
439 25
86 114
481 67
432 18
111 89
121 79
171 29
2 198
473 59
459 45
93 107
197 3
10 190
43 157
119 81
175 25
74 126
498 84
71 129
141 59
78 122
164 36
189 11
129 71
19 181
443 29
176 24
15 185
30 170
13 187
490 76
75 125
195 5
12 188
64 136
509 95
198 2
454 40
193 7
89 111
425 11
191 9
172 28
87 113
104 96
487 73
150 50
192 8
505 91
76 124
166 34
83 117
430 16
502 88
437 23
31 169
453 39
184 16
503 89
496 82
100 100
66 134
461 47
496 83
145 56
490 77
168 33
20 183
24 177
160 41
170 31
67 134
151 50
451 38
435 22
196 5
453 40
23 178
118 83
94 107
85 116
78 123
43 158
460 47
16 185
73 128
478 65
79 122
59 142
462 49
494 81
90 111
134 67
155 46
169 32
112 89
66 135
13 188
180 21
102 99
511 98
33 168
149 52
440 27
96 105
129 72
72 129
465 52
37 164
456 43
483 70
10 191
83 118
63 138
415 2
416 3
55 146
449 36
183 18
39 162
492 79
171 30
92 109
28 173
156 45
455 42
124 77
158 43
80 121
193 8
30 171
457 44
439 26
498 85
25 176
187 14
506 93
40 161
87 114
81 120
444 31
504 91
174 27
29 172
108 93
128 73
188 13
98 103
35 166
119 82
466 53
50 151
111 90
64 137
192 9
99 102
47 154
177 24
488 75
475 62
106 95
201 0
17 184
148 53
508 95
450 37
8 193
420 7
464 51
429 16
438 25
452 39
105 96
121 80
181 20
422 9
9 192
484 71
74 127
95 106
461 48
53 148
76 125
486 73
497 84
437 24
474 61
500 87
56 145
479 66
132 69
472 59
147 54
459 46
480 67
150 51
71 130
20 181
436 23
194 7
431 18
19 182
77 124
3 198
434 21
4 197
109 92
417 4
433 20
54 147
38 163
120 81
476 63
153 48
18 183
509 96
178 23
42 159
163 38
458 45
167 34
69 132
502 89
138 63
485 72
6 195
123 78
51 150
44 157
454 41
45 156
146 55
424 11
21 180
445 32
491 78
119 84
75 126
142 59
116 85
107 94
413 0
70 131
17 186
421 8
82 119
423 10
179 22
463 50
469 56
12 189
507 94
136 65
182 19
114 87
499 86
510 97
11 190
7 194
125 76
32 169
144 57
197 4
443 30
482 69
0 201
195 6
175 26
131 70
68 133
1 200
46 155
414 1
468 55
48 153
130 71
493 80
501 88
503 90
84 117
428 15
165 36
137 64
14 187
115 86
122 79
473 60
86 115
2 199
430 17
31 170
27 174
110 91
199 2
52 149
184 17
471 58
491 80
470 57
101 100
36 165
93 108
190 11
139 62
487 74
135 66
481 68
432 19
34 167
133 68
173 28
140 61
161 40
88 113
154 47
91 110
22 179
162 39
189 12
425 12
176 25
191 10
15 186
143 58
65 136
172 29
49 152
141 60
58 143
495 82
97 104
477 64
26 176
197 5
140 62
13 189
84 118
118 84
190 12
158 44
491 79
40 162
484 72
168 34
71 131
451 39
107 95
16 186
149 53
185 19
58 144
465 53
458 46
182 20
77 125
175 27
412 0
444 32
108 94
15 187
427 15
164 38
453 41
468 56
480 68
141 61
433 21
432 20
490 78
55 147
462 50
12 190
171 31
54 148
81 121
18 184
180 22
455 43
165 37
97 105
45 157
144 58
143 59
436 24
498 86
482 70
450 38
488 76
19 183
199 3
428 16
10 192
91 111
155 47
160 42
89 113
421 9
82 120
493 81
124 78
56 146
116 86
440 28
18 186
114 88
170 32
500 88
29 173
109 93
37 165
57 145
184 18
110 92
96 106
497 85
24 178
202 0
94 108
0 202
8 194
448 36
138 64
47 155
1 201
156 46
14 188
136 66
424 12
413 1
178 24
414 2
20 182
422 10
33 169
502 90
49 153
115 87
68 134
51 151
6 196
452 40
142 60
36 166
42 160
505 93
63 139
189 13
66 136
59 143
159 43
169 33
75 127
69 133
459 47
102 100
478 66
76 126
106 96
129 73
201 1
506 94
154 48
121 81
166 36
70 132
198 4
135 67
99 103
111 91
181 21
4 198
72 130
65 137
22 180
494 82
196 6
122 80
145 57
161 41
167 35
439 27
457 45
77 127
125 77
188 14
50 152
9 193
508 96
5 197
475 63
438 26
423 11
162 40
431 19
92 110
176 26
32 170
85 117
461 49
23 179
438 28
157 45
41 161
130 72
510 98
74 128
473 61
31 171
112 90
177 25
469 57
148 54
38 164
477 65
511 99
472 60
495 83
78 124
479 67
95 107
39 163
474 62
27 175
17 185
445 33
446 34
119 83
430 18
504 92
194 8
443 31
133 69
429 17
73 129
43 159
34 168
463 51
435 23
67 135
113 89
146 56
46 156
416 4
131 71
64 138
476 64
87 115
417 5
83 119
174 28
471 59
139 63
487 75
90 112
437 25
53 149
98 104
137 65
466 54
100 102
456 44
499 87
507 95
187 15
481 69
79 123
44 158
415 3
492 80
11 191
3 199
35 167
163 39
483 71
193 9
419 7
105 99
101 101
123 79
503 91
172 30
48 154
93 109
496 84
153 49
21 181
509 97
195 7
192 10
434 22
486 74
120 82
151 51
200 2
470 58
179 23
191 11
25 177
147 55
106 97
145 58
433 22
66 137
473 62
9 194
105 98
503 92
3 200
453 42
72 131
69 134
485 74
445 34
81 122
46 157
495 84
95 108
436 25
63 140
477 66
496 85
142 61
2 201
486 75
45 158
47 156
109 94
0 203
123 80
429 18
493 82
102 101
87 116
202 1
413 2
132 71
428 17
118 85
507 96
481 70
450 39
92 111
62 141
467 56
90 113
494 83
77 126
163 40
497 86
139 64
457 46
101 102
113 90
6 197
61 142
67 136
185 18
49 154
14 189
197 6
504 93
34 169
57 146
418 7
437 26
16 187
439 28
25 178
28 175
166 37
180 23
195 8
73 132
431 20
147 56
73 130
153 50
75 128
1 202
427 16
471 60
415 4
441 30
487 76
170 33
421 10
103 100
460 49
122 81
31 172
144 59
432 21
459 48
76 127
93 110
40 163
161 42
452 41
420 9
149 54
43 160
462 51
490 79
65 138
115 88
18 185
175 28
54 149
13 190
21 182
120 83
187 16
44 159
117 86
27 176
484 73
447 36
176 27
182 21
24 179
508 97
506 95
158 45
200 3
444 33
173 30
15 188
79 124
165 38
511 100
156 47
130 73
5 198
184 19
162 41
417 6
82 121
178 25
464 53
188 15
419 8
424 13
112 91
107 96
434 23
461 50
446 35
19 184
177 26
167 36
56 147
26 177
104 99
11 192
456 45
91 112
59 144
191 12
186 17
483 72
152 51
468 57
96 107
7 196
502 91
22 181
466 55
505 94
168 35
196 7
29 174
78 125
438 27
53 150
498 87
475 64
194 9
148 55
492 81
458 47
193 10
124 79
181 22
488 77
150 53
134 69
97 106
71 132
38 165
10 193
89 114
451 40
68 135
198 5
143 60
443 32
85 118
141 62
429 20
48 155
509 98
463 52
174 29
41 162
50 153
472 61
99 104
129 74
136 67
160 43
172 31
128 75
55 148
146 57
155 48
70 133
84 119
8 195
83 120
478 67
137 66
131 72
125 78
36 167
482 71
116 87
111 92
442 31
474 63
154 49
425 14
133 70
60 143
4 199
435 24
32 171
51 152
423 12
100 103
480 69
86 117
169 34
489 78
151 52
190 13
192 11
110 93
164 39
121 82
108 95
94 109
422 11
30 173
470 59
179 24
479 68
499 88
140 63
42 161
199 4
455 44
465 54
171 32
416 5
52 151
189 14
135 68
35 168
74 129
157 46
183 20
412 1
201 2
430 19
457 47
496 86
450 40
64 140
29 175
7 197
170 34
478 68
154 50
176 28
186 18
147 57
159 45
109 95
35 169
42 162
103 101
76 128
420 10
443 33
454 44
94 110
139 65
505 95
471 61
98 106
502 92
106 98
477 67
141 63
175 29
203 1
197 7
414 4
204 0
168 36
488 78
96 108
149 55
13 191
84 120
456 46
432 22
60 144
44 160
164 40
508 98
479 69
28 176
493 83
67 137
439 29
442 32
72 132
179 25
97 107
12 192
200 4
15 189
499 89
138 66
476 66
2 202
87 117
48 156
100 104
46 158
497 87
81 123
492 82
107 97
192 12
431 21
494 84
34 170
166 38
40 164
22 182
413 3
201 3
180 24
475 65
41 163
71 133
467 57
37 167
102 102
101 103
444 34
132 72
465 55
415 5
0 204
123 81
474 64
26 178
440 30
74 130
470 60
196 8
182 22
144 60
151 53
63 141
69 135
51 153
92 112
58 146
135 69
143 61
188 16
171 33
126 78
455 45
191 13
162 42
163 41
441 31
161 43
461 51
464 54
128 76
424 14
181 23
445 35
173 31
187 17
480 70
169 35
115 89
33 171
137 67
158 46
5 199
130 74
23 181
437 27
104 100
184 20
38 166
487 77
136 68
481 71
88 116
4 200
91 113
463 53
472 62
460 50
507 97
61 143
160 44
430 20
501 91
89 115
458 48
90 114
189 15
155 49
489 79
436 26
124 80
466 56
145 59
54 150
25 179
112 92
14 190
56 148
52 156
473 63
52 152
448 38
10 194
85 119
73 131
417 7
510 100
202 2
43 161
174 30
95 109
469 59
446 36
125 79
194 10
498 88
419 11
129 75
425 15
433 23
59 145
39 165
68 136
434 24
27 177
148 56
484 74
70 134
47 157
468 58
447 37
503 93
495 85
113 91
3 201
190 14
134 70
451 41
80 124
66 138
16 188
1 203
140 64
423 13
114 90
429 19
504 94
150 54
199 5
462 52
122 82
78 126
6 198
156 48
453 43
111 93
50 154
146 58
509 99
19 185
133 71
419 9
183 21
152 52
32 172
142 62
62 142
165 39
82 122
411 1
31 173
452 42
178 26
449 39
511 101
412 2
416 6
75 129
86 118
11 193
418 8
172 32
195 9
79 125
506 96
157 47
110 94
193 11
485 75
116 88
482 72
421 11
9 195
53 151
167 37
483 73
459 49
427 17
131 73
121 83
118 86
51 155
125 80
489 80
177 28
59 146
71 134
113 92
511 102
491 82
116 89
65 140
458 49
39 166
122 83
107 98
155 50
508 99
95 110
141 64
46 159
133 72
448 39
152 53
457 48
425 16
466 57
51 154
86 119
165 40
183 22
164 41
70 135
169 36
93 112
7 198
148 57
428 19
47 158
10 195
29 176
123 82
110 95
153 52
497 88
487 78
76 129
413 4
1 204
478 69
138 67
11 194
45 160
204 1
13 192
100 105
418 9
43 162
136 69
62 143
118 87
135 70
114 91
463 54
490 81
163 42
412 3
154 51
464 55
446 37
433 24
49 156
151 54
174 31
52 155
35 170
456 47
90 115
481 72
443 34
454 45
509 100
435 26
32 173
484 75
72 133
9 196
58 147
91 114
31 174
134 71
143 62
432 23
422 13
189 16
67 138
36 169
170 35
441 32
181 24
175 30
188 17
38 167
431 22
22 183
182 23
97 108
439 30
34 171
56 149
455 46
124 81
119 86
485 76
417 8
16 189
499 90
470 61
162 43
94 111
427 18
486 77
445 36
424 15
474 65
156 49
147 58
180 25
84 121
157 48
63 142
420 11
178 27
74 131
494 85
112 93
460 51
54 151
507 98
411 2
196 9
492 83
12 193
109 96
88 117
506 97
480 71
503 94
167 38
430 21
179 26
117 88
51 156
495 86
69 136
172 33
465 56
24 181
198 7
192 13
104 101
132 73
126 79
64 141
0 205
17 188
41 164
416 7
28 177
158 47
83 122
202 3
190 15
483 74
488 79
199 6
79 126
66 139
40 165
99 106
482 73
42 163
115 90
449 42
120 85
61 144
111 94
108 97
459 50
473 64
184 21
472 63
493 84
50 155
92 113
98 107
75 130
203 2
176 29
468 59
85 120
419 10
140 65
151 56
21 184
194 11
103 102
187 18
193 12
200 5
447 38
68 137
142 63
462 53
504 95
33 172
173 32
48 157
475 66
502 93
479 70
8 197
477 68
96 109
27 178
80 125
191 14
195 10
453 44
510 101
84 123
55 150
415 6
469 60
57 148
37 168
496 87
449 40
205 0
82 123
89 116
60 145
409 0
452 43
4 201
3 202
2 203
144 61
145 60
102 103
139 66
23 182
30 175
15 190
471 62
436 27
6 199
161 44
73 134
467 58
461 52
53 152
26 179
150 55
25 180
160 45
166 39
414 5
426 17
129 76
44 161
501 92
450 41
130 75
168 37
149 56
442 33
20 185
137 68
14 191
46 160
54 152
25 181
129 77
456 48
52 154
37 169
504 96
425 17
482 74
143 63
21 185
472 64
450 42
121 85
117 89
196 10
478 70
466 58
487 79
421 13
447 39
202 4
23 183
134 72
204 2
57 149
479 71
84 124
136 70
1 205
168 38
444 36
506 98
495 87
26 180
507 99
48 158
508 100
438 30
200 6
449 41
181 25
103 103
178 28
459 51
9 197
176 30
462 54
39 167
461 53
420 12
72 134
500 92
483 75
124 82
175 31
105 101
147 59
468 60
137 69
161 45
127 79
471 63
463 55
85 121
448 40
49 157
106 100
59 147
40 166
205 1
94 112
29 177
492 84
60 146
413 5
439 31
99 107
190 16
201 5
476 68
42 164
189 17
47 159
441 33
75 131
11 195
193 13
489 81
88 118
498 90
70 136
154 52
424 16
95 111
491 83
63 143
203 3
416 8
445 37
144 62
115 91
467 59
480 72
58 148
162 44
443 35
12 194
505 97
56 150
436 28
167 39
128 78
485 77
142 64
412 4
77 129
151 55
187 19
481 73
431 23
473 65
153 53
177 29
15 191
182 24
17 189
148 58
411 3
89 117
96 110
131 75
179 27
440 32
470 62
140 66
490 82
173 33
34 172
62 144
100 106
61 145
67 139
460 52
477 69
498 92
427 19
110 96
118 88
120 86
464 56
163 43
81 125
496 88
109 97
107 99
197 9
157 49
164 42
2 204
184 22
423 15
511 103
98 108
435 27
484 76
13 193
112 94
145 61
114 92
135 71
32 174
35 171
44 162
71 135
415 7
474 66
14 192
408 0
417 9
104 102
409 1
108 98
434 26
24 182
180 26
7 199
170 36
465 57
458 50
73 135
414 6
139 67
418 10
119 87
422 14
149 57
83 123
183 23
195 11
146 60
442 34
138 68
191 15
55 151
155 51
33 173
86 120
206 0
122 84
74 134
30 176
150 56
454 46
192 14
132 74
159 47
426 18
169 37
125 81
64 142
486 78
188 18
84 122
87 119
101 105
91 115
499 91
198 8
156 50
171 35
4 202
158 48
509 101
8 198
488 80
433 25
141 65
469 61
446 38
172 34
123 83
65 141
41 165
133 73
27 179
497 89
66 140
160 46
174 32
79 127
503 95
501 93
452 44
449 43
50 156
102 104
10 196
76 130
38 168
130 76
93 113
113 93
455 47
494 86
78 128
457 49
475 67
6 200
430 22
22 184
451 43
111 95
92 114
68 138
80 126
165 41
502 94
3 203
20 187
500 93
117 90
58 149
454 47
101 106
114 93
508 101
177 30
69 138
458 51
430 23
496 89
178 29
53 154
128 79
12 195
511 104
191 16
166 41
466 59
479 72
2 205
441 34
174 33
487 80
189 18
470 63
119 88
127 80
67 140
422 15
132 75
131 76
427 20
167 40
194 13
507 100
45 162
196 11
22 185
74 133
103 104
125 82
160 47
41 166
23 184
156 51
465 58
420 13
473 66
4 203
65 142
457 50
200 7
25 182
498 91
44 163
49 158
136 71
134 73
510 103
89 118
480 73
60 147
202 5
431 24
503 96
461 54
94 113
129 78
163 44
162 45
488 81
446 39
452 45
423 16
109 98
440 33
3 204
183 24
82 125
481 74
459 52
445 38
424 17
47 160
187 20
456 49
55 152
93 114
506 99
410 3
63 144
175 32
14 193
140 67
146 61
482 75
78 129
168 39
438 31
83 124
181 26
143 64
98 109
34 173
80 127
7 200
144 63
111 96
92 115
138 69
18 189
116 91
497 90
17 190
478 71
192 15
19 188
414 7
137 70
133 74
142 65
158 49
433 26
434 27
447 40
486 79
203 4
110 97
68 139
197 10
499 92
59 148
437 30
180 27
421 14
139 68
43 164
199 8
205 2
195 12
490 83
35 172
121 86
206 1
159 48
40 167
16 191
96 111
489 82
413 6
495 88
193 14
33 174
493 86
172 35
0 207
21 186
475 68
485 78
42 165
484 77
429 22
123 84
428 21
130 77
448 41
464 57
188 19
164 43
169 38
5 202
416 9
72 135
87 120
124 83
184 23
190 17
77 130
15 192
198 9
204 3
173 34
155 52
106 101
453 46
26 181
502 95
468 61
91 116
50 157
36 171
46 161
412 5
141 66
126 81
61 146
152 55
451 44
467 60
439 32
145 62
426 19
112 95
102 105
27 180
150 57
10 197
100 107
66 141
450 43
149 58
207 0
435 28
170 37
494 87
88 119
472 65
108 99
31 176
409 2
492 85
477 70
201 6
38 169
415 8
24 183
71 136
442 35
408 1
79 128
118 89
9 198
509 102
448 43
70 137
64 143
469 62
13 194
443 36
85 122
86 121
476 69
29 178
407 0
37 170
32 175
107 100
81 126
30 177
11 196
179 28
463 56
417 10
8 199
54 153
505 98
104 103
455 48
6 201
57 150
501 94
1 206
48 159
462 55
135 72
157 50
474 67
161 46
411 4
147 60
120 87
153 54
75 132
425 18
182 25
491 84
173 35
490 86
54 154
203 5
149 59
474 68
202 6
95 113
99 109
162 46
191 17
19 189
484 78
193 15
104 104
497 91
473 67
40 168
150 58
413 7
5 203
485 79
2 206
159 49
199 9
88 120
45 163
47 161
113 95
407 1
446 40
30 178
42 166
455 49
10 198
201 7
133 75
64 144
458 52
169 39
182 26
444 38
63 145
1 207
166 42
115 93
184 24
154 54
26 182
68 140
466 60
32 176
442 36
424 18
502 96
426 20
20 188
476 70
491 85
456 50
91 117
120 88
447 41
49 159
65 143
471 65
437 31
504 98
8 200
451 45
409 3
77 131
483 77
58 150
174 34
177 31
416 10
453 47
146 62
163 45
105 103
425 19
450 44
496 90
98 110
4 204
6 202
194 14
479 73
90 118
499 93
190 18
121 87
176 32
492 86
161 47
21 187
0 208
39 169
127 81
69 139
72 136
139 69
428 22
70 138
25 183
155 53
55 153
158 50
472 66
501 95
510 104
206 2
44 164
48 160
168 40
439 33
430 24
22 186
144 64
62 146
111 97
41 167
50 158
452 46
94 114
156 52
490 84
138 70
13 195
80 128
67 141
205 3
200 8
9 199
140 68
36 172
114 94
87 121
11 197
486 80
419 13
96 112
157 51
441 35
422 16
31 177
411 5
61 147
103 105
59 149
145 63
37 171
467 61
188 20
183 25
493 87
170 38
3 205
412 6
179 29
489 83
457 51
478 72
410 4
436 30
14 194
119 89
165 43
131 77
447 43
34 174
38 170
482 76
93 115
109 99
142 66
488 82
433 27
429 23
500 94
464 58
125 83
15 193
509 103
132 76
107 101
33 175
135 73
494 88
148 60
172 36
86 122
180 28
18 190
207 1
23 185
204 4
101 107
16 192
443 37
100 108
445 39
463 57
76 132
506 100
12 196
60 148
178 30
195 13
66 142
417 11
57 151
508 102
480 74
78 130
134 74
462 56
82 126
116 92
24 184
181 27
130 78
108 100
147 61
495 89
137 71
160 48
468 62
208 0
118 90
92 116
505 99
129 79
171 37
427 21
406 0
198 10
487 81
83 125
438 32
420 14
117 91
469 63
196 12
187 21
461 55
153 55
459 53
470 64
481 75
421 15
112 96
126 82
434 28
175 33
102 106
27 181
415 9
123 85
465 59
167 41
7 201
141 67
56 152
89 119
81 127
185 23
460 54
106 102
124 84
71 137
440 34
164 44
75 133
72 137
433 28
48 161
501 96
116 93
119 90
23 186
16 193
451 46
89 120
199 10
136 73
456 51
458 53
464 59
133 76
452 47
118 91
469 64
141 68
455 50
173 36
476 71
472 67
495 90
78 131
146 63
44 165
142 67
124 85
413 8
37 172
187 22
127 82
132 77
77 132
174 35
165 44
18 191
411 6
200 9
107 102
163 46
415 10
434 29
19 190
508 103
29 180
42 167
121 88
76 133
128 81
13 196
63 146
205 4
206 3
171 38
196 13
178 31
156 53
423 18
503 98
115 94
427 22
94 115
87 122
130 79
3 206
38 171
432 27
492 87
510 105
193 16
5 204
162 47
97 112
500 95
507 102
484 79
198 11
14 195
440 35
21 188
139 70
439 34
494 89
57 152
144 65
28 181
36 173
447 42
152 57
168 41
436 31
430 25
468 63
478 73
177 32
106 103
33 176
157 52
192 17
105 104
125 84
140 69
7 202
60 149
117 92
462 57
123 86
58 151
471 66
195 14
34 175
122 87
71 138
66 143
470 65
186 23
443 38
493 88
47 162
435 30
426 21
90 119
17 192
481 76
184 25
155 54
99 110
15 194
477 72
95 114
189 20
102 107
418 13
475 70
499 94
148 61
112 97
454 49
149 60
466 61
179 30
143 66
465 60
410 5
183 26
51 158
39 170
487 82
203 6
46 163
65 144
120 89
159 50
207 2
8 201
111 98
197 12
496 91
22 187
88 121
91 118
49 160
80 129
416 11
461 56
30 179
424 19
11 198
170 39
32 177
82 127
86 123
12 197
491 86
166 43
504 99
160 49
202 7
421 16
54 155
172 37
406 1
408 3
4 205
463 58
483 78
485 80
20 189
145 64
55 154
506 101
104 105
164 45
479 74
181 28
446 41
209 0
25 184
50 159
69 140
460 55
188 21
2 207
101 108
103 106
437 32
425 20
113 96
429 24
129 80
509 104
422 17
489 84
70 139
453 48
135 74
10 199
67 142
191 18
167 42
35 174
482 77
137 72
445 40
41 168
100 109
154 55
405 0
480 75
1 208
201 8
150 59
180 29
24 185
131 78
431 26
27 182
444 39
502 97
83 126
81 128
420 15
79 130
62 147
473 68
92 117
134 75
153 56
194 15
505 100
412 7
158 51
138 71
151 58
176 33
442 37
175 34
59 150
441 36
147 62
96 113
204 5
6 203
407 2
64 145
40 169
0 209
56 153
428 23
490 85
414 9
109 100
450 45
126 83
488 83
39 171
444 40
446 42
77 133
426 22
471 67
457 55
46 164
81 129
72 138
419 15
117 93
85 125
157 53
116 94
44 166
201 9
76 134
466 62
145 65
450 46
66 144
177 33
186 24
24 186
100 110
156 54
124 86
17 193
93 117
80 130
114 96
464 60
501 97
200 10
67 143
194 16
173 37
423 19
207 3
141 69
167 43
41 169
32 178
98 112
497 93
122 88
457 53
479 75
195 15
20 190
184 26
203 7
121 89
128 82
160 50
106 104
68 142
171 39
102 108
420 16
472 68
462 58
454 50
110 100
412 8
158 52
49 161
133 77
45 165
59 151
113 97
178 32
111 99
146 64
452 48
150 60
137 73
9 201
193 17
491 87
210 0
25 185
474 70
507 103
143 67
70 140
415 11
78 132
58 152
87 123
206 4
196 14
31 179
123 87
413 9
482 78
504 100
433 29
165 45
43 167
421 17
120 90
26 184
434 30
38 172
155 55
42 168
204 6
460 56
488 84
15 195
467 63
138 72
198 12
461 57
424 20
188 22
63 147
13 197
498 94
409 5
185 25
36 174
453 49
19 191
131 79
430 26
429 25
136 74
10 200
153 57
56 154
484 80
52 158
151 59
410 6
33 177
71 139
209 1
197 13
181 29
65 145
431 27
104 106
483 79
481 77
445 41
22 188
2 208
96 114
422 18
408 4
174 36
27 183
449 45
443 39
459 55
152 58
62 148
48 162
21 189
79 131
499 95
51 159
115 95
172 38
405 1
161 49
417 13
414 10
463 59
126 84
169 41
47 163
494 90
509 105
28 182
163 47
486 82
436 32
69 141
508 104
132 78
142 68
480 76
404 0
89 121
97 113
55 155
6 204
199 11
407 3
470 66
18 192
187 23
125 85
7 203
500 96
477 73
135 75
159 51
14 196
439 35
492 88
129 81
37 173
505 101
205 5
189 21
91 119
416 12
495 91
175 35
14 198
438 34
147 63
441 37
465 61
144 66
451 47
406 2
502 98
73 137
40 170
109 101
1 209
90 120
166 44
50 160
437 33
176 34
493 89
82 128
469 65
112 98
468 64
134 76
162 48
35 175
61 149
164 46
148 62
119 91
88 122
57 153
30 180
475 71
192 18
168 42
74 136
103 107
428 24
130 80
442 38
23 187
108 102
11 199
140 70
4 206
92 118
107 103
29 181
3 207
503 99
64 146
455 51
510 106
432 28
83 127
418 14
136 76
427 23
179 31
105 105
440 36
511 107
485 81
487 83
5 205
95 115
118 92
476 72
458 54
16 194
489 85
99 111
476 73
449 46
144 67
473 70
121 90
485 82
414 11
451 48
475 72
510 107
24 187
498 95
202 9
85 126
152 59
48 163
175 36
499 96
455 52
187 24
50 161
130 81
154 57
488 85
95 116
49 162
450 47
42 169
207 4
117 94
54 157
98 113
460 57
194 17
421 18
415 12
424 21
71 140
94 117
40 171
454 51
212 1
128 83
65 146
467 64
200 11
88 123
127 84
180 31
419 16
122 89
43 168
486 83
484 81
171 40
69 142
37 174
196 15
198 13
413 10
158 53
26 185
106 105
107 104
27 184
115 96
172 39
492 89
433 30
105 106
111 100
15 196
442 39
197 14
191 20
164 47
146 65
208 3
113 98
203 8
28 183
441 38
425 22
8 203
465 62
4 207
47 164
417 14
138 73
432 29
14 197
459 56
12 199
79 132
155 56
182 29
170 41
125 86
429 26
60 151
206 5
87 124
131 80
457 54
444 41
11 200
469 66
168 43
405 2
82 129
80 131
188 23
151 60
139 72
30 181
502 99
150 61
101 110
159 52
435 32
45 166
32 179
124 87
55 156
9 202
2 209
506 103
141 70
189 22
74 137
481 78
126 85
468 65
445 42
21 190
10 201
209 2
75 136
427 24
153 58
114 97
497 94
108 103
491 88
163 48
422 19
458 55
426 23
210 1
487 84
64 147
104 107
161 50
78 133
56 155
437 34
89 122
156 55
160 51
81 130
411 8
479 76
418 15
120 91
177 34
46 165
137 74
23 188
100 111
93 118
57 154
412 9
72 139
173 38
25 186
408 5
505 102
192 19
97 114
440 37
17 194
409 6
68 143
67 144
20 191
136 75
129 82
453 50
462 59
135 76
119 92
205 6
73 138
91 120
174 37
404 1
483 80
179 32
503 100
431 28
403 0
39 172
162 49
470 67
29 182
420 17
61 150
428 25
185 26
90 121
6 205
477 74
456 53
199 12
142 69
494 91
410 7
3 208
461 58
434 31
195 16
96 115
145 66
51 160
22 189
167 44
35 176
493 90
423 20
34 177
63 148
59 152
464 61
436 33
478 75
52 159
19 192
77 134
178 33
504 101
123 88
184 27
53 158
84 127
92 119
176 35
102 109
86 125
58 153
134 77
496 93
148 63
507 104
132 79
416 13
501 98
70 141
471 68
133 78
500 97
99 112
110 101
112 99
495 92
407 4
430 27
118 93
406 3
466 63
482 79
438 35
439 36
83 128
140 71
511 108
183 28
165 46
149 62
109 102
472 69
62 149
7 204
13 198
509 106
116 95
36 175
186 25
461 59
60 152
101 111
418 16
483 81
419 17
183 29
157 55
473 71
475 73
493 91
32 180
477 75
124 88
105 107
198 14
182 30
495 93
180 32
203 9
406 4
109 103
67 145
64 148
502 100
509 107
37 175
478 76
171 41
123 89
9 203
34 178
458 56
75 137
44 168
466 64
65 147
430 28
6 206
63 149
452 50
38 174
52 160
48 164
23 189
455 53
145 67
117 95
5 207
181 31
427 25
454 52
432 30
200 12
77 135
510 108
152 60
187 25
156 56
503 101
42 170
15 197
46 166
94 118
116 96
482 80
83 129
175 37
92 120
159 53
144 68
66 146
154 58
86 126
424 22
491 89
436 34
470 68
76 136
174 38
497 95
204 8
435 33
102 110
141 71
472 70
71 141
110 102
429 27
133 79
189 23
449 47
403 1
408 6
469 67
85 127
106 106
421 19
411 9
414 12
72 140
205 7
487 85
178 34
440 38
170 42
161 51
100 112
412 10
139 73
166 46
463 61
212 2
426 24
3 209
104 108
437 35
208 4
453 51
490 88
456 54
11 201
135 77
442 40
39 173
51 161
481 79
20 192
68 144
163 49
425 23
98 114
404 2
74 138
186 26
428 26
108 104
169 43
41 171
87 125
201 11
82 130
484 82
118 94
59 153
55 157
114 98
422 20
0 212
10 202
176 36
465 63
444 42
129 83
131 81
153 59
99 113
53 159
468 66
21 191
188 24
90 122
494 92
158 54
496 94
416 14
492 90
22 190
193 19
4 208
160 52
172 40
402 0
184 28
451 49
31 181
149 63
162 50
28 184
407 5
25 187
33 179
45 167
88 124
192 20
410 8
197 15
73 139
115 97
18 194
12 200
423 21
84 128
168 44
415 13
213 1
107 105
126 86
17 195
43 169
499 97
27 185
130 82
190 22
111 101
54 158
413 11
56 156
501 99
137 75
507 105
405 3
471 69
127 85
69 143
441 39
35 177
206 6
476 74
479 77
2 210
95 117
446 44
121 91
1 211
177 35
480 78
103 109
467 65
138 74
40 172
443 41
173 39
16 196
504 102
196 16
505 103
78 134
439 37
195 17
7 205
433 31
57 155
151 61
155 57
448 46
508 106
431 29
420 18
498 96
26 186
179 33
185 27
146 66
61 151
142 70
474 72
47 165
511 109
89 123
80 132
148 64
112 100
191 21
29 183
199 13
50 162
450 48
462 60
13 199
8 204
143 69
409 7
132 80
140 72
91 121
167 45
486 84
122 90
417 15
202 10
210 2
120 92
62 150
58 154
36 176
97 115
459 57
489 87
119 93
19 193
165 47
34 179
139 74
138 75
440 39
86 127
211 2
167 46
16 197
122 91
95 118
465 64
462 61
24 189
41 172
413 12
56 157
452 51
189 24
38 175
66 147
501 100
464 63
143 70
446 45
422 21
114 99
410 9
64 149
135 78
463 62
96 117
434 33
28 185
190 23
407 6
427 26
103 110
401 0
111 102
97 116
2 211
83 130
106 107
151 62
498 97
30 183
460 59
124 89
175 38
176 37
476 75
78 135
109 104
49 164
57 156
17 196
62 151
159 54
119 94
141 72
458 57
6 207
39 174
118 95
508 107
509 108
474 73
25 188
21 192
169 44
208 5
417 16
481 80
420 19
33 180
146 67
480 79
84 129
0 213
402 1
105 108
126 87
52 161
11 202
107 106
201 12
423 22
165 48
59 154
202 11
127 86
198 15
450 49
500 99
162 51
197 16
213 0
108 105
158 55
53 160
199 14
466 65
45 168
36 177
472 71
101 112
87 126
209 4
183 30
99 114
471 70
174 39
145 68
102 111
121 92
18 195
177 36
431 30
193 20
130 83
125 88
133 80
451 50
75 138
493 92
91 122
51 162
486 85
164 49
507 106
455 54
428 27
444 43
161 52
181 32
63 150
92 121
69 144
411 10
415 14
149 64
40 173
20 193
26 187
12 201
503 102
405 4
172 41
166 47
433 32
459 58
71 142
116 97
47 166
461 60
80 133
82 131
113 100
132 81
22 191
140 73
505 104
13 200
3 210
180 33
27 186
491 90
496 95
72 141
475 74
1 212
110 103
35 178
186 27
60 153
494 93
424 23
67 146
206 7
510 109
195 18
117 96
173 40
418 17
487 86
74 139
29 184
65 148
73 140
31 182
70 143
429 28
205 8
123 90
184 29
497 96
200 13
89 124
154 59
187 26
445 44
88 125
37 176
499 98
134 79
425 24
204 9
495 94
48 165
58 155
506 105
479 78
194 19
416 15
185 28
470 69
483 82
148 65
43 170
449 48
454 53
8 205
68 145
4 209
5 208
32 181
414 13
419 18
502 101
203 10
473 72
128 85
478 77
115 98
171 42
179 34
188 25
46 167
81 132
150 63
131 82
19 194
170 43
438 37
50 163
182 31
142 71
85 128
144 69
153 60
55 158
467 66
196 17
76 137
432 31
90 123
404 3
435 34
156 57
439 38
484 83
10 203
42 171
448 47
94 119
409 8
79 134
98 115
468 67
482 81
152 61
112 101
469 68
511 110
406 5
192 21
210 3
104 109
155 58
61 152
168 45
77 136
443 42
7 206
147 66
489 88
437 36
488 87
441 40
157 56
421 20
178 35
483 83
495 95
87 127
85 129
169 45
71 143
42 172
116 98
401 1
164 50
29 185
163 51
440 40
418 18
148 66
193 21
189 25
84 130
489 89
52 162
407 7
103 111
150 64
162 52
457 57
58 156
89 125
508 108
117 97
453 53
434 34
414 14
170 44
110 104
123 91
63 151
165 49
158 56
206 8
3 211
488 88
98 116
439 39
199 15
505 105
132 82
65 149
465 65
55 159
53 161
104 110
74 140
115 99
441 41
50 164
124 90
506 106
128 86
143 71
68 146
464 64
109 105
463 63
210 4
480 80
461 61
152 62
494 94
452 52
471 71
424 24
119 95
421 21
39 175
405 5
449 49
188 26
111 103
101 113
450 50
430 30
208 6
200 14
80 134
114 100
166 48
168 46
137 77
45 169
448 48
420 20
466 66
61 153
19 195
459 59
510 110
23 191
20 194
102 112
95 119
446 46
491 91
196 18
145 69
18 196
26 188
151 63
496 96
60 154
477 77
426 26
106 108
445 45
436 36
492 92
125 89
408 8
130 84
133 81
186 28
24 190
502 102
482 82
456 56
76 138
64 150
94 120
177 37
174 40
107 107
28 186
5 209
134 80
476 76
118 96
431 31
406 6
129 85
195 19
99 115
204 10
30 184
500 100
10 204
16 198
67 147
409 9
72 142
207 7
81 133
11 203
100 114
415 15
38 176
13 201
194 20
122 92
467 67
176 38
427 27
157 57
487 87
34 180
66 148
32 182
201 13
93 121
183 31
91 123
470 70
41 173
161 53
141 73
479 79
27 187
44 170
88 126
422 22
69 145
159 55
179 35
147 67
73 141
136 78
493 93
12 202
411 11
149 65
8 206
105 109
113 101
198 16
121 93
144 70
92 122
135 79
9 205
51 163
25 189
455 55
469 69
432 32
127 87
485 85
56 158
178 36
438 38
416 16
443 43
96 118
131 83
182 32
156 58
150 66
447 47
6 208
154 60
175 39
2 212
4 210
428 28
126 88
140 74
191 23
410 10
57 157
404 4
7 207
108 106
155 59
79 135
171 43
90 124
35 179
475 75
437 37
31 183
497 97
184 30
435 35
474 74
187 27
202 12
468 68
511 111
172 42
33 181
509 109
37 177
402 2
153 61
146 68
112 102
490 90
62 152
205 9
54 160
433 33
403 3
451 51
21 193
180 34
83 131
417 17
472 72
48 166
209 5
97 117
142 72
481 81
46 168
185 29
211 3
503 103
444 44
429 29
139 75
181 33
412 12
462 62
499 99
442 42
501 101
504 104
214 0
473 73
43 171
59 155
413 13
400 0
167 47
498 98
173 41
190 24
17 197
77 137
70 144
1 213
478 78
175 40
419 20
120 95
458 59
440 41
62 153
420 21
95 120
55 160
492 93
428 29
61 154
39 176
407 8
450 51
51 164
93 122
408 9
402 3
475 76
417 18
436 37
411 12
206 9
490 91
89 126
18 197
6 209
111 104
147 68
34 181
42 173
172 43
136 79
73 142
502 103
155 60
413 14
29 186
511 112
418 19
491 92
79 136
162 53
25 190
49 166
480 81
102 113
98 117
71 144
154 61
164 51
180 35
38 177
116 99
13 202
457 58
85 130
159 56
91 124
113 102
170 45
142 73
77 138
487 88
153 62
90 125
409 10
97 118
412 13
69 146
187 28
161 54
202 13
166 49
45 170
496 97
103 112
176 39
423 24
110 105
210 5
177 38
117 98
56 159
508 109
183 32
497 98
151 64
494 95
189 26
484 85
190 25
72 143
48 167
453 54
498 99
57 158
469 70
482 83
68 147
54 161
449 50
35 180
427 28
11 204
41 174
96 119
27 188
211 4
401 2
100 115
199 16
439 40
156 59
447 48
60 155
181 34
460 61
50 165
101 114
178 37
471 72
3 212
182 33
446 47
500 101
485 86
203 12
92 123
443 44
134 81
198 17
70 145
466 67
157 58
150 65
506 107
207 8
37 178
122 93
5 210
184 31
66 149
10 205
109 106
407 10
123 92
493 94
32 183
472 73
94 121
399 0
431 32
499 100
2 213
464 65
114 101
192 23
488 89
191 24
435 36
124 91
196 19
504 105
76 139
17 198
438 39
455 56
145 70
463 64
67 148
456 57
74 141
167 48
9 206
22 193
208 7
503 104
130 85
507 108
144 71
416 17
404 5
135 80
8 207
115 100
118 97
451 52
481 82
169 46
129 86
137 78
33 182
75 140
149 66
201 14
138 77
125 90
168 47
141 74
106 109
126 89
81 134
193 22
509 110
179 36
58 157
65 150
459 60
400 1
474 75
489 90
143 72
185 30
424 25
445 46
465 66
30 185
7 208
88 127
20 195
209 6
107 108
24 191
59 156
467 68
121 94
204 11
163 52
146 69
99 116
84 131
461 62
414 15
425 26
429 30
510 111
127 88
23 192
19 196
444 45
473 74
433 34
174 41
132 83
437 38
131 84
53 162
215 0
468 69
406 7
63 152
441 42
83 132
186 29
47 168
205 10
112 103
44 171
470 71
495 96
188 27
148 67
165 50
26 189
452 53
43 172
422 23
505 106
479 80
1 214
104 111
483 84
448 49
430 31
477 78
197 18
501 102
133 82
405 6
105 110
140 75
46 169
454 55
476 77
194 21
171 44
421 22
119 96
432 33
195 20
461 63
449 51
199 17
422 24
74 142
94 122
65 151
453 55
107 109
207 9
412 14
406 10
164 52
455 57
456 58
480 82
67 149
204 12
80 136
192 24
15 201
458 60
437 39
83 133
398 0
165 51
425 27
479 81
73 143
26 190
491 93
48 168
429 31
213 3
419 21
40 176
443 45
435 37
77 139
111 105
52 164
153 63
35 181
104 112
95 121
468 70
506 108
200 16
483 85
466 68
177 39
98 118
476 78
115 101
205 11
195 21
198 18
129 87
22 194
70 146
64 152
467 69
49 167
12 204
418 20
184 32
7 209
102 114
2 214
203 13
20 196
212 4
154 62
175 41
416 18
24 192
28 188
156 60
132 84
85 131
56 160
509 111
459 61
430 32
171 45
433 35
210 6
130 86
174 42
106 110
145 71
41 175
139 77
487 89
508 110
465 67
121 95
442 44
58 158
400 2
500 102
484 86
19 197
407 9
426 28
505 107
498 100
194 22
149 67
448 50
499 101
170 46
504 106
101 115
457 59
116 100
11 205
489 91
126 90
493 95
125 91
190 28
13 203
209 7
464 66
186 30
78 138
167 49
403 5
180 36
490 92
155 61
51 165
93 123
25 191
17 199
211 5
475 77
45 171
473 75
216 0
427 29
10 206
9 207
146 70
23 193
166 50
68 148
75 141
478 80
118 98
176 40
183 33
460 62
55 161
31 185
411 13
71 145
196 20
147 69
445 47
97 119
169 47
134 82
431 33
497 99
109 107
481 83
43 173
46 170
4 212
32 184
42 174
450 52
29 187
185 31
100 116
434 36
503 105
182 34
454 56
21 195
135 81
191 29
408 10
162 54
92 124
470 72
53 163
157 59
501 103
151 65
141 75
152 64
440 42
47 169
173 43
423 25
406 8
469 71
193 23
57 159
3 213
90 126
399 1
404 6
189 27
414 16
76 140
188 28
122 94
8 208
197 19
472 74
27 189
463 65
474 76
112 104
446 48
214 2
159 57
99 117
510 112
451 53
131 85
50 166
119 97
5 211
178 38
144 72
54 162
142 74
66 150
417 19
444 46
88 128
105 111
202 14
208 8
91 125
420 22
79 137
133 83
215 1
123 93
72 144
168 48
82 134
110 106
436 38
38 178
488 90
402 4
179 37
124 92
410 12
172 44
439 41
441 43
496 98
477 79
495 97
140 76
163 53
69 147
128 88
494 96
18 198
191 25
120 96
206 10
486 88
113 103
136 80
507 109
117 99
61 155
62 154
492 94
34 182
137 79
482 84
30 186
138 78
96 120
81 135
405 7
84 132
60 156
114 102
154 63
460 63
65 152
89 128
483 86
165 52
198 19
461 64
136 81
73 144
21 196
450 53
501 104
199 18
16 201
210 7
70 147
90 127
209 8
129 88
181 36
83 134
414 17
474 77
20 197
459 62
144 73
432 35
419 22
208 9
132 85
128 89
153 64
202 15
110 107
399 2
19 198
178 39
424 27
158 59
49 168
3 214
171 46
415 18
121 96
481 84
505 108
201 16
404 7
148 69
112 105
116 101
184 33
465 68
211 6
467 70
157 60
5 212
119 98
138 79
188 29
200 17
6 211
479 82
452 55
214 3
174 43
133 84
429 32
14 203
449 52
122 95
98 119
27 190
416 19
428 31
96 121
193 24
492 95
149 68
152 65
169 48
107 110
175 42
410 13
24 193
111 106
401 4
55 162
191 28
206 11
493 96
101 116
195 22
170 47
44 173
180 37
42 175
509 112
448 51
60 157
196 21
85 132
472 75
126 91
420 23
189 28
408 11
142 75
31 186
192 25
417 20
57 160
143 74
442 45
43 174
91 126
412 15
458 61
92 125
403 6
93 124
123 94
34 183
498 101
131 86
99 118
194 23
74 143
433 36
146 71
430 33
477 80
18 199
191 26
12 205
10 207
25 192
464 67
135 82
445 48
398 1
117 100
68 149
41 176
431 34
176 41
508 111
50 167
457 60
456 59
444 47
45 172
504 107
183 34
173 44
104 113
56 161
421 24
9 208
39 178
115 102
140 77
30 187
446 49
186 31
440 43
130 87
78 139
124 93
489 92
53 164
108 109
486 89
100 117
451 54
76 141
15 202
207 10
38 179
166 51
478 81
168 49
496 99
190 29
185 32
59 158
190 27
134 83
503 106
61 156
204 13
137 80
139 78
441 44
462 65
212 5
438 41
66 151
32 185
480 83
145 72
127 90
463 66
7 210
94 123
26 191
172 45
427 30
437 40
8 209
120 97
40 177
52 165
471 74
409 12
159 58
11 206
502 105
468 71
491 94
426 29
4 213
443 46
167 50
216 1
506 109
215 2
182 35
397 0
28 189
435 38
205 12
69 148
422 25
476 79
434 37
434 39
95 122
155 62
35 182
64 153
177 40
36 181
423 26
113 104
402 5
63 154
67 150
469 72
510 113
47 170
470 73
475 78
454 57
203 14
141 76
164 53
213 4
487 90
125 92
77 140
54 163
197 20
23 194
29 188
103 114
82 135
0 217
97 120
105 112
406 9
62 155
86 131
411 14
72 145
187 30
494 97
22 195
499 102
490 93
217 0
455 58
81 136
79 138
418 21
436 39
46 171
161 56
147 70
439 42
58 159
405 8
163 54
500 103
75 142
102 115
48 170
439 43
13 205
485 89
179 39
396 0
112 106
33 185
144 74
78 140
165 53
493 97
128 90
448 52
208 10
445 49
195 23
186 32
125 93
433 37
497 101
147 71
45 173
152 66
177 41
109 109
426 30
126 92
30 188
16 202
434 38
169 49
90 128
139 79
153 65
475 79
463 69
413 17
205 13
113 105
506 110
176 42
162 56
115 103
27 191
217 1
92 126
58 160
111 107
500 104
116 102
76 142
7 211
53 165
420 24
36 182
492 96
473 77
34 184
414 18
91 127
408 12
428 32
104 114
38 180
486 90
409 13
1 217
119 99
188 30
52 166
403 7
161 57
441 45
468 72
457 61
461 65
398 2
207 11
96 122
67 151
141 77
129 89
41 177
61 157
478 82
39 179
95 123
410 14
63 155
438 42
6 212
494 98
464 68
9 209
140 78
476 80
463 67
432 36
437 41
194 24
412 16
102 116
458 62
460 64
143 75
192 28
167 51
138 80
488 92
42 176
26 192
469 73
15 203
184 34
69 149
77 141
18 200
56 162
117 101
446 50
214 4
106 112
510 114
175 43
215 3
62 156
171 47
210 8
155 63
419 23
202 16
135 83
192 26
37 181
131 87
178 40
82 136
455 59
402 6
123 95
444 48
21 197
49 169
105 113
482 86
35 183
83 135
504 108
418 22
166 52
89 129
134 84
24 194
124 94
28 190
440 44
2 216
32 186
203 15
201 17
145 73
481 85
97 121
120 98
452 56
5 213
443 47
71 147
172 46
17 201
459 63
8 210
101 117
499 103
79 139
198 20
137 81
470 74
130 88
110 108
495 99
57 161
146 72
471 75
20 198
183 35
187 31
397 1
508 112
31 187
158 60
424 28
199 19
70 148
43 175
212 6
122 96
405 9
0 218
416 20
19 199
93 125
54 164
191 27
466 70
216 2
64 154
11 207
480 84
142 76
472 76
148 70
55 163
487 91
189 29
173 45
154 64
23 195
401 5
88 130
479 83
47 171
447 51
204 14
127 91
136 82
75 143
467 71
22 196
164 54
434 40
44 174
211 7
59 159
25 193
450 54
509 113
196 22
10 208
427 31
68 150
213 5
456 60
85 133
474 78
491 95
150 68
462 66
103 115
209 9
206 12
72 146
404 8
430 34
490 94
431 35
160 58
29 189
218 0
74 144
454 58
411 15
421 25
86 132
84 134
465 69
80 138
40 178
435 39
423 27
163 55
181 37
496 100
156 62
502 106
168 50
132 86
507 111
477 81
50 168
417 21
118 100
159 59
498 102
99 119
182 36
14 204
151 67
133 85
12 206
149 69
65 153
100 118
501 105
87 131
193 25
185 33
425 29
174 44
170 48
451 55
505 109
503 107
4 214
73 145
108 110
422 26
180 38
34 185
205 14
72 147
442 47
396 1
200 19
95 124
164 55
76 143
489 94
465 70
60 161
463 70
498 103
456 61
183 36
215 4
432 37
122 97
207 12
25 194
98 121
58 161
82 137
65 154
469 74
17 202
142 77
77 142
454 59
54 165
104 115
425 30
49 170
209 10
74 147
28 191
89 130
41 178
416 21
163 56
214 5
118 101
506 111
50 169
103 116
59 160
149 70
90 129
124 95
152 67
471 76
201 18
8 211
121 98
414 19
96 123
178 41
477 82
26 193
412 17
5 214
170 49
400 5
457 62
128 91
24 195
119 100
398 3
150 69
7 212
491 96
435 40
71 148
421 26
52 167
497 102
452 57
39 180
440 45
141 78
20 199
475 80
510 115
83 136
33 186
126 93
97 122
78 141
443 48
32 187
488 93
151 68
48 171
490 95
505 110
67 152
408 13
458 63
155 64
447 52
12 207
173 46
130 89
486 91
482 87
397 2
461 66
85 134
511 116
195 24
157 62
29 190
162 57
62 157
11 208
479 84
63 156
53 166
218 1
129 90
42 177
411 16
438 43
36 183
113 106
40 179
193 26
472 77
189 30
110 109
499 104
502 107
470 75
177 42
496 101
60 159
3 216
407 12
144 75
485 90
184 35
504 109
474 79
132 87
492 97
125 94
143 76
92 127
192 27
197 22
187 32
181 38
108 111
46 173
444 49
112 107
106 113
418 23
180 39
473 78
206 13
210 9
176 43
433 38
462 67
208 11
22 197
14 205
161 58
415 20
423 28
6 213
1 218
73 146
175 44
446 51
101 118
410 15
37 182
0 219
428 33
35 184
93 126
422 27
182 37
199 20
449 54
174 45
186 33
138 81
413 18
84 135
27 192
481 86
466 71
2 217
445 50
436 41
493 98
87 132
211 8
79 140
139 80
441 46
123 96
429 34
420 25
453 58
401 6
9 210
424 29
480 85
31 188
409 14
213 6
64 155
417 22
476 81
107 112
459 64
30 189
100 119
172 47
484 89
140 79
219 0
145 74
136 83
487 92
194 25
105 114
212 7
188 31
217 2
168 51
134 85
439 44
19 200
455 60
196 23
115 104
437 42
431 36
99 120
120 99
102 117
462 69
160 59
509 114
167 52
47 172
448 53
451 56
501 106
80 139
464 69
133 86
86 133
146 73
494 99
166 53
88 131
94 125
148 71
153 66
427 32
460 65
13 206
495 100
198 21
109 110
131 88
68 151
18 201
404 9
403 8
44 175
179 40
16 203
135 84
156 63
402 7
81 138
55 164
463 68
116 103
56 163
114 105
467 72
43 176
508 113
204 15
202 17
38 181
171 48
216 3
10 209
75 144
468 73
21 198
117 102
66 153
70 149
158 61
203 16
426 31
491 97
162 58
146 74
168 52
427 33
497 103
464 70
83 137
24 196
435 41
487 93
218 2
411 17
48 172
57 163
39 181
501 107
87 133
206 14
91 129
46 174
207 13
122 98
505 111
419 25
15 205
65 155
490 96
93 127
50 170
86 134
431 37
465 71
144 76
139 81
53 167
164 56
43 177
165 55
443 49
470 76
397 3
459 65
473 79
170 50
415 21
399 5
500 106
47 173
140 80
159 61
120 100
112 108
16 204
78 142
153 67
127 93
149 71
410 16
64 156
158 62
40 180
483 89
185 35
202 18
12 208
477 83
31 189
478 84
107 113
121 99
475 81
126 94
394 0
118 102
143 77
109 111
189 31
484 90
26 194
137 83
430 36
176 44
1 219
110 110
436 42
471 77
166 54
150 70
485 91
147 73
184 36
35 185
56 164
469 75
135 85
59 161
101 119
414 20
511 117
130 90
194 26
175 45
406 12
80 140
220 0
509 115
502 108
108 112
24 198
73 147
219 1
3 217
489 95
21 199
450 56
51 169
45 175
23 197
401 7
54 166
172 48
88 132
28 192
49 171
69 151
33 187
163 57
188 32
58 162
195 25
449 55
493 99
499 105
85 135
428 34
510 116
102 118
444 50
210 10
0 220
460 66
148 72
75 145
507 113
174 46
183 37
472 78
154 66
439 45
177 43
396 2
445 51
440 46
508 114
4 216
2 218
503 109
446 52
161 59
11 209
95 125
20 200
67 153
467 73
6 214
214 6
94 126
22 198
68 152
458 64
27 193
409 15
98 122
5 215
412 18
63 157
442 48
422 28
124 96
215 5
208 12
29 191
111 109
37 183
97 123
462 68
180 40
70 150
114 106
129 91
30 190
90 130
429 35
199 21
160 60
461 67
100 120
424 30
416 22
7 213
9 211
203 17
152 68
492 98
474 80
61 159
395 1
131 89
495 101
453 59
408 14
171 49
403 9
52 168
494 100
209 11
181 39
76 144
418 24
8 212
201 19
84 136
447 53
119 101
400 6
117 103
480 86
212 8
426 32
99 121
138 82
77 143
455 61
200 20
74 146
437 43
133 87
123 97
34 186
432 38
452 58
10 210
451 57
141 79
404 10
498 104
115 105
145 75
105 115
13 207
132 88
136 84
407 13
198 22
213 7
454 60
125 95
413 19
66 154
42 178
103 117
41 179
38 182
14 206
193 27
155 65
481 87
457 63
113 107
496 102
151 69
468 74
62 158
448 54
466 72
169 51
60 162
116 104
504 110
18 202
402 8
476 82
178 42
479 85
197 23
25 195
128 92
32 188
405 11
156 64
89 131
216 4
421 27
79 141
36 184
81 139
398 4
179 41
142 78
173 47
92 128
106 114
506 112
187 33
438 44
420 26
425 31
205 15
82 138
72 148
134 86
423 29
158 63
429 36
414 21
460 67
125 96
489 96
97 124
59 162
440 47
477 84
397 4
15 206
157 64
417 24
162 59
423 30
106 115
468 75
19 202
154 67
406 13
136 85
170 51
52 169
408 15
107 114
214 7
507 114
25 196
134 87
187 34
202 19
492 99
404 11
496 103
430 37
149 72
205 16
399 6
490 97
484 91
442 49
183 38
511 118
7 214
49 172
24 197
185 36
396 3
173 48
35 186
76 145
446 53
410 17
95 126
218 3
398 5
221 0
10 211
210 11
169 52
4 217
203 18
9 212
480 87
465 72
140 81
54 167
216 5
439 46
207 14
504 111
416 23
86 135
459 68
89 132
415 22
148 73
124 97
212 9
486 93
43 178
419 26
195 26
178 43
26 195
479 86
177 44
98 123
22 199
6 215
457 64
67 154
204 17
47 174
198 23
471 78
32 189
144 77
116 105
146 75
470 77
424 31
58 163
118 103
90 131
497 104
46 175
64 157
159 62
137 84
69 152
458 65
495 102
425 32
93 128
174 47
16 205
17 204
68 153
13 208
127 94
34 187
29 192
452 59
65 156
129 92
401 8
80 141
184 37
459 66
411 18
403 10
82 139
131 90
150 71
128 93
219 2
188 33
436 43
0 221
92 129
189 32
186 35
176 45
81 140
493 100
63 158
91 130
38 183
45 176
130 91
394 1
437 44
181 40
72 149
449 56
40 181
501 108
220 1
483 90
109 112
11 210
450 57
466 73
503 110
141 80
99 122
44 177
453 60
211 10
168 53
413 20
476 83
438 45
506 113
105 116
217 4
456 63
427 34
170 53
37 184
139 82
443 50
505 112
435 42
133 88
2 219
57 164
104 117
27 194
151 70
55 166
455 62
71 150
447 54
122 99
164 57
467 74
5 216
85 136
402 9
120 101
454 61
119 102
500 107
3 218
426 33
132 89
481 88
36 185
112 109
445 52
206 15
153 68
190 31
20 201
56 165
51 170
482 89
201 20
208 13
200 21
421 28
499 106
78 143
121 100
488 95
138 83
142 79
194 27
171 50
111 110
100 121
395 2
77 144
88 133
70 151
474 81
209 12
101 120
41 180
66 155
451 58
420 27
29 194
147 74
172 49
156 65
160 61
61 160
87 134
94 127
48 173
18 203
432 39
418 25
165 56
126 95
110 111
62 159
53 168
393 0
30 191
39 182
464 71
75 146
400 7
143 78
96 125
135 86
196 25
448 55
102 119
23 198
73 148
31 190
167 54
8 213
431 38
113 108
508 115
114 107
21 200
180 41
161 60
108 113
461 68
405 12
213 8
491 98
444 51
14 207
163 58
502 109
422 29
1 220
509 116
412 19
472 79
123 98
197 24
79 142
84 137
407 14
428 35
510 117
221 1
104 118
405 13
202 20
134 88
43 179
165 57
427 35
436 44
404 12
199 23
449 57
115 107
400 8
76 146
413 21
495 103
439 47
97 125
399 7
437 45
69 153
467 75
394 2
73 149
18 204
447 55
147 75
492 100
17 205
219 3
212 10
428 36
47 175
468 76
418 26
93 129
139 83
53 169
183 39
111 111
424 32
109 113
80 142
9 213
392 0
89 133
144 78
106 116
488 96
28 194
166 56
506 114
481 89
499 107
213 9
444 52
64 158
177 45
489 97
129 93
35 187
206 16
110 112
148 74
425 33
458 66
168 54
511 119
59 163
48 174
38 184
160 62
113 109
198 24
421 29
196 26
87 135
72 150
398 6
200 22
135 87
469 77
486 94
46 176
62 160
422 30
37 185
136 86
32 190
120 102
5 217
30 192
3 219
130 92
448 56
497 105
40 182
125 97
411 19
78 144
173 49
430 38
133 89
211 11
165 59
122 100
12 210
186 36
98 124
0 222
149 73
494 102
406 14
416 24
471 81
464 72
505 113
142 80
453 61
131 91
33 189
153 69
460 68
51 171
50 172
63 159
167 55
503 111
482 90
66 156
175 47
171 51
132 90
101 121
95 127
179 43
152 70
401 9
169 53
508 116
500 108
194 28
205 17
174 48
182 40
420 28
187 35
159 63
156 66
410 18
154 68
222 0
15 207
490 98
478 86
145 77
21 201
96 126
451 59
10 212
99 123
457 65
14 208
491 99
52 170
42 180
157 67
49 173
2 220
102 120
197 25
472 80
25 197
510 118
118 104
8 214
393 1
45 177
54 168
57 165
215 7
426 34
126 96
58 164
140 82
188 34
433 41
509 117
475 83
123 99
474 82
13 209
498 106
458 68
108 114
193 29
162 60
34 188
178 44
397 5
417 25
479 87
442 50
402 10
23 199
459 67
155 67
176 46
504 112
204 18
466 74
432 40
128 94
4 218
409 17
22 200
195 27
90 132
1 221
141 81
94 128
407 15
415 23
207 15
172 50
138 84
83 139
27 195
68 154
445 53
455 63
163 59
446 54
429 37
164 58
70 152
210 12
192 30
55 167
79 143
170 52
184 38
116 106
220 2
71 151
117 105
114 108
208 14
502 110
44 178
118 106
112 110
476 84
103 119
480 88
105 117
29 193
431 39
217 5
483 91
86 136
412 20
150 72
456 64
81 141
91 131
507 115
408 16
127 95
209 13
157 65
19 203
189 33
470 78
180 42
85 137
443 51
419 27
477 85
501 109
435 43
56 166
459 69
203 19
201 21
11 211
146 76
107 115
158 64
7 215
67 155
396 4
214 8
92 130
218 4
161 61
473 81
191 31
88 134
119 103
487 95
137 85
100 122
403 11
121 101
151 71
84 138
181 41
136 87
58 165
101 122
506 115
43 180
497 106
189 34
473 82
19 204
165 60
192 31
403 12
429 38
48 175
182 41
402 11
47 176
165 58
216 7
5 218
166 57
144 79
78 145
10 213
221 2
405 14
122 101
162 61
81 142
505 114
150 73
185 38
54 169
115 108
437 46
467 76
1 222
85 138
153 70
90 133
21 202
96 127
500 109
209 14
129 94
56 167
414 23
212 11
495 104
193 30
493 102
183 40
491 100
468 77
508 117
139 84
436 45
52 171
71 152
68 155
196 27
501 110
485 94
450 59
130 93
55 168
126 97
472 81
109 114
486 95
211 12
118 105
200 23
160 63
397 6
460 69
499 108
119 104
13 210
103 120
454 63
113 110
62 161
37 186
415 24
148 75
66 157
174 49
201 22
105 118
426 35
481 90
220 3
77 146
480 89
434 43
172 51
133 90
107 116
100 123
69 156
207 16
164 59
175 48
26 197
428 37
15 208
432 41
149 74
217 6
431 40
422 31
161 62
33 190
114 109
116 107
433 42
410 19
65 158
488 97
86 137
457 66
203 20
466 75
71 158
159 64
469 78
474 83
89 134
14 209
20 203
435 44
395 4
31 192
194 29
67 156
464 73
178 45
187 36
82 141
453 62
479 88
181 42
408 17
46 177
42 181
439 48
79 144
401 10
476 85
392 1
461 70
132 91
180 43
442 51
406 15
456 65
399 8
409 18
152 71
45 178
27 196
70 153
51 172
141 82
489 98
482 91
121 102
421 30
176 47
484 93
443 52
35 188
396 5
218 5
125 98
40 183
106 117
145 78
70 157
195 28
39 184
163 60
504 113
36 187
9 214
458 67
449 58
156 67
214 9
483 92
398 7
510 119
72 151
44 179
179 44
184 39
111 112
188 35
0 223
28 195
157 66
84 139
59 164
98 125
38 185
142 81
123 100
49 174
8 215
75 148
41 182
452 61
120 103
140 83
137 86
487 96
23 200
80 143
57 166
475 84
404 13
171 52
147 78
124 99
394 3
470 79
143 80
63 160
413 22
108 115
155 68
478 87
465 74
3 220
210 13
420 29
17 206
416 25
146 77
393 2
53 170
451 60
502 111
418 27
169 54
76 147
154 69
92 131
423 32
503 112
127 96
463 72
223 0
110 113
167 56
494 103
509 118
462 71
104 119
131 92
173 50
117 106
445 54
30 193
400 9
102 121
97 126
407 16
12 211
446 55
199 24
490 99
507 116
134 89
93 130
412 21
158 65
424 33
88 135
87 136
34 189
427 36
118 107
222 1
50 173
128 95
99 124
511 120
91 132
166 59
95 128
471 80
197 26
16 207
168 55
138 85
135 88
83 140
447 56
204 19
74 149
22 201
441 50
190 33
444 53
69 154
205 18
198 25
112 111
64 159
430 39
191 32
151 72
425 34
208 15
411 20
2 221
42 182
71 153
457 67
432 42
446 56
143 81
28 196
206 18
76 148
427 37
97 127
43 181
414 24
500 110
18 206
487 97
9 215
468 78
98 126
79 145
65 159
163 61
137 87
506 116
464 74
110 114
493 103
104 120
27 197
128 96
395 5
192 32
501 111
169 55
216 8
469 79
222 2
45 179
67 157
415 25
70 158
460 70
112 112
46 178
202 22
68 156
219 5
452 62
99 125
61 163
203 21
93 131
150 74
6 218
393 3
498 108
8 216
448 58
185 39
465 75
434 44
412 22
456 66
416 26
499 109
209 15
475 85
146 78
399 9
406 16
476 86
447 57
140 84
80 144
10 214
141 83
37 187
401 11
461 71
486 96
89 135
483 93
117 107
207 17
223 1
180 44
154 70
38 186
53 171
153 71
115 109
135 89
142 82
212 12
54 170
159 65
145 79
87 137
91 133
102 122
130 94
4 220
484 94
48 176
480 90
407 17
425 35
201 23
217 7
211 13
73 151
134 90
197 27
183 41
510 120
186 38
462 72
96 128
210 14
70 156
217 9
81 143
467 77
86 138
164 60
7 217
436 46
121 103
11 213
422 32
149 75
26 198
191 33
481 91
139 85
454 64
71 159
132 92
508 118
400 10
14 210
74 150
504 114
440 50
463 73
489 99
151 73
56 168
492 102
168 56
116 108
162 62
136 88
421 31
55 169
127 97
418 28
41 183
124 100
490 100
66 158
496 106
33 191
449 59
437 47
397 7
85 139
430 40
2 222
113 111
411 21
114 110
189 35
174 50
176 48
39 185
59 165
92 132
404 14
181 43
187 37
220 4
24 200
58 166
34 190
64 160
466 76
214 10
17 207
75 149
3 221
472 82
474 84
173 51
13 211
152 72
138 86
21 203
396 6
122 102
429 39
147 77
198 26
123 101
200 24
405 15
82 142
32 192
455 65
507 117
0 224
511 121
477 87
94 130
424 34
51 173
205 19
509 119
392 2
126 98
413 23
125 99
443 53
50 174
482 92
445 55
144 80
479 89
184 40
60 164
1 223
5 219
57 167
450 60
442 52
78 146
52 172
23 201
129 95
12 212
111 113
495 105
193 31
103 121
40 184
88 136
16 208
95 129
108 116
20 204
107 117
204 20
22 202
119 105
179 45
44 180
403 13
433 43
438 48
453 63
410 20
70 154
502 112
35 189
444 54
218 6
148 76
158 66
31 193
105 119
120 104
441 51
190 34
90 134
160 64
62 162
131 93
196 28
394 4
155 69
167 57
63 161
478 88
451 61
156 68
69 155
491 101
409 19
497 107
100 124
83 141
195 29
408 18
435 45
172 52
15 209
423 33
148 78
133 91
503 113
188 36
69 157
420 30
213 11
488 98
417 27
101 123
166 58
106 118
84 140
398 8
494 104
470 80
82 143
91 134
190 35
209 16
35 190
189 36
27 198
455 66
0 225
216 9
421 32
12 213
52 173
88 137
76 149
181 44
90 135
120 105
72 153
451 62
138 87
70 155
186 39
397 8
438 49
115 110
417 28
37 188
498 109
136 89
217 8
213 12
463 74
440 51
414 25
143 82
17 208
485 96
441 52
167 58
11 214
487 98
219 6
212 13
8 217
214 11
461 72
468 79
492 103
13 212
488 99
174 51
446 57
466 77
403 14
26 199
93 132
445 56
499 110
131 94
59 166
62 163
22 203
67 158
429 40
495 106
404 15
177 48
221 4
102 123
45 180
473 84
21 204
56 169
394 5
95 130
443 54
389 0
63 162
460 71
4 221
159 66
123 102
504 115
70 159
23 202
508 119
144 81
135 90
420 31
180 45
151 74
94 131
496 107
424 35
211 14
491 102
426 37
60 165
205 20
182 43
139 86
29 196
204 21
163 62
73 152
422 33
42 183
410 21
178 47
448 59
170 55
150 75
465 76
187 38
24 201
467 78
145 80
494 105
132 93
215 10
392 3
479 90
43 182
179 46
207 18
164 61
449 60
450 61
427 38
425 36
202 23
83 142
483 94
400 11
435 46
153 72
36 189
18 207
30 195
511 122
86 139
9 216
117 108
194 31
148 77
218 7
98 127
122 103
48 177
68 157
34 191
15 210
41 184
114 111
79 146
456 67
176 49
44 181
5 220
85 140
500 111
112 113
78 147
192 33
484 95
133 92
480 91
184 41
152 73
169 56
502 113
160 65
161 64
185 40
20 205
129 96
77 148
409 20
32 193
434 45
134 91
413 24
201 24
482 93
156 69
476 87
405 16
31 194
171 54
3 222
200 25
490 101
99 126
464 75
210 15
208 17
146 79
28 197
49 176
65 160
510 121
105 120
223 2
454 65
101 124
2 223
222 3
87 138
50 175
474 85
406 17
507 118
431 42
390 1
137 88
51 174
191 34
391 2
127 98
452 63
442 53
162 63
481 92
106 119
61 164
69 158
155 70
183 42
10 215
141 84
416 27
509 120
472 83
418 29
453 64
506 117
121 104
104 121
108 117
395 6
428 39
432 43
140 85
220 5
16 209
437 48
501 112
195 30
111 114
126 99
475 86
399 10
7 218
408 19
96 129
149 76
116 109
130 95
430 41
53 172
433 44
89 136
75 150
419 30
411 22
125 100
109 116
489 100
436 47
124 101
47 178
66 159
469 80
172 53
206 19
33 192
505 116
103 122
154 71
423 34
97 128
40 185
393 4
462 73
6 219
14 211
402 13
401 12
57 168
107 118
113 112
196 29
92 133
54 171
199 26
58 167
55 170
407 18
198 27
477 88
175 50
110 115
39 186
38 187
46 179
493 104
486 97
80 145
128 97
447 58
197 28
478 89
19 206
1 224
410 22
224 2
171 55
68 158
186 40
220 6
437 49
80 146
121 105
100 126
193 33
145 81
478 90
456 68
458 70
84 142
128 98
98 128
60 166
422 34
124 102
93 133
426 38
408 20
180 46
152 74
498 110
143 83
396 8
434 46
218 8
502 114
445 57
479 91
22 204
63 163
122 104
159 67
106 120
505 117
472 84
31 195
20 206
97 129
390 2
64 162
393 5
205 21
497 109
438 50
21 205
436 48
38 188
448 60
406 18
71 155
134 92
491 103
51 175
5 221
195 31
40 186
499 111
414 26
8 218
190 36
123 103
504 116
86 140
130 96
466 78
392 4
78 148
18 208
39 187
424 36
409 21
421 33
484 96
203 23
418 30
177 49
29 199
452 64
189 37
25 201
137 89
462 74
9 217
72 154
3 223
416 28
140 86
459 71
150 76
55 171
104 122
442 54
417 29
54 172
398 10
153 73
109 117
467 79
440 52
30 196
14 212
33 193
191 37
89 137
27 199
7 219
450 62
202 24
69 159
191 35
208 18
110 116
75 151
475 87
120 106
455 67
49 177
463 75
19 207
468 80
441 53
70 160
402 14
101 125
490 102
486 98
16 210
443 55
52 174
62 164
36 190
482 94
399 11
113 113
178 48
210 16
400 12
170 56
401 13
23 203
156 70
503 115
34 192
28 198
154 72
439 51
489 101
403 15
477 89
509 121
197 29
164 62
222 4
29 197
447 59
82 144
510 122
13 213
17 209
481 93
388 2
473 85
177 51
485 97
65 161
160 66
465 77
108 118
142 84
173 53
139 87
496 108
207 19
471 83
507 119
88 138
163 63
179 47
155 71
146 80
53 173
495 107
500 112
483 95
432 44
188 38
61 165
47 179
96 130
508 120
211 15
43 183
216 10
87 139
136 90
127 99
181 45
494 106
415 27
492 104
395 7
59 167
413 25
175 51
112 114
103 123
511 123
169 57
460 72
200 26
404 16
138 88
67 159
141 85
126 100
192 34
56 170
476 88
489 103
212 14
213 13
187 39
1 225
133 93
114 112
10 216
506 118
57 169
12 214
44 182
74 152
168 58
35 191
461 73
219 7
83 143
183 43
488 100
209 17
411 23
77 149
99 127
397 9
435 47
41 185
15 211
161 65
149 77
423 35
433 45
487 99
79 147
81 145
394 6
16 212
501 113
172 54
176 50
201 25
132 94
66 160
24 202
85 141
431 43
204 22
474 86
50 176
91 135
196 30
451 63
90 136
125 101
46 180
131 95
182 44
117 109
116 110
92 134
162 64
389 1
419 31
221 5
480 92
185 41
184 42
214 12
469 81
37 189
391 3
420 32
425 37
428 40
223 3
453 65
407 19
48 178
388 0
427 39
157 69
95 131
105 121
457 69
199 27
464 76
429 41
94 132
2 224
11 215
26 200
111 115
102 124
405 18
101 126
491 104
100 127
387 0
475 88
136 91
97 130
28 199
156 71
56 171
128 99
221 6
409 22
73 154
65 162
64 163
135 92
26 201
495 108
168 59
490 103
137 90
453 66
176 51
55 172
421 34
413 26
150 77
404 17
505 118
96 131
61 166
191 36
131 96
47 180
477 90
190 37
449 62
34 193
201 26
107 120
460 73
199 28
400 13
167 60
467 80
424 37
39 188
15 212
145 82
500 113
151 76
66 161
152 75
143 84
112 115
52 175
473 86
468 81
423 36
205 22
104 123
133 94
392 5
197 30
109 118
19 208
455 68
31 196
456 69
499 112
493 106
212 15
389 2
74 153
36 191
508 121
215 12
115 112
209 18
103 124
146 81
81 146
503 116
403 16
160 67
82 145
4 223
60 167
69 160
43 184
432 45
193 34
180 47
86 141
402 15
452 65
416 29
472 85
44 183
204 23
10 217
227 0
398 11
59 168
173 54
169 58
442 55
105 122
164 63
507 120
484 97
458 71
18 209
504 117
444 57
13 214
40 187
208 19
75 152
408 21
120 107
222 5
220 7
482 95
154 73
225 2
139 88
213 14
89 138
426 39
53 174
20 207
474 87
406 19
497 110
210 17
395 8
50 177
216 11
187 40
480 93
183 44
397 10
129 98
102 125
159 68
481 94
123 104
434 47
166 63
84 143
41 186
428 41
92 135
85 142
165 62
175 52
478 91
63 164
202 25
161 66
447 60
9 218
117 110
119 108
93 134
399 12
25 202
390 3
91 136
121 106
163 64
393 6
506 119
464 77
106 121
488 101
5 222
417 30
415 28
203 24
90 137
155 72
459 72
29 198
48 179
486 99
436 49
476 89
127 100
177 50
407 20
140 87
23 204
8 219
185 42
125 102
440 53
422 35
410 23
87 140
68 159
62 165
7 220
153 74
3 224
157 70
219 8
394 7
501 114
171 56
141 86
463 76
170 57
49 178
94 133
12 215
88 139
494 107
16 211
198 29
470 83
22 205
46 181
437 50
14 213
67 160
194 33
76 151
457 70
511 124
126 101
211 16
110 117
498 111
411 24
35 192
16 213
57 170
80 147
435 48
79 148
454 67
441 54
95 132
37 190
462 75
223 4
492 105
479 92
130 97
98 129
2 225
42 185
388 1
207 20
461 74
206 21
196 31
214 13
111 116
451 64
401 14
45 182
412 25
78 149
54 173
27 200
471 84
179 48
11 216
113 114
189 38
0 227
162 65
391 4
178 49
487 100
134 93
489 102
433 46
77 150
418 31
224 3
181 46
172 55
448 61
21 206
132 95
510 123
184 43
465 78
427 40
425 38
430 43
439 52
414 27
192 35
485 98
496 109
122 105
32 195
138 89
483 96
443 56
429 42
24 203
118 109
420 33
466 79
188 39
6 221
431 44
469 82
147 80
114 113
83 144
195 32
72 155
144 83
445 58
396 9
411 25
123 105
176 52
98 130
396 10
214 14
24 204
477 91
470 84
48 180
52 176
155 73
57 171
409 23
187 41
55 173
88 140
205 23
426 40
209 19
442 56
114 114
66 162
163 65
60 168
471 85
448 62
40 188
474 88
93 135
146 82
152 76
509 123
440 54
414 28
112 116
109 119
444 60
85 143
62 166
386 0
104 124
166 62
139 89
183 45
68 160
497 111
161 67
435 49
450 64
475 89
143 85
449 63
464 78
193 35
195 33
158 70
400 14
200 28
165 63
81 147
480 94
137 91
190 38
77 151
389 3
486 100
25 203
92 136
439 53
90 138
500 114
76 152
499 113
7 221
148 80
185 43
390 4
430 44
433 47
121 107
178 50
125 103
128 100
219 9
181 47
145 83
42 186
208 20
434 48
398 12
19 209
505 119
511 125
95 133
99 129
432 46
78 152
131 97
462 76
468 82
454 68
218 10
101 127
119 109
134 94
226 2
484 98
174 54
74 154
167 61
393 7
212 16
51 177
228 0
425 39
441 55
447 61
157 71
33 195
54 174
456 70
127 101
153 75
402 16
159 69
216 12
17 211
27 201
84 144
204 24
221 7
96 132
501 115
162 66
403 17
213 15
120 108
91 137
206 22
46 182
493 107
494 108
463 77
87 141
504 118
44 184
124 104
49 179
36 192
406 20
424 38
122 106
465 79
26 202
78 150
498 112
415 29
106 122
492 106
210 18
217 11
438 52
453 67
118 110
102 126
136 92
502 116
416 30
173 55
225 3
172 56
23 207
23 205
50 178
144 84
113 115
478 92
2 226
203 25
387 1
142 86
151 77
170 58
481 95
408 22
110 118
94 134
111 117
5 223
34 194
419 33
495 109
65 163
488 102
37 191
412 26
459 73
444 58
397 11
64 164
116 112
32 196
483 97
86 142
6 222
429 43
510 124
186 42
14 214
196 32
147 81
1 227
482 96
436 50
220 8
460 74
198 30
130 98
156 72
135 93
443 57
15 213
132 96
141 87
420 34
100 128
207 21
35 193
508 122
12 216
192 36
22 206
154 74
115 113
38 190
490 104
417 31
39 189
422 36
20 208
418 32
222 6
126 102
168 60
421 35
18 210
399 13
28 200
201 27
506 120
467 81
194 34
43 185
69 161
405 19
138 90
53 175
413 27
8 220
45 183
160 68
80 148
211 17
197 31
487 101
455 69
404 18
479 93
63 165
401 15
428 42
61 167
503 117
452 66
391 5
437 51
10 218
129 99
466 80
189 39
108 120
446 60
395 9
457 71
21 207
392 6
13 215
410 24
4 224
11 217
0 228
150 78
179 49
394 8
105 123
41 187
472 86
140 88
215 13
451 65
485 99
427 41
107 121
171 57
72 156
117 111
82 146
227 1
30 198
445 59
169 59
79 149
83 145
435 51
223 5
431 45
476 90
89 140
44 185
159 70
122 107
435 50
461 76
115 114
103 126
141 88
74 155
168 61
503 118
139 90
459 74
435 52
486 101
493 108
475 90
224 5
127 102
160 69
504 119
490 105
93 136
391 6
130 99
412 27
116 113
109 120
401 16
434 49
440 55
98 131
444 59
22 207
121 108
182 47
7 222
95 134
75 156
129 100
211 18
136 93
14 215
420 35
142 87
451 66
163 66
112 117
38 191
219 10
497 112
155 74
137 92
181 48
202 27
511 126
187 42
411 26
32 197
148 81
222 7
135 94
117 112
18 211
79 152
21 208
419 34
452 67
125 104
501 116
48 181
167 62
218 11
468 83
217 12
446 61
454 69
120 109
138 91
229 0
40 189
57 172
184 45
402 17
460 75
417 32
405 20
207 22
118 113
110 119
2 227
111 118
107 122
28 201
193 36
193 40
96 133
151 78
415 30
31 198
123 106
422 37
437 52
386 1
66 163
13 216
102 127
466 81
472 87
510 125
464 79
62 167
396 11
484 99
173 56
438 53
157 72
140 89
77 152
469 84
205 24
55 174
194 35
105 124
397 12
131 98
39 190
227 2
421 36
92 137
449 64
114 115
132 97
5 224
49 180
439 54
47 182
100 129
134 95
50 179
26 203
59 170
403 18
225 4
404 19
483 100
161 68
447 62
85 144
465 80
3 226
destination
