map
random512-40-5.map
pivot
81 265
agent & start
235 36
234 36
235 35
235 37
197 0
234 35
234 37
233 37
232 36
234 34
196 0
233 35
198 0
231 36
195 0
233 34
198 1
232 37
200 1
232 34
231 37
195 1
199 1
200 2
230 36
200 7
201 6
194 1
230 43
231 34
231 38
230 37
199 2
231 42
229 36
228 36
193 1
230 38
200 6
230 34
200 4
230 42
194 2
199 7
199 3
231 41
229 43
231 39
201 5
194 3
193 2
229 38
227 36
199 6
230 39
199 4
200 5
230 41
229 42
207 58
228 43
230 33
230 32
208 58
226 36
230 40
209 57
228 42
228 38
207 59
193 5
194 4
199 5
192 2
191 2
208 59
198 5
197 4
225 36
194 5
228 41
192 3
229 40
226 35
209 56
228 39
193 4
210 57
229 32
195 4
192 5
209 58
228 40
227 33
196 4
208 60
192 4
208 56
191 3
228 32
destination
