map
random512-40-5.map
pivot
81 265
agent & start
235 36
234 36
235 37
235 35
234 37
234 35
197 0
198 0
196 0
233 37
233 35
232 36
234 34
200 1
198 1
233 34
231 36
232 37
195 0
231 37
200 2
230 36
195 1
199 1
232 34
231 34
231 38
230 37
201 6
200 7
231 42
230 43
229 36
194 1
199 2
201 5
200 4
230 42
228 36
231 39
200 6
193 1
199 3
230 38
199 7
230 34
231 41
194 2
229 43
193 2
230 39
199 6
207 58
194 3
230 41
199 4
229 42
229 38
228 43
227 36
230 33
200 5
194 4
230 32
199 5
192 2
208 58
209 57
193 5
228 42
226 36
228 38
230 40
207 59
209 58
229 40
210 57
226 35
195 4
208 59
192 5
193 4
191 2
194 5
198 5
225 36
197 4
228 41
209 56
229 32
192 3
228 39
209 59
228 32
226 34
210 58
192 4
191 3
195 5
208 60
227 33
196 4
208 56
225 35
228 40
197 5
196 5
208 55
210 59
209 60
191 4
184 33
195 6
209 62
226 33
227 40
225 34
197 6
227 32
200 12
226 32
224 34
196 6
209 61
185 33
226 40
184 32
210 60
211 59
208 54
199 13
190 4
210 62
208 81
210 61
186 33
225 32
214 81
200 13
185 32
211 60
191 20
224 33
190 5
209 54
184 31
190 21
211 62
199 14
225 40
199 12
212 59
226 41
208 53
196 7
190 22
216 60
196 8
211 61
187 33
225 31
213 59
208 78
209 81
209 53
213 81
223 33
224 40
215 79
225 41
202 14
191 19
197 11
185 31
198 12
189 23
195 9
208 80
189 5
200 14
191 21
214 80
225 43
210 52
212 60
217 76
189 24
188 31
212 61
188 7
186 31
225 42
215 78
187 32
224 41
194 7
200 15
201 14
224 31
191 18
214 79
189 6
213 60
195 8
216 61
210 81
192 21
213 80
224 43
196 11
208 79
190 23
216 73
223 32
195 10
189 30
190 29
215 60
202 15
209 78
211 52
197 12
217 74
210 53
209 80
187 31
189 27
192 18
223 31
211 81
218 74
190 28
223 43
188 8
210 80
201 15
202 16
188 30
213 55
190 24
197 13
196 12
195 11
212 80
189 7
211 53
191 23
223 41
217 73
214 60
209 79
216 74
213 79
216 62
192 22
194 8
191 29
215 77
193 7
217 75
224 42
212 54
189 29
214 78
213 61
216 76
191 24
213 78
196 13
217 72
215 74
189 28
213 62
189 8
213 54
210 79
204 17
215 76
218 73
193 18
188 27
183 2
223 42
188 29
187 30
203 18
190 25
201 16
214 55
222 31
191 28
212 53
190 27
215 62
192 23
193 8
216 75
195 12
214 61
211 80
193 9
188 28
221 31
193 17
213 77
214 62
195 13
212 78
205 17
215 75
201 17
182 2
218 72
191 27
222 42
215 63
213 53
220 68
214 54
192 24
187 29
202 18
191 25
190 8
211 79
204 18
184 2
211 78
210 77
206 17
219 32
200 17
194 15
218 33
214 53
184 3
193 24
186 29
195 14
219 70
193 16
193 10
221 32
213 64
214 75
220 31
214 63
205 18
191 26
187 28
221 42
180 3
218 71
181 2
192 9
192 25
215 52
194 13
202 19
219 68
213 76
220 69
191 8
217 33
193 25
193 15
213 65
186 28
213 75
210 76
192 10
194 24
192 26
194 14
185 3
195 23
214 64
219 67
220 32
181 3
193 13
218 70
177 11
196 24
212 76
219 69
218 48
215 51
192 16
214 52
180 4
191 9
206 18
201 19
200 18
211 77
199 19
218 68
218 32
217 49
219 31
220 42
199 20
213 74
184 5
219 30
218 47
219 42
196 23
218 31
216 49
214 51
214 65
183 4
191 10
218 67
217 32
185 4
192 13
217 48
200 19
195 24
191 16
218 69
212 75
220 33
192 15
181 4
193 26
178 11
176 11
194 25
211 76
185 28
207 18
193 14
216 48
215 65
217 47
182 4
217 69
190 12
220 34
191 15
213 51
193 27
185 5
219 41
200 20
214 66
219 37
194 26
212 74
208 18
211 75
180 6
192 14
217 67
190 10
214 50
194 28
181 5
218 30
218 42
191 13
197 23
195 25
189 11
176 10
183 5
184 28
178 10
217 31
191 14
185 6
209 20
216 31
213 50
216 69
198 23
189 12
179 10
219 40
219 38
219 34
189 10
215 66
183 28
188 11
216 29
216 67
211 74
190 13
176 9
180 7
219 36
215 48
181 6
217 30
218 43
188 19
208 19
200 21
182 5
195 26
220 35
211 24
195 28
190 15
179 8
194 27
217 46
218 41
183 6
186 7
216 46
216 30
188 10
209 21
189 15
213 49
198 24
183 7
179 7
196 28
195 27
210 24
178 8
210 74
196 26
212 24
187 9
201 21
189 13
215 29
177 9
180 8
215 69
219 35
216 68
190 14
188 12
218 40
181 7
218 36
176 8
185 7
218 38
187 19
215 47
179 9
197 25
183 27
215 67
208 20
182 6
188 18
186 8
214 48
218 44
214 69
180 9
217 44
214 47
212 25
210 23
215 68
189 14
181 8
186 9
196 27
198 25
201 22
188 13
186 11
209 74
188 15
184 7
182 27
183 8
187 10
202 21
197 26
215 30
185 8
187 18
215 46
213 48
217 36
208 21
217 38
177 8
178 7
218 35
188 17
218 39
182 7
212 26
212 48
184 8
177 7
197 27
182 26
214 30
217 35
178 6
185 11
181 9
208 22
187 17
200 24
207 21
201 23
209 23
216 44
188 14
186 10
197 31
199 25
209 73
188 16
214 68
202 22
217 39
214 46
207 73
216 38
182 8
214 31
216 39
207 22
182 9
198 27
200 25
207 72
199 26
185 10
213 68
215 32
197 30
201 24
208 23
208 73
184 9
181 26
182 21
202 23
187 16
203 22
198 31
213 46
212 47
216 35
177 4
209 72
182 25
211 26
206 21
216 43
211 46
187 14
177 6
198 29
215 36
182 10
216 34
182 22
216 42
182 24
180 26
207 71
210 26
216 40
200 26
211 47
212 46
198 30
177 5
198 28
201 25
186 16
215 35
214 32
186 14
184 10
215 33
204 22
176 6
206 22
210 70
214 36
182 20
203 23
176 4
208 72
212 68
207 23
181 20
210 27
204 23
212 45
200 27
176 5
183 10
208 71
209 70
182 23
199 30
202 27
210 69
205 22
214 35
206 23
214 33
201 26
211 68
199 28
186 15
180 25
216 41
215 42
210 47
215 34
212 44
185 15
181 23
203 27
175 5
180 20
211 67
183 11
205 23
209 69
215 41
202 26
203 25
211 29
206 24
210 28
214 34
200 28
200 30
180 24
209 47
208 70
201 30
208 27
210 67
208 47
211 44
208 69
201 28
184 15
209 46
200 29
209 68
211 66
211 36
183 14
210 29
180 23
174 5
213 34
211 30
212 43
203 26
204 25
214 41
210 45
205 24
183 12
180 21
210 66
209 67
179 21
207 47
211 35
206 26
183 15
207 27
209 29
212 42
210 44
204 26
211 37
201 29
173 5
209 45
208 68
213 39
180 22
205 25
208 28
183 13
212 34
210 30
214 40
211 31
208 67
206 27
205 26
207 46
210 31
211 38
212 41
209 66
211 34
202 29
183 16
211 32
209 44
179 22
182 13
207 68
213 40
208 29
212 39
172 5
209 31
203 29
207 45
181 13
183 17
157 1
207 67
206 46
208 44
210 34
210 38
178 22
180 12
208 30
210 32
212 40
208 66
172 4
209 35
205 27
204 28
171 4
180 13
207 66
208 35
208 65
179 12
148 21
206 67
207 44
210 41
205 28
211 40
209 34
205 68
209 32
182 17
204 29
208 31
206 45
177 22
205 66
157 2
207 30
156 1
210 39
207 31
170 4
208 32
206 30
207 43
180 14
177 21
207 65
205 67
179 13
147 21
148 22
210 40
156 2
204 68
206 44
181 17
205 29
209 39
209 41
206 66
208 34
153 1
177 20
207 42
155 2
207 64
180 17
147 22
153 2
154 1
152 1
206 65
179 14
170 5
207 32
205 30
206 43
153 0
209 40
156 3
181 16
204 67
208 33
148 23
176 21
153 9
155 3
176 20
205 31
207 63
179 15
207 33
205 43
208 40
154 2
170 6
180 16
204 64
207 41
178 18
206 32
206 42
147 23
152 0
206 64
203 67
148 24
206 36
146 23
147 24
204 63
153 10
154 9
205 36
205 32
206 33
202 67
205 42
206 63
207 40
178 17
203 66
151 0
171 6
206 35
176 19
179 16
154 3
204 65
148 25
177 18
199 65
154 10
177 17
155 5
148 26
146 24
150 0
154 8
206 34
205 33
207 39
171 7
202 66
205 41
144 24
201 67
176 18
147 25
177 15
178 16
154 4
203 65
205 63
172 8
205 35
206 40
146 1
171 8
176 15
205 62
176 13
199 64
205 34
155 6
144 25
153 4
154 7
150 1
146 25
155 10
205 40
154 5
203 32
176 17
154 11
201 66
206 39
172 9
200 65
189 32
177 16
202 65
157 10
145 24
206 61
204 33
148 27
202 32
204 40
176 16
175 13
171 9
206 60
168 10
201 65
150 2
199 63
190 32
189 33
158 10
155 11
202 64
154 6
147 1
200 64
156 10
205 61
145 25
203 33
153 5
148 28
205 39
175 15
176 14
172 10
146 2
204 34
150 3
175 16
199 62
153 6
148 1
149 2
158 11
201 32
175 14
169 10
202 33
203 34
204 61
205 60
190 33
144 31
202 63
171 10
191 38
147 2
170 9
168 11
156 11
204 39
148 29
145 26
189 34
201 64
200 63
174 15
191 32
204 38
145 29
173 15
203 61
191 39
158 12
148 2
145 31
171 11
201 63
204 60
201 33
200 62
174 16
147 29
143 31
202 62
191 33
145 27
152 6
203 35
156 12
150 10
149 3
190 38
174 14
190 34
205 59
189 35
148 30
170 10
169 11
144 27
191 34
149 4
155 14
203 36
150 9
173 14
190 39
173 16
200 61
157 12
142 31
147 30
148 3
151 6
190 35
205 58
203 60
149 10
202 61
190 37
146 33
146 31
201 62
143 30
172 15
145 28
204 37
144 29
154 19
201 34
191 40
189 36
170 11
201 61
143 27
170 12
148 4
150 8
157 13
147 33
172 14
151 7
202 36
154 16
155 19
204 58
173 17
143 29
200 34
191 35
203 59
156 20
202 60
149 9
189 37
142 30
188 36
147 31
201 35
190 40
203 37
190 36
144 28
146 32
154 18
156 14
150 6
205 57
171 13
155 15
150 7
147 32
172 17
171 14
154 17
157 14
141 30
157 20
148 5
200 35
202 37
192 35
170 13
143 28
204 57
189 42
203 58
190 41
149 8
191 36
155 16
202 57
156 19
140 31
201 60
148 33
149 6
188 37
202 58
189 41
149 7
188 42
201 37
142 26
171 17
142 28
158 14
199 35
169 13
148 6
141 29
140 26
140 30
148 32
203 57
201 59
156 16
157 19
192 36
172 18
200 36
149 33
148 8
139 31
187 37
147 5
155 17
139 25
170 14
156 17
203 56
146 5
187 42
148 7
142 25
141 28
187 38
188 41
139 30
169 14
199 36
171 18
140 27
201 58
157 18
200 37
188 39
198 35
147 6
139 26
159 14
149 32
192 37
141 26
140 25
200 38
171 19
140 28
193 37
203 55
157 17
159 15
160 14
169 15
141 25
142 24
187 39
146 6
138 26
147 7
150 32
138 30
139 27
188 40
198 36
200 58
186 42
199 38
160 15
186 41
202 55
197 36
137 26
159 16
171 20
195 36
198 37
138 29
200 39
137 30
201 56
132 33
151 32
194 37
144 5
158 17
200 57
187 40
139 28
168 15
146 7
145 6
141 24
138 28
144 8
137 27
198 38
197 37
199 39
159 17
131 33
137 29
200 56
170 20
186 40
132 32
152 32
201 55
89 7
134 32
151 31
160 16
87 1
196 36
145 7
168 16
144 6
195 37
167 15
133 33
163 15
143 5
165 15
141 23
194 38
141 22
200 53
134 31
136 29
152 31
169 20
199 40
144 7
89 6
130 33
159 18
140 23
200 41
161 16
164 15
198 39
200 55
166 15
129 32
185 40
88 7
143 6
196 37
133 32
87 2
199 56
197 38
89 4
143 8
168 17
163 16
86 1
167 16
195 38
137 28
141 21
184 40
143 7
199 55
200 42
199 53
88 6
196 38
197 39
166 16
87 3
169 19
136 28
133 31
199 41
90 4
167 17
87 7
168 18
130 32
88 4
198 40
161 17
152 30
140 22
200 54
160 18
129 31
139 21
164 16
142 8
134 30
86 2
161 18
184 39
198 55
130 31
138 21
142 7
135 28
164 17
166 17
86 3
168 19
133 30
87 6
134 29
91 4
153 30
86 7
200 43
139 6
198 41
196 39
87 4
197 58
141 6
183 40
152 29
197 40
140 21
88 5
92 3
199 54
197 41
142 14
86 4
161 19
91 5
133 29
135 27
199 43
87 5
164 18
197 55
196 40
137 21
140 6
197 57
167 19
141 7
183 39
166 18
139 7
93 3
92 4
140 20
198 54
196 58
192 58
182 40
86 6
153 29
130 30
195 59
152 28
140 7
197 54
192 57
166 19
132 29
142 15
136 21
85 6
196 57
134 27
142 13
182 39
195 58
93 4
140 19
162 19
197 56
193 58
196 41
198 43
94 5
199 48
131 30
153 28
199 44
94 3
164 19
196 55
194 59
161 20
86 5
163 18
195 40
91 6
198 47
139 19
180 64
154 28
199 49
156 30
132 28
133 27
134 26
162 20
92 6
141 13
155 29
91 7
131 29
182 68
91 9
94 4
163 19
93 5
195 41
194 40
198 48
85 5
136 20
140 18
196 56
196 54
181 39
140 8
161 21
197 53
166 20
184 68
141 15
193 57
197 47
194 58
197 43
198 44
70 3
195 56
198 49
195 42
155 28
163 20
183 68
139 18
184 69
197 44
156 29
181 64
182 67
162 21
95 4
194 57
92 9
179 64
196 47
140 9
180 65
132 27
140 15
84 5
194 41
141 16
197 46
93 6
181 78
157 30
140 13
91 8
180 39
131 28
133 26
166 21
196 43
92 7
93 12
70 5
196 53
136 19
94 12
92 10
92 8
194 56
70 4
132 26
181 77
179 65
198 50
195 43
196 44
71 3
93 11
83 5
194 54
197 49
181 67
158 30
136 18
183 69
196 48
157 27
139 9
96 4
93 7
140 14
179 39
131 27
180 78
140 16
197 45
70 6
163 21
195 53
140 10
194 42
138 18
181 63
156 28
166 22
181 76
179 38
136 17
137 18
175 76
95 12
196 49
71 4
164 21
94 7
194 55
183 70
139 14
98 5
157 28
93 8
195 52
69 6
83 6
94 11
178 39
79 6
165 22
131 26
96 5
158 29
182 63
180 67
72 3
193 54
78 7
179 66
194 53
197 50
194 43
93 10
139 10
139 16
158 27
196 45
179 78
84 7
195 51
160 26
137 17
193 55
131 25
196 50
165 23
175 75
84 8
139 11
179 77
72 4
163 23
79 7
195 45
94 8
182 70
138 14
95 11
73 3
78 8
192 54
94 10
82 6
177 77
158 28
193 53
164 22
68 6
80 6
97 5
95 7
195 49
183 63
159 27
83 7
182 74
179 67
98 6
130 26
180 76
194 44
178 38
181 75
177 39
138 16
176 76
194 51
96 7
195 50
178 67
139 12
137 16
164 23
177 38
176 75
161 26
95 8
130 25
84 9
160 27
159 28
182 73
178 77
193 52
181 70
163 24
95 10
79 8
192 55
81 6
182 71
73 4
184 63
193 44
181 74
137 14
138 15
195 46
97 6
177 76
82 7
68 7
180 75
74 4
81 7
193 51
179 75
73 5
164 24
194 50
181 73
138 12
137 15
80 8
194 46
96 8
192 44
97 7
191 55
190 58
184 62
193 45
95 9
182 72
178 68
162 26
160 28
179 69
134 16
130 24
68 8
177 75
83 9
178 76
177 37
161 27
181 71
137 13
176 38
189 53
181 72
134 15
190 55
192 45
134 17
184 61
175 38
177 68
160 29
67 10
193 50
189 54
96 9
164 25
163 26
130 23
180 73
176 37
83 10
191 56
137 12
136 15
97 8
161 28
189 58
69 8
190 57
180 71
194 47
178 69
179 70
81 8
190 53
178 75
74 5
131 23
135 15
134 18
164 26
97 9
190 52
180 72
179 71
136 12
67 11
179 73
162 28
81 9
161 29
189 55
188 58
190 56
192 46
189 57
193 47
194 48
178 74
191 51
69 9
168 76
165 25
82 10
192 50
68 10
175 37
178 70
160 30
133 19
75 5
177 69
175 39
185 61
185 60
163 28
190 51
193 48
132 19
188 55
97 10
188 57
162 29
68 13
178 71
161 30
191 46
98 9
191 50
135 14
133 18
192 49
66 13
67 12
164 27
75 6
165 26
175 40
178 73
81 10
135 12
179 72
177 70
192 47
168 75
189 56
169 76
69 10
131 22
174 37
98 10
73 7
68 12
175 41
132 20
132 18
80 10
192 48
168 74
185 59
190 50
135 13
131 19
165 27
187 57
178 72
161 31
177 71
176 70
186 58
69 11
176 40
191 49
190 46
163 29
131 21
188 56
67 13
169 75
75 7
173 37
174 36
66 14
102 0
187 55
169 73
177 73
69 12
174 35
74 7
99 10
80 11
189 46
131 18
191 48
130 21
166 27
187 56
134 13
190 49
161 32
176 71
73 8
186 55
162 31
67 14
165 28
177 72
168 73
168 27
102 1
185 58
131 20
103 0
176 41
169 72
172 37
66 15
130 19
164 29
170 75
186 57
170 73
184 58
100 8
162 32
190 48
171 75
168 72
70 12
102 2
100 10
133 13
189 49
161 33
189 47
171 37
175 73
176 72
65 17
131 17
168 28
66 16
186 56
80 12
106 12
130 20
169 71
129 19
173 35
destination
