map
random512-35-9.map
pivot
387 210
agent & start
65 230
59 138
466 489
103 38
78 97
93 76
84 343
111 392
447 508
184 453
66 235
115 32
84 329
65 290
68 283
188 455
143 0
53 206
69 218
145 448
73 280
73 320
229 480
504 491
108 33
117 380
86 337
138 427
235 482
89 48
81 96
47 170
140 423
65 232
85 66
56 183
481 498
54 159
96 353
235 480
187 452
118 33
180 455
64 229
150 1
496 495
54 185
179 456
90 323
62 125
484 497
233 482
141 0
444 507
53 158
85 328
65 228
230 485
503 490
187 454
123 18
92 45
61 124
67 220
511 482
467 476
472 489
104 43
127 416
228 481
185 452
151 0
52 191
158 451
61 126
188 445
228 479
76 255
64 231
84 75
149 2
92 347
232 483
222 485
480 497
89 98
64 233
468 475
84 67
131 2
190 457
76 279
67 236
95 342
86 95
54 181
59 136
466 491
51 154
137 428
91 102
150 5
48 163
281 488
449 506
95 350
64 289
497 494
49 162
102 41
93 44
58 145
171 454
72 315
140 443
495 494
107 384
101 362
102 39
81 258
87 96
282 491
116 31
57 150
60 121
72 319
465 488
451 502
60 123
217 488
239 502
66 227
125 14
476 497
123 402
188 447
461 484
162 455
187 448
464 487
446 507
86 77
79 256
74 279
94 77
445 508
56 205
229 486
71 282
471 490
84 257
74 245
160 431
178 457
83 72
237 500
117 32
444 511
106 383
83 340
76 323
93 78
234 497
137 426
77 256
56 143
60 127
59 128
107 382
66 223
115 380
177 456
233 496
50 173
231 494
53 150
89 50
71 316
69 296
101 356
139 424
59 146
144 1
66 221
172 453
71 302
107 34
114 379
509 484
80 95
144 443
67 222
93 346
71 318
56 149
230 487
240 503
68 219
227 482
450 505
destination
