map
random512-40-1.map
pivot
468 399
agent & start
367 150
190 433
469 160
355 200
210 485
195 432
248 277
292 261
228 363
213 338
188 431
470 161
369 192
189 432
217 390
358 149
293 268
193 422
282 255
206 485
341 188
355 198
373 150
191 434
212 339
294 267
186 429
193 434
368 191
213 340
368 149
372 149
223 394
367 196
187 430
227 364
209 484
469 162
252 277
249 278
354 201
466 159
340 191
260 261
188 427
190 423
342 188
193 433
284 256
292 262
341 191
251 277
190 432
372 150
354 200
373 151
207 485
209 485
368 150
223 393
469 161
208 484
355 199
468 160
249 277
260 262
380 154
192 422
189 431
217 391
213 339
222 394
188 428
226 364
207 493
227 363
367 195
187 429
214 340
262 262
188 430
283 255
194 432
250 278
343 187
466 160
359 149
430 156
293 267
191 433
192 434
354 198
368 192
193 423
191 423
371 149
369 149
431 157
192 433
292 263
192 423
222 393
261 262
467 160
218 391
221 392
369 150
367 194
188 429
208 485
372 151
190 431
353 200
429 156
283 256
379 154
381 152
221 394
354 199
260 263
468 161
208 493
193 432
367 192
341 190
250 277
360 149
343 188
292 267
262 263
370 149
194 431
380 155
284 257
381 154
207 492
431 158
216 341
430 157
293 266
191 432
214 339
343 186
226 363
342 189
283 257
217 341
370 150
343 193
218 342
292 266
292 264
255 269
344 188
385 153
372 152
190 430
467 161
225 363
218 392
366 194
429 157
430 158
250 276
344 186
226 362
207 491
428 156
353 199
206 488
382 152
221 393
345 185
189 429
191 431
216 340
254 270
379 155
192 424
256 268
343 189
193 431
342 190
220 392
261 263
376 156
208 492
208 486
367 193
293 265
221 395
262 264
381 153
360 150
215 339
192 432
208 487
382 153
257 268
282 257
192 431
360 155
345 186
261 264
343 190
208 491
384 153
372 153
207 488
385 154
344 189
345 188
376 157
375 156
379 156
254 271
192 425
220 395
191 430
464 161
216 339
359 156
225 362
374 155
206 489
346 185
360 151
370 151
427 166
218 341
292 265
427 156
429 158
255 270
258 265
256 269
250 275
343 192
283 258
366 193
219 342
220 393
190 429
207 490
377 156
219 392
467 162
344 193
262 265
352 199
261 265
347 185
256 270
193 425
219 393
465 161
352 198
199 441
218 340
372 154
411 151
374 156
344 190
383 153
283 259
208 488
360 156
190 428
466 162
287 263
191 429
224 362
377 157
426 156
207 489
345 189
426 166
202 442
359 155
251 275
259 265
343 191
208 490
291 265
464 162
346 186
365 193
427 165
344 192
427 157
288 264
290 264
192 430
255 271
429 159
384 154
217 339
219 395
373 155
258 266
361 151
282 258
254 272
257 269
378 156
370 152
385 155
220 342
257 270
361 152
425 166
362 151
427 158
220 341
287 264
345 192
383 154
411 152
282 259
344 191
199 440
427 164
255 272
346 189
374 157
409 150
425 156
372 155
361 156
286 263
224 361
345 190
289 264
201 442
259 270
283 260
260 265
192 429
218 339
410 151
359 154
204 395
259 266
232 359
369 152
429 160
426 157
193 426
200 441
208 489
254 273
378 157
428 159
219 394
347 186
370 153
202 441
365 192
252 275
427 162
426 165
231 360
290 265
465 162
191 428
378 159
192 427
349 196
352 197
384 155
194 426
426 164
410 156
352 196
425 165
205 395
427 163
379 159
345 191
428 160
259 267
200 440
257 271
193 427
425 157
362 156
256 272
201 399
281 259
192 428
201 441
363 151
213 395
465 163
204 396
347 189
232 360
232 358
350 196
358 154
218 394
348 186
378 158
355 155
220 340
369 153
255 273
289 265
408 150
258 270
427 161
364 192
362 152
282 260
383 155
199 439
285 263
253 275
286 264
387 169
209 489
409 151
231 359
219 339
426 158
349 195
372 156
201 401
259 271
347 187
260 266
410 152
410 154
283 261
373 157
212 394
374 160
224 360
371 156
199 438
260 267
281 260
370 155
427 160
413 156
225 360
356 155
244 363
221 340
346 191
256 273
350 195
408 151
211 394
349 194
233 362
348 193
243 364
202 439
362 155
410 153
410 155
257 272
202 399
217 394
289 266
347 190
374 159
386 169
193 428
348 189
215 394
224 359
387 168
372 157
201 400
373 160
347 188
357 154
282 261
410 157
283 262
373 158
284 263
202 401
363 156
409 156
219 338
348 187
214 395
212 395
258 271
201 402
232 361
285 264
425 158
363 152
347 192
194 427
363 192
253 276
231 358
369 154
200 439
425 164
230 359
351 196
465 164
383 156
426 163
201 440
210 489
379 158
205 396
355 156
206 396
202 400
363 153
380 158
424 164
217 395
256 274
221 339
348 192
383 157
356 156
349 189
405 157
202 402
288 266
220 338
425 161
409 155
466 164
216 394
201 439
413 157
242 364
282 262
411 157
409 153
284 264
387 167
351 195
348 188
211 489
289 267
363 191
233 361
194 428
412 156
254 276
215 395
234 360
205 397
363 155
200 438
407 157
370 156
372 158
385 169
407 151
425 163
244 362
355 157
408 152
234 362
225 359
243 363
202 438
261 267
283 263
224 358
258 272
231 357
357 155
347 191
373 159
350 194
426 160
369 155
425 159
210 490
230 358
281 261
349 193
211 395
210 395
222 339
217 396
225 358
348 191
235 360
406 151
382 165
262 267
406 157
281 262
424 159
369 156
282 263
203 402
364 153
212 489
350 187
255 276
368 155
242 363
362 191
256 275
206 397
425 162
349 192
385 168
354 157
408 155
372 159
283 264
221 338
224 357
357 156
223 340
363 154
351 194
425 160
243 362
203 400
424 163
349 190
381 158
204 399
466 165
195 428
411 158
199 436
234 361
235 362
258 273
349 188
386 167
228 357
230 357
210 491
383 158
288 267
201 438
407 156
261 268
405 156
287 266
358 157
207 396
200 437
382 157
412 157
408 153
216 395
407 152
350 189
349 191
230 496
369 157
406 156
227 357
223 335
350 188
406 152
224 340
354 158
351 187
357 157
370 158
352 194
212 490
382 158
216 396
222 338
408 154
262 268
385 167
201 437
258 274
235 361
350 192
423 163
222 342
282 264
204 402
405 151
280 262
208 396
412 158
211 491
213 489
407 155
358 158
261 269
223 341
225 357
381 159
287 267
364 154
350 190
371 159
256 276
424 162
221 337
467 165
241 363
207 397
209 395
368 156
196 428
423 159
200 436
424 160
199 435
229 357
382 164
242 362
362 190
204 400
205 399
221 343
230 356
383 165
386 166
381 160
386 165
223 336
209 396
214 489
197 428
423 160
404 151
230 495
274 265
385 166
370 159
368 157
351 192
422 159
222 343
382 159
223 338
350 191
256 277
371 160
261 270
407 154
259 274
201 436
229 356
212 491
262 269
369 158
406 155
467 166
279 262
280 263
221 344
200 435
213 490
240 363
367 156
223 342
226 357
224 339
208 397
286 267
213 492
222 337
229 496
224 335
206 399
381 162
357 194
406 153
361 190
281 264
241 362
365 154
351 188
357 158
236 361
257 276
353 194
423 162
354 159
224 341
242 361
383 164
216 397
262 271
204 401
412 159
199 434
405 152
285 267
384 164
261 271
421 159
404 152
355 159
221 345
412 160
413 159
226 356
259 275
358 194
209 397
229 355
205 401
280 264
383 163
365 155
287 271
357 193
206 400
258 276
229 495
241 361
263 271
242 360
224 338
200 434
214 490
202 436
213 491
223 343
419 157
199 433
239 363
277 263
281 265
352 188
354 194
225 335
273 269
369 159
405 153
238 362
382 160
370 160
367 157
356 158
262 270
368 158
422 160
257 277
273 271
385 165
467 167
222 344
224 342
359 193
386 164
423 161
230 494
354 160
360 190
216 398
406 154
197 429
214 492
223 337
381 161
351 191
274 266
275 265
286 268
470 166
279 263
382 162
352 192
237 361
354 193
224 337
368 159
277 264
224 343
419 158
369 160
286 269
240 361
356 159
413 160
370 161
469 166
365 156
198 429
239 362
258 277
366 157
230 493
468 167
273 270
418 157
226 355
352 189
242 357
287 270
470 167
358 193
242 359
222 345
275 266
229 494
259 276
260 275
352 191
359 192
272 269
206 401
403 152
216 399
354 161
207 400
404 153
238 361
286 271
223 344
257 278
383 162
285 268
278 263
404 155
274 267
274 271
200 433
209 398
241 360
204 435
273 268
421 160
263 270
280 265
382 161
229 354
228 495
225 336
422 161
359 190
214 491
355 194
261 272
203 436
355 160
405 154
385 164
360 191
241 359
352 190
414 160
228 354
204 434
383 161
356 160
229 493
359 191
241 357
207 403
258 278
260 276
261 273
275 271
358 190
277 265
368 160
370 164
385 163
278 264
238 360
223 347
207 401
274 268
355 161
209 399
279 265
404 154
354 192
355 193
215 491
272 268
242 358
199 429
384 160
226 354
369 161
222 346
275 267
200 432
224 344
365 157
403 155
286 270
358 192
264 270
274 270
420 160
destination
