map
random512-10-3.map
pivot
65 143
agent & start
424 382
306 500
491 315
510 296
489 317
333 473
394 412
323 483
477 329
410 396
483 323
441 365
356 450
427 379
393 413
434 372
432 374
508 298
417 389
303 503
402 404
440 366
499 307
458 348
471 335
497 309
485 321
328 478
325 481
418 388
409 397
361 445
309 497
355 451
404 402
449 357
430 376
455 351
320 486
448 358
380 426
389 417
382 424
501 305
506 300
385 421
406 400
399 407
433 371
453 353
413 393
486 320
336 470
314 492
423 383
371 435
302 504
312 494
390 416
338 468
476 330
411 395
346 460
353 453
467 339
342 464
465 341
332 474
462 344
307 499
450 356
420 386
490 316
480 326
507 299
326 480
459 347
396 410
295 511
454 352
428 378
398 408
401 405
421 385
482 324
354 452
505 301
473 333
362 444
337 469
498 308
391 415
386 420
384 422
367 439
347 459
445 361
444 362
447 359
470 336
419 387
405 401
368 438
438 368
301 505
495 311
370 436
376 430
352 454
400 406
315 491
304 502
374 432
379 427
436 370
373 433
502 304
331 475
375 431
416 390
468 338
443 363
437 369
327 479
494 312
500 306
457 349
296 510
429 377
451 355
463 343
324 482
359 447
412 394
334 472
299 507
349 457
317 489
364 442
466 340
478 328
397 409
358 448
300 506
377 429
425 381
369 437
496 310
446 360
316 490
456 350
479 327
407 399
344 462
340 466
504 302
395 411
469 337
313 493
414 392
319 487
308 498
493 313
360 446
388 418
492 312
475 331
472 334
415 391
305 501
311 495
461 345
426 380
435 371
392 414
343 463
492 314
464 342
487 319
329 477
383 423
509 297
363 443
357 449
335 471
452 354
351 455
460 346
403 403
341 465
433 373
348 458
378 428
474 332
298 508
422 384
442 364
431 375
446 359
311 494
501 304
331 474
496 309
402 403
447 358
435 370
475 330
411 394
295 510
315 490
511 294
485 320
383 422
327 478
306 499
326 479
412 393
463 342
298 507
338 467
462 343
468 337
313 492
373 432
487 318
358 447
398 407
301 504
445 360
343 462
322 483
323 482
355 450
374 431
385 420
450 355
410 395
418 387
491 312
347 458
382 423
328 477
448 357
389 416
395 410
372 433
469 336
366 439
376 429
420 385
356 449
325 480
454 351
320 485
414 391
480 325
428 377
438 367
457 348
401 404
459 346
405 400
342 463
443 362
484 321
397 408
360 445
498 307
365 440
375 430
330 475
436 369
442 363
437 368
396 409
307 498
300 505
479 326
354 451
348 457
399 406
440 365
353 452
429 376
431 374
302 503
336 469
377 428
510 295
464 341
424 381
453 352
419 386
334 471
378 427
409 396
359 446
357 448
299 506
508 297
467 338
340 465
387 418
351 454
427 378
422 383
413 392
368 437
477 328
488 317
321 484
363 442
490 315
305 500
449 356
451 354
486 319
455 350
423 382
481 324
439 366
434 371
391 414
456 349
309 496
404 401
482 323
379 426
384 421
476 329
460 345
506 299
310 495
483 322
441 364
332 473
333 472
471 334
352 453
388 417
470 335
296 509
341 464
361 444
393 412
458 347
432 373
473 332
408 397
430 375
472 333
335 470
425 380
492 313
390 415
345 460
314 491
417 388
494 311
394 411
386 419
392 413
318 487
346 459
407 398
497 308
403 402
474 331
344 461
504 301
297 508
339 466
316 489
370 435
500 305
319 486
317 488
499 306
304 501
444 361
505 300
337 468
433 370
349 456
362 443
452 353
415 390
466 339
426 379
491 314
308 497
371 433
381 423
338 466
494 310
412 392
322 482
508 296
380 424
363 441
485 319
395 409
509 295
390 414
510 294
392 412
345 459
330 474
440 364
456 348
348 456
385 419
496 308
421 383
429 375
493 311
346 458
362 442
495 309
486 318
294 510
449 355
387 417
458 346
306 498
389 415
425 379
384 420
343 461
351 453
443 361
406 398
441 363
474 330
340 464
349 455
382 422
317 487
320 484
459 345
314 490
360 444
373 431
331 473
408 396
301 503
383 421
339 465
358 446
325 479
386 418
498 306
298 506
372 432
391 413
435 369
324 480
430 374
356 448
419 385
319 485
467 337
448 356
397 407
394 410
353 451
336 468
355 449
369 435
400 404
478 326
393 411
308 496
303 501
476 328
457 347
453 351
490 314
396 408
471 333
370 434
399 405
470 334
480 324
323 481
455 349
426 378
468 336
409 395
342 462
436 368
300 504
479 325
316 488
446 358
414 390
506 298
447 357
374 430
428 376
destination
