map
random512-30-9.map
pivot
455 65
agent & start
137 447
179 481
163 467
81 389
3 295
114 424
181 483
159 469
183 483
123 433
44 346
134 444
110 418
117 427
205 501
83 391
107 409
68 368
168 472
38 338
74 380
45 347
76 380
44 350
7 301
11 309
44 348
157 463
156 464
109 415
108 408
5 297
30 326
158 468
39 339
9 303
183 485
204 502
67 373
151 461
205 503
37 329
42 344
2 294
66 370
188 490
73 379
23 319
65 371
153 461
184 486
79 387
26 324
28 326
39 341
75 381
138 448
129 439
71 377
131 441
41 343
206 504
79 385
72 378
36 328
9 307
125 435
35 327
109 417
181 479
78 386
79 379
16 312
180 482
37 327
190 492
37 335
98 406
109 407
112 422
155 465
94 402
90 398
8 306
213 511
6 300
132 442
43 343
152 462
97 405
128 438
156 466
100 408
12 310
108 412
66 372
171 473
133 443
112 420
206 494
43 349
119 429
141 451
127 437
49 355
126 436
160 468
87 391
82 390
36 336
139 449
110 414
189 491
109 413
118 428
96 404
124 434
186 486
157 467
10 308
78 378
185 487
59 365
36 334
135 445
95 403
161 467
34 326
38 340
70 376
207 495
36 330
69 375
88 390
154 460
122 432
206 500
189 489
38 326
162 466
22 318
56 362
120 428
111 407
182 483
12 309
5 296
157 464
141 450
35 326
136 445
129 438
4 295
159 468
26 323
205 502
143 450
132 441
9 306
86 391
39 340
101 408
139 448
110 407
157 466
79 378
59 364
189 490
206 503
163 466
28 325
69 374
72 377
113 422
125 434
41 342
96 403
3 294
214 511
131 440
109 408
37 334
15 312
84 391
13 310
115 424
51 356
128 437
87 390
111 418
37 336
10 307
180 481
90 397
153 460
109 416
119 428
36 327
44 349
55 360
68 373
98 405
45 346
22 317
78 377
57 362
117 426
206 501
124 433
114 423
127 436
56 361
82 389
110 417
145 454
160 467
111 408
75 380
68 369
24 319
83 390
52 357
110 415
135 444
7 300
37 330
71 376
38 337
17 312
186 485
30 325
184 485
29 326
170 473
181 482
185 486
2 293
117 424
37 326
60 365
8 301
156 465
109 412
151 460
11 308
108 411
140 449
133 442
67 370
39 338
162 465
207 494
112 421
9 302
42 343
171 472
180 479
50 355
46 347
27 324
74 379
158 467
70 375
169 472
66 371
138 447
207 500
14 311
16 311
40 341
134 441
49 354
79 386
126 435
38 327
142 451
207 504
123 432
38 329
152 461
73 378
181 480
108 409
58 363
36 331
183 484
191 492
6 297
94 401
40 340
158 464
206 502
82 388
191 489
24 320
69 373
125 433
141 449
117 423
72 376
191 491
136 444
39 327
9 301
185 485
110 416
145 453
129 437
109 409
37 333
180 478
94 400
37 325
184 484
128 436
11 307
117 425
38 336
159 467
52 356
56 360
135 441
6 298
28 324
7 297
143 451
113 421
37 331
182 482
101 407
46 348
17 311
61 365
138 446
90 396
127 435
126 434
50 354
215 511
93 399
110 408
47 347
12 308
16 310
5 295
115 423
11 303
112 418
73 377
23 317
13 309
134 440
3 293
36 332
68 370
98 404
131 439
30 324
29 325
38 330
58 362
10 302
124 432
57 361
133 441
15 311
118 424
27 323
157 465
190 490
2 292
84 390
74 378
170 472
8 296
109 411
10 306
45 349
91 397
142 450
68 372
7 299
144 452
53 357
79 377
139 447
86 390
96 402
116 424
181 481
42 342
55 359
25 321
6 296
132 440
119 427
137 445
80 386
39 337
92 398
208 494
26 322
46 346
67 371
59 363
36 326
108 410
113 419
114 422
39 329
71 375
51 355
208 504
83 389
75 379
62 366
14 310
58 360
152 460
207 501
163 465
111 417
186 484
25 319
146 454
1 290
114 421
128 435
46 345
170 471
135 442
73 376
52 355
86 389
83 388
2 291
55 358
101 406
159 466
48 347
51 354
7 296
36 325
4 293
56 353
209 494
124 431
26 321
113 418
145 452
47 346
112 415
81 384
134 439
185 484
109 410
39 330
191 488
10 301
140 447
215 510
114 419
116 423
12 307
208 503
164 465
8 297
26 319
68 371
95 400
141 448
115 422
118 425
11 302
25 320
39 336
126 433
210 505
63 366
58 361
9 296
70 373
16 309
80 377
158 465
97 402
17 310
41 340
81 386
12 303
192 485
37 332
71 374
74 377
136 443
62 365
130 437
11 306
53 356
27 322
169 470
99 404
207 502
119 426
28 323
182 481
131 438
38 331
72 375
38 333
132 439
138 445
8 295
192 491
165 464
147 454
191 490
11 304
18 311
6 295
61 364
193 484
5 294
163 464
133 440
15 310
94 399
142 449
92 397
24 317
119 424
110 409
59 362
9 294
125 432
75 378
42 341
85 390
129 436
191 486
56 359
59 360
216 511
54 357
9 300
46 349
180 477
111 416
96 401
90 395
7 298
209 504
25 318
39 328
144 451
84 389
152 459
29 324
98 403
93 398
127 434
13 308
159 465
17 309
145 451
101 405
1 289
26 320
15 309
211 505
139 445
39 331
131 437
136 442
10 296
210 494
53 355
142 448
96 400
82 382
183 481
36 324
56 352
192 488
13 307
19 311
61 363
48 348
57 359
14 308
59 361
93 397
16 308
113 415
110 410
43 341
1 285
81 385
60 360
56 358
92 396
192 490
2 290
116 422
115 419
55 353
208 502
147 451
42 338
51 353
63 365
152 458
115 421
209 501
94 398
112 416
47 345
75 377
184 482
140 446
114 420
81 377
217 511
25 317
138 444
170 470
130 436
41 329
40 328
81 383
12 304
166 464
83 387
91 395
95 399
191 487
216 510
7 295
12 306
99 403
96 398
48 346
6 294
192 486
179 477
132 438
210 504
70 372
194 484
72 374
9 293
169 469
9 299
165 463
180 476
129 435
54 356
114 418
55 357
84 388
39 333
40 336
164 464
38 332
8 294
47 349
193 485
42 340
10 300
39 335
127 433
97 397
9 297
185 483
69 371
29 323
133 439
11 301
60 362
8 298
82 384
52 354
40 330
125 431
13 303
28 322
85 389
148 454
119 425
4 292
5 293
74 376
98 402
1 284
192 487
111 410
82 381
52 353
94 397
209 500
115 420
39 332
193 490
4 291
75 376
3 290
55 356
193 486
113 416
166 465
60 361
142 447
11 296
183 478
2 285
127 432
63 364
83 382
153 458
120 425
97 396
170 469
98 401
41 336
217 510
185 482
167 464
114 417
165 462
61 362
137 442
48 349
96 397
96 399
115 412
148 451
164 463
146 451
132 437
149 454
41 328
138 443
15 308
44 341
180 475
71 372
101 404
64 365
82 383
29 322
53 354
83 384
91 388
9 298
5 292
50 343
97 400
51 352
70 371
12 305
55 352
27 316
54 355
14 307
143 448
141 446
102 405
97 398
85 388
84 387
209 502
2 289
126 431
56 357
73 374
42 337
100 403
57 358
43 340
152 457
7 294
148 453
133 438
116 421
54 353
18 309
130 435
114 413
210 501
140 445
210 495
26 317
171 470
83 386
211 504
81 378
19 310
125 430
139 444
74 375
72 373
55 354
92 395
210 503
40 335
42 329
48 345
27 320
82 385
166 463
36 323
40 331
194 485
42 339
145 450
183 480
184 481
13 304
76 377
129 434
179 476
10 297
11 300
62 363
8 293
156 461
131 436
160 465
138 441
7 293
83 383
75 375
49 345
157 461
2 284
181 475
2 286
19 309
95 397
194 486
84 386
97 399
70 370
170 468
145 449
91 389
166 462
85 387
51 343
64 364
42 328
6 292
83 381
43 339
111 411
91 387
142 446
193 487
116 420
3 289
84 384
139 443
117 413
8 292
171 469
126 430
156 460
146 450
152 456
183 479
115 413
92 388
76 376
82 378
14 306
128 432
55 355
52 352
49 349
149 453
101 403
27 317
63 363
13 305
73 373
44 340
99 401
96 396
15 307
4 290
62 362
41 327
33 323
143 447
178 476
84 382
50 344
54 352
150 454
142 444
98 400
131 435
154 458
184 478
30 322
58 358
140 444
114 412
130 434
10 298
11 297
133 437
210 502
167 465
186 482
137 441
57 357
74 374
210 500
71 371
29 321
40 332
92 394
42 336
61 361
12 300
114 416
211 495
102 404
211 503
218 510
148 450
210 496
153 455
14 304
151 455
93 395
18 308
194 490
185 481
28 316
160 464
133 435
40 334
121 425
132 436
138 442
153 457
83 385
35 323
53 353
2 288
117 421
45 341
28 320
83 377
164 462
134 434
117 412
28 317
85 384
76 375
41 332
6 291
113 412
121 424
4 283
171 468
177 474
131 434
210 499
62 361
186 481
84 383
211 502
84 377
83 380
14 305
42 335
169 466
58 357
44 339
41 334
7 292
194 487
148 449
59 358
168 465
134 433
71 370
33 322
57 356
166 461
84 381
93 394
152 455
116 413
149 452
96 395
70 369
84 385
160 463
28 319
145 448
3 286
153 456
143 446
56 355
50 349
95 396
178 475
212 495
157 460
42 327
115 416
72 371
2 283
219 510
140 443
29 320
20 309
74 373
137 440
19 308
117 420
3 288
158 461
154 457
146 449
126 429
150 453
181 472
30 321
94 395
13 300
195 490
170 467
91 392
45 340
139 442
73 372
64 363
129 432
156 459
83 378
184 479
11 298
85 386
75 374
92 389
211 496
103 404
141 444
12 297
50 345
52 343
143 444
101 402
151 454
128 431
90 387
134 435
130 433
41 326
127 430
15 306
164 461
3 284
51 350
86 387
43 328
112 411
53 352
77 376
182 475
100 401
102 403
12 299
172 469
181 474
180 473
34 323
98 399
179 474
185 480
91 390
91 386
52 351
5 290
133 436
63 362
126 428
62 360
157 457
35 321
187 481
59 357
185 479
34 322
156 458
45 339
140 442
134 436
3 287
182 474
94 394
116 416
181 471
85 383
147 449
212 502
4 284
185 477
4 288
4 282
85 385
84 378
91 391
50 348
212 496
103 403
65 363
158 460
195 489
84 380
217 505
144 444
116 414
53 351
42 326
167 461
132 434
51 349
194 488
42 334
22 292
184 476
135 437
159 461
64 362
129 431
162 462
100 400
120 420
7 291
133 433
13 301
15 305
32 322
155 457
102 402
154 456
221 511
113 411
92 392
152 454
87 387
218 504
146 448
66 364
16 306
19 307
74 372
169 465
122 424
181 473
171 467
141 443
117 419
188 482
136 434
118 410
172 468
95 395
50 346
3 283
43 335
144 446
99 399
170 466
13 299
73 371
150 452
101 401
121 423
41 333
196 490
30 320
131 433
117 411
168 462
145 447
182 472
137 439
53 343
213 503
136 438
160 462
96 394
86 386
180 472
43 327
90 386
57 355
177 473
163 461
20 308
51 345
61 359
71 369
29 319
115 415
58 356
220 510
128 430
46 340
179 473
14 300
219 509
77 375
211 499
217 507
75 373
52 350
6 290
135 435
29 317
130 432
178 474
44 338
92 390
12 298
76 374
127 428
137 438
220 509
159 460
116 417
222 511
116 415
173 468
120 419
146 447
119 420
50 347
136 437
92 379
113 410
65 362
7 290
119 412
3 282
42 333
57 354
43 324
94 393
156 457
136 435
168 463
16 305
6 289
178 473
17 306
29 318
141 442
183 474
86 385
86 383
62 359
14 295
171 466
132 433
185 476
52 349
101 400
44 335
155 456
84 379
60 357
103 402
118 411
76 373
212 501
100 399
218 507
161 462
35 320
168 461
63 360
214 503
5 284
170 465
22 291
188 481
122 423
2 281
20 307
14 301
151 452
186 479
44 337
72 369
30 319
89 386
88 387
36 321
147 448
137 434
95 394
75 372
74 371
157 458
162 461
92 391
212 497
32 321
198 489
195 488
186 477
184 475
117 410
53 350
158 459
182 473
218 505
129 430
43 326
31 320
73 370
4 287
51 348
216 505
46 339
0 279
13 298
135 436
211 498
104 403
85 380
140 441
58 355
167 460
4 285
93 390
118 419
51 346
54 343
102 401
34 321
131 432
217 506
189 482
67 364
61 358
43 334
217 504
180 471
66 363
5 288
144 445
169 464
196 489
221 510
213 502
160 461
152 453
45 338
163 460
78 375
19 306
1 278
21 292
169 462
53 349
92 378
170 464
223 511
67 363
21 291
220 508
85 379
214 502
60 356
152 452
88 386
87 385
74 370
63 359
159 459
55 343
72 368
5 285
16 304
138 434
199 487
212 500
120 412
213 497
113 409
123 423
93 391
86 382
171 465
103 401
6 288
30 318
76 372
14 298
116 410
32 320
78 374
43 325
77 373
156 456
37 321
94 392
31 319
7 289
117 415
0 278
54 350
172 466
197 489
221 509
146 446
145 445
20 292
141 441
58 354
64 360
215 503
218 506
131 431
160 460
89 385
21 305
178 472
65 361
158 458
162 460
169 463
3 281
87 379
187 477
118 418
14 294
168 460
5 287
15 303
196 488
198 488
66 362
119 411
147 447
44 334
128 428
136 436
17 305
45 337
101 399
119 419
14 302
68 364
104 402
43 333
44 336
187 479
15 301
1 279
219 505
155 455
2 280
150 450
137 437
52 346
189 481
129 429
34 320
91 379
119 413
15 295
117 417
161 461
51 347
183 473
132 432
44 324
95 393
61 357
216 504
14 296
212 498
20 306
174 468
219 507
54 344
179 471
185 475
46 338
188 477
215 502
54 349
120 413
60 355
173 466
20 291
44 325
143 442
45 336
178 471
230 511
179 470
63 358
141 440
55 342
33 320
46 337
86 379
200 487
68 363
7 288
151 450
77 372
184 473
14 297
123 422
87 380
172 465
219 506
202 491
88 385
223 510
161 460
19 292
2 279
43 332
64 359
66 361
138 435
56 343
79 374
17 304
53 346
125 424
138 437
105 402
171 464
192 481
185 474
137 436
15 298
36 319
3 280
147 446
118 417
169 460
132 431
103 400
32 319
190 481
124 423
37 320
62 357
128 427
15 302
131 430
196 487
15 294
55 344
213 500
150 449
186 475
16 303
0 277
119 414
59 354
73 368
224 511
102 399
216 503
187 478
88 379
45 334
187 476
17 294
221 508
95 392
58 353
119 418
94 391
120 411
174 467
87 378
15 296
152 451
189 480
6 287
156 455
22 305
116 409
213 498
16 295
34 319
91 378
140 439
52 347
159 458
8 289
220 507
170 463
198 487
67 362
87 382
115 410
188 479
20 305
118 415
31 318
197 488
146 445
222 509
61 356
136 431
114 409
74 369
54 345
65 360
130 429
5 286
142 441
148 445
47 338
113 408
185 473
105 401
172 464
129 427
3 279
103 399
60 354
88 380
173 465
86 378
124 422
159 457
46 336
90 378
216 502
213 499
202 490
77 371
143 441
189 475
134 430
59 353
152 450
55 341
16 298
65 359
20 304
190 476
190 480
116 408
148 446
131 429
197 483
88 384
140 438
16 294
53 347
24 304
223 509
222 508
153 449
189 479
91 377
37 319
17 293
55 349
96 392
118 416
220 498
186 474
4 280
191 481
7 287
113 407
200 488
63 357
16 302
121 411
13 291
192 480
144 442
88 382
44 332
61 355
75 369
117 407
171 463
64 358
119 417
135 431
130 428
56 344
119 415
45 333
147 445
170 460
149 447
45 325
17 301
66 360
67 361
220 506
229 511
34 318
18 304
137 429
136 430
178 470
16 296
74 368
146 444
19 291
197 487
120 414
230 510
121 413
179 469
126 424
54 346
69 363
33 319
89 379
55 345
8 288
76 370
160 458
138 436
23 305
125 423
175 467
87 377
62 356
36 318
68 362
29 315
148 444
142 440
132 430
95 391
32 318
161 459
214 498
139 435
203 491
188 476
215 501
0 276
154 448
157 455
150 448
80 374
15 297
30 316
47 337
127 425
20 290
189 477
122 420
188 478
5 281
141 439
192 482
115 409
151 449
224 510
6 286
89 380
119 416
124 421
6 281
60 353
190 475
153 448
19 290
222 507
137 428
121 418
139 436
47 336
114 407
88 383
77 370
8 287
190 477
201 488
128 425
54 347
140 437
220 497
38 319
186 473
122 411
197 484
12 291
0 275
56 349
58 349
67 360
172 463
120 415
113 406
18 291
216 501
218 499
96 391
151 448
17 296
33 318
189 478
64 357
17 292
35 318
13 290
25 304
159 456
154 449
175 466
18 301
17 298
178 469
219 498
150 447
46 333
55 346
4 279
24 307
34 317
69 362
9 288
121 414
188 475
76 369
91 376
228 511
69 358
215 500
16 297
83 374
5 280
117 406
15 292
120 417
229 510
54 341
223 506
104 399
30 315
89 378
223 508
127 424
158 455
140 435
115 408
65 358
147 444
187 474
63 356
95 390
122 419
3 276
130 427
224 509
142 439
191 480
97 392
214 499
174 465
14 291
144 441
198 483
61 354
125 422
70 363
136 429
176 467
132 429
152 449
191 476
7 286
135 430
203 490
56 345
45 332
81 374
154 447
31 316
197 486
116 407
193 482
74 367
160 457
19 304
105 400
149 446
217 502
29 314
39 318
16 293
44 331
161 458
68 359
3 278
66 359
129 426
133 430
126 423
2 277
204 491
123 420
1 276
106 401
59 352
17 302
141 438
171 460
86 377
221 506
45 326
24 305
145 441
177 467
19 289
57 349
141 437
68 358
172 462
97 391
64 356
115 407
198 484
155 451
58 350
161 457
2 276
44 330
194 482
45 327
147 443
146 442
89 383
32 316
127 423
53 341
76 368
70 362
40 318
63 355
47 333
202 486
142 438
114 406
204 490
106 400
0 274
18 302
7 283
202 488
133 429
191 477
47 335
217 501
17 291
39 319
89 377
175 465
6 282
172 458
218 500
7 285
30 314
39 317
96 390
190 478
18 300
6 280
83 373
176 466
123 419
227 511
69 361
86 376
78 370
35 317
65 357
5 279
59 351
118 406
destination
