map
random512-25-8.map
pivot
147 374
agent & start
505 0
504 0
506 0
507 0
503 0
507 1
503 1
508 2
511 6
508 3
509 4
503 2
507 2
510 6
504 2
507 3
511 7
509 5
508 4
507 4
511 8
508 5
505 2
509 6
508 6
506 4
505 3
510 8
509 7
507 6
508 7
505 4
509 8
506 5
507 7
504 4
508 8
505 5
500 4
503 4
497 0
506 7
504 5
507 8
500 5
508 9
499 4
496 0
504 6
503 5
499 3
506 8
501 5
502 4
498 4
508 10
507 9
497 1
507 10
505 8
496 1
503 6
509 12
495 0
495 2
498 3
506 9
497 2
502 5
501 6
503 7
504 8
505 9
502 6
495 1
494 0
509 13
494 2
509 15
507 11
497 3
506 10
511 15
495 3
508 12
505 10
511 16
508 15
502 7
494 1
496 3
493 0
510 15
504 9
507 12
508 13
503 8
507 13
503 9
508 14
492 0
504 10
510 16
493 1
511 17
502 8
496 4
506 12
503 10
502 9
507 14
510 17
491 0
492 1
501 8
493 4
511 18
496 5
506 13
509 17
491 1
506 14
492 4
505 13
503 11
500 8
493 5
490 0
496 6
510 18
502 10
493 6
510 21
477 12
507 16
501 10
492 5
509 18
497 8
499 8
496 7
502 11
505 14
505 16
495 6
490 1
503 13
491 5
496 8
505 15
502 12
499 9
482 14
504 16
506 16
495 7
509 19
509 21
490 4
508 18
501 11
494 6
479 13
489 1
510 20
477 11
500 10
507 17
497 9
478 12
480 14
483 13
480 13
489 6
484 13
479 12
482 13
477 10
495 8
496 9
481 14
503 14
490 3
499 10
502 13
490 5
509 20
507 18
500 11
494 7
508 19
483 12
501 12
489 2
478 11
504 17
506 17
504 15
494 8
508 20
destination
