map
random512-35-1.map
pivot
506 66
agent & start
378 498
72 246
182 398
71 87
66 212
296 486
59 23
44 60
66 234
63 153
377 497
43 181
380 510
510 506
359 511
67 13
187 405
82 46
218 422
108 326
392 504
78 270
35 97
213 421
43 135
39 127
94 312
38 114
52 68
84 292
139 369
183 401
45 61
284 478
246 436
36 104
428 466
56 158
85 285
55 87
42 182
81 281
61 151
272 468
47 61
38 108
276 472
73 269
72 88
288 478
49 89
181 399
46 192
393 505
68 54
79 79
68 12
182 400
398 508
281 475
262 462
344 498
207 417
56 42
295 487
264 462
67 239
165 385
245 439
66 208
58 156
168 388
77 85
333 493
186 404
381 499
38 94
48 64
45 135
44 136
336 502
51 89
428 468
303 493
45 49
398 492
83 277
71 253
57 157
111 331
290 478
65 235
383 507
292 478
54 66
73 245
291 475
82 78
339 485
247 435
167 381
58 24
47 45
80 280
169 389
292 482
429 467
206 418
60 22
64 154
42 134
257 463
47 199
65 95
43 57
140 372
140 368
51 43
93 313
46 166
52 88
65 207
46 46
54 42
56 148
40 132
94 314
48 164
69 231
44 180
215 421
217 423
337 503
56 160
49 163
45 47
42 58
85 289
250 452
63 91
202 416
337 487
80 80
292 480
46 204
41 183
326 482
76 84
84 302
66 238
245 445
44 188
275 471
334 490
50 88
332 498
322 488
323 487
397 499
67 233
63 21
41 169
46 210
141 373
327 483
34 98
86 288
53 69
79 45
250 450
89 43
397 507
249 451
324 486
54 68
378 510
134 360
64 98
196 412
38 112
110 328
263 463
47 211
38 106
345 499
72 252
326 484
62 92
201 417
280 476
261 461
305 493
76 86
74 270
76 270
320 490
49 65
139 371
298 490
59 25
83 293
168 390
47 201
200 416
146 372
57 149
279 475
79 271
81 279
145 373
282 474
199 413
135 359
66 236
273 469
384 506
63 23
77 269
70 254
291 481
42 168
294 486
399 507
176 396
190 404
37 105
379 511
166 382
216 422
39 93
41 131
189 405
88 44
41 133
53 67
166 386
335 490
56 87
305 492
167 378
71 86
167 386
43 58
85 44
292 481
169 376
64 97
510 505
263 462
41 132
273 468
139 370
72 87
81 280
61 22
73 268
429 466
78 269
141 368
206 417
199 412
182 399
64 153
79 270
337 502
282 475
293 484
56 147
50 89
247 436
55 42
246 445
213 420
359 510
324 485
251 450
87 288
333 498
57 148
46 209
383 506
55 88
110 329
86 289
319 490
380 499
274 465
73 244
290 477
291 474
140 369
384 505
53 66
71 254
108 325
196 411
49 164
325 484
377 498
46 49
44 59
165 384
344 499
277 472
340 485
73 252
398 491
48 169
39 106
51 90
52 67
38 105
47 210
253 460
511 504
283 474
382 507
40 127
45 60
135 360
36 97
84 277
42 133
44 187
67 234
299 490
217 422
54 69
34 99
338 487
56 215
281 474
38 113
58 157
94 313
141 372
42 131
333 494
140 371
379 510
378 511
40 93
63 98
291 476
427 468
381 500
62 23
74 269
215 420
35 98
79 44
39 114
216 421
207 416
398 507
379 498
74 245
36 103
55 68
176 395
39 108
67 238
289 478
293 480
60 23
47 200
48 45
49 64
250 451
42 169
252 449
44 135
83 46
68 13
57 158
48 165
64 21
42 183
46 47
248 435
75 244
322 487
64 23
77 268
82 281
295 486
246 437
397 500
169 388
294 485
189 404
63 22
279 474
39 110
56 159
288 477
168 377
45 180
262 461
95 312
54 43
50 65
343 498
46 191
183 400
509 506
142 373
38 95
84 293
171 376
134 365
82 77
84 301
276 471
46 53
65 208
257 462
67 56
399 506
58 149
144 373
43 134
111 330
57 160
85 284
83 284
88 43
104 321
76 269
83 278
166 385
62 91
285 478
76 85
326 483
51 44
292 477
428 467
168 387
79 80
59 24
66 235
70 243
38 109
393 504
292 475
82 279
188 405
65 212
46 205
167 380
44 181
72 245
47 46
61 92
360 511
67 54
46 61
166 383
304 493
47 166
49 198
169 390
75 84
201 416
245 440
64 95
145 372
280 475
323 486
187 404
69 232
62 151
45 48
168 391
65 154
52 89
48 199
325 482
43 168
253 449
64 208
55 213
40 110
50 198
79 81
85 277
44 134
48 200
41 93
183 399
68 14
274 468
247 437
141 369
247 445
251 451
72 244
49 169
47 47
84 44
35 99
64 96
83 283
62 150
46 190
54 70
322 486
257 461
48 166
75 243
141 371
43 183
74 268
427 467
84 278
87 289
398 506
187 403
52 66
58 158
69 233
56 214
253 457
65 153
48 210
189 403
88 42
59 87
71 243
67 23
82 76
252 458
166 384
246 444
214 418
77 249
107 321
383 505
67 235
76 268
45 59
64 22
44 54
73 253
109 325
39 113
52 90
50 164
142 372
217 421
340 486
68 234
283 475
43 131
57 159
68 238
201 415
287 477
284 474
67 55
206 416
135 365
377 511
320 486
50 90
293 481
292 474
212 420
293 477
306 490
299 489
188 404
323 485
74 244
76 244
380 500
41 127
58 148
249 435
216 420
430 466
67 237
196 410
116 330
83 45
64 212
44 186
168 378
37 103
394 504
324 484
56 88
41 111
66 56
104 320
275 465
144 372
169 387
324 482
62 98
38 96
44 58
134 364
70 242
167 379
53 93
255 461
49 63
46 48
200 412
48 46
361 511
61 149
135 361
176 394
40 116
84 284
71 255
55 43
253 459
105 321
167 383
48 168
336 490
50 44
379 509
75 245
169 391
295 485
277 471
382 506
50 64
40 114
285 477
169 377
43 169
42 132
61 23
377 499
289 477
47 209
284 476
52 92
509 505
61 91
334 498
343 499
79 269
318 490
294 484
360 510
111 329
510 504
37 97
60 24
394 502
245 441
280 474
72 86
42 128
292 476
84 300
79 43
95 313
379 499
304 492
82 280
337 501
45 181
45 53
72 36
70 232
167 385
321 487
511 503
46 60
171 377
58 160
64 210
39 105
46 54
325 483
38 104
86 44
397 501
170 376
398 490
69 17
86 290
140 370
254 460
263 461
40 94
293 483
395 501
47 207
44 168
49 199
108 324
333 495
57 215
57 87
75 85
339 487
55 69
87 43
252 450
56 146
84 294
47 205
36 102
39 109
274 466
195 409
49 203
106 321
78 81
77 244
168 379
85 42
79 42
177 394
40 109
56 89
253 458
40 113
167 384
319 488
42 107
256 461
65 56
57 214
398 487
42 129
37 102
83 44
304 491
382 505
396 501
49 200
334 495
46 59
70 241
72 35
284 475
40 95
54 71
135 362
50 203
307 490
294 481
47 208
214 417
169 386
62 97
45 186
50 45
252 457
51 92
42 127
136 361
38 103
49 46
72 255
249 436
83 298
52 93
73 38
57 88
70 233
48 205
58 215
62 149
42 93
52 65
48 207
71 242
86 43
112 329
49 202
245 442
44 133
44 55
68 15
80 269
117 330
87 278
278 471
195 408
217 420
41 110
69 18
72 243
188 403
170 391
43 130
84 299
55 70
143 372
118 329
253 450
187 402
72 85
84 279
85 294
398 505
61 24
293 476
87 42
76 267
78 249
42 111
67 22
83 280
250 435
109 324
49 168
79 268
49 210
211 420
263 460
70 17
319 486
64 209
320 487
201 412
50 199
317 490
248 437
379 500
49 166
292 473
212 419
247 444
74 85
206 415
66 55
196 409
511 502
53 90
295 484
41 116
135 364
47 206
96 313
168 385
74 253
318 489
336 491
142 369
44 183
340 487
424 467
49 60
50 91
80 41
49 62
57 146
337 490
68 235
47 48
381 506
395 502
509 504
394 503
300 489
45 182
107 320
46 181
426 467
65 152
55 212
379 508
360 509
251 456
255 460
275 466
84 283
274 467
63 96
37 98
59 158
69 16
201 414
56 213
170 387
343 500
84 43
510 503
73 36
58 159
287 476
80 43
47 190
36 99
141 370
43 170
48 47
77 248
61 148
61 90
285 476
169 378
59 86
55 44
65 22
48 167
68 17
39 104
40 115
45 58
116 329
305 490
252 451
431 466
44 169
294 483
279 472
76 245
321 486
69 238
85 278
66 23
289 476
38 97
399 490
334 497
138 367
68 237
280 473
58 87
42 119
41 94
87 290
74 243
39 96
43 132
170 377
105 320
51 164
377 500
376 511
323 484
86 291
59 148
361 510
338 501
51 64
75 268
324 483
45 54
113 330
53 92
74 267
64 211
184 399
215 418
299 488
81 76
83 282
84 282
304 490
61 213
48 190
213 417
75 267
378 508
70 240
54 212
399 489
43 93
279 471
42 126
70 234
425 467
45 55
335 497
377 509
247 443
48 206
40 104
139 367
246 442
217 419
216 418
52 164
197 407
39 103
63 209
185 399
51 211
58 214
86 272
77 245
44 56
339 501
300 488
211 419
61 25
40 96
296 484
62 210
56 44
78 250
362 510
340 488
47 59
170 378
301 489
337 491
46 186
57 213
44 132
73 33
73 85
106 320
58 146
65 151
75 253
43 119
117 331
80 268
142 370
335 495
41 115
50 92
66 22
277 469
169 379
375 511
60 148
42 110
85 279
256 460
59 215
52 94
50 62
62 148
41 109
80 76
397 505
212 418
60 214
45 57
64 150
48 60
289 475
37 101
61 147
294 482
69 235
73 35
62 96
252 452
275 467
135 363
342 500
137 361
380 502
45 133
63 211
48 208
42 94
69 15
338 490
294 476
201 413
74 38
46 182
38 102
249 437
65 55
143 371
86 42
396 502
49 61
49 209
251 455
70 16
381 505
49 201
285 475
424 468
205 415
395 503
74 266
86 278
46 58
50 200
303 491
400 486
509 503
50 166
252 456
338 500
295 483
334 496
87 277
197 409
59 89
361 509
38 100
43 107
113 329
49 167
54 72
511 501
508 504
280 472
254 458
74 242
80 42
248 444
286 476
250 436
47 189
318 488
83 297
52 64
87 279
118 328
321 485
84 42
84 280
169 385
86 292
136 362
431 467
51 199
298 486
42 118
188 402
322 484
171 391
396 504
114 330
510 502
37 99
69 237
50 210
41 113
58 88
105 319
305 489
360 508
51 169
511 499
71 241
377 501
171 387
45 183
378 500
43 129
73 37
84 298
45 169
277 465
117 329
57 89
72 242
136 364
59 159
72 34
86 294
319 487
51 93
83 43
76 246
50 202
53 91
104 318
287 475
299 487
50 204
62 212
73 255
119 329
399 487
398 488
60 90
78 244
60 86
97 313
49 205
168 384
293 473
138 366
278 470
87 291
178 394
77 81
44 170
81 269
79 41
50 46
42 116
68 18
196 408
423 469
39 97
323 483
253 451
47 121
248 438
359 507
75 39
316 490
308 490
55 71
263 459
77 247
109 323
59 147
48 48
42 106
380 503
79 76
114 329
251 454
250 437
305 488
76 39
46 169
510 501
318 487
45 184
137 360
317 488
105 318
138 365
278 469
49 208
169 384
85 280
280 471
67 18
294 473
295 482
73 84
377 508
46 185
508 503
54 91
299 486
59 90
39 102
281 470
335 496
217 418
337 494
68 149
55 72
316 489
339 500
139 366
50 47
84 281
249 444
425 468
170 379
54 211
51 94
198 409
48 49
85 282
63 146
62 27
85 272
296 483
322 483
59 146
431 468
62 25
367 508
63 148
294 475
136 363
73 34
289 474
511 500
218 419
288 475
212 417
50 93
58 89
44 125
45 170
38 101
70 15
87 292
73 256
248 439
59 138
340 489
64 55
78 41
80 249
61 86
57 212
70 235
341 500
48 59
81 268
379 502
65 150
137 362
51 166
86 273
61 96
314 489
50 201
66 21
79 250
51 168
53 64
42 113
61 212
172 391
81 42
48 189
65 54
252 455
51 202
75 38
286 475
118 327
76 81
263 456
140 365
43 108
77 246
380 505
396 503
300 487
205 414
264 459
80 241
45 56
202 413
138 357
336 495
74 241
247 442
60 159
57 44
59 214
185 398
85 298
62 211
42 115
50 209
86 41
377 506
424 469
47 182
188 401
42 109
119 330
51 200
278 465
179 394
60 85
118 331
42 117
46 133
375 510
199 406
71 240
49 206
211 418
44 93
104 317
248 443
64 149
74 37
47 58
46 57
52 211
297 484
73 242
62 209
113 328
58 213
97 312
50 205
62 207
360 507
397 504
53 164
198 407
362 509
51 48
378 501
74 33
253 452
42 95
52 169
276 467
263 458
359 506
376 509
277 468
252 453
119 328
75 254
86 293
110 323
303 490
171 388
338 491
44 171
301 488
51 210
169 380
47 120
117 328
62 147
83 296
61 26
423 470
60 213
44 107
78 243
298 485
74 35
321 484
52 165
401 486
40 103
60 147
50 61
82 43
83 42
173 392
47 188
106 319
38 99
339 490
75 36
69 236
143 370
340 501
39 98
255 458
86 279
75 266
187 400
400 487
256 459
43 126
50 167
44 129
45 132
87 276
197 408
171 390
277 466
46 121
262 459
399 488
44 119
308 489
40 97
78 247
42 105
510 499
61 85
54 210
198 408
58 212
51 61
43 95
51 167
50 208
51 201
54 164
171 389
255 457
141 363
74 34
45 119
39 101
61 211
46 120
86 40
127 349
48 58
83 269
186 398
422 472
188 400
59 213
119 331
281 471
366 508
78 246
400 488
58 44
77 73
305 487
170 384
54 192
507 503
43 105
111 323
263 457
186 396
120 330
81 249
76 254
308 488
249 439
180 394
376 508
375 509
51 49
277 467
41 97
42 104
46 132
82 266
508 502
87 275
339 491
380 504
313 489
81 241
65 53
250 438
299 485
286 474
252 454
337 495
60 146
86 274
279 469
306 488
41 103
219 419
138 358
66 20
298 484
363 509
425 469
424 470
85 271
187 399
367 507
171 379
64 146
337 497
44 126
137 363
85 297
509 501
55 91
45 171
85 281
173 391
53 193
70 14
52 62
46 56
51 209
98 312
71 235
320 484
43 109
117 327
377 507
82 268
199 405
106 318
280 470
67 19
262 456
44 94
51 47
72 240
170 380
336 496
73 241
253 453
73 257
58 138
44 108
53 165
340 490
70 236
59 61
84 296
64 54
294 474
254 456
362 508
297 481
90 292
47 119
43 117
40 100
360 506
73 83
397 503
315 489
75 37
211 417
46 184
423 473
79 75
340 500
120 332
52 46
80 252
71 11
59 139
67 149
137 359
249 443
341 499
120 328
89 289
205 413
510 500
261 459
86 280
40 102
198 406
257 459
58 90
314 488
81 267
46 170
368 506
107 313
47 183
189 401
45 107
42 114
303 489
63 147
321 483
77 253
288 474
47 57
56 46
378 506
63 27
52 210
65 149
56 72
402 486
139 357
82 42
52 166
140 366
141 365
304 488
80 242
203 413
52 168
75 35
256 458
113 327
59 91
295 473
212 416
40 98
141 353
78 40
279 465
338 492
289 473
60 212
302 488
144 370
52 202
61 95
53 63
80 250
174 392
64 148
317 487
138 364
44 128
248 440
114 328
43 115
75 81
50 48
87 293
337 493
42 96
50 94
50 206
218 418
248 442
301 487
62 26
83 41
265 459
62 208
76 38
296 482
430 468
39 99
199 409
75 33
172 390
48 188
79 243
61 207
45 125
378 502
68 148
60 160
75 265
81 253
105 317
49 49
64 147
316 487
67 20
60 145
261 458
70 13
45 172
312 489
91 292
254 455
188 399
313 488
127 348
368 507
49 94
320 481
254 453
138 363
300 485
82 41
255 456
203 412
40 99
52 61
80 253
87 274
59 92
256 457
78 39
141 364
63 86
76 255
73 240
76 33
262 457
73 258
44 95
45 118
90 293
211 416
142 363
82 253
505 510
68 147
43 96
143 352
42 103
280 469
85 270
64 53
257 456
249 440
114 327
87 282
189 400
121 332
79 252
53 46
270 455
138 359
219 418
43 114
337 496
340 491
299 484
206 413
187 396
83 268
46 119
48 51
65 148
90 289
141 366
81 254
369 506
105 316
367 506
121 330
174 391
48 57
90 291
48 187
50 49
187 398
53 210
121 328
173 390
301 486
54 209
81 250
253 454
401 488
139 358
115 328
97 310
80 247
52 167
360 505
320 483
81 248
89 292
77 74
200 409
55 164
77 266
338 493
55 62
120 331
269 458
40 101
82 267
107 314
85 40
43 104
298 481
172 379
44 109
50 207
509 500
120 327
52 201
198 405
45 114
142 367
47 184
72 83
145 370
55 210
425 470
111 324
297 482
60 211
107 318
84 269
71 12
117 326
60 95
308 487
44 97
91 288
62 85
67 148
49 134
48 185
338 497
86 281
63 26
59 140
321 482
63 54
141 354
64 25
79 246
45 108
142 353
257 458
317 486
295 474
46 131
53 166
398 503
139 364
45 126
49 50
278 467
98 311
76 73
251 438
89 288
60 161
106 317
306 487
77 254
58 137
75 34
58 61
363 508
75 256
318 485
201 410
64 27
192 401
77 38
74 81
71 236
430 469
378 505
58 91
54 191
422 473
44 117
44 127
340 499
49 58
502 493
59 60
265 458
171 384
61 94
373 508
61 208
128 349
366 507
81 242
86 297
282 471
507 502
181 394
55 46
76 265
116 327
73 82
80 251
186 397
433 470
172 389
53 194
362 507
191 402
72 11
264 457
53 62
46 109
107 312
46 171
47 132
57 136
72 239
59 44
402 487
52 191
52 47
204 413
288 473
108 313
88 293
57 46
69 146
341 498
170 381
279 466
76 37
59 212
423 472
249 442
83 266
78 75
205 412
75 80
199 408
42 97
80 243
361 506
78 253
52 209
374 509
376 507
365 508
298 483
379 504
86 39
180 393
54 193
286 473
57 72
56 91
85 296
47 56
378 503
315 488
303 488
289 472
109 313
366 506
108 318
320 482
52 190
44 114
283 471
375 507
144 352
270 458
112 324
425 471
369 507
505 511
311 489
171 381
56 210
53 47
97 309
114 326
81 247
107 317
255 455
288 472
122 326
53 61
45 173
83 267
398 502
430 470
45 117
72 82
65 147
271 455
99 311
55 61
88 282
43 103
71 83
312 488
91 291
200 408
60 94
188 396
59 141
502 494
84 268
76 34
45 115
49 187
340 492
432 470
139 359
60 210
261 457
49 51
139 363
279 467
188 398
80 254
210 416
45 127
307 487
374 508
364 508
74 258
48 52
115 327
87 295
362 506
340 498
289 471
68 146
85 39
49 185
127 347
53 201
49 95
64 26
46 174
50 134
89 293
58 162
80 244
42 98
72 12
48 56
249 441
44 116
338 496
189 399
116 326
299 483
220 418
41 99
270 456
87 281
143 353
433 471
46 118
57 163
142 354
257 457
62 84
219 417
78 38
46 110
296 474
251 439
187 395
192 402
82 40
78 266
86 296
89 275
90 294
269 455
49 133
507 501
298 482
422 474
59 161
74 238
308 486
48 132
317 485
197 405
190 400
81 251
53 191
505 503
207 413
58 92
59 211
90 288
399 503
142 352
339 493
63 53
108 314
287 473
53 167
205 411
57 73
72 238
268 458
54 194
50 50
143 357
48 94
508 500
280 466
315 487
424 472
430 472
58 136
79 253
55 165
202 410
172 380
45 95
265 457
71 237
42 102
121 331
142 364
65 25
204 412
76 74
60 144
201 409
77 37
120 326
45 109
75 257
69 145
73 239
72 14
174 390
48 184
73 81
360 504
86 38
503 493
57 135
49 57
172 384
67 147
146 370
107 311
361 505
73 15
58 46
54 62
250 440
64 86
173 389
53 195
122 330
48 186
77 75
221 419
68 20
82 252
57 91
141 355
319 479
301 485
58 60
106 316
82 242
303 487
143 367
71 13
75 259
431 471
75 79
77 265
51 207
76 256
54 208
318 484
88 274
142 366
59 95
269 457
55 193
46 172
181 393
107 315
59 59
63 85
505 509
319 483
54 46
300 484
254 454
203 411
53 209
402 488
41 101
302 486
187 397
80 246
47 131
260 458
128 348
86 270
78 254
60 208
98 310
91 289
316 486
373 507
256 456
142 356
320 480
280 468
43 97
365 507
59 45
121 327
378 504
44 96
191 401
252 438
222 419
53 200
365 506
72 81
504 503
130 349
109 314
63 84
190 399
188 397
146 369
433 472
175 390
377 504
144 353
311 488
187 394
49 132
57 60
100 311
55 166
81 40
106 309
73 14
97 308
256 455
173 380
142 355
315 486
74 237
77 34
110 313
58 59
191 400
74 15
431 472
271 456
260 457
52 189
50 185
366 505
259 458
302 485
62 53
73 238
48 131
429 470
144 357
208 413
69 20
60 141
66 25
425 472
50 57
299 482
82 251
45 116
399 502
49 56
79 254
91 290
54 167
48 95
316 485
117 324
196 405
319 482
507 500
73 80
88 281
341 492
220 417
309 486
45 96
210 415
308 485
58 73
143 354
374 507
363 506
307 486
61 144
258 457
77 256
300 483
53 190
80 255
57 92
52 135
43 98
81 246
122 331
202 409
82 39
376 503
59 94
125 328
49 184
250 441
114 325
90 287
58 93
76 259
502 495
54 61
370 507
54 195
339 496
189 396
504 511
266 457
309 484
48 53
46 95
60 209
251 440
127 346
76 75
57 210
403 488
44 103
42 101
98 309
47 94
57 164
189 398
287 472
201 408
59 136
107 316
59 164
47 130
203 410
90 275
505 504
75 258
75 78
115 326
50 51
340 497
206 411
181 392
54 47
174 389
505 500
372 507
269 456
73 12
59 210
318 479
82 243
340 493
45 110
503 494
56 135
171 382
49 186
124 325
360 503
421 474
255 454
373 506
140 359
69 144
88 295
359 504
59 142
193 402
120 325
55 194
319 480
317 484
78 265
142 357
303 486
426 471
92 289
221 418
361 504
122 325
408 487
364 507
108 317
406 485
93 292
70 83
46 129
66 27
56 209
121 326
172 383
142 351
78 37
99 310
113 324
288 471
62 83
318 483
47 174
316 483
107 310
65 26
401 494
129 348
53 48
65 86
85 268
56 165
46 173
66 147
143 366
504 509
267 458
89 274
89 294
123 326
64 85
53 208
68 145
207 412
506 501
87 296
270 457
48 181
60 45
62 159
139 362
72 237
280 467
59 46
49 182
85 38
60 165
144 367
51 134
402 489
59 162
79 266
204 411
132 351
375 506
52 207
143 364
83 242
72 13
283 470
297 474
87 270
42 99
400 503
46 127
46 117
432 471
43 102
44 113
80 245
84 267
252 439
58 163
430 471
427 471
110 314
318 482
105 309
53 49
50 132
65 85
145 367
72 80
50 184
303 485
53 199
141 359
403 489
221 417
146 366
401 495
88 296
118 322
49 53
207 411
402 492
53 207
505 499
359 503
406 484
47 95
43 99
287 471
58 74
79 37
64 84
123 331
428 470
360 502
408 488
50 56
113 323
49 55
251 441
112 322
116 324
420 474
53 189
309 485
311 487
364 506
375 503
314 486
271 457
309 483
432 472
98 308
54 60
256 454
142 350
51 57
70 20
143 365
57 93
57 209
85 267
61 165
502 496
63 83
133 351
195 401
73 13
196 404
79 255
130 348
68 144
409 487
53 59
424 474
61 143
118 324
132 350
144 354
58 94
48 118
274 462
282 466
140 362
504 500
115 325
129 347
62 52
125 325
119 325
421 475
57 59
503 511
63 159
46 128
59 163
143 355
503 495
75 233
308 484
425 473
81 245
91 275
58 210
307 485
101 253
55 135
408 486
175 389
93 291
506 500
315 485
304 486
182 392
101 311
90 274
71 81
58 58
80 38
51 133
79 265
209 413
402 496
142 358
339 495
259 457
310 486
86 268
97 307
504 498
77 35
76 258
124 326
69 83
66 26
131 349
51 51
222 416
48 180
371 507
51 187
376 504
109 317
316 484
284 470
55 195
49 181
54 48
433 473
60 164
74 16
66 146
189 397
297 475
63 51
94 292
222 418
62 160
53 135
505 501
272 456
114 324
504 508
106 310
89 295
44 112
90 286
78 256
147 365
108 316
402 494
202 408
417 475
210 414
361 503
318 480
45 103
70 82
83 243
372 506
42 100
342 492
76 76
78 36
50 186
57 165
267 457
54 198
268 456
52 134
45 111
125 327
400 502
59 209
204 410
128 346
49 183
83 251
144 356
431 473
305 485
147 369
50 52
503 509
188 394
46 116
117 323
403 497
173 381
252 440
92 274
46 96
300 482
73 237
60 46
429 471
44 102
281 467
81 39
60 136
340 496
88 280
47 173
203 409
54 196
363 505
144 366
89 281
55 167
194 402
75 75
504 504
85 37
57 191
121 325
282 468
99 309
365 505
172 382
406 486
48 54
43 101
67 27
340 494
60 142
59 165
47 129
92 290
504 502
67 145
191 399
126 328
74 78
59 135
77 257
49 131
315 483
87 269
374 506
59 47
374 505
314 485
425 474
80 37
144 365
426 473
49 180
62 165
93 274
61 46
63 160
50 183
254 439
47 128
142 349
117 322
91 274
210 413
503 504
83 250
101 310
62 161
300 481
402 493
371 506
284 469
257 454
63 50
53 58
57 192
408 485
89 286
506 499
63 82
54 49
100 253
77 258
275 462
403 500
431 474
98 307
401 502
407 484
131 348
147 364
403 496
55 58
308 483
53 134
272 459
74 13
404 489
47 116
113 322
190 397
128 343
224 419
75 16
406 487
145 366
417 476
83 244
374 503
88 269
133 350
317 482
110 315
54 197
402 495
85 36
45 112
47 96
503 498
66 145
407 488
503 508
57 94
222 417
50 53
502 511
311 486
148 365
359 502
283 466
62 51
194 401
148 369
146 365
375 504
72 79
44 99
109 316
283 468
61 142
193 400
52 187
503 502
146 367
64 159
78 263
504 501
52 133
141 350
306 485
259 456
80 265
363 504
55 168
85 266
78 257
79 256
191 398
432 473
87 266
56 59
61 164
68 27
130 347
173 382
93 290
307 484
274 461
208 411
51 52
403 494
402 491
310 485
287 470
88 297
404 497
504 497
209 412
144 355
503 500
60 163
78 35
73 78
112 321
314 483
102 311
126 327
48 117
76 11
504 499
340 495
116 323
288 469
71 80
206 409
54 199
424 475
267 456
83 246
49 130
364 505
101 252
57 166
119 324
304 485
61 136
121 324
362 503
53 206
421 476
124 331
76 233
207 410
65 84
89 296
55 196
58 133
94 291
71 20
84 37
50 131
59 166
341 496
79 264
110 317
140 361
99 308
126 325
59 134
45 102
222 415
252 441
315 484
317 480
196 403
341 494
53 188
90 273
56 167
70 81
203 408
427 472
90 303
62 143
342 493
58 191
409 486
504 505
58 193
418 475
313 486
142 359
115 324
298 475
81 38
51 186
49 54
132 349
125 326
54 59
73 236
60 47
86 267
419 474
52 57
182 391
303 484
69 82
266 455
253 440
89 280
64 83
49 118
428 471
82 245
123 332
55 134
147 366
75 76
174 381
222 413
48 173
67 144
502 497
57 58
176 389
58 209
129 346
54 189
75 234
50 55
67 26
56 169
195 402
43 100
105 310
118 323
188 393
503 496
74 17
272 457
55 48
204 409
44 101
59 74
54 135
45 98
282 467
147 368
258 455
67 161
124 332
429 473
53 57
94 290
223 415
121 323
64 160
52 186
406 488
85 35
223 413
63 81
428 472
123 323
56 168
58 132
503 507
72 20
112 318
283 467
127 325
313 485
75 235
69 79
129 343
418 476
46 98
145 365
61 135
205 409
51 131
61 163
502 502
210 412
75 13
403 491
425 475
91 305
58 166
287 469
56 58
224 414
130 344
61 51
53 133
253 441
91 273
113 321
61 79
62 142
73 77
57 169
407 483
59 133
404 496
211 405
149 369
49 179
405 497
84 36
502 510
254 440
147 367
311 485
432 474
47 97
112 320
90 296
506 498
285 469
130 346
79 257
504 506
56 94
59 75
194 400
503 501
90 280
273 457
100 252
45 99
67 143
84 246
104 310
52 132
49 129
103 311
502 504
419 475
225 413
71 21
145 355
206 408
101 251
84 250
276 462
197 403
69 81
182 390
53 187
405 489
80 264
431 475
424 476
73 235
61 167
99 307
51 53
60 74
307 483
191 397
504 496
503 499
89 285
430 474
371 505
57 133
176 388
426 474
64 82
50 54
83 37
211 413
203 407
54 134
423 475
89 297
314 484
50 180
175 381
58 192
341 495
317 481
71 79
141 361
193 399
404 494
116 322
403 493
83 245
272 458
62 50
126 326
409 485
55 49
115 323
208 410
312 486
60 134
74 76
140 350
298 476
51 183
114 322
222 412
273 459
58 208
409 499
63 49
76 18
61 47
188 392
267 455
225 419
48 128
209 411
409 481
255 439
263 453
75 17
55 197
52 56
119 323
363 503
51 181
300 480
88 268
497 495
148 366
403 501
196 402
421 477
142 360
123 333
55 199
408 484
93 273
259 455
76 12
45 101
102 310
141 349
46 112
358 502
49 173
91 303
49 117
86 266
408 500
65 159
402 502
56 196
76 234
342 494
186 392
128 342
110 316
417 477
47 115
303 483
68 26
66 160
303 481
133 349
54 206
284 468
374 504
78 262
93 275
57 167
89 269
75 19
131 347
62 164
57 95
361 501
501 497
90 302
266 454
292 468
224 418
146 354
81 265
74 234
223 417
403 495
360 500
362 502
63 161
174 382
258 454
65 83
306 484
48 116
80 36
262 454
502 498
81 37
148 368
68 82
54 58
79 35
275 461
204 408
88 298
502 508
78 258
87 265
79 263
44 100
76 10
404 500
54 188
364 504
146 364
66 144
125 331
58 194
304 484
288 468
72 78
89 279
55 132
207 408
78 237
73 234
293 468
191 396
266 453
505 496
182 389
77 18
420 477
222 411
103 310
84 245
404 493
502 507
209 408
408 499
64 81
89 298
70 27
209 410
404 491
211 412
142 361
139 350
62 79
90 297
61 48
90 277
54 57
47 112
186 391
80 263
76 13
261 454
225 414
506 497
63 162
59 132
72 21
84 249
406 497
417 478
146 355
423 476
263 452
226 413
500 497
148 367
80 237
112 313
299 476
407 498
102 309
292 467
140 349
419 476
212 405
294 469
47 114
304 483
102 249
342 495
358 501
371 504
59 194
90 279
60 167
54 133
52 53
187 392
63 142
359 500
125 332
409 484
405 490
71 78
311 484
81 264
66 143
59 130
112 315
147 352
54 205
223 412
503 506
62 49
76 21
65 144
134 349
94 275
177 388
273 458
69 78
194 399
64 161
407 500
501 510
68 25
79 262
79 258
46 113
147 354
66 83
197 400
80 239
91 272
277 462
497 494
51 130
89 268
111 316
70 79
57 96
55 200
48 127
61 50
56 49
67 142
429 474
114 321
73 76
276 461
262 453
50 173
405 494
210 407
303 482
176 387
122 323
498 495
362 501
316 481
72 77
410 481
65 160
101 250
502 505
502 499
86 265
287 468
58 207
267 454
260 453
124 333
77 10
60 133
80 35
51 54
90 301
197 402
255 440
193 398
91 304
127 326
57 48
211 406
284 467
432 475
82 37
74 19
92 305
62 163
78 259
198 403
426 475
497 496
46 101
57 168
67 162
56 57
59 192
259 454
113 320
409 498
424 477
71 22
96 279
149 368
226 419
96 277
131 346
422 477
60 75
500 511
94 273
53 132
95 290
131 344
225 412
428 473
361 500
408 483
61 78
47 98
52 55
123 322
257 452
313 484
56 95
69 24
502 501
208 409
85 34
403 502
57 132
409 482
53 186
52 181
84 35
146 353
203 406
45 100
100 251
75 14
286 469
55 206
115 322
76 17
76 235
56 197
94 289
175 382
48 115
112 319
100 307
406 489
373 504
80 257
61 168
405 500
130 343
404 495
306 483
224 413
51 182
68 81
81 36
46 99
91 296
204 407
69 80
312 485
113 314
54 187
274 459
224 415
58 195
303 480
133 348
192 395
66 161
145 364
205 408
50 129
61 134
57 196
76 19
405 496
58 167
61 192
56 133
364 503
224 417
253 442
301 480
143 362
50 179
112 317
49 116
120 323
129 342
89 284
176 382
143 361
148 352
134 324
150 368
198 402
79 237
61 49
69 25
51 173
114 320
81 263
212 412
93 305
423 477
419 477
100 250
302 480
257 451
90 268
85 33
80 262
96 276
56 50
294 470
53 53
115 321
499 511
58 168
146 356
58 48
357 501
129 341
506 496
425 477
67 81
64 80
54 132
61 133
421 479
134 348
226 418
258 452
71 77
58 130
207 407
358 500
181 389
197 399
224 416
198 400
55 201
59 207
223 411
139 349
206 406
305 483
73 233
112 316
91 269
66 142
85 249
406 500
362 500
72 76
101 307
95 275
66 82
407 507
68 80
53 55
304 482
48 114
127 337
408 508
54 56
125 333
177 387
90 284
138 350
147 353
185 391
306 482
47 99
52 180
51 129
81 35
497 493
91 297
311 483
263 451
500 510
205 407
79 19
145 363
56 202
53 181
405 491
191 395
372 504
300 476
282 464
51 179
70 78
501 501
50 116
254 442
276 460
84 34
253 443
286 468
278 462
301 479
94 276
77 235
187 391
255 441
122 322
113 319
59 131
409 497
182 388
500 504
267 453
94 272
70 26
428 474
59 195
52 54
211 407
50 128
64 142
501 499
103 309
95 279
66 162
113 315
144 362
312 484
70 24
79 259
53 131
77 17
432 476
57 197
224 412
73 21
80 258
259 453
405 501
91 271
65 161
196 400
56 96
261 453
406 490
128 340
100 306
86 264
123 321
132 324
71 27
364 502
285 467
57 49
427 475
90 300
91 277
81 239
46 100
418 478
211 411
194 398
60 192
102 248
407 497
315 481
204 406
128 326
76 20
266 452
405 493
262 452
132 346
426 476
58 196
61 75
49 115
61 77
405 495
361 499
131 343
63 163
47 113
147 355
112 312
52 96
90 298
75 21
57 207
411 481
60 130
343 495
78 236
197 401
73 75
199 403
56 206
90 278
226 412
80 238
225 411
85 245
295 469
192 394
61 191
407 501
422 478
54 186
65 143
96 278
101 249
507 497
56 132
274 458
409 483
410 484
60 168
91 301
280 464
54 96
277 461
74 20
209 409
52 182
113 313
212 406
403 503
406 494
56 56
92 304
62 78
293 467
498 496
49 127
502 506
210 408
294 468
71 23
149 367
56 200
193 397
78 10
120 322
500 498
57 131
226 414
408 498
82 36
55 205
353 501
225 417
133 347
76 14
125 337
95 289
115 320
65 80
423 478
56 203
404 503
365 502
54 181
78 13
406 501
114 315
191 394
352 501
51 96
300 475
58 197
61 132
145 362
227 418
206 405
96 275
498 497
507 496
281 464
147 356
126 333
56 205
66 163
66 81
177 386
254 443
139 348
295 470
408 507
496 493
405 492
82 35
198 401
144 361
177 382
194 397
497 492
180 389
212 407
73 22
418 479
315 480
285 466
65 142
302 479
151 368
85 244
100 249
84 31
127 338
70 25
56 97
132 325
101 248
357 500
55 56
82 263
286 467
301 478
60 191
51 128
53 172
361 498
56 201
95 288
85 264
508 497
278 461
129 326
227 412
422 479
81 262
427 476
499 504
102 307
90 283
419 478
226 415
65 162
432 477
256 441
408 497
57 130
103 308
58 49
54 131
499 510
50 115
255 442
95 278
312 483
113 312
407 506
370 503
94 305
55 96
500 499
113 316
57 206
78 19
268 453
71 76
59 168
135 348
428 475
58 129
70 77
67 164
371 502
266 451
407 496
407 490
363 500
54 97
186 389
267 452
52 173
409 508
86 249
120 321
72 75
280 463
55 184
114 319
133 346
54 185
60 195
405 502
275 458
134 325
277 460
61 130
53 182
132 345
211 410
299 474
80 259
314 481
259 452
225 416
62 133
82 239
343 496
410 483
113 310
54 53
411 482
226 409
91 298
150 367
126 337
91 270
93 304
60 169
500 503
179 388
63 78
262 451
406 495
354 501
83 264
213 412
67 80
78 17
91 278
176 383
95 274
52 129
137 350
133 324
64 141
73 232
47 100
53 54
498 511
57 50
56 131
79 236
77 14
406 493
114 313
90 299
48 113
185 390
53 96
54 55
91 268
78 235
91 300
211 408
64 163
295 468
420 479
305 482
122 321
59 206
77 20
210 409
372 503
128 339
92 297
81 258
49 126
64 79
60 49
226 411
79 10
62 77
407 494
79 20
294 467
61 190
51 178
226 417
187 390
181 388
138 349
199 402
124 319
100 305
83 34
66 141
71 26
85 32
422 481
52 179
55 204
133 344
406 491
72 23
132 343
501 506
112 311
90 267
92 277
72 27
81 238
205 406
212 411
146 357
208 407
57 200
189 390
263 450
178 387
296 469
125 336
261 452
282 463
129 340
500 501
426 477
308 481
74 21
94 271
148 353
258 451
134 347
61 76
94 277
84 33
53 130
81 34
224 411
60 131
196 399
119 319
356 500
428 476
278 460
138 348
94 270
83 31
80 260
215 411
256 442
191 393
216 414
73 231
286 466
56 184
405 503
81 261
146 358
208 406
312 482
64 78
61 131
99 249
408 490
57 205
500 502
295 467
86 250
82 34
66 80
134 326
145 361
56 204
201 401
70 76
176 384
78 8
363 499
362 498
227 415
147 357
185 389
54 130
213 411
497 511
195 397
83 263
55 183
53 97
79 11
500 500
509 497
72 74
199 401
309 481
149 353
213 407
408 506
228 418
432 478
65 79
205 405
314 480
427 477
280 462
59 205
267 451
206 404
71 25
53 179
308 480
65 141
60 190
101 305
84 264
254 446
299 473
57 129
91 267
50 114
421 481
406 492
411 483
344 496
431 477
79 235
54 54
122 320
92 270
83 33
53 173
80 10
120 320
365 501
49 99
93 301
79 9
59 49
283 463
494 494
84 32
94 278
226 410
102 306
123 319
78 20
114 318
357 499
86 244
275 457
269 453
64 164
346 496
300 474
50 126
204 404
407 491
136 348
58 50
406 502
62 130
369 503
83 239
422 480
72 24
211 409
133 345
55 185
117 319
79 21
228 412
64 140
126 334
227 417
59 169
101 247
91 299
62 132
114 316
226 416
420 480
66 164
126 336
296 468
114 310
354 500
302 478
92 298
352 500
180 388
125 335
82 238
296 470
128 338
96 274
178 386
190 390
82 258
62 76
67 165
498 510
151 367
91 283
184 390
305 481
281 463
54 182
224 410
61 195
225 409
52 128
60 196
510 496
94 304
235 405
100 248
508 496
419 479
86 248
58 200
259 451
66 132
49 113
188 390
133 343
115 313
73 27
409 507
498 498
407 495
177 383
370 502
51 97
372 502
74 22
124 318
212 408
56 130
54 172
58 198
135 347
52 178
92 284
254 444
408 496
65 163
423 479
148 356
496 492
95 287
177 385
129 339
74 232
113 311
196 398
55 55
92 278
179 387
261 451
93 271
116 320
133 325
78 16
55 97
256 448
103 307
187 389
130 326
410 508
90 282
262 450
79 13
129 327
93 303
500 506
48 100
137 349
67 79
78 14
499 503
55 53
371 501
92 266
57 201
424 479
155 368
147 358
87 244
57 128
59 50
180 387
146 359
148 357
189 388
56 99
371 500
116 319
79 8
92 267
256 443
126 335
285 464
201 400
53 174
61 196
295 464
257 448
232 405
352 499
52 127
98 249
80 11
117 318
407 492
94 301
215 412
64 77
60 189
115 318
498 509
149 354
302 477
206 403
255 444
93 278
65 78
121 320
356 499
78 15
205 404
369 502
372 501
79 16
65 132
93 284
191 390
152 367
268 451
83 238
93 270
412 483
66 79
188 389
178 383
508 495
54 129
146 361
95 304
235 406
226 407
119 318
101 304
53 98
66 165
83 32
54 179
228 417
494 493
50 113
509 496
114 317
134 327
511 496
495 492
406 503
78 21
204 403
62 131
227 416
297 468
190 389
84 263
91 282
427 478
73 24
499 502
254 445
135 346
280 461
179 386
281 462
497 498
57 184
65 140
225 408
278 459
82 33
408 495
133 326
49 100
357 498
134 345
308 479
179 382
260 451
365 500
283 462
100 247
71 74
93 300
420 481
431 478
58 51
82 237
116 313
200 401
96 273
56 185
67 78
55 54
224 409
216 413
79 14
70 75
353 498
74 231
68 167
133 342
429 476
129 338
71 144
145 360
364 499
128 331
127 334
493 494
196 397
82 261
195 396
81 260
428 477
408 491
297 470
86 247
190 391
59 190
59 198
51 98
178 385
202 399
79 234
122 319
312 481
114 311
300 473
346 495
130 327
137 348
213 410
227 410
214 411
497 510
87 250
256 447
269 452
496 509
80 235
72 25
309 480
295 466
59 170
212 409
423 480
52 177
67 166
52 175
255 446
92 299
92 279
228 411
57 204
276 457
362 497
130 339
58 201
286 465
74 23
58 205
50 99
413 482
131 326
345 496
57 52
78 7
53 128
261 450
499 500
138 347
80 9
498 499
234 405
103 306
55 130
94 265
55 172
424 481
55 98
184 389
65 164
136 347
96 287
209 406
495 508
409 506
217 414
54 173
66 131
228 407
63 76
93 266
310 481
73 26
94 285
229 406
213 408
279 460
55 182
270 451
313 480
305 480
177 384
410 507
363 498
92 283
354 499
366 501
419 480
191 392
500 507
123 318
494 491
93 302
120 319
296 467
82 259
51 126
70 74
127 335
148 358
409 505
286 464
279 459
69 141
298 468
231 405
129 329
209 405
66 166
66 78
496 510
92 280
81 11
129 331
429 477
84 262
52 176
95 285
509 495
54 128
94 302
72 144
92 282
55 173
277 457
115 311
94 266
301 473
59 171
75 231
154 368
356 498
408 492
233 405
226 406
307 479
57 185
216 412
498 508
133 327
103 305
229 407
147 359
53 175
103 303
58 204
228 406
56 54
497 499
93 265
116 312
128 334
223 409
257 447
497 509
130 338
354 498
280 460
281 461
207 403
57 183
93 283
363 497
493 493
131 339
180 386
71 143
80 8
493 491
78 22
52 98
199 399
409 495
285 463
214 410
58 184
299 469
55 129
419 481
198 396
83 259
87 251
74 24
69 167
52 126
192 390
59 199
498 502
79 7
304 478
93 279
57 127
98 248
80 32
364 498
229 417
494 492
55 99
234 406
369 501
203 399
93 267
191 391
64 132
179 383
276 456
428 478
53 99
87 247
155 367
56 182
149 355
99 247
255 445
201 399
87 245
97 245
93 299
94 284
410 506
102 304
413 483
425 481
73 25
190 388
62 196
494 508
83 237
152 366
128 332
178 384
65 139
300 472
56 186
416 482
54 178
351 499
205 403
414 482
82 260
69 75
54 174
135 345
50 100
82 10
58 170
203 401
128 336
80 16
256 444
129 337
345 495
260 450
104 306
137 347
95 303
96 272
424 480
179 385
153 367
79 233
304 452
298 470
75 23
146 360
204 402
202 400
407 503
97 249
93 269
303 451
81 9
312 480
213 409
408 504
67 77
295 463
261 449
60 198
53 177
189 387
68 166
207 401
95 301
81 235
96 286
228 410
65 165
59 189
122 318
270 450
200 400
59 51
67 167
217 413
120 318
180 382
57 53
353 497
235 407
294 464
131 327
192 392
188 388
303 477
82 32
430 478
58 52
66 130
310 480
115 317
51 113
195 395
56 100
116 318
352 498
227 407
79 15
64 76
499 507
228 416
136 346
63 131
366 500
296 466
498 500
496 508
408 502
196 396
305 479
96 304
284 462
224 408
184 388
202 398
372 500
134 342
58 202
296 464
511 495
191 389
121 319
269 451
287 464
214 409
94 267
344 491
366 499
225 406
258 447
196 395
192 391
419 482
150 355
415 482
57 126
84 261
276 455
277 456
414 483
229 416
204 401
509 494
93 280
294 463
62 197
65 166
285 462
81 234
354 497
128 335
410 505
355 498
203 400
90 253
58 185
312 479
300 471
511 494
409 494
291 464
50 101
133 328
270 449
188 387
234 407
96 271
53 126
83 236
298 467
413 484
181 386
231 404
55 174
364 497
416 483
301 468
256 445
293 464
107 306
154 367
94 299
129 330
52 125
131 338
93 282
75 230
64 131
369 500
228 405
222 409
301 472
54 99
80 7
498 507
193 392
302 451
296 465
96 245
63 166
425 480
299 470
132 327
497 500
409 504
409 502
498 501
98 247
297 466
135 342
418 481
77 22
104 303
68 141
116 317
230 407
179 384
191 388
305 478
189 386
344 493
87 246
80 15
69 74
129 334
209 404
121 318
260 449
79 232
227 406
97 248
88 251
137 346
66 77
192 387
67 76
58 189
73 138
54 175
51 100
417 482
269 450
97 246
307 478
233 406
70 141
59 52
153 366
53 176
223 408
72 143
280 459
148 359
284 461
57 182
224 407
217 412
93 268
201 398
76 231
306 479
97 286
197 396
74 25
198 395
93 264
206 401
52 99
69 166
311 480
429 478
95 302
257 446
411 506
66 139
82 235
56 127
103 304
129 336
494 509
116 311
58 203
345 494
372 499
367 500
69 140
55 128
57 54
92 281
51 112
96 285
58 171
55 100
299 468
64 199
199 398
105 306
151 354
135 344
64 75
408 503
207 402
130 329
82 9
76 23
351 498
84 259
54 177
69 164
228 409
300 469
95 284
60 199
271 450
99 288
128 333
193 390
83 260
70 167
200 399
493 492
77 232
180 383
365 498
495 510
83 10
147 360
492 491
78 23
430 479
71 142
303 452
66 167
81 32
80 31
225 404
75 24
232 417
290 465
497 508
57 186
205 402
304 453
88 247
272 451
89 252
304 477
281 460
82 11
81 8
65 130
152 365
78 233
353 496
54 127
96 303
408 493
184 387
411 505
136 344
64 198
82 8
191 387
66 76
217 411
215 409
277 455
116 316
259 447
223 407
131 337
59 203
58 172
150 362
269 447
205 401
68 140
153 353
225 401
96 284
300 468
187 387
414 484
58 188
367 499
70 164
225 403
492 492
56 174
99 287
345 493
148 360
231 417
305 477
81 15
70 166
301 469
70 140
426 480
98 294
57 173
91 265
64 196
289 465
285 461
97 271
232 402
69 165
76 230
276 454
298 466
77 231
299 467
55 101
368 500
64 130
65 75
204 400
121 317
415 483
201 397
132 328
78 232
230 408
228 404
428 480
222 408
303 453
130 334
281 459
130 330
59 53
345 491
227 405
294 462
85 261
182 386
64 166
92 264
63 167
116 308
180 384
96 302
107 305
54 126
257 445
58 54
302 452
63 197
88 246
66 138
51 111
306 478
233 407
225 405
54 100
129 335
56 126
101 287
72 140
369 499
116 310
75 25
58 182
494 510
75 229
419 483
272 450
232 416
297 465
64 74
80 6
150 356
292 464
82 12
152 354
208 402
129 333
200 398
291 463
418 482
82 234
83 11
258 446
68 74
90 254
229 409
97 247
199 397
95 295
260 448
73 143
194 392
52 100
430 480
137 345
188 386
301 471
100 288
410 504
53 125
224 404
67 75
81 7
181 385
81 31
90 252
497 501
311 479
154 366
290 464
209 403
230 416
78 24
54 176
224 406
269 449
135 343
193 391
195 393
300 470
344 492
302 472
60 200
307 477
231 403
366 498
409 493
106 306
284 460
181 383
58 186
510 494
493 511
93 281
81 3
79 231
96 246
94 298
51 101
354 496
104 304
288 464
117 311
221 409
83 235
84 260
355 497
207 399
273 451
190 386
152 362
122 316
65 167
364 496
491 491
271 449
55 175
77 23
130 336
409 503
351 497
63 199
301 467
429 479
71 141
97 285
73 139
196 394
192 386
280 458
55 127
497 507
197 395
95 283
153 365
89 251
74 138
183 387
151 355
372 498
94 268
76 24
352 496
94 296
68 139
154 365
270 447
138 345
307 476
273 450
258 445
371 498
492 511
216 409
73 142
496 501
90 251
82 7
368 499
354 495
139 346
65 74
220 409
154 353
493 510
272 449
117 310
55 126
278 453
197 394
97 284
187 386
294 461
95 282
61 54
227 404
92 263
137 344
207 398
78 231
283 460
355 496
96 247
66 127
59 54
77 24
285 460
75 138
430 481
118 311
298 465
223 404
67 172
82 13
81 6
510 493
62 199
73 140
131 330
61 128
221 408
366 497
215 408
107 304
63 206
183 386
121 316
231 416
81 14
350 497
70 165
230 403
155 364
58 181
76 25
66 137
268 449
66 75
61 200
106 287
232 401
152 363
260 447
410 503
55 176
54 125
95 268
74 139
96 269
57 174
58 187
217 410
278 455
59 186
67 74
82 3
367 498
131 336
63 168
81 4
83 12
415 484
77 230
97 302
89 264
429 480
72 141
149 360
136 343
225 402
72 139
411 504
411 502
248 395
116 309
51 102
292 463
205 400
97 270
130 335
195 392
230 409
427 480
345 492
100 287
75 26
153 354
51 110
105 304
122 315
365 496
131 334
348 497
414 485
226 403
410 493
305 476
67 138
277 454
98 295
96 283
82 15
151 356
130 333
77 28
302 453
226 401
308 477
280 457
94 297
181 384
191 386
70 139
231 408
94 281
222 407
90 265
224 405
132 329
83 234
301 470
101 286
497 506
60 203
83 8
91 264
117 316
272 447
194 391
370 499
232 407
281 458
131 332
64 129
50 103
92 247
418 483
99 286
351 496
64 197
208 399
196 393
95 298
106 305
152 355
52 101
200 397
303 474
86 261
209 402
273 446
58 173
89 246
56 175
65 196
97 294
282 459
117 308
151 362
54 101
491 492
346 493
300 467
95 246
89 254
81 30
269 446
76 229
233 408
301 456
90 255
231 402
86 231
64 167
96 295
85 260
95 296
303 472
289 464
206 399
311 478
299 466
150 361
269 448
302 469
306 477
200 396
347 493
58 180
217 409
101 285
305 475
55 125
300 466
151 357
132 330
121 315
311 477
272 448
247 387
64 168
210 402
71 139
232 400
307 475
65 127
92 246
414 486
273 447
273 449
75 139
226 402
510 492
78 230
93 247
222 404
182 384
133 331
206 398
366 496
89 255
83 233
222 406
118 310
233 409
101 3
309 477
83 3
83 13
268 448
51 103
62 128
74 142
219 409
117 315
231 409
96 298
259 445
231 401
82 4
66 126
92 262
306 476
289 463
81 29
96 282
117 309
68 138
66 172
64 206
132 336
230 402
232 408
155 353
266 448
107 287
106 288
216 408
209 401
66 136
90 264
52 102
209 399
54 124
84 232
183 385
50 104
369 497
64 128
270 446
106 304
73 141
286 460
71 165
51 109
77 25
274 446
86 260
150 360
95 247
89 263
137 343
67 137
411 493
60 54
135 339
302 454
61 201
85 231
66 74
57 175
412 488
61 55
495 501
154 364
365 495
301 455
197 393
231 415
89 245
370 498
346 492
60 186
351 495
68 172
412 502
155 363
97 301
74 140
65 197
281 457
497 505
211 397
427 481
204 398
90 246
302 470
61 203
131 333
375 489
276 452
229 403
86 232
67 73
61 127
53 101
299 465
221 407
90 250
195 391
301 457
96 268
82 6
301 453
59 173
282 458
277 453
429 481
230 410
411 503
100 286
247 395
418 484
95 281
415 485
131 335
107 303
140 346
293 461
300 456
303 471
283 459
428 486
97 269
97 283
87 1
58 174
77 27
153 363
62 200
279 455
97 295
220 408
368 498
63 169
132 332
95 297
56 176
59 187
81 5
196 392
356 496
278 452
205 399
138 344
227 403
348 496
304 474
292 462
186 386
84 8
63 205
139 345
151 361
91 263
207 397
120 316
349 497
223 405
355 495
248 394
153 355
208 398
366 492
87 261
77 229
260 446
303 473
214 406
491 493
78 28
82 14
91 245
76 26
191 385
63 129
492 510
511 491
231 414
60 187
93 246
67 136
305 474
428 487
88 255
247 388
189 384
83 232
53 102
210 399
91 250
84 233
66 73
366 495
133 330
232 409
87 0
491 494
427 486
58 179
413 488
248 393
292 461
90 263
260 445
183 384
140 345
152 357
205 398
127 308
100 285
101 284
68 137
154 355
267 448
300 455
283 450
151 360
55 124
101 2
266 447
105 288
97 268
368 497
118 315
120 315
215 406
66 125
71 138
219 408
309 476
141 346
427 482
134 329
347 492
307 474
153 356
375 488
365 494
118 309
80 29
83 14
97 296
412 489
229 402
300 465
265 446
191 384
78 229
77 228
277 452
59 174
211 396
64 169
281 454
86 241
273 448
62 201
94 245
216 407
151 358
271 446
301 454
86 259
91 262
299 464
304 473
133 332
274 445
306 475
85 232
348 489
222 405
51 108
202 395
276 451
195 390
72 165
300 457
208 397
184 385
155 354
100 3
66 197
67 72
100 1
349 496
64 205
106 303
415 486
185 386
93 248
98 301
366 493
133 336
231 410
154 363
411 494
299 456
83 4
66 171
204 397
247 394
197 392
303 470
61 186
87 260
74 141
95 248
90 245
311 476
369 496
275 450
210 397
155 362
135 338
429 482
65 126
51 104
370 497
60 55
211 402
350 495
63 128
69 172
230 401
412 503
281 456
214 405
496 505
289 462
207 396
200 395
61 202
77 164
61 126
135 340
209 400
85 240
84 13
86 1
62 127
231 400
65 204
203 396
287 460
57 176
89 262
227 402
279 454
376 489
119 316
283 458
495 500
96 297
96 267
82 5
357 492
97 282
92 245
52 103
217 408
417 484
282 457
209 398
511 490
132 333
77 26
246 387
492 509
230 411
60 173
108 287
221 404
138 343
75 140
89 256
94 247
221 406
510 491
132 335
186 385
69 138
156 353
274 447
356 495
220 407
150 359
365 492
78 27
96 281
84 7
367 496
108 286
76 164
198 392
61 187
65 205
133 335
76 140
282 454
98 268
365 493
232 410
139 343
185 385
413 489
413 503
300 458
183 383
285 451
135 329
83 231
88 0
127 307
97 267
77 227
80 28
62 126
228 402
83 5
142 346
195 389
95 249
59 175
218 408
202 394
267 447
98 298
154 356
51 105
93 245
211 401
427 485
276 450
79 27
301 465
190 384
135 337
73 165
79 229
370 496
97 297
184 384
274 444
67 135
64 126
219 407
152 360
60 56
72 166
78 26
284 450
155 361
292 460
90 244
105 289
86 2
89 261
86 240
367 495
71 137
291 461
88 256
310 476
260 444
282 456
428 482
119 315
492 496
427 483
62 202
216 406
193 381
151 359
306 474
75 141
376 488
264 446
281 455
412 494
304 470
300 454
275 449
85 233
152 358
231 411
412 490
210 400
217 407
84 4
141 345
428 488
230 400
66 198
126 308
347 491
245 387
136 340
215 405
209 397
62 186
70 172
69 137
298 456
119 309
246 388
296 458
231 413
203 395
57 177
266 446
282 452
84 6
85 239
201 395
297 459
101 283
495 505
53 103
85 3
61 173
212 402
417 485
100 2
64 204
283 457
156 354
229 401
60 126
94 244
350 494
63 203
368 496
106 302
348 490
491 509
349 489
366 494
84 14
87 241
63 127
196 388
92 250
154 362
60 174
59 179
65 171
305 473
87 259
363 495
283 451
94 248
356 494
52 108
289 461
208 396
65 125
246 394
66 72
58 178
247 393
205 397
261 445
207 395
97 281
416 486
274 448
100 0
277 451
204 396
299 457
357 493
221 405
56 124
67 71
271 445
349 495
280 454
358 492
77 165
510 490
189 383
288 460
491 495
88 260
134 336
369 495
210 396
415 489
64 170
134 330
495 499
300 464
98 282
492 508
60 58
377 489
133 333
100 284
155 355
98 300
104 288
51 107
415 487
90 262
68 136
89 243
299 458
67 198
57 124
283 452
70 137
65 124
77 166
89 260
275 448
494 499
350 475
207 394
206 395
205 396
61 58
244 387
510 487
84 15
488 511
260 443
413 494
216 405
68 135
413 490
185 384
99 0
298 455
509 490
212 401
66 205
86 239
86 3
122 309
211 400
77 226
64 203
208 395
64 201
93 250
100 283
71 168
99 300
362 495
98 267
62 173
231 412
491 508
414 489
261 444
245 388
246 393
201 394
357 494
139 342
80 27
264 445
119 314
88 259
510 489
90 261
60 175
105 302
87 240
232 411
494 505
246 389
65 72
104 289
153 358
84 5
154 361
194 381
76 141
59 178
85 238
491 496
61 124
198 391
93 244
219 406
52 107
298 459
152 359
289 460
378 489
60 125
421 488
271 444
143 346
66 71
85 4
192 381
127 306
59 176
281 452
85 236
358 493
83 230
71 172
291 460
209 396
60 57
305 470
76 165
54 103
58 177
195 388
89 0
368 495
148 317
490 509
417 486
79 228
273 444
196 389
414 503
52 105
349 494
427 488
363 494
90 243
280 453
63 126
99 298
88 257
189 382
267 446
142 345
138 339
97 266
200 393
109 286
266 445
245 394
492 507
229 400
285 450
277 450
428 483
204 395
157 354
282 451
218 407
306 473
64 171
85 234
133 334
135 336
75 164
495 504
292 459
98 297
98 281
200 391
296 457
63 202
376 487
138 341
304 469
284 457
228 401
220 405
94 249
422 511
120 309
213 402
303 464
101 282
190 383
135 330
78 227
89 242
66 123
295 458
194 387
415 488
184 383
377 488
370 495
492 497
349 490
282 455
79 26
263 446
64 125
137 340
73 166
297 460
310 475
364 493
156 355
305 472
299 454
62 125
126 307
62 187
154 357
99 2
348 491
367 494
301 464
416 487
61 188
193 380
285 452
427 484
154 358
67 199
195 387
64 172
190 382
292 458
302 464
378 488
376 486
122 308
100 300
94 250
273 443
54 104
493 505
285 457
93 243
200 392
349 493
491 497
229 399
98 266
244 390
86 236
270 444
139 339
209 395
100 282
139 341
232 412
86 238
263 445
91 243
194 382
99 297
279 451
493 499
262 444
111 285
90 242
490 508
185 383
72 168
134 334
62 124
85 235
346 478
283 455
125 307
245 391
61 57
298 460
218 406
119 313
368 494
426 488
491 507
65 71
74 166
306 472
299 459
109 285
205 395
59 177
93 251
295 457
197 389
422 488
416 488
342 480
212 400
304 468
80 26
421 487
245 393
138 338
65 123
67 205
70 136
63 189
219 405
98 0
297 455
53 105
198 390
421 511
414 490
149 317
494 504
278 450
90 260
53 107
97 265
194 386
428 484
89 1
213 401
60 124
204 394
135 331
138 340
418 486
78 140
98 2
136 330
137 337
101 281
285 449
303 465
153 359
121 309
78 226
291 459
358 494
85 15
144 346
201 393
68 134
261 443
63 125
370 494
276 448
76 166
191 381
509 489
304 464
63 173
76 142
87 239
294 458
77 141
245 389
61 175
105 301
350 474
228 400
272 444
79 227
88 258
350 476
124 308
85 237
62 188
267 445
65 201
207 393
293 459
488 510
80 228
310 474
244 388
64 202
154 360
58 124
361 495
363 493
98 280
148 318
85 5
103 289
289 459
143 345
135 335
298 454
100 298
303 467
99 299
192 380
266 444
296 456
217 405
284 452
495 503
510 486
414 502
349 491
157 355
422 510
83 229
120 310
126 306
280 452
69 131
75 165
71 169
487 511
281 451
413 493
60 176
305 469
200 390
233 411
71 171
66 122
99 281
86 4
509 487
286 457
70 131
417 488
86 235
303 466
120 313
284 455
234 411
64 189
361 494
153 318
144 345
265 444
65 202
62 57
342 479
305 468
191 380
375 480
138 337
99 280
93 242
290 459
204 393
418 509
195 382
414 491
492 499
349 476
66 189
147 318
100 295
101 300
198 389
293 458
491 498
70 135
111 284
245 392
219 404
79 226
139 340
140 339
200 389
91 0
298 453
86 5
418 487
157 356
294 457
68 133
214 401
120 311
226 399
340 479
59 124
285 448
82 229
205 394
149 318
511 486
74 167
69 134
362 493
359 494
78 139
81 26
79 140
100 297
64 173
91 260
135 334
54 105
100 281
69 174
301 462
109 284
64 71
87 4
306 471
97 264
492 505
53 106
349 474
415 500
217 404
228 399
221 402
487 510
244 391
276 447
65 122
98 1
81 228
155 358
75 166
284 453
110 285
194 383
425 488
92 243
63 124
136 331
94 251
154 359
87 238
136 335
60 177
102 291
103 290
88 239
185 382
304 467
218 405
86 15
488 509
272 443
186 383
66 201
348 477
297 454
62 175
280 451
309 474
299 460
143 344
307 472
61 176
273 442
68 199
420 511
302 463
125 306
368 493
266 443
243 388
413 492
349 492
124 307
419 486
490 507
63 188
67 200
376 485
227 398
262 443
267 444
100 299
201 392
494 503
78 225
215 402
58 123
91 242
378 487
304 465
195 386
209 394
77 142
102 301
80 227
86 237
341 480
68 205
89 258
137 336
422 489
90 259
414 501
370 493
104 301
427 490
244 393
90 241
346 477
429 484
206 393
56 105
279 450
263 444
363 492
121 310
345 478
69 132
72 169
270 443
420 487
90 1
422 509
63 174
98 265
123 308
491 506
212 399
233 412
296 455
285 456
97 0
72 171
190 381
89 238
295 456
73 168
244 389
509 488
147 319
86 14
228 394
242 388
212 398
276 446
366 490
284 448
479 509
243 393
195 385
340 478
375 481
492 500
56 106
289 457
101 297
88 238
75 145
142 324
64 188
102 300
153 319
97 263
99 279
87 235
140 338
280 450
146 318
214 394
421 509
269 443
54 106
226 398
210 394
72 170
78 142
64 122
417 489
272 442
205 393
100 280
138 336
415 501
213 399
376 484
265 443
136 332
110 284
284 454
90 258
490 506
429 485
274 442
87 5
244 392
71 135
64 70
135 333
73 169
91 259
96 0
68 200
267 443
504 488
94 252
293 457
305 467
220 402
80 226
79 139
55 105
121 311
214 400
375 485
430 484
263 443
221 401
424 488
202 392
190 380
279 449
308 472
158 356
345 479
78 138
61 177
488 508
273 441
302 462
111 283
68 204
102 292
341 479
362 492
294 456
360 494
66 202
291 457
486 510
65 189
304 466
63 123
87 237
426 490
74 146
228 398
416 502
152 318
419 487
427 491
369 493
494 502
491 505
103 291
98 264
75 167
343 477
90 238
215 401
493 501
136 334
370 492
91 1
298 452
287 457
286 456
217 403
137 331
92 0
233 413
218 404
348 474
144 324
90 240
62 176
66 188
104 300
378 486
124 306
235 417
199 389
420 510
418 508
155 359
95 251
79 225
342 478
216 402
74 168
63 57
100 296
363 489
101 295
508 488
511 485
149 319
301 461
419 509
120 312
414 492
377 485
363 491
69 175
223 399
348 476
213 397
140 340
138 328
81 227
234 412
274 440
123 307
97 1
309 473
92 242
243 389
91 241
227 397
59 123
423 489
376 480
69 133
306 468
307 471
290 458
76 144
67 201
268 444
101 299
300 460
204 392
103 301
425 489
266 442
416 500
70 134
68 174
296 454
70 132
350 492
491 499
81 25
275 439
67 203
186 382
63 175
292 456
225 399
144 344
347 477
195 383
137 335
82 228
65 173
416 501
143 324
417 490
271 442
285 454
123 306
303 462
216 401
92 241
363 490
345 480
102 297
282 449
64 69
490 499
77 144
139 326
275 440
430 485
375 482
419 488
91 240
210 393
91 258
490 505
72 135
139 328
213 394
228 393
146 345
348 475
103 292
139 336
267 442
93 260
229 394
144 323
149 344
69 200
277 446
75 172
141 340
137 334
63 122
92 1
213 396
86 13
213 398
74 147
351 492
220 401
78 137
417 502
67 174
140 337
98 263
205 392
227 396
283 448
295 454
362 489
347 476
275 442
100 279
511 484
76 145
102 295
225 398
264 443
480 509
291 456
303 458
189 380
235 412
150 319
341 478
65 188
369 492
195 384
234 413
55 106
276 445
96 1
62 177
307 470
485 510
488 507
376 483
288 457
75 146
121 312
276 439
65 68
302 461
63 58
280 449
90 239
241 388
242 389
68 203
268 443
370 491
215 400
69 204
74 169
81 226
152 319
202 391
418 507
273 440
217 402
376 481
361 492
377 484
492 501
144 343
505 488
79 224
146 321
367 490
145 322
88 5
263 442
224 399
64 121
506 487
149 320
71 134
420 509
344 475
366 489
342 477
219 402
140 327
138 331
504 487
61 178
362 491
95 252
491 504
63 176
301 460
243 392
101 296
95 0
75 168
493 502
88 235
101 294
64 187
99 264
138 335
290 457
142 325
479 508
507 488
223 398
111 282
360 493
145 318
187 382
103 300
64 57
214 395
71 132
272 441
286 455
424 489
297 452
69 176
104 291
65 174
78 143
305 466
309 472
81 24
145 344
425 490
156 359
68 201
68 175
236 417
159 356
486 509
145 326
274 441
378 485
110 283
136 333
306 467
82 227
199 388
138 329
70 133
73 170
218 403
67 202
426 491
74 171
92 259
343 476
226 397
228 397
235 418
489 506
59 122
368 491
221 400
146 319
93 0
144 325
492 503
102 299
418 503
375 484
293 456
79 138
196 385
82 141
415 492
237 416
88 237
296 452
103 295
489 505
139 331
94 262
484 510
271 441
79 137
94 0
89 5
137 333
268 442
106 290
100 264
93 261
63 121
220 400
418 490
351 491
235 413
430 486
143 323
92 258
62 122
141 325
272 440
81 137
275 441
138 334
146 322
83 141
504 486
416 492
281 449
102 296
122 306
346 480
93 1
147 345
419 507
235 415
138 326
87 13
217 401
81 139
214 396
69 201
147 321
378 484
345 475
66 174
94 260
229 395
211 393
60 122
362 490
241 387
91 239
199 387
227 393
293 455
492 502
76 172
92 2
419 489
140 336
511 483
304 458
341 477
419 503
80 224
83 227
367 489
282 448
81 225
277 445
507 487
63 177
214 398
152 320
95 253
215 399
242 392
219 401
111 281
81 23
74 148
76 146
145 327
229 397
490 500
73 135
481 509
139 329
241 389
149 321
103 299
64 58
302 460
104 292
123 311
145 321
122 312
486 508
96 252
146 320
418 504
72 134
224 398
82 226
105 291
309 471
196 384
66 68
71 133
212 394
202 390
68 176
377 483
276 440
215 395
347 475
78 136
267 441
491 501
236 418
227 395
360 492
76 168
96 2
424 490
237 419
82 142
218 402
288 456
308 470
426 492
189 379
145 343
150 320
78 144
59 121
487 507
55 107
374 482
151 319
371 491
144 326
64 176
420 508
92 240
368 490
291 455
102 294
264 442
352 492
62 178
491 503
237 417
65 187
78 148
146 344
210 392
103 293
295 453
69 203
375 483
141 327
93 259
278 446
303 459
74 170
377 481
142 340
101 279
307 467
159 357
480 508
138 332
159 361
68 202
95 1
417 501
205 391
490 504
140 326
65 69
303 461
425 491
505 487
145 317
279 447
149 345
157 359
160 356
225 397
75 171
286 454
373 481
148 320
287 455
290 456
99 263
510 484
343 475
111 279
70 204
187 381
236 416
61 179
77 147
149 343
369 491
140 328
110 282
75 169
88 236
307 469
306 466
65 58
238 417
138 333
151 320
212 393
361 490
294 453
215 396
160 361
332 479
96 259
69 202
100 263
62 63
352 491
371 490
83 142
140 329
419 490
419 506
144 317
62 179
342 475
145 328
146 343
161 356
146 347
81 224
279 446
60 121
188 379
111 280
424 491
219 400
76 147
287 454
93 258
81 136
82 137
147 344
216 399
489 500
83 226
147 322
487 506
95 260
105 292
187 380
62 121
242 391
286 453
507 486
74 135
159 360
139 334
488 505
379 480
160 357
205 390
70 189
309 470
95 2
288 455
90 5
351 490
505 486
122 313
277 440
374 483
96 253
290 455
263 440
378 481
372 481
303 460
103 296
63 178
73 134
270 441
486 507
95 262
189 378
267 440
76 71
360 491
140 325
418 501
490 503
94 261
79 136
481 508
78 147
504 485
226 393
124 311
510 453
82 139
158 359
106 291
199 386
59 108
75 170
241 390
81 22
417 492
78 145
308 469
215 398
92 3
93 2
210 391
105 282
425 492
237 418
306 465
218 401
142 339
484 509
430 487
84 227
235 414
66 69
65 176
140 331
281 448
304 459
79 148
347 480
509 484
149 346
239 416
271 440
224 397
341 476
420 489
419 502
280 447
229 396
148 343
106 283
89 236
110 281
238 419
511 482
211 392
490 501
485 508
420 503
203 390
72 133
144 321
80 137
145 320
141 328
226 395
103 298
426 493
102 279
93 240
416 493
94 1
137 326
236 415
509 478
67 176
217 400
276 441
307 466
59 120
92 239
150 321
84 141
103 294
418 505
140 335
58 107
76 171
148 321
264 441
491 502
373 482
110 279
143 322
83 140
75 148
277 444
87 12
198 385
107 290
368 489
480 507
296 451
144 327
293 454
81 138
369 490
147 346
71 204
345 474
65 186
479 506
76 169
55 108
417 494
378 483
77 146
197 384
420 507
346 475
66 175
123 312
62 181
138 325
268 441
121 306
146 323
241 386
63 120
510 483
152 321
66 176
332 478
62 180
242 386
142 328
338 480
420 490
294 452
144 328
507 485
73 133
140 330
83 143
58 108
93 3
482 508
277 441
281 447
140 332
90 234
74 72
139 333
109 279
216 396
290 454
205 389
230 396
161 357
420 504
490 502
140 324
86 142
240 416
123 313
360 490
76 148
160 358
510 478
63 179
238 418
423 491
148 346
241 413
210 390
270 440
483 509
82 224
143 321
143 339
63 101
77 169
105 281
104 296
74 134
94 240
82 138
215 397
486 504
77 171
95 259
262 440
268 440
371 489
76 70
484 508
269 441
197 383
161 361
431 487
420 506
288 454
351 489
83 225
90 6
85 141
59 107
486 506
239 415
60 120
372 482
218 400
159 359
333 479
244 384
186 378
148 322
369 489
346 474
348 480
198 384
309 469
239 417
75 71
65 59
212 392
481 507
187 379
271 439
72 204
107 283
418 492
287 453
95 3
124 312
241 385
373 483
76 170
224 396
100 262
107 291
236 414
65 185
64 178
419 501
289 455
84 140
489 501
352 490
94 258
240 390
226 394
188 378
417 493
304 460
62 120
508 484
480 506
67 69
121 305
510 454
83 139
425 493
379 483
424 492
58 106
79 135
71 203
59 109
359 491
72 72
511 479
293 453
488 504
147 347
280 446
57 107
295 451
70 190
509 477
277 443
94 2
106 282
70 202
241 391
105 293
419 505
147 343
84 226
160 360
511 481
146 324
63 181
487 505
509 453
93 239
244 382
479 505
211 391
225 395
142 336
141 331
104 298
306 464
510 482
150 322
80 136
310 470
143 317
96 260
63 63
151 321
485 507
144 320
199 385
142 338
505 485
380 480
217 399
141 323
79 147
203 389
71 189
62 64
243 385
138 324
216 398
56 108
278 444
104 294
110 280
61 101
149 323
82 22
163 355
419 491
146 348
239 419
106 292
79 145
379 481
264 440
136 326
102 278
90 236
418 494
307 465
78 146
305 459
143 327
240 414
378 482
341 475
140 334
95 261
418 500
97 253
88 12
84 142
93 238
240 413
66 177
89 234
210 389
337 480
73 132
204 389
74 133
278 443
161 358
489 502
483 508
66 185
244 383
73 188
87 138
484 507
60 103
94 3
352 489
481 506
64 63
240 417
151 322
68 69
95 258
506 485
77 170
146 341
143 328
84 225
351 488
62 119
346 473
87 142
58 109
199 384
66 61
63 180
147 342
88 233
509 482
91 6
239 414
198 383
225 394
75 70
83 144
243 382
264 439
84 139
223 396
137 324
238 415
83 138
262 439
73 72
218 399
420 491
141 332
294 451
105 294
105 298
60 119
146 325
107 292
213 392
212 391
140 333
242 413
187 378
488 503
62 101
510 477
281 446
243 384
479 504
65 184
252 425
65 62
94 241
142 329
186 377
73 204
485 506
270 439
147 324
239 390
224 395
80 147
287 452
72 71
310 469
505 484
88 11
335 480
147 348
422 491
487 504
144 319
421 504
277 442
340 475
104 297
232 397
83 224
240 391
90 235
161 360
84 143
136 325
419 500
359 490
338 479
83 22
141 330
510 481
124 313
96 255
217 398
371 488
96 261
486 505
371 482
379 482
373 486
80 135
242 385
201 386
431 488
140 323
349 480
86 141
480 505
98 253
369 488
231 396
125 312
289 454
71 202
57 108
74 71
261 440
305 460
309 468
94 257
293 452
95 240
163 356
143 336
106 281
200 385
307 464
239 418
57 116
333 478
211 390
334 479
148 323
269 440
150 323
222 397
148 347
76 149
66 59
164 355
511 478
421 506
142 337
507 484
197 382
90 7
61 102
100 261
143 318
109 280
380 481
373 484
241 414
424 493
97 254
79 146
63 64
160 359
370 489
105 280
65 60
107 282
162 361
144 339
511 480
381 480
420 505
120 305
71 190
353 488
217 396
372 483
418 493
509 454
63 102
141 322
162 357
142 321
123 314
510 455
216 397
217 390
59 106
64 179
292 453
240 415
237 414
102 277
87 139
99 261
307 463
107 281
485 505
232 396
293 451
87 141
149 325
431 489
309 463
288 452
372 486
336 480
86 18
370 488
67 61
164 356
380 482
507 483
96 240
350 480
242 384
241 415
107 293
70 70
105 297
142 330
354 488
509 455
224 394
66 178
238 414
291 453
199 383
372 484
97 261
73 189
201 385
106 280
213 391
241 417
60 104
282 446
354 490
95 257
161 359
144 338
506 484
265 439
338 478
106 294
136 324
216 390
146 340
279 443
140 322
218 398
57 109
162 360
217 397
422 492
483 507
66 62
358 490
61 119
289 453
66 184
92 8
75 151
163 357
143 335
511 477
339 475
371 483
58 116
66 60
88 232
84 144
97 255
223 395
335 479
510 456
306 460
104 278
119 305
74 132
310 468
221 397
151 323
243 383
508 482
148 324
59 105
263 437
91 7
198 382
87 137
75 203
72 190
62 102
74 188
120 304
65 179
253 425
222 396
269 439
85 225
209 387
148 348
294 450
72 202
84 138
86 140
150 324
339 477
420 500
88 10
106 298
270 438
64 180
89 11
65 183
488 502
334 478
57 115
76 150
142 320
423 493
96 256
234 396
421 505
251 425
261 439
353 489
64 64
98 254
83 23
105 295
238 390
381 481
241 419
147 325
103 277
85 143
143 319
341 473
186 376
373 485
65 63
420 492
92 236
125 313
71 191
89 233
147 341
66 66
142 332
69 69
204 388
211 389
240 392
239 413
237 413
105 279
94 4
233 397
74 70
154 324
84 224
240 418
510 476
212 390
480 504
137 323
143 337
422 506
242 414
80 134
346 472
124 314
91 235
80 146
93 237
141 333
278 442
95 239
143 329
481 505
239 393
217 391
78 170
61 103
510 480
68 68
487 503
108 280
262 438
187 377
95 241
482 506
351 487
73 71
73 203
419 493
202 386
151 324
67 66
241 418
269 438
203 386
282 445
84 25
83 136
143 330
86 21
70 69
58 115
209 386
334 477
154 325
242 383
216 389
73 190
336 479
431 490
487 502
214 391
126 313
83 134
153 324
139 322
106 295
57 114
423 506
88 137
481 504
96 257
62 103
484 505
350 481
293 450
482 505
103 276
354 489
210 387
339 476
350 485
372 485
215 390
308 463
265 438
136 323
510 457
92 7
87 136
289 452
355 490
96 239
57 110
147 326
66 65
147 340
381 482
69 68
85 224
222 395
162 359
254 423
200 383
88 139
352 487
201 384
74 189
74 131
60 105
341 472
119 304
86 225
93 236
93 8
61 118
430 489
87 18
89 10
337 478
371 484
68 67
142 319
79 170
143 334
253 424
345 472
163 358
85 144
164 357
144 337
239 392
264 437
75 202
66 183
140 321
67 60
509 456
81 134
250 425
291 452
84 137
187 376
106 297
73 202
75 152
311 468
149 326
149 348
212 389
242 417
148 325
82 135
67 178
233 398
509 480
259 436
221 396
107 280
238 391
65 180
242 415
74 69
266 439
87 140
107 294
89 232
420 493
66 63
342 473
511 476
262 437
94 5
142 333
510 475
420 499
261 438
64 115
84 145
81 146
242 419
216 391
198 381
104 277
238 413
86 137
125 314
107 264
351 480
218 397
88 231
237 412
204 387
306 461
137 322
422 493
76 151
483 506
235 396
233 396
65 64
71 70
91 12
73 70
309 462
224 393
105 278
370 487
93 6
238 393
506 483
141 320
63 116
279 442
135 322
118 305
210 383
85 28
168 369
507 482
357 490
84 23
422 505
234 397
511 460
98 255
86 17
338 477
281 444
255 424
257 424
508 481
74 203
500 491
310 467
96 241
72 191
143 332
248 423
98 261
92 235
237 391
68 60
283 445
250 424
487 501
352 480
211 383
506 482
152 324
421 493
506 480
95 5
62 104
89 137
508 480
234 398
511 475
224 392
63 115
85 27
86 224
500 490
423 505
153 325
280 442
106 296
381 483
486 502
352 486
86 144
86 28
74 130
253 423
135 321
145 337
215 389
79 169
239 395
241 383
74 68
507 481
201 383
335 477
511 461
355 489
327 477
87 21
67 179
107 279
237 411
209 385
72 192
164 358
254 422
371 485
261 437
204 386
237 395
265 437
163 359
166 364
87 17
63 117
500 488
422 494
61 105
282 444
57 113
292 448
119 303
147 327
350 484
73 191
150 348
205 387
138 322
482 504
342 472
511 459
209 383
289 451
338 476
85 137
509 457
499 491
351 481
247 423
266 438
89 139
107 263
188 376
420 498
508 456
88 140
248 422
246 422
207 387
98 256
127 313
290 452
64 116
336 478
219 397
66 64
149 349
93 235
57 111
84 136
73 201
105 277
143 333
256 424
166 366
291 451
106 264
141 319
103 237
83 135
235 395
75 189
136 322
221 395
264 436
140 320
86 136
249 423
292 450
307 461
85 145
483 505
238 412
82 134
211 387
216 392
281 443
67 183
62 116
107 295
199 381
89 141
97 239
144 330
187 375
308 462
94 6
92 12
255 423
84 146
370 486
214 390
168 368
337 477
235 397
71 127
233 399
310 466
104 276
351 485
90 10
259 435
343 473
212 388
58 114
268 438
147 339
88 20
382 482
344 472
96 236
67 63
223 393
334 476
98 260
208 386
260 436
106 278
257 423
78 150
220 396
88 230
66 180
242 418
118 304
238 392
430 490
169 369
94 8
85 25
194 378
89 231
357 489
74 202
96 238
146 338
93 7
149 327
97 257
469 511
91 11
165 357
84 220
202 384
126 314
107 297
61 117
97 241
86 22
72 194
67 65
293 449
82 146
144 332
148 326
73 69
75 201
151 325
233 395
89 225
84 24
87 225
69 67
370 484
76 152
243 415
71 69
311 467
328 477
344 471
147 338
75 190
82 133
86 219
102 237
84 221
152 325
87 134
261 436
249 422
219 396
91 10
223 392
87 22
118 303
285 444
68 65
73 68
60 115
468 511
74 201
85 26
267 438
90 141
241 382
213 388
96 237
87 16
90 137
97 242
243 416
283 444
213 382
216 393
149 328
421 494
84 135
357 488
64 117
73 194
93 234
235 394
335 476
470 511
98 241
215 388
107 262
165 358
382 483
202 383
420 497
482 503
510 459
139 320
204 385
343 472
507 480
78 151
68 183
153 326
127 314
291 448
350 483
97 238
237 410
511 474
73 192
189 376
75 200
98 259
164 359
71 126
203 384
353 486
88 133
85 24
136 321
71 68
246 421
89 226
237 396
506 481
212 387
342 471
265 436
147 328
141 318
244 419
291 450
238 395
96 5
77 152
92 11
105 276
144 333
93 12
236 393
238 411
80 149
74 129
193 378
88 19
68 59
510 461
97 258
509 458
211 384
311 466
83 146
236 397
169 368
336 477
86 27
220 395
95 236
248 421
97 236
98 257
206 387
89 136
57 112
214 389
88 15
222 393
89 142
499 490
88 17
140 319
76 153
187 374
210 385
337 476
150 349
90 225
345 470
508 457
119 302
90 21
500 487
108 297
72 193
102 239
151 348
486 501
107 278
370 485
201 382
200 381
138 321
73 200
255 420
424 501
62 105
61 116
209 384
94 7
89 140
67 180
327 476
260 435
85 220
233 394
145 336
331 476
192 377
326 475
485 502
208 383
94 235
237 392
72 127
95 6
352 485
89 228
87 224
101 240
429 490
90 231
266 437
255 422
72 69
96 235
484 503
292 449
168 367
103 238
381 484
243 418
167 366
70 67
82 149
86 145
487 500
352 481
290 451
82 147
88 21
423 504
207 386
59 114
106 265
166 365
87 146
85 136
240 395
500 489
250 423
256 423
356 489
86 135
308 461
107 296
247 422
79 150
148 327
80 169
167 364
234 399
62 115
483 504
105 274
58 113
194 377
252 423
333 476
144 331
146 337
67 64
86 23
281 442
89 230
212 383
87 133
139 319
467 511
110 296
487 499
108 278
71 67
59 113
87 223
68 64
74 192
238 410
239 411
236 392
234 394
329 477
140 318
86 220
61 115
106 262
89 229
326 474
353 485
511 473
86 26
90 142
73 127
192 376
343 471
106 276
148 328
98 258
382 484
325 473
234 400
264 434
167 365
323 473
214 382
98 238
484 502
483 503
75 191
335 475
345 469
203 383
90 228
508 476
508 458
118 302
88 132
211 385
101 239
201 381
369 485
73 193
282 442
90 20
344 470
244 416
505 481
213 387
337 475
247 421
191 377
89 19
85 135
285 443
81 149
252 422
87 219
208 384
97 237
72 68
145 333
89 135
140 316
188 374
60 114
92 10
150 328
138 320
68 182
429 491
332 476
212 384
241 395
507 477
482 502
353 481
99 241
86 24
207 385
91 21
422 498
90 230
63 105
194 376
311 465
330 476
83 147
424 504
202 380
90 226
356 488
80 150
222 392
206 386
425 501
96 6
85 221
78 152
108 0
342 470
283 443
68 180
308 460
165 359
357 487
91 137
82 132
235 393
71 125
253 421
67 181
236 398
235 399
219 395
82 148
108 296
75 127
214 388
98 236
70 66
240 382
256 422
88 16
168 366
510 462
217 393
507 479
87 147
255 419
237 409
265 435
324 472
189 375
147 337
88 224
145 331
76 190
151 349
77 153
89 21
80 168
193 377
89 15
65 117
58 112
164 360
79 167
261 435
251 423
106 266
151 327
128 314
244 418
74 200
152 326
421 495
102 238
85 165
237 397
95 235
94 12
74 128
117 303
86 134
254 420
69 59
245 419
291 449
470 510
502 474
240 396
88 22
152 350
145 335
352 484
213 383
212 386
95 7
77 191
107 277
238 396
256 418
205 385
81 169
333 473
136 320
93 233
100 240
336 476
86 146
263 435
256 416
290 450
98 242
105 275
169 367
327 475
106 274
246 420
73 67
383 483
469 509
260 434
486 500
420 496
499 489
69 65
509 459
468 510
267 437
501 487
153 327
249 421
173 365
424 500
351 483
90 140
284 444
218 394
74 127
469 508
260 433
98 7
241 396
74 199
110 295
504 481
65 118
325 472
152 349
106 261
85 134
502 475
71 124
86 147
69 182
255 416
238 397
109 296
147 336
101 260
107 266
130 313
234 401
510 463
486 499
356 487
81 150
332 473
74 193
239 410
139 318
87 26
508 459
83 148
93 230
77 154
191 376
78 153
254 419
87 222
393 484
86 221
265 434
98 237
107 274
75 128
353 484
189 374
90 135
93 138
328 475
255 418
283 442
503 482
129 314
353 482
140 317
239 382
91 226
77 192
72 67
88 223
240 397
507 476
322 473
214 387
508 475
219 394
91 140
235 400
107 276
466 511
116 303
503 474
249 420
87 220
165 360
506 477
192 375
426 501
221 392
90 15
241 398
202 379
89 18
333 474
148 329
70 65
383 484
334 473
238 409
290 449
86 133
99 242
70 59
76 129
89 16
193 376
89 22
87 24
169 366
262 435
150 329
95 12
204 383
483 502
139 316
73 126
99 258
101 238
206 385
94 233
195 376
64 105
137 320
507 458
237 408
511 472
470 509
312 465
108 277
109 0
60 113
96 7
234 393
212 385
510 465
256 417
92 139
73 198
267 436
138 319
352 483
145 334
344 469
326 473
190 375
487 498
73 124
93 232
148 337
76 191
335 474
343 470
81 132
151 328
106 275
502 485
482 501
425 504
59 112
91 136
75 192
168 365
100 239
90 229
218 393
81 168
220 393
152 327
69 64
251 422
201 380
506 457
308 459
213 384
242 395
422 497
174 365
421 496
173 364
80 167
368 485
61 114
235 392
329 476
311 464
90 227
107 0
80 151
153 350
498 489
266 435
207 384
256 421
94 11
319 472
357 486
95 234
91 142
247 420
471 508
117 302
336 475
246 419
253 420
85 164
84 165
263 434
194 375
245 416
100 241
510 473
146 331
367 486
91 20
252 421
284 443
332 475
429 492
501 486
424 499
93 10
245 418
507 478
237 398
214 383
254 415
79 166
68 181
87 132
468 509
423 498
323 472
422 496
246 418
150 330
80 166
425 505
146 332
483 501
502 484
151 329
92 140
175 361
152 328
90 18
254 416
80 152
425 499
92 230
237 407
86 132
70 64
508 474
262 434
505 477
508 460
320 472
319 471
288 448
74 126
90 16
510 472
506 478
505 457
329 475
95 233
83 215
169 365
464 510
358 486
268 436
507 475
103 1
353 483
220 392
242 396
81 167
510 464
94 138
196 376
80 154
486 498
239 409
501 485
424 498
85 147
100 258
235 403
250 420
472 508
172 364
312 464
89 223
131 315
467 509
175 365
261 433
88 26
76 128
64 106
147 331
257 421
284 442
321 473
105 261
73 125
116 302
503 481
130 314
252 420
366 486
357 485
190 374
93 231
194 374
101 259
153 349
84 148
138 318
66 118
102 260
69 181
328 474
214 386
195 375
72 66
234 392
235 401
131 313
107 275
93 139
78 154
392 484
81 131
356 486
242 398
338 472
308 458
383 485
75 193
100 242
87 221
146 334
138 316
72 124
426 500
91 135
137 319
73 197
76 192
332 474
245 417
313 465
322 472
191 375
255 417
70 182
502 482
509 465
201 379
206 384
78 192
193 375
327 473
99 243
498 488
240 398
96 8
77 155
213 385
205 383
99 237
289 449
97 7
88 222
108 2
85 133
506 458
61 113
79 165
204 382
139 317
367 485
95 9
71 59
74 198
251 421
59 111
109 1
81 151
77 193
100 238
326 472
219 393
334 472
336 474
239 383
236 400
266 434
267 435
107 1
429 493
109 277
393 483
469 507
192 374
94 232
77 129
89 23
253 415
92 142
108 266
468 508
109 295
283 441
214 384
88 24
117 301
238 408
470 508
98 8
503 475
91 133
509 473
235 391
94 10
166 360
241 397
91 15
154 350
507 459
148 330
84 164
343 469
247 419
91 19
91 229
95 11
253 419
504 476
148 336
238 398
234 402
466 510
106 0
91 227
81 166
356 485
109 276
167 360
102 259
392 483
109 294
236 403
242 397
60 111
358 485
147 332
214 385
337 472
501 484
138 317
84 163
322 471
321 472
247 418
204 381
103 2
336 473
132 315
206 383
154 349
137 318
78 193
508 461
89 24
190 373
72 123
78 155
175 364
91 134
92 15
77 204
100 257
82 151
74 125
90 17
505 478
509 464
109 266
95 232
239 398
131 314
92 135
92 133
251 420
171 364
497 488
465 510
90 223
506 459
117 300
329 474
219 392
81 152
100 237
467 508
84 215
107 2
238 407
112 261
94 231
246 417
95 10
61 112
78 129
464 509
235 402
472 507
151 330
238 383
423 496
237 400
149 330
503 456
80 131
234 391
114 299
156 347
504 475
507 474
104 261
284 441
500 485
313 464
393 482
289 448
74 195
97 138
175 360
194 373
191 374
238 399
116 301
429 494
73 196
240 409
93 140
148 335
260 421
176 365
78 51
109 2
76 193
92 227
89 222
248 419
65 106
253 416
108 275
335 472
155 350
470 507
254 417
320 471
233 392
287 446
468 507
197 376
88 221
509 472
74 197
71 60
354 483
328 473
201 378
82 165
331 474
95 138
508 473
504 457
195 374
288 447
77 156
486 497
89 26
424 497
503 480
106 1
507 462
250 419
365 486
193 374
152 329
92 229
312 463
195 372
319 470
267 434
257 420
115 300
96 9
155 330
384 485
355 484
268 435
79 154
366 485
94 139
327 472
253 418
196 375
243 396
97 8
169 364
505 476
170 365
72 65
501 482
338 471
391 482
309 458
104 1
83 214
77 128
469 506
71 64
426 505
80 165
503 476
502 483
425 498
262 433
343 468
70 181
105 260
80 153
109 292
91 224
79 130
176 361
483 500
261 432
92 141
91 18
237 386
67 118
79 164
485 498
508 463
83 164
426 499
85 132
85 148
101 242
147 334
61 108
240 399
100 243
103 260
96 138
93 225
506 474
60 110
92 224
262 432
80 130
191 373
470 506
110 276
258 420
243 397
504 478
80 164
239 407
73 65
268 434
106 2
247 417
115 299
97 139
484 498
261 421
215 385
358 484
65 107
110 266
502 456
286 440
109 275
75 195
152 330
321 471
67 117
76 126
359 485
110 292
426 498
496 488
503 457
78 52
390 484
238 404
467 507
77 203
95 231
391 483
355 483
155 349
322 470
507 473
89 25
83 151
94 140
499 485
427 505
508 472
79 55
155 331
79 129
149 331
238 384
336 472
284 440
195 373
81 165
260 420
356 484
78 204
288 446
500 484
76 194
176 362
393 481
506 460
196 374
78 156
85 131
237 385
508 464
117 299
97 9
116 300
200 378
236 402
72 60
69 179
61 111
137 317
167 361
313 463
310 460
104 2
343 467
328 472
112 260
237 387
71 61
109 293
424 496
70 180
79 155
114 298
132 314
100 244
198 376
157 347
501 481
269 435
96 10
176 364
75 125
287 445
289 447
79 51
93 135
destination
