map
random512-35-1.map
pivot
506 66
agent & start
320 490
52 68
79 271
45 135
59 25
65 235
189 405
77 85
337 503
168 388
52 88
213 421
82 46
276 472
79 79
48 164
94 312
58 24
65 95
81 279
303 493
46 210
111 331
139 369
72 246
41 183
145 373
296 486
168 390
48 64
56 158
57 149
261 461
66 234
333 493
63 23
200 416
88 44
345 499
322 488
72 252
94 314
327 483
66 212
56 160
63 21
292 478
378 498
81 281
42 168
38 94
291 475
38 108
245 439
337 487
64 98
169 389
83 277
44 60
326 484
77 269
47 45
275 471
245 445
46 166
183 401
89 43
218 422
38 112
135 359
62 92
44 180
280 476
47 61
67 13
54 68
44 136
167 381
49 89
46 192
34 98
246 436
324 486
40 132
39 93
217 423
215 421
51 89
380 510
54 42
428 468
397 499
35 97
336 502
47 201
42 134
55 87
381 499
384 506
429 467
323 487
64 154
41 169
43 181
72 88
58 156
298 490
250 452
181 399
47 211
41 131
294 486
182 400
43 135
247 435
344 498
68 12
67 239
206 418
56 148
66 236
176 396
68 54
249 451
264 462
202 416
71 87
146 372
108 326
359 511
80 280
59 23
71 253
42 182
76 84
61 151
383 507
47 199
281 475
38 106
39 127
49 65
76 86
186 404
510 506
76 270
279 475
63 91
393 505
292 482
295 487
45 61
38 114
37 105
199 413
53 69
257 463
83 293
73 245
196 412
78 270
53 67
334 490
65 207
166 382
49 163
190 404
74 270
379 511
397 507
262 462
45 49
141 373
56 42
66 208
42 58
82 78
272 468
60 22
63 153
50 88
392 504
51 43
284 478
84 302
332 498
46 204
398 508
134 360
291 481
41 133
378 510
80 80
45 47
290 478
70 254
273 469
93 313
140 372
85 285
destination
