map
random512-15-5.map
pivot
231 245
agent & start
511 509
510 509
508 511
511 508
511 507
510 508
508 510
507 511
506 511
511 506
510 507
508 509
509 508
510 506
509 507
505 511
507 509
508 508
508 507
505 510
509 506
506 509
507 508
506 508
503 511
504 510
510 504
511 503
507 507
508 506
505 509
510 503
508 505
505 508
502 511
504 509
506 507
507 506
503 510
509 504
511 502
510 502
501 511
511 501
503 509
502 510
508 504
504 508
507 505
505 507
509 503
506 506
510 501
505 506
504 507
501 510
507 504
503 508
509 502
506 505
508 503
511 500
500 511
502 509
508 502
505 505
500 510
502 508
499 511
510 500
511 499
501 509
503 507
507 503
506 504
502 507
503 506
500 509
507 502
504 505
501 508
498 511
511 498
510 499
509 500
506 503
499 510
498 510
511 497
502 506
503 505
506 502
500 508
509 499
497 511
507 501
499 509
508 500
510 498
501 507
500 507
502 505
507 500
509 498
499 508
501 506
508 499
505 502
506 501
504 503
498 509
497 510
510 497
496 511
509 497
503 503
497 509
504 502
506 500
507 499
508 498
505 501
496 510
500 506
510 496
499 507
501 505
498 508
495 510
509 496
507 498
504 501
497 508
500 505
501 504
503 502
502 503
498 507
505 500
496 509
499 506
494 511
508 497
497 507
499 505
501 503
498 506
494 510
506 498
493 511
502 502
495 509
509 495
505 499
510 494
508 496
496 508
500 504
504 500
503 501
507 497
486 511
505 498
501 502
492 511
508 495
500 503
507 496
498 505
497 506
494 509
510 493
506 497
502 499
504 499
503 500
496 507
493 510
509 494
492 510
487 511
506 496
503 499
504 498
505 497
509 493
498 504
493 509
486 510
507 495
508 494
502 500
499 503
500 502
497 505
495 507
491 511
496 506
494 508
501 500
497 504
504 497
487 510
507 494
494 507
498 503
505 496
503 498
500 501
499 502
488 511
511 490
508 493
496 505
493 508
495 506
509 492
490 511
492 509
506 495
498 502
507 493
511 489
503 497
497 503
505 495
510 490
508 492
491 509
510 0
504 496
490 510
489 511
495 505
488 510
493 507
499 501
492 508
487 509
500 500
494 506
511 488
510 1
496 503
507 492
509 490
498 501
509 0
494 505
489 510
495 504
491 508
506 493
504 495
510 489
499 500
492 507
493 506
501 498
497 502
503 496
488 509
502 497
508 491
489 509
493 505
509 489
500 498
499 497
492 506
508 0
510 2
495 503
508 490
510 486
511 487
491 507
499 499
496 502
510 488
503 495
507 491
502 496
511 3
504 494
498 500
490 508
505 493
494 504
501 497
506 492
497 501
503 494
491 506
507 490
489 508
499 498
509 488
508 489
504 493
500 497
511 486
501 496
492 505
509 2
510 487
508 1
510 3
506 491
511 4
497 500
490 507
510 485
498 499
507 0
495 502
505 492
494 503
498 498
494 502
503 493
506 0
511 5
509 3
509 487
491 505
497 499
510 4
500 496
504 492
501 495
496 500
511 485
506 490
507 1
492 504
505 491
502 494
493 503
489 507
495 501
507 489
490 506
508 488
508 2
490 505
509 4
504 491
497 498
495 500
507 2
503 492
505 0
501 494
511 484
506 489
502 493
496 499
492 503
511 6
500 495
489 506
506 1
494 501
508 487
507 488
510 5
488 507
505 490
493 502
496 498
507 3
509 5
507 485
490 504
495 499
508 486
501 493
505 489
488 506
510 6
511 483
507 487
504 0
489 505
483 511
505 1
494 500
508 4
500 494
502 492
506 2
499 493
487 507
497 497
511 7
493 501
504 490
491 503
492 502
503 491
510 7
509 484
503 490
504 489
505 488
507 4
488 505
507 486
505 2
498 493
498 495
510 483
482 511
507 484
503 0
500 493
508 485
506 3
497 496
496 497
508 5
483 510
504 1
491 502
487 506
511 482
502 491
495 498
489 504
511 8
501 492
486 507
506 487
509 6
493 500
484 508
511 9
492 500
500 492
502 490
508 484
505 3
503 489
510 8
509 483
511 481
507 5
490 502
508 6
501 491
502 0
493 499
505 487
482 510
504 2
503 1
488 504
486 506
504 488
487 505
491 501
506 4
483 509
481 511
497 495
494 498
510 482
495 497
498 494
496 496
506 486
501 0
508 483
493 498
496 495
505 486
486 505
511 10
489 502
506 5
497 494
510 9
502 489
509 8
501 490
491 500
481 510
483 508
503 2
505 4
482 509
485 506
508 7
504 3
503 488
504 487
511 480
494 497
490 501
484 507
507 6
510 481
488 503
500 491
492 499
508 482
490 500
491 499
510 10
492 498
500 490
511 11
509 481
506 6
503 487
510 480
504 486
502 2
486 504
505 5
508 8
484 506
499 491
494 496
489 501
501 489
488 502
504 4
511 479
502 488
483 507
503 3
496 494
500 0
482 508
505 485
501 1
487 503
480 510
509 9
495 495
481 509
479 511
485 505
488 501
490 499
510 11
500 485
481 508
506 7
505 6
503 4
491 498
499 0
498 491
495 494
500 489
489 500
507 482
502 487
509 480
482 507
478 511
485 504
496 493
504 5
483 506
501 486
499 490
480 509
486 503
501 2
510 479
479 510
500 1
507 8
503 486
494 495
493 496
502 3
492 497
509 10
508 9
501 488
504 485
487 502
484 505
508 481
482 506
511 13
508 10
494 494
501 485
499 489
509 479
504 484
480 508
509 11
510 12
491 497
483 505
506 482
508 480
497 491
507 481
489 499
485 503
503 5
502 486
500 486
499 1
496 492
507 9
477 511
500 2
501 3
479 509
505 7
486 502
500 488
492 496
503 485
487 501
511 477
495 493
488 500
501 487
502 4
478 510
481 507
504 6
484 504
506 9
511 476
510 13
478 509
483 504
484 503
509 12
498 1
502 5
497 490
480 507
507 480
503 484
487 500
507 10
502 485
500 3
486 501
498 489
491 496
508 479
503 6
482 505
479 508
499 488
508 11
494 493
505 482
505 8
497 0
509 478
504 7
477 510
506 481
481 506
510 477
499 2
488 499
500 487
499 486
511 14
493 494
492 495
495 492
495 491
482 504
499 487
490 496
508 478
479 507
507 479
500 4
503 7
511 15
480 506
510 14
496 490
498 488
476 510
501 5
505 481
506 480
496 0
506 10
477 509
494 492
510 476
504 8
483 503
487 499
504 482
493 493
503 483
505 9
502 484
497 1
509 13
511 475
499 3
509 15
486 500
509 477
507 11
498 2
484 502
491 495
508 12
492 494
481 505
487 498
502 483
507 12
505 480
480 505
508 477
478 507
490 495
506 479
500 5
495 0
486 499
497 2
495 490
484 501
499 4
489 496
503 8
476 509
508 15
481 504
503 10
509 16
493 492
504 481
510 15
477 508
508 13
504 9
496 1
479 506
507 478
502 7
485 500
501 6
491 494
511 474
482 503
496 489
510 475
511 16
506 11
509 476
488 497
503 482
498 487
475 510
505 10
497 3
507 15
499 5
506 12
485 499
507 477
505 11
504 10
480 504
498 4
511 17
495 489
510 474
486 498
500 6
502 482
483 501
490 494
511 473
474 510
487 497
508 14
479 505
475 509
489 495
502 10
501 483
501 7
494 490
503 9
496 488
491 493
477 507
495 1
494 0
484 500
497 487
502 8
478 506
493 491
504 480
507 13
503 481
508 476
510 16
509 475
481 503
476 508
488 496
492 492
506 478
473 510
503 480
508 475
502 481
511 472
493 490
501 10
477 506
507 476
494 489
477 504
497 4
494 1
510 17
472 511
499 6
506 477
502 9
506 15
511 18
497 486
493 0
487 496
507 14
504 11
496 3
476 507
486 497
491 492
490 493
485 498
489 494
496 487
495 488
479 504
474 509
480 503
504 479
500 7
483 500
506 13
478 505
501 482
509 474
495 2
482 501
505 12
498 485
481 501
486 496
495 3
510 472
494 2
505 477
504 478
501 9
494 488
474 508
507 475
508 474
490 492
477 505
509 473
499 7
487 495
500 8
504 12
479 503
473 509
485 497
502 480
495 487
491 491
497 485
476 506
503 479
483 499
472 510
498 6
501 481
488 494
498 484
506 14
497 5
511 471
493 1
482 500
511 19
471 511
478 504
496 486
496 4
493 489
510 18
492 490
475 507
500 9
499 8
476 505
510 471
492 1
494 487
509 472
498 483
499 482
497 6
485 494
511 20
471 510
503 12
481 500
494 3
504 477
488 493
504 13
473 508
472 509
493 488
498 7
483 498
485 496
511 470
505 476
510 19
496 485
508 473
474 507
478 503
493 2
489 492
505 14
491 490
495 4
506 475
486 495
501 480
487 494
503 478
500 481
496 5
470 511
507 474
502 479
482 499
495 486
484 496
500 480
478 502
507 471
507 473
494 486
499 9
482 498
475 505
481 499
491 489
496 484
511 21
488 0
501 479
495 485
471 509
473 507
504 476
506 474
490 490
488 492
510 20
492 488
496 6
495 5
503 13
486 0
494 4
479 501
493 487
480 500
474 506
508 472
destination
