map
random512-15-7.map
pivot
500 497
agent & start
91 408
389 110
346 153
59 454
455 58
168 331
49 506
167 332
302 197
345 154
136 363
279 220
377 124
333 166
501 40
209 290
334 165
488 43
102 397
45 480
273 226
282 217
311 188
215 284
122 377
250 249
213 286
218 281
359 140
237 262
422 79
189 310
148 351
448 63
429 72
430 71
230 269
386 113
240 259
328 171
199 300
70 437
402 97
286 215
260 239
439 66
63 450
264 235
425 76
100 399
179 320
247 252
166 333
157 342
51 502
229 270
367 132
462 53
507 42
67 440
483 46
245 254
46 477
485 44
115 384
105 394
52 497
441 66
348 151
232 267
423 78
369 130
392 107
222 277
256 243
142 357
192 307
80 425
385 114
259 240
376 125
285 214
396 103
183 316
362 137
188 311
278 221
398 101
84 415
432 69
46 475
341 158
445 66
49 488
113 386
467 50
331 168
274 225
49 470
186 313
335 164
351 148
332 167
330 169
452 59
98 401
444 67
149 350
57 456
504 43
357 142
377 126
360 139
388 111
178 321
428 73
109 390
325 174
103 396
120 379
384 115
314 185
418 83
255 244
356 143
258 243
427 74
508 41
51 468
72 433
460 55
294 207
352 147
446 65
458 57
416 83
62 451
79 424
395 104
464 53
47 482
61 448
307 192
370 129
465 52
193 306
145 354
327 172
94 405
322 177
300 199
86 413
511 42
132 367
50 463
288 211
45 478
265 234
71 436
326 173
48 505
277 222
489 42
171 328
214 285
408 91
361 138
144 355
262 237
480 47
92 407
506 41
478 49
49 464
309 190
447 64
65 442
349 150
220 279
487 44
312 187
164 335
466 51
254 245
51 462
177 322
49 486
463 52
493 42
66 441
475 50
380 119
108 393
371 128
275 224
263 236
139 360
85 414
479 48
301 198
223 276
436 65
358 141
53 460
476 51
233 266
51 498
45 510
272 227
258 241
442 67
210 289
291 208
51 494
58 455
415 84
391 108
51 466
409 90
238 261
270 229
135 364
205 294
134 365
299 200
172 327
231 268
143 356
234 265
163 336
365 134
408 93
443 68
413 86
453 58
477 50
158 343
80 423
313 186
74 431
509 40
366 133
49 492
73 432
108 391
424 77
271 228
174 325
50 465
382 117
224 275
190 309
47 476
119 380
106 393
52 501
308 191
306 193
297 204
75 430
253 246
93 406
266 233
130 371
155 344
69 438
48 471
305 194
498 39
63 446
169 330
468 49
502 41
104 395
133 366
426 75
373 126
433 68
323 176
459 56
126 373
248 251
48 487
449 62
450 61
354 145
412 87
440 67
71 434
456 57
420 81
461 54
284 215
316 183
77 428
484 45
195 304
55 458
50 503
494 43
64 445
421 80
176 323
505 42
181 318
62 449
454 59
364 135
410 89
175 324
393 106
159 340
52 499
293 206
497 40
403 96
482 47
200 299
138 361
337 162
150 349
228 271
292 207
96 403
298 201
411 88
510 41
182 317
198 301
89 410
343 156
379 120
269 230
147 352
131 368
124 375
151 348
173 326
153 346
208 291
261 238
297 202
125 374
170 329
128 371
62 447
53 500
470 49
226 273
87 412
251 248
61 452
50 491
206 293
383 116
244 255
339 160
317 182
257 242
344 155
191 308
154 345
207 292
121 378
97 402
76 429
469 48
350 149
344 157
161 338
353 148
236 263
496 41
96 405
76 431
340 159
52 495
187 312
204 295
162 337
129 370
49 490
252 247
54 459
234 267
114 385
160 339
310 189
338 161
47 472
407 92
267 232
216 283
246 253
283 216
474 49
486 43
304 195
342 157
50 493
353 146
268 231
141 358
315 184
68 439
500 39
378 121
201 298
180 319
329 170
156 343
242 257
499 40
399 100
158 341
397 102
227 272
212 287
185 314
394 105
49 504
127 372
406 93
88 411
363 136
303 196
56 457
289 210
481 46
50 469
221 278
90 409
280 219
381 118
419 82
241 258
289 211
455 59
358 142
266 234
339 161
314 186
198 302
52 466
222 280
157 343
137 363
463 53
78 428
335 165
169 331
257 243
275 225
125 375
303 197
482 48
272 228
351 149
87 413
311 189
282 218
353 147
389 111
456 58
207 293
382 118
181 319
245 255
210 290
50 488
402 98
68 440
367 133
301 199
454 60
56 458
446 66
63 447
162 338
305 195
86 414
216 284
299 201
48 472
143 357
109 391
47 473
393 107
200 300
268 232
104 396
49 471
160 340
345 155
262 238
448 64
346 154
63 451
253 247
429 73
347 155
383 117
77 431
374 126
51 491
54 460
420 82
476 52
214 286
467 51
318 182
53 495
127 373
466 52
54 500
52 468
48 476
46 478
306 194
50 486
110 390
412 88
196 304
65 445
51 465
128 372
135 365
297 203
151 349
395 105
93 407
326 174
332 168
139 361
331 169
50 504
191 309
53 497
407 93
217 283
307 193
76 430
309 191
66 442
330 170
496 42
452 60
464 54
472 50
52 502
451 61
51 469
105 395
359 141
81 425
319 181
255 245
205 295
357 143
136 364
300 200
234 266
59 455
458 58
404 98
403 97
49 505
174 326
298 202
321 179
427 75
102 398
483 47
254 246
444 68
187 313
96 404
400 100
192 308
283 217
180 320
440 68
94 406
484 46
442 68
304 196
228 272
485 45
222 278
231 269
85 415
166 334
487 45
406 94
453 59
62 448
506 42
308 192
378 124
244 256
81 423
493 43
113 387
64 446
325 175
510 42
189 311
468 50
52 498
323 177
202 298
292 208
163 337
52 470
369 131
280 220
236 264
201 299
384 116
120 380
67 441
433 69
372 128
316 184
408 94
185 315
103 397
365 135
397 103
156 344
144 356
175 325
419 83
317 183
147 353
376 126
106 394
131 369
310 190
183 317
322 178
134 366
327 173
270 230
155 345
54 496
108 392
344 156
141 359
74 432
486 44
62 452
237 263
165 335
172 328
450 62
159 341
364 136
447 65
491 43
206 294
50 464
203 297
505 43
388 112
341 159
509 41
99 401
277 223
57 457
261 239
114 386
457 59
88 412
199 301
469 49
149 351
488 44
416 84
230 270
241 259
480 48
50 490
359 143
422 80
481 47
91 409
439 67
171 329
129 371
73 433
424 78
360 140
390 110
218 282
361 139
251 249
379 121
462 54
396 104
47 477
258 242
500 40
313 187
274 226
418 84
53 461
119 381
271 229
438 66
109 393
184 316
229 271
423 79
401 99
101 399
215 285
428 74
122 378
328 172
50 492
89 411
398 102
193 307
354 146
71 437
259 241
350 150
352 148
47 511
211 289
461 55
430 72
63 449
186 314
52 462
373 127
80 426
190 310
177 323
410 90
421 81
281 219
269 231
489 43
227 273
252 248
167 333
224 276
478 50
498 40
220 280
333 167
219 281
98 402
434 68
188 312
279 221
208 292
95 405
133 367
45 479
90 410
97 403
497 41
293 207
46 474
116 384
55 501
154 346
508 42
61 453
115 385
243 257
164 336
140 360
179 321
302 198
460 56
60 454
387 113
77 429
142 358
53 501
415 85
233 267
334 166
72 434
148 352
132 368
223 277
392 108
248 252
276 224
49 487
235 265
265 235
97 405
221 279
511 43
47 481
204 296
50 470
212 288
414 86
46 510
426 76
436 66
342 158
58 456
441 67
238 262
507 43
51 493
79 427
449 63
391 109
385 115
285 215
145 355
70 438
312 188
409 91
474 50
366 134
411 89
170 330
355 145
338 162
73 435
363 137
264 236
242 258
246 254
130 370
121 379
182 318
209 291
399 101
368 134
380 120
284 216
502 42
445 67
47 475
53 499
479 49
80 424
55 459
386 114
260 240
138 362
173 327
340 160
370 130
368 132
349 151
455 60
112 389
303 198
441 68
265 236
368 133
359 144
486 45
422 81
347 154
223 278
461 56
64 447
52 469
364 137
212 289
473 50
94 407
47 510
474 51
446 67
419 86
178 323
501 42
129 372
266 235
387 114
166 335
50 505
200 301
493 44
250 251
53 466
447 66
401 100
275 226
485 46
333 168
157 344
507 44
444 69
242 259
239 262
257 244
193 308
210 291
356 145
62 453
274 227
276 225
165 336
379 122
168 333
451 62
463 54
282 219
383 118
197 304
253 248
278 223
98 403
65 444
51 490
376 127
471 50
235 266
252 249
63 454
388 113
91 410
334 167
127 374
190 311
51 464
342 159
382 119
72 437
331 170
54 495
100 401
341 160
52 503
64 451
131 370
81 426
181 320
329 172
445 68
407 94
201 300
167 334
220 281
52 465
272 229
510 43
273 228
114 387
298 203
339 162
53 494
64 449
185 316
408 95
326 175
214 287
99 402
269 232
454 61
48 475
151 350
48 473
140 361
47 478
222 279
304 197
138 363
480 49
452 61
285 216
97 404
147 354
217 284
434 69
281 220
380 121
324 177
362 139
86 415
246 255
171 330
373 128
206 295
196 305
489 44
307 194
426 77
423 80
421 82
132 369
374 127
49 472
117 384
289 212
249 252
429 74
48 511
292 209
267 234
77 430
358 143
469 50
95 406
450 63
51 470
363 138
395 106
192 311
109 392
82 425
134 367
306 195
330 171
508 43
498 41
48 481
435 68
69 440
389 112
180 321
350 151
492 43
399 102
172 329
437 66
232 269
420 83
103 398
506 43
462 55
135 366
52 467
51 492
268 233
53 502
500 41
284 217
309 192
205 296
124 377
415 86
79 428
299 202
400 101
488 45
456 59
405 96
355 146
163 338
453 60
262 239
279 222
385 116
115 386
405 98
404 97
264 237
509 42
241 260
439 68
490 43
369 132
419 84
213 288
352 149
52 489
143 358
481 48
208 293
121 382
260 241
47 474
406 95
305 196
125 376
81 424
438 67
412 89
55 460
111 390
207 294
89 412
398 103
70 439
183 318
227 274
479 50
55 500
301 200
161 340
67 442
51 486
52 463
219 282
80 427
123 378
460 57
52 493
176 325
122 379
52 491
386 115
104 397
392 109
483 48
56 459
221 280
126 375
335 166
50 487
308 193
146 355
300 201
410 91
215 286
428 75
46 479
169 332
229 272
332 169
467 52
478 51
194 307
379 124
390 111
263 238
154 347
370 131
442 69
396 105
254 249
90 411
311 190
223 280
302 199
511 44
323 178
247 254
199 302
430 73
179 322
61 454
418 85
164 337
336 165
238 263
54 461
177 324
245 256
133 368
397 104
160 341
88 413
259 242
361 140
402 99
233 268
174 327
237 264
293 208
290 211
327 174
271 230
84 417
472 51
192 309
54 497
484 47
351 150
142 359
121 380
231 270
102 399
71 438
149 352
360 141
54 499
92 409
409 92
477 52
145 356
182 319
186 315
366 135
248 253
256 245
198 303
53 498
75 432
240 261
261 240
58 457
225 276
137 364
322 179
136 365
365 136
345 156
449 64
270 231
491 44
68 441
101 400
312 189
173 328
321 180
202 299
319 182
74 433
144 357
156 345
119 382
66 443
188 313
53 462
458 59
120 381
55 496
49 476
354 147
314 187
313 188
116 385
153 348
317 184
110 391
60 455
128 373
51 488
230 271
204 297
152 349
411 90
65 450
244 257
457 60
203 298
497 42
346 155
47 480
63 448
320 181
482 49
74 435
150 351
416 85
424 79
48 477
51 504
340 161
73 434
82 423
425 78
78 429
187 314
54 501
333 170
283 218
381 120
255 246
189 312
184 317
394 107
50 471
367 134
170 331
393 108
211 290
106 395
141 360
57 458
85 416
195 306
189 313
351 151
184 318
151 351
452 62
196 306
261 241
240 262
247 255
139 363
55 495
75 435
272 230
341 161
132 370
450 64
225 277
401 101
64 448
83 423
52 488
51 505
114 388
394 108
214 288
52 486
236 266
239 263
54 494
456 60
226 276
242 260
49 511
469 51
416 86
388 114
228 274
83 425
462 56
246 256
481 49
245 257
330 172
152 350
105 397
52 492
82 422
285 217
123 379
324 178
52 464
53 465
412 90
175 327
415 87
69 441
339 163
508 44
194 308
52 504
402 100
393 109
98 404
166 336
362 140
250 252
200 302
302 200
311 191
149 353
145 357
192 310
193 309
367 135
67 443
310 192
55 461
411 91
49 481
53 467
117 385
199 303
446 68
198 304
178 324
56 500
375 127
141 361
176 326
66 444
325 177
223 279
70 440
381 121
100 402
104 398
183 319
53 491
489 45
247 257
135 367
72 438
138 364
180 322
112 390
299 203
208 294
441 69
334 168
472 52
384 118
467 53
436 68
174 328
420 84
385 117
87 415
471 51
91 411
181 321
244 258
146 356
410 92
390 112
209 293
280 222
274 228
161 341
153 349
125 377
457 61
431 73
249 253
421 83
56 460
154 348
422 82
307 195
202 300
128 374
113 389
266 236
317 185
323 179
340 162
54 502
49 475
406 96
238 264
357 145
425 79
121 381
263 239
383 119
293 209
398 104
432 72
279 223
150 352
366 136
182 320
458 60
379 123
89 413
268 234
126 376
55 499
335 167
173 329
140 362
49 477
281 221
111 391
397 105
203 299
319 183
251 251
68 442
54 466
434 70
53 489
306 196
400 102
352 150
429 75
358 144
120 382
430 74
51 485
230 272
75 433
361 141
316 186
330 174
254 248
50 472
484 48
438 68
233 269
485 47
328 174
312 190
78 430
170 332
497 43
127 375
350 152
99 403
300 202
320 182
136 366
420 86
206 296
478 52
448 66
92 410
444 70
52 490
88 414
81 427
241 261
417 85
186 318
260 242
386 116
107 395
71 439
284 218
321 181
511 45
90 412
348 154
50 476
418 86
167 335
327 175
165 337
191 311
65 451
480 50
304 198
148 354
374 128
84 418
506 44
493 45
490 44
93 409
269 233
129 373
336 166
488 46
103 399
232 270
271 231
61 455
94 408
369 133
426 78
290 212
405 97
168 334
498 42
487 47
142 362
276 226
314 188
492 44
363 139
48 480
163 339
143 363
57 459
53 463
473 51
301 201
219 283
86 416
55 497
305 197
169 333
213 289
82 426
327 177
47 479
343 159
53 469
382 120
256 246
424 80
205 297
333 169
160 342
291 211
315 187
463 55
220 282
356 146
395 107
482 50
253 249
396 106
364 138
221 281
54 462
257 245
95 407
479 51
309 193
162 340
171 331
186 316
216 286
211 291
218 284
59 457
443 71
346 156
509 43
407 95
474 52
63 453
483 49
387 115
500 42
365 137
419 85
453 61
49 473
119 383
101 401
137 365
51 487
64 452
278 224
267 235
445 69
134 368
486 46
248 254
283 219
322 180
172 330
207 295
318 184
48 474
56 496
51 471
468 52
74 434
187 315
427 77
255 247
195 307
164 338
82 424
48 510
54 498
110 392
451 63
459 59
62 454
262 240
133 369
507 45
85 417
460 58
491 45
177 325
273 229
157 345
143 359
79 429
292 210
264 238
332 170
215 287
282 220
80 428
118 384
155 347
265 237
124 378
275 227
449 65
48 478
156 346
116 386
349 153
423 81
437 67
414 88
102 400
106 396
144 358
65 449
370 132
50 484
277 225
197 305
326 176
355 147
402 101
422 83
400 103
120 383
414 89
53 490
201 302
60 457
255 248
279 224
54 493
183 322
58 459
411 92
101 402
66 451
210 293
156 347
340 163
357 146
158 345
80 429
274 229
330 173
151 352
94 409
84 425
484 49
260 243
130 373
444 71
276 227
266 237
175 328
62 455
149 354
257 246
236 267
435 70
127 376
302 201
341 162
314 189
135 368
356 147
317 186
126 377
272 233
73 438
50 511
104 399
170 333
280 223
85 418
187 316
228 275
205 298
55 462
129 374
49 510
367 136
363 140
106 397
335 168
50 475
443 72
364 139
142 361
326 177
211 292
358 145
382 121
171 332
371 132
441 70
207 296
91 412
380 123
55 466
249 254
103 400
86 417
50 481
197 306
332 171
429 76
306 197
108 395
173 330
165 338
316 187
140 363
327 176
53 488
321 182
459 60
174 329
132 371
415 88
303 200
83 424
284 219
384 119
452 63
273 230
291 212
216 287
237 268
225 278
275 228
258 245
220 283
199 304
67 450
179 324
490 45
70 441
292 211
426 79
117 386
468 53
310 193
224 279
54 503
349 154
339 164
374 129
350 153
472 53
143 364
240 263
114 389
198 305
370 133
432 73
218 285
215 288
331 172
53 504
54 463
410 93
346 157
52 505
479 52
113 390
263 240
125 378
491 46
143 362
425 80
485 48
54 465
417 86
463 56
83 426
196 307
480 51
194 309
141 362
181 322
413 90
76 433
51 472
176 327
67 444
169 334
68 443
84 423
115 388
460 59
55 498
238 265
52 485
436 69
397 106
423 82
252 251
251 252
53 486
336 167
150 353
182 321
136 367
385 118
406 97
242 261
56 497
178 325
262 241
256 247
375 128
54 469
93 410
160 343
56 499
286 217
137 366
95 408
407 96
91 414
231 272
71 440
325 178
119 384
50 473
53 492
268 235
498 43
503 44
64 453
148 355
79 430
142 363
48 479
264 239
56 495
209 294
433 72
442 71
492 45
184 319
337 166
311 192
509 44
56 461
200 303
212 291
393 110
500 43
428 77
391 112
449 66
217 286
478 53
50 483
152 351
304 199
51 476
299 204
271 232
473 52
412 91
243 260
51 506
394 109
366 137
334 169
471 52
168 335
162 341
230 273
318 185
186 317
486 47
52 487
49 480
438 69
111 392
49 474
445 70
51 484
61 456
245 258
343 160
493 46
489 46
499 42
267 236
185 318
100 403
462 57
396 107
344 159
508 45
65 448
315 188
247 256
65 452
233 270
206 297
57 496
50 477
403 100
54 489
202 301
208 295
328 175
351 152
470 51
161 342
388 115
456 61
501 44
57 460
483 50
72 439
183 320
424 81
345 158
461 58
381 122
320 183
190 313
308 195
219 284
487 48
105 398
193 310
118 385
324 179
112 391
128 375
281 222
234 269
154 349
83 422
283 220
75 434
144 359
59 458
122 381
338 165
237 266
383 120
54 467
177 326
139 364
227 276
395 108
123 380
290 213
96 407
246 257
253 250
312 191
153 350
213 290
90 413
74 437
511 46
84 419
232 271
133 370
89 414
83 420
159 344
439 70
221 282
446 69
506 45
99 404
204 299
107 396
146 357
66 449
353 150
172 331
250 253
386 117
191 312
48 509
57 500
305 198
49 482
188 315
143 360
399 104
87 416
437 68
180 323
134 369
277 226
82 427
362 141
420 85
269 234
239 264
124 379
261 242
352 151
450 65
55 494
322 181
416 87
431 74
301 202
102 401
510 45
166 337
164 339
319 184
248 255
448 67
116 387
481 50
488 47
453 62
390 113
392 111
195 308
241 262
226 277
265 238
293 210
507 46
167 336
477 54
88 415
300 203
53 464
451 64
469 52
329 174
249 255
265 239
87 417
337 167
68 450
339 165
93 411
169 335
113 391
462 58
151 353
155 349
486 48
441 71
160 344
493 47
56 494
100 404
421 85
270 234
442 72
276 228
179 325
331 173
437 69
510 46
488 48
274 230
114 390
119 385
62 456
275 229
133 371
84 424
130 374
52 472
234 270
97 407
213 291
433 73
473 53
135 369
417 87
399 105
126 378
211 293
76 434
309 195
80 430
281 223
365 139
273 231
391 113
472 54
190 314
148 356
286 218
66 452
256 248
258 246
478 54
212 292
355 149
500 44
444 72
344 160
464 56
150 354
55 491
83 427
280 224
345 159
231 273
183 321
180 324
67 447
215 289
397 107
65 453
50 510
56 466
55 465
400 104
112 392
106 398
266 238
58 460
438 70
375 129
57 495
382 122
117 387
138 366
57 497
202 302
89 415
70 442
142 364
368 136
329 175
311 193
187 317
370 134
84 420
393 111
429 77
56 498
348 156
364 140
161 343
79 431
58 496
54 492
453 63
74 438
428 78
480 52
174 330
432 74
507 47
60 458
385 119
285 219
124 380
477 55
206 298
469 53
56 462
460 60
110 394
172 332
99 405
291 213
227 277
54 464
358 146
300 204
412 92
84 422
72 440
352 152
85 419
328 176
414 90
123 381
302 202
195 309
116 388
416 88
341 163
208 296
468 54
389 115
506 46
49 479
388 116
53 487
144 362
73 439
362 142
194 310
284 220
163 341
128 376
50 474
51 473
470 52
226 278
68 444
264 240
178 326
141 363
485 49
293 211
305 199
55 463
299 205
447 69
252 252
403 101
53 471
75 437
267 237
367 137
449 67
269 235
144 360
219 285
50 478
278 226
459 61
320 184
283 221
395 109
324 180
197 307
262 242
443 73
210 294
184 320
81 429
205 299
152 352
88 416
248 256
415 89
157 347
456 62
170 334
304 200
53 485
143 361
357 147
204 300
314 190
232 272
340 164
505 45
132 372
271 233
376 132
363 141
90 414
54 504
185 319
55 493
431 75
198 306
153 351
50 508
230 274
366 138
67 449
490 46
51 477
58 500
396 108
50 480
430 76
279 225
57 499
425 81
381 123
476 54
489 47
427 79
131 373
55 489
411 93
319 185
253 251
237 267
92 412
336 168
200 304
91 413
312 192
134 370
107 397
317 187
105 399
413 91
374 130
240 264
508 46
95 409
83 421
246 258
268 236
59 459
401 103
277 227
147 357
487 49
502 44
158 346
120 384
440 70
499 43
338 166
263 241
303 201
171 333
310 194
446 70
57 501
54 470
162 342
290 214
55 467
481 51
154 350
168 336
207 297
77 433
188 316
407 97
49 509
424 82
503 45
140 364
259 245
229 275
78 432
326 178
101 403
422 84
129 375
159 345
448 68
236 268
196 308
115 389
272 232
69 443
66 448
261 243
371 133
392 112
82 428
434 72
156 348
306 198
435 71
322 182
243 261
167 337
214 290
471 53
175 329
350 154
351 153
203 301
484 50
349 155
137 367
166 338
384 120
98 406
149 355
346 158
225 279
109 395
398 106
463 57
238 266
221 283
250 254
111 393
52 506
335 169
51 483
251 253
53 505
103 401
353 151
222 282
182 322
315 189
386 118
342 162
217 287
242 262
452 64
118 386
511 47
461 59
54 468
423 83
241 263
509 45
176 328
55 503
332 172
191 313
127 377
282 222
139 365
54 490
347 157
146 358
445 71
218 286
354 150
492 46
436 70
86 418
56 502
50 482
165 339
54 486
301 203
96 408
323 181
491 47
61 457
145 359
451 65
318 186
52 511
304 201
206 299
257 248
287 218
51 508
352 153
180 325
266 239
95 410
434 73
89 416
53 506
381 124
491 48
52 507
148 357
469 54
179 326
163 342
55 470
213 292
398 107
365 140
111 394
298 207
295 210
82 429
149 356
55 464
150 355
251 254
244 261
54 505
102 403
104 401
332 173
274 231
217 288
128 377
239 266
376 129
222 283
282 223
58 501
195 310
475 54
286 219
487 50
59 460
90 415
87 418
57 462
84 427
301 204
137 368
220 285
166 339
241 268
161 344
85 420
374 131
503 46
353 152
337 168
234 271
75 438
67 448
229 276
258 247
189 316
88 417
323 182
349 156
355 150
366 139
494 47
110 395
280 225
402 103
416 89
427 80
240 267
203 302
224 281
68 449
249 256
450 67
147 358
357 148
426 81
415 90
471 54
367 138
509 46
188 317
92 413
243 262
70 443
368 137
58 495
302 203
454 63
212 293
69 444
123 382
85 422
293 212
124 381
262 243
152 353
485 50
254 251
182 323
356 149
246 259
125 380
508 47
54 487
277 228
440 71
133 372
68 445
126 379
406 99
136 369
408 97
305 200
140 365
411 94
57 494
321 184
399 106
386 119
443 74
324 181
452 65
200 305
86 419
99 406
289 216
473 54
63 456
225 280
72 441
129 376
290 215
326 179
233 272
267 238
94 411
489 48
121 384
57 498
176 329
396 109
486 49
392 113
231 274
395 110
208 297
511 48
507 48
387 118
311 194
197 308
276 229
50 509
316 189
447 70
271 234
155 350
303 202
333 172
51 474
153 352
429 78
227 278
190 315
232 273
177 328
192 313
175 330
139 366
127 378
278 227
412 93
106 399
431 76
69 450
318 187
307 198
51 480
134 371
284 221
209 296
425 82
178 327
107 398
55 490
400 105
394 111
245 260
462 59
50 479
283 222
198 307
228 277
341 164
202 303
506 47
216 289
83 428
122 383
74 439
377 128
196 309
55 468
67 446
194 311
492 47
340 165
448 69
428 79
285 220
422 85
499 44
291 214
382 123
58 499
117 388
375 132
145 360
430 77
423 84
130 375
170 335
358 147
171 334
65 454
226 281
393 112
204 301
346 159
468 55
85 424
242 263
502 45
210 295
112 393
185 320
68 451
339 166
478 55
132 373
348 157
68 447
461 60
292 213
442 73
56 493
401 104
288 217
351 154
96 409
61 458
53 484
504 45
66 453
52 473
138 367
101 404
162 343
159 346
488 49
376 133
79 432
253 252
410 95
60 459
236 269
270 235
54 471
55 492
240 265
59 500
242 271
115 390
264 241
80 431
460 61
300 205
71 442
85 426
169 336
269 236
476 55
414 91
505 46
52 477
51 482
252 253
463 58
215 290
413 92
221 284
445 72
172 333
55 488
141 364
119 386
371 134
56 465
156 349
464 57
56 503
320 185
211 294
477 56
218 287
62 457
275 230
363 142
100 405
343 162
97 408
405 100
78 433
384 121
51 478
158 347
53 472
67 452
51 510
259 246
315 190
336 169
250 255
314 191
199 306
256 249
437 70
167 338
241 264
372 133
409 96
329 176
389 116
455 62
312 193
255 250
451 66
459 62
472 55
219 286
157 348
168 337
334 171
313 192
59 496
135 370
261 244
317 188
403 102
376 131
479 54
310 195
238 267
160 345
490 47
369 136
108 397
230 275
481 52
432 75
483 52
263 242
359 146
57 502
55 504
309 196
319 186
470 53
424 83
154 351
383 122
480 53
404 101
273 232
279 226
98 407
184 321
77 434
118 387
417 88
57 466
446 71
84 421
76 437
325 180
375 130
191 314
433 74
144 361
344 161
435 72
449 68
114 391
359 147
357 149
313 193
198 308
71 443
449 69
120 386
138 368
276 230
412 94
453 65
93 413
317 189
326 180
151 355
434 74
69 445
223 283
507 49
461 61
298 208
441 73
370 136
211 295
148 358
58 502
176 330
311 195
242 270
54 484
246 260
319 187
371 135
474 54
330 176
432 76
167 339
55 487
408 98
358 148
204 302
83 429
73 441
491 49
56 492
170 336
111 395
324 182
286 220
325 181
350 156
234 272
395 111
227 279
242 264
152 354
129 377
146 360
74 440
389 117
202 304
216 290
495 47
88 418
258 248
55 471
57 489
373 133
290 216
277 229
145 361
404 102
435 73
220 286
460 62
201 305
226 280
398 108
504 46
266 240
52 474
499 45
259 247
240 266
214 292
60 500
433 75
72 442
70 450
68 448
103 403
147 359
443 75
85 421
241 265
233 277
424 84
253 253
86 424
364 142
60 460
61 459
150 356
421 87
98 408
54 506
367 139
363 143
122 384
104 402
296 210
187 319
58 462
56 504
149 357
302 204
428 80
486 50
140 366
87 419
136 370
52 482
500 46
51 479
268 238
57 465
260 246
110 396
489 49
212 294
62 458
487 51
252 254
163 343
403 103
68 452
180 326
509 47
335 171
243 263
203 303
420 88
154 352
479 55
347 159
97 409
124 382
473 55
425 83
427 81
59 495
58 498
233 273
455 63
57 503
431 77
205 301
160 346
209 297
224 282
53 473
61 501
229 277
368 138
376 130
101 405
289 217
59 461
484 52
285 221
506 48
320 186
225 281
402 104
196 310
464 58
323 183
67 453
334 172
291 215
55 505
131 375
405 101
344 162
53 507
190 316
307 199
329 177
58 466
141 365
59 499
309 197
200 306
53 477
55 507
133 373
472 56
264 242
458 62
270 236
94 412
392 114
236 270
52 478
352 154
132 374
175 331
162 344
127 379
465 57
263 243
337 169
262 244
448 70
84 428
280 226
251 255
57 467
95 411
94 414
217 289
478 56
375 133
346 160
51 509
312 194
287 219
208 298
354 152
295 211
247 259
281 225
365 141
64 456
369 137
340 166
494 48
388 118
481 53
261 245
470 54
126 380
304 202
377 129
123 383
57 493
271 235
349 157
283 223
118 388
492 48
452 66
179 327
188 318
406 100
374 132
230 276
116 390
322 184
119 387
483 53
436 72
256 250
185 321
75 439
314 192
90 416
232 274
351 155
213 293
241 267
301 205
284 222
128 378
310 196
219 287
442 74
400 106
274 232
278 228
245 261
66 454
239 267
316 190
511 49
102 404
82 430
444 74
482 52
231 275
356 150
510 48
80 432
69 451
58 494
257 249
476 56
199 307
195 311
490 48
81 431
341 165
240 268
59 501
471 55
206 300
79 433
293 213
69 447
59 497
172 334
300 206
336 170
338 168
378 128
139 367
410 96
221 285
282 224
396 110
333 173
502 46
158 348
384 122
89 417
417 89
108 398
382 124
207 299
177 329
53 483
429 79
477 57
451 67
250 256
414 92
269 237
299 207
279 227
173 333
393 113
56 464
100 406
475 55
171 335
366 140
485 51
488 50
134 372
65 455
318 188
415 91
437 71
306 200
121 385
249 257
426 82
106 400
161 345
364 144
86 426
60 496
413 93
56 470
192 314
78 434
244 262
85 427
68 446
265 241
416 90
450 68
386 120
186 320
137 369
255 251
447 71
267 239
503 47
321 185
327 179
52 510
242 268
182 324
294 212
459 63
508 48
254 252
222 284
243 271
56 468
109 397
401 105
130 376
76 438
156 350
54 472
315 191
292 214
168 338
362 144
56 490
241 269
440 72
57 463
462 60
53 511
288 218
191 315
228 278
112 394
446 72
125 381
383 123
409 97
469 55
387 119
113 393
422 86
445 73
193 313
411 95
155 351
157 349
107 399
117 389
407 99
53 475
77 437
153 353
135 371
52 480
115 391
463 59
70 444
389 118
384 123
481 54
126 381
498 45
115 392
145 364
129 378
406 101
459 64
159 348
415 92
100 407
58 467
316 191
349 158
366 141
114 393
418 89
71 450
403 104
291 216
365 146
240 269
225 282
57 488
500 47
395 112
68 453
111 396
196 311
381 126
58 465
371 136
426 83
55 506
284 223
441 74
262 245
257 250
81 432
422 87
53 478
82 431
61 460
141 366
398 109
91 416
187 320
445 74
479 56
471 56
351 156
246 261
488 51
466 57
208 299
106 401
85 428
480 55
214 293
157 350
353 154
88 419
139 368
95 414
506 49
61 500
176 331
57 504
510 49
428 81
252 255
362 145
436 73
425 84
60 461
492 49
315 192
53 480
453 66
348 159
290 217
416 91
167 340
360 147
70 449
288 219
300 207
326 181
324 183
58 493
446 73
98 409
347 160
199 308
330 177
314 193
236 271
175 334
59 502
411 96
503 48
397 110
281 226
120 387
468 57
463 60
369 138
97 410
458 63
58 489
272 235
323 184
132 375
449 70
108 399
374 133
59 462
178 329
486 51
207 300
478 57
110 397
336 171
56 487
53 474
191 316
131 376
370 137
104 403
119 388
396 111
499 46
233 276
304 203
365 142
469 56
392 115
113 394
261 246
101 406
455 64
407 100
146 361
193 314
216 291
107 400
482 53
94 415
276 231
423 86
127 380
186 321
355 152
73 442
116 391
387 120
293 214
221 286
464 59
408 99
339 168
289 218
256 251
74 441
134 373
118 389
472 57
245 262
390 117
340 167
177 330
89 418
232 277
460 63
462 61
185 322
511 50
473 56
250 257
77 438
72 443
266 241
337 170
474 55
475 56
400 107
52 479
379 128
507 50
174 333
505 48
367 140
346 161
76 439
509 48
123 384
149 358
388 119
83 430
249 258
421 88
271 236
194 313
260 247
317 190
234 273
224 283
60 499
429 80
496 47
432 77
138 369
165 342
161 346
150 357
487 52
103 404
168 339
244 271
265 242
53 482
202 305
151 356
439 72
258 249
54 483
184 323
57 490
54 473
321 186
102 405
231 276
410 97
69 446
213 294
491 50
228 279
333 174
401 106
171 336
112 395
452 67
310 197
94 413
414 93
386 121
373 134
79 434
502 47
137 370
223 284
52 509
172 335
124 383
121 386
57 464
87 420
238 269
489 50
296 211
287 220
160 347
470 55
263 244
494 49
232 275
60 495
262 251
148 359
222 285
53 476
268 239
327 180
303 204
75 440
497 46
283 224
437 72
239 268
59 498
342 165
87 424
385 122
147 360
443 76
163 344
242 265
361 146
465 58
205 302
218 289
377 130
54 507
140 367
254 253
204 303
130 377
322 185
241 266
329 178
136 371
69 448
158 349
484 53
109 398
242 267
302 205
363 144
84 429
444 75
424 85
320 187
198 309
54 511
435 74
56 469
451 68
54 477
57 468
294 213
312 195
277 230
255 252
344 163
402 105
80 433
71 444
181 326
67 454
495 48
153 354
301 206
78 435
55 472
61 496
206 301
409 98
490 49
237 270
430 79
155 352
200 307
117 390
308 199
78 437
152 355
358 149
220 287
162 347
156 351
60 501
70 445
65 456
298 209
476 57
413 94
212 295
270 237
325 182
267 240
95 412
372 135
318 189
183 324
227 280
63 458
195 312
285 222
504 47
483 54
345 162
357 150
338 169
93 414
305 202
275 232
70 451
508 49
105 402
412 95
90 417
180 327
182 325
501 46
53 508
175 332
57 492
431 78
190 317
229 278
243 264
92 415
217 290
247 260
197 310
86 421
394 113
309 198
447 72
244 263
440 73
173 334
52 481
382 125
122 385
58 463
201 306
209 298
319 188
359 148
128 379
170 337
417 90
280 227
299 208
241 270
335 172
70 447
53 510
86 427
352 155
378 129
368 139
278 229
364 145
269 238
188 319
450 69
433 76
307 200
334 173
405 102
154 353
253 254
419 90
399 108
60 497
420 89
54 510
405 103
415 93
162 346
403 105
60 462
123 385
288 220
58 504
62 500
433 77
490 50
71 447
383 125
72 444
71 451
209 299
505 49
96 412
132 376
499 47
77 439
97 411
393 115
83 431
416 92
233 275
244 270
371 137
210 298
195 313
73 443
346 162
204 304
475 57
269 239
60 498
54 474
61 461
243 267
456 64
120 388
150 358
232 278
337 171
160 348
392 116
419 91
268 240
398 110
110 398
146 362
75 441
318 190
367 141
181 327
483 55
267 241
359 149
335 173
66 456
428 82
276 232
500 48
70 446
103 405
275 233
243 265
300 208
473 57
262 250
244 264
190 318
462 62
422 88
62 496
126 382
319 189
324 184
437 73
224 284
292 216
80 434
198 310
257 251
261 249
446 74
444 76
70 448
509 49
488 52
394 114
305 203
57 491
274 234
89 419
235 273
135 373
177 331
484 54
59 493
175 333
250 258
406 102
220 288
202 306
369 139
264 244
410 98
426 84
113 395
64 458
445 75
229 279
279 229
326 182
485 53
350 158
281 227
387 121
334 174
58 468
465 59
313 195
438 72
277 231
53 479
378 130
454 66
248 260
88 426
138 370
424 86
466 58
297 211
443 77
184 324
293 215
87 421
56 506
245 263
176 332
214 294
185 323
95 413
99 409
342 166
407 101
482 54
58 488
180 328
340 168
108 400
399 109
61 497
339 169
408 100
280 228
366 146
65 457
311 197
67 455
338 170
386 122
207 301
385 123
196 312
145 363
282 226
502 48
430 80
511 51
501 47
78 438
155 353
239 269
60 502
59 467
58 490
54 482
100 408
57 469
93 415
480 56
90 418
397 111
435 75
327 181
212 296
59 503
255 253
159 349
364 146
185 325
208 300
270 238
191 317
102 406
134 374
74 442
231 277
494 50
189 319
54 508
56 486
472 58
136 372
194 314
384 124
171 337
107 401
206 302
449 71
240 270
54 478
61 495
487 53
349 159
328 180
236 272
325 183
431 79
225 283
389 119
315 193
308 200
320 188
345 163
423 87
503 49
265 243
400 108
370 138
152 356
461 63
81 433
234 274
493 49
321 187
55 477
374 134
390 118
137 371
105 403
71 445
481 55
283 225
467 57
402 106
182 326
508 50
347 161
63 459
109 399
217 291
351 157
60 494
254 254
303 205
495 49
146 364
360 148
173 335
463 61
153 355
368 140
391 117
165 343
163 345
199 309
336 172
55 511
78 436
290 218
164 344
147 361
266 242
452 68
507 51
291 217
237 271
125 383
362 146
79 435
341 167
222 286
506 50
381 127
358 150
106 402
85 429
492 50
86 428
486 52
101 407
464 60
451 69
84 430
219 289
284 224
256 252
460 64
166 342
263 251
55 475
127 381
118 390
156 352
420 90
121 387
316 192
249 259
87 425
295 213
62 460
448 72
183 325
366 142
53 481
379 129
154 354
440 74
491 51
161 347
140 368
373 135
434 76
304 204
496 48
474 56
188 320
453 67
92 416
238 270
89 423
124 384
432 78
312 196
133 375
116 392
168 340
309 199
259 249
299 209
252 256
382 126
205 303
141 367
128 380
57 505
289 219
396 112
246 262
88 420
458 64
230 278
76 440
333 175
294 214
59 465
286 222
363 145
149 359
187 321
245 271
253 255
307 201
53 509
365 143
361 147
504 48
479 57
79 437
192 316
272 236
457 63
322 186
151 357
421 89
157 351
412 96
200 308
172 336
98 410
414 94
104 404
261 247
469 57
58 464
273 235
305 205
203 305
114 394
329 179
301 207
353 155
228 280
193 315
497 47
395 113
344 164
442 76
54 476
59 489
470 56
179 329
70 452
69 453
61 499
130 378
91 417
401 107
117 391
135 375
498 46
417 91
296 212
404 104
111 397
242 266
352 156
388 120
429 81
55 473
418 90
174 334
251 257
96 414
247 261
59 463
278 230
201 307
167 341
263 245
218 290
213 295
262 246
510 50
285 223
331 177
55 483
355 153
415 94
55 476
274 235
346 163
124 387
71 446
104 405
240 271
244 267
179 330
452 69
217 292
137 372
435 76
176 333
54 509
431 80
482 55
394 115
337 172
490 51
59 464
347 162
63 496
237 272
161 348
62 495
79 436
428 83
252 257
82 433
463 62
294 215
131 378
361 148
489 52
108 401
88 427
223 288
372 137
374 135
460 65
223 286
183 326
404 105
475 58
456 65
56 485
305 204
92 417
317 192
198 311
353 156
268 241
459 66
261 250
227 282
466 59
328 181
336 173
424 87
510 51
174 335
261 248
112 397
99 410
273 236
313 196
381 128
76 441
391 120
288 221
479 58
397 112
190 319
401 108
66 457
338 171
461 64
119 390
200 309
322 187
395 114
180 329
420 91
124 385
441 76
107 402
287 222
88 425
356 153
357 152
263 246
444 77
72 449
98 411
56 473
495 50
499 48
193 316
56 477
187 322
293 216
153 356
484 55
385 126
280 229
61 462
199 310
100 409
474 57
57 486
300 209
67 456
191 318
380 129
333 176
383 126
171 338
486 53
204 305
321 188
265 244
467 58
437 74
277 232
231 278
57 506
305 206
134 375
125 384
208 301
318 191
188 321
83 432
449 72
285 224
111 398
453 68
398 111
278 231
419 92
500 49
93 416
422 89
326 183
271 238
276 233
501 48
121 388
59 492
385 124
123 386
414 95
158 351
135 374
106 403
454 67
455 66
389 120
164 345
81 434
159 350
97 412
446 75
186 323
147 362
102 407
359 150
55 482
155 354
184 325
332 177
423 88
222 287
346 165
358 151
342 167
259 250
363 146
440 75
399 110
311 198
172 337
436 75
128 381
62 499
264 245
496 49
296 213
156 353
407 102
388 121
126 383
366 145
245 264
152 357
157 352
221 288
371 138
60 463
244 265
245 270
75 442
392 117
61 498
59 504
110 399
292 217
345 164
302 207
62 461
251 258
411 98
339 170
113 396
226 283
88 421
54 479
229 280
370 139
427 84
429 82
103 406
89 420
228 281
506 51
58 491
508 51
192 317
201 308
493 50
211 298
132 377
430 81
77 440
105 404
314 195
323 186
71 448
426 85
89 426
142 367
319 190
163 346
470 57
177 332
297 212
91 418
416 93
58 469
165 344
150 359
312 197
173 336
80 435
330 179
406 103
214 295
364 147
167 342
413 96
469 58
492 51
498 47
194 315
458 65
195 314
448 73
73 444
185 324
202 307
507 52
483 56
72 451
464 61
502 49
72 447
181 328
266 243
151 358
64 459
511 52
256 253
213 296
54 481
324 185
310 199
253 256
55 478
488 53
55 474
230 279
350 159
207 302
282 227
160 349
130 379
90 423
403 106
178 331
264 251
238 271
497 48
60 493
335 174
382 127
215 294
433 78
249 260
367 142
269 240
255 254
219 290
89 424
258 251
445 76
267 242
379 130
59 468
391 118
224 285
63 460
87 428
60 465
56 483
140 369
405 104
262 249
68 455
289 220
439 74
139 370
78 439
393 116
55 510
250 259
471 58
504 49
85 430
325 184
315 194
109 400
96 413
434 77
387 122
457 64
272 237
418 91
71 452
225 284
384 125
239 270
281 228
69 454
206 303
301 208
60 503
262 247
481 56
114 395
168 341
340 169
138 371
244 269
254 255
166 343
154 355
303 206
65 458
334 175
438 73
366 143
412 97
243 266
279 230
182 327
59 490
286 223
63 500
263 250
90 419
118 391
117 392
491 52
141 368
247 262
408 101
116 393
283 226
146 363
248 261
290 219
235 274
473 58
308 201
209 300
352 157
149 360
57 484
89 422
197 312
462 63
218 291
503 50
60 489
331 178
465 60
509 50
275 234
327 182
58 487
170 339
505 50
349 160
234 275
74 443
56 511
368 141
378 131
205 304
216 293
438 74
436 76
473 59
432 80
457 65
419 93
60 504
398 112
81 435
218 292
302 208
264 246
231 279
425 87
328 182
277 233
500 50
72 452
387 123
346 164
298 212
99 411
57 477
407 103
300 210
98 412
86 430
76 442
392 118
278 232
510 52
60 466
353 157
65 459
62 498
119 391
225 285
312 198
239 271
203 307
338 172
63 497
57 507
433 79
378 132
393 117
308 202
81 437
264 250
459 67
301 209
150 360
275 235
192 318
59 505
116 394
167 343
303 207
220 290
439 75
61 489
260 250
447 75
202 308
375 135
235 275
211 299
61 493
440 76
418 92
463 63
396 114
197 313
456 66
358 152
254 258
285 225
284 226
58 484
86 432
249 261
470 58
279 231
222 288
134 376
386 124
355 155
504 50
325 185
224 288
64 496
73 447
62 462
297 213
317 193
345 165
454 68
493 51
318 192
466 60
130 380
165 345
61 463
246 264
350 162
58 470
103 407
117 395
465 61
124 386
58 486
402 108
413 97
213 297
506 52
217 293
151 359
159 351
90 420
274 236
56 510
60 490
266 244
198 312
286 224
356 154
326 184
182 328
172 338
472 60
448 74
330 180
186 324
455 67
269 241
91 419
177 333
404 106
389 121
485 55
449 73
431 81
121 389
397 113
199 311
390 120
310 200
380 130
117 393
56 476
335 175
207 303
156 354
359 151
257 253
489 53
280 230
91 423
59 487
57 475
223 287
174 336
426 86
66 458
216 294
486 54
57 485
373 137
224 286
309 201
57 483
125 385
82 438
372 138
273 237
166 344
481 57
118 396
311 199
143 367
196 314
227 283
347 163
89 427
55 481
60 468
57 511
262 248
87 429
482 56
215 295
71 453
90 426
67 457
307 203
270 240
138 372
126 384
272 238
492 52
122 388
453 69
191 319
352 158
361 149
401 109
183 327
417 93
161 349
255 255
461 65
68 456
495 51
223 289
56 482
153 357
60 464
244 266
123 387
127 383
322 188
414 96
171 339
173 337
110 400
113 397
195 315
154 356
364 148
498 48
194 316
178 332
290 220
462 64
295 215
287 225
441 77
336 174
491 53
430 82
321 189
480 58
350 160
89 421
511 53
294 216
464 62
93 417
336 176
56 474
320 190
131 379
63 461
306 204
72 448
362 148
442 78
367 143
201 309
385 125
282 228
193 317
281 229
327 183
340 170
73 445
80 436
188 322
214 296
467 59
100 410
120 390
388 122
412 98
187 323
55 479
60 492
383 127
142 368
268 242
354 156
360 150
429 83
487 55
55 509
484 56
90 424
342 168
499 49
228 282
437 75
490 52
170 340
494 52
395 115
72 446
60 488
428 86
63 495
169 341
102 408
247 263
428 84
434 78
61 503
204 306
245 265
420 92
381 129
56 478
263 247
148 362
357 153
391 119
181 329
408 102
400 110
488 54
256 254
316 194
221 289
136 374
444 78
501 49
479 59
384 126
56 508
124 388
496 50
411 99
367 145
112 398
253 257
386 126
83 433
424 88
503 51
205 305
58 506
334 176
458 66
108 402
109 401
57 473
368 142
89 425
179 331
77 441
144 366
114 396
237 273
258 252
263 249
315 195
107 403
509 51
314 196
421 91
132 378
244 268
64 460
70 454
63 501
78 440
230 280
265 245
229 281
252 258
333 177
406 104
164 346
92 418
293 217
73 449
474 58
288 222
319 191
140 370
90 422
445 77
250 260
382 128
313 197
128 382
331 179
245 269
271 239
323 187
289 221
254 256
106 404
133 377
259 251
341 169
59 469
483 57
157 353
82 434
502 50
147 363
299 211
137 373
349 161
210 300
61 465
184 326
402 110
97 413
111 399
246 270
405 105
139 371
370 140
208 302
332 178
283 227
84 432
75 443
416 94
59 491
160 350
287 223
394 116
422 90
452 70
304 206
348 162
190 320
371 139
189 321
158 352
105 405
363 147
435 77
101 409
369 141
337 173
92 423
294 217
322 189
347 164
481 58
91 420
370 141
231 280
417 94
65 460
73 446
62 463
251 260
446 77
359 152
490 53
368 143
495 52
212 299
390 121
378 133
118 395
324 187
207 304
424 89
170 341
413 98
445 78
260 251
197 316
480 59
66 459
195 316
435 78
509 52
63 494
343 168
58 473
199 312
407 104
134 377
319 192
301 210
57 482
89 430
469 60
103 408
448 75
369 142
439 76
504 51
398 113
57 474
486 55
270 241
415 96
57 510
184 327
449 74
62 493
56 509
397 114
482 57
363 148
494 53
496 51
148 363
489 54
256 255
64 461
328 183
264 249
113 398
218 293
57 508
399 112
264 247
425 88
229 282
247 264
381 130
361 152
502 51
61 488
298 213
360 151
473 60
409 102
401 110
438 75
172 339
432 81
501 50
300 213
200 311
382 129
91 422
228 283
465 62
173 338
58 485
58 507
423 90
205 306
375 136
410 101
100 411
158 353
82 435
457 66
461 66
303 208
196 315
64 495
116 395
374 137
58 471
355 156
61 492
60 505
87 430
377 134
93 418
75 444
90 421
253 258
503 52
117 394
90 425
127 384
95 416
99 412
85 432
74 445
144 367
78 441
192 319
350 163
453 70
279 232
280 231
157 354
395 116
474 59
293 218
335 176
511 54
197 314
441 78
177 334
323 188
288 223
90 427
202 309
341 170
169 342
403 108
308 203
265 246
383 128
61 466
498 49
463 64
126 385
70 455
296 215
471 60
194 317
451 72
58 483
462 65
67 458
485 56
429 84
221 290
108 403
456 67
336 175
497 50
98 413
351 160
450 73
468 59
426 87
238 273
427 86
72 453
122 389
104 407
89 428
107 404
193 318
493 52
367 144
63 498
506 53
392 119
406 105
77 442
361 150
61 464
408 103
206 305
56 479
236 275
430 83
111 400
353 158
263 248
174 337
349 162
311 200
350 161
291 220
154 357
281 230
389 122
307 204
342 169
348 163
402 109
434 79
57 476
59 486
160 351
68 457
187 324
217 294
420 93
488 55
76 443
133 378
292 219
487 56
250 261
164 347
302 209
82 439
466 61
259 252
421 92
61 504
114 397
121 390
152 359
180 331
458 67
125 386
393 118
492 53
225 286
167 344
55 480
84 433
105 406
422 91
277 234
371 140
454 69
373 138
459 68
69 456
358 153
376 135
269 242
230 281
88 429
112 401
287 224
405 106
317 194
352 159
151 360
73 452
57 478
510 53
58 477
189 322
272 239
74 449
235 276
273 238
444 79
318 193
499 50
123 388
310 201
437 76
175 336
325 186
282 229
191 320
239 272
156 355
67 460
86 431
237 274
223 290
320 191
71 454
94 417
210 301
362 149
356 155
300 211
119 392
102 409
387 126
246 269
299 212
331 180
159 352
311 202
188 323
290 221
178 333
428 85
129 382
190 321
60 469
338 173
314 197
118 393
153 358
62 503
58 475
142 369
182 329
333 178
245 268
384 127
327 184
467 60
340 171
483 58
345 166
252 259
224 287
79 440
143 368
181 330
334 177
416 95
275 236
447 76
379 132
436 77
258 253
313 198
92 419
286 225
73 450
285 226
387 124
316 195
130 381
245 266
295 216
81 436
505 52
394 117
110 401
214 297
491 54
155 356
249 262
274 237
162 349
132 379
131 380
141 370
271 240
128 383
183 328
171 340
400 111
176 335
59 484
357 154
101 410
140 371
266 245
204 307
161 350
61 468
115 396
166 345
222 289
165 346
64 501
412 99
216 295
309 202
138 373
460 67
227 284
149 362
380 131
56 481
304 207
321 190
464 63
267 244
81 438
289 222
470 59
479 60
254 257
283 228
60 491
62 489
276 235
213 298
117 396
404 107
139 372
226 285
484 57
145 366
332 179
209 302
442 79
58 511
109 402
219 292
386 125
137 374
418 93
414 97
354 157
83 434
440 77
59 506
73 448
215 296
344 168
318 194
409 103
207 305
62 504
232 280
165 347
237 275
72 454
159 353
82 440
162 350
260 252
440 78
468 60
171 341
317 195
448 76
470 60
413 99
253 259
102 410
456 68
274 238
444 80
176 336
106 406
66 460
83 435
236 276
433 81
92 420
220 292
75 449
492 54
59 477
505 53
308 204
120 392
62 466
158 354
328 184
430 84
98 414
497 51
91 425
221 291
73 453
61 491
329 183
493 53
211 301
358 154
374 138
432 82
424 90
214 298
503 53
188 324
85 433
141 371
288 224
339 173
238 274
429 85
407 105
327 185
246 268
400 112
177 335
57 509
375 137
74 448
180 332
487 57
294 218
426 88
60 470
320 192
334 178
282 230
178 334
316 196
338 174
421 93
499 51
169 343
133 379
264 248
298 214
510 54
111 401
95 417
195 317
270 242
225 287
205 307
61 469
292 220
109 403
417 95
473 61
116 396
286 226
427 87
486 56
114 398
166 346
110 402
112 400
485 57
75 445
445 79
142 370
76 444
300 212
388 124
307 205
311 201
82 436
63 465
59 483
239 273
500 52
101 411
249 263
248 264
196 316
140 372
67 461
272 240
71 455
332 180
390 122
172 340
403 109
378 134
184 328
425 89
340 172
74 450
58 474
315 197
442 80
61 487
324 188
434 80
509 53
454 70
56 480
62 492
323 189
394 118
68 460
156 356
84 434
94 418
122 390
91 421
384 128
200 312
193 319
266 246
167 345
474 60
99 413
139 373
322 190
467 61
217 295
64 498
289 223
96 416
511 55
451 73
251 263
138 374
57 481
168 344
436 78
77 443
132 380
398 114
119 393
64 462
233 279
296 216
414 98
379 133
319 193
185 327
418 94
258 254
113 399
69 457
387 125
151 361
115 397
78 442
65 501
146 366
175 337
216 296
230 282
404 108
89 429
406 106
349 163
252 260
278 234
377 135
130 382
405 107
443 79
381 131
290 222
466 62
506 54
103 409
137 375
304 208
484 58
60 506
222 290
310 202
371 141
208 304
478 60
293 219
131 381
370 142
194 318
57 479
447 77
153 359
335 177
431 83
198 314
279 233
143 369
360 152
439 77
190 322
326 186
351 161
134 378
265 247
250 262
170 342
148 364
63 463
186 326
100 412
401 111
118 394
191 321
462 66
65 495
389 123
348 164
354 158
458 68
302 210
117 397
62 464
291 221
363 149
459 69
121 391
212 300
87 431
313 199
58 510
502 52
357 155
265 249
257 255
206 306
383 129
59 507
58 476
58 472
480 60
93 419
105 407
59 485
155 357
107 405
301 213
273 239
92 424
64 502
228 284
437 77
355 157
461 67
93 423
343 169
229 283
79 441
471 61
275 237
61 467
58 478
297 215
70 456
157 355
341 171
438 76
368 144
91 427
108 404
160 352
423 91
255 257
498 50
104 408
123 389
501 51
215 297
301 211
97 415
321 191
145 367
416 96
150 362
63 493
309 203
490 54
382 130
173 339
218 294
361 151
210 302
345 167
144 368
411 101
373 139
66 496
128 384
192 320
410 102
62 488
90 428
504 52
60 486
259 253
372 140
465 63
285 227
227 285
415 97
204 308
62 468
149 363
482 58
314 198
496 52
65 461
181 331
251 261
399 113
268 244
129 383
479 61
64 494
452 72
74 452
396 116
412 100
352 160
350 164
494 54
393 119
80 440
267 245
283 229
63 503
67 459
183 329
81 439
231 281
126 386
333 179
108 406
460 68
337 175
174 338
464 64
61 505
449 75
62 490
483 59
276 236
359 153
197 315
415 99
246 266
369 143
457 67
89 431
356 156
488 56
342 170
219 293
161 351
203 309
508 54
280 232
226 286
376 136
453 71
74 446
88 430
397 115
256 256
495 53
206 307
175 338
133 380
392 121
105 408
59 510
156 357
484 59
115 398
474 61
421 94
219 294
64 493
320 193
163 350
203 310
330 183
359 154
306 207
69 458
459 70
406 107
317 196
81 440
67 496
440 79
196 317
274 239
293 220
208 305
61 486
212 301
259 254
495 54
134 379
66 461
463 66
61 506
137 376
389 124
158 355
488 57
370 143
149 364
148 365
168 345
341 172
215 298
147 366
382 131
354 159
380 133
273 240
507 54
113 400
100 413
72 455
422 93
426 89
375 138
479 62
120 393
106 407
154 359
318 197
235 278
90 429
66 495
282 231
363 150
256 257
74 451
501 52
277 236
285 228
313 200
453 74
324 189
376 137
369 144
423 92
339 174
117 398
401 112
316 197
214 299
409 104
505 54
111 402
217 296
59 476
59 478
63 492
59 472
266 247
178 335
65 462
278 235
328 185
76 445
181 332
64 503
230 283
201 312
119 394
465 64
63 468
437 78
289 224
109 404
511 56
71 456
416 97
271 242
99 414
508 55
157 356
108 405
411 102
82 441
76 453
194 319
466 63
299 214
170 343
343 170
92 421
272 241
399 114
260 253
400 113
493 54
305 208
424 91
307 206
312 201
155 358
218 295
384 129
209 304
210 303
164 349
123 390
135 378
64 465
355 158
63 504
238 275
146 367
65 498
471 62
349 164
160 353
480 61
83 436
447 78
325 188
327 186
70 457
250 263
142 371
499 52
346 167
222 291
425 90
62 505
485 58
60 485
468 61
151 362
98 415
65 502
176 337
59 508
430 85
75 450
379 134
394 119
136 377
237 276
75 452
314 199
448 77
144 369
397 116
183 330
79 442
107 406
162 351
185 328
253 260
57 480
510 55
60 475
226 287
284 229
233 280
478 61
200 313
348 165
252 261
62 487
198 315
297 216
138 375
296 217
129 384
58 479
74 453
279 234
150 363
239 274
128 385
85 434
93 422
353 160
58 509
319 194
269 244
102 411
143 370
267 246
381 132
302 211
236 277
396 117
62 491
473 62
496 53
417 96
446 79
467 62
408 105
373 140
449 76
405 108
385 128
116 397
77 444
190 323
454 71
167 346
443 80
229 284
498 51
450 75
462 67
78 443
97 416
93 428
76 449
439 78
75 446
338 175
504 53
58 481
101 412
436 79
434 81
301 212
335 178
283 230
251 262
68 459
444 81
122 391
345 168
431 84
213 300
193 320
248 265
310 203
166 347
318 195
95 418
358 155
457 68
103 410
61 470
60 477
295 218
292 221
145 368
75 448
286 227
456 69
374 139
258 255
191 322
249 264
62 469
186 327
165 348
173 340
62 467
481 60
132 381
216 297
377 136
114 399
435 80
500 53
192 321
303 210
220 293
453 72
60 507
432 83
326 187
93 420
509 54
227 286
483 60
414 99
130 383
63 464
92 425
59 482
490 55
94 423
270 243
261 252
91 428
204 309
464 65
438 77
388 125
357 156
59 474
63 466
333 180
188 325
489 56
362 151
492 55
182 331
329 184
159 354
88 431
275 238
187 326
494 55
228 285
503 54
486 57
221 292
410 103
416 99
371 142
452 73
360 153
390 123
352 161
404 109
407 106
427 88
356 157
189 324
280 233
93 424
257 256
127 386
415 98
246 267
234 279
231 282
60 511
169 344
153 360
265 248
268 245
202 311
171 342
413 100
94 419
80 441
383 130
340 173
60 471
60 473
126 387
442 81
211 302
372 141
470 61
391 122
188 327
152 361
482 59
418 95
232 281
322 191
455 70
405 110
92 427
110 403
433 82
64 463
140 373
461 68
347 166
290 223
309 204
177 336
378 136
91 429
65 463
325 189
407 107
70 458
508 56
435 81
459 71
250 264
457 69
58 480
368 146
232 282
188 326
326 188
441 81
211 303
186 328
333 181
257 257
403 111
288 226
74 454
170 344
169 345
241 273
451 75
63 505
234 280
68 496
146 368
93 421
510 56
287 227
116 398
449 77
64 504
443 81
75 447
60 476
296 218
155 359
130 384
328 186
268 246
271 243
492 56
174 340
313 201
204 310
427 89
61 485
418 96
480 62
200 314
154 360
236 278
462 70
464 66
96 418
259 255
419 95
293 221
490 56
335 179
152 362
322 192
66 462
382 132
317 197
379 135
215 299
320 194
352 162
99 415
431 85
286 228
193 321
63 491
334 180
76 450
105 409
107 407
77 449
386 128
114 400
95 419
212 302
414 100
424 92
377 137
173 341
355 159
329 185
294 220
187 327
73 455
142 372
61 511
64 468
339 175
496 54
266 248
194 320
61 473
396 118
393 121
507 55
348 166
162 352
493 55
336 178
75 453
345 169
239 275
61 477
69 459
483 61
360 154
201 313
157 357
438 78
364 150
292 222
430 86
227 287
374 140
358 156
66 494
171 343
160 354
302 212
289 225
477 61
217 297
417 97
502 54
359 155
384 130
138 376
65 493
404 110
180 334
439 79
181 333
437 79
392 122
422 94
485 59
253 261
133 381
240 274
252 262
156 358
238 276
59 481
183 331
63 487
168 346
175 339
59 479
221 293
445 81
202 312
344 170
199 315
150 364
102 412
191 323
380 134
78 444
282 232
346 168
409 105
436 80
447 79
216 298
277 237
482 60
81 441
206 308
291 223
151 363
298 216
432 84
465 65
412 102
62 506
60 510
109 405
88 432
67 495
176 338
363 151
79 443
375 139
84 436
285 229
139 375
110 404
97 417
121 393
66 498
484 60
460 70
59 509
158 356
231 283
385 129
76 448
466 64
337 177
190 324
61 471
195 319
479 63
85 435
261 253
205 309
331 183
278 236
416 98
127 387
185 329
446 80
474 62
347 167
373 141
315 199
71 457
475 61
76 452
357 157
444 82
295 219
452 74
165 349
299 215
307 207
258 256
505 55
353 161
76 446
398 116
488 58
249 265
497 53
104 410
214 300
242 274
471 63
179 335
376 138
324 190
318 196
453 73
467 63
164 350
149 367
235 279
455 71
425 91
321 193
93 425
400 114
237 277
433 83
60 472
511 57
370 144
129 385
77 445
64 466
177 337
501 53
284 230
310 204
371 143
456 70
390 124
461 69
63 467
100 414
103 411
172 342
389 125
167 347
470 62
120 394
330 184
75 451
454 74
60 508
267 247
303 211
341 173
434 82
213 301
64 464
93 427
314 200
468 62
136 378
62 486
219 295
254 260
247 267
462 68
61 475
94 420
65 503
229 285
383 131
122 392
196 318
473 63
60 474
137 377
222 292
397 117
306 208
499 53
369 145
343 171
135 379
486 58
184 330
210 304
273 241
148 366
93 429
504 54
209 305
269 245
65 465
405 109
428 88
275 239
132 382
332 182
454 72
111 403
63 469
478 62
498 52
316 198
182 332
338 176
72 456
426 90
228 286
372 142
340 174
424 94
323 191
220 294
64 492
394 120
159 355
208 306
270 244
144 370
134 380
356 158
401 113
399 115
124 390
60 482
98 416
95 423
62 470
319 195
463 67
489 57
458 70
509 55
500 54
440 80
230 284
272 242
140 374
421 95
64 488
126 388
203 311
481 61
304 210
166 348
92 428
280 234
410 104
188 328
411 103
283 231
218 296
248 266
163 351
349 165
413 101
92 426
94 421
471 64
254 261
354 161
238 277
66 465
95 424
195 320
112 403
386 129
462 69
268 247
107 408
447 80
70 459
164 351
121 394
99 416
311 204
284 231
463 68
262 253
303 212
145 370
417 98
62 485
323 192
440 81
103 412
222 293
337 178
101 414
328 187
282 233
71 458
286 229
398 117
258 257
436 81
410 105
418 97
200 315
104 411
335 180
181 334
140 375
65 468
115 400
260 255
275 242
180 335
384 131
503 56
176 339
349 166
465 66
73 456
507 56
95 420
433 84
385 130
171 344
288 227
454 73
452 75
210 305
342 173
358 157
315 200
285 230
316 199
360 155
481 62
217 298
455 74
298 217
167 348
255 260
122 393
419 96
400 115
408 107
96 419
158 357
324 191
64 491
466 65
382 133
197 318
509 56
397 118
208 307
275 240
426 91
75 454
261 254
461 70
368 149
364 151
249 266
388 127
62 475
186 329
199 316
460 71
201 314
506 57
295 220
448 79
105 410
368 147
272 243
142 373
110 405
143 372
486 59
64 469
353 162
495 56
136 379
190 325
66 499
437 80
361 154
175 340
369 146
274 241
240 275
283 232
62 473
231 284
88 433
372 143
482 61
196 319
458 71
77 450
127 388
64 505
334 181
270 245
166 349
273 242
59 480
322 193
359 156
141 374
242 273
390 125
209 306
411 104
401 114
392 123
161 354
343 172
336 179
132 383
499 54
340 175
211 304
235 280
165 350
387 128
133 382
374 141
281 234
456 71
300 215
424 93
81 442
77 448
276 239
443 82
139 376
475 62
146 369
279 236
446 81
106 409
312 203
204 311
63 470
174 341
441 82
60 481
100 415
63 486
178 337
485 60
150 367
215 300
205 310
192 323
62 477
220 295
501 54
128 387
333 182
356 159
78 449
338 177
477 62
427 90
304 211
278 237
241 274
184 331
159 356
237 278
455 72
221 294
434 83
450 77
500 55
183 332
236 279
287 228
483 62
320 195
135 380
490 57
406 109
474 63
371 144
61 510
91 430
310 207
224 291
380 135
376 139
79 444
325 190
305 210
496 55
193 322
64 487
120 395
346 169
348 167
248 267
77 452
234 281
98 417
97 418
430 87
131 384
344 171
206 309
467 64
233 282
64 467
61 508
332 183
451 76
93 426
409 106
65 504
150 365
449 78
402 113
65 492
94 425
65 488
383 132
170 345
67 498
227 288
144 371
61 484
329 186
187 328
111 404
163 352
86 435
92 429
403 112
61 472
65 464
155 360
168 347
194 321
478 63
378 137
168 349
470 63
138 379
250 267
253 262
391 124
373 142
218 297
76 451
267 248
76 447
299 216
310 205
296 219
473 64
317 198
412 103
157 358
198 317
67 494
314 201
313 202
225 290
125 390
502 55
269 246
462 71
463 70
129 386
162 353
223 292
352 163
148 367
307 208
232 283
345 170
72 457
396 119
511 58
154 361
203 312
60 509
370 145
172 343
510 57
292 223
62 507
339 176
289 226
93 430
250 265
63 506
457 70
243 274
407 108
177 338
414 101
61 476
228 287
425 92
476 61
459 72
504 55
469 62
62 511
173 342
363 152
394 121
229 286
151 364
216 299
277 238
61 478
331 184
438 79
66 463
116 399
80 443
308 207
428 89
498 53
330 185
213 302
404 111
326 189
102 413
355 160
297 218
366 149
445 82
381 134
179 336
212 303
423 94
230 285
489 58
395 120
62 471
432 85
207 308
306 209
69 496
431 86
464 67
472 63
493 56
357 158
85 436
341 174
497 54
399 116
153 362
327 188
492 57
66 493
393 122
61 474
505 56
65 466
293 222
189 326
422 95
78 445
74 455
319 196
137 378
113 402
182 333
126 389
509 57
156 360
481 63
62 476
168 348
139 377
288 228
72 458
150 366
280 236
430 88
327 189
130 386
97 419
365 151
500 56
100 416
438 80
172 344
194 322
404 112
129 387
295 221
343 173
164 352
95 425
278 238
418 98
441 83
378 138
303 213
157 359
374 142
135 381
70 460
61 483
354 162
340 176
80 444
410 106
256 260
464 68
461 71
253 263
148 368
114 402
207 309
237 281
127 389
61 481
177 339
197 319
231 285
63 475
66 500
439 81
238 278
102 414
270 248
275 241
305 211
65 469
475 63
369 147
121 395
257 259
311 205
434 84
66 492
505 57
419 97
383 133
470 64
124 392
297 219
446 82
289 227
326 190
356 162
95 421
63 485
237 279
279 237
234 282
233 283
459 73
67 493
338 178
62 484
300 216
199 317
63 471
331 185
62 510
468 64
101 415
317 199
479 65
65 467
496 56
155 361
499 55
306 210
465 67
66 468
344 172
502 56
65 489
66 504
261 255
254 262
190 326
88 434
212 304
511 59
402 114
372 144
105 411
217 299
132 384
379 137
225 291
373 143
381 135
292 224
473 65
228 288
205 311
286 230
315 201
363 153
413 103
270 246
65 487
385 131
61 479
64 486
147 369
485 61
276 240
334 182
128 388
429 89
170 346
478 64
452 76
98 418
201 315
216 300
393 123
193 323
134 382
81 443
229 287
386 130
96 424
163 353
409 107
249 267
506 58
243 273
451 77
486 60
184 332
274 242
368 148
77 451
90 432
210 306
154 362
371 145
395 121
277 239
401 115
267 249
145 371
329 187
443 83
67 499
432 86
501 55
161 355
251 265
62 474
240 276
316 200
186 330
495 57
260 256
301 215
397 119
309 207
103 413
78 450
180 336
239 277
294 222
64 470
357 159
469 63
106 410
335 181
62 508
370 146
384 132
62 478
262 254
396 120
86 436
64 506
437 81
141 375
433 85
113 403
425 93
159 357
407 109
119 397
462 72
244 274
477 63
302 214
221 295
171 345
304 212
183 333
204 312
436 82
131 385
181 335
423 95
120 396
78 452
123 393
313 203
503 57
392 124
65 505
111 405
61 509
440 82
388 128
493 57
366 150
153 363
359 157
310 206
487 59
350 166
66 464
507 57
367 149
215 301
482 62
380 136
220 296
337 179
414 102
67 465
208 308
447 81
152 364
284 232
427 91
345 171
353 163
428 90
389 127
476 62
65 491
77 447
109 407
471 65
125 391
79 449
226 290
224 292
63 507
192 324
85 437
178 338
165 351
62 472
167 349
333 183
115 401
122 394
67 503
218 298
63 511
398 118
195 321
175 341
356 160
375 141
411 105
328 188
325 191
99 417
498 54
312 204
460 72
290 226
376 140
73 457
504 56
214 302
472 64
492 58
158 358
74 456
230 286
87 435
348 168
79 445
223 293
63 477
268 248
298 218
69 495
457 71
75 455
358 158
449 79
377 139
456 72
296 220
182 334
71 459
341 175
112 404
346 170
362 154
293 223
68 462
339 177
69 461
235 281
342 174
408 108
349 167
273 243
206 310
144 372
308 208
142 374
463 69
169 347
387 129
466 66
489 59
137 379
108 408
323 193
455 73
361 155
272 244
390 126
89 433
202 314
185 331
198 318
92 430
68 494
227 291
491 57
209 307
96 420
250 266
211 305
60 480
66 466
412 104
258 258
336 180
391 125
426 92
259 257
166 350
200 316
271 245
64 490
196 320
347 169
458 72
510 58
138 378
484 62
283 233
266 250
241 275
324 192
162 354
314 202
187 329
355 161
394 122
116 400
322 194
174 342
66 488
107 409
400 116
160 356
403 113
448 80
281 235
411 107
320 196
94 426
330 186
399 117
450 78
315 202
262 255
335 182
233 284
493 58
357 160
303 214
67 492
498 55
139 378
177 340
465 68
370 147
241 276
64 475
192 325
215 302
408 109
321 196
341 176
66 467
64 485
142 375
293 224
158 359
436 83
458 73
392 125
209 308
450 79
238 279
207 310
65 506
98 419
480 65
104 413
496 57
379 138
396 121
338 179
220 297
367 150
329 188
145 372
173 344
339 178
457 72
239 278
473 66
297 220
237 282
415 102
63 476
461 72
67 468
218 299
324 193
471 66
217 300
298 219
198 319
131 386
153 364
221 296
175 342
155 362
389 128
323 194
404 113
126 391
302 215
62 509
288 229
278 239
410 107
165 352
96 421
199 318
407 110
416 101
271 246
361 156
88 435
151 366
62 479
141 376
479 66
230 287
261 256
67 464
364 153
260 257
453 76
364 155
286 231
116 401
283 234
487 60
108 409
229 288
294 223
163 354
92 431
122 395
123 394
113 404
63 484
203 314
405 112
64 477
423 96
440 83
459 74
314 203
301 216
154 363
193 324
266 251
258 259
73 458
274 243
466 67
295 222
231 286
96 425
510 59
356 161
63 474
234 283
67 504
451 78
163 356
308 209
290 227
257 260
67 488
369 148
206 311
373 144
333 184
80 445
74 457
430 89
438 81
385 134
267 250
273 244
109 408
253 264
460 73
67 502
232 285
376 141
179 338
66 487
140 377
130 387
64 507
205 312
354 163
135 382
320 197
382 135
347 170
374 143
391 126
332 185
287 230
166 351
393 124
349 168
491 58
411 106
146 371
196 321
101 416
504 57
326 191
117 400
482 63
67 466
124 393
248 269
340 177
362 155
375 142
284 233
289 228
125 392
509 58
400 117
292 225
63 508
66 505
255 262
268 249
134 383
197 320
419 98
65 486
279 238
413 104
363 154
67 500
281 236
464 69
249 268
224 293
64 473
201 316
485 62
225 292
495 58
171 346
110 407
346 171
469 64
66 469
336 181
342 175
184 333
70 461
483 64
97 420
147 370
65 490
394 123
353 164
406 111
169 348
69 494
474 65
100 417
118 399
78 451
429 90
348 169
211 306
82 443
269 248
441 84
467 66
381 136
366 151
172 345
80 449
428 91
470 65
105 412
499 56
360 157
156 361
399 118
397 120
120 397
330 187
448 81
395 122
222 295
63 472
305 212
87 436
427 92
385 132
468 65
227 290
505 58
327 190
200 317
86 437
350 167
194 323
511 60
475 64
186 331
144 373
437 82
62 483
299 218
442 83
187 330
434 85
439 82
409 108
307 210
183 334
494 57
132 385
435 84
174 343
507 58
227 292
500 57
501 56
432 87
148 369
167 350
64 511
417 100
72 459
270 247
235 282
433 86
280 237
476 63
312 205
377 140
162 355
263 256
456 73
384 133
76 455
63 510
355 162
334 183
426 93
129 388
68 503
212 305
497 56
95 426
472 65
90 433
127 390
180 337
263 254
240 277
68 493
478 65
331 186
161 356
414 103
449 80
102 415
371 146
311 206
216 301
137 380
477 64
78 453
402 115
328 189
226 291
78 447
68 463
418 99
181 336
358 159
114 403
159 358
112 405
121 396
345 172
99 418
380 137
317 200
195 322
506 59
208 309
318 199
401 116
276 241
71 460
136 381
79 446
128 389
251 266
282 235
62 481
372 145
219 298
111 406
492 59
89 434
319 198
91 432
309 208
403 114
285 232
244 273
199 320
236 281
191 326
378 139
119 398
447 82
489 60
160 357
337 180
152 365
344 173
271 248
414 105
65 470
176 341
213 304
313 204
256 261
66 489
61 480
387 130
79 450
107 410
170 347
306 211
304 213
69 462
66 491
228 289
325 192
383 134
296 221
438 82
192 326
113 405
480 66
404 114
160 358
364 154
442 84
173 345
141 377
345 173
484 64
80 448
279 241
148 370
284 234
390 128
505 59
200 318
434 86
340 178
328 190
336 182
337 181
216 302
290 228
226 292
486 62
130 388
461 73
197 321
236 282
324 194
75 457
454 76
457 73
81 445
472 66
301 217
217 301
294 224
262 256
72 460
357 161
140 378
417 101
309 209
387 131
396 122
189 329
157 361
257 261
184 334
315 203
474 66
78 454
313 205
165 353
264 254
67 491
306 212
228 290
66 486
450 80
433 87
260 258
98 424
400 118
419 99
358 160
142 376
83 443
252 266
97 421
354 164
303 215
67 489
186 332
149 369
305 213
63 509
79 447
239 279
437 83
201 317
65 475
298 220
240 278
261 259
203 315
292 226
389 129
64 508
206 312
170 348
439 83
208 310
156 362
508 58
366 152
221 299
63 479
153 365
277 241
394 124
322 196
147 371
491 59
89 435
282 236
238 280
349 169
402 116
96 422
307 211
128 390
164 356
317 201
334 184
489 61
96 426
384 134
401 117
395 123
207 311
220 298
143 375
351 167
341 177
392 126
344 174
370 148
155 363
67 487
458 74
80 450
145 373
362 156
283 235
479 67
477 65
67 505
299 219
126 392
66 506
136 382
436 84
348 170
343 175
67 469
103 415
495 59
281 237
353 165
120 398
97 425
367 151
227 293
476 64
64 478
162 356
287 231
473 67
500 58
127 391
374 144
80 452
427 93
302 218
266 252
347 171
242 276
268 250
329 189
314 204
429 91
269 249
381 137
350 168
391 127
469 65
188 330
509 59
132 386
415 103
231 287
191 327
171 347
223 295
377 141
416 102
459 75
68 488
487 61
211 307
177 341
112 406
492 60
105 413
64 476
355 163
297 221
118 400
99 419
448 82
68 466
161 357
245 273
259 259
66 470
460 74
87 437
449 81
146 372
272 246
467 67
131 387
178 340
125 393
175 343
122 396
331 187
410 108
102 416
412 106
271 247
293 225
98 420
92 432
233 285
376 142
90 434
210 308
485 63
158 360
193 325
64 510
507 59
176 342
261 257
325 193
64 472
241 277
494 58
144 374
219 299
255 263
373 145
64 474
406 112
161 359
372 146
232 286
273 245
482 64
360 158
65 471
267 251
497 57
452 78
346 172
180 338
218 300
62 480
426 94
496 58
76 456
230 288
116 402
383 135
320 198
119 399
397 121
480 70
333 185
196 322
432 88
405 113
62 482
205 313
135 383
224 294
385 135
274 244
68 464
319 199
408 110
409 109
493 59
63 481
365 153
81 449
420 98
447 83
215 303
379 139
80 446
64 484
225 293
159 359
280 238
371 147
68 504
199 319
164 354
167 351
209 309
114 404
321 197
152 366
111 407
109 409
342 176
278 240
361 157
423 97
137 381
501 57
435 85
468 66
471 67
174 344
185 333
71 461
279 239
68 468
88 436
198 320
498 56
304 214
179 339
204 314
291 227
465 69
490 60
221 297
289 229
172 346
235 283
375 143
296 222
254 264
382 136
247 271
504 58
166 352
510 60
67 467
86 438
430 90
154 364
470 66
229 289
312 206
187 331
388 130
181 337
69 463
66 490
414 104
190 328
339 179
67 501
431 89
246 272
101 417
288 230
363 155
295 223
249 269
102 418
403 115
393 125
214 304
129 389
74 458
79 451
385 133
253 265
202 316
407 111
451 79
69 493
398 120
82 444
107 411
124 394
100 418
263 255
326 192
248 270
213 305
163 355
424 96
65 477
194 324
386 132
359 159
73 459
134 384
183 335
63 483
286 232
234 284
399 119
318 200
413 105
440 84
68 492
418 100
278 241
65 484
215 304
243 276
429 92
204 315
82 445
96 427
86 441
374 145
484 65
160 359
248 271
100 419
376 143
156 363
207 312
142 377
103 416
313 206
431 90
398 127
353 166
69 504
470 67
370 149
129 390
212 307
79 454
408 111
69 502
166 353
87 438
224 295
461 74
154 365
322 197
182 337
386 133
397 126
141 378
198 321
441 86
90 435
297 222
448 83
197 322
246 273
314 205
174 345
349 170
186 333
478 67
439 84
134 385
110 409
91 434
309 210
132 387
175 344
256 263
480 69
195 324
137 382
76 457
102 417
455 76
214 305
286 233
389 130
366 153
257 262
109 410
69 464
290 229
481 66
80 453
118 401
152 367
201 318
315 204
92 433
303 216
299 220
181 338
66 471
440 85
464 71
320 199
396 125
379 140
352 167
126 393
205 314
235 284
372 147
398 121
77 456
185 334
466 69
72 461
127 392
202 317
453 78
138 381
80 451
67 486
500 59
281 238
450 81
301 218
328 191
454 77
236 283
456 75
211 308
491 60
68 487
81 452
203 316
390 129
422 99
375 146
384 135
220 299
355 164
275 244
499 58
192 327
164 355
410 109
200 319
293 226
73 460
93 432
113 406
480 67
300 219
99 424
479 68
430 91
68 467
305 214
81 450
449 82
413 106
347 172
221 300
336 183
117 402
249 270
294 225
171 348
310 209
223 296
65 508
168 351
97 426
473 68
173 346
128 391
338 181
378 141
63 480
65 474
75 458
272 247
98 425
458 75
318 201
501 58
80 447
360 159
227 294
285 234
259 260
70 503
490 61
78 455
417 102
438 83
98 421
369 150
82 449
115 404
140 379
241 278
415 104
497 58
180 339
254 265
108 411
291 228
136 383
381 138
477 66
483 66
135 384
218 301
400 119
343 176
172 347
97 422
287 232
65 476
361 158
269 250
229 290
262 257
397 122
261 258
405 114
64 481
403 116
332 187
101 418
189 330
351 168
66 477
467 68
191 328
273 246
292 227
302 217
406 113
222 297
489 62
359 160
121 398
469 66
488 61
368 151
239 280
178 341
329 190
112 407
225 294
258 261
362 157
125 394
371 148
66 507
208 311
260 259
64 483
210 309
71 494
487 62
437 84
68 489
482 65
213 306
234 285
472 67
265 254
67 490
240 279
433 88
295 224
358 161
267 252
99 420
356 165
493 60
64 479
106 413
340 179
416 103
407 112
279 242
144 375
321 198
183 336
170 349
131 388
348 171
68 505
396 123
149 370
162 357
365 154
442 85
161 358
306 213
69 492
209 310
89 436
452 79
206 313
114 405
331 188
233 286
280 241
341 178
334 185
107 412
434 87
485 64
465 70
251 268
242 277
123 396
165 354
344 175
120 399
418 101
508 59
194 325
350 169
345 174
111 408
116 403
268 251
283 236
148 371
255 264
504 59
393 126
63 482
409 110
492 61
326 193
496 59
247 272
351 170
68 501
424 97
419 100
476 65
133 386
217 302
83 444
69 488
264 255
392 127
282 237
363 156
427 94
308 211
509 60
153 366
495 60
402 117
67 506
105 414
122 397
280 239
70 463
388 131
277 242
401 118
176 343
196 323
391 128
457 74
88 437
325 194
288 231
159 360
167 352
153 368
67 470
266 253
230 289
319 200
339 180
143 376
64 509
279 240
375 144
250 269
226 293
486 63
346 173
479 70
193 326
155 364
276 243
66 485
373 146
71 462
187 332
382 137
394 125
252 267
284 235
158 361
342 177
69 466
333 186
335 184
119 400
420 99
436 85
104 415
65 472
451 80
274 245
190 329
146 373
298 221
184 335
498 57
494 59
81 448
188 331
70 493
474 67
222 299
231 288
411 109
257 263
194 326
83 445
192 328
335 185
478 68
142 378
190 330
382 138
498 58
450 82
318 202
388 132
372 148
113 407
310 210
256 264
470 68
134 386
425 97
120 400
95 431
119 401
267 253
99 421
72 462
353 167
491 61
129 391
136 384
107 413
232 288
398 122
68 486
433 89
181 339
114 406
504 60
145 375
101 419
283 237
337 183
481 67
488 62
65 481
171 349
230 290
249 271
251 269
81 453
122 398
207 313
330 190
259 261
285 235
303 217
501 59
384 136
296 224
336 184
84 444
236 284
469 67
370 150
273 247
220 300
499 59
434 88
307 213
248 272
175 345
189 331
326 194
222 298
154 366
111 409
186 334
66 478
278 242
147 375
81 447
89 437
474 68
202 318
509 61
430 92
69 465
166 354
231 289
407 113
212 308
69 499
70 504
276 244
341 179
383 137
173 347
366 154
126 394
66 474
369 151
217 303
452 80
153 367
152 368
65 483
67 507
320 200
396 124
291 229
69 491
149 371
242 278
329 191
66 510
170 350
356 164
127 393
397 125
225 295
306 214
403 117
69 487
358 162
431 91
473 69
253 267
144 376
397 127
244 276
103 417
458 76
432 90
290 230
362 158
64 482
100 420
443 85
74 460
223 297
106 414
250 270
254 266
140 380
344 176
367 153
487 63
85 443
118 402
266 254
70 502
400 120
218 302
216 304
191 329
67 471
448 84
165 355
497 59
147 373
295 225
503 59
177 343
157 363
71 463
67 485
162 358
82 450
404 116
211 309
69 489
439 85
418 102
174 346
467 69
345 175
268 252
131 389
108 412
68 490
477 67
440 86
416 104
70 466
280 240
342 178
92 434
490 62
478 70
340 180
338 182
455 77
128 392
138 382
125 395
82 446
472 68
294 226
68 470
355 165
235 285
287 233
75 459
240 280
87 441
133 387
468 68
347 173
156 364
265 255
143 377
81 451
313 207
116 404
284 236
277 243
282 238
395 125
496 60
363 157
179 341
316 204
465 71
441 87
123 397
252 268
71 503
328 192
413 107
208 312
210 310
224 296
109 411
64 480
121 399
241 279
184 336
343 177
209 311
304 216
354 166
195 325
176 344
288 232
76 458
466 70
420 100
454 78
476 66
141 379
159 361
359 161
324 196
323 197
91 435
406 114
374 146
178 342
66 472
160 360
350 170
333 187
322 198
90 436
299 221
69 505
80 454
435 87
480 68
309 211
301 219
270 250
314 208
325 195
158 362
229 291
77 457
379 141
424 98
167 353
188 332
286 234
332 188
281 239
315 205
348 172
155 365
157 365
204 316
71 493
87 439
377 143
297 223
185 335
422 100
65 509
151 369
148 372
262 258
98 422
97 427
292 228
508 60
293 227
453 79
428 94
371 149
215 305
104 416
67 477
321 199
351 169
349 171
479 69
96 428
247 273
110 410
317 203
298 222
475 67
449 83
69 467
485 65
99 423
203 317
408 112
305 215
83 449
409 111
213 307
319 201
456 76
168 352
112 408
300 220
94 432
82 448
399 121
457 75
86 442
182 338
419 101
421 99
401 119
397 123
239 281
274 246
482 66
232 290
198 322
196 324
70 488
234 286
72 494
260 260
150 370
492 62
387 133
73 461
130 390
393 127
464 72
494 60
460 76
70 464
391 129
436 86
495 61
255 265
79 455
66 476
402 118
66 508
360 160
69 501
352 168
246 274
375 145
427 95
275 245
226 294
398 126
390 130
489 63
381 139
67 511
99 425
334 186
88 438
339 181
463 73
70 492
187 333
183 337
346 174
410 110
493 61
376 144
438 84
378 142
412 108
219 301
486 64
201 319
214 306
483 67
205 315
462 74
101 424
395 126
467 70
490 63
248 277
187 334
73 462
283 238
481 68
75 460
110 411
504 61
99 426
177 344
220 301
96 429
361 160
67 508
424 99
415 106
199 322
405 116
83 446
340 181
473 70
330 191
315 206
82 447
71 492
350 171
173 348
70 467
210 311
248 273
426 97
204 317
496 61
83 448
482 67
69 500
301 220
87 442
88 441
309 212
182 339
483 68
362 159
338 183
144 377
117 404
383 138
70 501
413 108
379 142
68 507
409 112
77 458
224 297
307 214
299 222
503 60
234 287
68 471
491 62
229 292
188 333
498 59
277 244
407 114
493 62
474 69
209 312
382 139
463 74
115 406
457 76
458 77
313 208
431 92
85 444
477 68
390 133
456 77
68 511
441 88
453 80
324 197
468 69
247 274
233 288
238 283
70 465
69 490
319 202
292 229
132 389
92 435
435 88
240 281
367 154
197 326
374 147
150 371
147 374
114 407
417 104
78 457
260 261
469 68
384 137
213 308
267 254
66 481
67 510
282 239
509 62
201 320
145 376
94 433
88 439
101 420
452 81
416 105
266 255
443 86
352 169
184 337
171 350
66 473
297 224
461 76
190 331
419 102
331 190
472 69
158 365
120 401
81 454
508 61
494 61
66 479
122 399
125 396
104 417
166 355
130 391
310 211
403 118
397 124
464 73
108 413
203 318
387 134
363 158
273 248
67 484
67 472
128 393
273 250
347 174
99 422
306 215
218 303
73 494
116 405
72 495
406 115
185 336
437 86
364 157
89 438
275 246
230 291
72 463
271 250
368 153
136 385
112 409
256 265
281 240
100 423
478 69
72 493
66 483
167 354
263 258
232 291
65 482
68 485
202 319
433 90
170 351
371 150
390 131
476 67
269 252
391 130
388 133
176 345
370 151
255 266
288 233
243 278
412 109
156 365
95 432
408 113
439 86
398 123
151 370
321 200
373 148
196 325
410 111
401 120
318 203
179 342
323 198
226 295
86 443
143 378
449 84
251 270
168 353
327 194
219 302
264 257
326 195
316 205
286 235
287 234
485 66
67 474
253 268
317 204
186 335
247 276
140 381
291 230
96 431
378 143
217 304
200 321
289 232
265 256
341 180
135 386
423 100
285 236
169 352
497 60
381 140
344 177
296 225
294 227
353 168
175 346
69 506
119 402
66 509
399 126
335 186
235 286
189 332
225 296
311 210
111 410
233 290
198 323
72 503
214 307
360 161
107 414
257 264
499 60
396 127
206 315
394 127
470 69
160 361
434 89
377 144
100 425
436 87
88 443
211 310
455 78
488 63
152 369
80 455
70 489
369 152
475 68
342 179
118 403
304 217
438 85
308 213
355 166
250 271
501 60
97 428
328 193
284 237
157 366
402 119
372 149
325 196
460 77
237 284
127 394
444 85
345 176
428 95
158 363
442 87
365 156
399 122
241 280
278 243
359 162
400 121
134 387
231 290
329 192
380 141
440 87
334 187
197 324
484 67
346 175
358 163
91 436
357 164
70 499
332 189
487 64
293 228
100 421
274 247
343 178
244 277
389 132
392 129
195 326
239 282
433 92
123 398
76 459
146 375
272 249
489 64
305 216
448 85
124 397
141 380
183 338
421 100
249 272
149 372
159 362
71 502
70 505
138 383
336 185
492 63
254 267
376 145
270 251
418 103
71 504
109 412
466 71
337 184
105 416
67 476
450 83
414 107
154 367
142 379
90 437
252 269
398 125
215 306
193 328
191 330
194 327
432 91
258 263
427 96
393 128
207 314
106 415
70 487
465 72
157 364
486 65
232 289
74 461
495 62
93 434
349 172
65 480
70 491
174 347
298 223
89 440
113 408
163 358
178 343
82 451
223 298
84 449
314 209
412 110
274 248
338 184
198 324
388 134
150 372
409 113
109 413
217 305
435 89
139 383
236 286
489 65
71 489
432 92
157 367
96 430
101 421
369 153
242 280
377 145
112 410
429 95
346 176
485 67
194 332
310 212
251 271
465 73
69 511
177 345
417 105
286 236
110 412
166 356
476 68
439 87
503 61
333 189
88 442
335 187
309 213
296 226
178 344
219 303
68 508
447 85
501 61
427 97
462 76
391 131
212 310
130 392
505 61
102 420
137 385
360 162
461 77
138 384
475 69
402 120
413 109
477 69
425 99
452 82
125 397
73 503
71 491
119 403
90 438
99 427
171 353
115 407
271 251
381 141
103 419
66 482
128 394
283 239
394 128
120 402
160 362
379 143
69 477
391 133
421 101
441 89
70 486
182 340
498 60
224 298
71 501
272 250
96 432
410 112
406 116
67 479
155 367
68 476
230 292
124 398
100 422
334 188
216 306
331 191
463 75
206 316
326 196
246 276
146 376
237 285
215 307
126 396
363 159
312 210
438 86
213 309
337 185
298 224
269 253
383 139
457 77
358 164
247 275
200 322
254 268
320 202
482 68
248 274
72 502
430 94
456 78
148 374
80 456
385 137
231 291
348 174
225 297
70 506
179 343
83 451
270 252
77 459
167 355
101 423
194 328
468 70
366 156
84 446
214 308
152 370
68 472
73 495
329 193
407 115
365 157
399 123
244 278
416 106
220 302
81 455
400 122
297 225
404 118
169 353
266 256
484 68
241 281
268 254
208 314
195 327
186 336
159 365
72 504
471 69
199 323
101 425
374 148
470 70
389 133
250 272
97 429
466 72
507 61
258 264
384 138
367 155
151 371
304 218
253 269
69 507
263 259
192 330
275 247
173 349
260 262
196 326
73 463
66 480
265 257
226 296
212 312
111 411
247 277
415 107
172 350
378 144
183 339
492 64
504 62
392 130
162 360
284 238
313 209
140 382
102 424
74 494
204 318
362 160
434 90
257 265
368 154
89 441
187 335
205 317
209 313
324 198
349 173
239 283
496 62
398 124
287 235
282 240
259 263
327 195
261 261
454 80
189 333
483 69
392 134
161 361
71 505
437 87
347 175
144 378
382 140
163 359
72 492
387 135
69 485
121 401
78 458
158 364
72 496
401 121
386 136
321 201
174 348
322 200
339 183
405 117
289 233
122 400
423 101
181 341
288 234
190 332
419 103
316 206
255 267
445 85
428 96
292 230
494 62
436 88
243 279
71 467
104 418
472 70
98 428
497 61
444 86
393 129
350 172
488 64
493 63
359 163
345 177
201 321
240 282
252 270
235 287
67 509
129 393
90 440
86 444
67 473
134 388
67 475
311 211
141 381
175 347
85 449
453 81
451 83
117 405
71 487
318 204
307 215
85 445
211 311
91 437
353 169
426 98
84 448
342 180
135 387
67 483
442 88
459 77
159 363
448 86
156 366
490 64
370 152
414 108
71 465
390 132
491 63
97 431
84 450
377 147
136 386
433 91
185 337
267 255
508 62
133 389
343 179
79 457
73 493
440 88
305 217
340 182
100 426
113 409
68 484
67 481
105 417
460 78
354 168
464 74
384 140
145 377
373 149
487 65
395 127
399 125
82 454
83 447
323 199
238 284
474 70
264 258
315 207
171 351
276 246
355 167
68 510
142 380
328 194
371 151
249 273
197 325
94 434
89 439
300 222
93 435
278 244
336 186
303 219
184 338
467 71
118 404
143 379
108 414
destination
