map
random512-15-7.map
pivot
500 497
agent & start
58 455
170 329
54 459
445 66
138 361
366 133
317 182
53 460
149 350
316 183
343 156
214 285
186 313
446 65
376 125
337 162
50 463
502 41
475 50
350 149
141 358
57 456
466 51
224 275
278 221
189 310
450 61
51 462
136 363
227 272
476 51
124 375
53 500
151 348
49 488
51 466
121 378
346 153
409 90
237 262
302 197
76 429
74 431
425 76
94 405
223 276
381 118
356 143
488 43
51 494
497 40
51 498
125 374
468 49
162 337
245 254
304 195
420 81
105 394
161 338
293 206
154 345
500 39
269 230
195 304
272 227
256 243
49 504
220 279
103 396
247 252
126 373
61 448
469 48
310 189
108 391
352 147
178 321
62 447
207 292
489 42
327 172
46 477
106 393
156 343
418 83
509 40
210 289
487 44
392 107
334 165
351 148
485 44
402 97
499 40
359 140
406 93
380 119
191 308
315 184
353 146
113 386
348 151
441 66
308 191
56 457
63 450
128 371
97 402
442 67
62 451
50 491
66 441
193 306
291 208
353 148
480 47
371 128
263 236
153 346
51 502
412 87
311 188
268 231
257 242
354 145
129 370
362 137
62 449
234 265
365 134
171 328
382 117
461 54
49 464
69 438
286 215
449 62
331 168
199 300
201 298
506 41
361 138
133 366
448 63
213 286
92 407
396 103
246 253
436 65
411 88
455 58
208 291
433 68
335 164
285 214
498 39
408 91
59 454
173 326
50 493
167 332
386 113
98 401
46 475
385 114
479 48
369 130
47 472
229 270
155 344
342 157
459 56
493 42
131 368
200 299
89 410
510 41
325 174
150 349
255 244
71 436
177 322
410 89
444 67
258 243
238 261
294 207
474 49
127 372
284 215
398 101
322 177
120 379
72 433
283 216
226 273
452 59
84 415
104 395
108 393
419 82
49 492
427 74
48 505
236 263
360 139
477 50
394 105
70 437
297 202
306 193
289 210
187 312
267 232
160 339
182 317
157 342
230 269
309 190
244 255
166 333
188 311
314 185
501 40
228 271
222 277
333 166
307 192
288 211
504 43
55 458
274 225
144 355
507 42
299 200
75 430
262 237
328 171
198 301
87 412
45 478
440 67
190 309
240 259
484 45
301 198
312 187
76 431
241 258
148 351
52 497
443 68
212 287
248 251
467 50
364 135
147 352
50 503
109 390
71 434
80 423
264 235
192 307
345 154
292 207
47 482
358 141
96 403
332 167
297 204
63 446
458 57
273 226
393 106
158 343
180 319
52 499
275 224
205 294
470 49
49 506
90 409
185 314
168 331
462 53
221 278
363 136
65 442
505 42
422 79
421 80
204 295
344 157
250 249
159 340
349 150
465 52
50 469
464 53
233 266
279 220
313 186
216 283
158 341
266 233
231 268
61 452
478 49
259 240
68 439
254 245
132 367
481 46
67 440
456 57
323 176
169 330
339 160
49 490
508 41
305 194
370 129
344 155
439 66
416 83
432 69
115 384
483 46
460 55
218 281
430 71
48 487
102 397
265 234
357 142
45 480
260 239
277 222
52 501
423 78
93 406
49 486
261 238
383 116
47 476
389 110
179 320
172 327
51 468
122 377
397 102
408 93
119 380
86 413
164 335
511 42
234 267
88 411
373 126
340 159
270 229
181 318
64 445
395 104
251 248
388 111
232 267
367 132
176 323
300 199
49 470
91 408
96 405
338 161
143 356
486 43
145 354
399 100
454 59
413 86
377 124
258 241
45 510
183 316
384 115
209 290
242 257
215 284
80 425
426 75
130 371
134 365
415 84
85 414
163 336
280 219
482 47
135 364
391 108
48 471
303 196
73 432
77 428
282 217
175 324
52 495
463 52
447 64
50 465
114 385
494 43
377 126
341 158
139 360
453 58
379 120
428 73
174 325
253 246
330 169
142 357
407 92
329 170
298 201
271 228
424 77
496 41
403 96
100 399
206 293
378 121
326 173
252 247
79 424
429 72
372 128
97 403
307 193
464 54
308 192
51 493
209 291
293 207
301 199
183 317
318 182
497 41
421 81
442 68
461 55
419 83
220 280
438 66
52 468
418 84
436 66
137 363
426 76
476 52
179 321
446 66
207 293
309 191
172 328
481 47
193 307
53 501
342 158
72 434
467 51
498 40
145 355
164 336
316 184
489 43
54 460
327 173
50 470
364 136
243 257
312 188
49 487
234 266
274 226
268 232
457 59
328 172
252 248
80 426
180 320
317 183
463 53
128 372
484 46
171 329
448 64
62 448
509 41
455 59
217 283
46 478
310 190
410 90
74 432
376 126
53 497
406 94
192 308
358 142
469 49
451 61
392 108
502 42
433 69
62 452
229 271
109 391
141 359
333 167
434 68
125 375
460 56
380 120
50 486
280 220
321 179
264 236
474 50
47 473
160 340
325 175
271 229
86 414
104 396
303 197
165 335
167 333
270 230
50 490
60 454
334 166
173 327
136 364
91 409
154 346
73 435
227 273
49 471
254 246
429 73
101 399
260 240
198 302
491 43
306 194
89 411
201 299
131 369
58 456
408 94
241 259
105 395
416 84
389 111
382 118
428 74
493 43
98 402
246 254
440 68
479 49
439 67
284 216
332 168
367 133
212 288
387 113
50 488
51 465
447 65
97 405
109 393
57 457
143 357
339 161
272 228
486 44
385 115
47 481
147 353
253 247
402 98
302 198
407 93
54 496
110 390
482 48
368 132
269 231
415 85
157 343
444 68
507 43
65 445
496 42
166 334
103 397
175 325
353 147
453 59
159 341
285 215
50 492
63 449
366 134
96 404
279 221
298 202
369 131
404 98
341 159
441 67
355 145
206 294
488 44
412 88
445 67
64 446
281 219
47 477
242 258
200 300
505 43
393 107
277 223
210 290
219 281
430 72
67 441
211 289
81 423
177 323
233 267
373 127
340 160
148 352
238 262
114 386
400 100
49 505
388 112
191 309
224 276
360 140
330 170
450 62
116 384
397 103
182 318
122 378
132 368
423 79
245 255
251 249
300 200
379 121
390 110
319 181
483 47
189 311
46 474
236 264
237 263
244 256
142 358
223 277
359 143
449 63
99 401
77 429
88 412
140 360
115 385
420 82
275 225
208 292
283 217
77 431
485 45
52 462
458 58
230 270
396 104
231 269
292 208
52 502
370 130
87 413
335 165
395 105
188 312
214 286
363 137
71 437
68 440
347 155
51 469
149 351
297 203
265 235
48 472
384 116
323 177
401 99
350 150
228 272
56 458
190 310
79 427
427 75
222 280
205 295
52 466
331 169
63 451
113 387
80 424
322 178
411 89
50 504
121 379
204 296
258 242
52 470
156 344
259 241
186 314
55 501
282 218
63 447
386 114
218 282
326 174
399 101
162 338
403 97
266 234
133 367
130 370
452 60
138 362
235 265
216 284
409 91
85 415
73 433
508 42
106 394
221 279
70 438
456 58
257 243
155 345
187 313
199 301
359 141
53 461
52 498
170 330
487 45
361 139
352 148
262 238
53 495
349 151
184 316
314 186
169 331
78 428
61 453
185 315
424 78
357 143
414 86
151 349
311 189
55 459
93 407
90 410
299 201
94 406
54 500
144 356
472 50
261 239
346 154
383 117
139 361
129 371
127 373
398 102
338 162
196 304
95 405
119 381
102 398
478 50
59 455
304 196
454 60
163 337
468 50
365 135
76 430
202 298
354 146
108 392
368 134
374 126
313 187
480 48
289 211
378 124
46 510
500 40
50 464
506 42
345 155
462 54
120 380
215 285
276 224
422 80
510 42
391 109
45 479
48 476
66 442
51 491
305 195
351 149
47 475
466 52
174 326
181 319
248 252
53 499
81 425
222 278
511 43
47 511
135 365
134 366
344 156
203 297
255 245
163 338
324 177
52 467
62 453
501 42
146 355
388 113
164 337
453 60
102 399
172 329
346 155
472 51
177 324
116 385
305 196
352 149
104 397
321 180
285 216
64 449
455 60
249 252
147 354
405 98
49 476
80 427
426 77
393 108
51 504
392 109
81 424
149 352
409 92
194 307
423 80
86 415
444 69
323 178
359 144
422 81
52 489
192 311
156 345
271 230
181 320
404 97
54 497
451 62
282 219
55 500
362 139
395 106
53 466
150 351
69 440
52 463
106 395
292 209
52 469
53 498
500 41
506 43
247 254
418 85
254 249
250 251
63 454
64 451
199 302
57 458
151 350
322 179
264 237
509 42
232 269
304 197
336 165
489 44
299 202
245 256
333 170
257 244
160 341
330 171
456 59
386 115
367 134
482 49
411 90
385 116
145 356
267 234
265 236
55 460
314 187
442 69
111 390
312 189
121 382
78 429
434 69
483 48
447 66
492 43
381 120
82 423
74 435
187 314
100 401
231 270
510 43
340 161
428 75
186 315
46 479
474 51
77 430
66 443
189 312
390 111
112 389
131 370
101 400
91 410
47 510
240 261
205 296
51 490
421 82
481 48
222 279
261 240
363 138
95 406
192 309
115 386
235 266
256 245
452 61
331 170
467 52
53 494
407 94
61 454
497 42
485 46
486 45
303 198
508 43
48 475
200 301
184 317
410 91
221 280
406 95
203 298
82 425
142 359
196 305
301 200
368 133
52 491
462 55
369 132
230 271
239 262
171 330
53 462
308 193
293 208
98 403
246 255
54 499
437 66
140 361
376 127
50 487
153 348
300 201
217 284
334 167
215 286
55 496
252 249
68 441
48 477
416 85
52 503
48 511
165 336
60 455
276 225
396 105
202 299
47 478
399 102
135 366
137 364
74 433
75 432
210 291
419 86
71 438
51 470
329 172
400 101
366 135
469 50
167 334
445 68
402 99
438 67
51 488
360 141
488 45
270 231
136 365
178 323
345 156
211 290
124 377
188 313
262 239
180 321
90 411
182 319
132 369
50 471
429 74
446 67
415 86
374 127
84 417
242 259
198 303
225 276
79 428
342 159
490 43
477 52
397 104
154 347
204 297
144 357
274 227
238 263
67 442
214 287
387 114
347 154
333 168
117 384
272 229
326 175
183 318
120 381
364 137
127 374
389 112
219 282
355 146
63 448
110 391
319 182
195 306
223 278
424 79
382 119
207 294
233 268
335 166
56 459
65 444
157 344
229 272
128 373
365 136
143 358
498 41
283 218
307 194
284 217
121 380
92 409
484 47
220 281
479 50
212 289
49 472
169 332
208 293
370 131
248 253
179 322
125 376
97 404
88 413
47 474
185 316
394 107
460 57
463 54
263 238
54 461
206 295
379 124
70 439
173 328
269 232
141 360
281 220
439 68
244 257
237 264
278 223
289 212
53 502
58 457
420 83
126 375
114 387
72 437
166 335
311 190
412 89
47 480
491 44
48 473
511 44
373 128
408 95
138 363
129 372
306 195
122 379
493 44
480 49
478 51
273 228
290 211
379 122
383 118
81 426
327 174
341 160
302 199
51 464
268 233
309 192
223 280
405 96
64 447
380 121
168 333
54 495
419 84
398 103
89 412
85 416
454 61
441 68
174 327
458 59
193 308
259 242
99 402
320 181
361 140
73 434
50 505
54 501
197 304
161 340
51 492
109 392
313 188
103 398
266 235
279 222
152 349
241 260
133 368
123 378
94 407
435 68
52 465
65 450
351 150
450 63
119 382
471 50
461 56
134 367
473 50
356 145
227 274
317 184
332 169
430 73
253 248
354 147
52 493
170 331
350 151
358 143
401 100
190 311
255 246
457 60
213 288
275 226
201 300
176 325
48 481
425 78
449 64
51 486
507 44
260 241
339 162
298 203
52 490
207 295
180 322
304 198
445 69
432 72
155 347
232 270
88 414
492 44
213 289
490 44
352 150
418 86
47 479
197 305
161 341
157 345
453 61
93 409
323 179
426 78
116 386
411 91
228 274
99 403
215 287
262 240
50 472
56 496
171 331
146 356
59 457
264 238
310 192
351 151
355 147
388 114
314 188
302 200
133 369
248 254
260 242
463 55
486 46
422 82
144 358
51 471
292 210
493 45
54 466
198 304
290 212
247 255
223 279
458 60
151 351
366 136
412 90
68 442
83 425
307 195
361 141
189 313
205 297
395 107
336 166
176 326
273 229
415 87
468 52
53 489
67 443
92 410
82 424
178 324
98 404
49 481
64 448
242 260
441 69
473 51
128 374
184 318
271 231
202 300
121 381
315 187
244 258
339 163
126 376
386 116
261 241
335 167
393 109
55 497
65 451
169 333
182 320
348 154
55 495
385 117
51 487
57 459
425 79
467 53
194 308
246 256
482 50
70 440
166 336
226 276
167 335
272 230
487 47
305 197
330 174
48 510
508 44
491 45
437 67
417 85
398 104
382 120
358 144
379 123
375 127
220 282
177 325
279 223
50 476
87 415
459 59
449 65
52 492
280 222
274 228
110 392
173 329
209 293
285 217
48 480
250 252
263 239
356 146
52 504
436 68
317 185
327 177
322 180
140 362
489 45
301 201
251 251
316 186
221 281
55 499
324 178
245 257
311 191
54 498
443 71
306 196
481 49
106 396
196 306
365 137
127 375
132 370
256 246
265 237
54 494
281 221
89 413
53 467
326 176
241 261
105 397
53 491
500 42
472 52
332 170
419 85
163 339
61 455
186 318
216 286
363 139
125 377
325 177
191 311
277 225
394 108
71 439
460 58
52 486
240 262
199 303
62 454
102 400
448 66
183 319
119 383
275 227
153 349
283 219
478 52
320 182
85 417
480 50
282 220
257 245
370 132
462 56
82 426
423 81
120 382
383 119
134 368
52 464
152 350
340 162
362 140
135 367
239 263
312 190
124 378
49 477
195 307
498 42
187 315
139 363
450 64
53 469
56 460
123 379
309 193
381 121
483 49
51 505
64 452
162 340
136 366
420 84
253 249
249 253
416 86
95 407
507 45
49 473
357 145
330 172
327 175
164 338
193 309
65 449
410 92
203 299
334 168
94 408
299 203
104 398
390 112
53 465
400 102
90 412
396 106
75 433
149 353
255 247
457 61
148 354
214 288
82 422
52 488
143 363
268 234
405 97
51 485
137 365
72 438
156 346
48 478
319 183
266 236
421 83
446 68
200 302
66 444
343 159
81 427
429 75
219 283
434 70
114 388
497 43
192 310
406 96
341 161
444 70
451 63
364 138
175 327
111 391
284 218
387 115
63 453
86 416
79 429
150 352
54 502
374 128
233 269
452 62
80 428
117 385
407 95
55 461
165 337
438 68
101 401
49 475
269 233
509 43
506 44
56 500
278 224
267 235
168 334
384 118
247 257
118 384
293 209
74 434
328 174
208 294
424 80
333 169
254 248
397 105
367 135
112 390
103 399
427 77
276 226
174 328
488 46
484 48
431 73
420 86
479 51
321 181
414 88
49 511
471 51
145 357
236 266
291 211
100 402
474 52
142 362
141 361
350 152
160 342
430 74
469 51
181 321
91 411
230 272
107 395
238 264
456 60
346 156
69 441
218 284
138 364
54 462
402 100
53 463
154 348
186 316
300 202
48 474
84 418
129 373
401 101
485 47
170 332
211 291
511 45
369 133
50 484
78 430
206 296
113 389
225 277
75 435
349 153
83 423
143 359
318 184
172 330
183 320
493 46
59 458
171 332
137 366
357 146
103 400
128 375
139 364
142 363
302 201
168 335
49 480
54 469
218 285
70 441
480 51
403 100
352 151
264 239
113 390
68 443
56 495
91 412
417 86
453 62
329 174
363 140
331 172
274 229
351 152
300 203
483 50
247 256
246 257
364 139
234 269
53 464
256 247
120 383
411 92
437 68
380 123
185 318
96 407
325 178
260 243
503 44
56 499
167 336
268 235
488 47
219 284
449 66
56 497
489 46
53 490
245 258
432 73
164 339
263 240
498 43
174 329
172 331
179 324
90 413
52 505
162 341
499 42
169 334
102 401
207 296
390 113
123 380
230 273
346 157
50 483
193 310
87 416
353 150
75 434
50 477
272 233
399 104
100 403
286 217
73 438
305 198
66 449
111 392
201 302
509 44
275 228
508 45
232 271
65 448
341 162
141 362
265 238
479 52
335 168
93 410
49 474
290 213
53 504
53 492
396 107
473 52
220 283
88 415
52 485
184 319
322 181
456 61
55 498
165 338
382 121
251 252
180 323
215 288
183 322
468 53
190 313
261 242
460 59
74 437
293 210
388 115
395 108
191 312
178 325
277 226
173 330
116 387
206 297
216 287
276 227
413 90
57 500
304 199
72 439
99 404
394 109
477 54
212 291
375 128
177 326
181 322
306 197
433 72
196 307
415 88
490 45
344 159
225 278
82 427
132 371
439 70
471 52
279 224
459 60
146 357
238 265
48 509
227 276
83 424
292 211
221 282
340 163
108 395
142 361
156 347
386 117
362 141
65 452
83 422
284 219
438 69
243 260
55 466
461 58
337 166
252 251
153 350
321 182
114 389
188 315
397 106
478 53
319 184
89 414
443 72
501 44
383 120
233 270
332 171
315 188
481 50
267 236
269 234
62 455
381 122
356 147
426 79
330 173
283 220
161 342
231 272
241 262
50 475
420 85
60 457
507 46
412 91
391 112
462 57
500 43
224 279
262 241
217 286
182 321
158 345
49 510
122 381
151 352
334 169
485 48
448 67
486 47
83 420
211 292
444 71
472 53
140 363
402 101
441 70
79 430
91 414
64 453
445 70
150 353
328 175
117 386
308 195
55 494
54 465
85 418
511 46
57 460
124 379
95 408
484 49
57 496
343 160
281 222
107 396
106 397
240 263
506 45
316 187
83 426
84 423
176 327
253 250
451 64
318 185
228 275
205 298
154 349
200 303
209 294
127 376
56 461
50 511
385 118
317 186
410 93
126 377
159 344
452 63
170 333
428 77
119 384
324 179
112 391
392 111
67 450
301 202
149 354
67 444
422 83
104 399
208 295
197 306
424 81
53 486
54 493
255 248
143 364
350 153
371 132
54 503
312 191
55 462
213 290
239 264
436 69
84 425
271 232
237 266
291 212
58 459
470 51
393 110
50 473
339 164
199 304
416 87
435 70
384 119
50 481
257 246
326 177
400 103
299 204
51 476
51 472
491 46
311 192
336 167
442 71
101 402
266 237
303 200
134 369
345 158
407 96
242 261
175 328
338 165
492 45
80 429
487 48
51 506
61 456
236 267
463 56
280 223
425 80
115 388
186 317
431 74
469 52
143 362
76 433
54 467
314 189
406 97
52 487
187 316
374 129
51 484
423 82
198 305
48 479
118 385
136 367
510 45
414 89
166 337
66 451
195 308
367 136
105 398
349 154
273 230
86 417
250 253
327 176
450 65
249 254
143 360
53 488
84 419
160 343
130 373
152 351
125 378
310 193
54 489
446 69
320 183
429 76
226 277
133 370
370 133
237 268
49 482
148 355
144 359
54 463
71 440
210 293
358 145
202 301
258 245
194 309
129 374
94 409
248 255
204 299
135 368
366 137
200 304
172 332
258 246
399 105
261 243
506 46
70 442
213 291
54 470
305 199
429 77
50 480
508 46
170 334
163 341
236 268
249 255
365 139
55 503
96 408
145 359
456 62
300 204
202 302
147 357
66 448
430 76
446 70
352 152
436 70
264 240
49 509
432 74
196 308
317 187
77 433
318 186
175 329
214 290
337 167
105 399
303 201
511 47
149 355
78 432
485 49
345 159
510 46
265 239
468 54
141 363
51 477
273 231
211 293
118 386
138 366
140 364
221 283
129 375
158 346
151 353
144 360
88 416
132 372
157 347
183 321
322 182
315 189
166 338
231 273
368 136
55 493
55 467
340 164
168 336
391 113
169 335
319 185
197 307
480 52
415 89
207 297
445 71
431 75
205 299
49 479
262 242
448 68
306 198
66 452
392 112
283 221
208 296
470 52
269 235
331 173
335 169
119 385
85 419
81 429
52 506
462 58
51 483
198 306
416 88
440 70
217 287
241 263
499 43
417 87
50 478
476 54
114 390
97 407
371 133
324 180
101 403
444 72
143 361
266 238
89 415
112 392
370 134
184 320
98 406
442 72
353 151
238 266
464 56
110 394
99 405
441 71
167 337
162 342
57 497
92 412
204 300
67 447
53 471
270 234
362 142
153 351
425 81
250 254
133 371
413 91
309 195
58 460
453 63
461 59
367 137
357 147
160 344
229 275
376 132
443 73
76 434
148 356
185 319
385 119
59 459
50 510
128 376
54 464
423 83
134 370
422 84
248 256
469 53
311 193
72 440
323 181
57 501
492 46
86 418
116 388
472 54
395 109
350 154
332 172
53 485
400 104
123 381
57 499
328 176
403 101
137 367
349 155
280 224
226 278
344 160
144 362
155 349
234 270
84 422
120 384
491 47
54 468
103 401
232 272
447 69
178 326
493 47
126 378
55 463
463 57
285 219
310 194
386 118
210 294
54 490
507 47
401 103
56 502
165 339
131 373
384 120
65 453
366 138
290 214
251 253
243 261
382 122
180 324
54 504
159 345
263 241
277 227
348 156
346 158
407 97
293 211
127 377
156 348
281 223
490 46
115 389
130 374
301 203
314 190
259 245
381 123
326 178
351 153
363 141
93 411
452 64
56 462
84 420
412 92
80 430
83 427
451 65
268 236
354 150
109 395
74 438
111 393
393 111
503 45
218 286
100 404
82 428
252 252
61 457
152 352
291 213
84 424
374 130
62 456
505 45
256 248
60 458
397 107
50 482
154 350
53 487
312 192
481 51
219 285
421 85
509 45
54 492
187 317
56 494
215 289
502 44
275 229
320 184
411 93
107 397
106 398
488 48
113 391
489 47
339 165
449 67
276 228
388 116
286 218
355 149
282 222
206 298
142 364
95 409
398 106
54 486
67 449
227 277
336 168
237 267
225 279
91 413
433 73
68 450
278 226
190 314
188 316
203 301
56 498
171 333
150 354
79 431
50 508
414 90
358 146
87 417
182 322
57 495
246 258
51 473
146 358
212 292
174 330
58 496
176 328
396 108
58 500
364 140
135 369
271 233
194 310
304 200
477 55
435 71
83 421
195 309
460 60
55 491
389 115
69 443
222 282
56 466
299 205
427 79
438 70
471 53
240 264
53 505
500 44
486 48
267 237
302 202
230 274
347 157
487 49
342 162
329 175
50 474
375 129
139 365
117 387
338 166
161 343
272 232
428 78
68 444
52 472
341 163
424 82
90 414
459 61
242 262
179 325
437 69
75 437
253 251
473 53
73 439
284 220
124 380
274 230
279 225
434 72
191 313
55 465
484 50
55 489
478 54
480 53
369 136
435 72
485 50
321 184
144 361
277 228
129 376
489 48
225 280
387 118
413 92
454 63
275 230
291 214
215 290
134 371
170 335
244 261
258 247
145 360
51 510
84 427
304 201
68 445
67 452
195 310
226 281
450 67
507 48
410 95
396 109
241 268
179 326
147 358
475 54
427 80
135 370
417 88
229 276
62 457
79 432
451 66
213 292
473 54
509 46
51 474
246 259
243 262
363 142
449 68
56 493
51 478
121 384
184 321
85 422
228 277
59 500
52 511
367 138
494 47
218 287
52 507
355 150
209 296
452 65
176 329
100 405
333 172
365 140
68 451
160 345
163 342
199 306
140 365
426 81
242 263
508 47
50 509
208 297
234 271
240 265
127 378
168 337
472 55
86 419
117 388
53 484
349 156
336 169
200 305
85 420
341 164
150 355
372 133
55 468
70 443
440 71
376 129
53 472
219 286
55 464
384 121
180 325
182 323
224 281
415 90
445 72
406 99
177 328
389 116
356 149
459 62
66 453
286 219
271 234
119 386
242 271
264 241
56 465
433 74
263 242
314 191
383 122
257 248
259 246
359 146
54 471
71 442
51 482
353 152
409 96
253 252
319 186
102 403
293 212
348 157
175 330
381 124
206 299
382 123
245 260
123 382
68 449
189 316
377 128
96 409
232 273
325 180
404 101
351 154
255 250
104 401
320 185
115 390
468 55
118 387
463 58
424 83
311 194
412 93
455 62
307 198
267 238
55 470
61 458
446 71
58 495
318 187
476 55
375 132
447 70
108 397
56 503
57 466
254 251
67 448
344 161
310 195
101 404
167 338
434 73
487 50
137 368
72 441
295 210
490 47
152 353
169 336
461 60
156 349
483 52
98 407
261 244
448 69
283 222
462 59
204 301
239 266
162 343
159 346
403 102
432 75
250 255
279 226
220 285
90 415
130 375
392 113
166 339
368 137
469 54
298 207
430 77
492 47
89 416
429 78
478 55
188 317
323 182
75 438
52 473
216 289
106 399
414 91
343 162
112 393
63 456
124 381
301 204
51 480
486 49
375 130
477 56
252 253
408 97
74 439
68 447
405 100
346 159
211 294
158 347
92 413
309 196
50 479
217 288
59 460
190 315
126 379
376 131
138 367
303 202
329 176
443 74
60 459
55 504
276 229
505 46
249 256
57 502
437 70
400 105
411 94
210 295
155 350
287 218
326 179
80 431
256 249
85 424
202 303
196 309
54 487
133 372
87 418
107 398
395 110
194 311
67 446
161 344
488 49
278 227
197 308
470 53
352 153
85 426
58 501
227 278
78 433
416 89
282 223
171 334
69 444
111 394
402 103
57 494
313 192
52 477
57 462
97 408
94 411
122 383
491 48
393 112
274 231
110 395
315 190
141 364
76 437
290 215
273 232
125 380
84 421
423 84
284 221
59 496
77 434
394 111
212 293
221 284
471 54
280 225
332 173
479 54
154 351
88 417
302 203
132 373
425 82
401 104
157 348
428 79
386 119
431 76
366 139
300 205
376 133
334 171
82 429
506 47
149 356
266 239
238 267
374 131
241 264
192 313
65 454
316 189
185 320
54 505
262 243
422 85
51 508
504 45
178 327
502 45
203 302
55 488
99 406
95 410
481 52
357 148
305 200
442 73
251 254
340 165
511 48
240 267
69 450
288 217
236 269
460 61
292 213
399 106
503 46
58 499
222 283
136 369
83 428
285 220
55 492
269 236
128 377
231 274
371 134
312 193
53 506
358 147
339 166
148 357
191 314
139 366
172 333
464 57
153 352
289 216
398 107
57 498
198 307
114 391
337 168
230 275
324 181
499 44
233 272
55 490
317 188
270 235
56 504
119 387
408 98
259 247
389 117
108 398
488 50
60 500
316 190
338 168
56 464
472 56
453 65
141 365
298 208
483 53
256 250
402 104
396 110
354 152
455 63
336 170
225 281
60 460
249 257
475 55
458 62
486 50
133 373
160 346
296 210
125 381
407 99
309 197
491 49
344 162
206 300
352 154
152 354
126 380
448 70
68 452
76 438
470 54
69 447
417 89
395 111
138 368
362 144
223 283
70 450
434 74
130 376
139 367
135 371
277 229
293 213
416 90
312 194
376 130
317 189
350 156
462 60
146 360
507 49
56 468
276 230
490 48
124 382
506 48
333 173
148 358
52 480
358 148
487 51
93 413
393 113
51 479
239 267
435 73
154 352
103 403
243 263
300 206
101 405
85 421
432 76
371 135
325 181
364 144
349 157
240 266
204 302
251 255
232 274
428 80
288 218
479 55
257 249
405 101
190 316
442 74
151 355
271 235
264 242
199 307
128 378
147 359
473 55
311 195
489 49
319 187
84 428
292 214
314 192
301 205
68 448
282 224
172 334
118 388
471 55
111 395
492 48
347 159
265 241
327 179
86 424
469 55
261 245
509 47
365 141
188 318
187 319
88 418
242 264
80 432
446 72
58 466
59 495
127 379
117 389
427 81
72 442
270 236
59 499
182 324
219 287
449 69
86 426
477 57
322 184
476 56
227 279
191 315
359 147
90 416
369 137
97 409
234 272
440 72
241 269
180 326
186 320
290 216
57 503
426 82
131 375
149 357
58 462
61 459
162 344
510 48
56 492
203 303
137 369
437 71
247 259
60 496
59 461
465 57
404 102
233 273
262 244
52 510
52 478
185 321
263 243
202 304
51 509
415 91
409 97
447 71
242 268
321 185
351 155
54 472
102 404
260 246
383 123
53 483
55 487
307 199
245 261
115 391
67 453
230 276
503 47
320 186
226 280
110 396
323 183
294 212
179 327
156 350
326 180
481 53
287 219
58 494
357 149
94 412
211 295
71 443
424 84
200 306
495 47
299 207
502 46
168 338
334 172
198 308
386 120
155 351
196 310
205 301
253 253
216 290
100 406
375 133
283 223
460 62
422 86
85 427
511 49
368 138
363 143
224 282
161 345
158 348
443 75
367 139
58 502
116 390
373 133
318 188
53 475
121 385
98 408
87 419
258 248
306 200
220 286
78 434
56 490
278 228
75 439
140 366
208 298
231 275
421 87
221 285
463 59
268 238
246 260
83 429
388 118
504 46
382 124
412 94
377 129
107 399
242 270
366 140
482 52
374 132
340 166
274 232
280 226
201 305
243 271
120 386
157 349
64 456
266 240
54 484
229 277
324 182
66 454
209 297
163 343
95 411
106 400
57 493
291 215
68 446
250 256
255 251
401 105
398 108
173 333
175 331
104 402
57 489
122 384
411 95
193 313
69 445
267 239
59 497
478 56
436 72
474 54
217 289
213 293
310 196
55 505
499 45
53 473
330 176
464 58
59 501
55 471
109 397
452 66
252 254
52 482
286 220
370 136
65 455
254 252
425 83
315 191
113 393
53 511
302 204
441 73
508 48
387 119
329 177
461 61
134 372
433 75
364 142
241 267
81 431
414 92
57 467
269 237
176 330
244 262
214 292
450 68
241 265
69 451
94 414
429 79
177 329
341 165
485 51
236 270
285 221
346 160
445 73
289 217
62 458
57 465
406 100
233 277
295 211
335 171
403 103
484 52
112 394
192 314
284 222
55 507
132 374
54 506
451 67
400 106
313 193
56 470
413 93
57 463
136 370
500 46
222 284
240 268
459 63
304 202
431 77
129 377
167 339
73 441
281 225
58 498
150 356
61 501
378 128
74 440
212 294
420 88
195 311
89 417
153 353
52 474
53 507
228 278
207 299
392 114
356 150
123 383
53 477
82 430
410 96
170 336
337 169
444 74
79 433
384 122
279 227
494 48
77 437
70 444
145 361
171 335
244 271
329 178
71 444
479 56
60 495
67 454
271 236
238 269
147 360
418 89
265 242
149 358
187 320
87 420
53 478
69 448
312 195
314 193
53 480
186 321
228 279
74 441
349 158
360 147
70 451
61 500
293 214
367 140
330 177
55 472
250 257
315 192
323 184
231 276
390 117
233 276
384 123
102 405
53 474
449 70
348 159
78 437
345 162
115 392
377 130
75 440
453 66
136 371
327 180
410 97
270 237
184 323
209 298
401 106
371 136
258 249
160 347
117 390
263 244
213 294
61 460
232 275
262 245
132 375
363 144
407 100
316 191
111 396
183 324
510 49
432 77
227 280
204 303
208 299
140 367
441 74
433 76
487 52
239 268
78 435
195 312
206 301
177 330
347 160
428 81
417 90
482 53
212 295
403 104
334 173
440 73
298 209
104 403
155 352
420 89
114 393
245 262
253 254
214 293
54 511
368 139
121 386
52 479
254 253
287 220
471 56
92 415
175 334
439 72
389 118
469 56
57 468
54 477
424 85
280 227
364 145
82 431
494 49
506 49
242 267
294 213
372 135
379 128
256 251
357 150
244 263
157 350
77 438
126 381
194 313
154 353
113 394
193 314
474 55
395 112
70 449
201 306
269 238
221 286
84 429
175 332
223 284
462 61
361 146
365 146
200 307
260 247
369 138
491 50
173 334
465 58
511 50
196 311
97 410
118 389
81 432
237 270
497 46
333 174
344 163
124 383
137 370
106 401
243 264
161 346
268 239
275 232
351 156
394 113
58 493
69 446
309 198
322 185
178 329
326 181
466 57
53 508
76 439
158 349
103 404
352 155
234 273
421 88
358 149
507 50
402 105
277 230
241 270
502 47
392 115
283 224
498 45
188 319
405 102
54 473
120 387
249 258
436 73
53 510
225 282
307 200
98 409
93 414
340 167
150 357
174 333
207 300
359 148
490 49
342 165
321 186
58 489
73 442
396 111
501 46
146 361
400 107
464 59
153 354
119 388
451 68
470 55
445 74
94 413
181 326
492 49
398 109
412 95
56 469
339 168
504 47
58 465
443 76
108 399
232 277
444 75
459 64
63 458
257 250
291 216
305 202
475 56
83 430
385 122
505 48
127 380
290 217
346 161
261 246
199 308
236 271
399 108
65 456
247 260
246 261
86 427
481 54
414 93
495 48
452 67
59 498
89 418
308 199
112 395
425 84
116 391
129 378
242 265
94 415
218 289
500 47
105 402
483 54
167 340
57 504
91 416
496 47
300 207
302 205
90 417
473 56
57 488
317 190
70 447
430 79
131 376
476 57
489 50
267 240
431 78
165 342
338 169
458 63
60 497
152 355
61 496
60 499
95 414
156 351
374 133
486 51
162 347
310 197
205 302
416 91
130 377
222 285
499 46
57 492
478 57
252 255
123 384
337 170
435 74
57 490
324 183
266 241
366 141
145 364
56 487
159 348
191 316
285 222
387 120
406 101
170 337
109 398
122 385
190 317
284 223
185 322
53 476
85 428
52 509
296 211
60 501
59 502
386 121
325 182
148 359
229 278
278 229
355 152
353 154
468 57
488 51
134 373
446 73
128 379
423 86
318 189
180 327
202 305
422 87
289 218
382 125
336 171
54 507
220 287
80 433
281 226
365 142
411 96
397 110
370 137
107 400
88 419
58 463
362 145
408 99
52 481
276 231
95 412
151 356
460 63
378 129
182 325
272 235
320 187
255 252
508 49
388 119
381 126
59 462
138 369
171 336
217 290
409 98
415 92
455 64
79 434
168 339
101 406
86 421
319 188
110 397
53 482
71 450
57 464
172 335
141 366
447 72
241 266
484 53
60 461
198 309
139 368
55 506
216 291
72 443
509 48
303 204
373 134
450 69
472 57
163 344
437 72
262 251
197 310
54 483
480 55
503 48
429 80
176 331
335 172
240 269
413 94
301 206
299 208
100 407
87 424
426 83
70 445
68 453
288 219
224 283
463 60
58 467
304 203
419 90
120 388
276 232
99 409
305 203
463 61
102 406
491 51
232 278
57 505
60 502
75 441
296 212
383 125
366 142
311 197
315 193
396 112
509 49
248 260
87 421
373 135
345 163
147 361
62 500
286 222
295 213
195 313
446 74
333 175
481 55
420 90
72 444
128 380
308 200
98 410
338 170
487 53
130 378
393 115
488 52
180 328
300 208
279 229
71 445
499 47
59 467
54 474
135 375
268 240
54 476
89 419
438 72
400 108
61 497
267 241
397 111
134 374
217 291
187 321
88 420
291 217
53 481
370 138
361 147
114 394
352 156
263 251
511 51
508 50
327 181
138 370
255 253
105 403
506 50
210 298
206 302
262 246
294 214
353 155
341 167
386 122
259 249
53 479
329 179
96 412
465 59
461 63
245 263
71 451
160 348
110 398
202 306
437 73
493 49
205 303
181 327
80 434
472 58
54 508
177 331
92 416
266 242
97 411
73 443
127 381
466 58
303 205
54 478
404 104
228 280
88 426
199 309
166 342
452 68
200 308
318 190
432 78
379 129
426 84
203 305
174 334
334 174
474 56
381 127
272 236
470 56
412 96
62 460
252 256
213 295
201 307
188 320
87 425
494 50
59 463
230 278
235 273
192 316
265 243
198 310
365 143
55 473
505 49
504 48
421 89
91 417
503 49
179 329
78 438
498 46
369 139
61 461
220 288
456 64
54 482
79 435
350 158
464 60
165 343
347 161
243 267
367 141
78 436
378 130
108 400
428 82
58 490
135 373
239 269
360 148
214 294
124 384
77 439
167 341
449 71
399 109
185 323
284 224
66 456
93 415
244 270
171 337
382 126
256 252
305 205
225 283
492 50
483 55
57 469
190 318
497 47
328 180
313 195
176 332
384 124
196 312
70 448
269 239
395 113
304 204
430 80
55 483
156 352
152 356
231 277
278 230
123 385
419 91
71 447
55 511
57 491
299 209
281 227
371 137
59 465
58 468
153 355
116 392
264 244
238 270
85 429
475 57
282 226
473 57
253 255
454 66
263 245
90 418
86 428
406 102
89 423
423 87
58 488
331 177
502 48
275 233
70 452
274 234
157 351
293 215
146 364
292 216
67 455
79 437
229 279
237 271
161 347
245 271
363 145
501 47
326 182
55 475
233 275
280 228
316 192
118 390
60 498
495 49
385 123
415 93
462 62
309 199
290 218
469 57
136 372
100 408
189 319
184 324
101 407
61 499
434 76
194 314
457 63
349 159
109 399
435 75
270 238
56 486
244 264
405 103
145 363
155 353
204 304
510 50
422 88
335 173
183 325
74 442
173 335
60 462
243 265
83 431
440 74
132 376
273 235
218 290
391 117
236 272
410 98
444 76
320 188
151 357
64 458
168 340
70 446
154 354
277 231
249 259
149 359
84 430
162 346
451 69
416 92
460 64
261 247
76 440
388 120
445 75
374 134
62 496
125 383
322 186
368 140
56 506
484 54
121 387
486 52
164 344
163 345
453 67
65 457
321 187
141 367
242 266
104 404
209 299
496 48
212 296
146 362
182 326
224 284
344 164
140 368
159 349
262 250
507 51
193 315
96 414
54 510
133 375
137 371
222 286
59 493
288 220
408 100
355 153
59 489
95 413
429 81
482 54
240 270
254 254
467 57
389 119
390 118
247 261
485 53
185 325
325 183
443 77
490 50
172 336
283 225
448 72
191 317
219 289
289 219
175 333
358 150
417 91
111 397
69 453
433 77
346 162
312 196
59 503
366 146
250 258
63 459
342 166
113 395
208 300
339 169
402 106
324 184
424 86
337 171
340 168
234 274
480 56
359 149
251 257
261 249
414 94
61 495
257 251
60 494
55 477
364 146
398 110
394 114
319 189
53 509
285 223
246 262
150 358
58 504
117 391
442 76
106 402
307 201
401 107
458 64
126 382
351 157
392 116
207 301
103 405
107 401
297 211
336 172
387 121
431 79
407 101
301 207
479 57
58 464
403 105
81 433
418 90
362 146
500 48
164 345
411 98
374 135
199 310
462 63
237 272
471 58
405 104
60 465
194 315
119 390
146 363
498 47
249 260
317 192
138 371
56 477
234 275
324 185
335 174
296 213
180 329
346 165
239 270
63 460
155 354
415 94
113 396
255 254
181 328
268 241
223 288
408 101
118 391
486 53
109 400
79 436
336 173
228 281
213 296
292 217
503 50
264 245
401 108
117 392
363 146
331 178
459 66
293 216
455 66
449 72
74 443
100 409
179 330
358 151
263 250
172 337
80 435
387 122
130 379
201 308
366 143
439 74
334 175
305 204
385 126
460 65
391 118
469 58
55 476
353 156
88 421
151 358
135 374
66 457
59 490
72 447
182 327
147 362
85 430
325 184
166 343
278 231
200 309
89 426
83 432
98 411
205 304
509 50
124 385
173 336
413 96
198 311
215 294
139 370
467 58
372 137
333 176
483 56
263 246
247 262
91 418
219 290
56 511
56 473
230 279
493 50
245 270
63 496
297 212
71 452
206 303
128 381
107 402
71 446
370 139
141 368
457 64
259 250
171 338
340 169
497 48
489 52
440 75
156 353
495 50
453 68
491 52
273 236
277 232
114 395
383 126
231 278
499 48
337 172
208 301
207 302
62 499
150 359
389 120
55 510
165 344
99 410
441 76
254 255
258 251
420 91
93 416
338 171
244 265
125 384
261 250
474 57
90 423
276 233
90 419
188 321
157 352
89 424
245 264
214 295
176 333
102 407
193 316
60 463
167 342
56 483
431 80
323 186
243 266
149 360
111 398
428 83
89 420
55 474
473 58
265 244
368 141
248 261
266 243
281 228
132 377
397 112
152 357
73 444
332 177
382 127
342 167
347 162
126 383
508 51
124 387
186 323
61 498
398 111
357 152
444 77
385 124
60 503
72 451
502 49
195 314
346 163
349 160
104 405
192 317
404 105
461 64
97 412
424 87
178 331
62 495
394 115
59 492
504 49
419 92
96 413
224 285
54 481
403 106
330 179
279 230
311 198
280 229
302 207
463 62
56 485
160 349
454 67
54 509
72 449
272 237
163 346
116 393
161 348
422 89
380 129
240 271
356 153
319 190
446 75
506 51
159 350
435 76
58 487
361 148
303 206
82 433
481 56
209 300
60 489
123 386
67 456
430 81
395 114
58 491
110 399
433 78
184 325
367 142
288 221
197 312
339 170
426 85
285 224
264 251
456 65
436 75
470 57
170 339
62 461
68 455
153 356
312 197
65 458
59 504
250 259
112 397
414 95
81 434
391 120
301 208
226 283
294 215
271 238
55 478
55 482
388 121
54 479
308 201
78 439
448 73
59 468
505 50
438 73
429 82
57 486
412 97
352 157
371 138
315 194
222 287
406 103
227 282
134 375
366 145
61 462
137 372
359 150
282 227
423 88
488 53
300 209
69 454
183 326
274 235
217 292
75 442
500 49
185 324
364 147
484 55
105 404
57 506
76 441
393 116
142 367
283 226
314 195
108 401
437 74
287 222
154 355
262 247
191 318
310 199
321 188
275 234
381 128
106 403
427 84
416 93
256 253
202 307
261 248
140 369
482 55
262 249
64 459
131 378
322 187
103 406
507 52
89 422
479 58
511 52
305 206
384 125
464 61
57 484
378 131
350 159
63 500
399 110
216 293
238 271
492 51
87 428
121 388
510 51
60 493
418 91
77 440
252 257
221 288
244 267
466 59
71 448
289 220
290 219
223 286
253 256
58 469
458 65
445 76
218 291
88 427
392 117
269 240
345 164
168 341
501 48
267 242
204 305
225 284
434 77
475 58
313 196
244 269
190 319
318 191
251 258
379 130
158 351
229 280
407 102
88 425
187 322
326 183
92 417
465 60
211 298
235 274
327 182
59 464
286 223
490 51
452 69
174 335
496 49
328 181
177 332
139 371
55 481
325 185
181 329
142 368
73 449
275 235
117 393
338 172
266 244
249 261
429 83
350 162
64 460
245 269
491 53
312 198
250 260
341 169
221 289
203 307
231 279
56 476
369 141
205 305
445 77
60 468
56 508
208 302
333 177
62 462
289 221
487 55
254 256
230 280
510 52
125 385
197 313
260 250
99 411
481 57
86 432
401 109
406 104
496 50
255 255
90 424
319 191
224 286
89 425
244 268
308 202
492 52
62 498
131 379
378 132
73 447
424 88
224 288
416 94
207 303
195 315
126 384
130 380
60 466
166 344
60 464
286 224
81 437
304 206
182 328
190 320
263 247
438 74
61 493
97 413
217 293
116 394
361 149
68 456
92 418
502 50
432 80
306 204
287 223
356 154
98 412
283 227
83 433
441 77
72 446
288 222
167 343
174 336
78 440
86 430
295 215
506 52
109 401
90 420
134 376
299 211
89 421
272 238
384 126
287 225
225 285
246 270
464 62
214 296
455 67
158 352
59 505
386 126
372 138
193 317
402 108
466 60
414 96
57 485
187 323
370 140
81 435
402 110
447 75
458 66
449 73
367 145
380 130
179 331
147 363
106 404
349 161
110 400
72 448
164 346
302 208
318 192
120 390
408 102
467 59
488 54
140 370
298 212
362 148
218 292
124 388
352 158
389 121
171 339
270 240
479 59
280 230
71 453
112 398
434 78
271 239
122 388
360 150
278 232
317 193
55 509
433 79
473 59
59 469
56 482
407 103
170 340
465 61
186 324
235 275
342 168
204 306
335 175
375 135
58 506
353 157
347 163
297 213
499 49
494 52
307 203
154 356
419 93
340 170
111 399
67 457
412 98
213 297
285 225
160 350
91 419
462 64
392 118
334 176
144 366
57 473
127 383
58 486
63 501
194 316
385 125
281 229
452 70
400 110
259 251
483 57
274 236
159 351
300 210
482 56
386 124
199 311
82 434
228 282
87 429
485 55
90 422
390 120
91 423
456 66
223 289
417 93
489 53
348 162
321 189
60 490
80 436
503 51
123 387
63 495
143 367
490 52
457 65
310 200
326 184
192 318
279 231
57 507
90 426
500 50
294 216
215 295
411 99
268 242
151 359
56 510
161 349
239 271
202 308
303 207
156 354
61 463
61 465
454 68
55 479
309 201
367 143
220 290
113 397
107 403
371 139
114 396
373 137
495 51
264 250
364 148
355 155
223 287
93 417
66 458
301 209
222 288
57 483
63 461
256 254
184 326
382 128
165 345
132 378
437 75
498 48
136 374
56 474
60 492
273 237
258 252
76 442
311 199
436 76
328 182
461 65
290 220
119 391
137 373
59 491
336 176
252 258
331 179
58 484
391 119
316 194
60 504
320 190
359 151
430 82
65 459
216 294
463 63
138 372
501 49
257 253
254 258
57 475
509 51
363 147
102 408
442 78
337 173
128 382
322 188
118 396
124 386
431 81
63 497
77 441
56 478
157 353
284 226
315 195
64 496
263 249
474 58
405 105
459 67
388 122
440 76
100 410
84 432
435 77
57 477
173 337
428 84
59 487
396 114
345 165
178 332
470 58
398 112
196 314
262 248
105 405
425 87
198 312
61 489
61 503
448 74
426 86
346 164
421 91
destination
