map
random512-20-7.map
pivot
151 310
agent & start
511 1
510 1
509 0
507 0
511 2
508 0
510 2
511 3
507 1
509 1
508 1
507 2
510 3
511 4
509 2
509 3
507 3
508 2
511 5
510 4
511 6
508 3
510 5
509 4
504 0
510 6
511 7
508 4
509 5
504 1
503 0
508 5
509 6
505 2
510 7
511 8
503 1
508 6
502 0
506 4
504 2
509 7
505 3
507 5
511 9
510 8
511 10
508 7
501 0
510 9
504 3
506 5
503 2
507 6
501 2
505 4
510 11
509 8
500 2
510 10
511 11
505 5
500 0
506 6
503 3
508 8
501 1
504 4
507 7
508 9
500 1
504 5
509 10
506 7
503 4
502 3
511 12
505 6
499 0
499 1
506 8
503 5
498 0
508 10
511 13
502 4
507 9
505 7
501 5
507 10
503 6
508 11
509 12
501 4
506 9
502 5
497 0
498 1
510 13
505 8
504 7
511 14
510 14
500 4
506 10
502 6
508 12
505 9
503 7
496 0
504 8
509 13
497 1
506 11
502 7
510 15
508 13
496 1
509 14
507 12
499 4
505 10
504 9
501 7
498 4
503 9
504 10
505 11
507 13
496 4
496 2
495 1
499 5
511 17
509 15
500 7
496 5
506 13
496 3
501 8
502 9
495 2
498 5
493 0
505 12
503 10
504 11
497 4
499 6
510 17
511 18
507 14
508 15
493 1
497 5
502 10
494 2
509 17
500 8
501 9
504 12
507 15
495 5
496 6
511 19
491 1
492 0
506 14
510 18
499 7
495 3
503 11
498 6
493 2
498 7
497 6
511 20
501 10
507 16
506 15
502 11
491 0
496 7
491 2
499 8
495 6
494 5
503 12
504 13
492 1
494 3
509 18
510 19
499 9
502 12
506 16
505 15
511 21
493 5
497 7
destination
