map
random512-20-4.map
pivot
446 7
agent & start
150 511
25 386
133 494
20 381
12 371
39 400
33 394
36 397
45 406
78 439
103 464
56 417
131 492
64 425
137 498
83 444
19 380
144 505
141 500
97 456
62 423
48 409
51 412
127 488
40 401
93 454
18 379
108 469
101 462
104 465
112 473
118 479
10 371
90 451
28 389
66 427
3 364
142 503
77 438
141 502
60 421
98 459
46 407
145 506
34 395
106 467
96 457
59 420
16 377
121 482
138 499
52 413
61 422
91 452
80 441
113 474
132 493
122 483
38 397
12 373
123 484
31 392
81 442
2 363
73 434
58 419
57 418
49 410
30 391
109 470
54 415
53 414
8 369
74 435
142 501
79 440
50 407
136 497
102 463
88 449
139 500
5 366
68 429
22 383
129 490
82 443
125 486
126 487
44 405
72 433
14 375
24 385
67 428
130 491
110 471
143 504
76 437
148 509
117 478
107 468
119 480
120 481
50 411
55 416
27 388
15 376
41 402
128 489
68 427
111 472
97 458
92 453
9 370
134 495
87 448
29 390
71 432
124 485
149 510
49 408
100 461
94 455
19 379
131 491
74 434
68 428
118 478
21 381
56 416
89 449
28 388
142 502
145 503
75 435
150 510
117 477
110 470
69 427
71 431
101 461
61 421
24 384
80 440
109 469
11 371
119 479
38 396
44 404
62 422
42 402
90 450
69 429
40 400
121 481
72 432
32 392
5 365
49 407
45 405
149 509
94 454
122 482
49 409
50 408
106 466
20 380
65 425
4 364
15 375
111 471
107 467
18 378
104 464
133 493
97 457
14 374
132 492
10 370
130 490
47 407
113 473
36 396
30 390
105 465
53 413
102 462
9 369
126 486
99 459
79 439
144 504
140 500
112 472
33 389
77 437
127 487
48 408
60 420
78 438
92 452
destination
