map
random512-35-0.map
pivot
404 227
agent & start
29 508
29 507
28 508
29 506
27 508
28 507
27 507
28 506
26 507
28 505
26 506
28 504
27 505
26 505
27 504
26 504
25 505
26 503
23 504
24 505
25 504
26 502
23 503
25 503
24 504
24 506
26 501
24 507
24 503
24 502
25 501
23 507
22 508
24 501
24 499
22 507
3 504
21 508
3 503
4 504
24 500
20 508
23 499
22 506
4 502
5 504
4 503
20 507
19 508
23 500
3 502
22 499
20 505
22 505
21 506
1 502
4 500
2 502
19 507
22 500
5 503
20 504
21 505
1 501
0 500
20 506
1 500
0 499
6 503
2 501
22 501
3 500
19 506
21 504
4 499
18 507
18 506
6 502
2 500
21 503
3 499
22 502
0 498
17 506
2 499
8 503
21 502
8 501
7 502
1 498
21 494
18 493
18 505
9 503
9 501
20 494
21 495
17 505
18 494
2 498
19 493
8 502
20 502
22 496
19 502
18 503
16 505
20 495
22 497
19 494
20 501
21 496
2 497
17 504
9 502
20 496
20 500
16 504
18 502
19 495
3 497
11 503
21 497
10 502
17 503
19 501
1 495
15 505
19 496
15 504
1 494
17 502
18 501
20 499
12 503
2 495
4 497
11 502
20 497
21 498
5 498
2 494
20 498
17 501
6 498
16 502
13 503
15 503
18 496
19 499
3 495
18 500
5 497
11 501
6 497
7 496
19 498
12 501
17 500
13 502
18 499
15 502
3 494
18 497
3 493
4 494
7 495
18 498
6 496
17 499
5 495
14 502
13 501
15 501
16 499
5 494
7 494
6 495
13 500
14 501
4 493
17 498
5 493
14 500
16 498
15 499
13 499
6 494
6 493
14 499
16 497
5 492
14 498
6 492
5 491
15 497
7 492
5 490
6 491
14 497
14 496
8 492
6 490
8 491
13 496
8 493
14 495
7 490
9 492
7 489
8 490
9 491
11 495
13 495
9 493
10 492
7 488
12 495
13 494
11 494
9 490
9 488
10 493
12 494
9 487
10 490
11 493
8 488
16 481
14 483
7 486
9 486
13 484
12 493
10 489
11 486
11 490
15 482
8 487
12 490
6 484
7 485
11 487
14 482
12 486
8 486
13 483
11 489
16 480
12 492
15 481
13 485
11 485
6 483
12 489
13 482
12 487
10 485
14 481
14 485
7 484
15 480
13 486
8 485
9 484
13 492
11 488
14 486
11 483
12 482
7 483
9 483
13 487
12 488
13 481
14 480
10 484
8 484
14 492
11 482
10 483
14 487
13 488
8 483
12 481
15 492
13 480
12 480
10 482
14 490
7 481
15 491
8 482
14 488
8 481
10 481
7 480
14 489
15 490
11 480
9 481
17 491
7 479
10 480
16 488
13 477
15 489
16 489
14 477
17 488
15 478
7 478
13 476
12 477
17 490
8 479
19 484
9 480
18 491
9 479
8 478
17 489
15 477
19 485
18 484
16 478
18 490
17 479
20 478
18 488
13 475
11 477
19 486
12 475
9 478
10 477
18 489
18 479
17 478
19 478
19 490
13 474
14 475
20 491
18 483
20 477
16 477
8 477
12 474
18 478
20 476
19 487
18 482
20 490
17 477
19 479
9 477
11 475
19 477
21 491
16 476
19 489
14 474
18 481
18 477
19 476
19 482
19 480
11 474
17 476
20 475
21 490
9 476
20 489
20 487
15 474
9 475
25 495
22 490
16 474
21 483
20 482
20 488
18 476
10 474
19 475
23 495
19 481
21 489
21 482
22 489
18 475
21 488
24 495
22 483
20 481
23 490
10 473
9 474
25 494
23 494
16 473
37 507
24 494
18 474
22 488
21 479
22 482
23 489
17 473
21 481
2 466
9 473
23 493
23 491
8 474
23 488
24 493
23 482
21 480
2 467
22 487
18 473
22 481
3 466
9 472
22 479
2 465
0 465
2 1
3 0
8 473
37 506
23 492
6 471
38 507
24 484
8 472
38 506
3 467
37 505
3 1
4 0
19 473
24 492
4 466
6 470
24 488
22 480
7 471
2 2
1 465
0 464
23 481
23 487
22 486
25 478
24 485
3 2
37 504
1 464
4 1
5 0
23 486
39 506
20 471
25 492
25 488
24 483
24 481
8 471
23 480
20 473
7 470
4 467
24 480
4 2
20 472
24 486
37 503
39 505
26 492
3 3
40 506
25 487
25 479
5 467
1 463
8 470
5 1
25 483
26 478
25 485
0 10
6 0
21 471
26 479
22 473
21 470
37 502
6 467
42 505
2 463
27 492
0 11
5 2
26 489
3 6
4 3
6 1
40 505
25 482
25 486
26 491
25 480
8 469
0 9
39 504
7 468
39 496
1 462
21 472
26 483
40 504
7 467
22 470
27 479
3 5
27 489
1 9
26 484
40 496
26 490
0 12
42 504
8 468
23 473
4 4
39 497
5 3
0 454
38 502
1 11
2 8
9 469
26 482
38 500
6 2
38 498
22 472
27 491
26 486
41 505
26 480
4 6
2 462
2 454
7 2
8 467
27 484
38 499
24 473
5 4
3 8
40 503
23 474
6 3
0 453
39 500
1 12
27 486
10 469
23 470
3 462
40 495
27 490
26 481
41 504
1 454
2 9
23 472
39 498
28 479
4 5
39 502
4 463
4 7
2 455
39 499
2 460
25 473
0 430
2 12
10 468
28 484
5 463
24 474
27 481
1 13
8 2
27 485
40 494
40 498
2 10
29 479
3 455
3 9
9 467
41 503
6 464
1 451
7 465
6 8
8 464
23 471
7 3
6 4
28 490
28 478
4 8
28 486
24 470
8 466
5 5
40 502
5 429
3 461
4 462
1 453
47 506
24 471
3 12
5 428
5 462
7 464
2 459
40 499
6 463
29 490
6 9
28 485
47 508
7 4
25 474
1 430
8 465
9 2
2 13
3 10
6 7
28 481
9 466
10 467
4 429
6 5
3 456
1 452
2 457
29 478
41 502
9 464
2 451
39 494
8 3
26 469
5 8
25 472
3 460
40 501
0 431
30 490
48 508
10 466
26 470
47 507
8 4
3 457
3 459
4 430
42 502
3 13
6 462
41 499
25 475
4 10
9 3
2 458
47 505
3 429
2 436
9 465
6 428
0 432
30 478
3 451
27 469
2 452
7 5
2 430
8 462
41 501
39 493
6 6
29 481
7 463
29 485
31 489
5 9
25 471
27 470
48 507
6 461
30 481
38 493
10 465
30 485
4 451
32 489
41 500
30 477
7 6
5 10
42 501
3 436
2 435
1 432
4 459
3 458
31 490
11 466
4 13
7 462
8 461
3 452
48 505
28 469
26 475
3 430
9 4
26 471
6 427
4 458
10 34
49 507
4 452
43 499
5 11
5 13
7 461
9 5
4 450
6 14
3 435
11 465
5 449
33 489
31 485
42 500
6 16
43 501
3 431
7 427
5 459
8 6
30 484
30 480
10 4
32 490
2 434
37 493
30 476
28 470
2 432
48 504
49 501
31 481
27 475
27 471
0 423
3 432
5 450
56 501
10 33
31 480
7 460
6 11
31 484
8 17
2 433
6 13
28 471
10 5
43 500
48 501
33 490
11 464
8 427
11 34
29 476
7 14
4 435
44 499
9 18
5 458
9 6
31 476
49 506
6 449
7 18
5 12
49 502
7 16
4 453
44 501
6 15
32 485
5 452
27 474
49 504
6 459
36 493
6 450
11 463
10 32
32 484
50 504
36 492
11 33
31 475
5 453
10 6
44 500
28 472
34 490
7 29
0 422
50 506
56 500
12 34
52 500
33 475
4 432
55 501
32 476
4 454
51 501
32 480
9 17
27 473
4 434
28 474
9 33
7 449
34 474
49 503
7 421
7 459
8 426
8 18
3 433
7 19
29 475
7 15
15 35
6 12
8 16
1 423
9 427
50 502
47 501
12 462
6 458
9 16
32 475
50 505
55 502
33 484
10 9
33 474
55 500
8 15
36 491
31 474
8 421
10 7
2 423
13 464
7 450
7 28
15 456
45 500
81 474
35 490
9 32
28 473
6 421
33 480
8 29
50 503
7 12
51 502
1 422
79 474
10 427
34 473
52 499
14 35
51 506
12 461
11 32
9 426
3 422
5 454
11 6
47 500
11 462
4 433
12 33
29 474
6 453
13 34
8 19
34 475
52 501
15 36
8 33
46 501
9 460
7 458
7 20
0 421
5 455
14 456
51 505
52 498
46 500
10 426
3 421
34 484
37 491
29 473
12 32
11 427
8 422
33 479
13 459
7 31
14 464
80 474
54 502
8 458
53 501
78 474
51 503
6 26
6 434
6 456
8 12
34 480
6 454
8 28
5 31
13 31
34 476
14 458
5 433
14 36
13 35
2 422
6 430
36 490
11 461
53 499
8 20
32 474
11 7
9 15
10 30
6 420
8 450
52 502
8 32
15 457
1 421
5 421
10 8
33 473
81 475
8 424
55 499
51 499
9 459
10 460
14 426
34 472
13 463
11 9
45 498
32 473
50 499
34 479
11 426
15 464
36 489
9 14
6 455
42 495
6 433
11 8
10 29
12 7
5 420
8 13
9 424
7 32
30 473
12 31
14 457
9 458
7 434
7 430
6 25
8 423
38 491
8 451
14 459
81 476
54 499
51 498
15 458
11 460
2 421
8 21
13 426
52 497
35 476
13 458
53 498
52 503
80 475
37 490
11 30
6 31
53 502
12 427
1 420
5 32
7 456
78 475
9 28
13 30
7 26
35 484
14 425
6 431
13 36
8 27
6 419
6 435
3 420
33 472
14 463
9 12
46 499
52 505
7 455
53 505
35 479
43 495
51 497
8 456
9 27
16 464
13 37
34 478
52 494
40 492
13 29
81 477
11 459
80 476
7 433
53 497
9 423
37 489
46 498
12 458
78 476
8 22
7 431
7 25
10 458
10 14
12 30
35 485
5 419
52 496
6 24
7 23
36 476
30 472
10 28
6 436
45 497
1 419
9 451
42 494
8 430
12 426
36 488
54 498
16 458
17 465
39 491
52 504
13 457
11 29
5 33
12 36
14 424
15 463
6 32
50 498
12 8
6 432
14 460
38 490
11 37
2 420
32 472
53 503
11 425
4 420
17 463
7 435
9 13
14 462
8 434
35 478
39 490
36 479
80 481
80 477
12 29
53 504
1 418
17 464
15 460
43 494
51 494
37 488
8 453
30 471
36 475
35 486
15 462
12 425
18 429
12 37
7 432
8 23
54 497
45 496
41 492
7 24
40 491
11 458
17 428
11 12
10 27
18 465
6 437
8 431
13 28
36 477
52 495
8 435
16 463
49 498
31 472
53 496
8 455
6 33
47 498
13 8
16 459
10 37
58 499
4 419
14 423
38 489
12 457
10 13
10 423
10 451
15 422
78 477
81 478
37 476
13 424
51 496
37 480
2 419
55 497
10 456
58 500
11 423
56 498
12 12
36 486
31 471
14 422
9 453
12 38
39 489
8 436
16 428
54 504
2 418
48 498
16 460
36 478
43 493
10 36
80 478
18 464
19 421
16 422
30 470
79 477
37 479
80 480
38 488
9 455
1 417
10 452
50 496
37 483
11 27
37 481
12 424
44 494
8 454
19 429
18 422
7 437
40 490
45 495
9 25
17 429
11 13
4 418
37 475
37 473
51 495
57 499
8 24
42 492
6 34
20 416
47 497
54 496
13 9
37 485
16 462
79 481
12 28
8 432
13 27
38 476
37 477
11 457
33 2
12 13
38 473
19 464
79 482
12 11
38 487
9 432
43 492
56 497
30 469
21 464
14 9
49 496
19 428
37 486
37 484
8 437
7 438
22 419
45 494
17 422
12 39
79 480
15 428
14 421
56 505
20 421
16 461
16 429
19 422
55 496
37 474
57 498
13 12
39 476
16 7
37 482
48 497
6 35
80 479
9 36
10 453
42 491
37 478
20 417
3 418
12 27
10 25
13 26
11 456
12 423
31 470
18 421
9 24
58 501
9 436
50 495
1 416
2 417
9 454
19 416
79 478
10 455
40 489
55 504
20 418
56 496
79 479
57 505
17 461
31 469
20 428
16 8
14 12
11 39
15 9
34 2
47 495
22 462
12 422
10 24
48 496
3 417
57 497
19 419
8 36
45 493
38 474
46 494
39 475
23 419
12 14
18 420
41 489
55 495
32 2
2 38
35 5
20 464
6 36
78 482
43 489
42 490
11 455
38 482
10 436
49 495
34 4
17 421
20 422
0 416
19 463
19 423
56 504
8 438
36 6
58 502
19 417
10 454
24 2
9 437
38 484
11 25
15 429
22 420
79 483
13 11
12 26
17 7
23 461
13 421
11 453
21 421
43 491
38 486
10 432
38 478
24 418
21 417
21 463
31 1
20 423
12 25
11 454
55 494
39 486
20 463
78 479
2 39
56 495
12 15
78 483
23 460
32 469
19 418
34 1
25 418
18 419
46 493
48 495
8 439
21 428
3 416
57 496
44 489
7 36
35 4
20 427
31 2
18 417
10 437
42 489
58 505
43 490
8 37
76 489
77 480
79 484
15 10
11 432
22 417
41 474
59 502
3 38
12 421
39 484
39 482
24 419
39 474
34 5
36 5
25 416
23 420
6 37
14 11
40 475
24 417
77 482
1 40
11 24
10 23
18 7
12 453
0 415
15 430
57 504
21 422
39 478
11 430
21 462
13 420
35 6
15 12
22 461
47 494
30 1
23 2
24 3
23 418
17 420
9 438
10 39
18 461
17 8
75 483
26 416
48 494
75 489
22 460
16 420
25 415
7 37
17 9
23 421
25 417
12 420
13 15
17 419
17 417
24 416
19 7
12 430
22 422
19 9
14 16
32 4
37 5
42 488
3 415
41 477
41 473
7 417
18 418
40 486
30 2
33 469
8 38
8 416
76 482
49 493
23 417
44 490
61 509
1 41
9 439
23 3
11 421
25 419
56 494
12 454
39 483
12 24
21 427
57 495
3 39
2 40
76 480
34 6
23 459
34 462
75 475
19 461
77 479
39 479
20 462
24 4
78 484
21 423
29 1
32 468
15 11
31 3
6 38
21 461
59 503
35 1
10 438
47 493
36 4
10 420
46 492
32 462
49 471
42 472
40 474
76 488
20 424
35 9
14 430
33 5
0 414
11 23
10 40
77 483
16 12
58 504
9 39
40 478
11 431
45 489
44 488
58 495
12 23
17 418
3 40
7 38
2 41
35 8
1 414
23 4
36 1
25 420
0 49
29 2
24 415
23 458
11 420
45 488
13 24
77 484
14 15
40 483
10 419
60 503
49 492
49 470
23 422
18 9
41 478
28 1
8 415
62 509
34 463
37 4
33 462
44 477
23 416
45 478
44 487
19 8
45 490
21 6
17 10
57 494
30 421
42 471
14 19
24 421
74 475
8 417
21 424
27 418
31 4
14 431
40 479
46 491
75 488
41 472
32 5
42 477
26 411
33 468
76 483
25 4
16 11
7 416
1 42
33 6
32 467
15 420
10 439
12 419
14 17
21 426
40 473
75 482
26 417
61 508
37 0
34 469
9 40
20 461
48 471
24 459
76 487
40 485
48 493
0 43
34 9
34 7
12 431
76 479
75 476
2 415
59 504
13 454
32 461
42 487
21 460
9 416
76 478
13 431
35 463
2 42
42 486
10 440
21 7
27 411
42 470
8 40
44 486
43 477
76 484
76 486
61 507
57 493
42 478
8 414
22 6
23 457
32 6
46 490
10 418
44 478
21 425
23 5
60 506
14 454
28 2
41 485
23 415
14 14
11 439
27 417
37 3
60 504
11 419
63 509
18 10
0 48
25 421
33 467
7 39
30 420
33 7
26 410
47 471
29 419
33 461
48 492
34 464
28 418
13 23
7 415
45 479
35 469
32 422
15 19
14 24
58 494
26 4
40 472
38 0
14 18
20 8
46 488
9 417
17 11
41 471
71 475
34 8
26 412
41 483
31 5
1 49
74 482
20 460
2 414
15 419
75 477
21 459
59 495
16 418
0 44
6 416
4 40
48 470
31 421
25 459
41 479
62 508
74 476
1 43
49 491
27 3
74 488
37 1
23 423
15 24
43 486
23 414
14 419
2 413
42 479
12 439
62 507
42 483
1 44
74 477
10 417
28 417
15 14
0 45
5 40
23 6
11 440
75 478
41 484
35 468
48 469
61 506
27 4
43 478
34 467
22 415
29 418
33 8
14 453
24 413
32 7
57 492
76 485
7 40
40 471
28 3
43 470
71 476
15 18
31 418
27 410
21 458
23 424
15 418
40 417
38 1
23 410
31 420
74 481
20 459
25 422
36 469
48 491
70 475
13 452
25 458
13 22
39 470
61 504
7 414
32 423
47 490
58 493
47 470
4 41
47 488
8 41
2 43
11 418
14 21
13 432
15 20
22 425
46 471
33 460
72 475
75 486
33 422
41 470
35 464
74 487
37 2
44 479
73 476
31 6
0 47
60 505
59 494
28 419
1 48
24 457
38 3
63 508
6 415
26 413
29 420
21 8
18 11
26 458
48 490
75 485
72 476
20 458
5 41
39 417
3 413
2 412
32 8
28 410
28 4
63 507
23 413
16 18
74 478
36 468
7 41
23 409
37 469
40 470
20 10
15 21
38 2
10 444
13 433
16 14
39 1
43 485
0 408
11 417
62 504
31 7
15 23
40 418
32 420
74 486
31 423
26 414
48 468
17 13
29 417
47 489
68 476
73 481
43 479
40 0
30 6
42 484
24 412
34 466
59 493
73 477
12 440
49 465
32 418
22 410
22 456
14 452
23 433
40 12
23 7
28 420
74 480
33 459
58 492
35 465
21 457
4 384
23 425
23 431
14 22
43 469
33 421
22 430
19 11
16 20
23 9
24 456
2 44
0 386
0 46
4 414
47 469
31 419
61 505
46 470
21 415
1 45
22 414
19 457
26 422
1 47
13 451
38 470
6 414
27 421
44 470
14 418
39 419
69 475
24 6
16 24
11 441
31 417
21 9
30 423
27 458
19 456
23 426
destination
