map
random512-35-7.map
pivot
483 433
agent & start
53 241
3 341
59 255
135 117
29 295
49 231
2 334
170 92
21 317
0 338
214 56
215 55
219 53
199 59
60 254
19 307
138 124
169 79
6 326
134 116
48 238
54 258
145 105
126 142
57 255
46 266
52 220
131 127
166 90
191 75
48 248
95 165
226 40
96 166
178 76
124 142
103 165
38 272
188 64
189 79
48 230
132 126
184 70
32 290
76 192
3 331
58 214
76 196
156 96
58 256
50 236
48 266
37 273
49 263
11 315
138 112
14 314
190 62
157 95
194 58
15 315
115 141
48 246
200 58
60 212
122 140
192 60
77 197
48 264
61 255
190 78
171 77
51 241
70 206
172 76
51 235
4 346
32 288
185 75
53 219
130 128
49 245
47 247
102 168
49 225
170 78
173 75
161 91
2 332
50 262
221 49
63 215
195 59
154 98
148 104
68 208
224 44
5 327
187 65
5 345
220 50
159 93
190 76
183 73
205 63
4 342
280 2
57 215
50 240
20 316
62 256
19 315
146 104
137 125
158 94
154 100
78 198
128 144
69 207
164 90
225 41
39 275
103 167
1 337
183 71
282 0
56 216
193 59
127 143
184 74
66 214
129 129
215 59
144 106
72 208
119 141
193 75
214 58
149 103
121 141
28 296
276 12
55 257
127 145
75 193
278 8
71 207
189 77
63 257
281 1
54 254
39 269
277 11
47 267
114 142
1 333
4 330
48 267
219 54
131 134
127 144
102 165
33 290
221 50
190 79
116 141
216 55
190 75
32 289
14 315
137 126
66 213
131 128
195 60
103 166
4 341
155 100
190 77
38 273
169 92
69 208
157 96
2 335
167 90
193 76
6 327
160 93
52 223
125 142
52 235
144 107
49 230
166 91
145 106
49 226
29 296
53 220
97 166
55 254
30 295
destination
