map
random512-15-9.map
pivot
509 460
agent & start
102 373
152 317
480 19
79 402
296 173
234 235
130 339
107 364
63 424
218 251
349 120
472 23
317 152
309 160
167 304
277 192
228 241
219 250
445 36
58 443
155 314
177 292
307 162
81 394
413 58
161 308
424 51
150 319
381 88
108 361
370 99
79 396
356 113
62 425
71 410
316 153
178 291
502 17
191 280
62 495
271 198
245 224
479 18
350 119
101 372
174 295
430 45
63 480
337 132
193 276
103 372
62 485
453 32
508 17
142 327
132 337
427 48
198 271
446 35
59 458
282 187
121 348
63 492
68 417
126 343
90 383
85 388
99 374
264 205
143 326
67 508
380 89
136 333
64 423
448 33
206 263
409 62
166 303
180 289
66 503
158 311
270 199
94 379
287 182
330 139
74 407
273 196
61 478
154 315
58 453
327 142
57 444
344 125
232 237
93 380
80 395
62 487
135 334
252 217
122 347
192 277
261 208
251 218
114 355
171 298
343 126
191 278
314 157
111 358
482 17
423 52
495 12
355 114
242 227
324 145
312 157
67 418
366 103
402 67
68 511
78 401
70 413
120 349
289 180
204 265
376 93
64 493
61 464
470 23
66 419
210 259
211 258
200 269
225 244
67 506
128 341
66 505
61 486
89 384
63 488
123 346
354 115
184 285
323 146
57 440
82 393
504 19
64 481
507 18
456 29
201 268
318 151
59 452
73 408
459 26
342 127
457 28
105 372
449 32
438 39
65 500
278 191
57 442
68 509
300 169
341 130
338 131
103 370
86 387
119 350
60 457
80 399
148 321
386 83
77 404
202 267
207 262
412 59
265 204
100 373
60 467
492 11
215 254
230 239
390 79
442 37
484 15
61 436
58 441
257 212
375 94
83 390
354 117
491 12
467 24
269 200
369 100
63 482
476 19
78 403
176 293
199 270
465 24
61 428
84 391
310 159
140 329
466 25
494 11
241 228
383 86
72 411
61 476
79 398
260 209
194 275
61 432
61 484
134 335
109 360
167 306
439 40
263 206
63 426
60 459
253 216
275 194
320 149
286 183
254 215
407 62
397 72
59 448
59 456
188 281
295 174
276 193
443 36
306 163
274 195
429 46
272 197
500 15
450 31
249 220
385 84
358 111
293 176
255 214
440 39
425 50
60 473
297 172
84 389
302 167
433 42
419 54
238 231
92 381
258 211
410 61
59 468
314 155
164 305
319 150
411 60
66 507
75 406
65 420
408 61
61 474
223 246
468 23
511 18
104 367
175 294
288 181
63 490
331 138
478 19
462 25
359 110
357 112
360 109
333 136
214 255
452 33
485 14
69 414
60 433
398 71
290 179
378 91
68 415
61 430
153 316
60 451
488 13
65 498
341 128
186 283
170 299
414 57
166 305
246 223
474 21
322 147
64 499
208 261
417 56
78 397
165 304
315 154
102 369
400 69
64 497
224 245
107 362
304 165
284 185
461 26
303 166
97 376
279 190
67 504
334 135
393 76
113 356
88 385
167 302
364 105
501 16
96 377
213 256
451 32
250 219
91 382
143 328
281 188
499 14
168 301
298 171
267 202
58 439
144 325
87 386
434 41
231 238
59 438
64 489
95 378
60 463
209 260
361 108
388 81
110 359
352 117
426 49
346 123
510 17
62 427
133 336
363 106
226 243
464 25
311 158
63 496
112 357
384 85
141 328
503 18
195 274
64 501
146 323
172 297
212 257
229 240
415 56
475 20
151 318
118 351
367 102
247 222
266 203
248 221
159 310
280 189
72 409
149 320
79 400
156 313
163 306
454 31
259 210
365 104
401 68
404 65
477 20
137 332
76 405
105 366
169 300
64 421
189 280
473 22
132 339
431 44
441 38
131 338
460 27
399 70
60 449
190 279
392 77
203 266
173 296
62 479
236 233
372 97
321 148
283 186
106 363
125 344
455 30
244 225
129 340
458 27
394 75
262 207
371 98
487 12
420 55
382 87
216 253
428 47
179 290
339 130
336 133
268 201
243 226
256 213
416 57
329 140
63 422
368 101
328 141
147 322
175 295
480 20
234 236
80 400
327 143
168 302
347 123
224 246
263 207
58 440
90 384
68 418
180 290
217 253
60 448
474 22
324 146
426 50
64 424
177 293
77 405
137 333
64 492
311 159
295 175
63 487
478 20
283 187
255 215
281 189
69 509
344 126
85 389
158 312
64 480
81 395
61 459
492 12
66 502
68 506
391 79
503 19
394 76
226 244
411 61
268 202
63 425
176 294
280 190
62 434
341 129
362 108
296 174
62 474
335 135
143 327
499 15
111 359
161 309
65 501
115 355
404 66
379 91
265 205
504 20
378 92
178 292
104 370
433 43
67 507
510 18
491 13
67 503
192 278
212 258
462 26
306 164
363 107
100 374
223 247
442 38
399 71
60 446
252 218
145 325
419 55
318 152
429 47
264 206
204 266
219 251
167 303
60 438
61 437
64 490
66 498
105 367
170 300
339 131
61 467
59 439
68 508
213 257
153 317
371 99
72 410
329 143
297 173
377 93
246 224
233 237
272 198
202 268
211 259
63 491
208 262
193 277
107 363
413 59
198 272
130 340
487 13
359 111
352 118
261 209
67 505
61 429
488 14
62 466
406 64
214 256
61 473
127 343
309 161
82 394
62 430
238 232
173 297
218 252
84 392
188 282
464 26
105 371
146 324
184 286
205 265
285 185
461 27
316 154
476 20
229 241
67 497
187 283
326 144
129 341
61 451
80 402
191 281
343 127
142 328
172 298
126 344
256 214
64 496
400 70
61 463
144 326
277 193
249 221
470 24
361 109
66 420
314 156
59 445
244 226
151 319
203 267
171 299
231 239
79 401
60 458
475 21
472 24
62 432
63 485
71 413
274 196
444 36
368 102
450 32
192 280
365 105
456 30
282 188
384 86
133 337
454 32
191 279
511 19
245 225
266 204
259 211
94 380
201 269
382 88
257 213
160 310
78 404
131 339
287 183
312 158
401 69
386 84
279 191
134 336
220 250
74 408
322 148
64 422
471 25
250 220
364 106
448 34
495 13
80 396
501 17
83 393
403 67
89 385
443 37
60 468
349 121
235 235
168 306
92 382
110 360
147 323
414 58
128 342
200 270
294 176
258 212
254 216
86 388
308 162
104 368
136 334
237 233
108 362
79 403
367 103
290 180
196 274
165 305
339 133
167 305
441 39
123 347
241 229
62 436
398 72
242 228
101 373
383 87
58 444
416 58
60 456
63 483
356 114
330 140
215 255
302 168
216 254
199 271
334 136
380 90
103 369
423 53
420 56
319 151
63 495
63 465
387 83
418 56
65 497
479 19
314 158
393 77
65 421
156 314
225 245
340 130
148 322
260 210
354 116
59 453
417 57
62 478
483 17
222 248
439 41
500 16
449 33
122 348
152 318
206 264
430 46
376 94
289 181
207 263
62 428
221 249
149 321
185 285
389 81
190 280
168 304
447 35
251 219
360 110
494 12
457 29
320 150
65 493
432 44
431 45
372 98
303 167
502 18
87 387
348 122
445 37
84 390
79 397
412 60
141 329
278 192
392 78
189 281
61 457
58 442
477 21
465 25
402 68
317 153
305 165
59 443
97 377
209 261
415 57
300 170
132 338
119 351
438 40
81 399
424 52
288 182
195 275
267 203
91 383
248 222
332 138
323 147
108 364
313 157
112 358
395 75
98 376
93 381
455 31
64 482
508 18
355 115
451 33
459 27
72 412
467 25
62 476
275 195
155 315
425 51
80 398
315 155
65 499
109 361
453 33
73 411
421 55
328 142
247 223
60 450
135 335
388 82
286 184
262 208
181 289
405 65
366 104
333 137
351 119
65 481
434 42
104 372
140 330
69 415
485 15
270 200
473 23
59 455
61 433
408 62
65 423
236 234
230 240
299 171
390 80
310 160
284 186
95 379
120 350
496 14
468 24
62 486
422 54
154 316
62 484
460 28
69 511
486 14
428 48
304 166
73 409
307 163
370 100
397 73
452 34
358 112
114 356
301 169
350 120
410 62
61 477
150 320
276 194
113 357
76 406
164 306
337 133
298 172
157 313
321 149
385 85
119 352
95 380
267 204
295 176
283 188
465 26
83 394
388 83
461 28
64 483
387 84
64 465
168 303
279 192
303 168
482 19
216 255
218 253
264 207
62 467
334 137
221 250
99 376
311 160
162 309
326 145
339 132
449 34
323 148
100 375
235 236
122 349
68 419
65 422
439 42
202 269
297 174
342 129
299 172
80 397
165 306
60 453
438 41
63 474
214 257
298 173
227 244
63 428
478 21
63 466
509 18
427 50
462 27
194 277
233 238
141 330
61 460
108 363
304 167
277 194
81 396
116 355
219 252
472 25
206 265
67 498
492 13
94 381
61 450
62 433
362 109
474 23
172 299
252 219
70 509
262 209
63 464
79 404
109 362
97 378
467 26
138 333
377 94
113 358
159 312
452 35
396 75
378 93
276 195
448 35
433 44
246 225
405 66
62 429
121 350
382 89
419 56
349 122
269 202
493 12
340 133
destination
