map
random512-15-9.map
pivot
509 460
agent & start
479 18
225 244
246 223
58 441
63 422
295 174
249 220
153 316
397 72
375 94
361 108
429 46
281 188
358 111
315 154
61 432
230 239
368 101
126 343
366 103
253 216
390 79
64 497
445 36
290 179
122 347
408 61
413 58
144 325
256 213
314 155
228 241
97 376
393 76
74 407
61 486
213 256
159 310
241 228
67 418
60 457
328 141
457 28
112 357
121 348
141 328
352 117
491 12
416 57
302 167
392 77
339 130
507 18
492 11
66 503
184 285
317 152
306 163
188 281
207 262
229 240
137 332
103 370
57 440
61 474
63 482
467 24
404 65
271 198
61 430
59 468
476 19
357 112
114 355
251 218
118 351
511 18
419 54
99 374
198 271
510 17
369 100
62 495
68 509
65 420
57 442
500 15
173 296
164 305
442 37
371 98
334 135
79 402
376 93
407 62
460 27
178 291
203 266
215 254
273 196
72 411
310 159
446 35
329 140
86 387
194 275
440 39
503 18
76 405
143 328
158 311
477 20
69 414
211 258
199 270
320 149
64 481
169 300
212 257
266 203
382 87
354 117
100 373
478 19
91 382
170 299
64 501
216 253
210 259
130 339
385 84
67 508
274 195
61 436
167 302
443 36
61 478
128 341
322 147
283 186
175 294
64 493
243 226
277 192
163 306
300 169
314 157
174 295
333 136
261 208
218 251
84 391
61 428
129 340
316 153
68 415
499 14
409 62
298 171
148 321
431 44
57 444
341 128
279 190
262 207
60 463
238 231
398 71
89 384
296 173
410 61
327 142
60 449
103 372
226 243
367 102
62 485
488 13
260 209
81 394
297 172
70 413
365 104
58 439
280 189
462 25
349 120
456 29
434 41
120 349
190 279
307 162
119 350
105 366
346 123
438 39
364 105
384 85
105 372
60 467
61 484
269 200
287 182
482 17
214 255
425 50
508 17
63 492
108 361
72 409
146 323
372 97
282 187
264 205
303 166
60 451
113 356
244 225
168 301
459 26
309 160
65 500
134 335
338 131
59 448
468 23
195 274
192 277
204 265
87 386
381 88
449 32
133 336
312 157
154 315
58 443
475 20
417 56
245 224
354 115
502 17
474 21
360 109
286 183
166 303
267 202
59 458
161 308
140 329
363 106
104 367
79 396
232 237
465 24
451 32
304 165
132 337
452 33
209 260
458 27
110 359
461 26
101 372
172 297
73 408
85 388
62 479
64 499
470 23
78 397
255 214
71 410
495 12
189 280
78 401
102 373
289 180
448 33
350 119
107 362
79 398
66 419
186 283
202 267
454 31
401 68
106 363
318 151
62 487
420 55
394 75
155 314
231 238
337 132
60 473
63 424
423 52
63 490
319 150
94 379
355 114
278 191
342 127
250 219
66 507
494 11
165 304
60 433
111 358
370 99
80 399
147 322
321 148
193 276
263 206
270 199
336 133
58 453
343 126
383 86
450 31
485 14
356 113
82 393
224 245
272 197
67 506
78 403
63 480
83 390
480 19
504 19
206 263
219 250
61 476
208 261
79 400
402 67
359 110
236 233
59 456
252 217
150 319
66 505
275 194
311 158
68 417
455 30
62 425
399 70
433 42
472 23
135 334
177 292
242 227
167 306
453 32
64 423
200 269
248 221
323 146
63 496
131 338
123 346
234 235
95 378
324 145
484 15
415 56
77 404
293 176
412 59
265 204
441 38
426 49
84 389
473 22
288 181
330 139
96 377
180 289
276 193
223 246
414 57
63 426
176 293
388 81
268 201
125 344
257 212
430 45
61 464
501 16
191 278
80 395
258 211
428 47
201 268
136 333
171 298
107 364
64 421
93 380
152 317
487 12
247 222
179 290
68 511
102 369
380 89
341 130
65 498
90 383
132 339
167 304
191 280
424 51
62 427
254 215
143 326
386 83
378 91
92 381
88 385
166 305
331 138
109 360
59 452
344 125
411 60
427 48
60 459
59 438
156 313
464 25
259 210
466 25
149 320
63 488
64 489
75 406
439 40
284 185
400 69
142 327
151 318
67 504
465 25
287 183
394 76
80 396
426 50
422 54
424 52
413 59
64 496
439 41
79 397
349 121
320 150
434 42
60 450
453 33
438 40
263 207
72 410
156 314
310 160
282 188
361 109
204 266
433 43
74 408
364 106
314 158
192 278
205 265
400 70
494 12
351 119
87 387
402 68
223 247
68 506
355 115
85 389
326 144
265 205
78 404
267 203
180 290
462 26
109 361
444 36
340 130
127 343
485 15
80 400
214 256
137 333
98 376
414 58
460 28
185 285
168 304
218 252
91 383
380 90
64 490
105 367
61 477
142 328
235 235
370 100
242 228
93 381
84 390
92 382
58 442
196 274
443 37
170 300
307 163
277 193
337 133
61 451
173 297
323 147
67 507
189 281
268 202
64 482
60 456
318 152
467 25
262 208
339 133
256 214
129 341
378 92
60 446
62 486
251 219
200 270
341 129
203 267
366 104
168 306
61 467
384 86
65 497
83 393
132 338
154 316
193 277
274 196
104 368
392 78
289 181
62 466
111 359
416 58
275 195
130 340
62 478
90 384
100 374
365 105
107 363
61 459
112 358
153 317
354 116
63 465
120 350
249 221
447 35
306 164
175 295
76 406
81 395
457 29
432 44
423 53
272 198
264 206
63 485
499 15
430 46
152 318
441 39
386 84
64 492
71 413
360 110
246 224
501 17
455 31
391 79
64 422
328 142
65 493
324 146
368 102
347 123
276 194
62 434
468 24
343 127
500 16
79 403
477 21
148 322
151 319
61 433
62 430
397 73
213 257
161 309
216 254
65 481
410 62
126 344
305 165
470 24
383 87
135 335
478 20
60 468
62 432
172 298
77 405
311 159
431 45
350 120
64 424
128 342
492 12
281 189
284 186
105 371
283 187
131 339
81 399
119 351
59 445
61 429
80 398
59 455
319 151
258 212
149 321
190 280
84 392
101 373
483 17
63 425
502 18
215 255
425 51
313 157
221 249
187 283
450 32
495 13
452 34
191 279
286 184
300 170
399 71
367 103
418 56
247 223
195 275
362 108
486 14
220 250
321 149
104 370
234 236
155 315
199 271
250 220
122 348
59 439
309 161
66 502
420 56
259 211
73 409
404 66
417 57
408 62
312 158
176 294
508 18
108 364
62 484
58 440
454 32
248 222
147 323
62 476
379 91
428 48
65 423
66 420
62 436
177 293
445 37
257 213
63 491
103 369
471 25
95 379
348 122
245 225
332 138
308 162
208 262
65 499
79 401
158 312
510 18
229 241
315 155
69 509
473 23
69 511
295 175
352 118
225 245
236 234
63 487
333 137
372 98
329 143
266 204
356 114
244 226
61 473
405 65
280 190
150 320
285 185
94 380
472 24
136 334
363 107
160 310
133 337
479 19
63 483
66 498
511 19
192 280
260 210
442 38
339 131
304 166
429 47
60 448
393 77
64 480
134 336
261 209
181 289
503 19
270 200
238 232
140 330
491 13
474 22
141 329
487 13
206 264
233 237
344 126
314 156
327 143
412 60
476 20
255 215
184 286
108 362
231 239
358 112
504 20
241 229
61 457
123 347
212 258
67 505
168 302
334 136
61 463
97 377
419 55
104 372
143 327
202 268
279 191
389 81
302 168
387 83
401 69
382 88
60 458
72 412
297 173
115 355
480 20
411 61
224 246
301 169
58 444
110 360
73 411
167 305
198 272
448 34
461 27
211 259
222 248
376 94
67 497
488 14
288 182
114 356
86 388
59 453
80 402
62 474
496 14
252 218
456 30
303 167
335 135
459 27
146 324
398 72
67 503
464 26
165 305
317 153
209 261
406 64
359 111
403 67
371 99
191 281
65 501
421 55
164 306
171 299
290 180
299 171
68 418
62 428
144 326
395 75
254 216
226 244
178 292
219 251
296 174
69 415
61 437
475 21
330 140
68 508
298 172
385 85
449 33
278 192
145 325
390 80
415 57
167 303
377 93
113 357
65 421
60 438
59 443
451 33
89 385
157 313
388 82
82 394
237 233
207 263
322 148
217 253
294 176
230 240
201 269
316 154
188 282
63 495
74 411
62 449
237 234
242 229
169 306
266 205
481 20
366 105
65 492
324 147
172 299
490 13
289 182
222 249
60 443
124 347
236 235
264 207
323 148
67 502
440 41
359 112
453 34
100 375
337 134
344 127
463 26
95 380
92 383
358 113
316 155
119 352
305 166
332 139
468 25
412 61
64 479
432 45
327 144
413 60
65 496
398 73
61 446
69 418
402 69
65 494
66 497
194 277
472 25
352 119
371 100
408 63
448 35
85 390
343 128
482 19
390 81
457 30
509 18
277 194
491 14
62 429
259 212
81 398
419 56
476 21
145 326
363 108
406 65
64 491
250 221
62 467
60 445
89 386
258 213
439 42
90 385
155 318
68 505
275 196
257 214
438 41
61 438
80 401
114 357
280 191
66 481
303 168
221 250
310 161
377 94
59 444
70 511
168 305
141 330
500 17
444 37
351 120
369 102
150 321
72 413
417 58
151 320
260 211
165 306
116 355
334 137
414 59
246 225
178 293
76 407
433 44
288 183
174 297
201 270
196 275
470 25
99 376
420 57
65 422
286 185
80 403
68 507
215 256
62 463
424 53
63 466
450 33
67 498
64 483
82 395
60 439
431 46
121 350
297 174
219 252
188 283
355 116
427 50
162 309
262 209
339 132
62 433
479 20
224 247
68 419
207 264
300 171
487 14
229 242
329 144
108 363
238 233
180 291
144 327
429 48
336 135
386 85
349 122
94 381
319 152
69 510
223 248
61 472
64 465
220 251
411 62
86 391
239 232
456 31
401 70
449 34
389 82
497 14
66 501
71 414
63 430
140 331
77 406
252 219
494 13
340 133
378 93
59 442
68 503
251 220
254 217
199 272
63 476
152 319
331 140
434 43
329 142
504 21
248 223
464 27
276 195
311 160
290 181
177 294
321 150
164 307
346 125
126 345
403 68
104 369
492 13
112 359
425 54
63 432
64 431
325 146
197 274
478 21
498 15
146 325
333 138
407 64
186 285
480 21
364 107
307 164
393 78
326 145
65 490
227 244
304 167
488 15
235 236
213 258
335 136
84 393
271 200
418 57
217 254
98 377
187 284
485 16
83 394
171 300
474 23
192 279
511 20
357 114
394 77
111 360
65 424
214 257
86 389
287 184
63 478
101 374
113 358
81 396
400 71
218 253
279 192
342 129
157 314
283 188
397 74
60 455
460 29
405 66
225 246
66 423
385 86
255 216
226 245
64 485
200 271
206 265
495 14
63 464
136 335
302 169
284 187
388 83
185 286
202 269
60 453
423 54
381 90
64 495
387 84
105 370
231 240
308 163
203 268
461 28
272 199
265 206
299 172
216 255
425 52
484 17
281 190
62 473
175 296
63 428
115 356
63 486
142 329
87 388
110 361
396 75
447 36
128 343
256 215
462 27
368 103
63 474
65 480
372 99
467 26
64 487
465 26
148 323
138 333
70 509
501 18
62 435
60 441
475 22
253 218
313 158
62 451
261 210
82 399
184 287
361 110
130 341
233 238
295 176
347 124
66 499
160 311
59 440
93 382
67 420
158 313
232 239
147 324
96 379
436 43
443 38
163 308
471 26
73 410
416 59
317 154
399 72
193 278
131 340
446 37
502 19
129 342
392 79
104 373
69 506
328 143
404 67
301 170
318 153
79 404
61 460
422 55
382 89
315 156
211 260
63 484
267 204
61 448
234 237
454 33
61 450
367 104
459 28
356 115
120 351
415 58
452 35
269 202
204 267
97 378
312 159
298 173
137 334
69 508
362 109
88 387
182 289
486 15
80 397
380 91
212 259
61 468
360 111
155 316
208 263
340 131
62 459
159 312
153 318
441 40
105 368
230 241
365 106
109 362
274 197
458 29
209 262
74 409
350 121
78 405
249 222
379 92
345 126
133 338
70 415
135 336
85 392
489 14
348 123
383 88
245 226
421 56
62 477
195 276
61 458
168 303
309 162
508 19
190 281
426 51
247 224
493 12
64 425
122 349
384 87
149 322
356 116
245 227
443 39
70 506
190 282
326 146
82 400
437 43
116 356
511 21
498 16
175 297
359 113
68 502
62 462
64 432
469 25
198 274
172 300
495 15
422 56
77 407
100 376
82 398
313 159
63 459
452 36
96 380
285 187
105 369
358 114
501 19
86 392
224 248
71 511
402 70
114 358
338 134
109 363
200 272
173 301
60 442
206 266
196 276
201 271
81 401
395 77
239 233
115 357
302 170
234 238
260 212
258 214
94 382
322 150
249 223
386 86
242 230
65 425
374 98
387 85
484 18
68 498
65 479
104 374
66 482
90 386
155 317
139 333
288 184
284 188
352 120
113 359
413 61
423 55
89 387
65 431
347 125
65 485
142 330
159 313
99 377
227 245
62 448
255 221
378 94
427 51
246 226
428 50
403 69
256 216
223 249
481 21
65 495
74 410
62 438
327 145
483 19
503 21
109 365
82 396
385 87
66 424
309 163
456 32
349 123
499 17
367 105
75 411
497 15
197 275
450 34
64 484
265 207
63 433
434 44
195 277
366 106
337 135
62 458
218 254
339 135
286 186
136 336
248 224
221 251
480 22
183 289
85 393
169 305
471 27
66 496
64 434
254 218
247 225
264 208
344 128
492 14
275 197
412 62
231 241
295 177
505 21
287 185
440 42
222 250
64 428
151 321
432 46
124 348
219 253
66 492
68 420
83 395
134 338
216 256
119 353
468 26
455 33
212 260
128 344
70 508
448 36
176 296
360 112
83 399
81 397
340 132
149 323
425 53
389 83
67 501
236 236
365 107
70 416
67 421
357 115
76 408
137 335
470 26
63 467
61 445
333 139
266 206
486 16
235 237
174 298
63 435
71 509
65 465
250 222
508 20
369 105
63 449
307 165
232 240
372 100
79 405
361 111
421 57
362 110
97 379
451 35
442 40
467 27
177 295
323 149
270 202
449 35
281 191
184 288
298 174
390 82
263 209
419 57
148 324
138 334
106 370
408 64
272 200
214 258
64 464
63 477
276 196
162 310
61 447
283 189
145 327
101 375
406 66
461 29
345 127
240 232
62 468
384 88
464 28
147 325
401 71
65 491
71 419
308 164
217 255
424 54
271 201
95 381
67 423
380 92
228 244
351 121
383 89
66 422
135 337
463 27
88 388
66 480
487 15
453 35
334 138
187 285
343 129
459 29
305 167
392 80
171 301
73 413
312 160
92 384
131 341
415 59
496 16
368 104
299 173
163 309
318 154
482 20
489 15
64 466
208 264
156 316
160 312
310 162
186 286
444 38
82 402
63 463
479 21
311 161
447 37
86 390
335 137
474 24
63 429
262 210
318 156
405 67
353 119
130 342
72 414
462 28
414 60
182 290
233 239
306 166
91 385
439 43
399 73
194 278
438 42
211 261
111 361
63 475
321 151
278 194
377 95
70 510
301 171
169 303
433 45
268 204
154 318
457 31
324 148
93 383
179 293
350 122
69 507
473 25
293 179
300 172
66 494
67 499
303 169
150 322
64 430
420 58
243 229
203 269
60 440
316 156
500 18
348 124
188 284
69 419
126 346
446 38
429 49
274 198
267 205
296 176
277 195
320 152
476 22
504 22
407 65
255 217
215 257
436 44
62 446
252 220
370 102
61 439
273 199
251 221
373 99
181 291
280 192
69 505
458 30
78 406
121 351
269 203
173 299
152 320
60 444
371 101
364 108
510 20
106 368
230 242
140 332
62 460
388 84
202 270
63 451
112 360
441 41
330 142
60 454
290 182
199 273
120 352
226 246
165 307
369 103
502 20
435 43
65 483
62 472
98 378
397 75
63 473
490 14
209 263
391 81
494 14
65 487
75 409
417 59
207 265
404 68
70 418
238 234
485 17
491 15
64 486
180 292
61 469
74 412
475 23
394 78
66 490
164 308
509 19
122 350
328 144
64 478
379 93
465 27
62 450
254 220
472 26
430 48
346 126
61 441
382 90
331 141
158 314
253 219
210 262
493 13
204 268
170 302
193 279
81 403
257 215
110 362
381 92
306 167
109 366
121 352
253 220
418 59
370 103
255 218
261 212
201 272
384 89
479 22
245 228
147 326
62 439
307 166
114 359
64 463
69 420
71 416
496 17
196 277
345 128
182 291
158 315
66 489
509 20
401 72
500 19
173 300
272 201
448 37
246 227
91 386
424 55
61 444
64 477
66 431
284 189
402 71
266 207
278 195
297 176
143 330
443 40
120 353
455 34
111 362
222 251
65 428
71 508
62 447
65 488
275 198
357 116
462 29
79 406
76 409
67 482
66 485
430 49
72 415
322 151
216 257
492 15
316 157
198 275
490 15
346 127
203 270
199 274
89 388
336 137
211 262
103 374
350 123
66 479
135 338
390 83
92 385
176 299
156 317
221 252
235 238
242 231
73 414
65 486
234 239
67 492
305 168
497 16
395 78
127 346
72 509
423 56
81 404
355 118
298 175
421 58
84 395
321 152
447 38
453 36
68 421
113 360
67 480
454 35
124 349
396 77
459 30
374 99
243 230
341 132
380 93
439 44
188 285
204 269
183 290
369 104
429 50
61 470
65 476
491 16
66 487
427 52
68 501
413 62
76 411
407 66
228 245
457 32
66 491
505 22
93 384
223 250
75 412
391 82
348 125
115 358
256 221
386 87
153 320
250 223
241 232
461 30
219 254
378 95
485 18
70 419
62 445
65 466
160 313
137 336
379 94
338 135
220 253
134 339
417 60
110 365
327 146
502 21
334 139
286 187
125 348
476 23
511 22
67 494
63 450
264 209
65 430
472 27
214 259
67 422
288 185
309 164
97 380
293 180
405 68
66 495
340 135
71 420
138 335
319 154
270 203
257 216
140 333
403 70
75 410
65 436
65 426
112 361
148 325
323 150
383 90
83 402
320 153
95 382
255 220
186 287
267 206
100 377
63 458
426 53
489 16
382 91
119 354
96 381
422 57
399 74
499 18
412 63
363 110
432 47
368 105
62 441
312 161
66 483
481 22
324 149
343 130
63 460
87 390
63 472
437 44
480 23
84 399
200 273
184 289
456 33
273 200
434 45
88 389
268 205
271 202
506 21
62 461
61 442
62 453
72 505
291 182
300 173
64 459
87 392
107 368
469 26
274 199
152 321
398 75
64 435
473 26
63 452
283 190
365 108
331 142
441 42
65 464
308 165
70 507
62 469
171 302
185 288
362 111
317 156
333 140
66 465
123 350
239 234
161 312
335 138
494 15
285 188
131 342
249 224
342 131
61 454
415 60
77 408
80 405
82 401
400 73
484 19
170 303
414 61
388 85
248 225
72 511
435 44
486 17
129 344
436 45
65 484
70 417
82 403
359 114
385 88
256 217
311 162
86 393
367 106
458 31
501 22
495 16
98 379
213 260
68 423
106 369
154 319
478 23
67 500
65 432
444 39
409 64
360 113
361 112
332 141
328 145
498 17
240 233
470 27
227 246
262 211
326 147
254 219
394 79
471 28
64 449
146 327
352 121
349 124
289 184
451 36
467 28
83 400
466 27
238 235
181 292
237 236
180 293
482 21
78 407
281 192
442 41
236 237
419 58
303 170
64 473
375 98
292 181
208 265
128 345
389 84
62 471
508 21
99 378
487 16
64 437
468 27
190 283
71 506
510 21
252 221
276 197
83 396
353 120
202 271
102 375
206 267
404 69
356 117
179 294
474 25
433 46
83 398
64 427
116 357
337 136
64 429
364 109
175 298
463 28
318 155
296 177
325 148
71 418
68 499
290 183
110 363
141 332
229 244
230 243
177 296
165 308
194 279
258 215
450 35
61 440
170 305
111 364
62 455
172 301
64 467
387 86
69 504
151 322
438 43
488 17
440 43
231 242
301 172
428 51
501 20
178 295
344 129
90 387
132 341
145 328
294 179
282 191
65 478
65 434
66 425
174 299
64 475
313 160
269 204
139 334
210 263
259 214
392 81
218 255
358 115
372 101
406 67
377 96
205 268
122 351
232 241
449 36
74 413
251 222
299 174
71 510
195 278
189 284
504 23
163 310
157 316
149 324
82 397
117 356
277 196
159 314
483 20
493 14
69 502
224 249
64 433
249 225
154 320
302 172
73 511
66 486
122 352
314 160
266 210
65 433
365 109
303 171
68 422
267 207
192 282
268 206
399 75
374 100
396 78
283 191
130 344
370 104
467 29
65 429
354 120
140 334
293 181
348 126
335 139
247 227
326 148
107 371
210 264
451 37
442 42
351 123
287 187
484 20
200 274
144 330
336 138
375 99
68 480
311 163
334 140
284 190
241 233
185 291
70 504
206 268
276 198
353 121
62 470
95 383
415 61
65 451
65 467
414 62
333 141
110 366
65 427
304 170
383 91
205 269
64 462
146 328
147 327
88 392
277 197
66 488
84 402
234 240
64 472
62 454
387 87
331 143
368 106
64 468
242 232
352 122
84 398
400 74
218 256
89 389
181 293
67 487
150 324
153 321
63 461
243 231
319 155
177 297
196 278
85 399
494 16
337 137
66 476
223 251
233 241
209 265
489 17
327 147
67 491
64 452
161 313
171 303
462 30
250 224
102 376
69 421
117 357
438 44
211 263
288 186
120 354
272 202
452 38
402 72
200 276
87 393
225 249
477 23
436 46
239 235
99 379
71 505
391 83
444 40
229 245
278 196
454 36
158 316
65 477
66 466
253 221
113 361
184 290
178 296
431 49
350 124
66 464
509 21
382 92
320 154
71 507
86 394
390 84
371 103
421 59
492 16
501 21
66 434
482 22
433 47
346 128
71 417
201 273
260 214
297 177
437 45
63 439
275 199
235 239
292 182
172 302
265 209
73 509
91 387
300 174
111 363
103 375
183 291
175 299
100 378
163 311
490 16
286 188
66 426
66 478
132 342
266 208
299 175
499 19
66 458
72 510
310 164
463 29
273 201
386 88
77 411
93 385
500 20
66 430
355 119
228 246
456 34
123 351
128 346
226 248
63 441
112 362
135 339
145 329
68 424
476 24
213 261
90 388
92 386
191 283
458 32
362 112
69 501
88 390
306 168
341 135
76 412
328 146
479 23
131 343
220 254
160 314
194 280
298 176
81 405
134 340
214 260
291 183
69 423
68 482
506 22
72 418
356 118
373 101
486 18
377 97
313 161
434 46
366 108
138 336
177 299
393 81
65 475
85 395
164 310
418 60
70 420
198 276
422 58
487 17
404 70
270 204
435 45
72 416
394 80
441 43
450 36
407 67
262 212
417 61
255 219
364 110
269 205
143 331
424 56
497 17
208 266
64 450
63 447
469 27
82 404
274 200
68 492
188 286
157 317
94 384
280 194
221 253
111 365
67 483
124 350
406 68
307 167
461 31
244 230
109 367
281 193
316 158
98 380
325 149
259 215
480 24
72 508
176 298
65 437
392 82
202 272
381 93
64 438
179 295
67 493
443 41
345 129
246 228
125 349
248 226
385 89
72 506
282 192
190 284
349 125
508 22
359 115
289 185
459 31
119 355
207 267
384 90
129 345
67 425
388 86
78 408
65 459
148 326
413 63
511 23
63 445
236 238
252 222
65 463
432 48
473 27
66 484
449 37
63 471
67 431
70 502
403 71
472 28
133 341
63 455
455 35
264 210
193 281
376 98
142 332
324 150
204 270
358 116
136 338
189 285
74 414
305 169
427 53
258 216
491 17
493 15
342 132
182 292
238 236
174 300
507 21
80 406
505 23
64 448
67 465
180 294
503 23
257 217
227 247
165 309
379 95
496 18
84 396
116 358
64 446
430 50
367 107
510 22
315 159
67 495
448 38
440 44
295 179
107 369
121 353
68 494
230 244
481 23
332 142
502 22
62 442
423 57
65 435
504 24
360 114
338 136
76 410
483 21
67 479
64 458
170 304
361 113
159 315
84 400
485 19
285 189
114 360
363 111
216 258
79 407
231 243
474 26
419 59
64 460
83 403
151 323
357 117
409 65
466 28
152 322
256 220
62 440
428 52
237 237
344 130
186 288
65 449
139 335
112 364
187 287
309 165
343 131
83 397
118 356
137 337
63 453
317 157
347 127
66 428
113 365
77 409
395 79
68 500
251 223
217 257
62 444
378 96
62 456
271 203
401 73
478 24
245 229
261 213
322 152
203 271
224 250
83 401
379 97
96 382
258 217
76 413
153 322
355 120
294 181
243 232
495 18
397 78
223 252
112 363
108 369
73 416
316 159
67 428
74 509
147 328
407 68
82 405
422 59
332 143
306 169
104 377
428 53
97 382
68 487
411 66
485 20
490 17
256 219
507 22
71 504
199 276
389 86
63 442
65 448
351 124
209 266
305 170
462 31
372 103
63 470
382 93
111 366
454 37
211 264
66 449
190 285
433 48
239 236
326 149
141 334
457 34
133 342
69 424
148 327
89 392
444 41
69 480
72 417
65 468
499 20
322 153
353 122
400 75
67 484
67 432
107 372
321 154
311 164
68 493
221 254
64 457
222 253
329 146
236 239
157 318
73 418
226 249
461 32
230 245
242 233
473 28
213 262
396 79
99 380
386 89
441 44
486 19
227 248
234 241
251 224
85 402
403 72
70 423
244 231
66 429
338 137
88 393
67 464
66 475
66 437
492 17
287 188
309 166
66 433
475 26
149 326
247 228
79 408
387 88
178 297
317 158
65 458
77 410
151 324
96 383
123 352
70 421
312 163
196 279
245 230
216 259
360 115
291 184
217 258
93 386
405 70
130 345
86 399
426 55
259 216
89 390
390 85
84 403
164 311
292 183
78 411
235 240
125 350
64 469
310 165
127 348
122 353
279 196
285 190
65 472
510 23
481 24
262 213
185 290
439 46
347 128
365 110
425 56
449 38
477 24
136 339
225 250
68 483
67 436
64 461
138 337
159 316
65 460
67 476
210 265
131 344
224 251
350 125
443 42
191 284
113 362
359 116
200 275
313 162
187 288
424 57
119 356
194 281
432 51
293 182
393 82
87 394
197 278
195 280
440 45
336 139
423 58
103 376
335 140
84 397
66 451
480 25
437 46
278 197
112 365
414 63
204 271
214 261
233 242
374 101
476 25
456 35
328 147
69 494
238 237
323 152
91 394
362 113
455 36
68 465
115 360
68 479
506 23
346 129
90 393
349 126
469 28
484 21
364 111
284 191
85 400
88 391
68 491
117 358
381 94
431 50
496 19
70 503
281 194
219 256
67 430
267 208
392 83
442 43
366 111
66 463
427 54
206 269
240 235
394 81
152 323
184 291
63 440
304 171
74 511
399 76
126 349
459 32
378 97
361 114
249 226
342 133
171 304
497 18
409 66
84 401
65 450
64 471
352 123
66 477
65 462
68 425
182 293
290 185
348 127
468 29
391 84
478 25
479 24
451 38
418 61
301 174
288 187
63 454
75 414
274 201
357 118
395 80
134 341
158 317
67 478
69 500
73 510
268 207
66 427
494 17
375 100
69 422
315 160
189 286
142 333
253 222
289 186
91 388
65 438
466 29
63 444
64 453
366 109
450 37
162 313
64 445
493 16
453 38
333 142
314 161
331 144
257 218
248 227
128 347
308 167
177 300
363 112
438 45
201 274
231 244
64 447
402 73
266 209
406 69
175 300
86 395
505 24
483 22
72 507
502 23
109 368
377 98
192 283
432 49
435 46
373 102
358 117
379 96
63 456
277 198
144 331
66 467
421 60
452 39
181 294
275 200
172 303
110 367
448 39
419 60
146 329
252 223
283 192
286 189
295 180
232 243
241 234
429 52
500 21
408 67
487 18
388 87
344 131
307 168
143 332
250 225
139 336
65 452
67 466
324 151
463 30
108 371
145 330
368 107
280 195
180 295
343 132
161 314
470 29
193 282
68 481
207 268
434 47
67 488
509 22
341 134
430 51
376 99
458 33
118 357
188 287
124 351
140 335
120 355
160 315
270 205
67 426
165 310
73 508
208 267
305 172
177 298
135 340
66 459
95 384
215 260
300 175
415 62
80 407
106 373
345 130
261 214
272 203
269 206
113 364
384 91
137 338
155 320
371 104
81 406
320 155
334 141
498 19
74 415
265 210
325 150
205 270
229 246
380 95
298 177
90 389
78 409
70 501
401 74
68 495
282 193
65 446
273 202
276 199
92 387
303 172
67 486
121 354
62 443
203 272
94 385
166 309
64 441
100 379
71 502
218 257
327 148
66 435
499 21
504 26
254 222
380 96
184 292
299 177
78 410
416 62
293 183
503 25
179 297
367 109
249 227
493 17
303 173
126 350
67 463
409 67
86 398
432 52
193 283
78 412
66 438
87 399
247 229
65 447
253 223
470 30
66 450
64 454
313 163
65 471
67 477
248 228
444 42
264 212
231 245
86 396
298 178
392 84
242 234
85 403
68 478
308 168
365 111
275 201
67 433
119 357
300 176
210 266
69 497
246 230
304 172
66 462
286 190
403 73
75 415
121 355
290 186
353 123
191 285
75 511
438 46
346 130
356 120
456 36
390 86
413 65
417 63
232 244
101 379
68 496
223 253
273 203
252 224
502 24
393 83
333 143
225 251
236 240
68 490
475 27
162 314
69 431
467 31
453 39
144 332
221 255
107 373
466 30
205 271
281 195
95 385
151 325
378 98
311 165
152 324
147 329
328 148
391 85
389 89
229 247
194 282
428 54
360 116
366 110
478 26
354 122
373 103
342 134
317 159
69 495
67 429
190 286
117 359
302 174
383 93
269 207
209 267
79 411
68 430
343 133
214 262
74 510
349 127
443 43
315 161
330 146
228 248
198 278
149 327
68 486
404 72
361 117
262 214
454 38
503 27
399 77
276 200
485 21
461 33
239 237
110 368
412 66
397 79
240 236
347 129
128 348
295 181
66 472
277 199
411 67
67 437
102 378
67 427
82 408
69 479
335 141
427 55
69 483
93 387
189 287
92 388
120 356
115 361
386 90
139 337
84 404
196 280
132 344
433 51
431 51
480 26
104 376
388 88
81 407
344 132
321 155
68 466
199 277
85 401
74 416
435 47
326 150
142 334
487 19
338 138
507 23
66 446
86 400
211 265
505 25
188 288
362 114
99 381
307 169
455 37
218 258
74 504
143 333
250 226
178 300
241 235
476 26
66 448
187 289
65 457
68 484
67 475
359 117
238 238
449 39
434 48
226 250
103 377
158 318
425 57
429 53
370 106
166 310
401 75
64 440
97 383
272 204
310 166
146 330
320 156
394 82
477 25
180 296
127 349
86 402
165 311
460 32
90 394
68 476
192 284
368 108
352 124
69 465
442 44
70 500
363 113
265 211
77 413
314 162
69 493
175 301
497 19
316 160
452 40
178 298
436 48
450 38
484 22
305 171
65 469
91 395
430 52
243 233
201 275
140 336
90 392
125 351
439 47
67 449
495 19
237 239
150 326
280 196
167 309
68 426
274 202
70 424
381 95
137 339
89 391
67 451
230 246
70 480
109 371
432 50
65 445
474 28
336 140
217 259
406 70
68 488
71 503
153 323
172 304
408 68
203 273
279 197
212 264
424 58
122 354
371 105
481 25
94 386
64 470
426 56
496 20
224 252
106 374
251 225
70 422
123 353
350 126
263 213
183 293
405 71
234 242
73 417
351 125
213 263
245 231
73 507
135 341
389 87
357 119
332 144
65 439
186 290
202 274
161 315
358 118
64 456
163 313
64 442
257 219
206 270
364 112
173 303
108 372
65 461
112 366
215 261
67 459
464 30
207 269
490 18
174 302
90 390
384 92
100 380
91 389
82 406
195 281
509 23
68 464
291 185
355 121
219 257
463 31
69 491
96 384
306 170
433 49
66 468
258 218
74 506
66 452
148 328
483 23
216 260
395 81
458 34
177 301
134 342
297 179
156 322
419 61
63 443
322 154
385 91
113 363
67 435
268 208
422 60
64 444
372 104
469 29
131 345
377 99
287 189
146 332
282 194
68 428
294 182
88 394
70 482
116 360
486 20
155 321
376 100
375 101
91 393
288 188
68 432
283 193
160 316
227 249
324 152
204 272
98 382
69 481
233 243
285 191
396 80
312 164
181 295
80 408
498 20
387 89
451 39
259 217
510 24
261 215
197 279
133 343
67 467
441 45
407 69
267 209
492 18
114 364
334 142
69 425
108 370
479 25
89 393
494 18
437 47
85 397
415 63
339 137
164 312
145 331
270 206
114 362
374 102
325 151
418 62
68 452
65 453
448 40
278 198
136 340
166 311
355 122
377 100
70 493
182 295
237 240
72 503
367 110
150 327
327 150
258 219
149 328
202 275
76 415
314 163
265 212
228 249
508 25
180 297
98 383
407 70
334 143
429 54
69 478
76 511
172 305
349 128
296 181
173 304
249 228
203 274
176 301
192 285
273 204
263 214
135 342
86 397
448 41
146 331
244 233
370 107
304 173
401 76
179 298
306 171
410 67
238 239
213 264
502 25
295 182
109 372
442 45
286 191
284 193
413 66
163 314
289 188
428 55
369 108
360 117
264 213
196 281
143 334
102 379
121 356
248 231
88 395
110 369
452 41
65 442
309 168
276 201
359 118
75 510
198 279
503 26
507 24
74 505
66 447
318 159
438 47
313 164
140 337
70 497
68 489
123 354
353 124
419 62
79 410
294 183
471 30
488 19
441 46
68 477
120 357
91 392
389 88
155 322
252 225
111 368
91 390
145 332
481 26
188 289
293 184
69 432
208 269
88 399
357 122
253 224
456 37
362 117
65 454
402 75
372 105
384 93
190 287
317 160
285 192
390 87
282 195
80 409
498 21
122 355
89 394
193 284
64 443
184 293
107 374
99 382
411 68
310 167
67 472
128 349
68 475
87 396
406 71
67 438
158 319
343 134
467 32
246 231
477 26
167 310
70 495
260 217
65 456
298 179
357 120
365 112
222 255
275 202
328 149
90 395
483 24
73 504
418 63
348 129
71 424
460 33
424 59
136 341
254 223
345 132
134 343
205 272
382 95
164 313
229 248
462 33
118 359
336 141
148 329
151 326
505 26
69 486
68 485
335 142
125 352
108 373
385 92
90 391
85 404
70 431
479 26
300 177
231 246
354 123
71 482
66 461
321 156
316 161
67 460
473 30
474 29
492 19
281 196
81 408
302 175
437 48
312 165
126 351
459 34
395 82
278 199
277 200
68 467
392 85
416 63
157 322
65 444
450 39
484 23
175 302
119 358
133 344
490 19
307 170
388 89
93 388
156 321
333 144
400 77
504 27
280 197
461 34
69 484
330 147
69 426
297 180
137 340
124 353
74 417
468 31
94 387
403 74
103 378
494 19
72 499
358 119
69 476
71 422
86 401
466 31
274 203
319 158
69 490
174 303
217 260
138 339
393 84
404 73
361 118
288 189
171 310
510 25
371 106
433 50
112 367
214 263
425 58
233 244
87 400
499 22
67 474
245 232
338 139
68 451
337 140
435 48
65 470
209 268
239 240
69 466
100 381
387 90
75 508
415 64
378 99
82 407
362 115
270 207
78 413
152 325
105 376
75 416
241 236
331 146
66 453
161 316
207 270
455 38
120 359
191 286
394 83
458 35
67 450
443 44
235 242
92 389
117 360
301 176
159 318
414 65
218 259
434 49
71 480
506 25
356 121
427 56
109 370
67 452
391 86
206 271
223 254
66 439
423 60
96 385
68 427
261 216
69 428
457 36
165 312
243 234
351 126
68 433
234 243
381 96
329 148
179 300
501 24
308 169
65 440
408 69
68 429
322 155
475 28
197 280
71 500
239 238
66 473
114 363
325 152
279 198
232 245
268 209
344 133
101 380
132 345
127 350
204 273
141 336
170 307
311 166
409 68
373 104
70 481
115 362
509 24
352 125
431 52
70 491
153 324
347 130
496 21
219 258
386 91
350 127
195 282
115 364
171 306
326 151
485 22
493 18
83 406
248 229
226 251
240 237
139 338
160 317
144 333
194 283
97 384
130 347
66 469
430 53
464 31
397 80
444 43
170 309
463 32
95 386
375 102
472 31
69 430
69 496
340 137
396 81
84 405
68 463
162 315
70 483
478 27
290 187
283 194
221 256
480 27
199 278
374 103
291 186
251 226
66 445
225 252
487 20
269 208
66 471
303 174
147 330
469 30
364 113
67 448
454 39
497 20
183 294
376 101
70 425
68 435
220 257
210 267
216 261
417 64
242 235
181 296
247 230
110 371
230 247
212 265
129 348
187 290
315 162
116 361
86 403
74 507
449 40
320 158
289 189
356 122
137 341
269 209
250 228
65 443
81 409
195 283
401 77
311 167
498 22
110 372
295 183
415 65
147 331
98 384
194 284
497 21
427 57
159 319
449 41
299 179
247 231
69 435
171 309
72 498
288 190
460 34
298 180
110 370
75 417
462 34
369 109
270 208
144 334
193 285
248 230
244 234
434 50
69 433
291 187
447 43
341 137
87 403
86 404
113 367
160 318
131 347
87 397
192 286
504 28
71 491
89 399
210 268
75 507
70 426
223 255
272 206
429 55
69 449
296 182
108 374
414 66
83 407
398 80
276 202
337 141
308 170
362 116
118 360
67 469
431 53
476 28
473 31
185 293
72 480
381 97
374 104
351 127
70 478
312 166
450 40
363 115
412 68
423 61
89 395
88 402
70 490
109 373
79 413
182 296
420 62
416 64
475 29
321 157
70 484
166 312
76 416
342 136
76 508
382 96
132 346
371 107
284 194
391 87
150 328
458 36
117 361
204 274
70 464
301 179
88 396
451 41
417 65
191 287
443 45
293 185
438 48
198 280
69 467
328 150
464 32
217 261
184 294
111 371
348 130
301 177
66 442
411 69
70 486
468 32
219 259
71 431
112 368
505 27
218 260
340 138
199 279
87 401
268 210
456 38
69 477
231 247
290 188
216 262
430 54
336 142
360 118
350 128
252 226
335 143
197 281
376 102
67 473
171 307
506 26
69 489
232 246
239 239
186 292
324 154
213 265
226 252
303 175
228 250
73 499
480 28
307 171
66 440
453 41
339 139
84 406
394 84
469 31
396 82
281 197
242 236
68 474
103 379
77 511
128 350
345 133
390 88
238 240
67 471
419 63
209 269
202 276
490 20
167 311
353 125
494 20
441 47
70 492
300 178
161 317
403 75
461 35
507 25
230 248
69 475
129 349
99 383
375 103
173 305
225 253
71 495
116 362
436 50
77 415
80 410
509 25
444 44
140 338
68 450
338 140
127 351
67 453
139 339
240 238
229 249
384 94
70 432
70 466
154 324
157 321
235 243
196 282
243 235
91 391
319 159
241 237
310 168
302 176
68 448
322 156
70 496
297 181
148 330
344 134
511 25
69 463
452 42
88 398
442 46
212 266
70 430
76 506
260 218
309 169
405 73
472 32
294 186
463 33
489 19
214 264
454 40
364 114
266 212
176 302
407 71
76 510
115 363
170 308
71 425
484 24
255 223
163 315
263 215
138 340
66 454
487 21
285 193
271 207
66 444
221 257
265 213
258 220
280 198
352 126
112 372
404 74
107 375
482 26
491 19
471 31
379 99
73 503
153 325
251 227
121 357
261 217
295 187
69 429
66 456
273 205
392 86
481 27
279 199
410 68
155 323
70 428
304 174
316 162
373 105
101 381
95 387
325 153
72 422
402 76
69 427
424 60
135 343
314 164
220 258
254 224
470 32
71 483
357 121
365 113
125 353
123 355
406 72
72 500
130 348
385 93
329 149
227 251
68 468
190 288
180 298
287 191
467 33
224 254
67 461
253 225
377 101
387 91
455 39
72 482
92 390
466 32
165 313
413 67
71 465
395 83
78 414
286 192
355 123
187 291
278 200
71 497
378 100
111 369
317 161
388 90
142 336
172 306
68 472
175 303
170 310
479 27
465 31
445 43
383 95
233 245
333 145
331 147
496 22
102 380
488 20
71 481
203 275
358 122
97 385
327 151
408 70
262 216
502 26
483 25
93 389
106 376
330 148
282 196
425 59
259 219
96 386
164 314
370 108
75 505
275 203
67 447
222 256
208 270
246 232
508 26
234 244
493 19
122 356
120 358
134 344
215 263
368 110
69 485
80 412
318 160
115 365
477 27
179 299
116 364
283 195
206 272
94 388
189 289
437 49
71 493
501 25
200 278
119 359
326 152
435 49
66 470
474 30
141 337
313 165
386 92
359 119
70 488
486 22
67 439
151 327
422 62
349 129
71 479
149 329
145 333
488 21
388 91
245 234
103 380
329 150
391 88
72 495
354 125
242 237
97 386
447 44
77 510
310 169
468 33
72 431
507 26
294 185
186 293
93 390
379 100
292 187
369 110
321 158
265 214
139 340
221 258
88 401
70 463
271 208
441 48
473 32
94 389
489 20
166 313
459 36
342 137
258 221
415 66
133 346
89 396
240 239
199 280
386 93
127 352
86 405
209 270
373 106
422 63
180 299
290 189
318 161
334 145
311 168
116 365
72 465
487 22
70 487
335 144
161 318
309 170
67 456
76 509
173 306
246 233
134 345
308 171
73 480
500 25
485 24
312 167
111 370
69 450
66 443
74 501
293 186
281 198
194 285
286 193
280 199
118 361
169 310
255 224
295 184
250 229
219 260
223 256
192 287
406 73
291 188
414 67
324 155
303 176
326 153
425 60
279 200
79 414
327 152
467 34
69 474
486 23
71 464
70 475
463 34
339 140
395 84
116 363
132 347
455 40
144 335
384 95
148 331
305 174
375 104
70 485
417 66
196 283
76 507
158 321
143 336
449 42
340 139
368 111
121 358
111 372
210 269
191 288
351 128
356 123
72 481
261 218
427 58
70 427
405 74
350 129
107 376
347 132
71 478
442 47
68 461
71 494
377 102
266 213
74 419
492 21
387 92
365 114
358 121
461 36
87 404
128 351
215 264
466 33
71 466
69 462
220 259
224 255
69 436
272 207
165 314
506 27
68 471
348 131
231 248
69 472
70 433
77 506
233 246
420 63
230 249
436 51
472 33
376 103
114 367
216 263
162 317
202 277
370 109
88 397
298 181
352 127
471 32
72 497
72 483
96 387
332 147
73 498
73 500
423 62
289 190
366 113
464 33
72 491
110 373
71 426
399 80
315 166
424 61
136 343
304 175
67 470
140 339
235 244
270 209
465 32
81 410
122 357
71 432
460 35
80 511
71 496
251 228
130 349
68 473
322 157
444 45
71 492
381 98
480 29
347 134
80 413
98 385
81 412
109 374
382 97
474 31
76 505
70 477
71 484
171 308
252 227
95 390
72 479
458 37
360 119
128 353
482 27
409 70
226 253
475 30
125 354
164 315
105 378
70 489
413 68
483 26
155 324
372 107
112 369
138 341
476 29
117 362
84 407
243 236
477 28
404 75
438 49
493 20
70 429
383 96
233 248
481 28
72 493
72 423
218 261
190 289
302 177
431 54
428 57
498 23
268 211
241 238
346 133
182 297
263 216
113 368
363 116
445 44
341 138
394 85
501 26
336 143
456 39
225 254
457 38
71 430
176 303
320 159
330 149
69 468
325 154
213 266
73 502
185 294
499 24
282 197
168 311
504 29
300 179
145 334
112 373
484 25
288 191
234 245
77 508
232 247
151 328
301 178
66 455
267 212
184 295
392 89
397 82
149 330
315 164
124 355
75 418
207 272
106 377
227 252
378 101
479 28
307 172
68 447
181 298
338 141
99 384
443 46
505 28
287 192
208 271
511 26
198 281
92 391
313 166
102 381
67 440
76 417
359 120
89 400
396 83
276 205
274 205
167 312
275 204
273 206
154 325
364 115
344 135
416 65
418 65
129 350
469 32
175 304
283 196
72 425
410 69
141 338
214 265
70 449
187 292
264 215
392 87
497 22
119 360
160 319
276 203
69 434
217 262
260 219
95 388
453 42
319 160
123 358
294 187
88 403
163 316
170 311
398 81
71 488
254 225
435 50
249 230
403 76
446 43
262 217
316 163
247 232
67 454
237 242
73 482
193 286
74 421
126 353
123 356
137 342
236 243
238 241
277 202
491 20
159 320
284 195
77 416
74 499
450 41
509 26
314 165
296 183
195 284
71 476
323 156
407 72
71 428
85 406
412 69
229 250
108 375
295 186
69 448
496 23
430 55
150 329
353 126
200 279
104 379
285 194
306 175
402 77
71 490
222 257
204 275
343 136
78 511
172 307
77 417
68 440
488 22
70 450
234 248
90 400
133 347
69 473
438 50
114 368
165 315
359 121
192 288
281 199
326 154
111 373
334 146
313 171
231 249
474 32
416 66
280 200
389 91
448 44
413 69
71 429
129 351
225 255
223 257
354 126
393 87
485 25
156 324
510 28
300 180
331 149
342 138
262 218
459 37
71 467
70 468
105 379
403 77
221 259
501 27
498 24
299 181
226 254
244 236
252 228
194 286
135 345
255 225
109 375
431 55
71 477
305 175
214 266
119 361
211 269
74 420
402 78
167 313
453 43
382 98
181 299
319 161
69 459
151 329
245 235
73 431
405 75
259 221
386 94
487 23
337 143
203 277
174 306
74 424
127 353
316 164
233 247
490 22
250 230
208 272
243 237
destination
