map
random512-40-7.map
pivot
260 88
agent & start
420 186
459 229
450 226
431 183
412 250
420 188
419 187
451 227
390 228
426 188
410 176
407 249
457 229
468 226
467 229
425 189
388 228
427 185
409 179
452 228
412 184
458 228
410 180
464 230
469 225
468 228
435 195
430 184
468 224
409 177
452 225
425 188
407 250
429 184
411 250
420 187
467 228
468 225
467 224
410 179
412 183
459 228
456 229
457 228
410 181
452 227
389 228
464 229
451 226
430 183
410 177
390 229
434 195
427 184
423 188
425 187
428 184
434 196
411 177
453 227
429 183
467 225
408 250
422 188
389 229
411 179
464 228
466 228
407 251
452 226
412 180
421 187
456 228
453 225
411 181
467 227
459 227
424 188
430 182
410 250
423 187
457 227
413 183
410 178
412 177
409 250
434 197
463 228
424 187
453 226
458 225
412 179
428 183
466 227
466 225
408 251
461 228
410 251
457 226
425 186
destination
