map
random512-10-2.map
pivot
407 377
agent & start
1 0
1 1
0 2
2 0
1 2
2 1
0 3
3 3
0 4
4 0
1 3
3 1
4 1
3 2
1 4
2 3
5 0
0 5
6 0
0 6
1 5
4 2
2 4
5 1
8 1
7 0
2 5
5 2
0 7
1 6
2 6
0 8
7 1
1 7
6 2
8 0
3 5
5 3
4 4
9 1
5 4
7 2
0 9
1 8
4 5
9 0
2 7
6 3
3 6
5 5
2 8
4 6
0 10
1 9
7 3
6 4
3 7
10 0
8 3
11 0
3 8
7 4
0 11
2 9
1 10
4 7
5 6
6 5
9 3
2 10
5 7
3 9
0 12
12 0
10 2
8 4
7 5
1 12
2 11
6 7
5 10
11 2
13 0
8 5
3 10
4 9
12 1
9 4
0 13
5 8
10 3
3 11
10 4
9 5
2 12
5 9
4 10
11 3
14 0
8 6
6 8
6 10
1 13
0 14
13 1
8 7
14 1
4 11
7 8
9 6
2 13
10 5
11 4
13 2
6 9
3 12
1 14
15 0
12 3
15 1
8 8
3 13
2 14
9 7
16 0
7 9
11 5
1 15
12 4
10 6
13 3
4 12
15 2
13 4
10 7
14 3
11 6
17 0
9 8
16 1
8 9
5 12
0 17
12 5
2 15
3 14
0 18
18 0
17 1
11 7
13 5
1 17
5 13
8 10
3 15
10 8
2 16
4 14
14 4
15 3
16 2
4 15
17 2
15 4
16 3
18 1
9 10
14 5
8 11
10 9
19 0
3 16
17 4
5 14
13 6
12 7
0 19
2 17
1 18
10 10
3 17
4 16
5 15
13 7
0 20
1 19
6 14
14 6
2 18
16 4
19 1
17 3
9 11
15 5
12 8
2 19
11 10
19 2
18 3
4 17
15 6
5 16
9 12
14 7
0 21
3 18
21 0
13 8
10 11
1 20
12 9
7 14
16 5
20 1
6 15
3 19
4 18
14 8
0 22
19 3
16 6
22 0
21 1
6 16
7 15
8 14
9 13
11 11
15 7
2 20
1 21
13 9
12 10
16 11
0 23
3 20
19 4
2 21
7 16
4 19
17 6
1 22
20 3
5 18
21 2
6 17
12 11
15 10
13 10
23 0
14 9
11 12
9 14
16 7
10 13
8 15
22 1
21 3
11 13
16 8
4 20
2 22
15 9
3 21
14 10
13 11
22 2
6 18
15 11
16 10
1 23
10 14
23 1
17 7
24 0
5 19
7 17
12 12
0 24
8 16
19 5
23 2
3 22
24 1
7 18
9 16
20 5
6 19
8 17
0 25
21 4
13 12
4 21
14 11
2 23
10 15
22 3
25 0
19 6
12 13
17 8
1 24
16 9
5 20
10 16
3 23
12 14
2 24
14 12
1 25
4 22
25 1
7 19
6 20
19 7
0 26
26 0
20 6
9 17
11 15
13 13
18 8
23 3
17 9
8 18
22 4
21 5
11 16
4 23
14 13
13 14
24 3
23 4
10 17
18 9
27 0
7 20
9 18
22 5
0 27
20 7
1 26
26 1
6 21
5 22
25 2
3 24
13 15
15 13
12 16
21 7
28 0
25 3
7 21
3 25
11 17
26 2
4 24
19 9
9 19
22 6
1 27
27 1
6 22
24 4
20 8
5 23
18 10
2 26
10 18
0 28
27 2
3 26
25 4
24 5
5 26
21 8
2 27
20 9
29 0
6 27
14 15
18 11
12 17
15 14
10 19
6 23
17 12
23 6
5 24
16 13
13 16
28 1
11 18
22 7
1 28
8 21
0 29
9 20
4 25
7 22
26 3
6 24
2 28
12 18
18 12
16 14
17 13
30 0
7 27
19 11
0 30
24 6
29 1
23 7
7 23
28 2
1 29
11 19
27 3
14 16
9 21
10 20
26 4
6 26
4 26
22 8
5 25
20 10
13 18
0 31
3 28
12 19
11 20
23 8
29 2
22 9
8 23
19 12
15 16
30 1
9 22
2 29
1 30
28 3
10 21
24 7
27 4
20 11
17 14
14 17
7 26
7 24
26 5
31 0
21 10
4 27
25 6
18 13
6 25
9 23
12 20
27 5
21 11
26 6
7 25
20 12
14 18
28 4
31 1
32 0
3 29
10 22
1 31
8 26
25 7
30 2
23 9
22 10
24 8
0 32
13 19
17 15
16 16
19 13
15 17
18 14
2 30
4 28
29 3
11 21
8 24
15 18
21 12
10 23
11 22
31 2
28 5
25 8
29 4
14 19
0 33
17 16
24 9
9 24
2 31
4 29
26 7
1 32
30 3
13 20
3 30
22 11
19 14
12 21
20 13
8 25
32 1
23 10
16 17
18 15
0 34
2 32
30 4
29 5
34 0
27 7
10 24
12 22
18 16
16 18
24 10
25 9
14 20
31 3
11 23
1 33
33 1
15 19
21 13
23 11
32 2
5 29
3 31
28 6
17 17
26 8
9 25
4 30
19 15
1 34
6 29
33 2
12 23
35 0
29 6
15 20
34 1
24 11
17 18
13 22
3 32
5 30
2 33
18 17
11 24
14 21
28 7
20 15
10 25
31 4
30 5
16 19
23 12
4 31
22 13
21 14
32 3
19 16
26 9
25 10
27 8
10 26
0 36
9 27
14 22
2 34
13 23
11 25
19 17
25 11
21 15
24 12
4 32
34 2
5 31
31 5
32 4
20 16
26 10
36 0
6 30
18 18
17 19
8 28
29 7
33 3
7 29
35 1
27 9
28 8
3 33
16 20
1 35
23 13
30 6
22 14
15 21
12 24
29 8
36 1
24 13
4 33
37 0
32 5
3 34
20 17
2 35
10 27
35 2
8 29
27 10
19 18
12 25
28 9
18 19
30 7
31 6
23 14
11 26
7 30
34 3
0 37
6 31
5 32
13 24
14 23
9 28
1 36
21 16
16 21
33 4
22 15
25 12
19 19
37 1
28 10
24 14
14 24
13 25
6 32
4 34
33 5
38 0
8 30
34 4
15 23
29 9
27 11
11 27
30 8
10 28
7 31
9 29
0 38
36 2
3 35
25 13
31 7
18 20
17 21
23 15
20 18
26 12
1 37
32 6
12 26
21 17
32 7
22 17
24 15
31 8
35 4
11 28
19 20
28 11
2 37
34 5
10 29
17 22
33 6
29 10
39 0
8 31
5 34
37 2
30 9
9 30
3 36
7 32
25 14
14 25
6 33
27 12
21 18
26 13
12 27
15 24
4 35
0 39
5 35
36 4
17 23
2 38
30 10
19 21
35 5
0 40
15 25
21 19
1 39
3 37
27 13
18 22
6 34
20 20
28 12
29 11
23 17
37 3
13 27
7 33
33 7
9 31
14 26
34 6
8 32
11 29
16 24
40 0
31 9
25 15
38 2
24 16
26 14
10 30
39 1
21 20
1 40
26 15
39 2
10 31
38 3
16 25
12 29
13 28
24 17
2 39
8 33
27 14
0 41
33 8
22 19
5 36
28 13
36 5
3 38
30 11
20 21
37 4
32 9
31 10
34 7
15 26
23 18
35 6
40 1
19 22
14 27
9 32
18 23
17 24
4 37
7 34
25 16
29 12
6 35
11 30
38 4
9 33
39 3
25 17
41 1
15 27
29 13
17 25
20 22
35 7
34 8
3 39
28 14
16 26
24 18
1 41
11 31
23 19
36 6
12 30
0 42
31 11
30 12
2 40
19 23
13 29
5 37
4 38
21 21
22 20
7 35
42 0
10 32
27 15
37 5
32 10
40 2
14 28
33 9
8 34
17 26
18 25
9 34
7 36
5 38
20 23
29 14
35 8
32 11
19 24
24 19
38 5
41 2
1 42
11 32
3 40
39 4
2 41
21 22
34 9
28 15
33 10
8 35
16 27
43 0
22 21
37 6
31 12
0 43
26 17
12 31
4 39
10 33
14 29
15 28
42 1
40 3
30 13
6 37
13 30
25 18
37 7
24 20
2 42
15 29
14 30
10 34
35 9
32 12
31 13
26 18
22 22
7 37
12 32
19 25
0 44
44 0
6 38
21 23
23 21
13 31
25 19
20 24
17 27
28 16
16 28
43 1
34 10
1 43
36 8
30 14
3 41
18 26
40 4
27 17
42 2
9 35
38 6
5 39
8 36
29 15
4 40
17 28
3 42
28 17
16 29
8 37
30 15
35 10
43 2
18 27
34 11
19 26
29 16
37 8
9 36
45 0
33 12
0 45
10 35
14 31
21 24
26 19
36 9
23 22
27 18
12 33
39 6
4 41
11 34
1 44
31 14
2 43
5 40
42 3
22 23
44 1
7 38
40 5
32 13
38 7
20 25
15 30
25 20
24 21
0 46
42 4
14 32
23 23
1 45
26 20
35 13
31 15
4 42
15 31
20 26
30 16
16 30
22 24
6 40
44 2
35 11
5 41
37 9
45 1
41 5
11 35
2 44
28 18
32 14
3 43
19 27
46 0
38 8
24 22
34 12
21 25
8 38
33 13
12 34
36 10
13 33
9 37
7 39
43 3
18 28
25 21
40 6
29 18
12 35
25 24
45 2
40 7
8 39
1 46
33 14
17 30
4 43
5 42
34 13
21 26
19 28
35 12
10 37
47 0
14 33
9 38
46 1
37 10
3 44
18 29
23 24
13 34
11 36
28 19
30 17
26 21
16 31
15 32
7 40
24 23
32 15
0 47
27 20
42 5
20 27
25 22
36 11
44 3
43 4
38 9
39 8
7 41
34 14
45 3
28 20
30 18
9 39
31 17
21 27
23 25
0 48
1 47
32 16
2 48
18 30
8 40
42 6
6 42
3 45
25 25
16 32
2 46
14 34
48 0
27 21
24 24
43 5
11 37
36 12
19 29
37 11
20 28
41 7
44 4
22 26
46 2
39 9
13 35
5 43
25 23
33 15
40 8
10 38
4 44
47 1
38 10
14 35
15 34
3 46
33 16
21 28
27 22
38 11
11 38
9 40
18 31
43 6
48 1
22 27
31 18
4 45
49 0
19 30
29 20
17 32
26 25
40 9
28 21
39 10
42 7
44 5
26 23
5 44
16 33
20 29
7 42
46 3
47 2
45 4
24 25
13 36
1 48
30 19
23 26
10 39
37 12
34 15
25 26
32 17
8 41
41 8
2 47
44 6
18 32
22 28
38 12
49 1
10 40
20 30
16 34
29 21
46 4
17 33
4 46
3 47
11 39
7 43
47 3
28 22
32 18
13 37
27 23
35 15
1 49
39 11
30 20
5 45
24 26
33 17
34 16
36 14
0 50
31 19
27 25
50 0
37 13
9 41
23 27
15 35
6 44
43 7
48 2
40 10
49 3
21 29
42 8
45 5
17 34
36 15
30 21
7 44
43 12
4 47
23 28
8 43
49 4
47 4
51 0
10 41
11 40
50 1
12 39
24 27
31 20
27 24
39 12
6 45
34 17
33 18
41 10
20 31
9 42
22 29
40 11
32 19
16 35
44 7
38 13
0 51
37 14
42 11
46 5
1 50
18 33
13 38
15 36
43 8
29 22
14 37
48 3
21 30
28 23
45 6
35 16
28 25
28 24
47 5
51 1
48 4
7 45
35 17
23 29
38 14
1 51
39 13
43 11
37 15
40 12
4 48
0 52
42 12
41 11
17 35
8 44
24 28
42 10
22 30
44 8
6 46
15 37
36 16
19 33
14 38
20 32
45 7
52 0
11 41
10 42
2 50
31 21
29 23
50 2
32 20
5 47
12 40
43 9
46 6
34 18
30 22
33 19
36 17
30 23
17 36
10 43
11 42
33 20
2 51
31 22
32 21
15 38
19 34
13 40
23 30
52 1
14 39
4 49
8 45
46 7
20 33
29 24
6 47
39 14
16 37
48 5
40 13
18 35
41 12
9 44
47 6
38 15
43 10
5 48
25 28
46 9
12 41
51 2
53 0
44 9
37 16
24 29
1 52
22 31
35 18
0 53
21 32
3 51
2 52
36 18
6 48
31 23
5 49
24 30
45 9
4 50
19 35
47 7
52 2
51 3
7 47
38 16
30 24
9 45
37 17
23 31
39 15
1 53
54 0
41 13
17 37
53 1
33 21
20 34
11 43
44 10
40 14
32 22
14 42
46 8
16 38
25 29
13 41
48 6
12 42
15 39
22 32
7 48
6 49
15 40
5 50
22 37
40 15
33 22
45 10
16 39
4 51
25 30
35 20
1 54
19 36
28 27
23 32
50 5
32 23
31 24
39 16
34 21
17 38
37 18
36 19
14 41
38 17
24 31
10 45
20 35
26 29
13 42
49 6
2 53
8 47
41 14
54 1
51 4
29 26
18 37
52 3
21 36
48 7
9 46
47 8
55 0
12 43
22 33
19 37
7 49
45 11
39 17
28 28
37 19
32 24
34 22
30 26
41 15
26 30
12 44
48 8
21 37
51 5
18 38
22 34
31 25
6 50
54 2
13 43
36 20
38 18
11 45
50 6
22 36
2 54
52 4
56 0
55 1
35 21
24 32
17 39
21 35
4 52
16 40
5 51
10 46
42 14
1 55
25 31
9 47
33 23
15 41
29 27
49 7
54 3
31 26
49 8
55 2
5 52
34 23
10 47
20 37
3 54
32 25
46 11
27 30
22 35
30 27
52 5
57 0
42 15
24 33
1 56
4 53
45 12
25 32
23 34
28 29
26 31
56 1
47 10
44 13
18 39
6 51
13 44
12 45
39 18
36 21
42 17
41 16
35 22
21 38
29 28
50 7
2 55
41 18
23 36
43 14
7 50
37 20
38 19
19 38
48 9
11 46
33 24
51 6
16 41
53 4
40 17
8 50
40 18
20 38
43 19
34 24
38 20
44 20
24 34
10 48
2 56
51 7
55 3
32 26
42 16
28 30
11 47
3 55
13 45
17 41
45 13
52 6
36 22
14 44
5 53
4 54
33 25
7 51
27 31
46 12
12 46
56 2
0 58
43 15
53 5
57 1
25 33
1 57
6 52
39 19
58 0
42 18
31 27
37 21
54 4
44 14
49 9
35 23
19 39
48 10
23 35
26 32
50 8
47 11
15 43
18 40
16 42
29 29
33 26
1 58
12 47
25 34
44 19
11 48
5 54
29 30
38 21
50 9
17 42
10 49
24 35
59 0
20 39
52 7
2 57
19 40
53 6
55 4
45 14
48 11
8 51
39 20
47 12
44 21
34 25
57 2
18 41
7 52
4 55
0 59
43 16
28 31
43 18
40 19
14 45
30 29
51 8
6 53
56 3
26 33
13 46
16 43
42 19
45 20
44 15
32 27
15 44
37 22
54 5
58 1
49 10
36 23
42 20
29 31
7 53
51 9
48 12
3 57
46 14
53 7
17 43
39 21
50 10
20 40
45 15
10 50
44 16
14 46
9 51
6 54
36 24
45 19
43 21
35 25
2 58
27 33
16 44
49 11
30 30
47 13
57 3
38 22
15 45
25 35
40 20
58 2
34 26
5 55
8 52
37 23
60 0
55 5
0 60
32 28
4 56
33 27
59 1
56 4
12 48
1 59
13 47
52 8
19 41
44 18
26 34
11 49
18 42
50 11
59 2
38 23
10 51
45 16
1 60
49 12
22 39
14 47
55 6
17 44
30 31
36 25
3 58
51 10
20 41
13 48
58 3
56 5
15 46
33 28
39 22
61 0
47 14
23 38
7 54
37 24
44 17
19 42
41 20
54 7
12 49
34 27
6 55
24 37
31 30
60 1
45 18
57 4
35 26
26 35
5 56
16 45
42 21
8 53
11 50
27 34
53 8
32 29
4 57
2 59
52 9
29 32
46 15
21 40
9 52
37 25
14 48
12 50
18 44
11 51
22 40
32 30
55 7
27 35
48 14
53 9
15 47
4 58
62 0
26 36
39 23
59 3
61 1
7 55
10 52
13 49
49 13
16 46
2 60
35 27
47 15
34 28
24 38
5 57
60 2
3 59
50 12
56 6
25 37
51 11
46 16
58 4
46 18
28 34
52 10
9 53
1 61
31 31
38 24
33 29
17 45
23 39
21 41
54 8
40 22
29 33
36 26
19 43
45 17
41 21
53 10
27 36
56 7
38 25
61 2
0 63
58 5
46 17
7 56
35 30
9 54
20 43
23 40
39 24
33 30
28 35
54 9
57 6
12 51
29 34
40 23
6 57
47 16
8 55
26 37
60 3
35 28
52 11
51 12
22 41
5 58
10 53
13 50
36 27
15 48
49 14
37 26
11 52
41 22
55 8
2 61
17 46
25 38
50 13
34 29
14 49
62 1
48 15
18 45
32 31
19 44
21 42
31 32
30 33
4 59
3 60
59 5
55 9
4 60
35 29
49 15
21 43
22 42
6 58
38 26
12 52
64 0
3 61
19 45
18 46
61 3
63 1
29 35
11 53
56 8
26 38
57 7
28 36
23 41
41 23
53 11
0 64
32 32
17 47
2 62
24 40
27 37
13 51
37 27
54 10
10 54
20 44
52 12
48 16
58 6
36 28
15 49
7 57
1 63
31 33
62 2
16 48
38 28
47 17
34 30
30 34
60 4
9 55
40 24
39 25
51 13
8 56
24 41
50 15
6 59
20 45
41 24
5 60
37 28
13 52
2 63
7 58
56 9
25 40
19 46
39 26
12 53
49 16
32 33
8 57
14 51
48 17
39 28
34 31
51 14
15 50
40 25
17 48
42 23
57 8
36 29
23 42
21 44
10 55
30 35
31 34
4 61
1 64
60 5
62 3
33 32
11 54
58 7
64 1
59 6
18 47
27 38
9 56
38 27
0 65
16 49
65 0
3 62
55 10
28 37
54 11
63 2
22 43
52 13
13 53
21 45
59 7
53 13
50 16
5 61
17 49
4 62
6 60
34 32
60 6
56 10
30 36
65 1
42 24
62 4
64 2
48 18
10 56
41 25
12 54
8 58
3 63
23 43
61 5
0 66
57 9
47 19
16 50
58 8
1 65
40 26
32 34
37 29
19 47
63 3
39 27
54 12
24 42
11 55
55 11
49 17
destination
