map
random512-25-6.map
pivot
160 485
agent & start
399 224
324 153
53 110
223 86
179 76
226 89
161 78
461 286
479 304
158 77
45 114
110 73
278 123
225 88
55 108
46 115
222 85
374 199
364 189
423 250
6 147
76 101
450 275
199 80
495 322
47 114
362 187
448 273
167 74
331 158
34 123
133 74
287 128
98 81
7 146
316 149
361 186
284 125
348 173
79 94
503 334
370 195
230 91
194 83
465 290
231 90
384 209
394 221
252 103
35 122
343 168
447 272
70 101
249 102
103 76
131 72
211 88
396 221
378 203
281 124
377 202
25 130
221 86
268 113
196 81
16 139
259 108
477 302
198 81
327 156
135 76
483 308
147 72
413 238
31 124
449 276
260 109
471 296
256 105
345 170
508 337
424 249
472 297
188 75
207 82
262 113
11 144
341 168
493 320
155 74
51 112
392 217
302 135
1 152
353 180
475 300
66 103
434 259
471 304
330 157
destination
