map
random512-25-4.map
pivot
471 495
agent & start
95 385
327 143
427 87
78 416
143 325
68 446
253 213
349 127
269 197
311 155
82 408
160 308
129 339
320 146
157 311
175 291
64 486
162 304
495 87
117 351
428 88
356 122
77 417
308 158
176 292
402 102
118 350
421 89
272 194
451 85
288 178
193 273
435 91
498 88
62 468
59 471
248 218
183 283
184 282
374 110
316 150
391 103
164 302
230 236
318 148
358 120
81 413
95 377
67 447
346 130
91 395
82 414
98 382
88 400
187 279
414 96
378 110
61 477
235 231
223 243
494 86
90 392
502 88
472 84
98 374
64 464
477 81
150 318
71 437
265 201
204 262
91 391
81 407
180 286
67 501
190 276
237 229
259 209
450 84
442 86
352 124
62 490
433 89
508 90
173 293
130 338
59 475
244 222
66 448
75 423
132 336
417 93
66 462
334 142
365 117
219 247
121 347
452 86
460 86
310 156
256 210
270 196
60 476
191 275
453 89
317 149
63 489
68 504
60 480
252 214
60 474
412 98
247 219
509 93
501 87
69 439
96 376
488 84
398 102
286 180
266 200
165 301
493 85
366 116
71 433
249 217
332 142
323 145
243 223
79 419
294 172
189 277
285 181
390 102
326 144
413 97
220 246
209 257
234 232
313 153
503 87
348 128
96 382
240 226
484 84
108 364
66 500
102 370
418 92
372 110
405 99
198 268
432 88
128 340
436 92
127 341
449 85
210 256
169 297
70 508
309 159
113 355
507 89
255 211
186 282
330 142
422 88
470 84
72 428
142 326
197 269
64 488
468 86
229 237
59 479
99 373
409 101
258 210
456 88
94 388
208 258
483 85
469 85
85 403
236 230
438 92
300 166
510 92
394 100
278 188
68 460
100 372
67 449
83 405
63 483
251 215
499 87
73 427
295 171
179 287
319 147
71 441
131 337
463 87
244 224
480 82
291 177
301 165
86 402
315 151
314 152
73 425
154 314
273 193
485 85
254 212
84 404
71 459
67 503
444 84
245 221
104 368
106 366
112 358
205 261
58 472
61 491
250 216
67 451
123 345
188 278
331 141
401 101
290 176
196 270
78 420
222 244
221 245
147 321
452 88
109 363
72 442
380 112
116 352
161 305
72 430
185 281
68 502
177 293
69 507
396 102
321 145
355 121
239 227
70 460
113 357
438 94
70 438
257 209
325 145
217 249
276 190
73 431
168 298
203 263
103 369
506 88
122 346
74 426
158 310
67 459
202 264
91 393
214 254
457 87
461 87
504 88
140 328
419 91
403 101
144 324
135 333
146 322
497 87
71 509
274 192
163 305
174 292
201 265
199 267
336 140
69 461
73 429
350 126
344 132
443 85
453 87
473 83
455 89
67 499
302 164
65 463
91 397
64 496
509 91
60 470
295 173
441 87
263 203
62 482
155 313
487 85
97 375
364 118
241 227
186 280
93 379
416 94
347 129
177 289
299 167
68 506
94 378
124 344
408 100
393 99
369 113
262 204
232 234
212 254
66 452
66 498
194 272
371 111
423 87
296 170
309 157
420 90
459 87
482 84
181 286
237 230
494 87
169 298
190 277
82 413
203 264
74 425
68 501
63 482
357 122
122 347
370 113
392 101
110 363
273 194
165 302
68 449
245 224
62 491
69 506
509 92
442 87
221 246
438 95
113 356
160 309
289 178
449 86
92 393
61 470
83 406
393 100
166 301
478 81
493 86
418 93
159 310
60 475
61 476
176 293
454 89
310 157
129 340
291 178
394 101
418 95
427 88
197 270
416 95
66 453
114 357
72 433
102 371
65 496
301 166
352 125
178 289
63 490
332 143
417 94
240 227
366 117
438 93
67 452
461 88
161 308
112 359
405 100
230 237
323 146
124 345
504 89
189 278
132 337
327 144
156 313
214 255
309 158
62 477
286 181
347 130
249 218
192 275
60 479
67 498
66 463
113 358
354 123
205 262
257 210
506 89
198 271
314 153
372 111
353 124
410 101
213 254
135 334
140 329
70 439
86 403
335 142
74 431
199 272
350 127
146 323
195 272
290 177
70 507
177 292
161 306
299 168
131 338
73 430
252 215
450 85
96 377
439 94
68 459
444 85
502 89
198 269
157 312
378 111
303 164
91 392
227 242
62 469
428 89
108 365
182 285
460 87
317 150
295 172
61 474
105 368
186 281
64 489
80 419
407 100
326 145
85 404
69 460
349 128
470 85
175 292
238 229
401 102
193 274
404 101
264 203
60 471
250 217
95 388
92 395
451 86
374 111
162 305
364 119
443 86
337 140
300 167
123 346
235 232
194 273
179 288
365 120
500 87
420 91
311 156
126 343
79 418
69 462
98 375
187 280
150 319
63 468
103 370
95 378
68 505
232 235
148 321
209 258
185 282
477 82
320 147
61 478
97 376
96 385
254 213
104 369
379 112
395 102
333 144
472 85
229 238
503 88
274 193
72 435
66 485
304 163
61 480
184 283
98 383
66 497
316 151
71 460
78 417
278 189
127 342
106 367
448 85
136 333
468 87
211 256
309 160
276 191
471 84
71 508
68 451
259 210
174 293
142 327
324 147
281 186
204 263
244 223
321 146
70 461
431 88
84 405
62 481
345 132
296 171
73 428
256 211
98 381
270 197
432 89
263 204
69 502
435 92
94 379
391 102
67 448
109 364
183 284
217 250
310 159
97 382
65 464
457 88
118 351
485 86
59 472
202 265
60 473
482 85
68 447
280 187
423 88
201 266
188 279
463 88
93 396
396 103
99 374
224 243
231 236
72 509
266 201
479 82
398 103
419 92
285 182
272 195
222 245
68 503
452 87
371 112
212 255
151 318
440 95
223 244
430 89
508 91
144 325
473 84
415 96
495 88
160 311
196 271
173 294
436 93
271 196
67 500
71 440
496 87
422 89
92 397
220 247
97 384
275 192
365 118
453 90
70 459
359 120
348 129
355 122
74 429
73 442
325 146
434 91
469 86
247 220
191 276
100 373
79 420
74 427
277 190
71 438
88 401
287 180
439 92
82 407
187 282
484 85
507 90
245 222
145 324
329 144
464 89
433 90
488 85
218 251
65 486
147 322
248 219
117 352
331 142
497 88
501 88
319 148
236 231
75 424
69 446
155 314
200 267
413 98
137 333
464 90
472 86
92 392
481 85
99 385
96 380
359 123
122 348
176 294
100 374
179 289
310 158
68 500
175 293
131 339
324 148
107 367
240 228
316 152
84 408
155 315
113 359
450 86
346 132
457 89
278 190
64 482
210 258
236 232
321 147
257 211
263 205
149 321
67 463
129 341
435 93
60 472
503 89
323 147
230 238
417 95
62 478
86 404
81 419
72 438
434 92
69 499
249 219
190 278
80 418
187 281
441 95
161 311
359 121
71 439
68 458
461 89
148 322
497 89
195 273
276 192
70 458
275 193
66 496
79 417
62 474
254 214
198 272
347 131
203 265
264 204
128 342
188 280
414 98
304 164
207 261
266 202
167 301
93 391
319 149
507 91
194 274
476 84
98 376
62 480
445 85
162 306
286 182
72 434
93 397
211 257
327 145
97 377
274 194
353 125
218 252
288 180
496 88
248 220
405 101
160 310
144 326
355 123
158 312
379 113
159 311
439 93
300 168
427 89
354 124
110 364
482 86
378 112
477 83
393 101
463 89
182 286
431 89
330 144
185 283
280 188
214 256
421 91
119 351
209 259
70 462
89 401
331 143
68 448
127 343
154 316
415 97
371 113
305 163
170 298
256 212
174 294
82 420
71 461
123 347
484 86
72 508
74 428
69 501
142 328
225 243
494 88
124 346
432 90
69 505
283 185
423 89
109 365
114 356
199 269
65 495
90 400
135 335
75 431
350 128
69 463
281 187
95 389
74 432
392 102
486 86
105 369
410 102
301 167
161 307
67 453
474 84
290 178
145 325
338 140
166 302
217 251
153 317
320 148
443 87
83 411
133 337
272 196
226 242
333 145
430 90
436 94
63 491
448 86
75 429
480 84
103 371
358 122
455 91
115 357
251 217
92 400
111 363
126 344
83 407
84 406
265 203
204 264
460 88
63 481
487 87
184 284
61 479
336 142
413 99
328 144
349 129
475 85
285 183
374 112
221 247
165 303
425 89
72 440
469 87
75 425
406 100
71 507
470 86
74 430
78 422
394 102
489 85
94 390
69 503
506 90
465 91
117 353
68 498
407 101
502 90
169 299
398 104
253 215
136 334
351 127
312 156
96 378
69 447
97 385
302 166
325 147
73 433
151 319
296 172
227 243
444 86
69 459
422 90
93 395
471 85
180 288
82 412
141 329
492 86
147 323
146 324
202 266
437 95
311 159
183 285
250 218
451 87
239 229
68 462
73 437
232 236
440 94
449 87
66 454
130 340
132 338
108 366
223 245
181 287
231 237
326 146
88 402
64 494
66 486
419 93
66 464
109 367
479 83
416 96
259 211
197 271
237 231
62 470
352 126
395 103
455 93
245 223
364 120
314 154
95 379
366 118
178 290
96 386
287 181
193 275
213 255
317 151
273 195
454 90
348 130
79 421
208 260
73 443
493 87
267 201
401 103
68 452
196 272
143 327
238 230
72 436
365 119
329 145
224 244
418 94
360 120
99 375
140 330
118 352
72 460
64 490
157 313
192 276
98 384
201 267
478 82
462 88
97 381
61 473
67 485
87 403
83 413
373 111
310 160
508 92
73 445
191 277
178 292
206 262
63 467
199 271
61 475
161 309
282 186
70 446
332 144
271 197
279 189
500 88
125 345
399 104
156 315
81 420
86 405
311 158
157 314
70 457
165 304
474 85
69 448
64 491
351 128
441 96
443 88
236 233
284 185
300 169
482 87
323 148
154 317
419 94
93 392
463 90
159 312
71 462
67 464
322 147
283 186
353 126
267 202
413 100
123 348
222 247
447 86
506 91
155 316
151 320
194 277
193 276
372 113
83 420
321 148
129 342
221 248
298 173
440 93
348 131
141 330
124 347
449 88
84 407
71 506
328 145
277 192
115 356
114 359
290 179
65 494
492 87
110 365
325 148
161 310
127 344
378 113
393 102
136 335
195 278
131 340
109 368
198 273
486 87
497 90
411 102
312 157
181 288
143 328
207 262
68 453
358 123
113 360
266 203
97 380
240 229
264 205
281 188
111 362
184 285
105 370
279 190
466 91
212 257
64 481
64 493
73 508
471 86
268 201
230 239
317 152
211 260
76 429
410 103
435 94
99 376
70 503
127 366
397 104
360 123
442 95
95 390
170 299
128 343
366 119
436 95
66 487
74 447
146 325
355 124
343 136
162 309
99 386
68 497
398 105
257 212
494 89
66 495
74 433
313 156
138 333
493 88
100 385
93 400
70 447
297 172
484 87
423 90
289 180
361 120
425 90
490 85
190 279
326 147
171 298
76 425
191 278
74 443
81 418
320 149
347 132
162 307
175 294
504 91
369 116
112 365
109 366
83 410
286 183
94 391
448 87
85 406
69 500
237 232
199 270
487 88
454 93
315 154
441 94
63 478
478 83
454 91
276 193
73 436
489 86
460 89
178 291
80 421
496 89
169 300
80 417
63 474
142 329
107 368
312 159
149 322
275 194
407 102
271 198
99 384
147 324
167 302
223 246
100 375
180 289
69 458
196 273
480 85
331 144
122 349
475 86
97 378
470 87
83 422
431 90
278 191
507 92
350 129
96 379
415 98
360 121
73 440
476 85
71 502
72 439
246 223
78 423
249 220
287 182
200 271
481 86
125 346
188 281
73 438
200 269
288 181
406 101
201 268
61 472
354 125
337 142
81 416
204 265
352 127
98 377
73 434
203 266
158 313
285 184
229 240
501 90
179 290
84 413
224 245
90 401
324 149
133 338
67 486
255 214
70 501
68 485
280 189
84 411
195 274
335 144
85 408
500 89
455 92
144 327
458 89
363 120
426 89
76 431
446 85
503 90
420 93
368 117
210 259
72 507
130 341
209 260
491 86
334 145
62 475
216 253
165 306
304 165
62 471
251 218
62 479
70 499
130 343
65 482
318 151
310 161
367 118
69 498
488 87
197 272
97 386
338 141
74 437
394 103
302 167
273 196
161 312
69 452
79 422
464 91
70 505
400 103
64 467
433 92
316 153
182 287
94 395
213 256
469 88
231 238
330 145
505 90
135 336
479 84
422 91
377 112
208 261
265 204
72 445
112 363
432 91
153 318
444 87
192 277
118 353
217 252
63 480
417 96
67 454
108 367
333 146
126 345
232 237
239 230
374 113
75 428
116 357
254 215
63 470
73 446
450 87
462 89
414 99
185 284
189 280
95 396
150 321
301 168
82 421
91 400
89 402
226 243
88 403
259 212
456 91
202 267
477 84
82 419
83 412
416 97
168 301
72 461
305 164
68 463
90 403
148 323
75 430
119 352
373 112
93 398
104 371
211 258
431 91
180 290
165 307
433 93
344 136
231 239
116 356
461 91
125 347
70 452
77 429
484 88
184 286
285 185
408 102
166 304
493 89
83 419
483 87
362 120
297 173
139 333
80 422
121 353
117 355
356 124
416 98
71 447
120 352
81 417
159 313
370 116
442 94
247 223
311 161
301 169
425 91
268 202
147 325
70 500
194 276
406 102
67 465
230 240
298 174
212 258
462 90
149 325
277 193
264 206
108 368
255 215
316 154
209 261
249 221
498 90
119 353
189 281
489 87
63 471
351 129
399 105
85 409
223 247
124 348
137 335
76 426
68 486
76 428
135 337
95 395
116 358
503 91
275 195
68 496
410 104
447 87
211 261
130 344
87 405
312 158
171 299
374 114
441 97
149 323
75 443
127 345
168 302
96 396
192 278
129 343
66 494
145 327
221 249
101 375
367 119
69 453
456 92
325 149
312 160
69 497
126 366
451 89
224 246
170 300
136 336
232 238
423 91
424 90
314 156
327 147
158 314
414 100
110 366
71 503
190 280
82 422
100 376
400 104
73 447
377 113
352 128
113 363
73 439
302 168
118 354
74 436
276 194
84 410
477 85
320 150
251 219
471 87
172 304
100 384
73 507
258 212
222 248
229 241
115 359
490 86
67 483
217 253
284 186
326 148
132 340
194 278
65 481
450 88
72 502
373 113
94 392
330 146
458 90
71 501
287 183
85 407
134 338
127 367
480 86
226 244
65 493
72 446
237 233
321 149
69 457
476 86
337 143
236 234
63 475
112 362
130 342
239 231
91 401
317 153
282 188
319 151
153 319
88 404
70 504
171 303
67 495
240 230
97 387
422 92
72 462
369 117
197 273
361 121
155 317
141 331
195 275
417 97
104 372
233 237
76 430
65 491
156 316
336 144
68 464
426 90
491 87
286 184
300 170
163 307
420 94
70 448
71 463
496 90
201 271
343 137
204 266
140 334
89 403
446 86
206 264
441 93
322 148
68 454
122 350
74 446
97 379
81 421
165 315
128 344
271 199
154 318
182 288
146 326
65 467
162 310
201 269
114 360
195 279
84 422
421 93
296 174
436 96
183 287
63 473
274 196
175 295
312 162
144 328
279 191
200 270
193 277
298 172
86 406
288 182
195 277
375 113
62 472
205 267
454 92
289 181
64 492
313 157
186 284
281 189
335 145
66 482
196 274
290 180
112 364
499 89
179 291
435 95
466 94
299 173
96 390
111 365
397 105
398 106
152 320
315 155
257 213
98 386
271 201
478 84
98 378
470 88
83 421
263 207
323 149
167 315
444 88
82 418
305 165
252 218
328 146
486 88
148 324
355 125
202 268
143 329
412 102
211 259
64 478
170 302
469 89
497 91
164 306
507 93
185 285
216 254
407 103
123 349
74 438
95 397
237 235
331 145
464 92
95 391
207 263
94 398
151 321
415 99
76 432
500 90
164 314
93 399
348 132
360 122
368 118
191 279
324 150
82 416
208 262
190 282
358 124
72 506
105 371
334 146
79 423
205 265
74 434
280 190
467 91
161 313
78 424
125 365
466 92
157 315
86 408
68 484
338 142
506 92
210 260
267 203
75 433
460 90
505 91
213 257
63 479
265 205
351 131
393 103
138 334
117 357
474 86
492 88
67 487
84 412
482 88
350 130
434 94
354 126
90 404
452 91
206 267
190 281
163 314
347 134
277 194
169 302
245 226
255 216
129 344
349 132
353 128
287 184
320 151
271 202
355 126
292 179
484 89
164 317
76 433
372 115
199 274
94 393
67 482
212 261
422 93
274 197
68 465
82 417
195 276
262 209
66 493
246 225
415 100
312 161
164 307
356 125
337 144
252 219
125 348
111 366
124 365
102 375
485 88
94 399
113 364
374 115
457 92
68 483
73 464
209 262
432 93
344 137
71 448
165 314
146 327
72 503
135 338
285 186
461 92
208 263
369 118
113 366
465 94
149 324
398 107
147 326
75 446
83 418
81 422
95 394
460 91
65 468
210 261
434 95
462 91
286 185
476 87
367 120
411 104
491 88
77 430
220 251
69 486
408 103
357 124
77 428
97 390
128 345
164 315
123 350
302 169
114 361
217 254
471 88
191 280
160 313
80 423
196 275
231 240
181 290
131 342
124 349
305 166
173 304
493 90
352 129
271 200
375 114
336 145
66 489
444 89
75 444
481 90
474 87
166 305
233 238
410 105
108 369
194 279
63 472
113 362
182 289
249 224
143 330
63 476
116 359
288 185
98 387
412 103
152 321
86 409
478 85
185 286
72 499
284 187
331 146
172 305
65 470
95 398
150 325
100 383
230 241
130 345
163 308
319 152
313 160
483 88
296 175
77 432
325 150
150 323
343 138
414 101
238 235
91 402
171 300
279 192
75 434
166 315
64 475
506 93
250 221
424 91
399 106
119 354
168 303
212 259
348 133
407 104
171 302
442 93
156 317
467 92
76 443
163 310
100 377
213 262
98 379
431 92
96 395
236 235
99 378
170 303
238 233
338 143
145 328
479 86
406 103
180 291
446 87
299 176
237 234
322 149
117 356
65 478
370 117
70 453
266 205
118 355
216 255
318 153
207 264
71 500
314 157
426 91
167 304
126 347
435 96
275 196
200 275
destination
