map
random512-15-1.map
pivot
363 91
agent & start
0 509
0 508
1 509
1 508
0 507
4 511
3 510
2 508
3 509
1 507
5 511
4 510
0 506
6 511
2 507
1 506
0 505
3 508
4 509
5 510
1 505
4 508
5 509
6 510
3 507
0 504
2 506
1 504
6 509
4 507
2 505
8 511
3 506
5 508
0 503
7 510
4 504
0 502
8 510
9 511
6 508
3 505
5 507
1 503
2 504
4 506
10 511
1 502
8 509
5 506
7 508
4 505
2 503
0 501
3 504
9 510
11 511
8 508
6 506
5 505
10 510
3 503
7 507
2 502
1 501
0 500
1 500
12 511
3 502
8 507
10 509
7 506
2 501
6 505
11 510
9 508
0 499
4 502
12 510
7 505
10 508
1 499
9 507
2 500
13 511
11 509
8 506
0 498
9 506
3 500
12 509
2 499
0 497
4 501
11 508
8 505
13 510
1 498
2 498
1 497
12 508
14 510
10 506
3 499
9 505
8 504
0 496
4 500
13 509
12 507
14 509
3 498
16 511
5 500
4 499
10 505
0 495
9 504
11 506
13 508
1 496
8 503
10 504
2 496
14 508
11 505
13 507
1 495
17 511
7 501
15 509
3 497
0 494
4 498
8 502
9 503
6 500
16 510
5 499
12 505
3 496
7 500
15 508
8 501
6 499
1 494
17 510
18 511
4 497
13 506
10 503
14 507
2 495
9 502
11 504
0 493
10 502
15 507
11 503
16 508
8 500
1 493
4 496
13 505
18 510
7 499
2 494
3 495
14 506
9 501
19 511
17 509
5 497
6 498
0 492
13 504
9 500
18 509
4 495
15 506
19 510
20 511
8 499
5 496
16 507
14 505
7 498
17 508
6 497
2 493
11 502
0 491
3 494
1 492
11 501
13 503
17 507
2 492
0 490
14 504
19 509
6 496
10 500
7 497
3 493
18 508
9 499
15 505
4 494
5 495
8 498
1 491
20 510
21 511
17 506
20 509
13 502
5 494
9 498
14 503
22 511
6 495
2 491
10 499
3 492
16 505
15 504
19 508
0 489
11 500
8 497
18 507
9 497
10 498
21 509
12 500
5 491
24 510
3 491
5 493
4 492
17 505
0 488
22 510
20 508
7 495
6 494
18 504
16 504
2 490
15 503
13 501
18 506
23 511
8 496
14 502
21 508
16 503
0 487
20 507
3 490
10 497
23 510
17 504
7 494
1 488
13 500
8 495
9 496
4 491
5 492
22 509
6 491
24 511
15 502
18 505
19 504
19 506
2 489
11 498
7 491
15 501
20 504
10 496
25 511
13 499
16 502
2 488
4 490
23 509
7 493
14 500
0 486
17 503
8 494
22 508
21 507
3 489
6 492
12 498
1 487
19 505
3 488
10 495
15 500
24 507
7 492
17 502
20 505
14 499
4 489
0 485
21 506
9 494
26 511
22 507
16 501
13 498
1 486
8 491
8 493
23 508
10 494
3 487
16 500
4 488
12 496
18 502
27 511
5 489
24 508
15 499
2 486
9 493
8 492
13 497
21 505
14 498
22 506
0 484
26 510
23 507
11 495
17 501
2 485
5 488
28 511
25 508
16 499
15 496
23 506
3 486
22 505
9 492
17 500
10 493
18 501
0 483
12 495
11 494
27 510
14 497
15 498
13 496
18 498
1 483
22 504
4 486
27 509
15 495
16 498
26 508
18 500
17 499
2 484
15 497
7 489
23 505
21 503
10 492
28 510
19 501
14 496
12 494
6 488
11 493
13 495
5 487
0 482
7 487
3 485
21 502
2 483
7 488
13 494
27 508
18 497
6 487
11 492
3 484
0 481
8 487
1 482
26 507
28 509
29 510
4 485
24 505
9 490
12 493
16 497
5 486
23 504
22 503
19 498
20 501
19 500
17 498
8 489
14 495
18 499
30 509
9 489
28 508
20 500
30 510
11 491
29 509
24 504
5 485
27 507
22 502
0 480
9 487
21 501
2 482
3 483
23 503
31 511
19 499
6 486
10 490
1 481
14 494
17 497
12 492
4 484
13 493
26 506
8 488
14 493
20 499
5 484
6 485
17 496
29 508
32 511
1 480
15 492
25 504
11 490
27 506
23 502
2 481
10 489
26 505
21 500
22 501
0 479
9 488
13 492
12 491
31 510
4 483
28 506
33 511
5 483
21 499
15 493
7 485
26 504
10 488
6 484
2 480
25 503
29 507
0 478
1 479
4 482
22 500
14 492
3 481
23 501
16 494
11 489
24 502
32 510
17 495
12 490
11 488
29 506
16 493
4 481
20 497
5 482
3 480
23 500
21 498
2 479
30 507
12 489
32 509
6 483
14 491
34 511
13 490
31 508
0 477
33 510
17 494
25 502
24 501
1 478
7 484
27 504
26 503
18 495
23 499
26 502
12 488
30 506
24 500
35 511
27 503
4 480
10 486
33 509
17 493
11 487
8 484
14 490
34 510
19 495
6 482
7 483
0 476
5 481
20 496
18 494
3 479
2 478
21 497
32 508
31 507
22 498
9 485
1 475
13 489
10 485
33 508
7 482
3 478
32 507
18 493
31 506
25 500
1 476
11 486
6 481
1 474
17 492
8 483
9 484
27 502
22 497
4 479
36 511
21 496
26 501
14 489
24 499
20 495
12 487
30 505
15 490
35 510
2 477
16 491
7 481
28 502
22 496
32 506
36 510
24 496
24 498
11 485
5 479
2 476
8 482
34 508
31 505
17 491
20 494
26 500
1 473
12 486
9 483
15 489
30 504
16 490
25 499
35 509
0 474
4 478
37 511
23 497
19 493
10 484
21 495
14 488
3 477
28 501
37 510
32 505
19 492
37 508
10 483
24 495
29 502
18 491
23 496
7 480
33 506
22 495
36 509
1 472
30 501
16 489
14 487
3 476
0 473
13 486
35 508
34 507
24 497
15 488
20 493
25 498
30 503
27 500
4 477
12 485
26 499
9 482
38 511
5 478
17 490
8 481
5 477
38 510
8 480
27 499
23 495
15 487
31 501
20 492
30 502
7 479
37 509
11 483
14 486
34 506
28 500
6 478
39 511
31 503
29 501
0 472
24 494
3 475
10 482
4 476
19 491
9 481
33 505
12 484
36 508
13 485
35 507
32 504
17 489
30 500
25 497
21 493
34 505
33 504
18 489
29 500
0 471
21 492
9 480
12 483
27 498
10 481
26 497
14 485
8 479
11 482
15 486
19 490
28 499
7 478
38 509
17 488
22 493
36 507
13 484
4 475
23 494
39 510
5 476
40 511
3 474
31 502
11 481
7 477
39 509
13 483
16 486
36 506
40 510
3 473
27 497
0 470
22 492
18 488
32 502
26 496
8 478
10 480
21 491
28 498
9 479
17 487
5 475
35 505
6 476
15 485
14 484
34 504
23 493
33 503
29 499
20 490
19 489
1 470
5 474
20 489
11 480
13 482
18 487
2 471
23 492
9 478
33 502
17 486
38 507
3 472
8 477
15 484
10 479
40 509
19 488
35 504
16 485
12 481
28 497
27 496
26 495
6 475
4 473
37 506
7 476
14 483
41 510
29 498
22 491
13 481
22 490
27 495
11 479
34 502
1 469
35 503
32 500
16 484
38 506
3 471
30 498
9 477
41 509
31 499
42 510
15 483
2 470
19 487
20 488
4 472
40 508
33 499
6 474
17 485
10 478
39 507
28 496
18 486
33 501
23 491
36 504
29 497
5 473
7 475
28 495
5 472
2 469
15 482
33 500
27 494
1 468
23 490
14 481
39 506
31 498
34 501
32 499
16 483
43 510
21 488
30 497
20 487
40 507
44 511
18 485
12 479
11 478
3 470
37 504
13 480
10 477
8 475
7 474
22 489
19 486
4 471
35 502
17 484
29 496
41 508
9 475
4 470
15 481
47 509
19 485
20 484
2 468
39 503
7 473
25 491
44 510
38 504
13 479
30 496
35 499
20 486
35 501
11 477
46 510
41 507
16 482
43 509
29 495
23 489
45 511
14 480
34 500
24 490
1 467
22 488
42 508
12 478
7 471
18 484
17 483
3 469
28 494
37 503
27 493
26 492
32 498
8 474
39 505
5 471
40 506
38 503
35 500
40 503
27 492
10 475
8 471
35 498
25 490
7 470
5 470
47 510
31 496
11 476
2 467
40 505
7 472
22 487
17 482
37 502
29 494
46 511
43 508
6 471
39 504
45 510
46 509
16 481
20 485
21 486
44 509
32 497
24 489
18 483
41 506
12 477
39 502
26 491
13 478
36 501
14 479
30 495
9 474
42 507
3 468
23 488
19 484
12 476
45 509
23 487
21 485
33 497
19 483
42 506
14 478
28 492
6 470
26 490
16 480
30 494
3 467
34 498
4 468
5 469
9 473
47 511
32 496
25 489
18 482
29 491
10 474
38 502
22 486
44 508
13 477
36 500
37 501
46 508
24 488
41 505
40 504
29 493
27 491
15 479
8 472
11 475
6 469
38 501
5 468
12 475
10 473
16 479
26 489
15 478
30 493
4 467
18 481
2 465
13 476
28 491
46 507
14 477
37 500
17 480
34 497
3 466
32 495
30 491
19 482
45 508
48 511
41 504
33 496
23 486
22 485
24 487
31 494
9 472
25 488
43 506
29 492
42 505
27 490
44 507
45 507
4 466
34 496
31 493
20 482
21 483
44 506
19 481
11 473
26 488
14 476
28 490
43 505
15 477
13 475
31 491
42 504
30 492
18 480
2 464
12 474
32 494
38 500
37 499
24 486
5 467
23 485
22 484
3 465
16 478
17 479
6 468
10 472
33 495
25 487
49 511
26 487
39 500
16 477
45 506
28 489
38 499
50 511
31 492
33 494
19 480
15 476
32 493
22 481
49 510
5 466
23 484
35 496
11 472
8 469
42 503
25 486
24 485
7 468
1 462
9 470
44 505
22 483
21 482
6 467
10 471
17 478
2 463
14 475
41 502
4 465
13 474
27 488
4 464
23 483
17 477
38 498
32 492
41 501
43 503
3 463
19 479
39 499
6 466
42 502
33 493
13 473
10 470
2 462
1 461
9 469
24 484
21 481
11 471
27 487
8 468
16 476
35 495
20 480
22 482
18 478
49 509
36 496
44 504
34 494
7 467
51 511
28 488
37 497
25 485
5 465
45 505
40 500
12 472
50 510
14 474
26 486
29 489
27 485
23 481
33 492
2 461
9 468
42 501
38 497
1 460
22 479
23 482
40 499
12 471
15 474
25 484
36 495
19 478
24 483
18 477
52 511
35 494
34 493
50 509
20 479
44 503
7 466
23 478
13 472
5 464
24 481
29 488
51 510
27 486
10 469
49 508
11 470
46 505
6 465
8 467
39 498
23 480
28 487
45 504
0 459
4 463
17 476
21 480
26 485
37 496
30 489
43 502
46 504
48 506
0 458
11 469
31 489
13 471
26 484
24 482
42 500
36 494
33 491
23 479
34 492
29 487
20 478
39 497
3 461
6 464
2 460
52 510
38 496
14 472
35 493
9 467
7 465
44 502
25 483
41 499
15 473
49 507
30 488
22 478
1 459
53 511
23 477
10 468
45 503
21 479
5 463
51 509
18 476
28 486
24 478
50 508
19 477
4 462
16 474
12 470
6 462
37 495
36 493
16 473
37 494
19 476
44 501
13 470
15 472
33 490
14 471
52 509
3 460
24 479
29 486
7 464
31 488
47 504
6 463
22 477
45 502
43 500
2 459
11 468
26 483
25 482
5 462
9 466
21 478
51 508
49 506
1 458
20 477
40 497
38 495
53 510
50 507
8 465
34 491
48 505
42 499
0 457
12 469
41 498
54 511
30 487
46 503
4 461
13 469
48 504
34 490
39 495
26 482
20 476
9 465
38 494
31 487
36 492
35 491
49 505
7 463
53 509
40 496
16 472
3 459
52 508
30 486
32 488
19 475
43 499
33 489
5 461
0 456
46 502
17 473
54 510
21 477
14 470
12 468
25 479
44 500
11 467
45 501
41 497
8 464
10 466
50 506
29 485
1 457
18 474
9 464
27 482
20 475
42 497
3 458
50 505
18 473
46 501
10 465
13 468
17 472
15 470
35 490
31 486
52 507
36 491
33 488
32 487
38 493
16 471
19 474
39 494
43 498
40 495
21 476
1 456
54 509
28 483
25 480
5 460
49 504
34 489
37 492
4 459
55 510
11 466
50 503
2 457
14 469
41 496
26 481
53 508
45 500
8 463
30 485
17 471
30 484
16 470
42 496
6 460
35 489
45 499
11 465
39 493
40 494
31 485
8 462
38 492
34 488
0 454
9 463
36 490
52 506
53 507
7 461
37 491
50 502
47 501
56 510
21 475
14 468
5 459
19 473
51 505
46 500
33 487
12 466
1 455
44 498
3 457
20 474
29 483
32 486
27 481
13 467
28 482
55 509
10 464
50 504
15 469
2 456
26 480
45 498
29 482
41 494
4 457
32 485
36 489
33 486
27 480
19 470
30 483
19 472
0 453
22 475
47 500
11 464
40 493
7 460
16 469
55 508
8 461
18 471
31 484
21 474
56 509
28 481
53 506
37 490
15 468
9 462
17 470
52 505
46 499
43 496
20 473
51 504
5 458
58 511
3 456
14 467
6 459
12 465
38 491
34 487
44 497
13 466
10 463
49 502
57 510
2 455
1 454
23 475
52 504
33 485
12 464
54 506
47 499
9 461
44 496
8 460
31 483
19 469
32 484
1 453
35 487
4 456
3 455
29 481
48 500
2 454
7 459
19 471
28 480
0 452
39 491
55 507
14 466
53 505
25 477
20 472
57 509
43 495
24 476
14 464
34 486
30 482
46 498
59 511
15 467
37 489
36 488
58 510
13 465
21 473
22 474
39 489
40 492
45 497
27 479
11 463
49 501
42 494
56 508
41 493
16 468
18 470
5 457
47 498
38 489
33 484
4 455
58 509
7 458
48 499
42 493
23 474
25 476
13 464
49 500
21 472
57 508
41 492
60 511
15 466
14 465
53 504
24 475
35 486
1 452
5 456
40 491
29 480
26 477
44 495
9 460
10 461
17 468
39 490
45 496
46 497
31 482
34 485
8 459
3 454
6 457
12 463
28 479
30 481
36 487
20 471
56 507
55 506
59 510
43 494
22 473
18 469
54 505
44 494
38 488
25 475
15 465
23 473
41 491
32 482
3 453
17 467
21 471
6 456
16 466
34 484
5 455
33 483
42 492
27 477
40 490
54 504
47 497
56 506
55 505
49 499
12 462
29 479
53 503
35 485
4 454
57 507
10 460
18 468
61 511
22 472
2 452
30 480
26 476
13 463
11 461
48 498
36 486
58 508
46 496
59 509
8 458
60 510
37 487
38 487
28 477
18 467
26 475
41 488
53 502
17 466
46 495
61 510
22 471
62 511
8 457
7 456
44 493
48 497
10 459
11 460
9 458
54 503
4 453
45 494
47 496
56 505
33 482
29 478
50 499
58 507
31 480
16 465
59 508
3 452
24 473
35 484
49 498
30 479
42 491
5 454
13 462
37 486
21 470
25 474
57 506
12 461
41 490
27 476
36 485
55 503
30 478
23 471
50 498
63 511
38 486
35 483
11 459
32 480
18 466
10 458
59 507
4 452
28 476
22 470
47 495
36 484
48 494
57 505
41 489
58 506
62 510
9 457
8 456
37 485
16 464
46 494
34 482
31 477
13 461
15 463
31 479
39 487
42 490
6 454
56 504
19 467
12 460
60 508
25 473
49 497
27 475
20 468
26 474
45 493
7 455
53 501
41 487
21 469
24 472
32 479
13 460
56 503
62 509
36 483
23 470
25 472
37 484
21 468
22 469
50 497
42 489
6 453
49 494
19 466
49 496
35 482
20 467
24 471
52 499
12 459
48 495
55 502
58 505
27 474
38 485
39 486
31 478
48 493
44 491
60 507
64 511
63 510
29 476
1 448
18 465
8 455
11 458
16 463
43 490
30 477
7 454
9 456
5 452
53 500
3 450
59 506
54 501
40 487
2 449
47 494
46 493
4 451
17 464
26 473
15 462
7 453
14 460
63 509
40 486
51 497
5 451
9 455
54 500
28 474
39 485
23 469
55 501
57 503
6 452
49 495
18 464
3 449
12 458
19 465
27 473
62 508
26 472
24 470
44 490
45 491
50 496
30 476
11 457
9 453
46 492
17 463
4 450
25 471
1 447
13 459
2 448
59 505
37 483
47 493
64 510
32 478
53 499
52 498
36 482
8 454
43 489
65 511
29 475
20 466
16 462
22 468
60 506
33 479
38 484
22 467
10 453
65 510
8 453
56 501
47 492
60 505
5 450
12 457
40 485
18 463
59 504
50 495
15 460
28 473
26 471
51 496
55 500
44 489
30 475
45 490
58 503
33 478
13 458
27 472
63 508
57 502
10 455
6 451
24 469
3 448
37 482
53 498
4 449
53 496
16 461
9 454
43 488
7 452
19 464
36 481
64 509
46 491
25 470
2 447
21 466
54 499
29 474
38 483
39 484
35 479
40 484
64 508
4 448
1 445
10 454
47 491
33 477
63 507
29 473
56 500
19 463
58 502
18 462
65 509
41 485
7 451
28 472
26 470
62 506
67 511
46 490
22 466
39 483
42 486
21 465
51 495
59 503
24 468
66 510
37 481
38 480
57 501
17 461
16 458
45 489
16 460
11 455
14 458
23 467
20 464
2 446
52 496
44 488
60 504
13 457
6 450
8 452
3 447
12 456
36 480
53 497
30 474
15 459
55 499
61 505
25 469
12 455
47 490
5 448
19 462
20 463
28 471
30 473
39 482
25 468
54 497
35 478
16 457
40 483
22 465
8 451
24 467
46 489
31 474
7 450
61 504
51 494
57 500
52 495
34 477
59 502
14 457
66 509
1 444
11 454
21 464
65 508
4 447
16 459
17 460
60 503
43 486
63 506
64 507
44 487
42 485
23 466
29 472
37 480
67 510
36 479
68 511
3 446
33 476
48 491
17 458
27 470
38 481
62 505
55 498
6 449
2 445
13 456
45 488
0 443
58 500
31 473
61 503
62 504
55 497
28 470
59 501
63 505
60 502
20 462
45 487
29 471
64 506
9 451
27 469
17 457
22 464
47 489
56 498
15 457
37 479
66 508
57 499
34 476
42 484
1 443
39 481
48 490
6 448
18 458
40 482
8 450
51 493
52 494
2 444
5 447
17 459
13 455
4 446
25 467
49 491
12 454
26 468
24 466
19 461
67 509
35 477
44 486
69 511
46 488
0 442
43 485
65 507
18 460
31 472
54 495
40 481
61 502
23 464
47 488
18 457
32 473
63 504
48 489
43 484
21 462
8 449
62 503
0 441
57 498
51 492
58 499
30 471
44 485
42 483
36 477
67 508
7 448
11 452
29 470
14 455
18 459
49 490
52 493
15 456
27 468
19 458
20 461
65 506
33 474
5 446
6 447
19 460
53 494
45 486
3 444
26 467
46 487
24 465
10 451
68 509
9 450
12 453
1 442
41 482
60 501
13 454
35 476
70 511
25 466
66 507
37 478
69 510
64 505
56 497
55 495
60 500
42 482
65 505
15 455
17 455
44 484
68 508
22 462
27 467
14 454
49 489
9 449
28 468
38 478
57 497
6 446
50 490
3 443
71 511
62 502
54 494
63 503
25 465
2 442
1 441
20 458
37 477
51 491
56 496
18 456
8 448
41 481
67 507
32 472
0 440
48 488
21 461
58 498
46 486
36 476
33 473
30 470
24 464
59 499
53 493
69 509
12 452
35 475
34 474
39 479
19 457
52 492
20 460
19 459
64 504
31 471
7 447
29 469
11 451
70 510
6 445
30 469
21 460
28 467
41 480
72 511
69 508
52 491
15 454
63 502
18 455
39 478
8 447
44 483
4 443
36 475
9 448
67 506
21 458
45 484
20 457
20 459
0 439
26 465
22 461
23 462
19 456
57 496
16 455
53 492
34 473
27 466
29 468
46 485
32 471
54 493
25 464
59 498
66 505
64 503
43 482
68 507
49 488
51 490
42 481
38 477
48 487
2 441
56 495
58 497
71 510
31 470
47 486
1 440
13 452
65 504
7 446
24 463
40 479
12 451
62 501
33 472
50 489
61 500
11 450
55 494
70 509
47 485
39 477
40 478
64 502
33 471
25 463
54 492
19 453
35 473
34 472
50 488
63 501
16 454
71 509
62 500
36 474
69 507
41 479
15 453
8 446
9 447
56 494
57 495
21 459
45 483
58 496
0 438
22 456
73 511
37 475
3 441
42 480
52 490
31 469
53 491
2 440
61 499
65 503
24 462
29 467
23 455
22 460
20 456
48 486
24 454
62 498
18 454
6 444
23 461
7 445
38 476
51 489
13 451
43 481
66 504
32 470
12 450
30 468
22 458
19 455
60 498
4 442
26 464
55 493
67 505
70 508
68 506
72 510
5 443
44 482
49 487
14 452
28 466
22 457
57 494
5 442
23 460
53 490
72 509
22 459
75 508
28 465
40 477
46 483
0 437
30 467
29 466
51 488
63 500
38 475
26 463
43 480
24 461
6 443
37 474
70 507
73 510
61 498
33 470
20 455
56 493
50 487
44 481
8 445
74 509
71 508
21 456
54 491
13 450
23 454
62 499
16 453
36 473
22 455
19 454
58 495
67 504
15 452
47 484
32 469
39 476
64 501
3 440
9 446
18 453
23 456
24 455
74 511
45 482
66 503
4 441
42 479
60 497
31 468
10 447
7 444
59 494
34 471
48 485
11 448
2 439
24 453
69 506
12 449
14 451
27 464
65 502
75 511
31 465
44 480
39 475
55 491
7 443
6 442
74 508
65 501
74 510
41 477
57 493
45 481
25 455
22 454
3 439
17 453
70 506
68 504
59 493
56 492
21 455
72 508
38 474
71 507
28 464
9 445
47 483
5 441
48 484
23 457
58 494
69 505
30 466
25 461
42 478
27 463
46 482
24 456
35 471
29 465
40 476
13 449
75 507
75 509
60 496
63 499
24 460
61 497
4 440
32 468
2 438
23 453
8 444
43 479
23 459
15 451
37 473
16 452
64 500
0 436
53 489
12 448
66 502
50 486
59 495
26 462
20 454
33 469
10 446
11 447
52 488
36 472
23 452
37 472
3 438
7 442
31 466
12 447
65 500
72 507
45 480
9 444
16 451
13 448
57 492
8 443
54 489
34 469
0 435
75 510
56 491
74 507
40 475
58 493
70 505
51 486
15 450
26 461
32 467
60 495
66 501
49 484
68 503
47 482
30 465
42 477
46 481
24 459
22 453
52 487
21 454
53 488
55 490
6 441
25 456
17 452
35 470
24 457
38 473
41 476
33 468
11 446
43 478
64 499
36 471
1 436
50 485
69 504
73 508
27 462
67 502
61 496
44 479
4 439
76 511
14 449
28 463
6 440
50 484
34 468
4 438
71 505
49 483
29 463
40 474
47 481
41 475
33 467
39 473
70 504
42 476
55 489
7 441
8 442
5 439
43 477
25 459
30 464
37 471
57 491
6 438
51 485
76 510
72 506
22 452
11 445
24 458
27 461
58 492
28 462
45 479
62 496
32 466
66 500
1 435
21 453
67 501
73 507
61 495
16 450
12 446
38 472
0 434
14 448
25 457
48 482
68 502
53 487
64 498
17 451
52 486
15 449
10 444
9 443
77 511
35 469
44 478
2 435
72 505
35 468
68 501
70 503
61 492
66 499
71 504
8 441
6 439
28 461
46 479
78 511
39 472
33 466
3 436
61 494
10 443
21 452
65 498
51 484
34 467
41 474
47 480
53 486
36 469
54 487
38 471
56 489
73 506
12 445
29 462
62 495
37 470
27 460
57 490
50 483
48 481
30 463
44 477
16 449
55 488
26 459
14 447
49 482
18 451
58 491
0 433
15 448
77 510
52 485
13 446
45 478
25 458
1 434
42 475
64 497
9 442
5 438
43 476
7 440
51 483
78 510
11 443
50 482
66 498
13 445
44 476
8 440
72 504
3 435
2 434
5 437
62 492
35 467
65 497
27 459
48 480
29 461
16 448
37 469
1 433
58 490
46 478
70 502
26 458
52 484
9 441
4 436
62 494
16 446
69 501
36 468
40 472
34 466
33 465
54 486
43 475
7 439
47 479
41 473
20 452
63 495
71 503
53 485
28 460
68 500
64 496
10 442
18 450
14 446
38 470
56 488
39 471
61 493
45 477
57 489
19 451
0 432
59 491
55 487
15 447
30 462
31 463
77 509
17 449
73 505
79 511
10 441
2 433
1 432
37 468
74 505
12 443
71 502
59 490
51 482
43 474
15 446
68 499
44 475
14 445
11 442
39 470
52 483
66 497
67 498
53 478
3 434
73 504
46 477
9 440
63 494
5 436
60 491
80 511
57 488
79 510
32 463
19 450
27 458
65 496
78 509
56 487
45 476
50 481
72 503
33 464
55 486
18 449
64 495
53 484
4 435
48 479
34 465
41 472
35 466
16 447
69 500
40 471
8 439
13 444
0 431
62 493
38 469
47 478
20 451
49 480
31 462
50 479
70 501
54 485
29 460
49 479
43 473
40 470
51 479
19 449
81 511
35 465
12 442
20 450
4 434
77 507
64 494
69 499
2 432
70 500
30 460
72 502
11 441
79 509
75 505
42 472
28 458
51 481
48 478
53 477
3 433
68 498
67 497
8 438
73 503
18 448
39 469
52 482
17 447
9 439
45 475
33 463
65 495
66 496
63 493
1 431
36 466
60 490
31 461
29 459
38 468
78 508
57 487
47 477
10 440
54 484
13 443
74 504
52 478
55 485
71 501
46 476
53 483
34 464
41 471
5 435
32 462
0 430
50 480
59 489
56 486
15 445
71 500
41 470
14 443
53 482
79 508
30 459
48 477
52 481
12 441
5 434
69 498
66 495
73 502
0 429
55 484
75 504
32 461
37 466
78 505
77 506
35 464
81 510
82 511
52 479
19 448
64 493
4 433
78 507
57 486
6 435
74 503
2 431
18 447
40 469
21 450
3 432
38 467
68 497
47 476
46 475
43 472
13 442
29 458
44 473
15 444
52 477
51 480
61 490
1 430
10 439
49 478
20 449
29 456
80 509
67 496
36 465
9 438
60 489
51 478
34 463
7 436
56 485
33 462
6 434
43 471
33 461
83 511
79 507
48 476
2 430
19 447
31 459
42 470
7 435
40 468
8 436
57 485
61 489
53 481
14 442
29 457
20 448
18 446
55 483
51 477
70 498
34 462
76 504
44 472
35 463
30 458
38 466
52 480
56 484
82 510
60 488
16 444
9 437
15 443
72 500
71 499
4 432
49 477
80 508
73 501
3 431
5 433
28 456
77 505
47 475
41 469
81 509
68 496
0 428
39 467
13 441
36 464
21 449
54 482
65 493
75 503
32 460
46 474
12 440
58 486
67 495
10 438
78 506
0 425
20 447
35 462
58 485
22 449
2 429
40 467
39 466
53 480
7 434
73 500
4 431
45 472
68 495
81 508
43 470
17 444
5 432
79 506
33 460
83 510
75 502
11 438
41 468
60 487
66 493
30 457
13 440
48 475
46 473
28 455
55 482
56 483
24 451
72 499
6 433
61 488
23 450
9 436
34 461
70 497
54 481
12 439
50 477
71 498
31 458
84 511
49 476
42 469
80 507
15 442
38 465
21 448
10 437
57 484
1 428
27 454
74 501
0 427
16 443
32 459
44 471
77 504
19 446
37 464
62 489
63 490
47 474
63 489
74 500
24 450
54 480
6 432
57 483
43 469
62 488
11 437
58 484
81 507
14 440
59 485
13 439
46 472
27 453
55 481
41 467
85 511
68 494
40 466
77 503
50 476
19 445
20 446
2 428
25 451
49 475
83 509
39 465
56 482
84 510
10 436
28 454
60 486
34 460
64 490
35 461
38 464
47 473
5 431
22 448
17 443
16 442
82 508
80 506
1 425
66 492
36 462
33 459
37 463
9 435
69 495
72 498
45 471
7 433
42 468
23 449
31 457
0 426
76 502
71 497
18 444
32 458
48 474
8 434
1 427
4 430
12 438
44 470
71 496
19 444
13 438
25 450
40 465
28 453
31 456
8 433
18 443
55 480
16 441
75 500
64 489
39 464
67 492
43 468
41 466
72 497
56 481
70 495
63 488
23 448
9 434
61 486
85 510
35 460
62 487
2 427
81 506
45 470
17 442
21 446
34 459
60 485
3 428
32 457
46 471
82 507
38 463
50 475
47 472
80 505
66 491
20 445
27 452
22 447
1 426
11 436
68 493
48 473
63 484
7 432
86 511
77 502
79 504
69 494
42 467
6 431
15 440
57 482
5 430
49 474
14 439
74 499
37 462
83 508
33 458
24 449
44 469
36 461
10 435
58 483
62 485
4 429
6 430
79 503
63 483
45 469
72 496
20 444
14 438
47 471
46 470
84 508
3 427
51 475
85 509
15 437
63 487
82 506
34 458
9 433
10 434
26 450
62 486
65 489
17 441
66 490
87 511
80 504
83 507
42 466
63 485
58 482
70 494
64 484
28 452
76 500
18 442
21 445
15 439
2 426
30 454
5 429
68 492
56 480
27 451
4 428
13 437
74 498
8 432
39 463
49 473
38 462
41 465
59 483
89 511
44 468
24 448
71 495
78 502
86 510
48 472
43 467
64 488
57 481
50 474
73 497
23 447
25 449
81 505
16 440
67 491
36 460
19 443
37 461
62 484
60 484
29 453
12 436
33 457
7 431
32 456
11 435
80 503
44 467
26 449
45 468
42 465
59 482
13 436
27 450
73 496
31 454
48 471
78 501
89 510
12 435
39 462
41 464
11 434
4 427
35 458
9 432
7 430
84 507
22 445
17 440
82 505
8 431
15 438
40 463
14 437
57 480
72 495
25 448
58 481
24 447
34 457
86 509
3 426
30 453
28 451
62 483
20 443
38 461
60 483
88 511
6 429
64 487
19 442
37 460
68 491
10 433
69 492
64 485
81 504
83 506
50 473
51 474
5 428
70 493
79 502
61 484
87 510
66 489
43 466
75 498
49 472
0 423
46 469
18 441
63 486
65 488
74 497
16 439
21 444
36 459
76 499
32 455
56 478
88 510
35 457
20 442
37 459
40 462
50 472
67 489
19 441
80 502
81 503
52 474
1 423
43 465
69 491
57 479
30 452
33 455
61 483
71 493
11 433
28 450
48 470
79 501
65 487
75 497
46 468
24 446
1 421
8 430
64 486
82 504
84 506
7 429
54 476
5 427
68 490
0 422
47 469
34 456
49 471
44 466
14 436
39 461
23 445
74 496
76 498
86 508
27 449
31 453
10 432
6 428
21 443
9 431
16 438
72 494
70 492
87 509
41 463
83 505
51 473
12 434
60 482
38 460
4 426
26 448
45 467
59 481
36 458
25 447
42 464
73 495
17 439
32 454
13 435
29 451
66 488
81 502
29 448
71 492
46 467
28 449
39 460
44 465
66 487
51 472
13 434
40 461
68 489
41 462
61 482
25 446
32 453
22 443
14 435
88 509
48 469
27 448
60 481
10 431
82 503
42 463
23 444
72 493
2 421
17 438
74 495
1 422
87 508
47 468
6 427
52 473
38 459
26 447
24 445
49 470
19 440
29 450
54 475
57 478
3 424
8 429
43 464
9 430
59 480
56 477
79 500
20 441
67 488
80 501
83 504
4 425
30 451
21 442
35 456
36 457
34 455
11 432
7 428
70 491
58 479
31 452
55 476
84 505
45 466
76 497
65 486
74 494
46 466
56 476
29 449
41 461
58 478
81 501
67 487
85 505
2 420
84 504
49 469
79 499
19 439
31 451
52 472
2 422
40 460
8 428
38 458
21 441
83 503
17 437
36 456
39 459
48 468
68 488
80 500
24 444
91 509
77 497
14 434
61 481
73 493
86 506
35 455
43 463
37 457
42 462
69 489
25 445
55 475
70 490
4 424
23 443
28 448
44 464
78 498
22 442
59 479
57 477
66 486
3 423
32 452
18 438
71 491
54 474
5 425
13 433
26 446
47 467
50 470
6 426
30 450
82 502
60 480
12 432
76 496
72 492
9 429
87 507
92 508
10 430
7 427
88 508
60 479
71 490
85 504
4 423
77 496
58 477
3 422
89 508
47 466
52 471
82 501
49 468
80 499
92 509
78 497
24 443
54 473
76 495
23 442
88 507
72 491
86 505
39 458
37 456
38 457
66 485
84 503
61 480
14 433
90 509
55 474
10 429
83 502
36 455
27 446
33 452
6 425
5 424
67 486
30 449
40 459
69 488
31 450
20 439
87 506
62 481
8 427
28 447
13 432
59 478
51 470
9 428
44 463
19 438
56 475
11 430
15 434
43 462
7 426
2 419
79 498
26 445
53 472
91 508
21 440
41 460
45 464
0 419
48 467
18 437
25 444
16 435
32 451
12 431
50 469
81 500
74 493
76 494
53 471
89 507
71 489
49 467
26 444
39 457
56 474
48 466
17 435
31 449
80 498
20 438
63 481
90 508
6 424
60 478
0 418
1 419
47 465
84 502
43 461
77 495
65 483
83 501
21 439
11 429
93 509
36 454
68 486
67 485
74 492
50 468
79 497
27 445
41 459
28 446
4 422
40 458
12 430
8 426
16 434
15 433
61 479
51 469
7 425
18 436
25 443
70 488
38 456
81 499
10 428
75 493
85 503
82 500
37 455
33 451
13 431
62 480
58 476
93 511
54 472
23 441
57 475
55 473
78 496
14 432
72 490
64 482
32 450
92 510
52 470
69 487
24 442
73 491
34 452
66 484
5 423
87 505
46 464
9 427
44 462
59 477
22 440
12 429
83 500
63 480
15 432
50 467
90 507
61 478
48 465
53 470
55 472
6 423
51 468
56 473
38 455
28 445
72 489
67 484
82 499
81 498
11 428
37 454
60 477
49 466
24 441
5 420
62 479
17 434
66 483
44 461
94 511
35 452
19 436
74 491
25 442
85 502
65 482
1 418
4 421
32 449
46 463
39 456
80 497
31 448
89 506
27 444
9 426
45 462
57 472
88 505
33 450
16 433
14 431
29 446
18 435
0 417
40 457
70 487
75 492
54 471
64 481
57 474
34 451
84 501
78 495
21 438
7 424
41 458
26 443
79 496
22 439
86 503
20 437
77 494
73 490
76 493
93 510
87 504
23 440
58 475
68 485
69 485
52 468
50 466
66 482
48 464
9 425
10 426
32 448
8 424
95 511
77 493
46 462
89 505
12 428
33 449
31 447
43 459
0 416
67 483
64 480
84 500
83 499
37 453
80 496
72 488
90 506
18 434
63 479
82 498
60 476
24 440
71 487
73 489
79 495
34 450
75 491
76 492
55 471
35 451
41 457
59 475
87 503
54 470
22 438
11 427
53 469
21 437
47 463
85 501
74 490
58 474
6 420
23 439
14 430
5 421
38 454
1 417
57 473
58 472
15 431
40 456
17 433
94 510
78 494
68 484
62 478
28 444
42 458
20 436
7 423
29 445
44 460
86 502
6 422
57 471
13 429
51 467
65 481
26 442
56 472
45 461
40 455
86 501
38 453
21 436
9 424
17 432
45 460
48 463
14 429
95 510
80 495
83 498
10 425
68 483
47 462
15 430
41 456
85 500
74 489
19 434
61 476
3 418
11 426
0 415
32 447
70 485
34 449
44 459
73 488
30 445
1 416
77 492
52 467
7 422
51 466
64 479
65 480
55 470
37 452
59 474
43 458
56 471
90 505
87 502
60 475
18 433
31 446
16 431
24 439
26 441
20 435
53 468
7 420
71 486
2 417
28 443
23 438
63 478
75 490
6 421
12 427
50 465
72 487
8 423
36 451
88 501
69 484
89 504
62 477
96 511
66 481
27 442
39 454
76 491
49 464
35 450
46 461
82 497
22 437
58 473
67 482
79 494
54 469
33 448
95 509
81 495
12 426
3 417
44 458
0 414
25 439
86 500
21 435
56 470
54 468
32 446
22 436
53 467
10 424
73 487
46 460
47 461
55 469
61 475
50 464
29 443
18 432
1 415
78 492
70 484
19 433
71 485
23 437
91 505
51 465
68 482
27 441
14 428
38 452
4 418
40 454
28 442
65 479
41 455
83 497
66 480
36 450
96 510
16 430
45 459
26 440
72 486
64 478
60 474
37 451
11 425
63 477
33 447
43 457
7 421
35 449
80 494
13 427
77 491
30 444
74 488
62 476
87 501
59 473
49 463
2 416
76 490
90 504
8 422
20 434
31 445
88 502
67 481
94 508
79 493
89 503
84 498
42 456
17 431
52 466
39 453
84 497
94 507
25 438
93 504
21 434
32 445
97 510
12 425
46 459
15 428
68 481
61 474
52 465
5 418
9 422
79 492
24 437
69 482
31 444
48 461
35 448
29 442
56 469
83 496
3 416
96 509
93 506
38 451
26 439
16 429
66 479
89 502
78 491
50 463
90 503
60 473
39 452
70 483
75 488
10 423
41 454
34 447
0 413
86 499
45 458
14 427
13 424
33 446
11 424
51 464
37 450
91 504
55 468
4 417
40 453
63 476
13 426
80 493
20 433
87 500
23 436
53 466
17 430
19 432
76 489
42 455
81 494
82 495
73 486
22 435
95 508
98 511
62 475
92 505
28 441
64 477
2 415
44 457
8 421
72 485
47 460
54 467
55 467
28 440
73 485
13 423
30 442
50 462
54 466
20 432
67 479
92 504
84 496
69 481
4 414
80 492
86 498
81 493
10 422
35 447
98 510
38 450
37 449
87 499
60 472
43 455
36 448
25 437
39 451
4 416
82 494
6 418
83 495
48 460
77 489
99 511
27 439
47 459
40 452
2 414
75 487
94 506
5 417
62 474
56 468
0 412
32 444
34 446
23 435
1 413
95 507
41 453
24 436
52 464
68 480
85 497
91 503
3 415
64 476
26 438
16 428
97 509
31 443
70 482
14 426
78 490
94 504
57 469
19 431
11 423
51 463
65 477
58 470
15 427
90 502
9 421
93 505
22 434
29 441
59 471
45 457
17 429
12 424
96 508
74 486
21 433
18 430
54 465
48 459
82 493
68 479
97 508
21 432
17 428
28 439
41 452
7 418
65 476
42 453
37 448
18 429
78 489
43 454
62 473
26 437
94 505
0 411
46 457
86 497
50 461
25 436
23 434
12 423
99 510
24 435
58 469
59 470
83 494
38 449
87 498
16 427
61 472
75 486
2 413
76 487
81 492
79 490
96 507
39 450
13 422
20 431
85 496
51 462
98 509
31 442
47 458
9 420
55 466
4 415
33 444
67 478
84 495
52 463
74 485
40 451
80 491
44 455
60 471
36 447
100 511
27 438
10 421
45 456
89 500
15 426
29 440
6 417
32 443
92 503
49 460
1 412
63 474
5 416
35 446
66 477
14 425
70 481
53 464
19 430
56 467
57 468
3 414
95 506
88 499
64 475
91 502
55 465
89 499
92 502
19 429
80 490
23 433
15 425
65 475
76 486
60 470
7 417
64 474
74 484
26 436
47 457
52 462
68 478
45 455
41 451
18 428
32 442
50 460
37 447
42 452
63 473
49 459
90 500
9 419
73 483
31 441
10 420
87 497
53 463
40 450
12 422
78 488
27 437
39 449
6 416
11 421
36 446
58 468
35 445
1 411
44 454
56 466
16 426
3 413
34 444
97 507
20 430
66 476
100 510
43 453
17 427
88 498
67 477
98 508
57 467
5 415
77 487
25 435
86 496
96 506
59 469
101 511
83 493
81 491
38 448
75 485
48 458
95 505
28 438
54 464
61 471
72 482
33 443
70 480
0 410
22 432
2 412
84 494
99 509
62 472
51 461
85 495
29 439
46 456
71 481
20 429
38 447
59 468
60 469
80 489
54 463
18 427
8 417
99 508
79 488
71 480
0 409
55 462
74 483
68 477
29 438
76 485
42 451
12 421
21 430
69 478
11 420
77 486
15 424
1 410
47 456
53 462
84 493
6 415
61 470
87 496
56 465
33 442
49 458
67 476
45 454
72 481
93 502
89 498
86 495
91 500
7 416
40 449
25 434
28 437
101 510
102 511
92 501
10 419
36 445
26 435
52 461
39 448
51 460
41 450
96 505
3 412
88 497
16 425
58 467
98 507
62 471
73 482
9 418
81 490
43 452
57 466
63 472
100 509
32 441
90 499
66 475
82 491
34 443
83 492
65 474
55 464
17 426
22 431
37 446
64 473
27 436
46 455
2 411
48 457
19 428
31 440
97 506
23 432
97 505
53 461
0 408
66 474
9 417
54 462
59 467
58 458
56 460
58 466
68 476
79 487
40 448
73 481
7 415
16 424
101 509
6 414
38 446
25 433
23 431
57 465
12 420
35 443
36 444
65 473
93 501
70 478
17 425
86 494
65 471
99 507
34 442
43 451
83 491
90 498
47 455
62 470
46 454
77 485
32 440
71 479
44 452
29 437
20 428
92 500
64 472
52 460
55 461
67 475
85 493
103 511
91 499
2 410
102 510
21 429
88 496
31 439
80 488
56 462
57 459
10 418
3 411
30 438
87 495
49 457
51 459
59 457
22 430
24 432
5 413
100 508
1 409
60 468
28 436
95 503
69 477
4 412
8 416
81 489
11 419
82 490
42 450
76 484
75 483
18 426
98 506
78 486
27 435
37 445
55 463
34 441
45 452
11 418
84 491
0 407
25 432
57 460
57 458
43 450
75 482
102 509
56 463
68 475
67 474
22 429
69 476
39 446
7 414
48 455
94 501
21 428
31 438
63 470
80 487
53 460
42 449
46 453
17 424
58 459
37 444
57 462
56 459
93 500
40 447
20 427
89 496
4 411
35 442
60 465
56 461
82 489
38 445
98 505
95 502
16 423
3 410
99 506
86 493
71 478
23 430
87 494
33 440
50 457
83 490
103 510
47 454
60 467
6 413
58 457
62 469
76 483
64 471
88 495
24 431
44 451
57 464
18 423
77 484
41 448
28 435
65 472
26 433
10 417
30 437
101 508
5 412
18 425
27 434
9 416
52 459
100 507
51 458
61 468
79 486
70 477
1 408
78 485
96 503
36 443
12 419
104 511
2 409
8 415
73 480
54 461
49 456
29 436
32 439
66 473
91 498
74 481
59 466
85 492
59 458
103 509
11 417
22 428
45 451
57 463
30 436
38 444
82 488
79 485
57 461
50 456
12 418
92 498
98 504
80 484
1 407
60 466
31 437
67 473
16 422
2 408
75 481
9 415
18 424
100 506
46 452
49 455
58 464
42 448
83 489
19 425
44 450
62 468
94 500
78 484
71 477
72 478
84 490
69 475
64 470
20 426
88 494
101 507
37 443
90 496
57 457
93 499
70 476
28 434
6 412
35 441
55 459
86 492
59 459
26 432
43 449
80 486
27 433
47 453
97 503
59 465
33 439
91 497
77 483
54 460
63 469
32 438
95 501
74 480
105 511
39 445
85 491
17 423
66 472
34 440
68 474
73 479
21 427
23 429
3 409
53 459
40 446
96 502
25 431
52 458
81 487
4 410
99 505
8 414
51 457
76 482
58 456
87 493
10 416
30 435
42 447
104 509
17 422
94 499
32 437
53 458
90 495
33 436
2 407
74 479
68 473
49 454
80 485
21 426
47 452
39 444
62 467
81 486
58 463
34 439
83 488
11 416
67 472
59 460
9 414
88 493
96 501
58 461
55 458
43 448
54 459
8 413
70 475
3 408
59 464
27 432
61 466
37 442
6 411
29 434
93 498
24 429
50 455
31 436
7 410
106 511
92 497
86 491
79 484
78 483
84 489
10 415
23 428
35 440
64 469
72 477
48 453
103 508
100 505
7 412
5 410
26 431
91 496
101 506
56 457
105 510
44 449
102 507
99 504
57 456
89 494
12 417
45 450
98 503
41 446
75 480
36 441
77 482
66 469
22 427
25 430
52 457
46 451
38 443
73 478
20 425
95 500
28 433
13 418
19 424
73 477
57 455
28 432
85 489
59 463
51 455
22 424
6 410
25 429
101 505
8 412
7 411
52 456
67 471
21 425
49 453
83 487
82 486
100 504
72 476
62 466
71 475
36 440
107 511
77 481
94 498
89 493
29 433
59 461
66 468
39 443
37 441
55 457
105 509
38 442
74 478
42 446
68 472
99 503
35 439
96 500
76 480
27 431
14 418
43 447
78 482
67 469
93 497
54 458
103 507
2 406
90 494
79 483
41 445
13 417
53 457
70 474
20 424
34 436
33 437
97 501
45 449
95 499
12 416
17 421
10 414
65 469
32 436
40 444
102 506
31 435
5 409
4 408
50 454
84 488
104 508
23 427
69 473
98 502
22 426
75 479
34 438
81 485
86 490
56 456
48 452
46 450
3 407
9 413
91 495
13 415
44 448
94 497
9 412
30 433
56 455
15 418
93 496
60 461
67 470
32 435
26 429
44 447
35 438
23 426
78 481
29 432
104 507
19 420
86 489
49 452
11 414
84 487
52 455
98 501
2 405
96 499
69 472
74 477
108 511
61 464
37 440
100 503
38 441
73 476
97 500
53 456
6 409
10 413
19 422
59 462
79 482
107 510
76 479
31 434
92 495
70 473
45 448
34 437
12 415
72 475
39 442
4 407
103 506
50 453
64 467
87 490
75 478
106 509
102 505
65 468
20 423
13 416
82 485
14 417
43 446
25 428
83 486
0 403
62 465
22 425
24 427
91 494
90 493
17 420
46 449
41 444
85 488
28 431
10 411
54 457
3 406
60 463
105 508
68 471
42 445
99 502
27 430
55 456
21 424
8 411
63 466
95 498
107 509
39 441
60 462
91 493
95 497
62 464
24 426
103 505
15 417
61 463
23 425
82 484
43 445
9 411
6 408
92 494
96 498
27 429
88 490
3 405
52 454
29 431
20 422
45 447
90 492
21 423
56 454
68 470
97 499
104 506
1 403
65 467
79 481
61 461
72 474
27 427
46 448
98 500
78 480
49 451
105 507
108 510
109 511
36 438
100 502
51 453
74 476
38 440
31 433
69 471
2 404
93 495
19 421
64 466
50 452
26 428
106 508
83 485
42 444
63 465
30 432
54 456
101 503
10 412
102 504
73 475
12 414
0 402
4 406
37 439
87 489
84 486
14 416
86 488
71 473
77 479
16 418
41 443
28 430
89 491
40 442
17 419
25 427
11 413
35 437
70 472
32 434
75 477
44 446
18 420
90 491
62 463
61 462
41 442
37 438
110 511
1 402
5 406
95 496
20 421
83 484
105 506
89 490
44 445
40 441
27 428
108 509
72 473
2 403
3 404
63 464
71 472
78 479
29 430
80 481
6 407
93 494
31 432
69 470
100 501
109 510
12 413
33 434
37 436
106 505
74 475
73 474
17 418
96 497
24 425
54 447
21 422
38 439
84 485
26 427
99 500
16 417
87 488
77 478
91 492
53 454
55 454
30 431
94 495
47 448
97 498
52 453
36 437
111 510
54 455
101 502
68 467
15 416
103 504
49 450
88 489
85 486
65 466
18 419
70 471
106 507
42 443
7 408
76 477
86 487
11 412
79 480
45 446
28 429
82 483
107 508
64 465
50 451
9 410
98 499
32 433
65 464
43 443
52 448
101 501
44 444
108 508
28 428
65 465
82 482
39 439
21 421
24 424
111 511
109 509
3 403
29 429
53 453
62 462
64 464
105 505
63 463
9 409
66 466
2 402
47 447
70 470
90 490
78 478
5 405
79 479
33 433
46 446
32 432
89 489
22 422
87 487
96 496
45 445
30 430
66 464
102 502
48 448
26 426
93 493
17 417
97 497
83 483
80 480
41 441
98 498
1 401
53 447
71 471
7 407
75 475
13 413
50 450
54 448
16 416
92 492
40 440
12 412
84 484
51 449
103 503
35 435
81 481
54 454
91 491
99 499
68 468
52 452
104 504
37 437
86 486
34 434
36 436
77 477
110 510
69 469
67 467
51 451
106 506
73 473
94 494
88 488
38 438
74 474
109 507
18 418
95 495
81 480
2 401
80 479
53 448
20 419
83 482
35 434
1 400
0 399
42 441
104 503
29 428
19 418
84 483
102 501
40 439
87 486
43 442
18 417
47 446
107 506
10 409
49 448
31 430
9 408
41 440
108 507
54 453
79 478
3 402
95 494
75 474
52 451
15 414
13 412
86 485
8 407
7 406
44 443
90 489
24 423
30 429
66 465
32 431
69 468
39 438
36 435
96 495
12 411
25 424
82 481
73 472
93 492
76 475
110 507
26 425
100 499
38 437
112 511
51 450
99 498
22 421
51 448
45 444
89 488
52 449
16 415
110 509
101 500
92 491
77 476
88 487
17 416
48 447
53 452
21 420
67 466
33 432
6 405
72 471
103 502
105 504
109 508
45 442
94 493
64 463
97 496
46 445
70 469
63 462
74 473
71 470
85 484
109 506
34 433
70 468
17 415
97 495
95 493
2 400
79 477
36 434
82 480
52 450
75 473
76 474
18 416
42 440
13 411
30 428
91 489
77 475
4 402
74 472
54 452
73 471
29 427
41 439
20 418
105 503
104 502
18 414
63 461
23 421
33 431
110 508
96 494
108 506
46 444
44 442
111 507
3 401
103 501
100 498
47 445
113 511
50 448
82 478
9 407
16 414
80 478
26 424
24 422
101 499
89 487
83 481
31 429
48 446
88 486
7 405
71 469
27 425
0 398
10 408
92 490
1 399
39 437
53 451
87 485
49 447
67 465
40 438
21 419
51 447
45 443
85 483
86 484
34 432
22 420
78 476
15 413
94 492
64 462
53 449
35 433
25 423
6 404
98 496
94 491
80 477
49 446
55 452
4 401
89 486
113 510
64 461
16 413
112 509
43 440
78 475
101 498
85 482
77 474
91 488
6 403
76 473
62 459
93 490
40 437
65 462
100 497
19 416
7 404
35 432
11 408
61 456
79 476
96 493
26 423
47 444
75 472
21 418
54 451
98 495
44 441
102 499
46 443
81 478
8 405
39 436
0 397
61 458
41 438
2 399
84 481
53 450
83 480
63 460
30 427
74 471
29 426
37 434
82 479
108 505
34 431
27 424
31 428
15 412
32 429
50 447
105 502
70 467
95 492
99 496
42 439
13 410
1 398
24 421
3 398
23 420
68 465
22 419
111 508
71 468
18 413
18 415
14 411
104 501
20 417
17 414
28 425
106 503
92 489
12 409
114 511
10 407
36 433
103 500
88 485
86 483
33 430
5 402
90 487
112 508
9 405
63 459
86 482
35 431
34 430
19 415
92 488
13 409
60 456
106 502
83 479
80 476
70 466
68 464
96 492
76 472
40 436
84 480
30 426
49 445
115 511
11 407
32 428
57 453
91 487
85 481
97 493
29 425
100 496
90 486
23 419
55 451
98 494
58 454
101 497
20 416
65 461
88 484
2 398
8 404
87 483
1 397
41 437
54 450
5 401
47 443
102 498
105 501
4 400
17 413
21 417
39 435
79 475
69 465
33 429
37 433
95 491
50 446
75 471
0 396
62 458
61 457
71 467
43 439
78 474
103 499
48 444
59 455
15 411
93 489
26 422
108 504
31 427
22 418
36 432
12 408
14 410
42 438
25 421
44 440
3 399
94 490
64 460
113 509
81 477
74 470
10 406
28 424
27 423
104 500
114 510
7 403
46 441
86 481
95 490
31 426
63 458
1 396
27 422
66 461
70 465
80 475
65 460
102 497
75 470
37 432
0 395
22 417
116 511
88 481
48 443
113 508
15 410
94 489
28 423
71 466
11 406
84 479
79 474
38 433
107 502
39 434
6 399
7 402
20 415
100 495
60 455
114 509
78 473
99 494
17 412
109 504
24 419
23 418
101 496
69 464
98 493
74 469
92 487
108 503
47 442
13 408
68 463
10 405
104 499
32 427
89 484
35 430
58 453
9 404
55 450
6 401
26 421
4 399
44 439
97 492
33 428
21 416
76 471
40 435
34 429
105 500
41 436
42 437
67 462
49 444
87 482
81 476
93 488
14 409
62 457
96 491
25 420
30 425
59 454
91 486
77 472
8 403
29 424
57 452
50 445
64 459
2 397
45 440
36 431
85 480
16 411
115 510
90 485
88 483
12 407
91 485
10 404
59 453
16 410
89 483
74 468
57 451
17 411
40 434
30 424
81 475
107 501
47 441
80 474
103 497
33 427
55 449
98 492
86 480
15 407
13 407
6 400
88 480
67 461
32 426
93 487
50 444
104 498
88 482
16 406
37 431
109 503
71 465
102 496
9 403
21 415
44 438
24 418
85 479
1 395
69 463
0 394
77 471
51 445
100 494
76 470
79 473
74 466
58 452
75 469
11 405
60 454
42 436
96 490
12 406
2 396
63 457
106 500
15 409
112 506
65 459
29 423
36 430
31 425
108 502
68 462
56 450
95 489
66 460
99 493
110 502
114 508
87 481
111 505
23 417
39 433
70 464
28 422
64 458
48 442
7 401
20 414
82 476
23 415
116 510
84 478
90 484
43 437
113 507
41 435
78 472
115 509
5 399
97 491
46 440
6 398
27 421
94 488
25 419
64 456
7 399
114 506
8 402
35 429
14 408
92 486
34 428
15 406
9 402
47 440
70 463
20 413
42 435
8 397
73 466
38 431
105 498
68 461
74 467
107 500
81 474
111 504
102 495
22 415
95 486
27 420
11 404
113 506
93 486
114 505
78 471
14 407
41 434
76 469
18 411
29 422
56 449
79 472
25 418
7 400
43 436
50 443
16 407
66 459
31 424
97 490
94 487
44 437
35 428
80 473
86 479
75 468
116 509
49 442
48 441
5 398
77 470
3 396
103 496
90 483
13 406
100 493
12 405
91 484
87 480
65 458
2 395
64 457
114 507
84 477
0 393
57 450
10 403
85 478
39 432
111 502
92 485
89 482
61 454
115 508
26 419
115 506
63 456
46 439
51 444
60 453
69 462
23 416
117 510
1 394
19 412
110 503
45 438
118 511
33 426
98 491
101 494
32 425
8 401
72 465
83 476
104 497
110 501
59 452
58 451
37 430
24 417
96 489
108 501
67 460
17 410
109 502
4 397
28 421
112 505
7 398
82 475
71 464
15 408
45 437
102 494
50 442
109 501
79 471
69 461
33 425
49 441
118 510
14 406
48 440
71 463
112 504
42 434
11 403
10 402
95 487
85 477
83 475
18 410
96 486
78 470
24 416
97 489
92 484
68 460
57 449
101 493
80 472
65 457
40 432
44 436
84 476
22 414
13 405
59 451
63 455
32 424
104 496
91 483
94 486
119 511
56 448
7 397
67 459
62 454
108 500
51 443
99 491
103 495
72 464
34 426
75 467
87 479
30 422
93 485
20 412
17 409
15 405
99 489
0 392
17 407
26 418
105 497
4 396
9 401
3 395
8 398
38 430
5 397
117 509
1 393
86 478
113 505
95 485
41 433
60 452
8 396
73 465
76 468
116 506
43 435
27 419
36 428
81 473
46 438
58 450
16 408
70 462
111 503
19 411
115 507
8 400
28 420
61 453
116 508
2 394
90 482
47 439
82 474
25 417
96 488
47 438
113 504
76 467
106 497
53 444
71 462
4 395
32 423
45 436
83 474
28 419
60 451
79 470
101 492
80 471
13 404
41 432
26 417
66 457
5 396
9 398
69 460
64 453
59 450
109 500
57 448
40 431
118 509
86 477
79 468
77 468
43 434
48 439
33 424
3 394
84 475
78 469
62 453
0 391
98 489
92 483
104 495
38 429
22 413
96 487
100 491
61 452
120 511
20 411
97 488
119 510
112 503
54 445
36 427
73 464
103 494
51 442
91 482
35 426
11 402
85 476
68 459
58 449
99 490
70 461
52 443
9 400
49 440
50 441
102 493
87 478
72 463
1 392
55 446
25 416
29 420
21 412
2 393
18 407
19 410
94 485
18 409
14 405
56 447
37 428
34 425
31 422
30 421
17 408
116 507
42 433
12 403
63 454
81 472
7 396
82 473
93 484
117 508
40 430
22 412
107 497
20 410
6 396
46 436
73 463
84 474
1 391
13 403
51 441
26 416
64 452
121 511
80 468
70 460
98 488
68 458
10 400
94 484
88 478
41 431
83 471
50 440
18 408
103 493
53 443
104 494
27 417
55 445
64 454
72 462
59 449
65 453
76 466
37 427
34 424
44 434
80 470
42 432
113 503
31 421
69 459
48 438
43 433
4 394
66 456
118 508
100 490
9 399
119 509
11 401
56 446
62 452
86 476
78 468
97 487
120 510
82 472
106 496
67 457
39 429
29 419
109 499
101 491
2 392
93 483
45 435
35 425
71 461
61 451
12 402
47 437
79 469
57 447
0 390
3 393
54 444
63 453
36 426
65 455
28 418
19 409
32 422
90 480
14 404
49 439
117 507
92 482
87 477
102 492
74 464
60 450
38 428
83 473
5 395
89 478
20 409
14 403
103 492
28 417
56 445
70 459
110 499
43 432
59 448
22 411
94 483
48 437
39 428
66 455
52 441
64 451
68 457
101 490
119 508
42 431
54 443
60 449
109 498
121 510
93 482
4 393
108 497
106 495
92 481
75 464
49 438
118 507
55 444
83 472
19 408
41 430
88 477
44 433
21 410
25 414
30 419
111 500
69 458
11 400
57 446
67 456
12 401
74 463
107 496
90 479
6 395
53 442
13 402
32 421
35 424
105 494
34 423
80 469
40 429
98 487
85 474
122 511
120 509
113 502
102 491
3 392
86 475
1 390
71 460
73 462
65 454
5 394
23 412
50 439
37 426
46 435
33 422
38 427
91 480
72 461
62 451
31 420
2 391
10 399
83 470
77 466
78 467
63 452
27 416
66 454
86 474
83 469
72 460
43 431
96 484
99 487
63 451
90 478
13 401
6 394
49 437
40 428
108 496
81 469
85 473
45 433
105 493
104 492
74 462
62 450
58 446
117 505
97 485
50 438
84 472
123 511
31 419
21 409
22 410
64 450
29 417
24 412
15 403
109 497
88 476
101 489
20 408
94 482
111 499
42 430
47 435
21 407
28 416
107 495
4 392
37 425
26 414
70 458
3 391
98 486
30 418
36 424
11 399
46 434
77 465
32 420
112 500
60 448
102 490
14 402
76 464
68 456
75 463
38 426
71 459
110 498
44 432
48 436
41 429
82 470
89 477
114 502
120 508
57 445
91 479
51 439
54 442
27 415
67 455
1 389
69 457
95 483
2 390
116 504
61 449
122 510
25 413
33 421
92 480
34 422
78 466
5 393
52 440
119 507
56 444
39 427
53 441
22 409
56 443
120 507
29 416
95 482
49 436
14 401
98 485
124 511
26 413
102 489
41 428
71 456
122 509
112 499
12 399
40 427
111 498
62 449
63 450
70 457
117 504
21 406
109 496
53 440
114 501
90 477
82 469
45 432
97 484
21 408
35 422
73 460
11 398
15 402
20 407
77 464
100 487
32 419
7 394
38 425
72 459
6 393
0 387
59 446
71 458
43 430
51 438
54 441
96 483
36 423
75 462
47 434
34 421
105 492
85 472
118 505
79 466
48 435
60 447
52 439
24 411
55 442
67 454
33 420
2 389
123 510
74 461
13 400
27 414
39 426
121 508
61 448
91 478
50 437
107 494
108 495
69 456
3 390
57 444
23 410
104 491
116 503
37 424
4 391
110 497
93 480
76 463
30 417
25 412
99 486
89 476
31 418
42 429
46 433
86 473
89 475
58 444
22 408
115 501
86 472
62 448
104 490
39 425
33 419
125 511
29 415
74 460
100 486
71 457
16 402
1 387
94 480
98 484
110 496
95 481
12 398
25 411
32 418
19 405
53 439
28 414
111 497
8 394
23 409
103 489
121 507
63 449
37 423
78 464
17 403
93 479
92 478
5 391
67 453
79 465
47 433
68 454
14 400
101 487
40 426
85 471
45 431
54 440
51 437
113 499
70 456
3 389
81 467
109 495
44 430
124 510
13 399
27 413
41 427
99 485
106 492
42 428
50 436
2 388
117 503
56 442
107 493
76 462
114 500
52 436
87 473
72 458
49 435
116 502
43 429
96 482
35 421
15 401
105 491
123 509
73 459
61 447
82 468
0 386
52 438
108 494
57 443
6 392
118 504
122 508
20 406
59 445
97 483
48 434
90 476
31 417
7 393
75 461
38 424
0 385
76 461
72 457
57 442
44 429
52 437
111 496
122 507
14 399
48 433
47 432
6 391
126 511
110 495
94 479
19 404
86 471
28 413
55 440
24 409
58 443
105 490
117 502
70 455
99 484
75 458
74 459
69 454
13 398
16 401
26 411
124 509
108 493
40 425
42 427
12 397
2 387
100 485
121 506
45 430
81 466
15 400
17 402
101 486
31 416
50 435
96 481
89 474
62 447
5 390
51 436
41 426
60 445
102 487
79 464
104 489
61 446
39 424
33 418
32 417
8 393
29 414
93 478
112 497
87 472
95 480
98 483
90 475
9 394
92 477
63 448
4 389
23 408
37 422
119 504
106 491
46 431
27 412
54 439
53 438
49 434
30 415
18 403
34 419
85 470
125 510
56 441
36 421
116 501
115 500
38 423
80 465
114 499
43 428
20 405
3 388
82 467
73 458
103 488
7 392
107 492
67 452
97 482
53 436
25 410
18 402
24 408
9 393
26 410
108 492
28 412
61 445
47 431
113 497
76 460
119 503
100 484
31 415
79 463
53 437
114 498
123 507
0 384
8 392
80 464
111 495
36 420
51 435
66 450
45 429
59 443
40 424
126 510
120 504
91 475
14 398
82 466
74 458
32 416
63 447
30 414
64 448
54 438
80 462
81 465
68 452
124 508
33 417
25 409
38 422
103 487
6 390
16 400
105 489
11 395
20 404
1 385
96 480
89 473
93 477
56 440
46 430
70 454
99 483
110 494
75 459
116 500
58 442
35 419
69 453
67 451
39 423
87 471
97 481
27 411
43 427
42 426
118 502
90 474
12 396
34 418
4 388
125 509
57 441
112 496
92 476
127 511
84 468
15 399
73 457
98 482
48 432
109 493
23 407
107 491
106 490
55 439
41 425
3 387
7 391
95 479
44 428
122 506
101 485
117 501
86 470
115 499
94 478
50 434
60 444
17 400
118 501
95 478
27 410
42 425
66 447
117 500
66 449
98 481
38 421
113 496
63 446
59 442
25 408
16 399
13 396
90 473
33 416
116 499
91 474
36 419
97 480
82 465
119 502
72 455
80 463
107 490
104 487
127 510
123 506
92 475
43 426
49 432
8 391
121 504
12 395
68 451
77 460
100 483
54 437
124 507
84 467
11 394
23 406
112 495
105 488
9 392
31 414
87 470
69 452
50 433
99 482
94 477
71 454
1 384
40 423
70 453
122 505
73 456
61 444
110 493
51 434
6 389
101 484
15 398
26 409
64 447
29 412
93 476
46 429
108 491
88 471
14 397
65 448
45 428
67 450
57 440
4 387
79 462
48 431
35 418
106 489
19 402
89 472
28 411
39 422
22 405
34 417
102 485
32 415
115 498
18 401
120 503
0 383
125 508
56 439
103 486
85 468
7 390
76 459
24 407
114 497
21 404
74 457
41 424
126 509
60 443
36 418
73 455
19 401
90 472
41 421
40 422
47 429
68 450
103 485
61 443
79 461
42 424
59 441
17 399
110 492
55 437
22 404
32 414
50 432
15 397
12 394
92 474
51 433
27 409
70 452
84 466
43 425
38 420
93 475
20 402
115 497
18 400
24 406
4 386
121 503
69 451
8 390
7 389
102 484
99 481
72 454
119 501
48 430
116 498
101 483
16 398
66 448
89 471
10 392
1 383
126 508
2 384
52 434
97 479
63 445
112 494
120 502
23 405
64 446
37 419
60 442
109 491
14 396
44 426
29 411
128 510
87 469
28 410
88 470
77 459
67 449
125 507
34 416
45 427
104 486
0 382
83 465
9 391
33 415
56 438
105 487
123 505
65 447
118 500
41 423
96 478
127 509
78 460
6 388
37 417
81 463
86 468
26 408
71 453
85 467
114 496
58 440
95 477
46 428
100 482
35 417
25 407
74 456
107 489
124 505
52 433
2 383
127 508
35 416
111 492
14 395
56 437
0 381
46 427
113 494
117 498
86 467
12 393
50 431
24 405
65 446
34 415
96 467
38 419
110 491
61 442
83 464
107 488
33 414
37 418
58 439
75 456
29 410
89 470
102 483
94 467
10 389
54 435
116 497
79 460
15 396
11 392
88 469
122 503
97 478
39 420
94 475
53 434
64 445
128 509
96 477
98 479
93 468
71 452
125 506
126 507
32 413
59 440
92 469
73 454
69 450
30 411
20 401
120 501
95 474
10 391
23 404
21 402
99 480
8 389
45 426
27 408
28 409
103 484
48 429
37 416
40 421
85 466
74 455
77 458
82 463
115 496
119 500
63 444
13 394
78 459
1 382
62 443
36 417
93 474
22 403
105 486
26 407
41 422
67 448
19 400
70 451
55 436
42 423
118 499
109 490
106 487
9 390
47 428
7 388
90 471
4 385
114 495
91 470
17 398
44 425
87 468
31 412
92 473
51 432
91 472
78 457
101 482
121 502
43 424
100 481
72 453
108 489
4 384
127 503
36 416
80 460
51 431
72 452
112 492
99 479
64 444
95 475
26 406
69 449
17 397
3 383
91 471
7 387
92 468
91 469
29 409
59 439
87 467
85 465
93 469
65 445
53 433
126 506
114 494
102 482
68 448
42 422
105 485
55 435
37 415
116 496
6 386
15 395
35 415
20 400
96 476
14 394
77 457
128 508
95 467
88 468
123 503
119 499
113 493
43 423
21 401
93 473
50 430
56 436
84 464
107 487
89 469
63 443
125 505
44 424
5 385
130 510
100 480
117 497
9 389
2 382
120 500
124 504
22 402
118 498
57 437
28 408
74 454
38 416
58 438
16 396
49 429
97 477
38 418
90 470
40 420
46 426
126 504
12 392
93 467
62 442
71 451
104 484
60 440
108 488
81 461
96 468
11 391
10 390
18 396
10 388
1 381
61 441
30 410
94 474
106 486
13 393
23 403
127 507
18 398
32 412
86 466
47 427
92 470
110 490
70 450
34 414
121 501
24 404
27 407
79 459
73 453
31 411
101 481
19 399
115 495
129 509
75 455
25 405
94 468
54 434
78 458
122 502
8 388
39 419
83 463
92 472
18 395
106 485
92 471
116 495
115 494
119 498
43 422
112 491
107 486
129 508
98 477
27 406
15 394
89 468
49 428
34 413
67 446
114 493
127 504
39 418
58 437
97 476
9 388
101 480
26 405
70 447
108 487
96 475
83 462
21 400
35 414
14 393
93 470
46 425
0 379
110 489
132 511
28 407
23 402
82 461
126 505
4 383
80 459
3 382
81 460
62 441
44 423
63 442
52 431
1 380
2 381
45 424
88 467
121 500
79 458
73 452
95 468
105 484
20 399
111 490
12 391
56 435
90 469
32 411
47 426
76 455
60 439
18 397
35 412
65 444
5 384
7 386
69 448
123 502
125 504
53 432
94 473
66 445
96 469
19 398
126 503
91 468
25 404
128 507
122 501
120 499
64 443
72 451
85 464
84 463
102 481
86 465
77 456
13 392
26 403
54 433
30 409
6 385
71 450
74 453
31 410
92 467
109 488
24 403
8 387
29 408
93 472
50 429
40 419
130 509
39 416
70 449
127 506
100 479
55 434
117 496
17 396
33 412
103 482
36 415
113 492
11 390
124 503
118 497
131 510
57 436
75 454
43 421
88 466
31 409
94 470
68 446
77 455
5 383
93 471
41 419
128 506
109 487
119 497
50 428
114 492
53 431
24 402
44 422
13 391
110 488
92 466
94 472
54 432
45 423
101 479
3 381
91 467
80 458
105 483
61 439
100 478
66 444
128 504
86 464
29 407
118 496
132 510
64 442
97 475
60 438
51 429
76 454
34 412
113 491
27 405
71 449
84 462
104 482
58 436
121 499
125 503
129 507
47 425
67 445
63 441
108 486
123 501
102 480
95 469
26 404
40 418
106 484
57 435
2 380
9 387
52 430
120 498
82 460
26 402
36 414
122 500
75 453
1 379
99 477
85 463
23 401
133 511
21 399
81 459
39 417
12 390
90 468
98 476
48 426
17 395
124 502
55 433
117 495
56 434
30 408
27 403
20 398
131 509
87 465
115 493
73 451
74 452
46 424
107 485
16 394
103 481
19 397
70 448
14 392
130 508
126 502
69 447
127 505
35 413
7 385
89 467
0 378
112 490
83 461
15 393
111 489
33 411
32 410
130 507
122 499
65 442
66 443
108 485
32 409
5 382
57 434
131 508
54 431
16 393
30 407
51 428
98 475
81 458
107 484
69 446
102 479
124 501
109 486
34 411
128 505
47 424
73 450
87 464
28 405
68 445
92 465
78 455
15 392
58 435
36 413
110 487
95 470
129 506
123 500
118 495
25 402
95 472
8 385
40 417
132 509
44 421
55 432
134 511
62 439
82 459
12 389
115 492
103 480
61 438
71 448
89 466
24 401
76 453
120 497
63 440
77 454
45 422
33 410
42 419
14 391
52 429
9 386
4 381
133 510
113 490
1 378
74 451
80 457
100 477
43 420
17 394
125 502
23 400
117 494
84 461
97 474
20 397
90 467
21 398
106 483
6 383
27 404
31 408
99 476
112 489
121 498
105 482
67 444
48 425
41 418
3 380
119 496
0 377
96 473
13 390
85 462
64 441
46 423
7 384
83 460
111 488
2 379
94 471
114 491
32 408
17 393
10 386
52 428
29 405
112 488
66 442
110 486
67 443
3 379
120 496
123 499
109 485
75 451
6 382
58 434
125 501
79 455
2 378
20 396
84 460
46 422
72 448
8 384
63 439
41 417
95 471
130 506
34 410
55 431
85 461
121 497
69 445
50 426
9 385
43 419
83 459
113 489
90 466
80 456
129 505
44 420
108 484
24 400
65 441
119 495
105 481
37 413
25 401
132 508
68 444
116 492
100 476
21 397
101 477
86 462
111 487
96 472
28 404
99 475
135 511
106 482
51 427
87 463
16 392
47 423
114 490
131 507
15 391
59 435
64 440
11 387
5 381
88 464
57 433
48 424
54 430
103 479
13 389
73 449
53 429
78 454
31 407
91 465
7 383
97 473
42 418
61 437
124 500
89 465
117 493
56 432
81 457
77 453
82 458
30 406
134 510
62 438
14 390
1 377
122 498
45 421
115 491
76 452
133 509
136 511
105 480
86 461
12 387
66 441
125 500
14 389
6 381
5 380
73 448
65 440
11 386
3 378
47 422
110 485
18 393
63 438
101 476
74 449
52 427
50 425
4 379
25 400
103 478
8 383
1 376
20 395
10 385
45 420
35 410
119 494
21 396
78 453
9 384
130 505
68 443
121 496
113 488
128 501
104 479
30 405
90 465
38 413
122 497
83 458
17 392
55 430
79 454
79 452
81 456
49 424
46 421
84 459
87 462
106 481
72 447
32 407
31 406
115 490
134 509
100 475
77 452
82 457
102 477
71 446
33 408
99 474
7 382
116 491
2 377
67 442
44 419
53 428
120 495
109 484
34 409
89 464
0 375
24 399
124 499
96 471
123 498
42 417
29 404
118 493
56 431
59 434
88 463
132 507
15 390
70 445
111 486
112 487
61 436
37 412
36 411
22 397
135 510
76 451
64 439
41 416
133 508
85 460
57 432
114 489
131 506
51 426
97 472
108 483
98 473
80 455
69 444
62 437
54 429
107 482
13 388
49 423
74 448
132 506
111 485
58 432
98 472
37 411
121 495
52 426
61 435
71 445
41 415
121 493
20 394
99 473
117 491
97 471
102 476
46 420
72 446
78 452
70 444
55 429
0 374
53 427
68 442
110 484
42 416
109 483
17 391
69 443
51 425
131 505
90 464
107 481
129 503
106 480
14 388
67 441
15 389
66 440
23 397
100 474
134 508
79 453
16 390
9 383
12 386
130 504
5 379
83 457
36 410
19 393
43 417
88 462
125 499
7 381
48 422
45 419
119 493
89 463
103 477
35 409
50 424
30 404
22 396
44 418
63 437
123 497
27 401
25 399
38 412
80 454
82 456
128 502
8 382
77 451
4 378
56 430
137 511
127 501
122 496
10 384
39 413
135 509
21 395
3 377
31 405
120 494
113 487
32 406
105 479
1 375
57 431
104 478
81 455
86 460
116 490
73 447
126 500
133 507
47 421
33 407
101 475
84 458
18 392
60 434
64 438
114 488
115 489
2 375
121 494
22 395
87 460
113 486
51 424
70 443
57 430
115 488
135 508
103 476
38 411
137 510
20 393
98 471
8 381
138 511
13 386
47 420
18 391
134 507
85 458
52 425
71 444
35 408
6 379
1 374
58 431
14 387
11 384
76 449
114 487
110 483
102 475
88 461
73 446
74 447
111 484
10 383
119 492
116 489
27 400
64 437
5 378
123 496
56 429
41 414
105 478
82 455
15 388
83 456
77 450
60 433
4 377
131 504
33 406
19 392
106 479
21 394
89 462
78 451
31 402
63 436
12 385
80 453
99 472
124 497
108 481
130 503
31 404
40 413
107 478
107 480
133 506
26 399
62 435
28 401
129 502
125 498
67 440
112 485
65 438
122 495
101 474
49 422
132 505
25 398
46 419
84 457
42 415
90 463
39 412
127 500
104 477
66 439
36 409
75 448
126 499
69 442
118 491
120 493
34 407
81 454
68 441
9 382
97 470
37 410
44 417
45 418
53 426
43 416
17 390
48 421
23 396
50 423
7 380
103 475
3 375
45 417
105 477
18 390
68 440
0 372
98 470
1 373
61 433
10 382
48 420
108 480
119 491
57 429
63 435
139 511
124 496
90 462
135 507
38 410
47 419
15 387
51 423
7 379
88 460
30 402
17 389
54 426
133 505
100 472
5 377
123 495
35 407
20 392
87 459
82 454
23 395
29 401
4 376
9 381
66 438
91 463
134 506
24 396
84 456
83 455
16 388
73 445
40 412
78 450
74 446
64 436
14 386
65 437
76 448
70 442
33 405
36 408
110 482
43 415
42 414
27 399
52 424
12 384
6 378
41 413
75 447
127 499
131 503
34 406
69 441
115 487
120 492
25 397
130 502
28 400
125 497
60 432
77 449
112 484
109 481
102 474
122 494
71 443
106 478
55 427
32 404
132 504
58 430
107 479
113 485
44 416
137 509
101 473
85 457
72 444
138 510
99 471
13 385
21 393
56 428
116 488
89 461
50 422
2 374
8 380
31 401
37 409
104 476
117 489
118 490
31 403
81 453
70 441
114 485
80 451
67 438
119 490
105 476
6 373
79 450
26 397
72 443
68 439
21 392
115 486
48 419
34 405
117 488
116 487
10 381
54 425
20 391
0 371
126 497
43 414
5 374
38 409
1 372
74 445
3 374
47 418
123 494
90 461
16 387
111 482
88 459
125 496
134 505
35 406
93 464
127 498
29 400
83 454
129 500
102 473
13 384
84 455
24 395
11 382
86 457
15 386
63 434
5 376
65 436
25 396
132 503
85 456
106 477
69 440
53 422
131 502
33 404
36 407
104 475
56 427
18 389
55 426
73 444
112 483
58 429
52 423
130 501
51 422
124 495
66 437
60 431
78 447
82 453
30 401
44 415
128 499
40 411
135 506
61 432
64 435
17 388
28 399
71 442
81 452
91 462
101 472
57 428
19 390
4 375
87 458
109 480
99 470
98 469
139 510
9 380
6 377
53 424
118 489
39 410
78 449
108 479
8 379
32 403
42 413
46 417
45 416
76 447
138 509
103 474
100 471
7 378
89 460
110 481
77 448
120 491
92 463
37 408
22 393
50 421
72 442
132 502
87 457
68 438
33 403
101 471
34 404
67 437
23 393
44 414
24 394
22 392
76 446
79 449
126 496
93 463
8 378
115 483
134 504
40 410
94 464
2 372
46 416
100 470
52 422
88 458
120 490
121 491
80 450
90 460
61 431
74 444
7 373
60 430
45 415
6 376
30 400
117 487
38 408
78 448
36 406
83 453
81 451
17 387
123 493
62 432
12 382
63 433
53 423
82 452
25 395
11 381
66 436
13 383
59 429
48 418
136 506
19 389
9 379
56 426
18 388
138 508
75 445
127 497
50 420
110 480
130 500
140 510
73 443
141 511
27 397
118 488
26 396
39 409
54 424
109 479
21 391
86 456
58 428
129 499
71 441
3 373
99 469
20 390
84 452
119 489
28 398
14 384
65 435
102 472
105 475
69 439
1 371
35 405
41 411
84 454
49 417
4 374
111 481
125 495
51 421
16 386
55 425
77 447
98 468
37 407
124 494
29 399
114 484
104 474
135 505
91 461
95 465
89 459
47 417
131 501
113 483
112 482
0 370
42 412
57 427
115 485
116 486
6 374
15 385
106 476
55 424
18 387
19 388
69 438
79 448
92 461
24 393
28 397
123 492
135 504
142 511
89 458
113 482
30 399
85 452
47 416
58 427
75 444
40 409
102 471
35 404
104 473
52 421
121 490
9 378
27 396
44 413
38 407
125 494
34 403
136 505
43 412
50 417
68 437
21 390
87 456
14 383
91 458
115 484
11 380
132 501
134 503
48 417
22 389
106 475
119 488
80 449
3 372
7 374
83 452
39 408
74 443
56 425
46 415
93 462
4 373
49 418
60 429
63 432
42 411
103 472
37 406
12 381
126 495
92 457
88 457
57 426
96 465
118 487
133 502
54 423
33 402
77 446
137 506
51 420
91 460
82 451
1 370
62 431
141 510
105 474
2 369
109 478
85 454
99 468
120 489
8 377
25 394
13 382
116 485
36 405
112 481
10 379
84 451
71 440
72 441
49 416
111 480
95 464
130 499
65 434
139 508
16 385
107 476
59 428
127 496
86 455
7 376
73 442
114 483
0 369
76 445
29 398
140 509
17 386
45 414
2 371
61 430
129 498
22 391
26 395
138 507
108 477
115 482
66 435
84 453
131 500
20 389
64 433
41 410
81 450
100 469
50 419
23 392
67 436
80 448
106 474
104 472
85 453
40 408
15 383
130 498
139 507
121 489
55 423
25 393
62 430
21 389
98 466
31 399
65 433
16 384
41 409
73 441
140 508
107 475
87 455
136 504
124 492
117 485
38 406
52 420
81 449
22 390
8 376
39 405
120 488
64 432
2 370
10 378
100 468
61 429
143 511
92 458
44 412
95 463
96 462
51 419
135 503
134 502
132 500
66 434
142 510
128 496
108 476
111 479
114 482
71 439
126 494
29 397
116 484
33 401
14 382
131 499
37 405
90 458
19 387
137 505
112 480
23 391
13 381
75 443
57 425
93 461
69 437
82 450
20 388
99 467
9 377
28 396
97 465
68 436
11 379
18 386
39 407
113 481
60 428
4 372
91 457
89 457
56 424
127 495
43 411
77 445
92 460
34 402
141 509
1 369
58 426
83 451
12 380
36 404
129 497
119 487
96 464
138 506
0 368
72 440
45 413
46 414
94 462
133 501
76 444
17 385
105 473
48 416
47 415
109 477
59 427
110 478
50 418
26 394
102 470
97 461
8 374
103 471
30 397
98 461
99 466
96 461
129 496
144 511
25 392
77 444
107 474
61 428
29 396
120 487
3 370
59 426
135 502
93 460
140 507
96 463
68 435
52 419
72 439
103 470
104 471
122 489
16 383
1 368
60 427
32 399
130 497
111 478
64 431
128 495
69 436
121 488
39 404
143 510
55 422
8 375
90 457
112 479
86 453
11 378
97 462
109 476
57 424
37 404
110 477
118 485
83 450
56 423
113 480
76 443
97 464
81 448
41 408
35 402
93 458
138 505
89 456
82 449
44 411
62 429
75 442
27 394
141 508
45 412
23 390
95 462
78 443
101 468
31 398
63 430
117 484
98 465
136 503
114 481
18 385
131 498
133 500
74 441
36 403
58 425
47 414
19 386
102 469
126 493
88 455
15 382
20 387
97 460
119 486
51 418
34 401
71 438
87 454
12 379
48 415
46 413
91 456
70 437
42 409
65 432
0 367
124 491
132 499
66 433
21 388
40 407
10 377
134 501
106 473
13 380
108 475
105 472
78 445
142 509
92 459
26 393
38 405
67 434
14 381
54 421
4 371
28 395
64 430
58 424
90 456
134 500
96 460
21 387
0 366
59 425
97 463
139 505
44 410
99 465
76 442
137 503
122 488
88 454
126 492
138 504
36 402
143 509
128 494
68 434
41 407
61 427
107 473
81 447
20 386
117 483
104 470
94 460
1 367
124 490
78 444
45 411
35 401
72 438
98 462
142 508
25 389
24 390
26 392
121 487
145 511
77 443
26 388
132 498
16 382
37 403
56 422
17 383
11 377
97 459
74 440
105 471
102 468
110 476
53 419
127 493
9 375
4 370
108 474
89 455
32 398
62 428
109 475
141 507
12 378
34 400
103 469
83 449
46 412
95 461
111 477
55 421
82 448
28 394
42 408
87 453
101 467
112 478
54 420
31 397
129 495
140 506
136 502
131 497
130 496
133 499
73 439
118 484
135 501
71 437
100 466
5 371
19 385
38 404
120 486
52 418
30 396
70 436
114 480
75 441
14 380
25 391
69 435
60 426
27 393
93 459
48 414
13 379
106 472
10 376
40 406
29 395
66 432
18 384
119 485
52 417
96 459
100 465
37 402
0 365
25 390
27 388
10 375
60 425
121 486
64 427
20 385
73 438
124 489
42 407
30 395
111 476
51 416
26 391
4 367
141 506
48 413
55 420
44 409
33 398
4 369
135 500
82 447
87 452
144 509
23 388
74 439
2 367
113 478
85 450
16 381
110 475
123 488
146 511
115 480
13 378
80 445
24 389
35 400
11 376
98 463
99 462
89 454
109 474
137 502
81 446
63 428
54 419
79 444
12 377
25 388
32 397
59 424
65 430
69 434
15 380
3 368
29 394
6 371
131 496
90 455
45 410
5 370
38 403
106 471
1 366
46 411
130 495
58 423
71 436
108 473
107 472
77 442
21 386
17 382
143 508
105 470
114 479
102 467
103 468
125 490
128 493
127 492
22 387
142 507
72 437
75 440
129 494
18 383
31 396
67 432
104 469
138 503
119 484
61 426
101 466
95 460
34 399
56 421
112 477
53 418
50 415
62 427
36 401
94 459
133 498
136 501
83 448
26 389
118 483
41 406
120 485
122 487
70 435
27 392
84 449
132 497
139 504
28 393
126 491
57 422
62 426
136 500
58 422
110 474
134 498
130 494
126 490
143 507
61 425
112 476
90 454
73 437
22 386
135 499
141 505
3 367
6 370
67 431
87 451
107 471
123 487
83 447
133 497
7 371
137 501
38 402
115 479
77 441
20 384
5 369
52 416
102 466
146 510
35 399
17 381
128 492
54 418
122 486
96 458
25 387
45 409
9 373
34 398
84 448
68 432
120 484
80 444
124 488
24 388
30 394
101 465
50 414
144 508
31 395
4 368
118 482
28 392
0 364
21 385
44 408
2 366
64 428
82 446
132 496
16 380
140 504
51 415
56 420
26 390
147 511
15 379
27 389
109 473
74 438
46 410
125 489
37 401
81 445
36 400
49 413
111 475
11 375
103 467
95 459
18 382
85 449
72 436
13 377
47 411
106 470
60 424
65 427
42 406
99 463
53 417
55 419
70 434
108 472
138 502
75 439
89 453
86 450
43 407
23 387
71 435
19 383
66 430
104 468
88 452
48 412
10 374
113 477
76 440
14 378
114 478
69 433
142 506
100 464
33 397
1 365
13 376
115 478
91 454
121 484
134 497
18 381
102 465
56 419
17 380
119 482
142 505
6 369
138 501
45 408
113 476
131 494
85 448
146 509
73 436
147 510
94 457
136 499
132 495
49 412
88 451
75 438
133 496
126 489
63 426
52 415
107 470
1 364
57 420
86 449
106 469
118 481
22 385
77 440
20 383
30 393
109 472
82 445
48 409
16 379
46 409
100 463
105 468
108 471
39 402
81 444
68 431
41 404
23 386
43 404
27 390
129 492
65 428
37 400
53 416
51 414
120 483
28 391
9 372
55 418
21 384
48 411
80 443
137 500
60 423
145 508
66 429
14 377
31 394
95 458
62 425
74 437
71 434
139 502
130 493
35 398
33 396
116 479
58 421
19 382
110 473
12 375
123 486
10 373
43 406
104 467
32 395
90 453
0 363
29 392
47 410
87 450
112 475
144 507
128 491
3 366
83 446
11 374
15 378
28 389
93 456
5 368
140 503
36 399
44 407
125 488
148 511
114 477
69 432
70 433
7 370
101 464
24 387
103 466
120 482
30 392
0 362
43 405
51 413
101 463
104 466
29 391
75 437
122 484
67 429
133 495
24 386
42 404
139 501
136 498
68 430
77 439
10 372
54 416
88 450
148 510
132 494
52 414
14 376
93 455
80 442
47 409
32 394
115 477
112 474
74 436
111 473
46 408
3 365
138 500
116 478
71 433
76 438
11 373
55 417
143 505
56 418
109 471
87 449
96 456
5 365
141 503
17 379
13 375
146 508
149 511
107 469
94 456
12 374
130 492
137 499
89 451
82 444
69 431
6 368
108 470
19 381
66 428
72 434
63 425
34 396
33 395
38 400
80 440
119 481
31 393
59 421
37 399
91 453
18 380
106 468
44 406
28 390
2 364
114 476
9 371
83 445
57 419
20 382
102 464
62 424
60 422
61 423
7 369
41 403
81 443
142 504
86 448
135 497
36 398
126 488
124 486
118 480
45 407
58 420
16 378
70 432
121 483
95 457
113 475
140 502
131 493
128 490
145 507
22 384
48 410
84 446
127 489
39 401
50 412
103 465
123 485
141 502
39 400
71 432
133 494
67 428
145 506
5 366
46 407
128 489
103 464
29 390
134 495
123 482
73 434
35 396
23 384
75 436
10 371
136 497
104 465
42 403
134 493
137 498
68 429
33 394
89 450
37 398
83 444
57 418
124 485
105 466
115 476
61 422
56 417
21 382
31 392
129 490
84 445
36 397
108 469
142 503
64 425
122 483
117 478
45 406
118 479
113 474
82 443
93 454
132 493
123 484
1 362
19 380
50 411
146 507
72 433
79 440
17 378
80 439
110 471
144 505
6 367
20 381
70 431
116 477
74 435
125 486
15 376
121 482
32 393
148 509
86 447
14 375
78 439
51 412
4 365
80 441
94 455
95 456
47 408
96 455
114 475
12 373
92 453
139 500
30 391
112 473
147 508
69 430
130 491
2 363
22 383
55 416
60 421
149 510
106 467
102 463
49 410
34 395
59 420
88 449
11 372
41 402
8 369
85 446
81 442
9 370
138 499
91 452
62 423
119 480
127 488
0 361
106 465
120 481
63 424
3 364
90 451
109 470
54 415
87 448
40 401
24 385
131 492
52 413
76 437
44 405
107 467
103 463
126 486
37 397
88 448
59 419
86 446
8 368
61 421
122 482
56 416
3 363
105 465
46 406
4 364
20 380
116 476
140 500
36 396
54 414
92 452
77 437
41 401
9 369
108 468
148 508
120 480
56 414
31 391
22 382
144 504
81 441
12 372
104 464
121 481
110 470
142 502
74 434
10 370
57 417
141 501
34 394
129 489
84 442
95 455
17 377
15 375
60 420
25 385
0 360
24 384
47 407
82 442
65 425
101 461
1 361
13 373
90 450
23 383
113 473
93 453
118 478
106 466
68 428
51 411
75 435
149 509
11 371
42 402
83 443
130 490
52 412
50 410
2 362
67 427
136 496
69 429
53 413
72 432
55 415
146 506
127 487
89 449
40 400
112 472
133 493
19 379
6 366
134 494
91 451
38 398
64 424
84 444
14 374
147 507
85 445
111 471
18 378
16 376
139 499
7 367
125 485
39 399
70 430
35 395
32 392
109 469
128 488
58 418
114 472
62 422
138 498
79 439
131 491
119 479
102 462
115 475
30 390
123 483
114 474
143 503
137 497
45 405
7 366
36 395
113 472
110 469
48 407
129 488
64 423
3 362
9 368
89 448
23 382
51 410
31 390
65 424
108 467
124 483
130 489
58 417
118 477
83 442
34 393
73 430
74 433
86 445
17 376
144 503
14 373
60 419
75 434
126 485
92 451
149 508
146 505
63 422
28 387
91 450
15 374
41 400
95 454
141 500
13 372
94 453
102 461
33 392
62 421
104 463
46 405
66 425
61 420
114 473
143 502
42 401
142 501
21 380
103 462
43 402
70 429
18 377
150 509
11 370
44 403
136 495
59 418
128 487
147 506
20 379
78 437
68 427
82 441
1 360
22 381
77 436
27 386
69 428
37 396
12 371
2 361
145 504
30 389
115 474
72 431
112 471
119 478
105 464
88 447
127 486
131 490
101 460
38 397
137 496
120 479
79 438
121 480
57 416
117 476
133 492
40 399
138 497
76 435
122 481
8 367
87 446
93 452
29 388
48 405
107 466
0 359
25 384
73 432
32 391
148 507
4 363
139 498
111 470
140 499
56 415
84 443
55 414
54 413
152 511
35 394
135 494
85 444
52 411
90 449
71 430
19 377
118 476
88 446
73 431
86 444
112 470
148 506
153 511
47 405
113 471
108 466
76 434
33 391
82 440
3 361
147 505
10 368
132 490
9 367
37 395
50 404
117 475
140 498
42 400
60 418
109 467
7 365
45 403
5 363
115 473
103 461
102 460
139 497
129 487
8 366
137 495
70 428
41 399
95 453
87 445
144 502
27 385
125 483
145 503
17 375
142 500
39 397
133 491
127 485
65 423
136 494
150 508
149 507
152 510
93 451
13 371
4 362
139 495
116 474
35 393
120 478
122 480
30 388
79 437
151 509
64 422
29 387
61 419
77 435
104 462
69 427
63 421
58 416
131 489
31 389
94 452
40 398
20 378
48 406
21 379
121 479
52 410
43 401
44 402
32 390
111 469
12 370
49 407
75 433
59 417
71 429
36 394
14 372
62 420
18 376
54 412
55 413
74 432
57 415
16 374
49 405
1 359
68 426
130 488
128 486
25 383
2 360
38 396
92 450
140 494
46 398
15 373
53 411
72 430
110 468
22 380
6 364
0 358
146 504
28 386
89 447
67 425
126 484
90 448
23 381
85 443
83 441
66 424
74 430
105 463
11 368
10 367
93 450
152 509
22 379
50 407
9 366
destination
