map
random512-20-0.map
pivot
204 426
agent & start
315 41
343 67
241 3
503 227
362 86
339 63
9 121
117 25
306 34
298 28
308 38
253 7
81 53
23 107
408 134
481 205
396 120
345 69
170 6
324 48
312 38
38 92
368 92
365 89
357 81
476 200
374 98
26 104
22 112
492 216
510 234
275 13
314 40
497 221
432 156
449 175
292 22
6 124
442 166
367 91
95 39
461 185
251 5
425 149
496 220
76 56
20 110
320 46
278 12
356 80
104 34
84 52
70 62
282 16
64 68
349 73
174 4
398 122
115 27
361 85
4 126
5 127
1 129
325 49
255 7
22 108
165 11
260 10
68 64
257 7
239 1
36 94
126 22
296 26
279 13
147 11
360 84
17 113
89 45
466 190
101 37
157 11
455 179
277 13
370 94
52 80
469 193
414 138
243 3
413 137
283 17
391 117
385 109
242 2
172 4
444 170
359 83
32 98
102 36
124 22
19 111
355 79
423 147
145 11
63 69
462 186
397 121
166 10
42 88
62 70
94 40
12 118
346 70
86 48
50 80
435 159
57 75
323 47
479 203
268 12
434 158
484 208
119 23
129 21
378 102
152 10
49 81
92 42
467 191
118 24
262 10
501 225
10 120
369 93
84 50
390 114
459 183
311 37
495 219
395 119
24 106
333 57
29 101
504 228
498 222
155 9
372 96
287 21
406 130
421 145
40 90
114 30
43 87
327 51
437 161
474 198
400 124
151 11
308 36
426 150
271 13
31 99
511 235
25 105
494 218
322 48
259 9
107 35
453 177
82 52
310 36
139 15
344 68
34 96
143 11
128 22
379 103
377 101
468 192
46 84
366 90
149 9
156 10
5 125
280 14
394 118
39 91
486 210
59 73
73 59
65 67
487 211
108 34
88 46
264 10
93 41
168 8
354 78
293 23
61 71
463 187
83 51
342 66
490 214
456 180
458 182
404 128
144 10
285 19
148 10
162 10
313 41
358 82
392 116
246 4
72 60
274 12
21 111
75 57
51 79
431 155
169 7
74 58
309 37
267 11
407 131
371 95
240 2
294 24
509 233
373 97
304 32
3 127
18 112
85 49
389 113
416 140
236 0
384 108
500 224
14 116
106 34
450 174
123 23
91 43
350 74
448 176
291 21
136 18
411 135
15 115
307 37
507 231
464 188
447 171
439 167
341 65
489 213
110 32
391 115
270 12
276 14
338 62
460 184
417 141
245 3
383 107
58 74
301 29
7 123
444 168
399 123
160 10
412 136
167 9
328 52
99 39
446 170
178 0
27 103
237 1
109 33
281 15
163 11
142 12
135 17
332 56
8 122
433 157
130 20
111 33
508 232
13 117
11 119
265 9
269 13
33 97
335 59
164 12
177 1
66 66
427 151
295 25
299 29
352 76
244 2
138 16
337 61
121 23
336 60
449 173
319 45
316 42
259 11
482 206
254 6
60 72
100 38
87 47
16 114
454 178
305 33
408 132
473 197
485 209
491 215
307 35
505 229
445 169
103 35
272 14
318 44
432 157
51 80
489 214
69 64
495 220
96 39
3 128
433 160
52 81
450 175
74 59
339 64
458 183
385 110
115 28
108 35
407 132
278 13
280 15
350 75
70 63
95 40
484 209
39 92
366 91
465 190
349 74
338 63
436 161
42 89
490 215
34 97
432 161
239 2
259 10
298 29
296 27
129 22
317 44
161 10
178 1
321 48
107 36
466 191
502 227
2 129
389 114
309 38
511 236
412 137
388 113
163 12
302 31
242 3
145 12
9 122
88 47
103 36
503 228
65 68
72 61
471 196
257 8
463 188
111 32
99 40
506 231
254 7
303 32
13 118
85 50
11 120
446 171
409 134
47 84
504 229
14 117
406 131
149 10
67 66
60 73
508 233
301 30
73 60
311 38
473 198
121 24
314 41
241 4
286 21
326 51
260 11
12 119
367 92
251 6
90 45
282 17
61 72
501 226
467 192
384 109
91 44
394 119
285 20
89 46
371 96
304 33
106 35
293 24
81 54
271 14
344 69
469 194
352 77
460 185
449 176
50 81
494 219
369 94
475 200
123 24
156 11
310 37
360 85
505 230
497 222
368 93
416 141
453 178
93 42
246 5
485 210
500 225
237 2
345 70
315 42
461 186
147 12
10 121
151 12
379 104
425 150
337 62
87 50
76 57
104 35
126 23
410 135
350 79
441 166
266 11
499 224
335 60
64 69
236 1
97 40
136 19
49 82
360 87
0 131
40 91
15 116
82 53
377 102
179 0
491 216
138 17
135 18
364 89
58 75
421 146
448 175
353 78
397 122
507 232
319 46
170 7
509 234
6 127
36 95
449 174
307 36
26 105
486 211
383 108
66 67
162 11
21 112
117 26
105 34
431 156
498 223
168 9
426 151
468 193
370 95
477 202
16 115
373 98
155 10
357 82
464 189
43 88
351 78
336 61
297 28
443 168
295 26
275 14
77 56
27 106
341 66
148 11
84 51
479 204
265 10
268 13
434 159
17 114
405 130
332 57
376 101
354 79
324 49
408 133
264 11
387 112
35 96
440 167
270 13
137 18
59 74
422 147
139 16
174 5
258 9
343 68
244 3
253 8
277 14
171 6
291 22
68 65
492 217
1 130
415 140
413 138
262 11
160 11
153 12
472 197
261 10
144 11
356 81
19 112
20 111
333 58
428 153
75 58
327 54
445 170
33 98
323 48
281 16
118 25
363 88
481 206
386 111
4 127
334 59
327 52
119 24
459 184
359 84
165 12
27 104
306 35
263 12
25 106
433 158
351 76
127 22
292 23
378 103
279 14
169 8
29 102
478 203
154 11
411 136
124 23
403 128
274 13
476 201
322 49
101 38
172 5
46 85
62 71
130 21
6 125
45 86
316 43
496 221
109 34
32 99
152 11
325 50
7 124
365 90
166 11
362 87
100 39
252 7
5 126
86 49
396 121
358 83
435 160
391 116
110 33
146 13
240 3
142 13
8 123
398 123
63 70
454 179
400 125
510 235
18 113
456 181
150 11
114 29
480 205
340 65
243 4
71 62
245 4
247 4
294 25
23 108
116 27
480 206
322 50
94 42
127 23
383 109
180 0
123 25
414 140
44 88
433 159
393 119
407 133
160 12
326 54
497 223
106 36
165 13
270 14
66 68
253 9
434 160
90 46
161 11
415 141
507 233
361 87
404 130
82 54
324 50
477 203
498 224
254 8
365 91
112 32
469 195
170 8
154 12
237 3
384 110
236 2
48 84
12 120
108 36
252 8
483 209
400 126
376 102
343 69
484 210
473 199
143 13
268 14
28 104
362 88
311 39
40 92
174 6
428 154
130 22
18 114
35 97
179 1
488 214
91 45
504 230
71 63
293 25
456 182
336 62
349 75
387 113
446 172
238 2
77 57
29 103
89 47
242 4
247 5
149 11
171 7
356 82
460 186
119 25
335 61
366 92
118 26
16 116
301 31
145 13
499 225
239 3
368 94
389 115
73 61
340 66
280 16
277 15
386 112
8 124
261 11
482 208
426 152
403 129
503 229
264 12
109 35
396 122
478 204
97 41
468 194
63 71
510 236
39 93
20 112
298 30
472 198
481 207
141 15
355 81
338 64
24 108
418 144
240 4
458 184
1 131
116 28
489 215
75 59
267 13
265 11
271 15
435 161
357 83
432 162
6 126
397 123
350 78
419 145
341 67
9 125
508 234
314 42
374 100
496 222
323 49
169 9
337 63
344 70
99 41
378 104
25 107
166 12
257 9
59 75
448 174
151 13
490 216
107 37
421 147
294 26
64 70
467 193
325 51
394 120
353 79
33 99
381 107
274 14
465 191
350 76
164 14
318 46
81 55
26 106
320 48
459 185
76 58
284 20
334 60
69 65
10 122
379 105
45 87
102 40
409 135
51 81
117 27
359 85
505 231
135 19
316 44
49 83
449 177
360 86
305 35
427 153
432 158
509 235
402 128
282 18
466 192
100 40
88 48
42 90
371 97
67 67
4 128
363 89
0 132
317 45
258 10
115 29
364 90
121 25
72 62
493 219
279 15
372 98
453 179
494 220
416 142
172 6
462 188
406 132
235 1
98 40
124 24
491 217
310 38
306 36
471 197
163 13
304 34
147 13
96 40
87 51
442 168
41 91
244 4
345 71
452 178
445 171
278 14
411 137
104 36
401 127
332 58
425 151
348 74
243 5
47 85
454 180
36 96
110 34
19 113
74 60
275 15
367 93
474 200
103 37
502 228
88 50
382 108
302 32
450 176
138 18
291 23
241 5
351 77
139 17
412 138
262 12
358 84
102 38
260 12
501 227
495 221
296 28
13 119
245 5
50 82
155 11
385 111
126 24
150 12
485 211
34 98
375 101
148 12
384 112
46 86
431 157
1 133
447 173
441 167
476 202
370 96
422 148
156 12
390 116
136 20
87 49
85 51
331 57
105 35
321 51
470 196
58 76
162 12
144 12
68 66
263 13
479 205
457 183
2 130
43 89
286 22
327 53
250 6
463 189
500 228
388 114
62 72
30 102
359 87
destination
