map
random512-10-5.map
pivot
265 505
agent & start
416 56
30 140
469 109
470 110
468 108
400 40
10 160
162 8
471 111
65 105
424 64
417 57
156 14
477 117
446 86
160 10
31 139
71 99
413 53
2 168
170 0
425 65
22 148
389 29
138 32
363 3
502 142
45 125
11 159
368 8
126 44
147 23
403 43
67 103
404 44
110 60
409 49
64 106
130 40
66 104
49 121
466 106
168 2
26 144
435 75
82 88
495 135
386 26
390 30
41 129
167 3
91 79
164 6
420 60
382 22
108 62
117 53
109 61
485 125
29 141
397 37
105 65
70 100
25 145
53 117
153 17
6 164
367 7
89 81
37 133
94 76
87 83
385 25
503 143
361 1
394 34
119 51
486 126
391 31
440 80
451 91
55 115
115 55
15 155
24 146
483 123
47 123
27 143
419 59
145 25
496 136
50 120
381 21
9 161
155 15
169 1
95 75
101 69
158 12
450 90
28 142
493 133
148 22
476 116
402 42
165 5
75 95
84 86
122 48
43 127
501 141
398 38
33 137
377 17
373 13
383 23
44 126
505 145
62 108
79 91
73 97
111 59
430 70
380 20
157 13
143 27
414 54
134 36
421 61
482 122
481 121
399 39
426 66
92 78
460 100
12 158
427 67
166 4
378 18
104 66
448 88
63 107
491 131
431 71
51 119
46 124
59 111
52 118
365 5
128 42
392 32
112 58
510 150
34 136
429 69
405 45
35 135
371 11
462 102
154 16
144 26
492 132
131 39
23 147
114 56
3 167
106 64
372 12
360 0
509 149
7 163
457 97
395 35
434 74
97 73
444 84
376 16
452 92
494 134
42 128
437 77
500 140
77 93
136 34
406 46
393 33
467 107
364 4
61 109
69 101
150 20
48 122
151 19
163 7
508 148
68 102
474 114
140 30
107 63
411 51
422 62
16 154
480 120
387 27
58 112
401 41
442 82
433 73
449 89
511 151
72 98
90 80
366 6
74 96
146 24
475 115
497 137
93 77
57 113
99 71
432 72
60 110
149 21
32 138
454 94
103 67
88 82
129 41
81 89
161 9
388 28
19 151
382 24
461 101
1 169
455 95
428 68
379 19
135 35
370 10
396 36
458 98
438 78
127 43
121 49
159 11
504 144
481 123
54 116
445 85
439 79
21 149
141 29
17 153
123 47
499 139
464 104
18 152
5 165
443 83
132 38
374 14
13 157
36 134
133 37
453 93
415 55
506 146
124 46
447 87
125 45
118 52
436 76
85 85
76 94
478 118
456 96
4 166
98 72
488 128
80 90
366 7
415 56
108 63
110 61
425 66
478 119
17 154
81 90
160 11
96 75
122 49
98 73
57 114
73 98
134 37
469 110
503 144
59 112
139 32
434 75
131 40
479 120
492 133
95 76
410 51
150 21
370 11
481 124
77 94
381 22
369 10
445 86
28 143
441 82
106 65
63 108
99 72
90 81
400 41
418 59
37 134
113 58
21 150
137 34
413 54
393 34
29 142
461 102
471 112
375 16
82 89
504 145
435 76
396 37
84 87
27 144
448 89
38 133
457 98
443 84
141 30
433 74
85 86
130 41
373 14
53 118
501 142
91 80
460 101
450 91
409 50
489 130
399 40
466 107
394 35
50 121
144 27
120 51
126 45
31 140
83 88
383 24
451 92
496 137
162 9
168 3
129 42
132 39
480 121
482 123
397 38
112 59
449 90
507 148
388 29
2 169
154 17
152 19
80 91
71 100
387 28
105 66
408 49
55 116
476 117
462 103
398 39
468 109
13 158
9 162
14 157
377 18
361 2
456 97
499 140
401 42
115 56
157 14
365 6
11 160
391 32
76 95
390 31
404 45
143 28
72 99
407 48
149 22
136 35
88 83
465 106
505 146
363 4
439 80
25 146
422 63
416 57
56 115
124 47
52 119
100 71
92 79
378 19
491 132
446 87
447 88
41 130
79 92
89 82
165 6
474 115
6 165
431 72
16 155
135 36
35 136
453 94
15 156
402 43
385 26
151 20
114 57
511 152
111 60
145 26
147 24
93 78
497 138
64 107
39 132
477 118
68 103
426 67
372 13
428 69
170 1
362 3
133 38
506 147
69 102
494 135
452 93
500 141
424 65
432 73
30 141
109 62
493 134
20 151
159 12
171 0
419 60
42 129
121 50
4 167
459 100
406 47
167 4
75 96
146 25
430 71
34 137
502 143
117 54
379 20
155 16
488 129
18 153
437 78
455 96
485 126
45 126
508 149
101 70
66 105
24 147
104 67
48 123
463 104
166 5
486 127
420 61
414 55
74 97
472 113
128 43
65 106
367 8
403 44
510 151
161 10
22 149
411 52
380 21
54 117
138 33
153 18
70 101
7 164
12 159
364 5
46 125
484 125
467 108
421 62
97 74
498 139
51 120
487 128
40 131
60 111
442 83
67 104
495 136
368 9
156 15
384 25
158 13
359 0
470 111
103 68
423 64
142 29
3 168
43 128
33 138
429 70
62 109
119 52
5 166
140 31
464 105
107 64
148 23
1 170
164 7
436 77
438 79
47 124
61 110
23 148
454 95
412 53
490 131
8 163
430 72
153 19
150 22
143 29
71 101
42 130
493 135
112 60
68 104
47 125
489 131
396 38
40 132
462 104
149 23
469 111
503 145
80 92
453 95
11 161
103 69
162 10
497 139
490 132
494 136
163 9
444 86
170 2
118 54
125 47
69 103
116 56
91 81
139 33
456 98
448 90
135 37
167 5
507 149
7 165
18 154
431 75
13 159
369 11
36 136
52 120
407 49
377 19
25 147
19 153
482 124
76 96
144 28
425 67
155 17
14 158
388 30
140 32
21 151
30 142
365 7
405 47
83 89
104 68
20 152
51 121
389 31
158 14
428 70
172 0
501 143
99 73
92 80
97 75
127 45
37 135
446 88
70 102
509 151
67 105
113 59
385 27
378 20
55 117
467 109
452 94
488 130
403 45
132 40
447 89
368 10
0 172
383 25
511 153
457 99
152 20
486 128
483 125
120 52
34 138
164 8
415 57
102 70
390 32
93 79
409 51
496 138
39 133
438 80
4 168
8 164
464 106
117 55
436 78
437 79
449 91
123 49
431 73
393 35
398 40
46 126
146 26
136 36
359 1
413 55
364 6
145 27
443 85
404 46
421 63
44 128
424 66
479 121
78 94
38 134
473 115
402 44
115 57
106 66
88 84
59 113
63 109
131 41
53 119
15 157
492 134
159 13
128 44
499 141
108 64
392 34
471 113
394 36
73 99
465 107
484 126
74 98
463 105
387 29
85 87
412 54
60 112
31 141
64 108
410 52
427 69
35 137
502 144
56 116
373 15
57 115
458 100
126 46
77 95
133 39
411 53
459 101
478 120
121 51
23 149
94 78
107 65
406 48
435 77
420 62
61 111
75 97
487 129
72 100
414 56
386 28
24 148
41 131
12 160
498 140
358 0
134 38
508 150
374 16
161 11
376 18
510 152
65 107
29 143
89 83
90 82
109 63
96 76
148 24
151 21
157 15
48 124
367 9
445 87
166 6
142 30
45 127
429 71
372 14
156 16
362 4
6 166
454 96
426 68
62 110
79 93
98 74
440 82
168 4
495 137
141 31
82 90
479 125
451 93
130 42
171 1
442 84
504 146
9 163
380 22
110 62
470 112
439 81
2 170
481 125
137 35
361 3
49 123
441 83
472 114
360 2
400 42
416 58
17 155
375 17
1 171
119 53
477 119
26 146
66 106
28 144
129 43
5 167
160 12
500 142
397 39
27 145
169 3
485 127
460 102
122 50
363 5
16 156
434 76
33 139
54 118
450 92
433 75
455 97
391 33
422 64
506 148
418 60
147 25
100 72
84 88
379 21
165 7
105 67
423 65
476 118
114 58
138 34
395 37
124 48
474 116
76 97
497 140
85 88
462 105
469 112
442 85
95 78
505 148
165 8
106 67
19 154
386 29
117 56
109 64
444 87
447 90
413 56
459 102
467 110
156 17
122 51
401 44
385 28
82 91
500 143
405 48
47 126
390 33
463 106
25 148
84 89
402 45
131 42
48 125
57 116
479 124
153 20
46 127
451 94
154 19
113 60
139 34
112 61
503 146
64 109
7 166
56 117
14 159
506 149
498 141
24 149
508 151
372 15
422 65
375 18
91 82
31 142
416 59
429 72
101 72
371 14
167 6
473 116
155 18
376 19
163 10
116 57
70 103
166 7
90 83
28 145
130 43
445 88
105 68
108 65
128 45
367 10
446 89
499 142
496 139
12 161
374 17
13 160
433 76
79 94
60 113
118 55
406 49
380 23
16 157
417 60
492 135
160 13
29 144
479 122
149 24
379 22
365 8
142 31
98 75
110 63
66 107
141 32
482 125
152 21
38 135
80 93
426 69
397 40
17 156
362 5
489 132
173 0
62 111
26 147
509 152
78 95
134 39
93 80
146 27
162 11
436 79
478 121
432 75
140 33
87 86
407 50
33 140
439 82
458 101
81 92
485 128
450 93
65 108
68 105
6 167
452 95
403 46
92 81
54 119
55 118
121 52
474 117
3 170
487 130
419 62
164 9
172 1
507 150
42 131
147 26
89 84
418 61
61 112
387 30
104 69
449 92
71 102
157 16
41 132
409 52
398 41
30 143
421 64
480 125
100 73
151 22
1 172
466 109
414 57
493 136
358 1
22 151
11 162
510 153
159 14
132 41
111 62
369 12
440 83
504 147
415 58
59 114
148 25
435 78
20 153
171 2
23 150
370 13
404 47
477 120
51 122
430 73
119 54
135 38
434 77
115 58
457 100
484 127
363 6
75 98
145 28
43 130
120 53
10 163
126 47
74 99
138 35
103 70
83 90
161 12
453 96
361 4
479 126
97 76
511 154
21 152
431 76
454 97
67 106
88 85
107 66
399 42
2 171
488 131
53 120
39 134
460 103
391 34
400 43
448 91
461 104
35 138
144 29
495 138
27 146
77 96
15 158
368 11
464 107
411 54
86 87
127 46
34 139
50 123
395 38
32 141
168 5
384 27
72 101
143 30
438 81
63 110
133 40
420 63
4 169
158 15
125 48
471 114
443 86
431 74
425 68
475 118
170 3
392 35
102 71
37 136
494 137
124 49
18 155
470 113
393 36
388 31
0 173
441 84
114 59
36 137
44 129
49 124
423 66
383 26
428 71
491 134
96 77
73 100
40 133
502 145
476 119
99 74
137 36
52 121
360 3
364 7
378 21
69 104
455 98
5 168
9 164
410 53
477 121
163 11
50 124
499 143
81 93
146 28
480 126
17 157
80 94
16 158
458 102
167 7
158 16
423 67
13 161
29 145
95 79
1 173
358 2
417 61
111 63
385 29
426 70
437 81
41 133
2 172
476 120
117 57
96 78
77 97
35 139
159 15
497 141
374 18
380 24
121 53
434 78
389 33
98 76
108 66
105 69
162 12
28 146
164 10
409 53
462 106
372 16
495 141
138 36
404 48
357 1
171 3
26 148
487 131
32 142
420 64
407 51
71 103
461 105
473 117
126 48
152 22
498 142
492 136
112 62
472 116
68 106
149 25
391 35
106 68
442 86
118 56
62 112
419 63
422 66
454 98
412 56
170 4
130 44
161 13
93 81
67 107
113 61
70 104
464 108
49 125
109 65
418 62
168 6
134 40
11 163
72 102
424 68
100 74
390 34
174 0
25 149
436 80
122 52
455 99
430 74
46 128
154 20
494 138
89 85
61 113
471 115
115 59
92 82
443 87
491 135
369 13
392 36
378 22
370 14
43 131
383 27
506 150
124 50
396 40
393 37
48 126
53 121
356 0
39 135
85 89
103 71
153 21
10 164
120 54
173 1
88 86
386 30
364 8
24 150
148 26
44 130
83 91
447 91
478 122
381 25
136 38
151 23
425 69
363 7
414 58
388 32
119 55
405 49
466 110
144 30
150 24
402 46
90 84
47 127
501 145
54 120
101 73
493 137
411 55
166 8
408 52
507 151
457 101
65 109
485 129
3 171
74 100
139 35
406 50
456 100
7 167
4 170
165 9
375 19
82 92
397 41
114 60
84 90
483 127
486 130
433 77
440 84
400 44
365 9
37 137
19 155
475 119
387 31
448 92
460 104
505 149
395 39
429 73
58 116
362 6
116 58
361 5
428 72
427 71
463 107
18 156
40 134
45 129
470 114
366 10
504 148
27 147
449 93
78 96
69 105
87 87
446 90
169 5
86 88
20 154
503 147
147 27
459 103
36 138
484 128
500 144
75 99
469 113
30 144
102 72
57 117
399 43
384 28
76 98
468 112
59 115
15 159
488 132
360 4
445 89
63 111
495 139
489 133
371 15
91 83
123 51
465 109
22 152
14 160
450 94
490 134
376 20
137 37
145 29
435 79
34 140
403 47
439 83
127 47
502 146
474 118
140 34
394 38
377 21
155 19
172 2
452 96
97 77
510 154
482 126
444 88
156 18
131 43
160 14
60 114
9 165
129 45
132 42
56 118
511 155
104 70
379 23
133 41
368 12
142 32
478 124
441 85
157 17
42 132
51 123
496 140
438 82
410 54
6 168
94 80
432 76
55 119
509 153
0 174
99 75
416 60
421 65
33 141
373 17
66 108
415 59
12 162
0 175
85 90
357 2
49 126
82 93
457 102
448 93
486 131
115 60
142 33
388 33
377 22
47 128
433 78
96 79
16 159
502 147
402 47
155 20
455 100
423 68
495 142
429 74
66 109
494 139
19 156
425 70
386 31
424 69
454 99
2 173
162 13
363 8
71 104
458 103
84 91
8 167
12 163
366 11
451 96
392 37
99 76
123 52
442 87
62 113
379 24
436 81
165 10
417 62
473 118
113 62
471 116
171 4
20 155
104 71
126 49
403 48
394 39
358 3
141 34
124 51
88 87
450 95
41 134
70 105
59 116
3 172
445 90
103 72
43 132
509 154
390 35
81 94
491 136
75 100
489 134
443 88
14 161
31 144
108 67
136 39
150 25
100 75
504 149
5 170
94 81
35 140
462 107
501 146
161 14
404 49
132 43
91 84
507 152
54 121
133 42
156 19
40 135
44 131
77 98
401 46
23 152
101 74
382 27
441 86
469 114
416 61
154 21
468 113
364 9
51 124
378 23
467 112
420 65
4 171
510 155
39 136
384 29
472 117
63 112
119 56
478 123
72 103
163 12
33 142
145 30
387 32
98 77
15 160
464 109
414 59
87 88
356 1
359 4
371 16
410 55
118 57
422 67
57 118
434 79
413 58
27 148
393 38
114 61
411 56
368 13
435 80
496 141
56 119
106 69
147 28
48 127
421 66
60 115
466 111
107 68
483 128
490 135
68 107
499 144
111 64
135 40
419 64
164 11
475 120
398 43
495 140
494 143
18 157
415 60
153 22
28 147
477 124
446 91
508 153
25 150
375 20
45 130
405 50
389 34
95 80
167 8
465 110
110 65
10 165
374 19
453 98
152 23
166 9
1 174
116 59
32 143
438 83
112 63
61 114
456 101
432 77
17 158
109 66
511 156
148 27
369 14
9 166
493 138
381 26
391 36
365 10
30 145
138 37
370 15
385 30
463 108
90 85
168 7
460 105
428 73
76 99
361 6
55 120
476 121
427 72
97 78
412 57
407 52
130 45
492 137
29 146
170 5
376 21
36 139
134 41
137 38
92 83
437 82
67 108
400 45
64 111
37 138
406 51
396 41
129 46
46 129
380 25
80 95
461 106
426 71
26 149
7 168
484 129
38 137
79 96
440 85
500 145
65 110
89 86
122 53
42 133
144 31
117 58
159 16
488 133
21 154
174 1
11 164
506 151
482 127
73 102
480 127
140 35
173 2
93 82
505 150
470 115
175 0
157 18
74 101
355 0
151 24
372 17
24 151
503 148
34 141
362 7
127 48
395 40
22 153
105 70
86 89
474 119
444 89
409 54
121 54
383 28
158 17
52 123
149 26
497 142
172 3
117 59
46 130
472 118
22 154
79 97
116 60
379 25
365 11
488 134
20 156
452 98
444 90
85 91
92 84
153 23
13 163
88 88
99 77
125 51
80 96
360 6
121 55
491 137
146 30
494 142
424 70
35 141
405 51
145 31
471 117
401 47
476 122
382 28
59 117
408 54
468 114
175 1
142 34
499 145
403 49
356 2
501 147
503 149
394 40
11 165
78 98
140 36
69 107
411 57
392 38
154 22
172 4
161 15
407 53
58 118
120 56
130 46
82 94
111 65
458 104
28 148
39 137
507 153
459 105
148 28
5 171
104 72
159 17
465 111
141 35
122 54
387 33
376 22
385 31
47 129
383 29
176 0
18 158
435 81
96 80
454 100
55 121
391 37
359 5
483 129
166 10
486 132
132 44
83 93
409 55
496 142
32 144
354 0
441 87
446 92
497 143
0 176
449 95
87 89
481 127
426 72
1 175
112 64
8 168
77 99
493 143
361 7
98 78
439 85
373 19
131 45
114 62
156 20
126 50
4 172
160 16
136 40
97 79
135 41
494 140
134 42
113 63
410 56
108 68
60 116
158 18
380 26
25 151
164 12
94 82
484 130
50 126
453 99
412 58
54 122
462 108
110 66
65 111
460 106
362 8
390 36
36 140
133 43
475 121
107 69
372 18
43 133
170 6
68 108
442 88
404 50
395 41
511 157
150 26
115 61
42 134
34 142
56 120
105 71
487 133
398 44
402 48
19 157
375 21
24 152
384 30
400 46
118 58
151 25
437 83
423 69
428 74
467 113
103 73
364 10
451 97
48 128
2 174
72 104
63 113
388 34
124 52
455 101
147 29
370 16
45 131
152 24
70 106
490 136
440 86
389 35
500 146
53 123
396 42
413 59
368 14
119 57
129 47
377 23
381 27
75 101
31 145
128 48
414 60
101 75
15 161
374 20
62 114
21 155
76 100
470 116
74 102
477 123
167 9
127 49
466 112
463 109
464 110
492 138
157 19
420 66
81 95
149 27
6 170
480 128
355 1
12 164
417 63
86 90
461 107
84 92
502 148
436 82
40 136
482 128
450 96
144 32
29 147
33 143
510 156
457 103
363 9
358 4
508 154
427 73
498 144
93 83
386 32
489 135
100 76
504 150
7 169
433 79
138 38
493 139
51 125
27 149
71 105
369 15
17 159
432 78
89 87
41 135
3 173
422 68
438 84
155 21
26 150
64 112
14 162
416 62
448 94
162 14
418 64
67 109
474 120
9 167
357 3
109 67
37 139
419 65
445 91
16 160
57 119
366 12
367 13
371 17
52 124
38 138
505 151
61 115
169 7
469 115
415 61
168 8
10 166
429 75
485 131
73 103
66 110
90 86
173 3
409 56
486 133
483 130
419 66
451 98
394 41
83 94
405 52
170 7
140 37
64 113
53 124
427 74
428 75
429 76
34 143
395 42
119 58
379 26
5 172
69 108
142 35
366 13
127 50
407 54
122 55
27 150
417 64
128 49
473 120
129 48
116 61
136 41
174 3
150 27
19 158
416 63
29 148
378 25
485 132
125 52
113 64
46 131
35 142
36 141
59 118
362 9
78 99
399 46
166 11
462 109
507 154
397 44
56 121
147 30
52 125
162 15
460 107
425 72
11 166
10 167
41 136
450 97
168 9
465 112
474 121
400 47
102 75
413 60
44 133
411 58
144 33
458 105
488 135
9 168
373 20
137 40
381 28
173 4
47 130
401 48
148 29
100 77
430 77
108 69
159 18
391 38
365 12
97 80
49 128
4 173
482 129
67 110
110 67
39 138
466 113
403 50
377 24
155 22
357 4
433 80
26 151
505 152
17 160
111 66
118 61
48 129
490 137
423 70
424 71
386 33
383 30
101 76
60 117
493 140
372 19
70 107
364 11
404 51
14 163
87 90
13 164
99 78
124 53
121 56
502 149
449 96
452 99
158 19
37 140
139 38
165 12
368 15
443 90
92 85
50 127
82 95
172 5
117 60
8 169
439 86
456 103
510 157
68 109
469 116
43 134
393 40
369 16
354 1
448 95
15 162
457 104
406 53
33 144
24 153
453 100
436 83
388 35
385 32
412 59
120 57
77 100
163 14
7 170
40 137
0 177
21 156
6 171
109 68
16 161
496 143
132 45
164 13
376 23
61 116
501 148
440 87
42 135
492 139
145 32
154 23
503 150
96 81
106 71
444 91
455 102
475 122
63 114
418 65
79 98
97 82
157 20
438 85
434 81
177 0
442 89
135 42
20 157
12 165
176 1
151 26
464 111
481 128
435 82
149 28
95 82
353 0
22 155
387 34
25 152
420 67
134 43
90 87
437 84
103 74
476 123
422 69
398 45
115 62
126 51
504 151
360 7
446 93
498 145
487 134
356 3
484 131
447 94
93 84
23 154
28 149
493 142
143 34
371 18
54 123
133 44
131 46
500 147
367 14
66 111
161 16
370 17
489 136
76 101
62 115
361 8
499 146
380 27
57 120
98 79
152 25
156 21
445 92
374 21
431 78
160 17
73 104
375 22
468 115
472 119
80 97
415 62
509 156
71 106
51 126
491 138
81 96
38 139
169 8
86 91
130 47
506 153
355 2
141 36
408 55
138 39
402 49
2 175
91 86
463 110
153 24
32 145
511 158
104 73
58 119
392 39
167 10
89 88
389 36
30 147
85 92
471 118
359 6
75 102
470 117
461 108
366 14
361 9
465 113
370 18
457 105
461 111
425 73
382 30
357 5
492 140
393 41
410 58
434 82
149 29
467 115
42 136
47 131
436 84
5 173
11 167
372 20
170 8
483 131
86 92
30 148
453 101
488 136
403 51
511 159
397 45
432 80
147 31
422 70
62 116
416 64
509 157
433 81
49 129
362 10
379 27
174 4
9 169
438 86
374 22
93 85
121 57
429 77
388 36
139 39
106 72
48 130
427 75
83 95
420 68
431 79
94 84
411 59
482 130
506 154
464 112
10 168
118 60
17 161
484 132
78 100
399 47
150 28
28 150
373 21
154 24
88 90
487 135
171 7
497 145
504 152
401 49
452 100
103 75
130 48
64 114
128 50
454 102
119 59
165 13
43 135
85 93
111 67
417 65
460 108
20 158
2 176
50 128
501 149
412 60
117 61
134 44
168 10
474 122
473 121
51 127
446 94
133 45
116 62
101 77
31 147
409 57
447 95
502 150
122 56
129 49
66 112
131 47
381 29
444 92
39 139
137 41
153 25
77 101
369 17
470 118
472 120
159 19
162 16
458 106
44 134
132 46
98 82
24 154
386 34
396 44
510 158
27 151
38 140
176 2
421 69
109 69
80 98
15 163
424 72
95 83
491 139
368 16
166 12
19 159
23 155
405 53
100 78
138 40
41 137
108 70
160 18
112 66
505 153
177 1
445 93
16 162
360 8
443 91
136 42
437 85
53 125
99 79
52 126
74 104
161 17
45 133
354 2
1 177
358 6
441 89
376 24
40 138
60 118
356 4
4 174
73 105
120 58
22 156
32 146
65 113
127 51
35 143
375 23
456 104
123 55
455 103
352 0
107 71
8 170
84 94
140 38
430 78
363 11
26 152
353 1
172 6
152 26
29 149
448 96
55 123
145 33
364 12
13 165
167 11
394 42
499 147
450 98
118 62
486 134
56 122
377 25
3 175
12 166
91 87
490 138
468 116
59 119
157 21
439 87
164 14
58 120
126 52
169 9
125 53
0 178
391 39
92 86
6 172
72 106
115 63
481 129
54 124
82 96
449 97
475 123
148 30
387 35
89 89
75 103
135 43
114 64
498 146
57 121
390 38
79 99
398 46
459 107
383 31
489 137
500 148
451 99
414 62
87 91
71 107
423 71
175 3
156 22
150 30
384 32
400 48
496 144
426 74
385 33
36 142
173 5
25 153
146 32
67 111
142 36
14 164
419 67
144 34
493 141
141 37
81 97
124 54
485 133
70 108
18 160
110 68
61 117
68 110
404 52
98 80
102 76
440 88
37 141
355 3
392 40
413 61
371 19
492 142
359 7
34 144
462 110
97 81
461 109
380 28
435 83
90 88
471 119
155 23
104 74
158 20
407 55
442 90
365 13
7 171
487 136
471 120
88 91
412 61
63 116
13 168
66 113
386 35
475 124
164 15
145 34
452 101
73 106
51 128
152 27
57 122
140 39
419 68
427 76
127 52
106 73
26 153
83 96
100 79
364 13
442 91
448 97
61 118
177 2
423 72
420 69
414 63
155 24
6 173
10 169
85 94
390 39
18 161
492 141
422 71
357 8
507 156
30 149
110 69
453 104
142 37
0 183
491 140
477 126
413 62
410 59
9 170
111 68
418 67
131 48
455 104
159 20
143 36
92 87
86 93
137 42
508 157
103 76
401 50
437 88
56 123
8 171
38 141
148 31
28 151
351 0
70 109
437 86
60 119
81 98
417 66
381 30
39 140
146 33
393 42
378 27
509 158
397 46
369 18
150 29
84 95
77 102
108 71
136 43
99 80
385 34
40 139
133 46
23 156
22 157
174 5
119 60
65 114
80 99
134 45
461 110
71 108
89 90
391 40
123 56
399 48
501 150
411 60
506 155
481 130
46 133
82 97
360 9
359 8
74 105
394 43
161 18
45 134
122 57
362 11
162 17
462 111
371 20
167 12
79 100
33 146
370 19
69 110
117 62
434 83
49 130
50 129
405 54
380 29
468 117
156 23
439 88
451 100
368 17
497 146
361 10
42 137
431 80
31 148
472 121
48 131
128 51
144 35
115 64
450 99
35 144
24 155
47 132
482 131
109 70
366 15
398 47
445 94
384 33
13 166
396 45
449 98
112 67
409 58
352 1
139 40
130 49
374 23
160 19
93 86
171 8
436 85
444 93
453 102
454 103
95 84
170 9
52 127
16 163
158 21
21 158
375 24
58 121
64 115
402 51
488 137
87 92
114 65
163 16
121 58
490 139
474 123
11 168
429 78
458 107
141 38
1 178
129 50
446 95
94 85
72 107
441 90
62 117
172 9
124 55
98 81
102 77
25 154
498 147
502 151
34 145
44 135
400 49
36 143
438 87
172 7
132 47
406 55
504 153
151 28
425 74
387 36
19 160
470 119
32 147
78 101
67 112
469 118
392 41
485 134
464 113
20 159
510 159
457 106
30 151
17 162
499 148
426 75
456 105
367 16
388 37
372 21
505 154
175 4
59 120
99 82
15 164
125 54
54 125
478 127
138 41
404 53
443 92
5 174
157 22
407 56
113 66
383 32
495 144
432 81
154 25
3 176
503 152
68 111
165 14
135 44
75 104
354 3
357 6
55 124
41 138
430 79
53 126
379 28
484 133
408 57
421 70
377 26
356 5
147 32
176 3
7 172
382 31
489 138
76 103
90 89
473 122
0 179
424 73
395 44
169 10
447 96
4 175
433 82
511 160
373 22
355 4
496 145
428 77
467 116
96 83
459 108
105 74
126 53
153 26
416 65
149 30
104 75
14 165
415 64
107 72
440 89
403 52
404 54
102 78
137 43
71 109
81 99
89 91
42 138
126 56
469 119
78 102
151 29
375 25
39 141
64 116
44 136
379 29
456 106
164 16
160 20
84 96
430 80
381 31
483 133
54 126
440 90
147 33
474 124
451 101
176 4
83 97
369 19
406 56
476 126
155 25
473 123
353 3
51 129
24 156
168 12
463 113
95 85
141 39
179 1
15 165
104 76
91 89
455 105
450 100
68 112
412 62
138 42
12 168
14 168
496 146
465 115
4 176
358 8
146 34
59 121
380 30
66 114
26 154
457 107
390 40
70 110
172 8
470 120
22 158
16 164
110 70
394 44
433 83
11 169
144 36
491 141
445 95
167 13
88 92
453 103
471 121
140 40
73 107
28 152
166 14
121 59
416 66
422 72
120 60
27 153
498 148
482 132
3 177
446 96
448 98
443 93
7 173
96 84
57 123
508 158
35 145
31 149
432 82
489 139
509 159
109 71
0 180
472 122
401 51
501 151
133 47
435 85
48 132
374 24
452 102
413 63
436 86
93 87
475 125
503 153
490 140
467 117
128 52
100 80
505 155
79 101
116 64
171 9
502 152
18 162
2 178
105 75
429 79
123 57
143 37
423 73
410 60
437 87
415 65
157 23
170 10
175 5
0 182
352 2
69 111
153 27
29 151
417 67
458 108
426 76
115 65
420 70
31 151
165 15
393 43
392 42
106 74
403 53
19 161
30 150
480 130
41 139
479 129
139 41
478 128
351 1
8 172
173 7
125 55
60 120
387 37
424 74
21 159
511 161
177 3
37 143
418 68
169 11
72 108
13 169
129 51
86 94
477 127
500 150
510 160
10 170
111 69
9 171
507 157
126 54
504 154
180 0
108 72
53 127
94 86
58 122
361 11
499 149
124 56
25 155
373 23
1 179
149 31
384 34
354 4
17 163
6 174
134 46
486 136
357 7
1 183
163 17
33 147
400 50
136 44
481 131
370 20
36 144
365 15
442 92
135 45
148 32
355 5
388 38
391 41
117 63
366 16
371 21
62 118
52 128
112 68
63 117
350 0
495 145
431 81
131 49
425 75
399 49
46 134
156 24
396 46
85 95
397 47
363 13
395 45
389 39
130 50
459 109
159 21
429 81
368 18
67 113
377 27
77 103
408 58
55 125
359 9
386 36
497 147
161 19
409 59
488 138
434 84
439 89
438 88
75 105
441 91
49 131
402 52
92 88
421 71
152 28
114 66
145 35
99 81
113 67
90 90
427 77
454 104
127 53
122 58
14 166
32 148
506 156
484 134
462 112
428 78
20 160
378 28
468 118
80 100
466 116
5 175
61 119
383 33
38 142
376 26
411 61
50 130
158 22
76 104
447 97
162 18
405 55
178 2
414 64
444 94
364 14
13 167
419 69
487 137
464 114
132 48
154 26
362 12
87 93
372 22
460 110
382 32
476 127
66 115
388 39
130 51
495 146
116 65
97 84
364 15
472 123
74 107
449 100
386 37
125 56
128 53
78 103
381 32
87 94
509 160
72 109
154 27
120 61
374 25
33 148
136 45
181 0
396 49
500 151
58 123
64 117
82 99
94 87
457 108
47 134
349 0
140 41
502 153
470 121
52 129
429 80
489 140
121 60
103 78
442 93
93 88
92 89
161 20
142 39
61 120
446 97
378 29
350 1
467 118
60 121
414 65
105 76
153 28
9 172
392 43
463 114
459 110
71 110
366 17
18 163
24 157
41 142
166 15
474 125
439 90
434 85
425 76
179 2
443 94
390 41
144 37
158 23
504 155
355 6
488 139
169 12
41 140
46 135
406 57
426 77
368 19
487 138
23 158
391 42
117 64
40 141
176 5
170 11
2 179
485 136
367 18
402 53
26 155
147 34
351 2
1 182
505 156
384 35
69 112
38 143
3 178
149 32
423 74
482 133
398 49
57 124
490 141
412 63
10 171
20 161
418 69
108 73
42 139
28 153
499 150
54 127
479 130
173 8
400 51
354 5
51 130
113 68
174 7
478 129
171 10
109 72
444 95
395 46
165 16
55 126
96 85
101 80
447 98
11 170
162 19
360 11
379 30
475 126
31 150
410 61
469 120
468 119
498 149
49 132
21 160
486 137
365 16
452 103
477 130
484 135
417 68
458 109
359 10
432 83
373 24
83 98
45 136
155 26
6 175
396 47
134 47
0 181
438 89
422 73
409 60
112 69
32 149
404 55
363 14
163 18
152 29
12 169
159 22
372 23
382 33
17 164
471 122
148 33
483 134
401 52
56 125
90 91
358 9
424 75
114 67
131 50
111 70
35 146
503 154
389 40
110 71
353 4
25 156
435 86
139 42
126 55
76 105
375 26
100 81
129 52
137 44
177 4
481 132
175 6
168 13
141 40
369 20
73 108
445 96
361 12
77 104
156 25
456 107
117 66
511 162
352 3
123 58
428 79
126 57
405 56
65 116
380 31
431 82
122 59
427 78
178 3
91 90
1 180
397 48
34 147
143 38
70 111
421 72
403 54
88 93
477 128
451 102
433 84
5 176
455 106
62 119
50 131
86 95
39 142
371 22
133 48
448 99
36 145
138 43
387 38
167 14
22 159
383 34
132 49
68 113
441 92
466 117
180 1
464 115
8 173
465 116
430 81
29 152
385 36
37 144
19 162
394 45
145 36
408 59
419 70
102 79
420 71
436 87
497 148
104 77
393 44
462 113
146 35
356 7
124 57
381 34
59 122
16 165
376 27
413 64
15 166
407 58
440 91
507 158
501 152
84 97
454 105
53 128
106 75
415 66
48 133
95 86
480 131
473 124
14 167
80 101
370 21
75 106
495 147
32 150
142 40
399 51
393 45
167 15
360 12
368 20
486 138
18 164
376 28
38 144
134 48
1 181
501 153
28 154
146 36
155 27
64 118
88 94
103 79
374 26
407 59
395 49
348 0
503 155
504 156
42 140
143 39
488 140
8 174
401 53
127 55
349 1
417 69
2 180
497 149
161 21
498 150
473 125
53 129
499 151
427 79
426 78
491 143
147 35
400 52
123 59
158 24
430 82
458 110
163 19
424 76
406 58
16 166
74 108
141 41
464 116
62 120
382 34
70 112
180 2
472 124
491 145
95 87
467 119
370 22
166 16
177 5
483 135
157 25
175 7
462 114
5 177
137 45
105 77
433 85
416 68
35 147
456 108
408 60
413 65
122 60
102 80
507 159
111 71
446 98
109 73
60 122
176 6
447 99
354 6
431 83
489 141
396 48
128 54
442 94
441 93
90 92
120 62
77 105
41 141
84 98
371 23
34 148
24 158
460 112
468 120
136 46
44 138
378 30
397 49
61 121
156 26
455 107
451 103
46 136
444 96
110 72
112 70
351 3
114 68
482 134
149 33
402 54
133 49
169 13
492 144
496 148
502 154
9 173
434 86
25 157
98 84
466 118
139 43
484 136
493 145
420 72
72 110
432 84
425 77
409 61
365 17
107 75
395 47
68 114
153 29
75 107
381 35
403 55
421 73
454 106
469 121
94 88
19 163
140 42
86 96
369 21
174 8
171 11
83 99
104 78
380 34
389 41
78 104
363 15
47 135
45 137
48 134
508 160
121 61
66 116
27 155
55 127
375 27
4 178
411 63
359 11
394 46
471 123
81 101
82 100
164 18
115 67
364 16
101 81
23 159
29 153
470 122
92 90
361 13
106 76
463 115
506 158
392 44
58 124
418 70
182 0
93 89
51 131
510 162
125 57
379 31
353 5
119 63
108 74
511 163
461 113
56 126
377 29
478 130
130 52
410 62
179 3
17 165
415 67
412 64
465 117
438 90
450 102
57 125
20 162
97 85
405 57
181 1
390 42
160 22
352 4
59 123
170 12
448 100
398 50
445 97
131 51
15 167
118 64
52 130
49 133
474 126
480 132
63 119
87 95
148 34
135 47
422 74
36 146
385 37
386 38
162 20
476 128
10 172
117 67
414 66
154 28
476 130
372 24
67 115
37 145
165 17
178 4
435 87
6 176
479 131
383 35
33 149
485 137
388 40
151 31
481 133
12 170
355 7
373 25
117 65
54 128
159 23
350 2
358 10
380 32
132 50
362 14
65 117
79 103
22 160
391 43
428 80
439 91
71 111
144 38
50 132
40 142
138 44
145 37
366 18
113 69
80 102
494 146
381 33
490 142
11 171
7 175
367 19
500 152
152 30
471 124
416 69
122 61
366 19
348 1
22 161
66 117
353 6
457 110
76 109
130 53
484 137
99 84
394 47
82 101
46 137
390 43
511 164
372 25
142 41
374 27
488 141
74 109
391 44
43 140
164 19
54 129
447 100
118 65
482 135
508 161
165 18
144 39
486 139
48 135
156 27
460 113
440 93
89 94
351 4
425 78
424 77
347 0
439 92
412 65
507 160
475 128
52 131
399 52
356 9
467 120
395 48
462 115
465 118
450 103
361 14
98 85
9 174
379 32
388 41
453 106
354 7
408 61
68 115
448 101
73 110
107 76
387 40
147 36
461 114
370 23
437 90
171 12
426 79
172 11
51 132
133 50
463 116
129 54
180 3
455 108
100 83
377 30
75 108
136 47
378 31
57 126
355 8
26 157
125 58
124 59
427 80
153 30
432 85
21 162
45 138
411 64
79 104
59 124
363 16
480 133
405 58
123 62
11 172
359 12
458 111
385 38
434 87
119 64
154 29
443 96
83 100
485 138
16 167
472 125
140 43
155 28
135 48
160 23
139 44
501 154
36 147
58 125
415 68
373 26
444 97
78 105
106 77
117 68
23 160
389 42
183 0
64 119
87 96
403 56
368 21
459 112
55 128
383 36
29 154
503 156
406 59
349 2
152 31
18 165
392 45
27 156
76 107
6 177
441 94
56 127
365 18
451 104
131 52
161 22
413 66
407 60
110 73
7 176
350 3
81 102
8 175
178 5
104 79
468 121
25 158
496 149
134 49
168 17
490 143
2 181
510 163
77 106
404 57
369 22
162 21
352 5
86 97
12 171
49 134
109 74
487 140
449 102
96 87
159 24
430 83
478 131
494 147
500 153
90 93
362 15
115 68
358 11
495 148
111 72
168 15
431 84
95 88
102 81
375 28
469 122
61 122
493 146
470 123
364 17
143 40
169 14
489 142
422 75
24 159
114 69
33 150
473 126
418 71
157 26
182 1
138 45
421 74
438 91
398 51
121 62
158 25
5 178
116 67
433 86
464 117
39 144
71 112
456 109
50 133
3 180
417 70
397 50
419 72
176 7
72 111
145 38
466 119
112 71
384 37
97 86
19 164
435 88
10 173
382 35
401 54
170 13
108 75
44 139
504 157
446 99
101 82
442 95
62 121
476 129
88 95
120 63
80 103
69 114
148 35
151 32
420 73
40 143
167 16
357 10
380 33
173 10
436 89
174 9
94 89
506 159
42 141
30 153
113 70
491 144
53 130
423 76
67 116
38 145
497 150
166 17
137 46
70 113
499 152
4 179
454 107
445 98
400 53
132 51
141 42
492 145
34 149
179 4
17 166
60 123
85 98
402 55
410 63
386 39
93 90
505 158
149 34
128 55
136 48
460 114
501 155
390 44
379 33
77 107
509 163
406 60
399 53
23 161
22 162
464 118
93 91
446 100
166 18
165 19
108 76
422 76
385 39
466 120
431 85
404 58
407 61
427 81
86 98
60 124
354 8
398 52
402 56
142 42
511 165
458 112
17 167
365 19
70 114
467 121
3 181
147 37
21 163
416 70
375 29
377 31
58 126
110 74
175 9
486 140
496 150
436 90
372 26
495 149
162 22
461 115
160 24
82 102
79 105
417 71
134 50
48 136
36 148
454 108
143 41
140 44
14 170
452 106
178 6
40 144
144 40
475 129
353 7
113 71
37 147
169 17
84 100
62 122
101 83
444 98
109 75
45 139
102 82
19 165
94 90
348 2
352 6
26 158
152 32
150 34
484 138
394 48
374 28
34 150
459 113
59 125
158 26
349 3
169 15
119 65
128 56
130 54
423 77
384 38
156 28
153 31
154 30
506 162
364 18
105 79
471 125
95 89
482 136
67 117
8 176
421 75
78 106
502 156
356 10
103 81
405 59
163 21
61 123
30 154
6 178
479 133
168 16
470 124
498 152
497 151
373 27
89 95
363 17
508 162
96 88
52 132
39 145
54 130
439 93
182 2
424 78
418 72
357 11
179 5
47 137
403 57
350 4
145 39
430 84
75 109
503 157
85 99
114 70
346 0
35 149
492 146
25 159
115 69
437 91
132 52
389 43
98 86
426 80
9 175
20 164
448 102
97 87
410 64
111 73
174 10
453 107
440 94
397 51
449 103
490 144
11 173
146 38
33 151
409 63
16 168
456 110
362 16
500 154
43 141
420 74
74 110
117 69
28 156
151 33
181 3
69 115
425 79
91 93
7 177
4 180
18 166
92 92
434 88
382 36
50 134
107 77
164 20
64 120
433 87
73 111
387 41
155 29
392 46
504 158
141 43
370 24
46 138
183 1
450 104
68 116
65 119
391 45
376 30
90 94
411 65
474 128
393 47
168 18
135 49
171 13
485 139
419 73
87 97
360 14
157 27
369 23
465 119
505 159
447 101
478 132
29 155
63 121
408 62
455 109
442 96
507 161
499 153
468 122
445 99
104 80
112 72
371 25
57 127
489 143
24 160
388 42
176 8
493 147
499 155
358 12
116 68
106 78
177 7
367 21
481 135
125 59
123 61
184 0
159 25
121 63
172 12
401 55
167 17
56 128
10 174
463 117
173 11
414 68
510 164
80 104
412 66
487 141
473 127
443 97
12 172
488 142
138 46
366 20
415 69
429 83
361 15
355 9
66 118
359 13
13 171
161 23
31 153
432 86
386 40
83 101
148 36
180 4
133 51
441 95
100 84
38 146
76 108
494 148
15 169
139 45
438 92
351 5
122 62
428 82
49 135
5 179
71 113
124 60
435 89
406 61
44 141
79 106
365 20
26 159
423 78
426 81
122 63
503 158
169 16
498 153
66 119
55 130
354 9
481 136
494 149
480 135
135 50
175 10
415 72
507 162
80 105
369 24
346 1
97 88
65 120
131 54
508 163
408 63
351 6
37 148
364 19
179 6
465 120
378 33
489 144
357 12
141 44
363 18
362 17
126 59
39 146
493 148
347 2
3 182
473 128
14 171
449 104
147 38
361 16
17 168
421 76
471 126
171 14
54 131
33 152
424 79
47 138
125 60
413 68
389 44
137 48
153 32
392 47
454 109
443 98
427 82
446 101
504 159
24 161
402 57
19 166
414 69
28 157
359 14
482 137
18 167
145 40
60 125
74 111
469 124
89 96
143 42
12 173
152 33
43 142
182 3
455 110
86 99
509 164
81 104
510 165
10 175
108 77
9 176
390 45
25 160
34 151
4 181
163 22
441 96
41 144
401 56
51 134
474 129
177 8
376 31
160 25
391 46
104 81
21 164
403 58
492 147
7 178
496 151
156 29
128 57
49 136
447 102
150 35
355 10
437 92
30 155
52 133
129 56
393 48
183 2
170 15
463 118
415 70
345 0
356 11
505 160
180 5
430 85
100 85
360 15
38 147
75 110
388 43
438 93
59 126
484 139
13 172
159 26
431 86
375 30
11 174
157 28
63 122
68 117
88 97
399 54
20 165
161 24
450 105
410 65
373 28
46 139
84 101
466 121
95 90
167 18
70 115
174 11
387 42
452 107
173 12
107 78
451 106
371 26
464 119
499 154
405 60
57 128
470 125
511 166
458 113
349 4
16 169
398 53
113 72
40 145
48 137
404 59
96 89
416 71
397 52
407 62
140 45
181 4
110 75
132 53
166 19
139 46
146 39
459 114
176 9
370 25
101 84
69 116
121 64
368 23
366 21
45 140
433 88
444 99
445 100
148 37
64 121
439 94
412 67
142 43
98 87
383 38
158 27
488 143
112 73
102 83
35 150
22 163
432 87
62 123
501 156
500 155
428 83
386 41
478 133
93 92
119 66
23 162
350 5
382 37
165 20
352 7
87 98
419 74
31 154
72 113
422 77
27 158
124 61
6 179
409 64
8 177
77 108
434 89
479 134
151 34
15 170
461 116
106 79
396 51
53 132
116 69
90 95
99 86
134 51
149 36
172 13
453 108
50 135
78 107
411 66
348 3
486 141
448 103
162 23
377 32
73 112
506 161
460 115
5 180
456 111
358 13
442 97
127 58
497 152
138 47
385 40
485 140
103 82
417 72
185 0
384 39
154 31
435 90
468 123
115 70
372 27
420 75
178 7
130 55
374 29
495 150
164 21
61 124
477 132
92 93
436 91
487 142
429 84
83 102
472 127
36 149
56 129
353 8
170 16
167 19
70 116
45 141
479 135
44 142
134 52
21 165
421 77
103 83
449 105
62 124
109 77
80 106
114 72
176 10
510 166
106 80
138 48
355 11
495 151
52 134
469 125
496 152
511 167
483 139
19 167
440 96
444 100
388 44
345 1
488 144
67 119
51 135
384 40
15 171
359 15
99 87
481 137
467 123
75 111
402 58
438 94
387 43
386 42
185 1
10 176
396 52
429 85
395 51
397 53
184 2
35 151
59 127
1 185
453 109
376 32
7 179
148 38
11 175
136 50
24 162
182 4
357 13
432 88
127 59
22 164
101 85
389 45
412 68
13 173
179 7
72 114
150 36
172 14
126 60
36 150
156 30
504 160
408 64
404 60
90 96
115 71
352 8
487 143
58 128
362 18
458 114
87 99
437 93
69 117
503 159
420 76
162 24
132 54
152 34
186 0
116 70
441 97
92 94
409 65
154 32
133 53
79 107
485 141
86 100
363 19
33 153
471 127
490 146
43 143
61 125
403 59
374 30
426 82
505 161
17 169
137 49
464 120
435 91
369 25
164 22
173 13
23 163
130 56
484 140
149 37
84 102
454 110
177 9
494 150
399 55
68 118
419 75
165 21
502 158
5 181
381 37
145 41
361 17
174 12
465 121
32 154
20 166
445 101
41 145
28 158
456 112
171 15
89 97
48 138
53 133
452 108
160 26
493 149
0 186
398 54
9 177
25 161
102 84
375 31
390 46
373 29
407 63
151 35
14 172
50 136
382 38
378 34
380 36
450 106
105 81
354 10
351 7
349 5
46 140
371 27
500 156
38 148
405 61
436 92
113 73
430 86
356 12
121 65
393 49
8 178
146 40
120 66
401 57
447 103
507 163
119 67
125 61
100 86
34 152
476 132
383 39
131 55
466 122
158 28
463 119
509 165
360 16
3 183
4 182
12 174
347 3
410 66
413 69
379 35
418 74
175 11
37 149
94 92
60 126
350 6
107 79
16 170
368 24
129 57
489 145
157 29
63 123
30 156
460 116
108 78
424 80
391 47
66 120
39 147
144 42
47 139
98 88
365 21
451 107
78 108
400 56
122 64
425 81
442 98
110 76
143 43
482 138
161 27
6 180
73 113
497 153
82 104
370 26
128 58
93 93
139 47
443 99
31 155
71 115
181 5
40 146
81 105
88 98
141 45
428 84
475 131
135 51
155 31
104 82
178 8
470 126
498 154
348 4
166 20
29 157
56 130
140 46
433 89
346 2
377 33
111 75
431 87
385 41
2 184
416 72
95 91
501 157
358 14
427 83
422 78
65 121
477 133
446 102
415 71
83 103
353 9
364 20
474 130
163 23
414 70
55 131
91 95
97 89
74 112
49 137
27 159
411 67
64 122
392 48
491 147
96 90
26 160
473 129
500 157
372 29
120 67
31 156
404 61
173 14
132 55
139 48
29 158
472 129
420 77
464 121
149 38
365 22
176 11
163 24
457 114
452 109
107 80
121 66
408 65
5 182
89 98
24 163
414 71
503 160
477 134
56 131
67 120
160 27
129 58
104 83
76 111
20 167
401 58
370 27
46 141
99 88
87 100
108 79
96 91
392 49
81 106
113 74
462 119
115 74
491 148
100 87
440 97
430 87
35 152
375 32
489 146
350 7
378 35
478 135
162 25
186 1
388 45
368 25
406 63
36 151
459 116
10 177
465 122
391 48
33 154
346 3
133 54
106 81
446 103
177 10
455 112
94 93
126 61
389 46
448 105
359 16
128 59
47 140
352 9
155 32
396 53
72 115
431 88
140 47
17 170
495 152
70 117
74 113
111 76
154 33
14 173
508 165
510 167
83 104
485 142
439 96
482 139
426 83
443 100
59 128
403 60
8 179
361 18
362 19
509 166
103 84
468 125
409 66
476 133
417 74
394 51
435 92
369 26
377 34
97 90
40 147
416 73
383 40
54 133
60 127
386 43
454 111
418 75
85 102
424 81
354 11
130 57
456 113
161 26
13 174
1 186
49 138
51 136
385 42
447 104
65 122
26 161
84 103
174 13
125 62
183 4
0 187
55 132
399 56
109 78
175 12
400 57
62 125
471 128
114 73
11 176
356 13
98 89
3 184
423 80
484 141
148 39
410 67
449 106
436 93
475 132
480 137
371 28
91 96
123 64
73 114
28 159
347 4
141 46
467 124
373 30
112 75
165 22
376 33
9 178
48 139
19 168
493 150
351 8
138 49
23 164
450 107
379 36
101 86
171 16
374 31
427 84
86 101
152 35
474 131
2 185
143 44
364 21
151 36
159 28
93 94
353 10
445 102
492 149
57 130
158 29
63 124
501 158
185 2
30 157
64 123
466 123
397 54
504 161
463 120
12 175
344 1
437 94
355 12
412 69
39 148
164 25
27 160
4 183
497 154
429 86
44 143
367 24
166 21
79 108
34 153
58 129
505 164
184 3
395 52
122 65
382 39
135 52
32 155
402 59
366 23
156 31
41 146
90 97
61 126
398 55
25 162
147 40
473 130
6 181
442 99
178 9
45 142
444 101
16 171
137 50
390 47
110 77
469 126
360 17
82 105
451 108
42 145
78 109
453 110
384 41
363 20
405 62
105 82
21 166
433 90
15 172
458 115
380 37
422 79
37 150
358 15
470 127
419 76
95 92
182 5
421 78
407 64
181 6
434 91
507 164
180 7
116 71
145 42
432 89
487 144
490 147
357 14
345 2
187 0
494 151
481 138
349 6
172 15
88 99
483 140
348 5
50 137
43 144
146 41
68 119
80 107
438 95
144 43
167 20
153 34
496 153
53 134
460 117
411 68
77 110
451 109
122 66
407 65
363 21
467 125
31 157
390 48
397 55
134 54
111 77
109 79
98 90
10 178
61 127
83 105
125 63
482 140
499 157
430 88
32 156
405 63
365 23
49 139
41 147
403 61
457 117
396 54
349 7
486 144
137 51
59 129
165 23
113 75
22 166
445 103
446 104
14 174
492 150
424 82
73 115
421 79
144 44
485 143
440 98
429 87
362 20
453 111
432 90
391 49
93 95
410 68
507 165
458 116
18 170
380 38
25 163
387 45
120 68
179 9
437 95
371 29
345 3
135 53
145 43
106 82
495 153
174 14
496 154
4 184
489 147
393 51
129 59
95 93
6 182
379 37
450 108
478 136
366 24
370 28
416 74
16 172
119 69
402 60
487 145
74 114
131 57
368 26
126 62
136 52
38 150
465 123
468 126
369 27
2 186
164 26
417 75
470 128
408 66
123 65
107 81
133 55
364 24
69 119
442 100
480 138
493 151
344 2
23 165
184 4
438 96
27 161
67 121
164 24
358 16
436 94
108 80
15 173
81 107
359 17
118 70
12 176
146 42
423 81
448 106
404 62
449 107
72 116
104 84
114 74
169 19
389 47
399 57
354 12
502 160
360 18
96 92
162 26
64 124
388 46
30 158
413 71
28 160
464 122
77 111
509 167
79 109
142 46
456 114
474 132
65 123
63 125
172 16
357 15
47 141
141 47
490 148
50 138
157 31
110 78
76 112
443 101
180 8
432 92
53 135
7 181
115 73
33 155
452 110
139 49
75 113
166 22
511 169
481 139
484 142
384 42
420 78
355 13
171 17
186 2
188 0
401 59
435 93
508 166
152 36
17 171
385 43
488 146
87 101
29 159
42 146
364 22
185 3
457 115
88 100
187 1
395 53
381 39
459 117
138 50
86 102
160 28
343 1
173 15
431 89
35 153
1 187
498 156
39 149
501 159
66 122
45 143
491 149
55 133
62 126
427 85
153 35
462 120
497 155
422 80
127 61
483 141
506 164
426 84
428 86
48 140
102 86
5 183
168 20
475 133
477 135
58 130
348 6
439 97
346 4
148 40
353 11
24 164
151 37
92 96
36 152
455 113
181 7
352 10
505 163
0 188
441 99
26 162
367 25
382 40
54 134
466 124
463 121
121 67
40 148
8 180
43 145
418 76
89 99
128 60
427 87
476 134
392 50
159 29
158 30
71 117
99 89
163 25
510 168
132 56
377 35
472 130
150 38
351 9
140 48
91 97
182 6
154 34
361 19
60 128
167 21
374 32
156 32
177 11
9 179
400 58
494 152
112 76
116 72
375 33
3 185
383 41
373 31
398 56
100 88
34 154
350 8
444 102
57 131
85 103
20 168
97 91
46 142
103 85
101 87
386 44
52 136
406 64
500 158
503 161
434 92
78 110
469 127
105 83
143 45
176 12
460 118
51 137
411 69
37 151
497 156
0 189
472 131
1 188
86 103
458 117
56 133
463 122
49 140
137 52
131 58
74 115
9 180
97 92
133 56
136 53
495 154
442 101
490 149
19 170
101 88
444 103
114 75
349 8
450 109
177 12
113 76
370 29
372 31
418 77
499 158
84 105
473 132
64 125
18 171
376 35
481 140
109 80
2 187
427 86
387 46
172 17
440 99
138 51
342 1
509 168
168 21
364 23
345 4
88 101
501 160
456 117
469 128
143 46
362 21
441 100
171 18
57 132
344 3
117 72
464 123
493 152
94 95
435 94
510 169
358 17
189 0
58 131
183 6
125 64
486 145
354 13
61 128
173 16
398 57
51 138
504 163
118 71
391 50
487 146
479 138
448 107
375 34
188 1
181 8
127 62
25 164
146 43
149 40
55 134
98 91
147 42
346 5
155 34
126 63
13 176
116 73
373 32
374 33
76 113
53 136
395 54
142 47
75 114
417 76
407 66
23 166
456 115
99 90
414 73
386 45
476 135
153 36
353 12
475 134
366 25
401 60
385 44
494 153
378 37
120 69
89 100
364 25
422 81
381 40
34 155
488 147
31 158
165 24
91 98
459 118
431 90
169 20
423 82
176 13
68 121
108 81
425 84
467 126
471 130
379 38
346 7
502 161
474 133
140 49
403 62
428 87
4 185
103 86
496 155
104 85
50 139
451 110
348 7
457 118
3 186
443 102
452 111
432 91
54 135
150 39
462 121
62 127
466 125
384 43
424 83
119 70
415 74
160 29
24 165
397 56
186 3
408 67
124 65
15 174
438 97
59 130
421 80
402 61
437 96
436 95
40 149
433 92
8 181
71 118
39 150
350 9
102 87
508 167
92 97
409 68
107 82
85 104
93 96
185 4
489 148
175 14
105 84
399 58
405 64
106 83
419 78
48 141
453 112
156 33
70 119
41 148
478 137
368 27
135 54
77 112
90 99
29 160
43 146
351 10
491 150
141 48
426 85
100 89
365 24
359 18
500 159
460 119
392 51
44 145
498 157
27 162
5 184
383 42
430 89
134 55
80 109
439 98
465 124
52 137
95 94
42 147
96 93
154 35
139 50
357 16
30 159
60 129
413 72
483 142
129 60
393 52
404 63
151 38
361 20
6 183
28 161
454 113
178 11
33 156
506 165
352 11
356 15
509 170
468 127
12 177
184 5
130 59
45 144
382 41
389 48
83 106
377 36
503 162
511 170
122 67
10 179
132 57
63 126
166 23
78 111
17 172
170 19
66 123
449 108
388 47
492 151
363 22
20 169
22 167
367 26
72 117
180 9
110 79
82 107
477 136
167 22
461 120
152 37
455 114
360 19
390 49
410 69
144 45
87 102
485 144
81 108
112 77
174 15
158 31
67 122
445 104
182 7
46 143
38 151
347 6
163 26
400 59
32 157
121 68
429 88
36 153
470 129
420 79
396 55
380 39
484 144
497 157
382 42
79 111
387 47
392 52
494 154
500 160
72 118
357 17
71 119
34 156
95 95
413 73
92 98
161 29
471 131
51 139
487 147
56 134
474 134
68 122
17 173
12 178
498 158
118 74
15 175
63 127
67 123
24 166
55 135
28 162
431 91
148 42
118 72
7 183
180 10
397 57
43 147
94 96
489 149
14 176
105 85
435 95
33 157
26 164
425 85
155 35
408 68
100 90
493 153
141 49
355 15
482 142
38 152
448 108
22 168
121 69
86 104
393 53
356 16
349 9
467 127
13 177
483 143
503 163
439 99
433 93
394 54
111 79
434 94
189 1
185 5
490 150
154 36
367 27
441 101
443 103
117 73
466 126
37 153
140 50
66 124
96 94
399 59
103 87
351 11
20 170
472 132
181 9
414 74
132 58
44 146
176 14
485 145
144 46
84 106
133 57
438 98
41 149
75 115
3 187
69 121
54 136
21 169
9 181
421 81
109 81
97 93
161 31
93 97
29 161
5 185
145 45
88 102
396 56
395 55
458 118
373 33
83 107
178 12
30 160
372 32
73 117
25 165
501 161
64 126
174 16
469 129
138 52
366 26
60 130
23 167
171 19
87 103
39 151
40 150
379 39
126 64
32 158
476 136
76 114
478 138
507 167
120 70
426 86
81 109
128 62
380 40
463 123
82 108
411 71
370 30
4 186
442 102
36 154
170 20
511 171
418 78
45 145
122 68
159 31
461 121
383 43
371 31
167 23
153 37
46 144
179 11
49 141
108 82
348 8
18 172
468 128
440 100
90 100
1 189
342 2
450 110
187 3
481 141
423 83
27 163
150 40
65 125
158 32
173 17
70 120
184 6
188 2
347 7
391 51
91 99
420 80
452 112
107 83
412 72
453 113
172 18
362 22
102 88
429 89
462 122
361 21
491 151
157 33
190 0
61 129
19 171
149 41
47 143
409 69
422 82
384 44
359 19
354 14
147 43
343 3
465 125
475 135
445 105
151 39
10 180
168 22
52 138
352 12
496 156
16 174
182 8
152 38
104 86
488 148
436 96
389 49
492 152
134 56
169 21
80 110
166 24
346 6
77 113
401 61
113 77
405 65
146 44
129 61
402 62
428 88
377 37
437 97
98 92
11 179
506 166
350 10
446 106
74 116
424 84
139 51
460 120
375 35
123 67
183 7
50 140
78 112
388 48
119 71
2 188
0 190
378 38
358 18
345 5
58 132
486 146
99 91
137 53
499 159
398 58
415 75
142 48
143 47
177 13
163 27
8 182
400 60
406 66
353 13
31 159
114 76
35 155
464 124
479 139
480 140
162 28
186 4
509 169
381 41
110 80
403 63
456 116
449 109
510 170
59 131
407 67
89 101
360 20
365 25
106 84
369 29
131 59
6 184
175 15
404 64
363 23
112 78
447 107
374 34
470 130
385 45
473 133
454 114
125 65
53 137
127 63
508 168
455 115
368 28
57 133
451 111
416 76
135 55
156 34
136 54
47 145
376 36
344 4
355 16
478 139
169 22
163 28
81 110
170 21
127 64
179 12
435 96
146 45
399 60
375 36
87 104
352 13
339 0
442 103
58 133
483 144
341 2
101 90
471 132
452 113
100 91
51 140
366 27
119 72
417 78
78 113
46 145
441 102
362 23
187 4
41 150
394 55
94 97
423 84
358 19
180 11
52 139
3 188
450 111
50 141
54 137
492 153
99 92
139 54
138 53
385 46
48 143
390 51
374 35
106 85
454 115
357 18
404 65
393 54
468 129
71 120
386 47
371 32
76 115
186 5
433 94
409 70
455 116
161 30
147 44
72 119
173 18
56 135
510 171
356 17
55 136
26 165
367 28
378 39
68 123
191 0
377 38
403 64
157 34
400 61
475 136
488 149
388 49
349 10
437 98
430 91
383 44
150 41
139 52
466 127
464 127
132 59
172 19
447 108
465 126
473 134
20 171
476 137
141 50
70 121
30 161
140 51
412 73
453 114
128 63
422 83
21 170
493 154
96 95
131 60
387 48
162 29
408 69
176 15
120 71
125 66
53 138
436 97
348 9
10 181
347 8
114 77
74 117
413 74
448 109
126 65
361 22
446 107
73 118
190 1
183 8
406 67
91 100
449 110
189 2
153 38
508 169
115 76
118 73
40 151
503 164
155 36
109 82
365 26
499 160
4 187
462 123
156 35
159 32
64 127
369 30
343 4
482 143
360 21
504 165
15 176
92 99
89 102
44 147
37 154
177 14
12 179
182 9
27 164
112 79
411 72
8 183
389 50
479 140
401 62
429 90
83 108
123 68
33 158
461 122
166 25
135 58
497 158
28 163
107 84
472 133
24 167
35 156
502 163
86 105
134 57
62 129
171 20
489 150
22 169
414 75
474 135
410 71
184 7
350 11
495 156
477 138
418 79
354 15
105 86
424 85
487 148
168 23
181 10
111 80
60 131
95 96
59 132
421 82
344 5
121 70
470 131
396 57
93 98
45 146
428 89
42 149
351 12
102 89
14 177
368 29
469 130
160 31
416 77
458 119
345 6
149 42
505 166
167 24
124 67
480 141
9 182
43 148
82 109
18 173
49 142
158 33
84 107
0 191
23 168
75 116
443 104
148 43
7 184
117 74
425 86
6 185
145 46
29 162
188 3
1 190
122 69
496 157
2 189
66 125
439 100
104 87
90 101
13 178
32 159
136 55
133 58
511 172
79 112
507 168
381 42
98 93
129 62
5 186
501 162
398 59
152 39
130 61
395 58
407 68
370 31
373 34
151 40
11 180
110 81
420 81
485 146
500 161
97 94
88 103
77 114
175 16
67 124
494 155
39 152
463 124
491 152
376 37
392 53
460 121
38 153
144 47
65 126
384 45
444 105
108 83
359 20
342 3
142 49
57 134
506 167
440 101
481 142
486 147
490 151
17 174
419 80
154 37
405 66
415 76
174 17
47 144
438 99
379 40
185 6
34 157
137 54
135 56
445 106
61 130
85 106
445 107
507 169
404 66
415 77
2 190
462 124
428 90
407 69
510 172
181 11
481 143
432 94
425 87
405 67
377 39
429 91
147 45
450 112
437 99
387 49
44 148
381 43
31 161
348 10
55 137
175 17
350 12
68 124
110 82
165 27
392 54
360 22
135 57
24 168
113 79
136 56
50 142
440 102
170 22
438 100
459 121
72 120
469 131
79 113
498 160
40 152
344 6
76 116
442 104
51 141
367 29
34 158
5 187
398 60
137 55
10 182
29 163
17 175
465 127
70 122
11 181
82 110
503 165
423 85
342 4
480 142
116 76
394 56
355 17
75 117
33 159
15 177
7 185
36 156
416 78
497 159
511 173
6 186
154 38
127 65
35 157
106 86
78 114
176 16
356 18
143 49
373 35
361 23
376 38
396 58
164 28
74 118
354 16
468 130
22 170
156 36
390 52
378 40
366 28
504 166
168 24
365 27
389 51
451 113
441 103
158 34
493 155
369 31
483 145
488 150
343 5
136 58
152 40
163 29
192 0
119 73
184 8
485 147
53 139
340 2
370 32
155 37
61 131
413 75
115 77
190 2
472 134
39 153
191 1
186 6
144 48
102 90
159 33
444 106
23 169
347 9
134 58
496 158
41 151
185 7
411 73
104 88
362 24
494 156
401 63
112 80
479 141
48 144
435 97
464 126
96 96
338 0
383 45
121 71
91 101
368 30
490 152
169 23
492 154
395 57
402 64
71 121
408 70
64 128
19 173
149 43
447 109
403 65
153 39
1 191
100 92
477 139
466 128
470 132
475 137
43 149
179 13
409 71
461 123
489 151
151 41
109 83
171 21
414 76
120 72
37 155
56 136
419 81
108 84
105 87
14 178
167 25
27 165
375 37
500 162
178 14
60 132
63 129
372 34
388 50
140 52
86 106
410 72
157 35
65 127
385 47
379 41
123 69
9 183
357 19
424 86
502 164
471 133
67 125
474 136
162 30
495 157
46 146
146 46
174 18
439 101
454 116
16 176
374 36
131 61
406 68
58 134
117 75
476 138
391 53
107 85
141 51
501 163
88 104
87 105
81 111
188 4
351 13
506 168
353 15
349 11
84 108
187 5
62 130
142 50
92 100
386 48
126 66
66 126
172 20
486 148
26 166
417 79
52 140
189 3
359 21
3 189
130 62
421 83
433 95
491 153
434 96
430 92
166 26
122 70
132 60
94 98
453 117
0 192
499 161
139 53
13 179
371 33
370 34
73 119
453 115
452 114
77 115
101 91
448 110
99 93
145 47
160 32
95 97
124 68
182 10
8 184
180 12
397 59
399 61
12 180
177 15
20 172
114 78
42 150
32 160
384 46
129 63
49 143
57 135
487 149
173 19
505 167
128 64
59 133
25 167
420 82
21 171
90 102
103 89
467 129
339 1
125 67
458 120
93 99
341 3
443 105
148 44
422 84
183 9
138 54
80 112
97 95
175 18
79 114
127 66
147 46
423 86
111 82
426 89
468 131
454 117
163 30
451 114
453 116
132 61
437 100
418 81
430 93
104 89
467 130
354 17
452 117
18 175
166 27
386 49
189 4
64 129
494 157
14 179
447 110
482 145
171 22
457 120
21 172
180 13
411 74
419 82
11 182
470 133
80 113
108 85
409 72
38 155
124 69
68 125
388 51
95 98
179 14
131 62
115 78
51 142
374 37
372 35
59 134
116 77
389 52
87 106
160 33
485 148
379 42
351 14
352 15
415 78
107 86
91 102
480 143
339 2
356 19
344 7
76 117
390 53
168 25
471 134
398 61
469 132
83 110
81 112
380 43
338 1
29 164
392 55
490 153
144 49
413 76
33 160
4 189
486 149
89 104
393 56
92 101
348 11
8 185
371 34
173 20
421 84
152 41
478 141
452 115
53 140
407 70
138 55
479 142
387 50
117 76
142 51
368 31
396 59
24 169
508 171
366 29
493 158
28 165
5 188
492 155
342 5
481 144
19 174
427 90
13 180
498 161
192 1
506 169
7 186
129 64
40 153
45 148
77 116
403 66
188 5
474 137
505 168
140 53
113 80
422 85
400 63
497 160
49 144
353 16
397 60
126 67
151 42
382 45
63 130
377 40
157 36
402 65
120 73
449 112
349 12
58 135
37 156
164 29
50 143
62 131
121 72
149 44
96 97
133 60
370 33
425 88
488 151
154 39
445 108
44 149
110 83
42 151
85 108
509 172
384 47
181 12
405 68
406 69
404 67
66 127
32 161
2 191
355 18
424 87
46 147
381 44
98 95
416 79
460 123
156 37
169 24
440 103
184 9
410 73
343 6
365 28
367 30
35 158
434 97
56 137
15 178
158 35
373 36
358 21
466 129
443 106
72 121
101 92
191 2
112 81
106 87
378 41
441 104
362 25
141 52
125 68
34 159
12 181
504 167
60 133
41 152
57 136
27 166
86 107
347 10
39 154
361 24
90 103
54 139
52 141
448 111
9 184
438 101
31 162
10 183
475 138
55 138
26 167
174 19
17 176
376 39
20 173
500 163
1 192
472 135
88 105
444 107
134 59
439 102
43 150
394 57
67 126
491 154
186 7
375 38
187 6
6 187
65 128
155 38
337 0
105 88
496 159
346 9
153 40
122 71
136 57
435 98
507 170
341 4
503 166
360 23
71 122
433 96
458 121
137 56
345 8
172 21
74 119
145 48
130 63
495 158
99 94
350 13
483 146
484 147
429 92
3 190
183 10
391 54
114 79
165 28
102 91
103 90
82 111
182 11
167 26
61 132
148 45
22 171
30 163
511 174
340 3
185 8
420 83
190 3
93 100
363 26
476 139
170 23
465 128
414 77
150 43
128 65
436 99
100 93
78 115
176 17
25 168
461 124
489 152
0 193
499 162
159 34
399 62
473 136
446 109
510 173
178 15
502 165
75 118
442 105
487 150
84 109
36 157
177 16
146 47
463 126
401 64
432 95
451 117
448 112
122 72
452 116
106 88
365 29
191 3
444 108
493 157
411 75
487 151
351 15
31 163
352 16
163 31
88 106
193 1
116 78
482 146
387 51
96 98
495 159
176 18
186 8
35 159
432 96
76 118
159 35
484 148
125 69
66 128
451 115
63 131
469 133
89 105
56 138
167 27
498 162
369 33
475 139
479 143
24 170
364 28
36 158
104 90
47 147
376 40
51 143
343 7
500 164
22 172
130 64
14 180
375 39
6 188
46 148
67 129
134 60
424 88
372 36
119 75
141 53
58 136
447 111
371 35
97 97
50 144
342 6
390 54
33 161
109 85
13 181
414 78
149 45
349 13
357 21
78 116
45 149
443 107
486 150
37 157
32 162
418 82
415 79
405 69
492 156
471 135
147 47
142 52
112 82
413 77
384 48
416 80
389 53
26 168
435 99
140 56
101 93
437 101
98 96
19 175
175 19
173 21
7 187
353 17
41 153
158 36
403 67
358 22
339 3
80 114
113 81
42 152
356 20
69 125
2 192
192 2
43 151
12 182
4 190
426 90
396 60
485 149
456 120
11 183
359 23
392 56
169 25
421 85
38 156
187 7
178 16
508 172
48 146
422 86
40 154
407 71
152 42
29 165
501 165
16 178
400 64
348 12
8 186
340 4
166 28
5 189
373 37
23 171
60 134
404 68
107 87
82 112
391 55
438 102
366 30
510 174
84 110
75 119
361 25
70 124
62 132
143 51
17 177
87 107
461 125
473 137
181 13
383 47
502 166
433 97
117 77
398 62
363 27
497 161
3 191
425 89
71 123
509 173
145 49
55 139
10 184
188 6
490 154
93 101
504 168
73 121
441 105
409 73
137 57
54 140
91 103
155 39
144 50
59 135
77 117
379 43
336 0
81 113
85 109
111 83
1 193
114 80
362 26
429 93
474 138
346 10
406 70
462 126
440 104
445 109
115 79
49 145
347 11
182 12
99 95
179 15
177 17
61 133
183 11
399 63
374 38
21 173
344 8
74 120
454 118
354 18
449 113
105 89
468 132
102 92
382 46
53 141
360 24
480 144
505 169
133 61
491 155
72 122
427 91
442 106
185 9
431 95
146 48
25 169
430 94
434 98
410 74
489 153
180 14
367 31
79 115
128 66
470 134
412 76
171 23
446 110
507 171
162 32
338 2
148 46
110 84
156 38
164 30
94 100
67 127
189 5
15 181
165 29
127 67
385 49
345 9
402 66
194 0
28 166
401 65
503 167
341 5
478 142
154 40
419 83
393 57
103 91
126 68
420 84
157 37
460 124
436 100
44 150
121 73
388 52
92 102
465 129
34 160
15 179
131 63
57 137
488 152
417 81
174 20
118 76
457 121
160 34
0 194
380 44
138 56
381 45
472 136
506 170
386 50
90 104
83 111
499 163
368 32
65 129
373 39
39 155
68 126
494 158
153 41
377 41
132 62
108 86
337 1
151 43
408 72
123 71
467 131
30 164
190 4
170 24
439 103
20 174
466 130
378 42
511 175
505 170
46 149
434 99
126 69
104 91
172 23
359 24
445 110
375 40
335 0
385 50
171 24
466 131
124 71
464 129
106 89
128 67
52 143
30 165
460 125
377 42
158 37
485 150
366 31
415 80
344 9
98 97
71 124
395 60
342 7
363 28
9 186
66 129
345 10
91 104
86 109
393 58
336 1
39 156
391 56
24 171
28 167
84 111
23 172
459 124
50 145
27 168
58 137
56 139
406 71
81 114
451 116
36 159
0 195
348 13
484 149
49 146
7 188
421 86
132 63
503 168
179 16
428 93
94 101
174 21
140 55
17 178
486 151
87 108
41 154
373 38
379 44
446 111
339 4
135 60
397 62
417 82
96 99
380 45
362 27
472 137
383 48
398 65
125 70
176 19
69 126
347 12
405 70
400 65
473 138
489 154
44 151
72 123
133 62
508 173
462 127
164 31
469 134
431 96
163 32
21 174
509 174
414 79
396 61
57 138
117 78
461 126
60 135
73 122
439 104
120 75
351 18
144 51
101 94
511 176
480 145
20 175
181 14
29 166
13 182
54 141
388 53
78 117
468 133
61 134
119 76
80 115
168 27
99 96
47 148
378 43
155 40
107 88
103 92
506 171
338 3
11 184
343 8
110 85
341 6
165 30
55 140
477 142
16 181
482 147
354 19
173 22
490 155
456 121
193 2
365 30
34 161
186 9
436 101
435 100
494 159
116 79
131 64
123 72
488 153
419 84
178 17
372 37
410 75
479 144
351 16
70 125
422 87
455 120
447 112
483 148
427 92
191 4
161 34
195 0
175 20
402 67
510 175
403 68
105 90
151 44
190 5
67 128
138 57
454 119
184 11
423 88
150 45
26 169
368 33
185 10
418 83
118 77
440 105
169 26
68 127
134 61
495 160
433 98
386 51
404 69
177 18
90 107
2 193
356 21
8 187
37 158
65 130
432 97
45 150
170 25
129 66
19 176
25 170
40 155
31 164
470 135
90 105
5 190
10 185
442 107
497 162
142 53
64 131
502 167
389 54
408 73
492 157
127 68
337 2
78 119
15 180
122 73
429 94
109 86
406 73
194 1
357 22
74 121
85 110
188 7
157 38
3 192
51 144
88 107
430 95
496 161
167 28
413 78
149 46
154 41
1 194
457 122
152 43
6 189
374 39
147 48
394 59
376 41
32 163
187 8
115 80
108 87
441 106
360 25
59 136
141 54
437 102
82 113
38 157
97 98
16 179
361 26
463 128
95 100
146 49
166 29
346 11
504 169
14 181
77 118
471 136
145 50
426 91
183 12
448 113
401 66
83 112
340 5
409 74
139 56
491 156
111 84
358 23
35 160
384 49
392 57
399 64
443 108
371 36
43 152
381 46
438 103
416 81
390 55
143 52
63 132
382 47
79 116
353 18
53 142
349 14
4 191
102 93
189 6
501 166
162 33
424 89
93 102
75 120
499 164
458 123
420 85
355 20
130 65
398 63
12 183
76 119
22 173
367 32
465 130
481 146
407 72
92 103
182 13
159 36
474 139
412 77
48 147
100 95
113 82
79 117
71 125
94 102
16 180
398 64
354 20
496 162
24 172
383 49
141 55
345 11
150 46
444 110
152 44
184 12
17 179
442 108
126 70
88 108
365 31
425 91
420 86
192 4
482 148
156 40
396 62
459 125
135 61
339 5
86 110
142 54
399 65
72 124
374 40
151 45
410 76
7 189
123 73
470 136
419 85
60 136
26 170
427 93
498 164
497 163
149 47
4 192
431 97
489 155
21 175
178 18
82 114
443 109
392 58
447 113
185 11
404 70
31 165
490 156
158 38
462 128
39 157
446 112
421 87
424 90
461 127
159 37
93 103
129 67
41 155
356 22
368 34
400 66
188 8
415 81
480 146
130 66
358 24
395 61
503 169
500 166
428 94
78 118
115 81
157 39
70 126
40 156
116 80
378 44
146 50
479 145
44 152
440 106
414 80
81 115
34 162
49 147
170 26
194 2
169 27
367 33
134 62
172 24
124 72
473 139
463 129
441 107
360 26
80 116
92 104
77 119
180 16
155 41
394 60
369 35
138 58
335 1
412 78
87 109
484 150
59 137
46 150
103 93
179 17
29 167
58 138
371 37
370 36
73 123
51 145
433 99
28 168
391 57
359 25
411 77
417 83
73 125
454 120
90 106
111 85
153 43
393 59
429 95
66 130
57 139
437 103
11 185
501 167
20 176
6 190
478 144
97 99
113 83
381 47
460 126
173 23
469 135
8 188
35 161
25 171
83 113
341 7
455 121
474 140
457 123
472 138
12 184
27 169
69 127
43 153
379 45
390 56
3 193
30 166
510 176
48 148
464 130
32 164
139 57
190 6
347 13
348 14
386 52
384 50
154 42
9 187
450 116
388 54
380 46
96 100
361 27
161 35
162 34
108 88
168 28
63 133
104 92
99 97
68 128
423 89
434 100
165 31
127 69
85 111
477 143
110 86
55 141
38 158
102 94
109 87
403 69
182 14
342 8
491 157
175 21
177 19
362 28
22 174
353 19
128 68
438 104
148 48
476 142
387 53
101 95
186 10
121 75
338 4
10 186
122 74
486 152
499 165
52 144
61 135
418 84
160 36
505 171
389 55
125 71
346 12
344 10
508 174
106 90
511 177
481 147
471 137
119 77
351 17
120 76
416 82
466 132
187 9
100 96
23 173
50 146
465 131
174 22
14 182
195 1
54 142
18 178
432 98
375 41
45 151
2 194
343 9
176 20
62 134
445 111
435 101
89 107
107 89
382 48
19 177
366 32
430 96
363 29
147 49
164 32
143 53
0 196
336 2
406 72
196 0
42 154
47 149
448 114
402 68
132 64
494 160
485 151
401 67
376 42
33 163
495 161
458 124
137 59
37 159
468 134
355 21
191 5
36 160
183 13
91 105
105 91
181 15
504 170
377 43
372 38
52 146
502 168
364 30
64 132
407 73
408 74
76 120
112 84
409 75
488 154
352 18
337 3
509 175
397 63
75 121
487 153
98 98
436 102
506 172
91 107
144 52
163 33
167 29
357 23
117 79
348 15
70 127
110 87
39 158
22 175
400 67
134 63
6 191
485 152
179 18
431 98
420 87
366 33
496 163
56 141
354 21
53 144
94 103
511 178
414 81
143 54
460 127
87 110
388 55
27 170
350 17
195 2
167 30
472 139
461 128
173 24
386 53
42 155
11 186
488 155
156 41
100 97
444 111
151 46
382 49
394 61
449 116
55 142
152 45
363 30
464 131
149 48
507 174
483 150
157 40
426 93
14 183
63 134
172 25
51 146
391 58
430 97
425 92
20 177
181 16
483 152
32 165
175 22
191 6
82 115
178 19
411 78
30 167
357 24
81 116
380 47
454 121
389 56
471 138
399 66
88 109
112 85
184 13
186 11
95 102
476 143
7 190
359 26
336 3
189 8
417 84
390 57
72 125
138 59
502 169
498 165
481 148
19 178
159 38
120 77
98 99
508 175
201 0
383 50
418 85
40 157
38 159
166 31
362 29
58 139
470 137
428 95
137 60
114 83
370 37
358 25
468 135
446 113
484 151
163 34
96 101
101 96
441 108
8 189
80 117
430 99
107 90
144 53
126 71
347 14
463 130
427 94
52 145
176 21
410 77
75 122
170 27
139 58
128 69
473 140
188 9
506 173
154 43
25 172
407 74
1 196
436 103
160 37
61 136
49 148
64 133
93 104
487 154
182 15
433 100
462 129
355 22
158 39
28 169
340 7
79 118
343 10
145 52
44 153
4 193
492 159
91 106
384 51
413 80
180 17
62 135
447 114
199 0
21 176
37 160
402 69
155 42
403 70
103 94
490 157
339 6
17 180
41 156
341 8
18 179
419 86
109 88
342 9
421 88
13 184
365 32
194 3
477 144
153 44
369 36
133 64
45 152
504 171
344 11
84 113
177 20
34 163
2 195
73 124
50 147
491 158
467 134
83 114
457 124
423 90
442 109
437 104
396 63
392 59
443 110
183 14
456 123
361 28
33 164
458 125
48 149
24 173
353 20
337 4
429 96
335 2
164 33
5 192
57 140
397 64
378 45
480 147
192 5
440 107
432 99
196 1
364 31
71 126
99 98
130 67
465 132
352 19
29 168
69 128
59 138
162 35
26 171
489 156
345 12
346 13
482 149
422 89
334 1
76 121
135 62
117 80
408 75
111 86
499 166
150 47
367 34
148 49
439 106
387 54
106 91
371 38
105 92
171 26
136 61
9 188
424 91
77 120
393 60
497 164
404 71
35 162
368 35
475 142
505 172
493 160
108 89
113 84
127 70
12 185
338 5
74 123
453 120
374 41
43 156
168 29
187 10
115 82
385 52
197 0
121 76
146 51
132 65
375 42
43 154
23 174
503 170
455 122
119 78
97 100
356 23
479 146
60 137
66 131
86 111
193 4
377 44
124 73
409 76
92 105
122 75
416 83
0 197
434 101
435 102
129 68
36 161
412 79
174 23
165 32
405 72
494 161
118 79
466 133
376 43
104 93
161 36
509 176
401 68
415 82
46 151
47 150
501 168
54 143
478 145
500 167
445 112
147 50
169 28
89 108
142 55
466 134
57 141
480 148
471 139
49 149
65 133
115 83
22 176
430 98
505 173
114 84
342 10
81 117
362 30
140 58
38 160
409 77
87 111
377 45
462 130
192 6
382 50
184 14
347 15
468 136
93 105
47 151
343 11
453 121
85 113
336 4
509 177
449 117
159 39
4 194
420 88
96 102
431 99
14 184
134 64
376 44
502 170
375 43
76 122
186 12
404 72
416 84
458 126
384 52
149 49
412 80
61 137
414 82
422 90
434 102
29 169
145 53
97 101
197 1
150 48
366 34
128 70
194 4
425 93
18 180
154 44
157 41
457 125
340 8
151 47
143 55
74 124
173 25
166 32
361 29
399 67
389 57
171 27
99 99
126 72
445 113
12 186
155 43
364 32
418 86
199 1
494 162
42 156
368 36
174 24
0 198
89 109
359 27
183 15
13 185
75 123
198 0
48 150
333 1
339 7
460 128
66 132
489 157
100 98
188 10
131 67
103 95
178 20
25 173
391 59
95 103
483 151
427 95
455 123
23 175
367 35
495 163
381 49
1 197
142 56
56 142
385 53
177 21
77 121
132 66
487 155
403 71
158 40
363 31
346 14
355 23
46 152
160 38
447 115
497 165
31 167
395 63
32 166
500 168
30 168
365 33
94 104
40 158
37 161
484 152
426 94
44 154
360 28
358 26
504 172
101 97
36 162
473 141
169 29
454 122
195 3
446 114
5 193
390 58
461 129
508 176
510 178
439 107
153 45
34 164
490 158
92 106
67 131
477 145
130 68
352 20
475 143
135 63
436 104
196 2
371 39
428 96
488 156
393 63
45 153
443 111
72 126
106 92
501 169
119 79
175 23
334 2
50 148
9 189
7 191
122 76
33 165
478 146
19 179
450 118
163 35
181 17
491 159
430 100
84 114
402 70
378 46
121 77
26 172
388 56
435 103
60 138
432 100
337 5
8 190
141 57
354 22
357 25
80 118
138 60
41 157
417 85
35 163
496 164
15 183
394 62
182 16
164 34
408 76
107 91
156 42
58 140
170 28
98 100
380 48
28 170
456 124
493 161
474 142
442 110
448 116
2 196
349 17
476 144
27 171
139 59
481 149
165 33
193 5
400 68
413 81
105 93
479 147
485 153
6 192
83 115
51 147
386 54
374 42
180 18
201 1
472 140
71 127
441 109
341 9
407 75
133 65
464 132
344 12
39 159
511 179
70 128
86 112
369 37
123 75
161 37
152 46
429 97
401 69
127 71
463 131
64 134
424 92
419 87
492 160
200 0
108 90
113 85
396 64
53 145
118 80
392 60
172 26
168 30
43 155
393 61
411 79
503 171
3 195
162 36
356 24
11 187
498 166
125 73
189 9
69 129
117 81
419 89
507 175
465 133
187 11
470 138
147 51
82 116
104 94
88 110
144 54
146 52
370 38
110 88
116 82
338 6
62 136
137 61
59 139
54 144
202 0
335 3
111 87
21 177
353 21
190 8
176 22
373 41
345 13
433 101
102 96
10 188
120 78
372 40
24 174
486 154
106 93
418 89
11 188
113 86
339 8
76 123
504 173
21 178
137 62
358 29
110 89
338 7
135 64
352 21
356 25
358 27
94 105
414 83
347 16
360 29
27 172
367 36
380 49
482 151
136 63
90 109
471 140
65 134
183 16
194 5
131 68
166 33
374 43
491 160
337 6
51 148
178 21
405 74
179 20
509 178
132 67
391 60
142 57
44 155
500 169
398 67
510 179
118 81
353 22
59 140
79 120
124 75
56 143
155 44
40 159
365 34
419 88
415 84
416 85
101 98
392 61
45 154
97 102
419 90
354 23
448 117
0 199
184 15
32 167
75 124
488 157
125 74
383 52
378 47
98 101
26 173
191 8
123 76
385 54
460 129
449 118
468 137
373 42
331 0
81 118
161 38
481 150
14 185
41 158
359 28
350 19
87 112
458 127
508 177
29 170
9 190
95 104
12 187
5 194
511 180
474 143
467 136
141 58
439 108
403 72
121 78
399 68
436 105
167 32
371 40
368 37
476 145
494 163
363 32
70 129
506 175
472 141
55 144
61 138
182 17
201 2
3 196
190 9
17 182
173 26
196 3
411 80
426 95
486 155
346 15
67 132
146 53
39 160
425 94
71 128
470 139
93 106
99 100
86 113
369 38
152 47
114 85
455 124
34 165
484 153
77 122
502 171
464 133
497 166
85 114
195 4
109 90
171 28
397 66
333 2
334 3
198 1
202 1
143 56
116 83
122 77
496 165
1 200
37 162
432 101
422 91
490 159
336 5
382 51
23 176
130 69
11 190
456 125
162 37
169 30
499 168
15 184
428 97
189 10
13 186
100 99
31 168
375 44
2 197
420 89
507 176
487 156
341 10
342 11
58 141
2 201
381 50
433 102
364 33
69 130
340 9
64 135
165 34
42 157
156 43
444 113
84 115
120 79
393 62
376 45
46 153
492 161
153 46
82 117
88 111
30 169
80 119
172 27
139 60
160 39
417 86
366 35
107 92
188 11
192 7
412 81
119 80
111 88
386 55
395 64
389 58
180 19
377 46
362 31
72 127
78 121
423 92
8 191
150 49
435 104
108 91
157 42
66 133
83 116
402 71
197 2
28 171
175 24
370 39
394 63
379 48
442 111
24 175
4 195
438 107
408 77
186 13
409 78
128 71
332 1
463 132
485 154
129 70
479 148
495 164
38 161
344 13
345 14
452 121
493 162
450 119
18 181
63 136
164 35
49 150
6 193
421 90
501 170
176 23
462 131
401 70
148 51
62 137
174 25
427 96
168 31
400 69
47 152
144 55
351 20
355 24
384 53
454 123
437 106
461 130
431 100
48 151
477 146
473 142
413 82
407 76
361 30
489 158
388 57
159 40
404 73
187 12
54 145
22 177
60 139
390 59
505 174
410 79
348 17
193 6
10 189
133 66
445 114
145 54
429 98
25 174
498 167
459 128
134 65
20 179
126 73
434 103
96 103
57 142
440 109
103 96
480 149
465 134
140 59
372 41
200 1
418 87
199 2
105 94
443 112
33 166
170 29
1 198
36 163
447 116
147 52
115 84
89 110
149 50
35 164
163 36
499 169
486 156
180 20
114 86
3 197
62 138
360 30
139 61
489 159
405 75
13 187
164 36
359 29
408 78
487 157
98 102
133 67
387 57
368 38
97 103
501 171
470 140
162 38
462 132
402 72
170 30
362 32
177 23
41 159
103 97
500 170
330 0
436 106
161 39
350 20
352 22
495 165
176 24
25 175
14 186
384 54
388 58
185 15
63 137
493 163
201 3
121 79
23 177
427 97
67 133
33 167
78 122
169 31
88 112
383 53
370 40
134 66
69 131
57 143
175 25
331 1
341 11
129 71
168 32
496 166
30 170
182 18
56 144
83 117
509 179
446 116
9 191
173 27
349 19
17 183
174 26
147 53
126 74
494 164
450 120
411 81
443 113
54 146
511 181
353 23
99 101
75 125
187 13
70 130
338 8
371 41
481 151
87 113
32 168
84 116
137 63
468 138
189 11
149 51
444 114
47 153
358 28
109 91
508 178
117 83
127 73
37 163
112 88
35 165
361 31
490 160
15 185
191 9
399 69
375 45
80 120
457 127
448 118
505 175
6 194
159 41
21 179
150 50
348 18
51 149
480 150
412 82
200 2
460 130
204 2
72 128
392 62
116 84
46 154
421 91
406 76
2 202
504 174
374 44
7 193
179 21
38 162
18 182
148 52
503 173
377 47
340 10
188 12
440 110
167 33
12 188
49 151
115 85
100 100
476 146
79 121
356 26
34 166
124 76
398 68
453 123
466 136
123 77
81 119
125 75
497 167
186 14
40 160
382 52
458 128
39 161
192 8
29 171
24 176
57 145
381 51
92 108
45 155
11 189
354 24
491 161
90 110
403 73
105 95
95 105
10 190
376 46
16 184
1 201
89 111
422 92
344 14
372 42
31 169
337 7
465 135
442 112
118 82
333 3
472 142
184 16
77 123
138 62
113 87
473 143
367 37
104 96
343 13
439 109
8 192
335 5
82 118
347 17
432 102
379 49
42 158
2 198
110 90
61 139
22 178
143 57
461 131
151 49
55 145
345 15
351 21
142 58
474 144
76 124
144 56
122 78
342 12
155 45
1 199
413 83
389 59
36 164
4 196
449 119
27 173
135 65
20 180
464 134
74 126
396 66
492 162
60 140
106 94
64 136
108 92
434 104
502 172
2 200
431 101
378 48
202 2
166 34
507 177
415 85
380 50
19 181
136 64
73 127
366 36
101 99
418 88
163 37
407 77
154 46
424 94
346 16
364 34
437 107
336 6
96 104
85 115
456 126
488 158
194 6
498 168
160 40
452 122
369 39
94 106
417 87
172 28
195 5
485 155
140 60
425 95
357 27
59 141
409 79
355 25
426 96
157 43
107 93
86 114
66 134
178 22
478 148
102 98
119 81
477 147
5 195
475 145
165 35
196 4
68 132
435 105
428 98
0 200
454 124
373 43
484 154
145 55
58 142
156 44
339 9
423 93
467 137
132 68
391 61
153 47
400 70
365 35
397 67
131 69
410 80
363 33
183 17
463 133
416 86
198 2
510 180
171 29
420 90
50 150
394 64
447 117
404 74
111 89
141 59
386 56
506 176
459 129
441 112
171 30
145 56
353 24
125 76
100 101
41 160
138 63
471 142
144 57
443 114
480 151
129 72
385 56
405 76
432 103
407 78
106 95
58 143
153 48
330 1
133 68
406 77
193 8
460 131
10 191
415 86
131 70
147 54
367 38
189 12
390 61
97 104
457 128
24 177
364 35
423 94
496 167
329 0
399 70
396 67
72 129
9 192
467 138
49 152
184 17
370 41
121 80
140 61
66 135
177 24
3 198
47 154
60 141
340 11
126 75
465 136
469 140
333 4
65 136
472 143
200 3
195 6
28 173
169 32
488 159
354 25
132 69
150 51
461 132
67 134
188 13
87 114
6 195
394 65
34 167
190 11
46 155
56 145
119 82
4 197
439 110
451 122
118 83
335 6
352 23
5 196
183 18
420 91
416 87
196 5
29 172
107 94
205 2
61 140
115 86
421 92
77 124
92 109
202 3
19 182
343 14
344 15
37 164
160 41
1 202
164 37
0 201
108 93
332 3
428 99
148 53
504 175
163 38
391 62
167 34
433 104
440 111
366 37
483 154
436 107
71 130
468 139
500 171
431 102
434 105
2 203
39 162
105 96
379 50
111 90
30 171
139 62
158 43
424 95
411 82
381 52
337 8
486 157
425 96
187 14
351 22
484 155
474 145
122 79
417 88
413 84
51 150
482 153
204 1
345 16
116 85
113 88
495 166
404 75
507 178
338 9
376 47
494 165
382 53
173 28
191 10
96 105
178 23
491 162
36 165
378 49
359 30
466 137
40 161
342 13
362 33
388 59
127 74
94 107
82 119
454 125
110 91
73 128
386 57
63 138
389 60
130 71
50 151
21 180
506 177
14 187
493 164
137 64
86 115
192 9
476 147
387 58
109 92
373 44
397 68
395 66
368 39
155 46
350 21
59 142
154 47
79 122
331 2
448 119
16 185
479 150
31 170
453 124
142 59
442 113
destination
