map
random512-20-4.map
pivot
446 7
agent & start
58 319
47 306
15 276
37 298
3 264
220 481
122 381
87 348
41 300
230 489
151 412
84 345
214 475
97 358
2 263
80 341
238 495
19 280
28 289
172 433
48 305
125 386
55 316
113 374
182 443
185 446
234 495
9 270
236 495
156 417
165 426
153 414
53 314
106 367
126 387
93 354
7 268
85 346
240 501
187 448
138 399
42 303
178 439
111 372
209 470
223 484
105 366
150 411
86 347
235 496
181 440
0 261
104 365
96 357
241 502
154 415
41 302
161 422
202 463
246 507
180 441
72 333
175 436
136 397
173 434
196 457
101 362
98 359
195 456
191 452
132 393
212 473
215 476
4 265
190 451
59 320
250 511
21 282
171 430
238 499
69 330
83 344
14 275
68 329
139 398
201 462
192 453
247 508
237 494
197 458
170 431
95 356
164 425
22 283
145 404
82 343
13 274
210 471
64 325
43 304
35 294
237 496
8 269
65 326
124 385
109 370
239 500
133 392
143 404
44 305
194 455
248 509
46 307
30 291
213 474
182 441
183 440
18 279
177 438
39 300
205 466
81 342
130 391
128 389
168 429
62 323
118 379
108 369
134 395
182 439
147 408
189 450
184 445
129 390
33 294
24 285
176 437
45 306
200 461
193 454
162 423
236 497
17 278
242 503
186 447
158 419
207 468
131 392
54 311
183 444
91 352
204 465
73 334
16 277
11 272
217 478
79 340
218 479
163 424
148 409
32 293
66 327
203 464
117 378
166 427
42 299
26 287
38 299
243 504
199 460
61 322
89 350
70 331
116 377
114 375
249 510
90 351
75 336
34 295
219 480
225 486
81 340
74 335
226 487
174 435
29 290
54 315
221 482
160 421
200 459
139 400
149 410
155 416
159 420
228 489
107 368
100 361
25 286
229 490
54 309
destination
