map
random512-35-5.map
pivot
196 310
agent & start
492 63
497 64
498 64
496 64
492 62
497 63
493 63
498 63
494 63
493 62
496 63
497 62
493 61
495 63
494 62
498 62
494 61
498 61
511 58
506 61
495 62
499 62
511 57
496 60
499 61
505 61
508 56
495 61
500 62
510 58
506 60
507 56
510 57
504 61
508 57
495 60
505 60
511 56
496 59
500 61
501 62
509 56
503 61
507 57
502 62
510 56
511 55
504 60
496 58
511 49
501 61
495 59
510 49
511 50
497 58
502 61
495 58
510 55
504 59
501 60
505 58
503 60
506 57
509 49
505 57
497 57
502 60
511 51
510 50
493 55
510 54
492 54
494 58
498 58
504 58
490 54
510 51
498 57
511 52
502 59
490 55
491 54
509 50
493 56
492 55
503 58
493 58
505 56
509 54
510 52
502 58
500 58
509 51
493 57
499 57
509 53
492 58
503 57
505 55
491 55
destination
