map
random512-10-4.map
pivot
93 46
agent & start
488 351
451 388
409 430
380 459
474 365
477 362
336 503
439 400
483 356
482 357
465 374
431 408
338 501
358 481
448 391
497 342
503 336
492 347
476 363
434 405
343 496
329 510
328 511
507 332
407 432
382 457
388 451
437 402
398 441
412 427
348 491
484 355
427 412
405 434
417 422
457 382
369 470
446 393
411 428
357 482
353 486
491 348
478 361
397 442
422 417
390 449
499 340
456 383
460 379
386 453
441 398
433 406
442 397
384 455
351 488
485 354
506 333
335 504
505 334
440 399
489 350
392 447
381 458
339 500
347 492
481 358
393 446
373 466
425 414
330 509
464 375
408 431
375 464
416 421
468 371
486 353
472 367
423 416
333 506
403 436
459 380
385 454
389 450
471 368
371 468
455 384
450 389
463 376
377 462
452 387
363 476
453 386
346 493
426 413
413 426
337 502
475 364
470 369
402 437
480 359
399 440
374 465
414 425
410 429
396 443
341 498
361 478
499 338
479 360
494 345
444 395
349 490
344 495
365 474
436 403
473 366
438 401
461 378
383 456
340 499
469 370
430 409
368 471
364 475
493 346
370 469
462 377
508 331
490 349
502 337
355 484
496 343
376 463
404 435
350 489
498 341
354 485
418 421
429 410
454 385
445 394
391 448
501 338
415 424
331 508
509 330
511 328
428 411
510 329
334 505
379 460
362 477
342 497
356 483
487 352
500 339
401 438
495 344
467 372
420 419
366 473
449 390
360 479
435 404
424 415
363 475
442 396
462 376
437 401
461 377
344 494
364 474
412 426
457 381
327 511
477 361
410 428
445 393
506 332
482 356
343 495
341 497
508 330
431 407
377 461
446 392
428 410
444 394
505 333
378 460
379 459
358 480
484 354
503 335
453 385
362 476
409 429
391 447
332 506
441 397
destination
