map
random512-15-3.map
pivot
372 235
agent & start
1 511
2 511
1 510
3 511
2 510
0 508
0 507
4 511
3 510
1 508
2 509
1 507
2 508
4 510
3 509
0 506
2 507
1 506
4 509
6 511
5 510
3 508
0 505
1 505
7 511
5 509
6 510
4 508
3 507
2 506
2 505
0 503
8 511
6 509
4 507
3 506
7 510
5 508
3 505
5 507
4 506
6 508
1 503
0 502
2 504
9 511
7 509
5 506
1 502
9 510
4 505
3 504
7 508
0 501
2 503
8 509
9 509
8 508
0 500
3 503
7 507
6 506
1 501
2 502
4 504
10 509
3 502
7 506
0 499
2 501
4 503
1 500
8 507
5 504
11 510
10 508
12 510
8 506
6 504
3 501
2 500
7 505
1 499
0 498
11 509
5 503
9 507
13 511
5 502
11 506
10 507
0 497
3 500
12 509
6 503
8 505
11 508
14 511
1 498
2 499
9 506
13 510
10 506
13 509
9 505
1 497
4 500
2 498
12 508
11 507
5 501
7 503
14 510
6 502
3 499
0 496
4 499
3 498
10 505
7 502
6 501
12 507
2 497
8 503
15 510
9 504
5 500
1 496
14 509
16 511
10 504
2 496
13 507
3 497
17 511
16 510
6 500
15 509
4 498
0 494
5 499
7 501
9 503
14 508
0 493
4 497
6 499
8 501
18 511
1 494
12 505
10 503
14 507
16 509
11 504
13 506
5 498
3 496
1 493
13 505
17 509
3 495
4 496
6 498
14 506
0 492
2 494
18 510
10 502
9 501
8 500
5 497
11 503
16 508
12 504
19 511
18 509
15 506
13 504
12 503
3 494
5 496
6 497
2 493
16 507
11 502
4 495
20 511
14 505
0 491
1 492
8 499
9 500
3 493
4 494
14 504
2 492
8 498
0 490
7 497
10 500
11 501
12 502
16 506
15 505
20 510
6 496
1 491
19 509
13 503
21 511
3 491
9 499
2 491
3 492
7 496
4 493
13 502
15 504
12 501
16 505
6 495
11 500
8 497
9 498
10 499
21 510
20 509
1 490
0 489
17 506
5 494
22 511
23 511
1 489
17 505
13 501
2 490
15 503
16 504
14 502
21 509
20 508
5 493
0 488
11 499
19 507
10 498
4 492
7 495
1 487
24 510
12 500
9 497
0 487
2 489
21 508
20 507
12 499
1 488
11 498
16 503
18 505
15 502
13 500
8 495
14 501
17 504
23 510
24 511
10 497
19 506
5 492
9 496
12 498
15 499
21 507
2 488
13 499
9 495
5 491
8 494
16 502
6 492
10 496
18 504
11 497
25 511
20 506
4 490
19 505
23 509
0 486
22 508
15 501
13 498
11 496
12 497
4 489
17 502
15 500
5 490
18 503
22 507
9 494
26 511
21 506
14 499
16 501
23 508
19 504
0 485
3 488
8 493
20 505
6 491
19 503
8 492
4 488
25 509
3 487
9 493
11 495
17 501
16 500
14 498
21 505
20 504
18 502
27 511
23 507
22 506
7 491
24 508
12 496
1 485
5 489
6 490
26 510
0 484
24 507
1 484
8 491
9 492
28 511
11 494
21 504
6 489
22 505
7 490
13 496
27 510
2 485
12 495
18 501
4 487
25 508
0 483
5 488
17 500
14 497
19 502
23 504
26 509
26 508
21 503
9 491
7 489
24 506
0 482
13 495
15 497
29 511
22 504
4 486
2 484
14 496
18 500
6 488
3 485
25 507
10 492
8 490
11 493
19 501
23 505
28 510
20 502
17 499
1 483
14 495
10 491
8 489
25 506
21 502
2 483
29 510
19 500
11 492
17 498
3 484
16 497
12 493
18 499
15 496
0 481
22 503
24 505
6 487
28 509
30 511
1 482
26 507
4 485
13 494
0 480
31 511
4 484
8 488
11 491
25 505
17 497
26 506
9 489
2 482
15 495
29 509
22 502
12 492
20 500
13 493
8 486
21 501
19 499
1 481
27 507
14 494
16 496
30 510
7 487
28 508
18 498
9 488
16 495
28 507
2 481
29 508
27 506
20 499
5 484
1 480
30 509
22 501
8 487
25 504
10 489
31 510
0 479
21 500
17 496
15 494
7 486
26 505
4 483
23 502
19 498
11 490
32 511
13 492
9 486
17 495
9 487
26 504
20 498
22 500
29 507
2 480
7 485
15 493
31 509
16 494
4 482
1 479
13 491
10 488
32 510
11 489
19 497
23 501
30 508
24 502
28 506
18 496
3 481
12 490
6 484
0 478
25 501
14 492
25 502
22 499
1 478
6 483
32 509
2 479
23 500
15 492
14 491
18 495
7 484
12 489
30 507
11 488
20 497
16 493
27 504
31 508
17 494
28 505
26 501
3 480
24 501
0 477
4 481
10 487
5 482
19 495
31 507
30 506
24 500
1 477
7 483
20 496
26 500
11 487
18 494
23 499
14 490
29 505
26 502
28 504
16 492
2 478
4 480
8 484
27 503
5 481
0 476
32 508
12 488
3 479
6 482
17 493
19 494
1 476
18 493
10 485
33 508
26 499
5 480
27 502
11 486
28 503
16 491
29 504
7 482
13 488
12 487
2 477
24 499
20 495
21 496
32 507
15 490
30 505
3 478
4 479
17 492
9 484
15 489
20 494
21 495
4 478
19 493
1 475
9 483
5 479
14 488
28 502
31 505
0 474
33 507
27 497
29 503
16 490
30 504
6 480
11 485
25 499
8 482
3 477
7 481
2 476
10 484
26 498
17 491
32 506
35 509
13 487
5 478
11 484
36 509
22 495
16 489
1 474
12 485
18 491
34 507
32 505
0 473
33 506
2 475
25 498
4 477
24 497
8 481
17 490
7 480
28 497
23 496
9 482
31 504
15 488
13 486
28 501
30 503
21 494
29 502
10 483
6 479
26 497
14 487
19 492
35 508
27 498
5 477
20 492
29 501
8 480
12 484
14 486
23 495
19 491
28 498
31 503
26 496
10 482
7 479
24 496
17 489
24 492
2 474
36 508
1 473
33 505
3 475
30 502
25 497
9 481
21 493
11 483
16 488
4 476
38 510
0 472
23 493
28 500
34 506
39 511
6 478
33 504
15 486
24 495
1 472
7 478
29 500
18 489
22 493
4 475
20 491
25 496
32 503
12 483
10 481
31 502
39 510
2 473
17 488
35 506
5 476
23 492
30 501
36 507
38 509
28 499
4 473
3 474
6 477
24 493
34 505
16 487
9 480
13 484
37 508
21 492
40 511
23 494
10 480
21 491
29 499
4 474
35 505
32 502
18 488
0 0
15 485
41 511
7 477
37 507
6 476
40 510
39 509
31 501
16 486
24 494
13 483
9 479
34 504
14 484
2 472
11 481
4 472
23 491
19 489
36 506
17 487
20 490
22 492
30 500
25 495
8 478
33 503
10 479
5 474
9 478
2 471
40 509
25 494
32 501
10 477
0 1
12 481
30 499
38 507
37 506
42 511
31 500
33 502
41 510
18 487
39 508
21 490
22 491
35 504
15 484
20 489
7 476
36 505
1 0
16 485
17 486
6 475
14 483
19 488
11 480
34 503
3 472
11 479
26 494
34 502
6 474
17 485
13 481
31 499
16 484
12 480
1 1
36 504
7 475
18 486
2 468
40 508
10 478
43 511
15 483
19 487
14 482
38 506
37 505
8 476
42 510
35 503
20 488
32 500
2 470
30 498
41 509
22 490
10 476
0 468
3 471
27 495
16 483
2 467
15 482
32 499
7 474
13 480
2 469
35 502
17 484
0 467
20 487
5 470
26 493
40 507
8 475
3 470
19 486
27 494
29 496
31 498
14 481
36 503
28 495
37 504
0 3
39 506
33 500
2 1
38 505
44 511
11 478
9 476
18 485
30 497
6 473
1 2
22 489
8 473
42 509
3 0
43 510
34 501
1 468
40 506
27 493
19 483
33 499
3 1
38 504
0 4
12 478
17 483
16 482
26 492
4 0
37 503
41 507
3 469
0 466
8 474
28 494
1 3
32 498
29 495
44 510
30 496
43 509
9 475
7 473
23 489
15 481
6 472
14 480
31 497
1 467
35 501
20 486
5 471
4 470
19 485
34 500
18 484
7 472
42 507
18 483
41 506
14 479
12 477
17 482
28 493
29 494
16 481
1 464
19 484
34 499
21 486
27 492
20 485
35 500
2 3
37 502
36 501
25 490
4 1
43 508
9 474
13 478
4 469
40 505
23 488
38 503
15 480
1 466
3 2
1 4
0 5
24 489
44 509
6 471
32 497
0 465
30 495
39 504
5 1
16 480
2 4
21 485
0 6
1 465
28 492
13 477
31 495
18 482
17 481
14 478
6 0
24 488
15 479
0 464
11 475
37 501
42 506
20 484
38 502
25 489
36 500
4 2
29 493
4 468
47 511
22 486
26 490
39 503
1 5
41 505
34 498
7 471
44 508
12 476
35 499
3 3
10 474
27 491
33 497
46 510
43 507
30 494
32 496
13 476
21 484
34 497
6 1
17 480
14 477
0 7
25 488
2 465
0 463
37 500
26 489
40 503
44 507
15 478
18 481
33 494
47 510
23 486
48 511
1 6
39 502
7 0
5 2
5 468
10 473
2 5
12 475
43 506
46 509
8 471
4 467
31 494
11 474
45 508
36 499
16 479
1 462
29 492
33 496
28 491
4 3
30 493
27 490
7 470
24 487
42 505
0 462
43 505
37 499
15 475
0 8
41 503
29 491
8 0
7 1
31 493
8 470
47 509
1 7
1 461
30 492
39 501
11 473
19 481
36 498
24 486
25 487
22 484
45 507
27 489
4 4
32 494
18 480
2 6
49 511
21 483
38 500
28 490
3 465
5 467
33 495
35 497
16 478
42 504
13 475
34 496
23 485
6 468
26 488
44 506
12 474
15 477
6 2
7 469
40 502
12 471
12 473
16 477
45 506
7 2
45 504
3 464
40 501
8 469
22 483
5 4
47 508
36 497
4 5
0 461
49 510
39 500
5 466
6 3
32 493
23 484
34 495
42 503
17 478
37 498
2 7
46 507
38 499
35 496
19 480
9 470
43 504
41 502
44 505
16 475
3 6
30 491
24 485
28 489
13 474
11 472
10 471
9 0
4 465
15 476
1 8
26 487
48 509
0 9
7 468
47 507
18 478
49 509
5 465
5 5
45 505
32 492
26 486
38 498
40 500
36 496
39 499
35 495
3 7
0 460
28 488
12 472
46 506
27 485
7 467
50 510
37 495
2 8
51 511
30 490
48 508
41 501
3 463
42 502
44 504
23 483
27 487
6 466
6 4
4 6
22 482
43 503
14 474
9 1
13 473
11 471
4 464
10 470
7 3
20 480
25 485
17 477
13 471
16 476
24 484
31 491
19 479
8 468
0 10
11 0
4 463
0 11
19 478
44 503
48 507
31 490
24 483
51 510
5 464
7 466
26 485
10 469
11 470
7 4
2 9
49 508
30 489
38 497
35 494
9 468
40 499
17 476
36 495
25 484
10 1
23 482
33 492
1 10
6 5
32 491
52 511
14 473
50 509
21 480
42 501
37 496
3 8
28 487
43 502
8 467
47 506
5 6
39 498
34 493
0 459
27 486
13 472
46 505
40 498
26 484
11 1
53 511
41 499
28 486
43 501
14 472
12 0
15 473
24 482
11 469
2 460
29 487
20 478
30 488
50 508
9 3
4 462
51 509
31 489
8 466
5 463
35 493
1 459
10 2
7 5
7 465
10 468
6 6
2 10
47 505
3 9
23 481
38 496
9 467
0 12
0 458
48 506
49 507
36 494
6 464
33 491
21 479
8 4
18 476
34 492
22 480
44 502
4 8
44 501
6 463
2 459
29 486
8 465
41 498
33 490
9 466
11 468
24 481
6 461
12 469
2 11
11 2
32 489
26 483
35 492
16 473
7 6
47 504
10 3
1 458
13 0
3 10
14 469
25 482
30 487
0 13
23 480
45 502
46 503
52 509
12 1
3 460
4 9
9 4
6 7
48 505
39 496
8 5
7 464
18 475
15 472
0 457
51 508
10 467
31 488
5 8
5 462
20 477
1 12
36 493
40 497
49 506
22 479
53 510
43 500
11 4
19 476
32 488
11 467
30 486
16 472
42 498
14 468
43 499
25 481
10 4
22 478
4 10
47 503
34 490
24 480
23 479
45 501
26 482
6 462
45 499
54 510
51 507
33 489
15 471
41 497
13 1
6 8
5 461
36 492
2 458
49 505
28 484
9 5
40 496
53 509
44 500
48 504
19 475
0 14
29 485
8 6
37 493
35 491
4 460
1 13
46 502
50 506
9 465
11 3
5 9
12 2
7 463
10 466
1 457
20 476
2 12
39 495
52 508
3 11
14 470
8 464
12 468
0 456
55 511
14 0
31 487
21 477
29 484
24 479
4 459
44 499
54 509
8 7
53 508
7 8
7 462
1 14
32 487
0 15
31 486
4 11
5 10
8 463
25 480
10 5
51 504
31 484
26 477
36 491
12 3
37 492
43 498
23 478
16 471
2 457
45 500
22 477
13 2
56 511
12 467
50 505
30 485
0 455
41 496
15 470
19 474
15 466
48 503
9 464
3 458
3 12
51 506
49 504
35 490
21 476
13 468
28 483
40 495
47 502
11 466
17 472
55 510
46 501
9 6
33 488
5 460
2 13
52 507
38 493
1 456
14 1
14 467
15 468
42 497
27 482
25 478
20 475
15 0
6 9
56 509
26 481
4 458
15 465
1 15
48 502
35 489
8 8
24 478
34 488
56 510
31 485
25 477
36 490
52 506
27 477
54 508
17 471
27 481
42 496
53 507
14 466
25 479
29 483
13 3
31 483
44 498
3 13
40 494
8 462
0 16
50 504
47 501
0 454
9 7
1 455
9 463
26 478
16 470
51 505
38 492
4 12
26 476
18 472
16 468
13 467
5 11
3 457
11 465
16 0
10 6
57 511
37 491
55 509
5 459
41 495
7 9
43 497
10 464
23 477
20 474
46 500
32 486
21 475
28 482
14 2
19 473
49 503
6 10
2 14
2 456
44 497
22 475
11 6
52 505
0 17
55 508
11 464
2 15
29 482
21 474
17 470
35 488
39 492
57 510
37 490
31 482
53 506
1 454
16 469
42 495
14 465
9 462
2 455
3 14
25 476
20 473
27 480
9 8
3 456
40 493
7 10
4 13
12 465
16 1
27 478
13 4
38 491
48 501
13 466
14 3
47 500
32 485
41 494
7 460
1 16
33 486
23 476
5 458
8 9
50 503
36 489
18 471
10 7
6 459
30 483
17 468
28 481
5 12
10 463
24 477
26 479
8 461
58 511
28 477
17 0
6 11
34 487
19 472
5 13
7 459
42 494
50 502
24 476
3 455
34 486
28 478
2 16
43 495
18 0
7 11
21 473
25 475
10 8
6 458
27 479
9 9
1 17
54 506
44 496
12 464
17 469
4 14
59 511
38 490
46 498
4 456
18 470
1 453
2 454
55 507
13 465
16 2
37 489
23 475
19 471
5 457
30 482
36 488
53 505
11 7
33 485
11 463
40 492
14 4
13 5
3 15
39 491
10 462
18 468
45 497
0 18
48 500
9 461
6 12
0 452
49 501
17 1
29 481
15 3
12 6
22 474
8 460
58 510
47 499
8 11
44 495
17 2
35 486
39 490
13 6
22 473
43 494
0 451
20 471
47 498
1 18
58 509
21 472
38 489
25 474
4 15
1 452
10 9
3 16
40 491
41 490
54 505
42 489
51 502
50 501
59 510
3 18
9 10
8 459
12 7
11 462
46 497
5 14
7 12
2 17
6 13
49 500
12 463
37 488
2 453
53 504
4 455
13 464
41 492
42 493
23 474
30 481
19 470
60 511
15 4
24 475
3 454
18 469
36 487
56 507
11 8
33 484
19 0
28 479
16 3
34 485
29 480
5 456
7 458
10 461
33 483
43 493
7 457
3 17
56 506
35 485
59 509
55 505
18 2
0 450
4 454
10 10
2 18
42 490
14 462
54 504
7 13
8 458
37 487
4 16
49 499
60 510
46 496
30 480
21 471
41 491
58 508
10 460
4 18
19 1
34 484
16 4
8 12
17 3
5 455
36 486
15 5
9 11
14 6
29 479
9 459
42 492
51 501
20 0
2 452
12 8
24 474
44 494
25 473
19 469
39 489
43 489
3 453
23 473
11 461
12 462
57 507
13 7
45 495
0 20
11 9
1 19
20 470
38 488
48 498
13 463
61 511
5 15
50 500
6 14
6 456
47 497
19 2
1 20
16 5
7 456
23 472
13 462
42 491
39 488
44 493
37 486
62 511
7 14
55 504
10 459
52 501
8 13
22 471
10 11
8 457
2 451
46 495
4 453
36 485
17 4
5 18
20 469
58 507
13 8
31 480
11 460
59 508
21 470
3 452
9 458
24 473
34 483
57 506
49 498
5 16
50 499
6 15
56 505
14 463
15 6
0 449
47 496
48 497
2 19
0 21
12 9
43 492
5 454
17 466
35 484
4 17
43 490
18 3
20 1
9 12
40 489
11 10
12 461
61 510
30 479
12 10
38 486
17 5
33 481
18 4
3 451
15 463
10 12
43 491
6 454
15 7
39 487
13 461
32 480
21 469
21 1
8 456
4 452
2 20
14 8
0 22
7 455
47 495
20 2
35 483
49 497
51 499
11 459
11 11
16 6
1 449
61 509
55 503
5 17
17 465
22 470
52 500
8 14
10 458
9 457
18 466
50 498
6 18
13 9
63 511
40 488
31 479
44 492
36 484
24 472
60 508
16 464
45 493
19 3
7 15
59 507
23 471
48 496
58 506
56 504
61 508
17 464
37 484
36 483
12 459
8 15
35 482
10 13
3 450
10 457
1 448
38 485
5 452
19 4
32 479
34 481
23 0
7 454
33 480
50 497
6 453
11 458
1 22
62 509
56 503
58 505
48 495
19 466
16 463
45 492
44 491
12 11
15 8
23 470
14 9
18 465
4 451
41 488
52 499
9 456
57 504
13 460
0 447
13 10
60 507
17 6
24 471
destination
