map
random512-25-9.map
pivot
220 199
agent & start
511 511
510 511
511 510
509 511
510 510
508 511
509 510
509 509
508 510
507 511
508 509
506 511
508 508
505 511
504 511
508 507
504 510
506 508
508 506
503 511
507 507
504 509
505 508
503 510
506 507
511 502
502 511
507 506
502 510
501 511
504 508
509 503
509 501
510 502
505 507
508 504
503 509
506 506
508 500
507 505
511 501
509 502
501 510
511 500
507 504
507 500
508 501
503 508
508 503
500 511
506 505
504 507
509 500
505 506
502 509
499 511
511 499
507 501
504 506
509 499
506 504
500 508
500 510
503 507
507 503
505 505
502 508
510 500
508 502
504 505
510 499
507 502
505 504
500 509
498 511
511 498
501 508
502 507
503 506
499 508
511 497
502 506
501 507
499 509
510 498
504 504
503 505
505 503
498 510
506 502
502 505
505 502
501 506
510 497
511 496
498 509
503 504
500 506
504 502
508 498
destination
