map
random512-25-3.map
pivot
384 87
agent & start
56 459
1 404
81 484
89 492
77 480
106 505
18 417
80 483
18 421
24 427
57 460
111 504
4 407
6 409
79 480
92 495
0 403
54 457
71 474
88 491
107 506
59 462
8 409
36 439
55 458
5 408
83 486
45 448
13 416
86 489
63 464
61 464
50 453
83 480
7 410
95 496
30 433
102 503
75 478
14 417
91 494
104 503
58 461
97 498
87 490
66 467
8 411
34 437
16 419
73 476
17 418
105 504
96 497
19 422
16 417
109 506
3 406
27 430
9 408
10 407
2 405
69 472
35 438
85 488
112 505
84 487
76 479
32 435
48 451
13 414
37 440
90 493
68 471
70 473
25 428
72 475
66 469
110 511
12 415
39 442
103 504
44 447
17 420
40 443
82 485
81 482
72 474
19 421
13 415
96 496
37 439
14 416
112 506
99 497
32 434
89 491
24 426
111 505
58 458
26 428
71 473
14 414
68 470
78 480
4 406
111 511
41 443
9 407
55 457
25 427
34 436
18 418
88 490
98 498
45 447
110 506
81 483
104 502
101 501
76 478
75 477
91 493
43 445
107 505
27 429
102 502
73 475
62 464
7 409
57 459
6 408
31 433
90 492
8 408
85 487
17 419
58 460
40 442
92 494
1 403
82 484
97 497
15 417
8 410
48 450
28 430
86 488
70 472
103 503
106 504
3 405
59 461
51 451
83 485
67 469
60 462
67 467
84 486
51 453
82 482
35 437
22 424
5 407
19 417
83 481
110 510
36 436
56 458
45 446
33 434
2 403
15 416
35 436
55 456
78 479
98 497
90 491
86 487
92 493
110 507
68 469
87 488
14 415
5 406
23 424
77 478
42 443
51 450
73 474
97 496
32 433
102 501
71 472
31 432
50 451
44 445
38 439
83 484
41 442
3 404
22 423
7 408
89 490
19 420
72 473
82 483
104 501
101 500
69 470
112 511
47 446
59 460
26 427
76 477
107 504
61 462
0 401
111 506
51 452
91 492
52 453
19 418
93 494
48 449
84 485
83 482
20 417
1 402
6 407
57 458
43 444
58 459
67 468
25 426
49 450
60 461
100 499
85 486
28 429
36 437
37 438
8 407
21 422
103 502
62 463
88 489
99 498
18 419
70 471
111 510
74 475
9 410
34 435
55 455
49 449
102 500
26 426
85 485
88 488
23 423
10 410
3 403
70 470
110 508
69 469
50 450
112 510
62 462
59 459
52 452
38 438
25 425
91 491
39 439
2 402
93 493
45 445
1 401
113 511
56 456
40 440
22 422
28 428
53 453
37 437
111 507
73 473
34 434
107 503
101 499
57 457
31 431
84 484
77 477
6 406
35 435
48 448
98 496
61 461
24 424
21 421
111 509
76 476
27 427
103 501
94 494
83 483
46 446
41 441
75 475
0 400
43 443
42 442
44 444
7 407
47 447
72 472
19 419
100 498
86 486
15 415
20 418
89 489
68 468
4 404
78 478
32 432
21 420
6 405
48 447
89 488
53 452
57 456
40 439
90 489
20 419
11 410
72 471
35 434
32 431
114 511
16 415
101 496
42 441
70 469
111 508
94 493
28 427
77 476
55 454
22 421
44 443
64 463
33 432
74 473
75 474
107 502
27 426
43 442
4 403
65 462
60 459
113 510
108 503
98 495
50 449
112 509
71 470
78 477
56 455
102 499
45 444
86 485
63 462
101 498
103 500
0 399
85 484
87 486
41 440
88 487
7 406
54 453
5 404
23 422
34 433
95 494
31 430
2 401
46 445
62 461
26 425
1 400
92 491
84 483
24 423
38 437
69 468
91 490
112 508
3 401
14 412
31 429
28 426
76 474
71 469
87 485
64 462
27 425
46 444
62 460
6 404
22 420
0 398
58 456
16 414
25 423
43 441
65 463
56 454
5 403
50 448
30 428
66 462
49 447
102 496
88 486
55 453
59 455
115 511
21 419
54 452
32 430
17 415
89 487
91 489
70 468
100 496
98 494
74 472
12 410
114 510
26 424
73 471
79 477
23 421
95 493
35 433
44 442
99 493
85 483
2 400
93 491
57 455
75 473
78 476
29 427
45 443
33 431
102 498
96 494
34 432
101 497
77 475
7 405
38 436
103 499
69 467
108 502
11 409
60 458
66 464
72 470
41 439
115 510
30 427
50 447
32 429
42 439
14 411
97 494
25 422
6 403
22 419
89 486
64 461
51 448
27 424
56 453
66 463
2 399
54 451
13 410
86 483
73 470
46 443
102 497
69 466
15 412
44 441
38 435
59 456
74 471
39 436
0 397
57 454
79 476
41 438
71 468
72 469
29 426
23 420
31 428
33 430
113 508
61 458
88 485
104 499
12 409
99 494
58 455
8 405
43 440
45 442
92 489
108 501
114 509
40 437
95 492
63 460
68 465
17 414
67 464
85 482
70 467
26 423
75 472
77 474
93 490
91 488
98 493
11 406
3 400
1 398
80 477
49 446
55 452
35 432
93 488
28 425
94 487
100 495
34 431
62 458
58 454
105 499
46 440
64 458
50 446
43 439
68 464
67 463
39 435
48 444
12 406
90 486
28 424
24 420
77 471
96 492
0 396
6 400
29 425
81 477
103 497
17 413
47 443
23 419
26 422
64 460
8 404
100 494
38 434
91 487
71 467
45 441
115 509
93 487
89 485
51 447
46 442
69 465
79 475
12 408
88 484
34 430
65 457
94 488
14 410
75 471
87 483
97 493
76 472
55 451
13 409
66 456
57 453
92 488
40 436
11 405
116 510
22 418
7 403
114 508
78 470
27 423
35 431
98 492
60 456
70 466
73 469
108 500
33 429
15 411
31 427
42 438
25 421
41 437
93 489
3 399
95 491
1 397
86 482
32 428
63 459
18 414
78 474
94 490
61 457
16 412
85 481
2 398
109 501
78 473
70 465
65 456
92 487
4 399
67 456
42 437
36 431
24 419
51 446
64 457
71 466
2 397
25 420
63 458
95 488
39 434
47 442
28 423
72 467
45 440
13 404
23 418
15 410
104 497
58 453
50 443
22 417
105 498
97 492
5 400
18 413
35 430
90 485
3 398
21 416
31 426
43 438
6 399
96 491
77 470
33 428
32 427
57 452
65 458
12 405
109 500
79 474
64 459
27 422
83 478
116 509
91 486
66 457
50 445
114 507
48 443
82 477
106 499
76 471
0 395
54 449
94 489
79 470
17 412
77 472
40 435
38 433
56 451
19 414
34 429
41 436
65 460
93 486
14 409
69 464
30 425
46 441
74 469
101 494
88 483
80 475
52 447
68 463
61 456
73 468
81 476
89 484
13 408
86 481
55 450
8 403
1 396
49 444
13 405
96 490
28 422
79 471
80 470
115 507
5 399
56 450
83 477
77 469
17 411
73 467
55 449
2 394
67 461
104 496
74 468
23 417
44 438
76 470
14 408
25 419
116 508
80 474
62 456
51 445
15 409
86 480
109 499
33 427
31 425
91 485
64 456
34 428
45 439
41 435
22 414
82 476
97 491
89 483
40 434
3 393
47 441
78 472
81 475
93 485
43 437
101 493
110 498
117 509
57 451
19 413
70 464
39 433
1 395
106 498
0 394
88 482
65 459
4 398
36 430
111 497
58 452
100 492
3 397
72 466
54 448
12 404
32 426
66 458
102 494
84 478
21 415
9 403
49 443
95 489
63 457
67 457
85 477
18 412
66 460
53 447
50 444
107 499
22 416
92 486
68 462
90 484
37 431
71 465
2 393
5 398
25 418
66 459
71 464
54 447
35 428
114 505
110 497
3 396
83 476
39 432
81 474
48 441
18 411
96 489
67 458
111 498
102 493
15 408
85 476
89 482
52 445
10 403
110 499
101 492
91 484
112 503
67 460
4 397
41 434
29 422
20 413
109 498
115 506
105 496
59 452
44 437
32 425
87 480
21 414
12 403
104 495
64 455
100 491
14 405
76 469
26 419
2 395
43 436
56 449
85 478
17 410
4 393
103 494
79 472
80 471
14 407
24 417
51 444
34 427
117 508
92 485
82 475
45 438
90 483
118 509
95 484
49 442
88 481
40 433
86 479
107 498
53 446
68 461
97 490
75 468
84 477
22 415
63 456
113 504
1 394
72 465
42 435
37 430
57 450
74 467
24 416
85 475
74 466
99 491
88 480
25 417
117 507
15 405
4 394
19 409
105 495
44 436
3 395
15 407
84 476
18 410
10 400
14 406
5 397
60 452
56 448
42 434
103 493
40 432
35 427
114 504
67 459
92 484
80 472
86 476
89 481
48 440
45 437
54 444
91 483
57 437
73 465
111 499
102 492
57 449
87 475
52 444
112 502
75 467
46 438
41 433
11 403
47 439
71 463
82 474
21 413
49 441
76 468
68 460
37 429
36 428
87 479
23 415
109 497
38 430
115 505
95 485
4 396
26 418
104 494
29 421
113 503
97 489
27 419
58 450
55 447
119 509
115 503
17 409
72 464
54 446
16 408
63 455
30 422
107 497
86 478
106 496
28 418
96 484
32 424
98 490
1 393
0 392
81 471
83 475
81 473
15 406
99 490
19 410
86 475
115 502
76 467
103 492
119 508
71 462
1 392
9 400
59 450
4 395
112 499
104 493
21 412
26 417
58 437
105 494
44 435
55 444
57 448
47 438
5 396
38 429
74 463
53 444
97 488
54 445
74 465
88 479
96 485
117 506
88 475
41 432
115 504
87 478
56 437
39 430
55 446
95 486
84 475
5 394
40 431
70 461
28 419
87 476
28 417
58 449
69 460
42 433
91 482
52 443
96 487
81 472
92 483
20 411
106 495
63 454
114 503
60 451
72 463
83 474
89 480
24 415
73 464
17 408
10 401
113 502
31 422
61 452
11 402
57 438
18 409
68 459
0 391
48 439
45 436
116 505
108 497
50 441
90 481
15 404
35 426
33 424
109 496
36 427
32 423
30 421
61 451
47 437
60 450
73 463
88 474
33 423
75 465
96 486
58 438
102 490
16 406
104 492
13 401
93 483
9 399
56 444
113 501
109 495
92 482
31 421
29 419
56 438
41 431
30 420
28 416
21 411
1 391
42 432
54 442
98 488
45 435
0 390
11 401
6 396
72 462
58 448
70 460
82 472
99 489
117 505
50 440
88 478
116 504
118 506
51 441
57 439
55 441
69 459
89 479
63 453
38 428
18 408
25 415
59 449
106 494
86 474
114 502
38 426
120 508
24 414
76 466
36 426
5 395
88 476
112 500
15 403
52 442
90 480
97 487
7 397
44 434
20 410
8 398
26 416
74 464
119 507
97 485
49 439
71 461
39 429
91 481
107 495
40 430
53 443
55 445
37 427
84 474
17 407
108 496
56 446
84 473
38 427
57 444
108 495
55 440
31 420
118 505
25 414
52 441
88 469
93 482
12 401
104 491
86 473
92 481
54 441
27 416
24 411
41 430
120 507
103 490
50 439
100 489
58 439
56 441
83 472
62 451
36 425
6 395
102 489
13 400
72 461
30 419
18 407
40 429
17 406
48 437
71 460
117 504
75 464
70 459
7 396
53 442
91 480
88 473
69 458
45 434
59 448
114 501
57 446
21 410
61 450
9 398
90 479
33 422
113 500
63 452
8 397
97 486
1 390
56 445
56 443
58 447
87 472
16 403
89 476
87 470
2 391
37 426
49 438
32 421
51 440
56 439
77 466
42 431
89 478
22 411
73 462
98 487
107 494
88 477
99 488
72 460
11 399
37 425
17 405
114 500
69 455
30 418
52 440
86 472
69 457
39 427
87 471
91 479
118 504
108 494
24 412
43 431
17 403
57 445
55 439
31 419
82 470
54 440
56 442
66 454
45 433
18 406
99 487
105 491
33 421
76 464
48 436
85 473
103 489
1 389
88 470
7 395
100 488
88 472
77 465
102 488
2 390
98 486
36 424
23 411
119 505
26 414
8 396
83 471
21 409
58 444
27 415
32 420
84 472
53 441
20 408
57 441
19 407
49 437
93 481
9 397
59 447
12 400
101 487
51 439
89 477
71 459
22 410
89 469
40 428
90 478
61 449
58 446
70 454
42 430
120 506
58 440
70 458
73 461
63 451
10 398
81 469
85 472
67 454
102 487
60 447
93 480
43 430
8 395
58 441
46 433
63 450
58 445
42 429
42 427
27 414
34 421
33 420
19 406
6 393
48 435
2 389
105 490
72 459
70 457
37 424
9 396
100 487
74 461
89 470
17 404
40 427
4 391
59 446
92 479
70 455
5 392
76 463
88 471
31 418
77 464
73 460
81 468
120 505
18 405
103 488
21 408
89 472
62 447
45 432
54 439
66 453
98 483
4 389
59 444
82 469
51 438
59 440
11 398
12 399
108 493
7 394
41 428
79 466
52 439
32 419
83 470
1 388
62 449
61 448
53 440
71 458
25 412
84 471
115 500
10 397
49 436
116 501
101 486
104 489
26 413
60 439
90 477
119 504
69 454
50 435
23 410
58 443
57 442
78 465
99 486
75 462
20 407
34 420
118 500
101 485
45 431
29 415
40 426
98 484
72 458
106 490
99 485
81 467
43 429
35 421
81 465
109 493
62 446
84 470
120 504
38 424
23 409
39 425
114 498
42 428
41 427
97 483
119 503
79 465
103 487
95 481
10 396
75 461
61 447
89 471
11 397
20 404
12 398
31 417
48 434
83 469
69 453
78 464
104 488
5 391
28 414
47 433
7 393
80 466
71 455
90 472
46 432
68 454
117 501
58 442
70 456
2 388
64 450
108 492
59 445
93 479
85 471
96 482
26 412
100 486
33 419
1 387
3 389
51 435
115 499
82 468
20 406
0 386
76 462
4 390
71 457
116 500
27 413
61 439
32 418
52 438
66 452
77 463
50 436
60 440
51 437
53 439
22 408
8 394
105 489
92 478
121 505
73 459
94 480
37 423
6 392
62 448
18 404
54 438
74 460
9 395
91 477
96 481
77 462
91 476
108 491
10 395
79 464
20 405
43 428
19 404
52 437
29 414
53 438
40 423
84 469
63 448
104 487
95 480
1 386
121 504
64 449
0 385
59 442
9 394
100 485
30 415
118 499
5 390
91 472
99 484
61 446
46 431
117 500
61 440
62 445
83 468
102 485
105 486
60 441
115 498
3 388
71 456
24 409
93 478
37 422
60 445
40 425
12 397
81 466
7 392
114 497
85 470
27 412
6 391
41 426
106 489
73 458
36 421
119 502
28 413
120 503
38 423
82 467
110 493
68 453
119 500
72 457
44 429
113 496
90 471
35 420
80 465
21 404
94 479
23 408
116 499
39 424
103 486
48 433
97 482
32 417
47 432
51 436
78 463
76 461
7 390
109 492
21 406
67 452
26 411
75 460
13 398
34 419
95 479
41 423
33 417
105 485
25 409
116 498
94 478
2 386
9 393
30 414
103 485
85 469
12 396
101 483
13 397
48 432
92 472
52 436
36 420
100 484
76 460
44 428
78 462
3 387
64 448
40 422
110 492
77 461
10 394
45 429
24 408
72 456
96 480
68 452
121 503
124 506
97 481
119 501
105 487
31 415
26 410
53 437
117 499
39 423
23 407
28 412
61 445
60 442
38 422
37 421
91 471
75 459
6 390
92 476
91 475
11 395
7 391
78 460
107 489
113 495
111 493
106 488
79 463
8 392
1 385
21 405
114 496
80 464
19 403
34 418
61 441
82 466
115 497
83 467
104 486
27 411
102 484
91 473
109 491
18 402
41 425
47 431
73 457
101 482
125 506
75 458
9 392
22 405
86 469
10 393
18 401
49 432
79 462
15 398
13 396
85 468
115 496
112 493
45 428
116 497
42 425
15 396
121 502
100 483
106 487
61 444
78 461
123 502
24 407
65 448
47 430
37 418
94 477
3 386
66 449
1 384
92 471
64 447
93 472
91 474
98 481
31 414
8 391
68 451
93 476
74 457
29 412
104 485
77 460
53 436
95 478
26 409
122 501
43 426
61 442
38 421
35 418
0 383
108 489
79 460
73 456
111 492
41 422
42 423
40 421
6 389
76 459
92 475
36 419
11 394
80 463
124 505
113 494
30 413
19 402
41 424
92 473
120 501
14 397
39 422
60 443
28 411
102 483
109 490
83 466
23 406
126 507
117 498
96 479
34 417
103 483
124 502
30 412
14 396
37 419
108 488
74 456
36 416
111 491
126 506
3 385
45 427
68 450
113 489
124 504
102 482
116 496
48 430
114 494
81 463
83 465
53 435
10 392
79 459
28 410
4 386
1 383
98 480
100 482
9 391
73 455
96 478
49 431
44 426
125 505
75 457
38 420
27 409
93 471
20 402
23 405
64 446
42 422
127 507
112 490
0 382
101 481
110 490
51 433
54 436
65 447
43 425
117 497
112 492
66 448
71 453
12 394
24 406
128 506
67 449
26 404
93 475
123 501
34 416
52 434
61 443
25 405
92 474
82 464
77 459
25 407
35 417
104 484
121 501
13 395
26 408
115 495
15 397
39 421
85 467
86 468
80 462
16 398
32 414
79 461
113 493
50 432
107 487
19 401
18 400
31 413
6 388
42 424
95 477
2 384
37 417
29 410
125 502
75 456
67 448
98 479
74 455
113 490
80 461
12 393
95 476
79 458
103 482
69 450
100 481
32 413
35 416
38 419
24 405
25 406
14 395
72 453
119 498
87 468
102 481
31 412
65 446
85 466
97 478
125 504
128 505
84 465
39 420
96 477
37 416
26 403
112 491
82 463
108 487
54 435
71 452
25 404
70 451
13 394
121 500
50 431
68 449
6 385
101 480
118 497
52 433
10 391
45 426
7 388
120 499
83 464
27 408
70 449
123 500
5 386
43 424
115 494
116 495
129 508
3 384
28 409
126 505
42 421
17 398
128 507
113 492
18 399
113 488
94 471
20 401
111 490
109 488
110 489
104 483
16 397
53 434
77 458
94 475
124 503
114 493
73 452
19 400
33 414
62 443
93 474
51 432
81 462
9 390
124 501
1 382
11 392
117 496
48 429
95 471
35 415
114 490
64 444
6 386
70 448
destination
