map
random512-35-4.map
pivot
188 411
agent & start
329 52
43 28
471 128
40 33
109 38
69 28
115 24
492 149
367 56
138 11
372 57
134 17
221 26
272 19
135 14
449 108
469 126
104 43
63 24
482 133
84 31
357 58
379 62
492 147
307 42
264 19
343 56
3 64
139 12
36 33
435 92
166 5
83 32
472 135
268 17
137 12
451 110
394 67
106 49
140 11
332 53
296 33
51 28
462 121
217 14
287 30
265 20
67 26
46 27
37 32
276 23
73 28
262 19
166 3
474 133
299 40
55 24
167 4
388 69
434 93
478 133
105 44
276 25
454 117
490 145
103 44
135 16
15 48
348 57
417 82
414 73
463 122
472 129
39 32
491 146
141 12
306 43
309 44
58 23
106 45
421 82
220 23
286 31
498 149
55 26
143 2
413 72
54 25
311 46
350 59
26 37
470 127
14 51
397 68
281 24
434 89
197 0
436 85
106 39
290 31
412 73
215 18
428 77
299 42
44 27
333 54
324 53
134 15
396 67
261 20
164 5
15 46
488 145
416 75
373 58
426 79
223 22
2 63
57 22
420 81
51 30
347 58
61 24
402 73
489 144
359 58
295 32
385 70
481 132
87 32
59 22
378 61
105 48
450 109
107 38
0 65
391 70
0 71
284 27
433 94
507 164
76 29
395 66
195 2
108 37
136 13
90 33
365 54
479 132
75 28
401 70
218 25
1 72
507 166
107 46
125 10
419 80
368 55
480 131
475 136
1 64
216 13
346 57
269 18
86 31
111 36
505 156
124 11
13 50
267 18
410 75
42 29
417 78
435 88
401 74
220 31
503 154
289 32
195 0
453 114
301 44
105 40
3 70
216 19
366 55
218 17
380 63
297 34
411 74
298 43
494 149
222 23
461 120
25 36
473 130
47 26
386 69
275 22
132 13
338 59
destination
