map
random512-40-7.map
pivot
260 88
agent & start
491 13
463 17
502 22
477 15
455 159
504 36
503 23
351 283
504 24
349 281
453 159
476 16
509 29
485 9
505 37
478 14
484 10
507 35
461 157
494 14
447 157
506 26
489 11
488 10
505 25
506 36
499 19
490 12
444 154
446 156
496 16
507 27
481 11
487 11
482 11
488 11
503 24
505 26
508 29
463 18
453 158
509 30
446 155
502 23
495 16
499 20
507 28
478 15
500 23
477 16
349 282
505 36
504 25
455 158
490 13
485 10
484 11
447 156
506 35
454 159
459 158
489 12
481 12
444 153
494 15
350 283
486 11
460 157
479 14
506 27
485 11
458 158
502 24
478 16
353 291
505 27
456 158
349 283
508 30
494 16
447 155
505 35
503 25
459 157
495 17
499 21
504 26
482 12
499 23
453 157
454 158
446 154
463 19
506 28
444 152
488 12
506 34
507 29
489 13
500 24
479 15
481 13
506 33
504 27
501 24
506 29
502 25
483 12
485 12
505 34
488 13
478 17
479 16
506 31
353 292
445 152
349 284
484 13
462 19
454 157
448 155
458 157
498 21
499 22
481 14
494 17
505 32
457 158
447 154
352 291
507 30
461 19
505 33
504 34
505 29
448 154
485 13
505 31
479 17
494 18
352 292
501 25
506 30
482 14
351 291
483 13
446 152
503 27
348 284
498 22
349 285
487 13
481 15
502 26
346 284
457 157
454 156
480 17
501 26
487 14
346 285
447 148
446 151
457 156
482 15
351 290
494 19
460 19
454 155
348 285
483 14
504 33
502 27
350 291
351 292
448 153
486 13
497 22
347 284
505 30
503 34
456 156
497 23
455 155
502 28
503 33
459 19
481 17
446 148
350 290
347 285
447 149
449 153
446 150
454 154
494 20
457 155
350 292
500 26
502 34
348 286
448 152
493 19
483 15
486 14
447 147
504 30
502 33
493 20
347 286
496 23
458 19
501 34
481 18
502 29
457 154
501 28
500 27
484 15
349 292
449 152
447 150
258 287
503 30
454 153
456 155
259 292
498 25
486 15
446 147
483 16
499 26
349 290
484 16
482 18
456 154
496 24
348 290
449 151
493 21
455 153
498 26
497 25
496 26
348 292
445 147
258 288
259 291
502 32
259 287
485 15
457 153
489 17
501 29
499 27
483 17
347 287
448 150
502 30
458 20
492 20
500 28
257 287
501 33
258 292
242 295
498 27
493 22
456 153
500 29
257 292
491 20
499 28
496 25
445 146
241 294
463 154
258 291
496 27
483 18
501 32
449 150
347 288
501 30
489 18
484 17
347 290
348 291
257 288
485 16
458 21
488 17
347 292
450 151
497 26
259 288
445 145
485 17
347 291
492 22
456 152
465 155
242 294
259 289
491 23
499 29
501 31
451 151
488 18
241 293
243 291
464 154
490 20
497 27
445 139
257 291
450 150
346 290
258 290
256 292
346 292
462 154
257 289
459 21
495 25
484 18
243 295
449 149
242 292
463 153
487 17
346 288
490 21
466 39
345 288
346 291
497 28
242 293
241 292
488 19
451 150
490 23
500 31
489 20
445 140
464 153
494 25
466 155
491 22
488 25
242 291
485 18
487 18
446 139
243 294
244 295
444 143
492 23
462 153
486 17
459 22
446 145
493 24
450 149
243 292
465 154
461 154
498 29
255 292
346 289
260 289
257 290
456 151
499 30
241 291
493 25
243 293
256 290
499 31
467 155
446 140
465 39
451 149
489 25
465 153
345 289
466 38
486 18
488 24
451 147
445 143
492 24
488 20
461 153
444 142
262 290
344 292
487 19
462 152
244 294
455 151
485 19
253 291
447 139
448 146
255 291
497 29
345 291
459 23
447 145
261 289
490 22
242 290
447 144
262 289
498 31
255 290
263 290
344 289
454 151
244 293
449 146
452 149
264 291
496 29
485 20
449 136
446 143
241 290
458 23
467 154
460 153
487 20
452 147
445 142
461 152
451 148
253 290
489 22
448 145
490 25
459 24
254 291
344 291
464 27
492 25
486 19
447 140
466 37
464 39
466 153
488 23
343 292
449 137
465 37
343 291
488 22
498 32
463 27
245 293
447 143
255 289
459 25
464 28
446 142
265 291
460 152
453 149
454 150
450 136
495 29
449 145
254 290
464 38
448 140
263 289
447 141
448 144
452 148
241 289
264 290
458 24
467 153
344 290
491 25
490 26
259 283
486 20
497 31
450 137
491 26
448 143
448 141
490 27
486 21
258 283
498 33
464 37
449 144
447 142
467 152
460 151
487 22
255 288
494 29
464 29
254 289
497 32
342 291
496 31
257 282
454 149
462 27
450 145
449 138
451 136
465 36
241 288
265 290
259 282
457 24
458 25
255 278
256 279
343 290
264 289
453 148
245 292
462 28
255 279
494 30
460 150
461 27
269 289
468 152
450 138
256 280
245 291
246 292
265 289
260 282
257 283
498 34
254 288
454 148
450 144
242 288
497 33
257 281
463 37
449 141
448 142
491 27
464 36
247 291
254 278
495 31
463 29
449 143
342 290
241 287
451 137
457 25
266 290
262 286
486 22
455 147
242 287
449 142
256 281
460 27
264 287
491 28
245 290
455 28
462 37
460 149
267 290
254 279
268 289
462 29
463 30
493 30
265 288
266 289
247 290
452 137
451 144
262 285
241 286
457 26
255 280
263 286
459 150
261 282
494 31
461 28
456 27
495 32
253 288
451 138
452 145
498 35
497 34
464 35
455 148
246 291
469 152
456 147
342 289
341 290
492 29
486 23
269 288
496 33
256 283
264 286
265 287
261 283
254 280
458 36
462 36
268 288
463 31
262 284
453 145
491 29
493 31
462 30
464 32
266 288
252 288
495 33
498 36
485 23
456 148
457 27
496 34
267 289
450 142
455 29
492 30
463 35
251 279
245 289
242 286
263 285
459 149
494 32
451 139
341 289
262 282
458 28
255 283
246 290
460 28
456 28
459 27
470 152
486 24
452 138
453 137
452 144
497 35
255 281
457 149
251 280
252 279
265 286
457 148
246 289
453 144
463 34
460 147
496 35
255 282
453 138
456 29
458 29
464 33
470 151
458 35
462 35
253 280
262 283
460 29
254 281
459 28
251 288
494 33
451 142
250 289
243 286
459 36
264 285
452 143
490 29
245 288
491 30
463 32
459 148
268 287
451 140
341 288
267 288
254 283
485 24
454 145
497 36
458 149
491 32
457 28
492 31
452 139
462 31
244 286
340 288
462 32
493 33
485 25
454 138
491 33
470 150
267 287
264 284
454 144
495 35
497 37
463 33
254 282
459 147
268 286
459 35
461 35
250 288
471 151
486 26
460 36
460 146
252 280
253 281
263 283
266 286
452 142
491 31
457 29
456 30
458 148
459 29
452 140
492 32
249 289
489 29
246 288
459 30
494 35
253 282
264 283
452 141
248 289
486 27
245 286
340 287
493 34
460 35
267 286
453 142
459 146
492 33
249 288
247 288
462 33
496 37
455 144
485 26
252 281
491 34
457 146
266 285
455 138
246 287
490 31
489 30
471 150
497 38
461 32
458 147
457 30
489 31
485 27
487 31
457 31
455 139
496 38
453 141
495 37
457 145
460 32
266 284
264 282
447 29
494 36
460 34
252 282
265 283
246 286
455 143
458 146
339 287
267 285
484 26
459 31
492 34
461 33
470 144
471 149
248 288
454 142
454 140
492 35
485 34
458 145
458 31
459 32
248 287
455 140
495 38
447 30
486 31
488 31
493 38
484 27
448 29
456 143
454 141
455 142
471 148
244 283
457 144
470 145
339 286
471 144
485 30
460 33
267 284
480 27
486 33
265 282
251 282
493 36
246 285
264 281
485 33
495 39
484 30
448 30
455 141
267 283
245 283
458 144
458 32
483 27
266 282
493 37
484 28
470 146
485 29
456 142
471 145
485 31
456 140
250 282
447 31
339 285
471 147
247 285
487 33
494 38
459 33
244 282
449 29
481 27
480 28
338 286
492 36
488 32
248 286
484 34
264 280
471 146
266 281
482 27
491 36
495 40
458 143
265 280
248 285
492 37
472 147
483 28
338 285
458 33
267 282
250 283
246 283
450 29
447 32
484 29
449 30
485 32
483 34
488 33
481 34
285 286
484 31
484 33
244 281
494 39
456 141
481 28
267 281
484 32
483 29
483 33
247 283
245 281
473 147
244 280
284 286
482 28
458 142
249 283
491 37
337 285
472 146
482 34
471 25
457 141
268 282
285 285
448 32
246 282
450 30
248 284
494 40
449 31
457 33
291 277
455 31
266 280
488 34
481 33
458 141
488 35
455 32
482 29
457 34
336 285
482 33
454 31
449 32
269 282
284 285
246 281
493 40
474 145
268 281
244 279
248 283
451 30
460 143
452 31
290 277
491 38
472 25
291 278
471 26
483 32
511 78
283 286
267 280
492 39
456 33
473 146
492 40
286 282
472 26
456 34
490 38
245 279
459 141
336 284
267 279
490 40
491 39
455 33
450 32
268 280
482 32
511 79
289 277
454 32
453 31
471 27
460 142
283 285
284 284
474 146
489 41
269 281
482 30
285 283
451 31
461 143
511 77
475 145
290 278
248 282
246 280
487 35
510 78
289 279
472 27
453 32
460 141
455 34
286 281
248 281
287 280
510 79
245 278
487 36
508 79
289 278
490 41
451 32
489 38
335 284
284 283
482 31
509 78
475 146
473 26
283 284
490 39
474 27
461 142
285 282
510 77
462 143
288 279
491 40
481 30
492 41
475 28
268 279
246 279
488 41
270 281
284 282
334 284
460 140
287 279
248 280
303 319
509 79
476 146
474 28
481 31
508 78
486 36
476 28
473 27
246 278
464 142
491 41
270 280
489 39
461 141
282 284
508 80
269 279
285 281
288 278
286 280
488 40
509 77
490 42
247 279
451 33
453 33
454 34
462 142
281 285
334 285
462 141
474 29
275 282
508 77
283 282
491 42
303 318
453 34
461 140
472 29
452 33
248 279
477 28
287 278
477 146
285 280
269 278
286 279
280 285
488 39
247 278
276 281
270 279
487 40
465 142
304 319
486 37
509 80
476 29
333 284
463 142
473 28
281 284
282 283
480 31
451 34
304 318
282 282
307 321
487 39
247 277
509 81
475 31
460 138
333 285
270 278
462 140
458 136
459 137
466 142
486 38
472 30
479 31
276 280
452 34
334 286
311 313
477 145
508 82
461 139
305 319
280 284
248 278
491 43
332 284
286 278
285 279
303 317
274 282
473 29
480 32
508 76
276 282
463 141
486 40
477 29
507 76
304 317
472 31
270 277
308 321
473 30
486 39
311 312
491 44
307 320
247 276
312 313
249 278
277 282
452 35
509 82
285 278
332 285
478 31
305 318
459 136
460 137
280 283
274 281
477 144
286 277
467 142
463 140
281 282
461 138
313 314
477 30
333 286
479 32
276 279
279 282
508 75
474 31
458 135
476 31
508 83
466 141
483 44
313 313
306 318
285 277
332 288
497 111
508 74
479 33
507 73
507 75
476 144
452 36
312 314
482 44
307 319
281 281
478 32
461 137
476 32
483 135
477 31
332 286
312 312
278 282
280 282
248 276
484 44
313 315
249 277
274 280
473 31
270 276
489 135
488 44
491 45
509 83
459 135
463 139
485 39
308 320
499 111
508 84
467 141
276 278
482 134
304 316
509 84
498 111
485 132
331 288
281 280
483 134
464 137
499 112
472 33
482 135
452 37
486 131
462 137
284 277
497 112
478 33
313 312
506 73
476 143
481 134
332 287
275 278
314 313
461 136
451 36
467 140
307 318
484 39
480 47
477 32
488 45
489 44
271 276
280 281
500 113
506 75
490 135
481 46
306 317
463 138
489 134
278 281
473 32
481 44
507 74
249 276
305 316
274 279
491 46
308 319
312 315
484 43
460 135
451 37
510 84
483 39
308 318
274 278
463 137
506 74
273 277
473 33
483 133
249 275
283 277
467 139
331 287
484 42
484 132
461 135
490 134
472 34
314 312
307 317
271 275
489 133
503 73
481 135
488 46
500 114
485 131
479 47
480 44
462 136
481 45
278 280
477 33
497 113
330 288
280 280
462 122
489 45
466 138
499 113
305 315
498 112
311 315
486 130
465 137
460 134
309 317
476 142
487 131
480 46
490 46
315 313
306 316
481 136
463 122
327 286
467 138
479 36
272 275
463 136
477 34
483 40
484 41
476 141
274 277
313 310
273 276
278 279
490 47
478 35
464 123
308 317
474 33
488 131
499 114
466 137
489 132
504 73
309 316
473 34
465 122
279 280
484 131
505 74
450 37
478 47
490 133
460 133
489 46
462 123
325 286
330 287
498 113
483 132
487 130
461 134
503 74
479 44
314 311
497 114
500 115
510 85
282 277
306 315
316 313
310 315
250 275
253 276
480 45
479 46
329 287
480 136
500 116
273 275
488 130
327 287
274 276
449 37
468 138
282 276
482 132
319 311
467 137
490 132
449 39
463 123
307 315
477 35
478 46
279 279
309 315
472 36
511 85
500 104
483 131
316 312
504 74
461 133
326 286
502 108
251 275
474 34
499 103
479 37
252 276
483 41
281 277
479 45
308 316
325 287
462 134
466 122
475 35
478 36
317 313
315 311
489 131
489 47
313 309
499 115
253 275
490 48
465 123
497 115
475 141
463 135
493 129
498 114
314 310
464 124
501 104
317 312
489 48
502 107
463 124
280 277
478 45
476 35
468 137
498 121
489 130
479 136
482 41
490 131
252 275
308 315
462 125
466 123
511 86
465 126
499 116
474 35
275 276
499 104
475 36
313 308
318 311
493 128
315 310
319 310
473 36
482 131
500 103
467 136
504 75
314 309
495 122
472 37
463 134
481 40
309 314
469 138
274 275
281 276
477 36
492 129
475 140
461 132
279 278
449 38
326 287
448 39
328 287
478 37
464 125
464 135
498 115
501 108
464 126
498 120
511 87
279 277
481 131
482 130
280 276
315 309
274 272
497 121
477 37
476 36
468 136
313 307
499 119
469 137
472 38
489 129
328 288
474 36
275 275
490 130
500 108
491 129
309 313
498 116
465 125
314 308
478 136
461 131
478 38
317 311
477 137
463 125
496 122
308 314
500 106
448 38
480 40
466 124
462 132
326 288
252 274
501 103
495 121
492 128
487 127
475 37
464 134
475 139
318 310
504 76
488 128
488 48
462 126
501 107
499 117
477 45
481 41
499 105
316 310
499 118
274 273
500 107
279 276
317 310
504 77
468 135
275 272
480 41
490 129
498 119
502 103
275 274
492 127
308 313
462 127
497 120
252 273
464 133
489 128
467 134
495 120
478 135
462 131
487 126
479 42
476 37
474 139
496 121
328 289
466 125
477 38
488 127
475 138
476 137
319 308
472 39
463 132
461 130
474 37
481 130
511 88
475 38
479 40
477 136
463 126
318 309
488 51
499 108
316 309
314 307
465 134
489 52
488 49
470 137
447 38
477 44
498 117
326 289
473 38
499 106
480 130
327 289
476 136
477 39
502 102
325 291
462 130
511 89
489 53
477 135
319 307
328 290
487 125
467 133
464 132
252 270
489 127
499 107
465 133
473 39
498 118
285 273
478 42
468 134
496 120
475 137
463 127
279 275
252 272
474 38
308 312
310 310
477 43
498 108
467 125
478 40
469 135
275 273
488 52
504 78
315 307
318 308
490 128
491 127
476 38
309 311
497 119
474 138
447 37
470 136
488 126
479 41
317 309
316 308
488 50
488 125
469 134
477 42
310 309
497 118
446 37
477 134
474 39
318 307
279 274
476 39
317 308
498 107
327 290
487 50
502 101
475 136
463 128
285 272
488 53
465 132
309 310
496 119
478 133
277 274
251 270
328 291
505 78
315 306
316 307
471 136
284 273
308 311
511 90
307 310
326 291
479 132
510 89
486 49
478 41
325 292
276 273
490 127
463 130
252 271
468 133
474 137
479 130
467 126
283 273
250 270
510 90
284 272
318 306
497 107
307 309
309 309
469 133
476 134
478 130
489 125
479 131
490 126
317 307
326 292
505 79
502 100
467 127
327 291
308 310
316 306
485 49
496 118
445 37
476 40
472 136
278 274
491 125
464 128
251 271
474 40
477 133
486 50
477 41
478 132
487 53
464 130
471 135
474 136
285 271
465 131
277 273
465 130
309 308
283 272
502 99
496 107
485 50
471 134
496 117
490 125
317 306
282 273
466 127
505 80
491 124
495 118
445 38
327 292
250 271
508 91
506 83
278 273
472 135
444 37
475 40
465 128
474 135
277 272
308 309
478 131
486 53
464 129
509 90
285 270
476 133
284 271
476 41
470 133
249 271
508 90
466 128
505 81
473 135
283 271
471 133
503 99
505 83
317 305
444 38
282 272
465 129
476 132
506 82
443 39
445 39
327 293
490 124
507 91
308 308
284 270
495 117
472 134
485 51
477 131
505 99
475 41
278 272
485 53
495 107
484 53
485 52
490 123
484 51
317 304
327 294
443 40
466 129
476 131
445 40
504 99
473 134
494 117
494 107
279 272
493 110
495 116
501 80
504 83
479 50
249 272
282 271
308 307
319 304
245 268
472 133
483 50
283 270
505 82
281 272
503 80
475 42
284 263
505 98
507 90
444 39
493 117
467 129
474 132
483 51
475 131
490 122
319 303
443 41
495 115
476 130
306 306
492 110
327 295
318 304
475 43
503 81
500 80
484 52
480 50
473 133
244 268
478 50
444 40
245 269
493 109
507 89
468 130
283 263
284 264
504 82
489 123
494 108
280 272
493 107
502 80
308 306
249 273
482 50
317 303
504 98
282 270
471 130
483 52
492 109
493 116
318 303
475 130
474 131
493 108
481 50
491 118
468 129
245 272
307 306
492 107
306 305
282 269
325 296
444 41
469 130
489 122
474 43
492 117
309 306
503 82
506 89
284 265
248 273
473 132
282 263
283 268
478 51
283 264
504 97
495 114
326 295
500 81
280 271
245 270
308 305
502 81
244 267
282 264
489 121
281 269
492 116
283 267
492 108
470 130
307 305
306 304
473 131
324 296
322 298
491 109
494 114
491 107
283 265
473 43
502 82
469 129
500 82
245 271
238 266
484 126
444 42
280 270
482 52
481 51
318 302
325 295
477 51
474 130
482 126
319 301
490 118
323 297
247 273
321 299
243 267
282 268
472 130
504 96
491 117
506 88
505 89
309 305
246 272
244 266
504 95
238 263
243 266
491 108
484 125
472 43
280 269
505 86
502 83
239 266
470 129
281 268
482 125
318 301
307 304
493 114
283 266
445 42
323 296
309 304
322 297
488 121
324 295
321 298
320 299
490 117
482 53
282 267
476 51
319 300
473 130
499 82
505 88
246 271
319 298
481 52
281 264
483 126
247 272
238 265
491 116
490 107
282 265
239 263
322 288
482 124
483 125
481 53
323 295
280 268
502 84
247 271
319 299
490 108
281 267
318 298
320 298
490 116
243 265
505 87
238 264
281 265
504 86
503 95
307 303
239 265
473 129
471 43
317 301
498 82
242 266
484 124
445 43
323 291
486 122
480 52
470 128
322 296
309 303
501 83
493 113
496 82
282 266
487 121
322 292
476 50
504 93
496 83
487 120
278 269
280 265
281 266
323 290
446 43
485 122
239 262
484 123
503 86
502 85
322 289
471 128
445 44
279 268
471 44
492 113
322 295
317 298
240 265
501 84
502 95
322 293
247 270
489 116
316 301
479 52
486 121
472 127
475 50
317 300
489 108
242 265
497 82
498 83
480 53
308 303
318 299
473 128
504 87
483 124
239 264
322 291
241 266
320 297
321 288
280 267
471 45
504 92
489 115
248 270
240 262
320 296
474 50
317 299
501 85
279 265
488 118
488 108
491 113
486 120
479 123
502 86
472 126
483 123
446 48
322 290
471 127
316 300
497 83
503 93
321 289
503 87
474 126
315 301
241 265
479 53
321 293
278 268
448 50
473 51
280 266
492 112
240 264
308 302
498 84
320 292
446 44
321 295
472 52
484 122
487 119
490 110
473 127
277 269
502 94
474 125
248 269
503 92
483 122
503 88
316 299
320 291
276 269
472 51
497 84
484 121
496 85
478 53
321 294
488 117
315 300
490 111
447 48
279 266
319 292
241 264
491 112
321 290
473 50
476 121
314 301
446 45
485 120
489 110
479 122
478 123
241 262
474 51
486 119
320 295
502 87
501 86
488 115
471 126
474 49
446 47
487 118
502 93
448 49
473 126
471 46
308 301
480 123
278 267
473 52
487 108
449 50
473 49
489 111
483 121
278 266
471 47
487 117
501 87
473 125
484 120
486 118
486 108
485 119
313 301
496 86
487 115
315 299
477 53
319 291
471 125
490 112
446 46
487 109
481 123
478 122
479 121
248 268
320 294
502 92
449 49
480 122
502 88
319 293
276 268
472 48
476 120
497 85
482 122
241 263
242 262
476 122
475 123
472 50
447 45
448 48
309 301
320 290
474 52
484 119
481 122
471 48
449 48
314 299
502 89
475 52
471 50
477 120
313 300
502 91
472 49
501 92
473 60
277 266
473 124
243 262
500 87
476 53
478 121
482 121
242 263
489 112
318 293
315 298
471 124
487 116
474 123
486 117
247 268
487 110
319 290
475 122
484 109
319 294
276 267
447 46
309 300
485 108
497 86
477 119
313 299
449 47
317 295
474 122
497 87
475 53
448 46
485 117
474 60
471 123
471 49
486 110
243 263
319 289
247 267
318 294
487 111
489 113
499 87
317 293
473 59
481 121
484 110
315 297
486 116
500 88
502 90
276 266
485 109
310 300
478 120
318 288
314 298
483 119
473 123
488 112
501 89
500 92
316 295
485 116
499 88
314 297
473 122
472 123
247 266
312 299
485 110
474 59
498 87
316 293
470 49
485 62
318 289
488 113
473 58
244 263
486 111
481 120
483 118
276 265
310 299
317 294
500 91
475 54
501 90
317 288
474 55
500 89
469 48
449 46
478 119
449 44
468 48
311 299
499 89
475 55
312 298
482 118
450 44
469 49
313 297
450 46
473 57
451 43
498 88
245 263
317 289
475 59
449 45
485 115
479 119
472 122
499 91
485 61
480 120
484 62
275 265
474 58
485 111
487 113
316 288
248 266
315 295
247 265
474 56
316 294
500 90
474 57
476 55
450 45
483 62
480 119
484 63
246 263
484 61
485 112
499 90
498 91
317 290
471 120
472 121
316 289
486 113
451 44
481 118
274 265
481 116
498 89
311 298
312 297
247 264
469 50
452 43
475 58
484 115
315 294
249 266
467 48
484 114
247 263
469 51
482 62
468 50
483 63
497 89
480 118
476 58
451 45
452 44
249 265
315 291
316 290
483 115
498 90
471 119
314 294
483 61
476 56
482 116
311 297
467 49
472 120
481 117
273 265
312 296
481 115
485 113
313 295
475 57
467 50
315 290
310 297
496 91
273 266
248 263
483 114
313 294
480 117
314 291
497 90
249 264
472 119
484 113
473 120
483 64
476 57
311 296
314 293
312 295
468 51
482 61
452 45
313 292
482 115
479 117
495 91
482 60
482 114
313 291
467 51
310 296
314 290
272 266
483 113
309 297
477 57
311 295
473 119
313 293
312 294
453 45
466 50
249 263
496 90
483 65
467 52
479 116
481 60
473 118
495 90
249 262
469 120
478 117
481 66
311 294
307 296
482 113
313 290
271 266
314 289
482 65
478 57
481 110
474 119
312 293
309 296
466 51
453 46
478 116
454 46
312 290
469 119
481 111
270 266
481 113
478 58
495 89
465 51
468 120
313 289
310 294
474 118
480 66
479 115
481 65
480 60
480 114
250 262
311 291
307 295
306 296
311 293
308 296
480 110
466 52
454 47
480 111
308 295
481 112
305 296
478 59
311 292
467 120
480 113
469 118
250 261
309 294
311 290
455 46
479 60
251 260
481 64
494 89
475 118
310 291
479 114
480 61
269 266
480 65
312 289
478 115
474 117
465 52
464 51
478 114
467 119
464 50
310 292
305 295
252 258
479 61
455 47
268 266
475 117
250 260
494 88
476 116
309 293
308 294
463 51
478 60
464 52
251 259
477 59
468 118
311 289
480 64
480 112
305 294
308 293
455 48
479 64
310 289
252 257
269 264
463 52
250 259
477 60
476 115
492 85
479 62
493 88
475 116
309 292
468 117
251 258
477 114
468 115
301 292
249 258
479 112
463 50
268 265
456 47
466 119
270 263
269 263
478 112
309 289
476 60
469 115
300 292
251 257
492 88
479 63
250 258
457 47
267 265
492 86
477 109
462 50
491 85
466 118
308 292
456 48
467 115
268 264
476 114
306 294
270 262
249 257
477 61
302 292
467 117
478 62
475 115
462 52
303 292
457 48
309 290
476 113
456 49
306 293
476 61
477 110
300 291
474 115
478 63
491 86
458 49
492 87
250 257
470 115
249 256
477 112
308 291
467 116
461 50
462 53
476 109
267 264
270 261
268 263
466 117
457 49
308 290
267 263
306 292
269 261
476 62
476 110
250 256
476 112
474 114
307 291
458 50
471 115
490 86
465 117
304 292
297 295
491 87
466 116
462 54
477 111
299 291
477 63
460 50
268 262
268 260
305 292
298 291
474 113
463 54
295 294
297 294
459 50
476 63
266 263
267 260
458 51
490 87
457 50
476 111
465 116
472 115
296 295
298 293
268 261
250 255
307 290
267 262
251 255
297 293
459 51
457 51
306 290
474 112
476 64
475 63
266 262
465 115
475 111
463 55
267 261
473 113
265 263
472 114
298 292
296 294
489 87
295 293
305 291
296 293
472 113
305 290
463 56
457 52
251 254
488 87
266 261
474 111
465 114
459 52
457 54
473 112
265 262
306 289
456 51
475 64
474 63
264 263
297 292
294 291
475 65
294 290
296 292
474 64
265 261
304 290
457 55
458 54
295 291
472 112
456 52
251 253
463 111
457 53
463 57
305 289
464 56
473 111
294 288
464 114
487 87
473 109
474 110
264 262
459 53
488 86
459 54
295 290
474 65
463 112
472 111
487 86
304 289
464 111
473 64
250 253
458 55
488 85
456 53
295 288
473 110
464 57
464 113
486 87
264 261
294 289
457 56
472 109
296 291
465 57
455 53
473 65
264 260
296 288
487 85
486 86
464 112
303 289
459 55
296 290
250 252
295 289
458 56
472 110
471 109
472 65
465 112
471 110
296 289
303 288
486 85
297 290
487 84
263 260
459 56
460 57
466 57
302 289
250 251
454 53
463 60
462 60
464 60
302 288
486 84
472 66
263 259
487 83
251 251
454 54
469 59
459 57
467 57
301 289
297 289
466 112
470 110
460 58
449 64
261 258
465 60
468 59
469 112
486 83
466 111
459 58
461 60
301 288
260 255
251 250
253 254
469 60
263 258
454 55
467 58
466 59
471 66
460 59
470 111
298 289
468 60
451 69
458 58
454 56
454 60
466 60
260 256
486 82
460 60
260 254
261 257
459 59
467 59
253 253
263 257
254 254
450 64
485 83
469 111
468 112
449 63
467 111
300 288
252 250
453 63
454 62
262 258
298 288
470 66
259 254
452 63
458 59
261 256
253 250
263 256
300 287
451 64
455 62
451 68
468 111
455 60
467 60
298 287
450 63
470 65
254 253
452 69
468 61
459 60
262 257
453 62
486 81
453 56
253 252
485 82
469 66
454 59
469 65
259 253
453 59
455 61
485 81
254 250
300 286
451 63
459 61
451 67
467 61
458 60
452 68
457 59
450 62
453 61
299 287
468 110
468 62
470 64
253 251
452 56
262 256
254 252
484 81
254 251
469 64
468 109
452 57
260 251
457 60
452 67
451 62
459 62
481 86
486 77
299 286
259 252
255 252
262 255
467 62
453 68
452 61
453 58
456 61
484 76
470 108
480 72
485 77
468 108
253 203
467 63
482 84
481 85
453 67
460 62
486 78
483 81
469 109
480 86
452 58
471 107
452 66
255 251
260 250
468 64
451 61
262 254
299 285
482 80
457 61
252 200
259 251
451 58
470 105
465 64
483 80
252 201
251 200
457 62
484 77
252 203
481 84
483 76
253 202
263 254
482 83
470 107
480 73
482 81
467 64
480 85
262 253
454 65
259 250
460 63
485 78
479 72
451 60
299 284
249 200
471 106
264 255
453 66
479 74
256 251
454 67
469 108
252 199
299 283
483 79
450 58
483 77
469 107
480 84
455 65
245 205
252 202
457 63
479 75
262 252
479 73
263 253
265 255
466 64
251 201
246 204
454 66
258 250
296 284
298 284
263 249
460 64
470 106
248 198
264 254
295 283
481 81
249 201
481 83
478 72
465 65
470 104
252 198
249 199
256 250
482 82
451 59
245 207
484 78
266 255
480 83
482 77
459 64
248 197
297 284
251 202
258 249
247 204
249 198
481 82
298 283
455 66
263 250
483 78
457 64
450 59
246 205
480 75
456 65
264 253
264 249
469 106
296 283
263 252
466 65
245 206
458 63
478 73
295 282
256 249
262 251
477 72
251 198
250 201
464 65
469 104
245 208
257 249
251 197
482 78
480 76
246 206
249 197
264 252
263 251
468 106
477 73
456 66
456 68
296 282
465 67
247 205
248 196
468 104
265 249
264 250
480 82
297 283
463 65
481 77
266 254
249 203
250 202
449 59
265 253
246 208
459 65
458 64
248 204
466 66
462 65
248 207
448 59
458 65
297 282
249 196
246 209
265 252
449 60
479 82
466 67
457 66
251 196
249 204
481 78
477 74
457 68
257 248
480 77
266 253
468 105
465 68
250 197
250 203
264 251
247 210
247 206
467 106
265 250
456 67
247 209
480 78
266 250
462 66
448 60
257 247
250 204
248 210
253 215
297 281
249 205
465 69
466 68
458 66
479 81
457 67
449 61
467 105
248 206
479 77
466 106
250 196
265 251
252 214
447 59
249 207
267 253
248 208
249 195
477 75
462 106
448 61
463 106
251 212
253 214
462 105
252 213
477 82
250 195
468 69
470 83
250 211
466 69
476 83
461 66
463 68
249 206
475 84
477 76
458 67
267 252
254 215
266 251
467 68
478 81
258 247
250 205
466 105
248 209
465 106
447 58
479 78
297 280
477 81
250 194
476 82
471 83
250 210
250 206
475 83
267 251
251 193
477 77
474 84
254 214
468 70
297 279
460 66
463 105
298 280
467 69
252 212
466 104
249 209
478 78
251 211
462 68
470 82
446 58
464 106
461 67
463 69
467 103
258 246
251 207
462 104
459 67
447 61
250 208
463 70
259 246
299 276
462 69
462 103
466 103
476 81
268 251
463 104
299 280
251 208
251 206
477 78
474 83
464 105
467 102
298 279
251 194
471 82
252 211
298 277
252 205
475 82
467 70
446 61
252 193
472 83
445 58
460 67
251 210
254 213
473 84
250 209
461 68
467 100
252 206
299 279
254 212
252 194
467 71
473 83
460 68
467 101
300 276
465 103
259 245
476 80
476 78
445 61
445 59
444 58
474 82
466 102
467 99
253 211
472 82
461 69
463 103
464 104
253 205
268 250
298 278
462 70
299 277
251 209
463 102
253 206
299 278
443 58
475 78
466 101
473 82
268 249
253 210
474 81
301 276
460 69
475 80
303 276
466 71
269 250
461 70
300 279
445 62
464 103
444 59
259 244
254 211
442 57
467 98
252 209
300 277
253 208
253 194
462 71
444 60
464 102
474 80
475 79
253 207
253 209
473 81
269 249
444 62
300 278
443 59
255 211
254 206
442 58
459 69
465 101
466 72
260 244
461 71
254 194
302 276
303 277
301 283
467 97
441 57
464 101
466 97
260 243
302 283
254 193
254 209
443 62
443 60
255 206
442 61
441 58
255 194
255 210
301 282
465 100
269 246
474 79
458 69
466 73
301 278
302 277
303 278
440 57
254 207
459 70
460 71
269 248
465 72
473 80
464 100
255 193
269 185
466 96
302 278
458 70
308 282
459 71
465 73
256 194
441 59
440 58
255 207
442 62
471 77
442 60
255 209
257 241
301 281
473 79
303 283
270 246
256 210
302 282
256 206
472 80
269 247
260 242
470 77
463 100
302 281
257 192
269 186
458 71
303 282
258 241
256 207
464 99
441 60
304 283
270 247
257 240
257 206
260 241
302 279
464 93
309 282
308 281
256 209
255 208
270 185
472 79
471 78
256 193
461 92
457 70
441 62
440 59
257 210
301 280
466 95
463 92
464 73
257 239
440 60
471 79
306 282
464 92
256 208
270 186
470 78
257 193
462 92
303 281
258 192
309 281
259 241
458 72
463 99
461 93
464 74
271 247
304 282
463 93
434 58
440 62
438 58
464 96
465 95
258 210
439 59
257 207
455 73
271 211
302 280
457 71
271 185
307 281
259 210
277 244
464 91
434 59
458 73
303 280
465 92
258 193
271 210
440 61
467 92
463 98
464 95
270 187
463 74
462 93
261 192
305 282
463 94
438 59
258 209
272 185
463 96
270 211
257 208
457 72
304 281
259 240
437 58
258 239
306 281
258 207
272 247
456 73
310 281
435 58
455 74
470 79
439 62
273 247
308 278
462 98
437 59
463 75
469 79
259 209
270 188
465 91
258 208
466 92
272 186
304 280
439 61
259 193
463 95
306 280
270 210
262 192
310 280
457 73
275 243
279 243
464 76
456 74
305 281
467 83
271 187
276 244
260 210
260 192
462 94
435 59
462 74
259 239
278 244
467 91
467 84
467 82
274 247
435 60
466 83
462 95
310 279
261 210
465 76
461 74
437 60
468 79
466 91
308 277
279 244
321 272
268 211
270 209
275 242
273 186
260 193
436 59
280 243
274 253
276 243
462 97
467 90
307 278
304 279
259 208
260 209
466 77
464 77
273 252
320 273
456 75
467 80
269 210
457 74
306 279
461 98
271 188
270 189
305 280
271 190
260 239
462 75
263 192
438 61
269 190
463 76
267 211
466 84
305 279
467 89
462 76
272 188
269 209
269 191
306 278
273 251
274 252
307 277
467 79
261 209
263 193
261 239
461 75
320 272
260 194
276 242
465 83
275 241
273 187
268 210
260 208
266 240
466 78
280 244
287 243
321 271
279 245
466 90
457 75
271 191
465 77
260 238
274 254
319 273
275 247
318 272
461 97
436 60
311 279
467 81
437 61
461 95
308 276
270 190
466 79
306 277
264 193
307 276
322 267
436 61
318 273
273 188
275 254
320 271
267 210
280 245
458 75
282 243
466 81
270 191
266 239
260 207
273 250
465 84
318 271
461 96
269 192
276 241
465 78
305 278
274 251
466 89
287 244
265 240
286 243
261 194
263 194
461 76
268 209
261 208
275 248
321 266
457 76
262 239
272 189
261 238
311 278
460 96
274 250
276 240
277 235
305 277
266 210
320 270
466 88
458 76
263 209
436 62
261 237
318 270
262 238
287 245
276 252
275 251
265 239
465 81
460 76
261 207
265 209
261 195
286 244
273 189
319 271
275 249
321 267
267 239
260 206
263 195
317 273
320 266
456 98
264 194
276 248
270 192
263 239
465 79
267 209
458 98
281 245
276 254
465 85
307 275
311 277
322 268
283 243
282 244
276 251
465 80
305 276
276 253
319 270
275 250
268 239
458 97
265 238
457 98
265 194
261 206
263 208
458 77
465 86
320 269
277 248
321 268
273 190
276 239
276 235
281 246
306 275
261 236
464 81
264 209
319 266
262 205
316 273
260 205
266 209
436 63
267 208
276 249
262 237
262 207
277 236
466 87
459 96
262 195
311 276
271 194
270 193
264 239
456 97
283 244
282 245
459 76
286 245
276 238
271 195
277 237
269 239
263 237
319 267
464 80
283 245
436 64
305 275
319 269
267 207
266 194
285 245
263 207
260 200
311 275
457 97
264 238
266 208
435 65
316 272
276 250
459 77
264 208
282 246
454 94
286 246
262 236
270 194
277 249
262 204
458 96
261 205
275 239
262 206
273 191
465 87
277 253
276 236
320 268
262 196
264 207
286 247
455 94
263 206
277 250
267 206
315 272
274 239
261 200
319 268
273 192
278 249
274 191
263 236
311 274
261 204
282 247
264 237
276 237
305 274
267 194
456 95
464 87
436 65
459 78
266 207
457 96
262 197
316 271
312 275
435 66
278 253
269 238
270 195
454 93
463 80
284 245
275 190
260 201
312 274
266 206
279 249
461 83
317 269
463 87
276 190
263 197
274 238
455 93
457 95
285 247
269 195
274 192
261 203
267 195
262 198
435 67
436 66
456 94
270 238
284 246
314 272
265 207
275 237
273 239
278 250
305 273
459 79
462 80
278 252
264 206
261 201
263 199
286 248
318 268
315 271
283 247
462 88
275 191
270 196
264 236
276 191
439 68
279 250
264 205
436 67
462 87
316 269
461 84
263 200
274 237
461 88
267 196
264 235
463 86
269 196
460 79
273 238
278 251
262 201
314 271
285 248
460 83
435 68
305 272
271 238
461 82
265 206
312 273
317 268
268 195
261 202
306 271
284 247
275 192
457 94
462 81
263 198
272 239
264 199
456 93
264 234
315 269
313 271
273 237
460 80
312 272
262 202
264 198
461 81
304 270
461 87
305 271
460 84
265 197
439 69
304 272
267 197
268 196
263 201
279 251
272 238
460 82
284 248
265 205
276 192
438 68
462 86
457 93
306 270
316 268
436 68
266 197
280 251
312 271
438 69
264 201
315 268
457 92
313 270
460 85
275 194
304 271
265 234
309 272
263 202
460 81
306 269
311 272
437 68
268 197
265 204
284 249
265 198
461 86
272 237
316 267
281 250
303 272
314 269
276 193
305 270
309 271
312 270
314 268
313 269
302 270
294 258
460 86
316 266
310 272
455 77
275 195
457 91
283 249
266 198
264 202
305 269
268 198
437 69
272 236
265 203
291 259
276 194
281 251
303 271
459 85
266 234
282 250
459 81
266 203
282 251
437 70
268 199
454 77
312 269
306 267
302 271
310 271
457 90
293 258
292 259
276 195
291 260
266 199
313 268
455 78
294 259
459 86
272 235
315 266
456 91
302 269
283 250
458 81
267 234
305 268
265 202
455 91
271 235
456 90
277 195
283 251
266 202
303 269
305 267
292 264
457 89
292 260
455 79
291 261
301 271
457 81
436 70
266 200
267 235
435 71
267 199
314 266
311 269
454 78
304 268
310 270
453 77
458 86
293 259
306 266
276 196
313 267
435 72
455 80
277 196
313 266
457 88
305 266
455 90
276 199
457 86
276 197
270 235
310 269
293 268
456 89
297 270
292 261
456 81
300 271
267 200
292 263
268 235
284 251
303 268
267 202
292 265
293 260
453 78
436 71
298 270
293 267
269 235
304 266
454 90
299 271
454 80
436 72
292 262
277 199
456 82
303 267
455 81
277 197
268 202
293 261
300 270
267 201
456 88
455 89
293 265
297 269
310 268
294 268
293 263
285 251
451 79
312 266
435 73
276 200
452 78
457 87
453 90
268 233
299 270
309 268
285 250
286 251
268 201
301 268
311 266
436 73
295 268
437 72
455 82
302 267
303 266
296 269
278 199
454 89
294 267
269 234
454 81
451 80
456 87
293 262
277 200
293 266
452 79
277 198
295 261
448 68
269 201
445 69
301 267
269 233
454 82
278 200
300 268
452 80
453 81
310 266
268 232
309 267
278 198
302 266
437 73
453 89
296 268
286 250
294 266
299 269
455 87
294 262
311 265
444 69
300 267
287 250
301 266
445 70
299 268
310 265
270 201
448 69
453 82
438 73
454 83
455 86
446 69
296 267
270 233
296 261
447 68
309 266
295 262
452 81
295 266
453 88
279 198
279 200
268 231
454 87
287 249
452 82
308 260
444 70
296 266
269 231
300 266
453 87
453 83
296 262
298 268
299 267
309 265
297 267
270 232
288 250
295 263
270 202
280 200
280 198
447 69
439 73
310 264
288 248
455 85
288 249
298 267
443 70
439 74
307 260
297 266
299 266
270 203
447 70
452 83
295 264
454 85
309 264
270 231
310 263
453 86
452 87
296 263
272 203
308 261
296 265
280 199
289 248
282 204
309 263
447 71
452 86
272 204
281 199
270 230
297 265
453 85
271 203
298 266
307 261
452 84
272 230
296 264
308 262
442 70
289 249
440 74
441 74
273 228
441 72
283 204
282 203
450 87
282 199
297 264
448 87
298 265
448 71
271 204
283 198
442 71
449 72
452 85
271 208
306 261
270 229
273 230
272 229
291 250
308 263
290 249
270 207
270 206
271 205
298 264
274 230
307 263
271 229
290 250
282 202
448 86
442 72
272 228
283 199
291 249
448 72
271 207
283 203
449 87
272 208
273 229
306 262
450 86
291 251
449 73
284 198
451 85
441 73
285 198
283 202
306 263
274 229
271 206
450 85
271 228
284 199
298 263
292 249
272 207
449 86
442 73
290 251
448 73
272 206
285 199
450 84
284 202
284 200
447 73
286 198
299 263
293 249
290 252
304 264
283 201
271 227
275 229
305 263
443 73
449 85
275 228
273 206
271 226
450 83
449 84
300 263
293 250
276 227
286 199
301 264
443 74
290 253
284 201
447 74
303 264
304 263
275 205
287 199
304 262
285 201
292 252
302 264
449 83
291 253
272 226
448 84
444 74
301 263
447 75
274 206
276 226
275 227
294 250
443 76
276 225
286 201
273 226
300 261
272 225
295 250
446 75
276 205
287 200
303 262
274 227
294 251
302 263
444 75
275 206
301 262
448 83
292 253
293 252
286 202
296 204
276 206
298 206
448 82
446 76
295 251
273 225
302 262
301 261
294 252
287 201
275 225
443 77
272 224
293 253
445 77
300 260
444 76
292 254
274 226
449 79
303 260
295 204
448 81
275 224
302 261
274 225
293 254
449 80
297 206
444 77
276 207
448 79
446 77
287 202
292 255
273 224
301 260
291 204
443 78
272 223
288 201
295 252
298 207
296 205
275 223
293 255
292 204
291 205
447 79
288 202
297 209
296 252
276 208
446 78
303 259
294 204
274 224
448 80
444 78
296 206
295 205
302 260
272 222
297 207
293 204
294 255
444 79
297 208
288 203
443 80
446 79
295 254
296 209
296 207
292 205
294 205
447 80
277 208
274 223
302 259
295 206
272 221
296 253
289 202
277 209
444 80
274 222
446 80
288 204
301 257
296 254
295 255
296 208
293 205
443 81
289 203
302 258
294 256
295 207
445 79
272 220
296 255
442 81
277 210
300 257
273 220
274 221
278 211
446 81
295 208
295 256
301 258
294 207
279 208
445 80
293 206
280 207
289 204
442 82
278 210
280 208
274 220
297 259
279 211
289 205
445 81
317 261
296 256
279 209
281 207
294 208
293 207
300 258
299 259
281 208
442 95
289 206
279 210
294 209
442 83
316 261
445 82
299 258
317 260
274 219
297 258
441 96
280 209
296 257
298 259
293 208
445 83
441 93
440 96
293 209
275 219
315 261
297 257
280 210
294 210
290 206
281 209
274 218
444 82
298 258
443 83
442 94
292 208
441 95
291 207
316 260
290 207
281 210
442 93
275 218
288 209
298 257
440 95
314 261
289 208
315 260
291 208
316 259
293 210
444 83
441 94
282 210
288 210
444 84
315 259
314 260
292 210
298 256
439 95
440 94
442 92
290 208
276 218
289 209
281 212
315 258
290 209
439 94
444 85
445 86
318 255
282 211
314 259
289 210
299 256
291 210
276 217
442 91
299 255
291 211
290 210
444 86
440 92
282 212
317 255
439 93
315 257
442 90
281 213
318 254
440 90
445 87
314 258
278 216
277 217
283 211
443 85
443 89
284 211
442 89
443 88
441 90
278 217
318 253
315 256
279 216
282 213
444 87
438 93
280 215
291 212
316 255
317 254
300 255
314 257
443 86
439 92
290 211
440 91
284 212
281 215
318 252
314 256
438 92
315 255
442 88
290 212
441 89
439 91
278 218
443 87
280 216
301 255
317 253
282 214
316 254
284 213
282 215
293 232
315 254
313 256
290 213
281 216
301 254
316 253
279 218
282 217
441 88
438 91
442 87
317 252
440 88
312 256
285 213
437 91
292 232
302 254
311 257
278 222
284 214
293 233
441 87
290 214
313 255
438 90
316 252
280 218
282 216
281 217
315 253
278 223
315 248
302 253
309 256
311 256
437 84
291 232
438 89
283 216
280 221
285 214
310 257
281 236
279 222
289 214
439 88
292 233
437 90
440 87
312 255
315 252
281 218
315 251
438 84
437 89
281 219
292 234
278 224
437 83
311 255
281 235
281 221
289 215
282 236
290 236
284 216
315 249
285 215
310 256
280 220
314 248
309 255
279 223
291 235
281 233
302 252
439 87
291 233
303 253
289 239
289 237
314 252
309 254
290 235
436 81
291 234
289 238
281 234
283 236
313 252
437 88
278 225
315 250
311 254
290 237
290 233
436 83
314 249
290 239
439 86
281 222
438 87
438 85
281 220
303 252
285 216
289 216
310 255
314 251
281 232
280 223
282 235
285 217
437 87
435 81
436 88
433 81
290 234
destination
