map
random512-10-2.map
pivot
407 377
agent & start
72 12
20 64
7 77
84 0
41 43
24 60
56 28
28 56
83 1
44 40
38 46
66 18
2 82
47 37
30 54
63 21
53 31
75 9
60 24
80 4
21 63
16 68
4 80
32 52
11 73
9 75
55 29
58 26
71 13
48 36
52 32
33 51
65 19
68 16
23 61
82 2
38 48
29 55
17 67
46 38
26 58
14 70
79 5
27 57
73 11
74 10
36 48
70 14
31 53
13 71
59 25
81 3
12 72
22 62
37 47
45 39
8 76
10 74
15 69
42 42
67 17
76 8
54 30
50 34
64 20
19 65
78 6
1 83
35 49
57 27
61 23
3 81
25 59
69 15
0 85
75 10
20 65
36 49
44 41
1 84
15 70
61 24
81 4
54 31
48 37
42 43
74 11
57 28
85 0
24 61
66 19
59 26
3 82
56 29
10 75
39 46
84 1
13 72
77 8
16 69
37 48
45 40
27 58
28 57
80 5
43 42
76 9
14 71
25 60
5 80
72 13
23 62
68 17
19 66
53 32
22 63
33 52
70 15
67 18
65 20
82 3
18 67
78 7
17 68
46 39
83 2
63 22
47 38
55 30
32 53
8 77
51 34
12 73
31 54
38 47
62 23
79 6
30 55
69 16
9 76
73 12
60 25
26 59
58 27
21 64
52 33
71 14
7 78
6 79
29 56
11 74
39 47
27 59
25 61
37 49
53 33
23 63
18 68
45 41
42 44
6 80
41 45
30 56
79 7
32 54
35 51
77 9
1 85
12 74
72 14
4 82
8 78
11 75
5 81
49 37
44 42
13 73
86 0
22 64
58 28
16 70
64 22
31 55
70 16
62 24
24 62
17 69
71 15
78 8
3 83
43 43
47 39
51 35
48 38
65 21
19 67
2 84
69 17
46 40
84 2
29 57
73 13
36 50
85 1
57 29
80 6
66 20
55 31
74 12
7 79
81 5
75 11
59 27
67 19
9 77
63 23
76 10
14 72
56 30
21 65
83 3
33 53
26 60
60 26
0 86
61 25
82 4
3 84
34 53
10 77
74 13
62 25
21 66
68 19
40 47
16 71
77 10
56 31
20 67
53 34
8 79
25 62
49 38
24 63
76 11
48 39
28 59
61 26
47 40
5 82
22 65
72 15
37 50
42 45
83 4
23 64
14 73
60 27
36 51
86 1
2 85
7 80
80 7
43 44
87 0
1 86
32 55
67 20
81 6
65 22
18 69
79 8
84 3
29 58
41 46
64 23
17 70
0 87
78 9
6 81
35 52
63 24
26 61
82 5
52 35
27 60
11 76
58 29
12 75
55 32
15 72
44 43
31 56
45 42
19 68
69 18
30 57
75 12
57 30
13 74
46 41
51 36
71 16
33 54
17 71
61 27
16 72
6 82
46 42
8 80
11 77
36 52
81 7
1 87
43 45
12 76
47 41
73 15
35 53
68 20
22 66
19 69
9 79
64 24
55 33
83 5
53 35
66 22
42 46
3 85
74 14
28 60
57 31
7 81
85 3
76 12
5 83
88 0
50 38
18 70
79 9
70 18
14 74
59 29
27 61
87 1
56 32
26 62
69 19
30 58
2 86
4 84
48 40
37 51
84 4
52 36
86 2
60 28
65 23
21 67
39 49
31 57
41 47
25 63
24 64
51 37
34 54
72 16
20 68
62 26
71 17
15 73
77 11
82 6
67 21
33 55
29 59
13 75
44 44
0 88
80 8
49 39
38 50
54 34
45 43
40 48
32 56
75 13
63 25
50 39
83 6
49 40
23 66
31 58
27 62
3 86
48 41
2 87
84 5
69 20
21 68
18 71
62 27
22 67
40 49
59 30
73 16
58 31
44 45
67 22
6 83
70 19
63 26
45 44
76 13
14 75
13 76
8 81
34 55
82 7
64 25
75 14
74 15
89 0
37 52
66 23
72 17
9 80
55 34
54 35
28 61
46 43
85 4
33 56
24 65
16 73
15 74
1 88
60 29
86 3
32 57
71 18
25 64
81 8
39 50
12 77
68 21
65 24
78 11
53 36
61 28
0 89
88 1
17 72
36 53
43 46
38 51
29 60
87 2
10 79
35 54
51 38
80 9
41 48
20 69
57 32
77 12
30 59
5 84
19 70
78 12
14 76
43 47
17 73
90 0
8 82
47 43
39 51
29 61
24 66
7 83
23 67
34 56
53 37
15 75
87 3
56 34
88 2
74 16
37 53
32 58
2 88
27 63
46 44
61 29
86 4
36 54
13 77
38 52
35 55
20 70
69 21
71 19
64 26
1 89
83 7
85 5
52 38
16 74
40 50
77 13
57 33
54 36
10 80
30 60
0 90
45 45
5 85
4 86
68 22
80 10
76 14
84 6
51 39
73 17
63 27
18 72
70 20
60 30
42 48
65 25
19 71
49 41
89 1
26 64
55 35
48 42
58 32
25 65
44 46
6 84
67 23
28 62
82 8
79 11
59 31
81 9
33 57
62 28
21 69
35 56
11 80
75 16
61 30
76 15
1 90
70 21
10 81
13 78
48 43
72 19
37 54
88 3
33 58
71 20
15 76
18 73
56 35
54 37
46 45
57 34
9 82
89 2
66 25
60 31
53 38
29 62
40 51
28 63
30 61
87 4
38 53
51 40
78 13
74 17
58 33
36 55
68 23
77 14
3 88
27 64
52 39
19 72
73 18
17 74
21 70
4 87
90 1
23 68
80 11
6 85
81 10
2 89
34 57
7 84
25 66
14 77
12 79
43 48
22 69
82 9
0 91
45 46
26 65
49 42
86 5
39 52
91 0
65 26
64 27
59 32
32 59
63 28
79 12
8 83
50 41
20 71
69 22
5 86
84 7
42 49
41 50
47 44
44 47
83 8
67 24
19 73
27 65
61 31
0 92
66 26
88 4
64 28
84 8
57 35
41 51
62 30
79 13
52 40
13 79
67 25
69 23
86 6
90 2
56 36
34 58
40 52
65 27
4 88
72 20
32 60
53 39
58 34
46 46
82 10
10 82
14 78
77 15
51 41
45 47
6 86
24 68
44 48
76 16
20 72
63 29
47 45
11 81
55 37
48 44
73 19
92 0
87 5
29 63
3 89
83 9
42 50
70 22
30 62
2 90
23 69
31 61
78 14
21 71
18 74
85 7
71 21
60 32
50 42
22 70
36 56
75 17
89 3
12 80
33 59
9 83
74 18
35 57
68 24
26 66
15 77
91 1
59 33
43 49
54 38
16 76
28 64
7 85
25 67
5 87
37 55
81 11
38 54
39 53
17 75
43 50
63 30
7 86
13 80
33 60
68 25
16 77
30 63
48 45
50 43
21 72
32 61
88 5
17 76
41 52
76 17
11 82
10 83
82 11
51 42
84 9
18 75
6 87
75 18
67 26
8 85
74 19
55 38
26 67
73 20
91 2
81 12
29 64
37 56
59 34
54 39
57 36
24 69
90 3
1 92
3 90
35 58
42 51
85 8
2 91
0 93
34 59
83 10
39 54
20 73
49 44
44 49
80 13
22 71
78 15
64 29
93 0
46 47
40 53
12 81
58 35
70 23
15 78
77 16
72 21
47 46
56 37
87 6
28 65
71 22
9 84
79 14
23 70
53 40
45 48
27 66
65 28
61 32
62 31
38 55
14 79
60 33
4 89
52 41
5 88
25 68
86 7
92 1
69 24
54 40
79 15
30 64
8 86
42 52
61 33
83 11
64 30
80 14
17 77
84 10
76 18
60 34
34 60
50 44
28 66
78 16
15 79
21 73
27 67
93 1
87 7
75 19
35 59
25 69
77 17
6 88
94 0
24 70
82 12
3 91
45 49
86 8
59 35
11 83
32 62
66 28
12 82
26 68
14 80
92 2
1 93
68 26
22 72
88 6
10 84
52 42
38 56
43 51
23 71
90 4
47 47
13 81
33 61
56 38
18 76
16 78
67 27
91 3
71 23
19 75
89 5
0 94
41 53
53 41
4 90
44 50
69 25
62 32
63 31
49 45
72 22
85 9
81 13
40 54
46 48
70 24
51 43
2 92
9 85
31 63
55 39
39 55
74 20
20 74
73 21
65 29
58 36
5 89
34 61
23 72
57 38
22 73
27 68
90 5
76 19
59 36
74 21
3 92
84 11
95 0
70 25
51 44
88 7
82 13
58 37
60 35
15 80
42 53
49 46
53 42
85 10
77 18
63 32
19 76
24 71
81 14
80 15
72 23
48 49
46 49
91 4
30 65
61 34
5 90
16 79
17 78
79 16
31 64
26 69
32 63
14 81
9 86
87 8
11 84
0 95
52 43
93 2
39 56
7 88
29 66
69 26
75 20
8 87
28 67
1 94
54 41
17 80
50 45
67 28
48 47
89 6
86 9
55 40
13 82
66 29
47 48
18 77
45 50
56 39
36 59
35 60
68 27
65 30
44 51
21 74
2 93
43 52
41 54
94 1
20 75
40 55
12 83
6 89
73 22
92 3
33 62
25 70
62 34
58 38
40 56
6 90
88 8
41 55
59 37
13 83
destination
