map
random512-15-1.map
pivot
363 91
agent & start
79 507
19 447
56 484
83 511
15 443
30 458
13 441
36 464
16 444
41 469
76 504
61 489
21 449
18 446
10 438
55 483
40 468
58 486
46 474
51 477
48 476
12 440
49 477
60 488
20 448
80 508
65 493
73 501
34 462
81 509
14 442
38 466
54 482
44 472
9 437
32 460
35 463
67 495
28 456
33 461
47 475
78 506
0 428
77 505
75 503
4 432
42 470
2 430
6 434
52 480
8 436
71 499
53 481
70 498
68 496
39 467
7 435
72 500
43 471
5 433
3 431
29 457
31 459
82 510
57 485
0 425
20 447
74 501
77 504
9 436
6 433
44 471
1 428
33 460
19 446
71 498
40 467
57 484
21 448
28 455
5 432
68 495
63 490
54 481
41 468
42 469
56 483
37 464
83 510
30 457
10 437
46 473
80 507
4 431
15 442
84 511
24 451
58 485
22 449
61 488
2 429
45 472
0 427
34 461
16 443
62 489
66 493
55 482
75 502
38 465
72 499
31 458
23 450
60 487
47 474
53 480
81 508
27 454
70 497
49 476
43 470
79 506
7 434
17 444
39 466
11 438
50 477
13 440
48 475
32 459
12 439
73 500
35 462
69 495
43 469
56 482
10 436
59 485
9 435
5 431
60 486
19 445
22 448
77 503
66 492
47 473
80 506
16 442
27 453
32 458
72 498
6 432
24 450
62 488
48 474
33 459
1 427
44 470
37 463
2 428
28 454
40 466
0 426
4 430
11 437
7 433
50 476
76 502
45 471
38 464
58 484
74 500
39 465
18 444
31 457
68 494
25 451
42 468
35 461
20 446
81 507
64 490
46 472
8 434
34 460
84 510
85 511
57 483
49 475
14 440
23 449
36 462
55 481
1 425
12 438
13 439
17 443
54 480
41 467
83 509
71 497
82 508
63 489
71 496
77 502
6 431
74 499
5 430
46 471
41 466
31 456
37 462
60 485
69 494
35 460
25 450
55 480
80 505
10 435
28 453
63 488
22 447
45 470
23 448
62 487
82 507
56 481
7 432
14 439
72 497
67 492
32 457
1 426
13 438
43 468
24 449
42 467
17 442
58 483
19 444
33 458
27 452
39 464
85 510
50 475
49 474
9 434
81 506
34 459
21 446
62 485
86 511
40 465
64 489
38 463
70 495
47 472
16 441
20 445
3 428
15 440
4 429
75 500
8 433
57 482
11 436
44 469
48 473
18 443
83 508
61 486
36 461
68 493
2 427
63 484
79 504
66 491
79 503
50 474
24 448
2 426
27 451
18 442
62 484
44 468
39 463
83 507
11 435
41 465
15 437
66 490
26 450
68 492
70 494
87 511
34 458
43 467
36 460
28 452
63 485
56 480
72 496
65 489
14 438
15 439
64 484
19 443
78 502
21 445
49 473
38 462
60 484
25 449
32 456
29 453
23 447
71 495
67 491
57 481
37 461
10 434
74 498
5 429
47 471
84 508
73 497
59 483
51 475
85 509
42 466
64 488
30 454
9 433
86 510
6 430
17 441
89 511
81 505
76 500
80 504
45 469
58 482
63 487
46 470
8 432
20 444
7 431
48 472
4 428
3 427
62 486
33 457
63 483
13 437
82 506
16 440
12 436
7 430
88 511
72 495
75 498
65 488
58 481
62 483
63 486
45 468
36 459
10 433
42 465
19 442
82 505
5 428
6 429
59 482
68 491
44 467
32 455
73 496
49 472
39 462
17 440
38 461
18 441
83 506
43 466
37 460
26 449
69 492
64 485
57 480
13 436
48 471
20 443
8 431
3 426
41 464
24 447
74 497
25 448
27 450
86 509
61 484
40 463
79 502
12 435
84 507
22 445
34 457
14 437
16 439
15 438
70 493
64 487
31 454
51 474
21 444
46 469
60 483
76 499
89 510
50 473
35 458
0 423
78 501
66 489
9 432
87 510
30 453
28 451
11 434
80 503
4 427
81 504
64 486
48 470
25 447
26 448
41 463
66 488
83 505
1 423
74 496
67 489
51 473
14 436
39 461
80 502
12 434
8 430
19 441
54 476
38 460
29 451
34 456
13 435
45 467
40 462
71 493
44 466
9 431
87 509
68 490
0 422
33 455
88 510
61 483
56 478
28 450
6 428
24 446
30 452
69 491
79 501
20 442
43 465
10 432
1 421
7 429
76 498
59 481
50 472
72 494
16 438
46 468
86 508
57 479
49 471
5 427
52 474
60 482
27 449
21 443
81 503
36 458
47 469
42 464
31 453
17 439
35 457
70 492
75 497
4 426
84 506
32 454
73 495
82 504
65 487
23 445
37 459
11 433
32 453
28 449
42 463
30 451
60 481
20 441
51 472
52 473
9 430
57 478
71 492
54 475
58 479
72 493
7 428
8 429
47 468
26 447
44 465
74 495
45 466
25 446
3 424
41 462
22 443
29 448
82 503
23 444
36 457
34 455
70 491
79 500
11 432
31 452
49 470
83 504
76 497
48 469
24 445
35 456
67 488
66 487
2 421
40 461
1 422
80 501
39 460
81 502
87 508
68 489
21 442
17 438
13 434
43 464
84 505
46 467
27 448
10 431
29 450
6 427
56 477
38 459
59 480
65 486
88 509
19 440
55 476
14 435
61 482
4 425
35 455
91 509
79 499
83 503
2 420
92 508
60 480
23 443
46 466
9 429
43 463
24 444
40 460
58 478
72 492
17 437
8 428
67 487
18 438
82 502
71 491
28 448
36 456
32 452
41 461
84 504
14 434
13 433
54 474
39 459
77 497
81 501
68 488
30 450
3 423
47 467
50 470
26 446
61 481
22 442
73 493
49 469
55 475
70 490
86 506
52 472
59 479
66 486
5 425
42 462
10 430
12 432
7 427
38 458
6 426
44 464
88 508
37 457
25 445
21 441
57 477
2 422
74 494
87 507
48 468
80 500
85 505
29 449
19 439
78 498
56 476
69 489
4 424
76 496
31 451
84 503
79 498
69 488
76 495
19 438
0 419
37 456
32 451
45 464
58 477
72 491
5 424
51 470
12 431
23 442
10 429
3 422
85 504
67 486
18 437
38 457
92 509
44 463
16 435
81 500
30 449
52 471
33 452
80 499
55 474
56 475
61 480
90 509
86 505
40 459
47 466
87 506
77 496
78 497
24 443
36 455
60 479
89 508
48 467
13 432
71 490
59 478
20 439
31 450
27 446
74 493
21 440
41 460
11 430
49 468
62 481
82 501
88 507
7 426
28 447
9 428
2 419
15 434
66 485
53 472
39 458
14 433
54 473
25 444
4 423
91 508
50 469
26 445
6 425
83 502
8 427
43 462
39 457
11 429
51 469
92 510
47 465
43 461
6 424
90 508
53 471
0 418
52 470
84 502
23 441
89 507
93 511
83 501
27 445
26 444
65 483
1 419
63 481
40 458
72 490
10 428
16 434
75 493
59 477
14 432
66 484
74 492
41 459
24 442
5 423
79 497
7 425
46 464
8 426
78 496
49 467
62 480
76 494
9 427
69 487
85 503
87 505
71 489
81 499
44 462
60 478
21 439
28 446
67 485
73 491
13 431
32 450
57 475
68 486
61 479
82 500
93 509
37 455
15 433
64 482
58 476
50 468
70 488
4 422
34 452
38 456
77 495
31 449
25 443
54 472
12 430
33 451
55 473
22 440
20 438
36 454
17 435
80 498
18 436
48 466
56 474
56 473
57 474
0 417
6 423
20 437
41 458
86 503
5 420
37 454
40 457
33 450
50 467
83 500
31 448
38 455
88 505
89 506
76 493
19 436
68 485
84 501
57 472
75 492
15 432
80 497
23 440
67 484
51 468
53 470
54 471
35 452
49 466
46 463
39 456
93 510
18 435
64 481
85 502
78 495
27 444
61 478
65 482
4 421
48 465
44 461
70 487
32 449
81 498
62 479
34 451
24 441
73 490
90 507
66 483
79 496
17 434
16 433
74 491
11 428
55 472
21 438
87 504
60 477
14 431
9 426
63 480
45 462
58 475
25 442
12 429
77 494
26 443
29 446
72 489
1 418
28 445
94 511
22 439
7 424
82 499
1 417
68 484
9 425
80 496
82 498
51 467
78 494
15 431
74 490
29 445
40 456
6 420
32 448
57 473
60 476
42 458
63 479
26 442
59 475
22 438
11 427
69 485
5 421
76 492
62 478
53 469
23 439
77 493
56 472
14 430
95 511
65 481
48 464
79 495
18 434
35 451
47 463
87 503
84 500
0 416
67 483
12 428
89 505
66 482
86 502
8 424
21 437
38 454
75 491
24 440
44 460
13 429
58 472
6 422
85 501
94 510
64 480
57 471
90 506
45 461
41 457
71 487
54 470
28 444
50 466
31 447
72 488
10 426
43 459
73 489
58 474
33 449
46 462
55 471
17 433
34 450
20 436
52 468
83 499
7 423
37 453
70 485
18 433
77 492
52 467
54 469
10 425
80 495
90 505
55 470
35 450
39 454
23 438
12 427
1 416
9 424
76 491
19 434
7 420
68 483
37 452
87 502
27 442
72 487
43 458
20 435
65 480
50 465
73 488
44 459
67 482
21 436
88 501
51 466
66 481
69 484
63 478
85 500
96 511
79 494
59 474
26 441
61 476
3 418
82 497
0 415
33 448
17 432
22 437
7 422
32 447
49 464
86 501
14 429
30 445
6 421
38 453
2 417
31 446
47 462
41 456
8 423
53 468
24 439
89 504
58 473
74 489
16 431
40 455
64 479
48 463
11 426
95 510
15 430
71 486
75 490
45 460
62 477
36 451
28 443
60 475
56 471
83 498
46 461
34 449
37 451
96 510
80 494
11 425
23 437
61 475
47 461
33 447
46 460
56 470
77 491
0 414
1 415
59 473
12 426
10 424
63 477
27 441
17 431
44 458
88 502
32 446
60 474
53 467
72 486
50 464
13 427
39 453
38 452
21 435
54 468
49 463
91 505
14 428
89 503
16 430
7 421
30 444
8 422
29 443
62 476
43 457
76 490
22 436
18 432
31 445
95 509
35 449
66 480
26 440
73 487
45 459
40 454
68 482
86 500
42 456
20 434
83 497
94 508
65 479
71 485
90 504
87 501
52 466
51 465
3 417
25 439
67 481
28 442
78 492
55 469
70 484
41 455
84 498
79 493
74 488
64 478
19 433
4 418
81 495
2 416
36 450
68 481
15 428
19 432
12 425
78 491
87 500
73 486
70 483
20 433
3 416
52 465
90 503
75 488
8 421
86 499
38 451
89 502
9 422
96 509
22 435
29 442
93 506
83 496
34 447
0 413
81 494
40 453
28 441
72 485
97 510
91 504
23 436
11 424
17 430
24 437
5 418
47 460
32 445
48 461
10 423
62 475
4 417
13 424
39 452
53 466
79 492
94 507
64 477
84 497
16 429
54 467
25 438
13 426
41 454
98 511
61 474
51 464
45 458
2 415
69 482
21 434
66 479
63 476
80 493
95 508
37 450
92 505
50 463
33 446
46 459
14 427
55 468
35 448
42 455
31 444
26 439
82 495
60 473
56 469
76 489
93 504
44 457
59 471
93 505
22 434
55 467
68 480
15 427
60 472
70 482
30 442
77 489
4 414
41 453
4 416
87 499
40 452
6 418
95 507
64 476
54 466
91 503
45 457
37 449
84 496
10 422
29 441
69 481
75 487
38 450
62 474
5 417
1 413
23 435
11 423
36 448
12 424
27 439
96 508
99 511
90 502
85 497
97 509
65 477
48 460
74 486
50 462
51 463
67 479
9 421
28 440
25 437
20 432
78 490
58 470
82 494
0 412
92 504
26 438
56 468
31 443
43 455
16 428
24 436
86 498
94 506
13 423
57 469
14 426
2 414
39 451
3 415
32 444
52 464
98 510
73 485
81 493
19 431
47 459
35 447
94 504
83 495
80 492
18 430
21 433
17 429
34 446
9 420
10 421
75 486
67 478
47 458
43 454
15 426
42 453
85 496
16 427
38 449
25 436
58 469
96 507
28 439
89 500
66 477
24 435
91 502
19 430
1 412
3 414
83 494
56 467
6 417
36 447
37 448
12 423
99 510
74 485
14 425
49 460
82 493
7 418
98 509
92 503
13 422
86 497
68 479
29 440
78 489
87 498
65 476
64 475
50 461
51 462
62 473
52 463
33 444
20 431
0 411
48 459
97 508
46 457
84 495
2 413
61 472
17 428
100 511
70 481
5 416
60 471
54 465
63 474
57 468
79 490
26 437
76 487
44 455
45 456
81 492
40 451
88 499
4 415
41 452
35 446
94 505
27 438
55 466
32 443
95 506
53 464
23 434
59 470
39 450
18 429
80 491
31 442
21 432
86 496
45 455
96 506
68 478
74 484
41 451
29 439
60 470
11 421
89 499
78 488
42 452
85 495
54 464
64 474
20 430
19 429
59 469
53 463
18 428
10 420
37 447
27 437
35 445
26 436
57 467
3 413
46 456
1 411
98 508
66 476
70 480
25 435
71 481
23 433
72 482
32 442
75 485
65 475
15 425
99 509
17 427
50 460
28 438
90 500
33 443
56 466
0 410
84 494
77 487
9 419
22 432
62 472
51 461
44 454
55 465
47 457
16 426
80 490
88 498
100 510
97 507
81 491
40 450
101 511
6 416
58 468
61 471
2 412
52 462
73 483
43 453
5 415
83 493
67 477
49 459
12 422
48 458
76 486
39 449
36 446
34 444
38 448
92 502
87 497
31 441
95 505
63 473
7 417
87 496
16 425
98 507
18 427
91 500
62 471
8 417
100 509
6 415
47 456
60 469
45 454
55 462
26 435
40 449
21 430
3 412
2 411
67 476
51 460
37 446
31 440
43 452
81 490
19 428
93 502
61 470
83 492
1 410
0 409
49 458
64 473
42 451
82 491
23 432
73 482
97 506
36 445
57 466
39 448
77 486
79 488
38 447
28 437
99 508
48 457
9 418
10 419
74 483
63 472
59 468
101 510
34 443
89 498
69 478
84 493
55 464
17 426
32 441
66 475
102 511
96 505
76 485
68 477
20 429
52 461
86 495
46 455
41 450
90 499
29 438
88 497
7 416
92 501
12 421
53 462
11 420
65 474
22 431
54 463
15 424
71 480
56 465
33 442
27 436
80 489
25 434
58 467
72 481
5 413
1 409
55 461
68 476
10 418
42 450
102 510
25 433
103 511
76 484
47 455
32 440
100 508
93 501
31 439
64 472
59 457
88 496
75 483
4 412
17 425
11 419
80 488
87 495
69 477
9 417
73 481
58 466
99 507
27 435
95 503
46 454
67 475
101 509
44 452
3 411
8 416
34 442
58 458
78 486
71 479
7 415
53 461
52 460
20 428
40 448
6 414
90 498
97 505
82 490
60 468
43 451
62 470
83 491
38 446
55 463
86 494
21 429
91 499
65 471
79 487
81 489
35 443
24 432
57 465
70 478
92 500
18 426
85 493
12 420
28 436
22 430
30 438
65 473
77 485
98 506
2 410
51 459
57 459
66 474
16 424
56 460
37 445
36 444
59 467
54 462
23 431
0 408
56 462
29 437
49 457
56 463
44 451
11 418
9 416
39 446
35 442
27 434
60 467
68 475
42 449
53 460
75 482
69 476
61 468
24 431
99 506
93 500
2 409
47 454
57 464
40 447
48 455
8 415
4 411
66 473
52 459
80 487
104 511
82 489
23 430
5 412
6 413
79 486
87 494
56 461
20 427
84 491
103 510
62 469
36 443
1 408
26 433
63 470
98 505
91 498
3 410
17 424
76 483
30 437
85 492
29 436
46 453
67 474
57 462
71 478
59 458
32 439
49 456
25 432
73 480
58 459
86 493
50 457
21 428
33 440
70 477
51 458
18 423
78 485
31 438
57 460
57 458
95 502
7 414
18 425
34 441
65 472
59 466
12 419
54 461
64 471
38 445
96 503
41 448
16 423
89 496
10 417
83 490
101 508
56 459
37 444
77 484
94 501
88 495
0 407
60 465
43 450
102 509
58 457
74 481
22 429
100 507
28 435
45 452
37 443
72 478
55 459
99 505
54 460
52 458
68 474
16 422
79 485
83 489
85 491
59 459
8 414
73 479
88 494
78 484
86 492
40 446
69 475
1 407
64 470
35 441
39 445
82 488
98 504
92 498
63 469
18 424
75 481
59 465
21 427
76 482
25 431
67 473
77 483
30 436
57 457
3 409
19 425
58 464
105 511
100 506
57 461
20 426
17 423
81 487
34 440
95 501
42 448
49 455
2 408
87 493
27 433
93 499
84 490
33 439
90 496
31 437
62 468
70 476
47 453
66 472
71 477
6 412
44 450
43 449
53 459
23 429
9 415
45 451
103 509
22 428
60 466
28 434
91 497
32 438
80 484
94 500
80 486
38 444
11 417
101 507
4 410
12 418
51 457
74 480
58 456
26 432
96 502
10 416
97 503
57 463
46 452
50 456
27 432
45 450
90 495
93 498
37 442
99 504
48 453
49 454
46 451
102 507
23 428
56 457
88 493
79 484
33 436
8 413
43 448
30 435
83 488
70 475
104 509
41 446
21 426
32 437
50 455
54 459
75 480
13 418
68 473
89 494
53 458
17 422
92 497
3 408
2 407
80 485
9 414
29 434
26 431
42 447
47 452
44 449
31 436
57 456
66 469
7 412
86 491
55 458
78 483
64 469
38 443
5 410
58 463
59 464
52 457
11 416
34 439
74 479
95 500
96 501
12 417
35 440
67 472
62 467
10 415
36 441
61 466
28 433
98 503
81 486
59 460
91 496
58 461
25 430
20 425
103 508
39 444
94 499
6 411
77 482
22 427
101 506
106 511
100 505
7 410
72 477
105 510
84 489
19 424
24 429
73 478
21 425
78 482
70 474
13 415
44 448
49 453
85 489
65 469
86 490
50 454
55 457
43 447
101 505
42 446
75 479
97 501
77 481
89 493
74 478
93 497
35 439
71 475
59 461
13 417
27 431
52 456
6 410
8 412
34 438
79 483
67 469
12 416
20 424
33 437
31 435
3 407
69 473
14 418
90 494
102 506
32 436
84 488
100 504
25 429
105 509
40 444
46 450
7 411
68 472
56 456
23 427
82 486
76 480
17 421
99 503
36 440
62 466
104 508
41 445
9 413
95 499
22 426
94 498
10 414
39 443
34 436
51 455
38 442
81 485
67 471
59 463
98 502
53 457
103 507
107 511
37 441
66 468
5 409
96 500
73 477
57 455
45 449
72 476
83 487
2 406
54 458
29 433
4 408
48 452
91 495
28 432
22 424
22 425
55 456
92 495
3 406
8 411
24 427
10 413
104 507
83 486
103 506
108 511
19 422
6 409
37 440
105 508
50 453
87 490
0 403
26 429
98 501
9 412
90 493
41 444
79 482
54 457
96 499
91 494
94 497
29 432
20 423
95 498
44 447
61 464
45 448
75 478
65 468
31 434
27 430
93 496
38 441
60 461
28 431
74 477
102 505
70 473
62 465
99 502
106 509
97 500
52 455
4 407
13 416
21 424
100 503
17 420
39 442
14 417
86 489
43 446
11 414
60 463
49 452
34 437
73 476
46 449
78 481
25 428
15 418
35 438
56 455
107 510
23 426
10 411
72 475
84 487
59 462
53 456
82 485
2 405
68 471
30 433
32 435
64 467
69 472
67 470
12 415
63 466
19 420
85 488
42 445
76 479
62 464
36 438
70 472
61 461
28 430
105 507
49 451
15 417
54 456
18 420
39 441
87 489
6 408
92 494
1 403
77 479
41 443
25 427
24 426
74 476
89 491
38 440
82 484
79 481
104 506
83 485
91 493
9 411
16 418
64 466
42 444
107 509
108 510
69 471
98 500
84 486
51 453
56 454
11 413
44 446
3 405
97 499
93 495
50 452
30 432
29 431
45 447
75 477
88 490
86 488
68 470
21 423
60 462
100 502
46 448
19 421
35 437
73 475
65 467
43 445
90 492
78 480
14 416
101 503
37 439
10 412
72 474
20 422
27 429
17 419
32 434
71 473
103 505
63 465
2 404
4 406
27 427
102 504
52 454
40 442
109 511
96 498
26 428
0 402
95 497
106 508
61 463
23 425
12 414
31 433
91 492
90 491
32 433
20 421
29 430
97 498
5 406
31 432
38 439
65 464
105 506
88 489
1 402
80 481
2 403
17 418
83 484
47 448
54 455
64 465
78 479
16 417
109 510
95 496
71 472
68 467
93 494
69 470
62 463
100 501
111 510
94 495
53 454
3 404
28 429
7 408
103 504
18 419
6 407
98 499
96 497
42 443
33 434
106 505
26 427
107 508
72 473
106 507
99 500
49 450
15 416
50 451
74 475
52 453
40 441
63 464
86 487
108 509
44 445
37 438
89 490
76 477
73 474
77 478
65 466
85 486
79 480
82 483
30 431
70 471
11 412
9 410
37 436
101 502
12 413
110 511
55 454
45 446
36 437
54 447
87 488
61 462
21 422
41 442
84 485
24 425
27 428
5 405
96 496
97 497
40 440
109 507
21 421
53 453
94 494
71 471
104 504
7 407
101 501
2 402
54 454
66 466
35 435
51 449
51 451
52 452
47 447
29 429
22 422
80 480
13 413
86 486
37 437
46 446
105 505
110 510
109 509
41 441
73 473
17 417
95 495
98 498
32 432
48 448
66 464
108 508
79 479
87 487
77 477
70 470
62 462
24 424
54 448
43 443
26 426
53 447
91 491
99 499
18 418
89 489
88 488
16 416
1 401
52 448
111 511
102 502
28 428
45 445
3 403
74 474
75 475
106 506
39 439
64 464
9 409
12 412
50 450
84 484
103 503
93 493
68 468
90 490
69 469
65 465
81 481
82 482
83 483
33 433
34 434
44 444
38 438
78 478
67 467
30 430
36 436
92 492
63 463
38 437
79 478
18 417
46 445
100 499
44 443
101 500
30 429
52 449
86 485
108 507
73 472
19 418
53 448
94 493
21 420
9 408
29 428
43 442
24 423
51 450
7 406
42 441
39 438
72 471
13 412
20 419
47 446
93 492
48 447
0 399
110 507
32 431
33 432
35 434
71 470
67 466
105 504
15 414
107 506
112 511
31 430
40 439
45 444
54 453
110 509
64 463
12 411
82 481
104 503
53 452
34 433
84 483
95 494
90 489
63 462
97 496
109 506
45 442
76 475
3 402
17 416
52 451
92 491
85 484
74 473
2 401
51 448
109 508
26 425
16 415
96 495
25 424
10 409
102 501
1 400
88 487
87 486
66 465
70 469
80 479
77 476
6 405
69 468
83 482
36 435
81 480
103 502
89 488
41 440
8 407
22 421
99 498
49 448
75 474
23 421
45 443
97 495
31 429
26 424
92 490
53 449
1 399
63 461
91 489
111 507
108 506
82 478
25 423
39 437
42 440
30 428
44 442
9 407
89 487
35 433
94 492
87 485
103 501
4 402
16 414
27 425
41 439
20 418
49 447
50 448
78 476
33 431
75 473
15 413
13 411
110 508
74 472
0 398
46 444
98 496
100 498
105 503
79 477
51 447
64 462
21 419
53 451
3 401
29 427
85 483
34 432
67 465
77 475
47 445
96 494
80 478
95 493
24 422
40 438
2 400
54 452
101 499
7 405
73 471
76 474
10 408
52 450
17 415
82 480
104 502
18 414
48 446
83 481
86 484
71 469
22 420
6 404
18 416
36 434
113 511
88 486
70 468
2 399
85 482
61 458
86 483
76 473
32 429
75 472
18 415
90 487
43 440
19 416
41 438
28 425
70 467
93 490
1 398
37 434
4 401
111 508
35 432
100 497
5 402
22 419
92 489
40 437
65 462
8 405
94 491
83 480
39 436
108 505
11 408
61 456
34 431
36 433
6 403
17 414
23 420
20 417
95 492
16 413
50 447
106 503
54 451
47 444
15 412
18 413
112 509
103 500
101 498
49 446
12 409
88 485
42 439
3 398
91 488
31 428
80 477
102 499
77 474
14 411
68 465
62 459
113 510
63 460
7 404
96 493
78 475
98 495
64 461
0 397
44 441
84 481
99 496
21 418
26 423
24 421
53 450
71 468
55 452
89 486
13 410
74 471
114 511
79 476
27 424
105 502
46 443
81 478
82 479
10 407
104 501
33 430
29 426
30 427
4 400
2 398
90 486
7 403
103 499
14 410
5 401
35 431
47 443
115 511
31 427
79 475
74 470
50 446
40 436
63 459
23 419
44 440
62 458
105 501
21 417
3 399
65 461
10 406
69 465
102 498
1 397
91 487
28 424
29 425
108 504
87 483
84 480
25 421
55 451
64 460
60 456
49 445
36 432
70 466
57 453
30 426
78 474
101 497
0 396
19 415
100 496
68 464
80 476
95 491
92 488
34 430
83 479
27 423
59 455
112 508
61 457
37 433
17 413
33 429
71 467
88 484
94 490
39 435
11 407
48 444
9 405
41 437
104 500
58 454
98 494
22 418
113 509
96 492
20 416
81 477
54 450
15 411
86 482
32 428
106 502
13 409
75 471
12 408
76 472
8 404
97 493
114 510
43 439
85 481
26 422
93 489
42 438
31 426
8 403
66 461
45 440
58 453
86 481
81 476
78 473
95 490
28 423
17 412
33 428
44 439
6 401
74 469
114 509
4 399
0 395
32 427
107 502
108 503
27 422
11 406
41 436
71 466
42 437
59 454
55 450
113 508
6 399
15 410
84 479
99 494
100 495
115 510
13 408
93 488
34 429
48 443
20 415
36 431
49 444
29 424
46 441
80 475
68 463
9 404
35 430
7 402
87 482
23 418
2 397
25 420
75 470
16 411
14 409
30 425
24 419
105 500
98 493
40 435
65 460
67 462
1 396
37 432
39 434
64 459
79 474
10 405
109 504
94 489
12 407
60 455
92 487
116 511
70 465
96 491
26 421
97 492
21 416
88 483
77 472
63 458
85 480
102 497
69 464
104 499
76 471
89 484
50 445
47 442
101 496
88 481
57 452
22 417
38 433
62 457
90 485
91 486
67 461
55 449
59 453
5 399
75 469
16 410
84 478
95 489
21 415
76 470
37 431
56 450
69 463
48 442
74 466
28 422
33 427
32 426
7 401
106 500
34 428
42 436
74 468
15 407
82 476
36 430
12 406
23 417
51 445
77 471
88 480
7 399
92 486
99 493
30 424
87 481
17 411
103 497
60 454
79 473
116 510
71 465
78 472
27 421
40 434
114 508
98 492
108 502
15 409
111 505
57 451
80 474
112 506
115 509
58 452
64 456
1 395
114 506
89 483
8 402
31 425
113 507
104 498
13 407
97 491
70 464
2 396
24 418
11 405
93 487
47 441
46 440
88 482
9 403
102 496
110 502
39 433
35 429
0 394
20 414
25 419
85 479
63 457
14 408
91 485
64 458
66 460
50 444
90 484
81 475
96 490
10 404
44 438
6 400
16 406
100 494
29 423
68 462
43 437
107 501
23 415
6 398
86 480
65 459
41 435
109 503
94 488
72 465
86 479
56 449
42 435
64 457
49 442
98 491
17 410
85 478
114 507
20 413
7 400
103 496
23 416
46 439
8 401
91 484
80 473
60 453
107 500
31 424
110 501
61 454
44 437
100 493
96 489
112 505
38 431
116 509
39 432
68 461
87 480
67 460
5 398
28 421
11 404
14 407
89 482
41 434
19 412
45 438
27 420
50 443
117 510
77 470
108 501
15 406
10 403
93 486
97 490
58 451
26 419
111 502
102 495
16 407
101 494
3 396
37 430
2 395
71 464
94 487
18 411
24 417
22 415
84 477
105 498
92 485
115 508
73 466
51 444
95 486
104 497
43 436
115 506
13 406
47 440
109 502
48 441
57 450
75 468
12 405
70 463
65 458
9 402
78 471
7 398
111 504
33 426
35 428
110 503
29 422
59 452
79 472
83 476
1 394
66 459
8 397
25 418
90 483
81 474
113 506
32 425
4 397
15 408
114 505
76 469
69 462
118 511
74 467
0 393
82 475
63 456
41 433
42 434
101 493
27 419
22 414
87 479
20 412
14 406
99 491
8 398
58 450
25 417
0 392
56 448
57 449
3 395
49 441
116 506
69 461
113 505
103 495
99 489
28 420
47 439
17 409
38 430
104 496
51 443
80 472
86 478
111 503
36 428
43 435
119 511
68 460
95 487
82 474
67 459
65 457
70 462
83 475
19 411
59 451
112 504
16 408
17 407
118 510
115 507
24 416
15 405
34 426
5 397
1 393
7 397
60 452
8 400
18 410
90 482
92 484
9 401
45 437
33 425
105 497
102 494
96 488
72 464
85 477
50 442
95 485
84 476
78 470
26 418
40 432
109 501
73 465
2 394
48 440
116 508
30 422
75 467
4 396
44 436
97 489
81 473
94 486
13 405
79 471
8 396
96 486
93 485
63 455
76 468
91 483
61 453
10 402
11 403
62 454
117 509
46 438
71 463
32 424
108 500
69 460
82 473
37 428
92 483
96 487
72 463
57 448
5 396
117 508
21 412
63 454
14 405
85 476
2 393
118 509
3 394
11 402
99 490
9 400
79 468
0 391
78 469
19 410
41 432
4 395
97 488
56 447
81 472
79 470
83 474
49 440
28 419
113 504
64 453
86 477
87 478
84 475
94 485
34 425
58 449
47 438
73 464
7 396
109 500
30 421
103 494
45 436
70 461
62 453
68 459
22 413
61 452
116 507
9 398
50 441
13 404
43 434
35 426
52 443
76 467
18 409
25 416
100 491
36 427
104 495
102 493
26 417
20 411
31 422
112 503
17 408
93 484
51 442
106 497
55 446
53 444
40 431
54 445
38 429
91 482
33 424
98 489
71 462
66 457
12 403
29 420
1 392
80 471
42 433
60 451
120 511
18 407
77 468
101 492
119 510
59 450
32 423
48 439
70 460
90 480
32 422
97 487
87 477
94 484
27 417
65 455
84 474
118 508
80 468
78 468
113 503
67 457
5 395
2 392
1 391
83 471
83 473
109 499
71 461
72 462
42 432
64 452
102 492
86 476
98 488
22 412
66 456
100 490
20 410
88 478
104 494
80 470
107 497
50 440
73 463
101 491
34 424
38 428
63 453
68 458
39 429
11 401
62 452
26 416
45 435
82 472
92 482
121 511
48 438
69 459
14 404
106 496
55 445
28 418
56 446
60 450
36 426
54 444
59 449
19 409
65 453
6 396
53 443
9 399
13 403
0 390
41 431
46 436
61 451
49 439
44 434
74 464
3 393
35 425
40 430
47 437
12 402
119 509
76 466
120 510
117 507
31 421
103 493
93 483
10 400
18 408
43 433
57 447
51 441
79 469
64 454
29 419
4 394
37 427
43 432
10 399
92 481
67 456
57 446
5 394
59 448
71 460
110 499
75 464
72 461
52 441
78 467
80 469
22 411
32 421
23 412
106 495
4 393
42 431
77 466
28 417
49 438
83 470
108 497
62 451
91 480
54 443
3 392
31 420
89 478
56 445
19 408
21 410
11 400
118 507
12 401
85 474
41 430
69 458
68 457
40 429
14 403
66 455
105 494
33 422
60 449
50 439
25 414
94 483
46 435
74 463
101 490
122 511
120 509
93 482
86 475
73 462
103 492
109 498
38 427
30 419
13 402
20 409
39 428
34 423
44 433
83 472
102 491
1 390
88 477
90 479
53 442
98 487
55 444
35 424
111 500
48 437
63 452
113 502
64 451
37 426
2 391
6 395
119 508
70 459
65 454
27 416
121 510
107 496
120 508
46 434
13 401
34 422
57 445
21 409
33 421
98 486
85 473
116 504
89 477
74 462
109 497
119 507
32 420
72 460
81 469
47 435
53 441
15 403
117 505
63 451
101 489
24 412
99 487
76 464
90 478
49 437
20 408
29 417
94 482
111 499
108 496
67 455
48 436
11 399
77 465
68 456
14 402
104 492
4 392
62 450
30 418
41 429
22 410
75 463
122 510
54 442
64 450
45 433
28 416
82 470
2 390
50 438
56 444
5 393
38 426
97 485
70 458
21 407
83 469
86 474
69 457
123 511
92 480
112 500
110 498
1 389
88 476
3 391
44 432
114 502
78 466
37 425
42 430
6 394
43 431
61 449
60 448
96 484
66 454
39 427
52 440
25 413
51 439
58 446
40 428
36 424
84 472
91 479
102 490
105 493
31 419
107 495
95 483
71 459
26 414
27 415
120 507
108 495
52 439
97 484
48 435
7 394
59 446
31 418
89 476
96 483
98 485
114 501
46 433
41 428
47 434
104 491
30 417
77 464
124 511
91 478
90 477
111 498
85 472
93 480
49 436
21 406
35 422
15 402
27 414
67 454
11 398
62 449
29 416
100 487
102 489
23 410
43 430
121 508
21 408
50 437
45 432
4 391
72 459
20 407
0 387
112 499
76 463
69 456
6 393
73 460
109 496
86 473
3 390
32 419
79 466
70 457
107 494
105 492
37 424
95 482
54 441
56 443
12 399
63 450
117 504
2 389
40 427
57 444
74 461
34 421
116 503
13 400
24 411
61 448
71 458
110 497
26 413
33 420
75 462
36 423
14 401
118 505
38 425
122 509
25 412
71 456
123 510
99 486
53 440
51 438
82 469
55 442
39 426
60 447
42 429
22 409
1 387
78 464
115 501
113 499
97 483
122 508
40 426
53 439
7 393
54 440
3 389
71 457
108 494
51 437
48 434
20 406
49 435
63 449
52 438
124 510
67 453
105 491
118 504
74 460
28 414
116 502
33 419
104 490
50 436
56 442
100 486
90 476
125 511
39 425
41 427
82 468
92 478
5 391
37 423
47 433
59 445
38 424
44 430
123 509
57 443
0 386
25 411
111 497
27 413
110 496
23 409
8 394
43 429
99 485
35 421
107 493
106 492
103 489
72 458
121 507
79 465
13 399
94 480
19 405
62 448
117 503
61 447
52 436
68 454
85 471
101 487
22 408
75 461
86 472
76 462
89 475
96 482
17 403
73 459
29 415
2 388
58 444
70 456
114 500
32 418
14 400
87 473
16 402
109 495
45 431
98 484
81 467
42 428
6 392
95 481
12 398
31 417
15 401
93 479
97 482
43 428
74 459
85 470
102 487
121 506
126 511
99 484
49 434
60 445
70 455
76 461
53 438
33 418
31 416
24 409
0 385
38 423
58 443
48 433
87 472
41 426
73 458
106 491
40 425
94 479
18 403
53 436
17 402
55 440
89 474
19 404
32 417
16 401
61 446
28 413
79 464
75 458
39 424
42 427
111 496
56 441
46 431
26 411
3 388
5 390
13 398
12 397
37 422
52 437
96 481
95 480
98 483
69 454
9 394
124 509
25 410
116 501
112 497
30 415
15 400
92 477
20 405
100 485
7 392
57 442
67 452
54 439
107 492
114 499
104 489
125 510
105 490
2 387
80 465
51 436
14 399
62 447
45 430
44 429
63 448
29 414
34 419
122 507
27 412
101 486
119 504
72 457
81 466
86 471
90 475
82 467
36 421
110 495
108 493
47 432
23 408
6 391
117 502
93 478
103 488
115 500
8 393
50 435
4 389
42 426
107 491
12 396
110 494
79 463
27 411
47 431
59 443
41 425
54 438
66 450
82 466
74 458
69 453
40 424
75 459
124 508
1 385
64 448
115 499
113 497
117 501
60 444
55 439
56 440
80 464
125 509
43 427
7 391
120 504
58 442
87 471
108 492
92 476
18 402
103 487
6 390
53 437
70 454
28 412
3 387
97 481
99 483
91 475
109 493
123 507
14 398
44 428
119 503
68 452
127 511
67 451
31 415
45 429
34 418
90 474
100 484
32 416
20 404
111 495
118 502
63 447
0 384
81 465
61 445
50 434
86 470
35 419
30 414
80 462
11 395
51 435
89 473
57 441
23 407
33 417
95 479
8 392
112 496
73 457
93 477
9 393
36 420
96 480
101 485
105 489
84 468
26 410
15 399
46 430
126 510
39 423
76 460
38 422
24 408
98 482
106 490
122 506
116 500
114 498
16 400
48 432
94 478
4 388
25 409
67 450
80 463
102 485
19 402
65 448
85 468
13 396
117 500
36 419
50 433
124 507
93 476
82 465
77 460
70 453
49 432
35 418
7 390
59 442
32 415
42 425
115 498
119 502
98 481
84 467
88 471
38 421
57 440
108 491
17 400
40 423
27 410
1 384
48 431
14 397
4 387
110 493
60 443
95 478
73 456
61 444
99 482
11 394
72 455
33 416
101 484
94 477
97 480
45 428
112 495
23 406
28 411
54 437
69 452
107 490
123 506
106 489
114 497
9 392
24 407
26 409
51 434
90 473
87 470
41 424
15 398
21 404
43 426
105 488
104 487
68 451
46 429
56 439
39 422
66 449
91 474
76 459
74 457
116 499
12 395
29 412
127 510
92 475
16 399
22 405
125 508
6 389
18 401
79 462
0 383
8 391
71 454
120 503
63 446
100 483
31 414
64 447
66 447
121 504
34 417
122 505
126 509
103 486
89 472
25 408
113 496
118 501
10 392
1 383
114 496
77 459
103 485
65 447
102 484
78 460
28 410
43 425
32 414
101 483
26 408
16 398
18 400
37 419
41 423
67 449
92 474
86 468
126 508
19 401
37 417
100 482
59 441
46 428
69 451
90 472
47 429
115 497
48 430
89 471
22 404
104 486
61 443
128 510
33 415
109 491
0 382
55 437
70 452
119 501
4 386
95 477
118 500
58 440
72 454
6 388
83 465
56 438
120 502
40 422
25 407
73 455
74 456
23 405
7 389
123 505
88 470
116 498
36 418
112 494
127 509
17 399
66 448
99 481
12 394
24 406
110 492
15 397
44 426
60 442
121 503
84 466
42 424
68 450
52 434
97 479
87 469
107 489
9 391
50 432
79 461
35 417
96 478
8 390
14 396
41 421
81 463
64 446
27 409
71 453
2 384
29 411
63 445
38 420
105 487
51 433
93 475
85 467
45 427
20 402
125 507
34 416
78 457
54 435
17 398
118 499
34 415
8 389
47 428
15 396
7 388
85 466
37 418
52 433
82 463
62 443
44 425
96 467
114 495
95 474
101 482
48 429
28 409
77 458
30 411
117 498
97 478
111 492
35 416
14 395
51 432
102 483
72 453
87 468
93 468
107 488
94 475
110 491
12 393
40 421
105 486
10 389
4 385
94 467
92 473
19 400
108 489
36 417
125 506
26 407
58 439
93 474
128 509
67 448
71 452
59 440
127 508
86 467
53 434
75 456
91 470
115 496
119 500
78 459
56 437
99 480
74 455
120 501
20 401
79 460
122 503
89 470
106 487
91 472
126 507
32 413
88 469
98 479
116 497
37 416
55 436
9 390
63 444
64 445
27 408
65 446
33 414
10 391
103 484
38 419
39 420
13 394
61 442
96 477
46 427
22 403
90 471
45 426
0 381
121 502
100 481
1 382
50 431
31 412
70 451
41 422
29 410
109 490
83 464
113 494
92 469
23 404
124 505
73 454
42 423
21 402
11 392
43 424
24 405
69 450
2 383
36 416
4 384
26 406
79 459
11 391
31 411
6 386
38 416
59 439
3 383
123 503
74 454
89 469
86 466
9 389
12 392
75 455
95 475
114 494
63 443
30 410
47 427
42 422
108 488
64 444
81 461
57 437
43 423
68 448
8 388
102 482
10 388
21 401
70 450
94 468
77 457
23 403
118 498
101 481
94 474
104 484
71 451
58 438
5 385
60 440
110 490
62 442
84 464
99 479
54 434
96 476
50 430
24 404
121 501
37 415
117 497
20 400
1 381
19 399
2 382
120 500
14 394
124 504
93 473
44 424
126 504
83 463
39 419
129 509
7 387
53 433
22 402
91 471
91 469
13 393
29 409
92 468
46 426
122 502
127 503
10 390
49 429
106 486
127 507
61 441
113 493
105 485
69 449
92 472
18 396
40 420
92 470
90 470
35 415
93 467
119 499
95 467
85 465
126 506
112 492
93 469
125 505
25 405
55 435
116 496
100 480
28 408
87 467
80 460
38 418
128 508
65 445
34 414
15 395
96 468
56 436
72 452
107 487
88 468
73 453
51 431
27 407
78 458
115 495
17 397
32 412
18 398
97 477
16 396
130 510
50 429
126 503
77 456
76 455
6 385
31 410
1 380
127 506
26 405
98 477
34 413
126 505
36 415
71 450
131 510
105 484
69 448
58 437
96 469
108 487
18 397
26 403
14 393
91 468
35 414
29 408
107 486
74 453
86 465
73 452
43 422
117 496
32 411
132 511
30 409
56 435
12 391
72 451
20 399
57 436
54 433
24 403
47 426
75 454
63 442
70 449
92 471
101 480
4 383
66 445
35 412
124 503
21 400
130 509
9 388
94 473
111 490
80 459
103 482
110 489
52 431
85 464
18 395
102 481
33 412
64 443
65 444
45 424
79 458
128 507
90 469
49 428
3 382
121 500
96 475
113 492
83 462
93 470
67 446
119 498
70 447
81 460
46 425
106 485
82 461
114 493
125 504
129 508
60 439
40 419
95 468
28 407
109 488
8 387
84 463
116 495
5 384
2 381
55 434
88 467
100 479
19 398
92 467
17 396
120 499
39 416
7 386
23 402
115 494
112 491
25 404
127 504
44 423
118 497
11 390
89 468
39 418
0 379
15 394
93 472
13 392
97 476
27 406
123 502
122 501
53 432
62 441
87 465
88 466
130 508
47 425
126 502
41 419
66 444
133 511
44 422
9 387
21 399
127 505
5 383
98 476
52 430
70 448
3 381
69 447
29 407
58 436
57 435
125 503
124 502
26 404
105 483
92 466
16 394
56 434
93 471
80 458
89 467
45 423
67 445
119 497
12 390
106 484
109 487
91 467
34 412
84 462
64 442
117 495
77 455
110 488
102 480
99 477
23 401
26 402
90 468
100 478
55 433
63 441
20 398
27 405
71 449
85 463
131 509
75 453
114 492
129 507
1 379
111 489
103 481
94 470
108 486
31 409
113 491
7 385
73 451
107 485
76 454
53 431
112 490
2 380
68 446
60 438
121 499
82 460
101 479
54 432
17 395
27 403
74 452
83 461
36 414
50 428
32 410
118 496
14 392
15 393
97 475
43 421
48 426
13 391
33 411
86 464
39 417
95 469
94 472
30 408
123 501
120 498
51 429
0 378
61 439
40 418
128 504
35 413
128 506
122 500
81 459
104 482
24 402
132 510
115 493
46 424
19 397
62 439
52 429
34 411
61 438
41 418
110 487
6 383
134 511
122 499
76 453
1 378
80 457
9 386
5 382
66 443
44 421
21 398
2 379
95 470
4 381
106 483
43 420
97 474
87 464
47 424
128 505
45 422
58 435
113 490
71 448
24 401
63 440
28 405
0 377
105 482
103 480
32 409
15 392
46 423
111 488
82 459
57 434
12 389
68 445
78 455
27 404
120 497
92 465
7 384
48 425
109 486
102 479
14 391
121 498
98 475
3 380
133 510
132 509
54 431
83 460
73 450
20 397
23 400
114 491
117 494
90 467
96 473
64 441
30 407
81 458
33 410
16 393
95 472
99 476
74 451
107 484
131 508
25 402
84 461
65 442
100 477
51 428
123 500
125 502
108 485
130 507
67 444
115 492
31 408
112 489
40 417
8 385
118 495
69 446
94 471
89 466
119 496
17 394
42 419
55 432
36 413
85 462
129 506
124 501
77 454
13 390
3 379
17 393
130 506
120 496
11 387
29 405
7 383
9 385
73 449
32 408
112 488
10 386
124 500
59 435
122 498
72 448
78 454
58 434
6 382
77 453
69 445
44 420
53 429
79 455
80 456
55 431
132 508
48 424
67 443
103 479
95 471
119 495
99 475
66 442
109 485
41 417
24 400
105 481
54 430
42 418
100 476
89 465
123 499
96 472
47 423
64 440
56 432
68 444
13 389
101 477
50 426
114 490
30 406
62 438
34 410
82 458
43 419
85 461
8 384
14 390
20 396
110 486
52 428
75 451
15 391
131 507
1 377
90 466
115 491
2 378
129 505
133 509
108 484
16 392
45 421
57 433
88 464
65 441
134 510
25 401
37 413
97 473
116 492
21 397
83 459
111 487
86 462
117 493
87 463
121 497
76 452
106 482
5 381
91 465
135 511
63 439
31 407
46 422
61 437
125 501
84 460
28 404
51 427
113 489
81 457
29 404
108 483
22 397
24 399
101 476
7 382
52 427
25 400
98 473
21 396
128 501
47 422
56 431
44 419
119 494
112 487
123 498
80 455
87 462
79 454
6 381
59 434
32 407
0 375
135 510
2 377
86 461
104 479
69 444
62 437
111 486
96 471
30 405
55 430
125 500
131 506
74 449
54 429
122 497
134 509
63 438
120 495
73 448
77 452
50 425
90 465
81 456
113 488
70 445
118 493
46 421
3 378
53 428
41 416
36 411
83 458
89 464
84 459
13 388
42 417
88 463
106 481
132 507
68 443
34 409
103 478
116 491
33 408
79 452
114 489
130 505
64 439
121 496
38 413
105 480
71 446
17 392
102 477
67 442
31 406
45 420
72 447
15 390
109 484
1 376
51 426
14 389
11 386
76 451
133 508
20 395
5 380
12 387
66 441
8 383
37 412
82 457
97 472
110 485
49 424
18 393
85 460
4 379
10 385
78 453
61 436
107 482
57 432
124 499
136 511
35 410
115 490
99 474
9 384
65 440
100 475
97 471
127 501
79 453
63 437
99 473
122 496
109 483
116 490
55 429
130 504
121 493
105 479
126 500
72 446
90 464
106 480
68 442
16 390
7 381
42 416
58 432
125 499
60 434
32 406
133 507
38 412
27 401
44 418
104 478
134 508
19 393
56 430
57 431
61 435
18 392
78 452
115 489
81 455
41 415
53 427
70 444
21 395
84 458
23 397
86 460
74 448
88 462
25 399
66 440
128 502
101 475
15 389
123 497
107 481
82 456
120 494
1 375
67 441
52 426
43 417
69 443
37 411
4 378
98 472
46 420
110 484
8 382
12 386
80 454
30 404
14 388
48 422
9 383
114 488
49 423
20 394
129 503
22 396
64 438
102 476
51 425
132 506
111 485
103 477
50 424
36 410
73 447
100 474
117 491
131 505
17 391
3 377
83 457
45 419
135 509
31 405
0 374
77 451
113 487
71 445
5 379
33 407
119 493
35 409
47 421
121 495
10 384
89 463
137 511
39 413
114 487
45 418
108 481
85 458
26 399
113 486
14 387
9 382
77 450
102 475
36 409
20 393
111 484
119 492
69 442
47 420
125 498
138 511
1 374
70 443
90 463
103 476
17 390
78 451
74 447
124 497
116 489
80 453
76 449
35 408
84 457
81 454
89 462
37 410
123 496
27 400
112 485
49 422
106 479
21 394
97 470
131 504
101 474
58 431
130 503
107 478
121 494
23 396
134 507
10 383
135 508
83 456
4 377
137 510
133 506
122 495
107 480
38 411
64 437
87 460
46 419
127 500
120 493
118 491
51 424
31 404
6 379
53 426
75 448
12 385
5 378
82 455
126 499
43 416
129 502
105 478
44 417
71 444
33 406
22 395
56 429
11 384
57 430
110 483
66 439
73 446
2 375
8 381
19 392
42 415
60 433
62 435
115 488
63 436
25 398
41 414
68 441
67 440
13 386
98 471
28 401
52 425
15 388
48 421
31 402
40 413
88 461
34 407
18 391
50 423
7 380
39 412
132 505
65 438
104 477
99 472
124 496
123 495
69 441
81 453
23 395
12 384
45 417
54 426
120 492
17 389
84 456
101 473
131 503
32 404
3 375
0 372
110 482
117 489
37 409
61 433
115 487
24 396
108 480
87 459
52 424
5 377
122 494
107 479
47 419
137 509
78 450
57 429
88 460
138 510
99 471
118 490
56 428
15 387
106 478
13 385
55 427
25 397
42 414
104 476
133 505
60 432
58 430
127 499
50 422
75 447
33 405
38 410
91 463
48 420
70 442
21 393
31 401
36 408
139 511
20 392
4 376
89 461
135 507
73 445
63 435
16 388
29 401
119 491
134 506
109 481
64 436
125 497
98 470
130 502
102 474
41 413
74 446
66 438
8 380
116 488
71 443
132 504
90 462
43 415
2 374
51 423
76 448
14 386
34 406
105 477
40 412
72 444
85 457
44 416
112 484
27 399
68 440
31 403
65 437
30 402
10 382
103 475
7 379
100 472
83 455
113 485
1 373
28 400
82 454
6 378
35 407
9 381
77 449
18 390
110 481
47 418
98 469
22 393
72 443
88 459
111 482
135 506
73 444
39 410
60 431
4 375
63 434
112 483
79 450
17 388
55 426
102 473
57 428
91 462
126 497
33 404
90 461
52 423
100 471
67 438
32 403
131 502
35 406
24 395
5 374
18 389
78 447
53 422
85 456
103 474
64 435
124 495
80 451
104 475
69 440
78 449
19 390
3 374
132 503
16 387
130 501
50 421
7 378
108 479
61 432
119 490
43 414
74 445
58 429
109 480
10 381
105 476
138 509
38 409
128 499
11 382
106 477
123 494
8 379
51 422
68 439
116 487
48 419
0 371
118 489
21 392
56 427
84 455
115 486
28 399
117 488
92 463
99 470
29 400
76 447
93 464
87 458
83 454
34 405
114 485
70 441
89 460
46 417
66 437
139 510
101 472
44 415
36 407
15 386
81 452
20 391
6 377
9 380
129 500
86 457
25 396
26 397
125 496
42 413
40 411
45 416
30 401
134 505
5 376
54 425
127 498
1 372
71 442
82 453
120 491
77 448
13 384
65 436
6 373
53 424
37 408
119 489
36 406
131 501
15 385
113 483
34 404
79 449
132 502
38 408
23 393
84 454
58 428
71 441
39 409
59 429
4 374
46 416
14 384
19 389
73 443
69 439
44 414
11 381
141 511
40 410
27 397
0 370
95 465
25 395
21 391
49 417
20 390
28 398
87 457
57 427
102 472
117 487
88 458
52 422
66 436
48 418
98 468
60 430
80 450
17 387
3 373
74 444
109 479
111 481
90 460
68 438
37 407
86 456
130 500
35 405
26 396
29 399
121 491
91 461
84 452
101 471
18 388
138 508
55 425
24 394
100 470
94 464
124 494
8 378
89 459
16 386
93 463
45 415
22 392
115 485
9 379
116 486
125 495
118 488
6 376
99 469
6 374
50 420
105 475
77 447
56 426
127 497
75 445
126 496
41 411
81 451
76 446
123 493
53 423
42 412
115 483
83 453
2 372
82 452
33 403
30 400
129 499
65 435
104 474
13 383
67 437
134 504
54 424
7 373
120 490
136 506
62 432
110 480
72 442
1 371
61 431
63 433
47 417
112 482
114 484
106 476
78 448
51 421
12 382
140 510
135 505
79 448
49 418
40 409
59 428
11 380
45 414
22 391
39 408
61 430
44 413
102 471
84 453
114 483
54 423
10 379
107 476
73 442
111 480
74 443
27 396
134 503
4 373
106 475
105 474
119 488
0 369
116 485
30 399
87 456
113 482
49 416
1 370
68 437
108 477
22 389
20 389
129 498
127 496
17 386
120 489
33 402
135 504
16 385
64 433
46 415
103 472
2 369
142 511
141 510
2 371
138 507
51 420
132 501
26 395
60 429
126 495
18 387
118 487
99 468
121 490
58 427
84 451
8 377
92 461
88 457
133 502
95 464
57 426
41 410
100 469
50 419
76 445
125 494
86 455
25 394
9 378
123 492
67 436
7 376
36 405
3 372
56 425
69 438
42 411
43 412
77 446
35 404
14 383
65 434
50 417
23 392
48 417
85 452
34 403
24 393
140 509
62 431
93 462
137 506
83 452
37 406
82 451
139 508
38 407
91 458
63 432
91 460
7 374
72 441
109 478
19 388
29 398
92 457
104 473
47 416
13 382
130 499
12 381
96 465
131 500
115 482
115 484
66 435
71 440
21 390
89 458
112 481
52 421
28 397
85 454
80 449
55 424
81 450
75 444
136 505
81 449
142 510
69 437
89 457
43 411
12 380
22 390
33 401
72 440
111 479
127 495
28 396
103 471
73 441
131 499
50 418
82 450
18 386
8 374
46 414
38 406
140 508
75 443
143 511
120 488
77 445
47 415
137 505
83 451
55 423
45 413
93 461
119 487
13 381
62 430
96 464
71 439
97 465
39 405
65 433
2 370
16 384
114 482
41 409
37 405
14 382
9 377
0 368
58 426
91 457
124 492
85 453
87 455
135 503
21 389
10 378
134 502
94 462
90 458
44 412
136 504
100 468
8 376
110 478
107 475
104 472
117 485
139 507
99 467
61 429
96 462
76 444
26 394
92 460
56 424
108 476
40 408
128 496
29 397
59 427
133 501
106 474
19 387
98 466
126 494
11 379
121 489
141 509
57 425
130 498
132 500
138 506
1 369
116 484
105 473
4 372
52 420
23 391
129 497
39 407
31 399
17 385
34 402
102 470
80 448
109 477
51 419
60 428
64 432
20 388
113 481
112 480
25 393
36 404
97 461
15 383
95 463
92 458
68 436
66 434
48 416
4 371
106 473
51 418
117 484
18 385
29 396
99 466
92 459
19 386
31 398
14 381
16 383
0 367
104 471
71 438
32 399
105 472
144 511
8 375
102 469
10 377
45 412
41 408
141 508
121 488
90 457
88 455
93 460
97 462
76 443
47 414
42 409
113 480
101 468
138 505
27 394
112 479
111 478
28 395
128 495
15 382
36 403
52 419
57 424
77 444
26 393
67 434
81 448
119 486
131 498
114 481
1 368
34 401
58 425
74 441
130 497
66 433
86 453
75 442
132 499
65 432
48 415
109 476
97 464
55 422
103 470
64 431
46 413
12 379
87 454
35 402
120 487
39 404
13 380
93 458
89 456
122 489
30 397
108 475
98 465
72 439
140 507
129 496
124 491
62 429
38 405
134 501
56 423
25 392
3 370
68 435
37 404
143 510
97 460
133 500
60 427
21 388
110 477
96 461
69 436
126 493
78 445
96 463
70 437
91 456
82 449
135 502
61 428
11 378
83 450
54 421
20 387
40 407
118 485
107 474
136 503
44 411
59 426
95 462
63 430
23 390
98 461
142 509
78 443
119 485
44 410
21 387
89 455
13 379
69 435
134 500
38 404
4 370
25 389
62 428
130 496
53 419
55 421
141 507
121 487
136 502
37 403
97 459
139 505
83 449
95 461
16 382
34 400
42 408
10 376
117 483
31 397
78 444
66 432
129 495
20 386
18 384
110 476
48 414
118 484
87 453
52 418
82 448
41 407
46 412
14 380
25 391
24 390
112 478
77 443
140 506
76 442
12 378
142 508
35 401
94 460
73 439
45 411
0 366
27 393
105 471
106 472
60 426
107 473
26 388
120 486
101 467
70 436
11 377
97 463
133 499
96 460
103 469
9 375
127 493
143 509
114 480
5 371
138 504
72 438
54 420
28 394
61 427
75 441
30 396
40 406
26 392
56 422
104 470
109 475
100 466
108 474
99 465
29 395
19 385
135 501
122 488
74 440
32 398
88 454
1 367
132 498
59 425
64 430
111 477
128 494
90 456
131 497
81 447
145 511
98 462
58 424
126 492
17 383
102 468
36 402
68 434
124 490
137 503
71 437
93 459
5 370
24 389
12 377
108 473
59 424
89 454
100 465
35 400
123 488
146 511
20 385
10 375
51 416
62 427
36 401
106 471
109 474
84 449
67 432
6 371
85 450
135 500
37 402
122 487
99 462
133 498
73 438
4 367
17 382
4 369
45 410
74 439
46 411
80 445
53 418
60 425
121 486
118 483
77 442
143 508
26 391
28 393
113 478
90 455
48 413
3 368
111 476
61 426
131 496
13 378
136 501
105 470
69 434
25 388
70 435
126 491
54 419
58 423
11 376
129 494
27 388
139 504
101 466
34 399
44 409
96 459
104 469
30 395
52 417
75 440
18 383
15 380
128 493
32 397
132 497
112 477
98 463
110 475
21 386
82 447
42 407
38 403
125 490
33 398
94 459
64 427
107 472
57 422
0 365
141 506
23 388
56 421
79 444
87 452
124 489
29 394
102 467
65 430
72 437
103 468
16 381
50 415
120 485
130 495
41 406
25 390
95 460
115 480
27 392
2 367
144 509
22 387
55 420
142 507
127 492
63 428
137 502
119 484
114 479
81 446
31 396
83 448
71 436
26 389
138 503
1 366
100 464
37 401
141 505
24 388
73 437
123 487
135 499
137 501
64 428
89 453
51 415
84 448
66 430
144 508
48 412
54 418
147 511
4 368
23 387
70 434
75 439
53 417
43 407
16 380
146 510
88 452
85 449
143 507
38 402
115 479
130 494
45 409
112 476
17 381
111 475
110 474
138 502
103 467
18 382
13 377
102 466
104 468
96 458
122 486
2 366
56 420
28 392
107 471
50 414
134 498
90 454
3 367
62 426
27 389
44 408
9 373
47 411
95 459
30 394
22 386
69 433
140 504
77 441
83 447
108 472
31 395
26 390
72 436
42 406
19 383
86 450
101 465
60 424
99 463
124 488
14 378
6 370
114 478
35 399
52 416
33 397
133 497
25 387
34 398
11 375
81 445
1 365
58 422
49 413
126 490
5 369
10 374
80 444
74 438
21 385
67 431
109 473
61 425
125 489
46 410
106 470
132 496
65 427
142 506
68 432
71 435
0 364
128 492
55 419
7 371
118 482
15 379
20 384
76 440
87 451
120 484
113 477
136 500
82 446
36 400
102 465
108 471
5 368
58 421
3 366
29 392
63 426
10 373
73 436
32 395
86 449
113 476
49 412
39 402
15 378
120 483
128 491
7 370
65 428
0 363
145 508
133 496
24 387
70 433
87 450
22 385
69 432
30 393
20 383
142 505
11 374
100 463
130 493
90 453
147 510
121 484
131 494
14 377
43 404
56 419
104 467
66 429
88 451
103 466
140 503
107 470
94 457
125 488
118 481
36 399
16 379
9 372
81 444
41 404
68 431
148 511
52 415
12 375
48 409
47 410
105 468
115 478
23 386
19 382
101 464
138 501
83 446
106 469
31 394
45 408
126 489
35 398
28 391
1 364
129 492
13 376
112 475
137 500
43 406
110 473
28 389
146 509
95 458
74 437
55 418
114 477
48 411
136 499
17 380
139 502
80 443
27 390
132 495
57 420
82 445
93 456
77 440
6 369
71 434
18 381
91 454
44 407
85 448
51 414
53 416
33 396
134 497
60 423
75 438
46 409
116 479
21 384
62 425
144 507
37 400
123 486
109 472
119 482
141 503
44 406
120 482
136 498
116 478
48 410
56 418
29 391
68 430
93 455
82 444
3 365
139 501
61 423
41 403
96 456
104 466
118 480
16 378
39 401
114 476
28 390
50 412
106 468
46 408
130 492
58 420
66 428
128 490
75 437
81 443
123 485
91 453
103 465
55 417
87 449
2 364
54 416
42 404
89 451
140 502
24 386
51 413
7 369
83 445
76 438
31 393
20 382
109 471
77 439
142 504
32 394
6 368
149 511
60 422
124 486
95 457
70 432
17 379
143 505
57 419
69 431
47 409
10 372
67 429
62 424
102 464
112 474
5 365
127 489
122 484
94 456
108 470
107 469
33 395
43 405
88 450
74 436
72 434
113 475
80 440
133 495
71 433
148 510
145 507
12 374
115 477
138 500
86 448
137 499
146 508
37 399
18 380
135 497
101 463
36 398
111 473
45 407
84 446
59 421
0 362
119 481
22 384
34 396
131 493
13 375
9 371
80 442
14 376
38 400
30 392
121 483
63 425
19 381
52 414
11 373
132 494
126 488
149 510
80 441
122 483
106 467
12 373
144 505
92 453
96 455
57 418
4 365
108 469
72 433
127 488
6 367
84 445
31 392
20 381
82 443
54 415
15 376
145 506
11 372
85 446
36 397
75 436
132 493
60 421
32 393
86 447
104 465
71 432
74 435
137 498
67 428
134 493
0 361
89 450
78 439
63 424
73 434
52 413
40 401
117 478
80 439
30 391
102 463
94 455
64 425
62 423
112 473
51 412
19 380
146 507
114 475
118 479
2 363
105 466
45 406
130 491
147 508
76 437
37 398
55 416
34 395
68 429
88 449
103 464
1 362
133 494
49 410
33 394
87 448
148 509
39 400
69 430
119 480
123 484
17 378
123 482
21 382
91 452
113 474
5 366
10 371
141 502
29 390
90 451
46 407
14 375
125 486
23 384
110 471
93 454
121 482
138 499
95 456
9 370
115 476
50 411
59 420
131 492
129 490
56 417
41 402
61 422
139 500
83 444
70 431
35 396
142 503
124 485
109 470
42 403
3 364
44 405
22 383
81 442
106 465
116 477
136 497
24 385
120 481
79 440
128 489
47 408
134 495
8 369
141 501
25 385
10 370
118 478
140 500
134 494
114 474
56 414
34 394
18 378
75 435
129 489
31 391
137 497
20 380
103 463
72 432
144 504
104 464
60 420
13 373
6 366
52 412
126 486
122 482
146 506
17 377
19 379
139 499
113 473
69 429
131 491
111 471
101 461
130 490
57 417
81 441
147 507
84 442
70 430
138 498
149 509
47 407
9 369
95 455
91 451
86 446
102 462
109 469
136 496
74 434
35 395
79 439
65 425
61 421
23 383
37 397
89 449
40 400
68 428
14 374
92 452
121 481
116 476
105 465
107 467
128 488
62 422
58 418
119 479
38 398
106 466
45 405
114 472
55 415
3 363
88 448
0 360
125 485
123 483
16 376
90 450
12 372
46 406
41 401
108 468
77 437
133 493
11 371
15 375
85 445
56 416
51 411
30 390
42 402
148 508
1 361
82 442
24 384
2 362
59 419
54 414
39 399
83 443
7 367
8 368
115 475
4 364
32 392
127 487
93 453
142 502
112 472
50 410
67 427
53 413
120 480
110 470
143 503
84 444
36 396
22 382
64 424
51 410
56 415
71 430
64 423
93 452
36 395
1 360
66 425
150 509
146 505
31 390
43 402
29 388
4 363
133 492
110 469
25 384
149 508
83 442
68 427
108 467
7 366
75 434
72 431
103 462
95 454
138 497
63 422
73 432
148 507
102 461
143 502
118 477
35 394
73 430
23 382
117 476
145 504
137 496
121 480
46 405
0 359
86 445
89 448
84 443
140 499
15 374
69 428
34 393
82 441
17 376
112 471
70 429
58 417
27 386
87 446
2 361
32 391
57 416
44 403
142 501
120 479
113 472
147 506
55 414
52 411
76 435
59 418
11 370
107 466
128 487
77 436
131 490
48 407
8 367
37 396
127 486
139 498
13 372
33 392
135 494
141 500
65 424
122 481
114 473
92 451
124 483
18 377
152 511
130 489
78 437
94 453
105 464
85 444
126 485
129 488
119 478
101 460
115 474
79 438
12 371
30 389
40 399
9 368
48 405
74 433
3 362
144 503
90 449
54 413
104 463
14 373
61 420
60 419
22 381
62 421
136 495
41 400
38 397
21 380
91 450
111 470
42 401
20 379
28 387
88 447
128 486
35 393
1 359
15 373
139 495
43 401
4 362
87 445
32 390
94 452
151 509
129 487
105 463
133 491
67 425
146 504
115 473
65 423
145 503
93 451
82 440
41 399
102 460
153 511
5 363
21 379
42 400
122 480
117 475
149 507
74 432
86 444
19 377
53 411
103 461
55 413
73 431
48 406
140 498
132 490
29 387
150 508
54 412
30 388
110 468
12 370
62 420
69 427
60 418
148 506
18 376
52 410
59 417
120 478
16 374
27 385
116 474
104 462
109 467
63 421
126 484
152 510
74 430
64 422
28 386
113 471
72 430
49 407
75 433
142 500
39 397
83 441
121 479
111 469
38 396
2 360
147 505
10 368
14 372
88 446
22 380
71 429
90 448
7 365
37 395
112 470
70 428
45 403
77 435
95 453
40 398
92 450
13 371
136 494
0 358
50 404
49 405
17 375
108 466
58 416
6 364
139 497
61 419
33 391
20 378
66 424
118 476
8 366
23 381
125 483
131 489
76 434
127 485
25 383
89 447
68 426
79 437
46 398
9 367
85 443
144 502
3 361
137 495
57 415
140 494
130 488
44 402
47 405
36 394
31 389
16 373
32 389
61 418
49 406
47 404
28 385
105 462
13 370
138 495
45 398
91 448
150 507
77 434
104 461
35 392
140 495
113 470
109 466
103 460
78 435
4 361
46 397
139 496
40 397
121 478
7 364
11 368
106 463
152 509
81 438
92 449
19 376
59 416
102 459
97 454
151 508
42 399
146 503
86 443
38 395
89 446
25 382
21 378
142 499
128 485
58 415
41 398
50 407
119 476
36 393
49 404
135 492
8 363
31 388
65 422
15 372
50 405
116 473
8 365
139 494
154 511
147 504
144 501
30 387
74 431
88 445
1 358
58 413
98 455
127 484
33 390
112 469
149 506
44 401
117 474
72 429
133 490
0 357
125 482
2 359
75 432
62 419
20 377
67 424
17 374
134 491
107 464
144 499
83 440
82 439
60 417
54 411
140 497
9 366
14 371
23 380
53 410
52 409
145 502
6 363
153 510
110 467
111 468
22 379
124 481
46 403
122 479
34 391
96 453
39 396
50 403
10 367
69 426
129 486
55 412
136 493
64 421
130 487
99 456
93 450
126 483
118 475
148 505
29 386
79 436
123 480
80 437
70 427
95 452
68 425
100 457
44 399
132 489
43 400
22 378
150 506
155 511
71 427
2 358
97 453
78 434
70 426
153 509
61 417
5 361
92 448
106 462
4 360
65 421
77 433
135 491
0 356
12 368
101 457
82 438
130 486
14 370
32 388
148 504
96 452
141 497
144 500
145 501
94 450
151 507
53 409
114 470
58 414
24 380
104 460
35 391
45 397
40 396
131 487
139 493
52 408
154 510
87 443
44 400
89 445
146 502
142 498
80 436
57 413
21 377
136 492
81 437
20 376
143 499
23 379
113 469
34 390
38 394
90 446
10 366
127 483
28 384
54 410
59 415
26 382
84 440
120 476
8 364
85 441
64 420
69 425
102 458
56 412
60 416
13 369
7 363
115 471
138 494
124 480
42 398
98 454
33 389
11 367
39 395
105 461
112 468
88 444
18 374
43 399
121 477
8 362
86 442
62 418
51 405
147 503
79 435
108 464
133 489
140 496
125 481
16 372
119 475
110 466
67 423
117 473
44 398
99 455
75 431
49 403
91 447
45 401
37 393
66 422
72 428
3 359
93 449
107 463
17 373
47 403
45 399
129 485
128 484
116 472
111 467
123 479
109 465
83 439
36 392
100 456
30 386
134 490
68 424
50 406
51 407
31 387
149 505
103 459
55 411
73 428
107 462
38 393
19 374
76 431
48 403
61 416
88 443
70 425
100 455
110 465
114 469
127 482
6 361
118 473
59 414
104 459
17 372
115 470
120 475
108 463
111 466
65 420
45 400
131 486
16 371
67 422
51 406
13 368
7 362
11 366
136 491
55 410
32 387
30 385
5 360
125 480
34 389
149 504
25 380
112 467
71 426
142 497
133 488
128 483
57 412
103 458
40 395
76 429
143 498
99 454
87 442
53 408
156 511
94 449
123 478
77 432
145 500
84 439
138 493
66 421
3 358
132 487
9 364
64 419
33 388
137 492
12 367
146 501
78 433
69 424
155 510
102 457
117 472
20 375
4 359
147 502
89 444
154 509
43 398
14 369
79 434
81 436
39 394
95 450
28 383
101 456
18 373
22 377
116 471
47 402
122 477
152 507
26 381
46 401
0 355
52 405
24 379
90 445
135 490
96 451
97 452
85 440
54 409
35 390
119 474
91 446
130 485
121 476
93 448
15 370
148 503
150 505
134 489
63 418
44 397
92 447
86 441
98 453
105 460
80 435
45 396
83 438
68 423
109 464
10 365
60 415
82 437
106 461
124 479
141 496
29 384
72 427
36 391
57 411
136 490
85 439
111 465
152 506
38 392
28 382
52 404
48 402
23 377
116 470
83 437
156 510
117 471
7 361
98 452
147 501
155 509
114 468
13 367
128 482
96 450
113 467
69 423
3 357
77 431
55 409
146 500
63 417
75 429
138 492
112 466
100 454
5 359
26 380
132 486
94 448
119 473
52 406
76 430
157 511
70 424
86 440
121 475
78 432
126 480
56 410
81 435
44 396
130 484
79 433
101 455
127 481
20 374
123 477
109 463
47 401
45 395
149 503
118 472
22 376
64 418
14 368
31 385
34 388
143 497
84 438
99 453
24 378
33 387
97 451
73 427
60 414
135 489
2 356
17 371
124 478
71 425
30 384
122 476
103 457
88 442
91 443
150 504
90 444
0 354
62 416
153 507
108 462
129 483
87 441
107 461
74 428
35 389
53 407
12 366
21 375
151 505
142 496
27 381
36 390
91 445
115 469
133 487
6 360
134 488
40 394
18 372
41 395
68 422
29 383
32 386
46 400
125 479
11 365
37 391
66 420
131 485
154 508
92 446
19 373
53 405
16 370
95 449
1 355
80 434
10 364
110 464
72 426
43 397
42 396
105 459
4 358
61 415
106 460
72 425
93 446
83 436
124 477
85 438
79 432
39 392
91 444
98 451
122 475
2 355
124 473
101 454
96 449
123 474
114 467
32 385
30 383
84 437
56 409
57 410
124 475
81 434
30 379
26 379
128 481
27 380
53 406
92 445
155 508
134 487
16 369
61 414
136 489
102 455
3 356
10 363
11 364
66 413
111 464
6 359
4 357
129 482
66 419
152 505
77 430
43 396
1 354
71 424
123 476
118 469
20 373
38 391
120 473
42 395
147 500
52 403
157 510
146 499
145 498
113 466
18 371
34 387
110 463
103 456
142 495
70 423
143 496
37 390
44 395
23 376
104 457
126 479
156 509
64 417
108 461
131 484
55 408
29 382
125 478
68 421
36 389
22 375
12 365
95 448
109 462
127 480
48 401
100 453
0 353
121 474
97 450
132 485
31 384
99 452
115 468
133 486
112 465
150 503
74 427
13 366
62 415
116 469
35 388
88 441
17 370
148 501
29 380
40 393
117 470
7 360
58 411
130 483
153 506
21 374
149 502
69 422
90 443
47 400
106 459
75 428
138 491
15 368
24 377
14 367
86 439
105 458
33 386
60 413
82 435
65 418
41 394
5 358
118 471
63 416
137 490
73 426
102 454
143 495
41 393
42 394
104 456
107 459
78 430
123 473
72 424
22 374
19 371
150 502
113 465
2 354
62 414
30 380
29 381
148 500
23 375
58 410
87 439
131 483
81 433
28 380
6 358
12 364
52 402
114 466
8 360
159 511
146 498
21 373
124 472
99 451
153 505
144 496
98 450
32 384
125 473
137 489
134 486
54 406
24 376
125 477
152 504
66 412
1 353
70 422
142 494
82 434
5 357
34 386
92 444
25 377
103 455
57 409
75 427
139 491
90 442
10 362
145 497
11 363
129 481
151 503
30 382
136 488
130 482
140 492
73 425
74 426
108 460
63 415
124 476
121 473
97 449
64 416
128 480
66 418
158 510
118 470
71 423
33 385
3 355
7 359
127 479
18 370
141 493
61 413
65 417
26 378
125 475
105 457
133 485
96 448
48 396
39 391
65 413
122 474
47 399
13 365
117 469
40 392
56 408
156 508
119 471
110 462
55 407
83 435
115 467
149 501
94 446
35 387
59 411
132 484
37 389
101 453
43 395
112 464
27 379
14 366
29 379
88 438
31 383
79 431
109 461
9 361
0 352
4 356
154 506
126 478
48 400
15 367
157 509
80 432
69 421
155 507
100 452
86 438
85 437
49 401
17 369
88 440
147 499
39 390
100 451
27 378
153 504
76 427
120 471
41 392
87 438
49 400
62 413
73 424
1 352
75 426
150 501
59 410
93 444
61 412
72 423
58 409
20 371
43 394
107 458
23 374
115 466
19 368
71 422
94 445
31 382
148 499
18 369
3 354
122 473
85 436
102 453
114 465
155 506
86 437
88 439
145 496
7 358
140 491
110 461
10 361
97 448
143 494
127 478
17 368
128 479
134 485
13 364
19 370
9 360
56 407
0 351
95 446
126 475
111 462
80 431
64 415
40 391
79 430
5 356
139 490
68 419
159 510
141 492
74 425
149 500
82 433
34 385
113 464
137 488
154 505
63 414
33 384
69 420
138 489
105 456
129 480
38 389
123 472
48 397
125 476
142 493
151 502
147 498
109 460
47 396
50 401
16 367
25 376
99 450
37 388
84 435
51 402
90 441
121 472
126 477
28 379
2 353
132 483
66 417
89 440
125 474
119 470
21 372
103 454
70 421
22 373
42 393
67 418
146 497
65 412
157 508
48 399
112 463
156 507
160 511
8 359
36 387
104 455
101 452
152 503
11 362
4 355
64 413
57 408
83 434
96 447
135 486
108 459
117 468
65 416
116 467
26 377
6 357
130 481
15 366
81 432
55 406
35 386
131 482
30 381
151 501
128 478
112 462
132 482
7 357
66 416
68 418
19 369
47 395
36 384
67 417
131 481
48 398
117 467
108 458
5 355
71 421
43 393
3 351
130 480
13 363
153 503
148 498
35 385
69 419
114 464
41 391
126 474
81 431
21 371
120 470
83 433
150 500
155 505
76 426
106 456
37 387
140 490
49 399
136 486
1 351
134 484
72 422
102 452
159 509
116 466
2 352
17 367
15 365
58 408
142 492
123 471
89 439
129 479
101 451
143 493
77 427
158 508
160 510
14 364
23 373
141 489
26 376
133 483
73 423
104 454
3 353
156 506
141 491
4 354
63 413
96 446
99 449
65 415
82 432
20 370
28 378
40 390
138 488
65 411
147 497
110 460
12 362
0 350
95 445
139 489
6 356
51 401
113 463
98 448
144 494
11 361
57 407
10 360
94 444
103 453
39 389
24 374
86 436
85 435
31 381
56 406
161 511
126 476
146 496
16 366
157 507
59 409
109 459
121 471
22 372
90 440
36 386
149 499
100 450
38 388
8 358
79 429
75 425
137 487
84 434
87 437
60 410
97 447
135 485
152 502
154 504
122 472
50 400
70 420
145 495
18 368
34 384
62 412
64 412
85 434
35 384
43 392
161 510
13 362
66 415
57 406
148 497
27 376
12 361
90 439
128 477
74 423
104 453
145 494
112 459
5 354
130 479
69 418
143 492
81 430
110 459
91 440
95 444
26 375
70 419
77 426
132 481
94 443
44 393
134 483
107 456
6 355
146 495
151 500
28 377
18 367
64 411
37 386
154 503
106 455
153 502
100 449
68 417
59 408
155 504
159 508
97 446
32 381
142 491
0 349
49 398
160 509
147 496
36 385
60 409
51 400
156 505
8 357
4 351
86 435
72 421
24 373
63 412
108 457
158 507
116 465
76 425
47 394
105 454
71 420
140 489
141 490
83 432
9 358
114 463
42 391
62 411
58 407
84 433
16 365
117 466
87 436
157 506
22 371
11 360
127 474
3 352
152 501
115 464
20 369
118 467
111 460
76 423
23 372
122 471
149 498
102 451
10 359
4 353
40 389
1 350
21 370
109 458
61 410
103 452
15 364
67 416
78 427
121 470
139 488
99 448
127 476
39 388
113 462
150 499
54 403
34 383
138 487
75 424
41 390
120 469
80 429
101 450
73 422
7 356
137 486
82 431
135 484
133 480
38 387
162 511
138 486
134 482
62 410
35 383
76 422
61 409
40 388
38 386
104 452
107 455
71 419
106 454
69 417
119 467
131 479
108 456
112 460
139 487
39 387
161 509
100 448
163 511
12 360
41 389
70 418
75 423
51 399
130 478
122 470
118 466
90 438
55 403
133 481
140 488
73 421
148 496
88 436
111 459
32 380
43 391
80 428
121 469
142 490
10 358
116 464
155 503
144 492
151 499
22 370
156 504
46 394
114 462
86 434
117 465
0 348
78 426
72 420
87 435
27 375
34 382
103 451
18 366
101 449
150 498
91 439
81 429
84 432
25 373
5 351
95 443
9 357
154 502
29 377
136 484
149 497
147 495
45 393
145 493
159 507
94 442
146 494
23 371
2 350
82 430
4 352
128 474
129 477
37 385
77 425
54 402
67 415
5 353
24 372
162 510
153 501
1 349
14 362
6 354
15 363
97 445
8 356
128 476
44 392
134 480
109 457
83 431
143 491
50 398
59 407
113 461
63 411
58 406
96 444
133 479
21 369
26 374
16 364
110 458
157 505
11 359
17 365
92 440
160 508
28 376
68 416
74 422
98 446
137 485
105 453
57 405
89 437
102 450
42 390
76 424
115 463
99 447
111 458
44 391
22 369
28 375
19 366
70 417
101 448
137 484
57 404
67 414
35 382
77 424
61 408
97 444
131 478
23 370
6 353
29 376
135 482
62 409
139 486
147 494
120 467
145 492
43 390
102 449
46 393
50 397
45 392
117 464
11 358
1 348
71 418
15 362
27 374
81 428
113 460
154 501
100 447
144 491
10 357
17 364
140 487
143 490
155 502
73 420
151 498
2 349
152 499
156 503
39 386
40 387
33 380
82 429
92 439
13 360
115 462
163 510
118 465
63 410
161 508
122 469
134 481
38 385
132 479
83 430
34 381
53 400
9 356
148 495
128 475
89 436
149 496
69 416
20 367
18 365
93 440
119 466
104 451
129 474
96 443
21 368
157 504
164 511
14 361
103 450
41 388
31 378
116 463
87 434
32 379
0 347
153 500
158 505
94 441
52 399
16 363
98 445
30 377
109 456
105 452
88 435
78 425
138 485
24 371
86 433
8 355
25 372
91 438
54 401
129 476
80 427
72 419
136 483
58 405
55 402
7 354
160 507
59 406
74 421
110 457
75 422
63 408
5 352
90 437
51 398
108 455
84 431
106 453
26 373
95 442
9 355
131 477
120 466
44 390
98 444
91 437
11 357
140 484
54 398
58 404
79 425
32 378
148 494
63 409
55 401
86 432
151 497
60 406
12 358
121 467
132 478
41 387
10 356
84 430
155 501
6 352
8 354
1 347
118 464
109 455
73 419
165 511
145 491
158 504
90 436
95 441
53 399
143 489
164 510
89 435
35 381
110 456
24 370
105 451
52 398
63 407
80 426
20 366
36 382
3 349
68 414
82 428
39 385
135 481
144 490
16 362
111 457
50 396
156 502
100 446
99 445
102 448
96 442
27 373
94 440
29 375
146 492
104 450
83 429
119 465
85 431
137 483
13 359
71 417
40 386
78 424
21 367
117 463
59 405
22 368
88 434
139 485
147 493
25 371
15 361
157 503
161 507
93 439
51 397
21 365
97 443
26 372
54 400
23 369
92 438
108 454
141 487
149 495
33 379
162 508
46 392
150 496
57 403
74 420
28 374
62 408
138 484
38 384
31 377
37 383
56 402
19 365
18 364
43 389
75 421
114 460
42 388
153 499
30 376
69 415
103 449
129 475
123 469
34 380
130 476
106 452
2 348
87 433
70 416
160 506
122 468
107 453
45 391
116 462
101 447
72 418
98 443
60 405
16 361
96 441
64 409
85 430
86 431
87 432
90 435
40 385
11 356
122 467
21 364
22 367
130 475
27 372
14 359
156 501
132 477
111 456
79 424
139 484
2 347
144 489
115 460
18 363
17 362
41 386
46 391
33 378
62 407
29 374
3 348
146 491
99 444
28 373
103 448
159 504
158 503
10 355
102 447
23 368
162 507
24 369
25 370
69 414
161 506
35 380
114 459
147 492
101 446
73 418
154 499
152 497
47 392
52 397
71 416
36 381
166 511
21 366
121 466
68 413
138 483
42 387
108 453
80 425
141 486
55 400
88 433
56 401
116 461
145 490
136 481
105 450
106 451
110 455
61 406
49 392
150 495
30 375
164 509
157 502
148 493
13 358
7 352
70 415
119 464
54 399
50 395
82 427
51 396
95 440
48 393
137 482
15 360
1 346
84 429
100 445
38 383
53 398
32 377
39 384
45 390
113 458
153 498
91 436
78 423
155 500
44 389
75 420
55 398
140 485
20 365
59 404
104 449
31 376
117 462
74 419
163 508
97 442
143 488
33 374
109 454
8 353
19 364
94 439
93 438
123 468
151 496
12 357
83 428
92 437
34 379
120 465
72 417
160 505
32 375
118 463
58 403
131 476
37 382
124 469
81 426
14 358
29 373
155 499
95 439
153 497
99 443
35 379
12 356
42 386
125 469
134 476
76 420
103 447
22 366
157 501
129 471
108 452
98 442
7 351
38 382
30 374
20 364
6 350
117 461
47 391
138 482
46 390
24 368
44 388
85 429
36 380
89 433
8 352
118 462
163 507
34 378
65 409
32 376
84 428
100 444
144 488
92 436
149 493
123 467
48 392
75 419
51 395
10 354
104 448
69 413
40 384
55 399
50 394
33 375
162 506
43 387
57 401
1 345
11 355
81 425
78 422
152 496
33 377
165 509
4 348
134 478
73 417
132 476
133 477
53 397
17 361
119 463
62 406
71 415
88 432
41 385
113 457
13 357
74 418
151 495
25 369
121 463
145 489
161 505
82 426
139 483
148 492
147 491
116 460
131 475
93 437
114 458
110 454
156 500
111 455
56 400
39 383
86 430
45 389
49 393
166 510
105 449
121 465
136 480
154 498
80 424
3 347
15 359
91 435
135 479
28 372
34 374
141 485
160 504
79 423
146 490
70 414
31 375
27 371
19 363
106 450
159 503
52 396
83 427
59 403
2 346
101 445
142 486
112 456
158 502
96 440
60 404
61 405
90 434
120 464
115 459
69 411
26 370
137 481
53 396
86 429
31 374
77 420
122 465
123 466
33 376
125 468
47 390
83 426
101 444
9 352
39 382
151 494
132 475
131 474
121 464
20 363
51 394
146 489
13 356
57 400
70 409
150 493
75 418
95 438
160 503
93 436
27 370
134 477
45 388
130 473
38 381
76 419
107 450
112 455
50 393
30 373
89 432
136 479
111 454
36 379
81 424
91 434
142 485
90 433
129 470
96 439
117 460
44 387
14 357
56 399
70 411
98 441
133 476
4 347
43 386
88 431
87 430
122 463
124 467
135 478
137 480
99 442
6 349
34 375
126 469
79 422
162 505
69 412
115 458
147 490
10 353
80 423
34 377
145 488
78 421
105 448
113 456
164 507
158 501
148 491
102 445
52 395
18 361
114 457
62 405
73 416
85 428
138 481
35 378
29 372
48 391
100 443
163 506
17 360
69 410
71 414
118 461
166 509
68 411
25 368
11 354
153 496
41 384
143 486
23 366
15 358
61 404
16 359
168 511
103 446
155 498
66 409
46 389
97 440
130 471
167 510
60 403
120 463
12 355
154 497
8 351
116 459
94 437
24 367
15 356
84 427
92 435
152 495
108 451
2 345
161 504
19 362
144 487
159 502
7 350
156 499
3 346
139 482
113 455
35 375
89 431
46 388
96 438
162 504
132 474
77 419
117 459
43 385
101 443
108 450
51 393
36 374
79 421
131 473
145 487
41 383
136 478
42 384
16 358
92 434
45 387
163 505
69 409
100 442
58 400
3 345
24 366
37 379
57 399
95 437
14 356
30 372
34 376
149 491
80 422
71 413
110 452
31 373
74 416
62 404
35 377
6 348
2 344
52 394
38 380
112 454
120 462
86 428
72 414
153 495
11 353
138 480
18 360
47 389
83 425
157 499
104 446
158 500
111 453
36 378
25 367
48 390
151 493
144 486
130 472
71 409
159 501
97 439
26 368
118 460
17 359
166 508
29 371
115 457
63 405
70 412
156 498
91 433
12 354
19 361
122 464
106 448
146 488
10 352
126 468
87 429
39 381
70 410
137 479
76 418
27 369
75 417
169 511
123 465
139 481
54 396
116 458
109 451
124 466
154 496
8 350
107 449
85 427
105 447
143 485
53 395
150 492
93 435
135 477
133 475
147 489
9 351
123 463
66 408
164 506
4 346
40 382
60 402
141 483
18 358
15 357
23 365
44 386
160 502
168 510
119 461
82 424
20 362
140 482
7 349
103 445
161 503
99 441
81 423
88 430
167 509
128 470
5 347
148 490
68 410
6 347
28 369
61 402
62 403
36 375
91 432
144 485
58 399
99 440
27 368
125 466
43 384
48 389
32 373
128 469
60 401
63 404
120 461
89 430
165 506
109 450
110 451
112 453
17 358
138 479
68 409
155 496
152 493
75 416
80 421
118 459
93 434
37 378
5 346
141 482
0 341
3 344
19 360
73 414
106 447
41 382
151 492
29 370
64 405
66 407
88 429
114 455
90 431
103 444
81 422
95 436
65 406
53 394
30 371
107 448
123 464
54 395
82 423
132 473
21 362
117 458
163 504
98 439
111 452
18 359
164 505
148 489
133 474
145 486
37 374
40 381
115 456
12 353
76 417
13 354
150 491
100 441
36 377
26 367
143 484
156 497
16 357
79 420
124 463
97 438
131 472
71 410
108 449
170 511
39 380
105 446
94 435
78 419
23 364
136 477
63 402
45 386
71 412
14 355
10 351
49 390
44 385
55 396
161 502
154 495
38 379
24 365
77 418
74 415
31 372
127 468
35 376
84 425
7 348
86 427
85 426
137 478
146 487
157 498
159 500
96 437
168 509
67 408
142 483
25 366
116 457
102 443
22 363
9 350
46 387
149 490
11 352
50 391
51 392
4 345
69 408
160 501
139 480
166 507
72 413
140 481
57 398
124 465
169 510
101 441
30 370
168 508
110 450
74 414
154 494
10 350
128 468
99 439
51 391
57 397
87 427
31 371
162 502
6 346
29 369
49 389
146 486
156 496
118 458
150 490
60 400
47 387
142 482
32 372
3 343
55 395
36 376
105 445
94 434
160 500
132 472
73 413
52 392
4 344
113 453
134 474
23 363
85 425
109 449
89 429
112 452
26 366
79 419
37 377
95 435
98 438
171 511
66 406
45 385
75 415
136 476
72 412
38 378
1 341
120 460
19 359
22 362
107 447
40 380
161 501
84 424
67 407
137 477
80 420
17 357
135 475
92 432
24 364
102 442
138 478
63 401
78 418
50 390
28 368
165 505
155 495
72 410
133 473
143 483
141 481
12 352
42 382
25 365
8 348
53 393
86 426
27 367
104 444
39 379
125 465
127 467
62 402
91 431
59 399
82 422
76 416
158 498
84 422
159 499
114 454
43 383
14 354
117 457
58 398
148 488
145 485
68 408
163 503
7 347
106 446
90 430
170 510
144 484
20 360
153 493
44 384
167 507
83 423
37 375
48 388
77 417
147 487
0 340
139 479
64 404
9 349
115 455
124 464
61 401
157 497
65 405
13 353
151 491
81 421
169 509
21 361
166 506
97 437
111 451
27 366
11 350
93 432
50 389
145 484
115 454
74 413
148 487
8 347
86 425
113 452
80 419
44 383
139 478
130 469
90 429
33 372
37 376
127 466
48 387
141 480
103 442
143 482
17 356
5 344
105 444
157 496
60 399
110 449
111 450
95 434
12 351
67 406
72 411
166 505
83 422
168 507
116 455
73 412
31 370
101 440
59 398
112 451
152 491
10 349
162 501
16 355
56 395
78 417
120 459
159 498
165 504
154 493
65 404
68 407
156 495
53 392
118 457
57 396
43 382
61 400
160 499
24 363
76 415
38 377
119 458
172 511
20 359
170 509
66 405
125 464
0 339
94 433
137 476
96 435
163 502
29 368
140 479
131 470
129 468
158 497
93 430
21 360
99 438
100 439
104 443
144 483
167 506
136 475
81 420
133 472
55 394
62 401
146 485
64 403
102 441
47 386
79 418
77 416
23 362
135 474
153 492
132 471
126 465
75 414
138 477
45 384
150 489
49 388
39 378
1 340
41 380
14 353
87 426
42 381
26 365
84 423
25 364
30 369
22 361
106 445
3 342
114 453
161 500
51 390
13 352
28 367
108 447
85 424
32 371
142 481
9 348
52 391
97 436
92 431
6 345
9 346
98 437
121 460
171 510
164 503
76 414
94 432
97 435
134 472
45 383
166 504
105 443
16 354
81 419
21 359
56 394
50 388
164 502
88 426
74 412
58 396
127 465
159 497
151 489
49 387
54 392
99 437
136 474
30 368
146 484
114 452
126 464
152 490
103 441
112 450
96 434
6 344
100 438
53 391
147 485
145 483
61 399
154 492
135 473
130 468
55 393
52 390
170 508
15 353
9 347
128 466
168 506
144 482
23 361
11 349
86 424
90 428
121 459
138 476
7 345
87 425
65 403
78 416
155 493
117 455
111 449
160 498
47 385
119 457
173 511
13 351
153 491
95 433
113 451
161 499
25 363
108 446
14 352
41 379
80 418
110 448
32 370
73 411
102 440
150 488
98 436
28 366
10 348
93 431
142 480
79 417
20 358
104 442
26 364
132 470
143 481
46 384
171 509
48 386
167 505
42 380
17 355
118 456
129 467
4 342
43 381
0 338
51 389
39 377
82 420
149 487
68 406
8 346
1 339
38 376
33 371
67 405
163 501
62 400
83 421
131 469
116 454
157 495
85 423
44 382
140 478
172 510
75 413
2 340
106 444
29 367
77 415
92 430
31 369
66 404
3 341
59 397
109 447
158 496
148 486
22 360
115 453
48 385
123 460
69 406
101 438
23 360
167 504
21 358
7 344
158 495
164 501
174 511
45 382
74 411
79 416
147 484
99 436
153 490
144 479
56 393
75 412
10 347
140 477
52 389
141 478
88 425
124 461
122 459
5 342
76 413
168 505
108 445
32 369
117 454
47 384
143 480
91 428
129 466
87 424
46 383
82 419
113 450
25 360
100 437
2 339
58 395
160 497
131 468
106 443
115 452
92 429
24 361
98 435
89 426
166 503
128 465
110 447
107 444
135 472
171 508
105 442
165 502
81 418
103 440
118 455
43 380
97 434
109 446
8 345
70 407
94 431
162 499
59 396
51 388
14 351
138 475
41 378
152 489
17 354
78 415
29 366
112 449
12 349
161 498
159 496
95 432
83 420
53 390
133 470
61 398
119 456
145 482
148 485
31 368
116 453
22 359
54 391
155 492
137 474
102 439
49 386
144 481
34 371
4 341
25 362
127 464
150 487
151 488
15 352
170 507
50 387
67 404
3 340
146 483
126 463
142 479
96 433
28 365
18 355
26 363
62 399
111 448
172 509
0 337
30 367
114 451
121 458
65 402
39 376
154 491
86 423
68 405
55 392
80 417
5 341
67 403
103 439
147 483
12 348
44 380
55 391
90 426
134 470
80 416
33 369
91 427
160 496
52 388
34 370
31 367
109 445
11 347
129 465
8 344
24 360
58 394
destination
