map
random512-10-9.map
pivot
449 3
agent & start
352 506
5 159
186 340
332 486
213 367
50 204
196 350
357 511
83 237
91 245
49 203
24 178
54 208
223 377
14 168
329 483
295 449
309 463
299 453
161 315
210 364
32 184
86 240
335 489
330 484
130 284
316 470
344 498
336 490
41 195
141 295
65 219
331 485
61 215
312 466
296 450
303 457
146 300
194 348
23 177
153 307
148 302
292 446
332 484
105 259
238 392
183 337
126 280
128 282
30 184
176 330
44 198
27 181
8 162
167 321
235 389
37 191
212 366
265 419
38 192
203 357
285 439
17 171
221 375
79 233
22 176
348 502
298 452
230 384
113 267
294 448
209 363
351 505
222 376
175 329
180 334
273 427
218 372
340 494
152 306
220 374
234 388
242 396
246 400
253 407
77 231
308 462
245 399
233 387
90 244
133 287
181 335
345 499
192 346
70 224
262 416
198 352
274 428
12 166
149 303
62 216
42 196
75 229
231 385
93 247
125 279
206 360
2 156
301 455
283 437
66 220
193 347
101 255
87 241
15 169
55 209
227 379
272 426
271 425
32 186
214 368
97 251
7 161
211 365
56 210
145 299
33 187
147 301
80 234
29 183
201 355
68 222
39 193
326 480
74 228
4 158
155 309
26 180
343 497
191 345
284 438
72 226
240 394
116 270
320 474
263 417
197 351
355 509
346 500
69 223
324 478
318 472
137 289
311 465
10 164
142 296
143 297
1 155
64 218
134 288
247 401
89 243
264 418
122 276
254 408
9 163
135 289
94 248
317 471
34 188
356 510
200 354
244 398
171 325
168 322
270 424
331 483
255 409
215 369
305 459
282 436
3 157
260 412
160 314
73 227
158 312
36 190
95 249
184 338
310 464
219 373
199 353
226 380
165 319
177 331
241 395
139 293
216 370
266 420
350 504
248 402
243 397
249 403
43 197
159 313
137 291
88 242
156 310
280 434
178 332
224 378
60 214
103 257
238 390
136 288
321 475
131 285
185 339
110 264
169 323
6 160
98 252
121 275
51 205
28 182
71 225
106 260
288 442
239 389
319 473
337 491
150 304
45 199
102 256
261 415
225 379
19 173
58 212
256 408
112 266
328 482
124 278
16 170
117 271
269 423
170 324
278 432
236 390
260 414
339 493
48 202
25 179
52 204
251 405
173 327
99 253
157 311
31 185
40 194
205 359
258 412
76 230
187 341
11 165
127 281
281 435
334 488
195 349
341 495
304 458
123 277
277 431
188 342
13 167
104 258
63 217
204 358
136 290
322 476
268 422
163 317
259 413
289 443
267 421
119 273
297 451
100 254
108 262
138 292
325 479
81 235
313 467
174 328
53 207
182 336
47 201
164 318
342 496
300 454
85 239
120 274
279 433
190 344
291 445
250 404
256 410
162 316
78 232
115 269
144 298
293 447
151 305
129 283
257 411
92 246
132 286
21 175
275 429
306 460
189 343
118 272
59 213
107 261
20 174
353 507
46 200
18 172
232 386
302 456
84 238
63 216
334 487
177 330
313 466
163 316
20 173
95 248
15 168
58 211
167 320
301 454
90 243
86 239
272 425
309 462
44 197
41 194
42 195
244 397
276 429
77 230
182 335
317 470
50 203
92 245
124 277
318 471
172 325
222 375
246 399
303 456
45 198
199 352
342 495
181 334
319 472
347 500
263 416
66 219
324 477
186 339
296 449
343 496
213 366
325 478
118 271
96 249
143 296
198 351
235 388
120 273
226 379
306 459
65 218
268 421
111 264
190 343
187 340
240 393
169 322
82 235
16 169
341 494
54 207
253 406
40 193
273 426
279 432
34 187
133 286
288 441
9 162
224 377
13 166
164 317
168 321
241 394
238 391
322 475
81 234
93 246
123 276
260 413
204 357
330 483
238 389
221 374
269 422
311 464
76 229
99 252
249 402
23 176
259 412
31 184
6 159
78 231
173 326
127 280
85 238
307 460
193 346
148 301
340 493
200 353
112 265
83 236
175 328
289 442
84 237
261 414
255 408
48 201
22 175
297 450
126 279
223 376
251 404
152 305
103 256
336 489
271 424
335 488
67 220
153 306
150 303
282 435
245 398
275 428
61 214
170 323
165 318
139 292
299 452
68 221
94 247
141 294
55 206
72 225
184 337
53 206
316 469
278 431
56 209
73 226
352 505
8 161
156 309
29 182
295 448
286 439
232 385
160 313
146 299
30 183
38 191
287 440
134 287
98 251
242 395
205 356
239 390
116 269
346 499
130 283
356 509
265 418
256 407
89 242
183 336
293 446
79 232
151 304
35 188
292 445
17 170
101 254
320 473
236 389
125 278
215 368
52 205
321 474
189 342
36 189
0 153
51 204
33 186
284 437
201 354
144 297
345 498
220 373
119 272
305 458
281 434
327 480
337 490
195 348
114 267
138 291
326 479
331 482
257 410
211 364
197 350
312 465
162 315
225 378
240 389
267 420
339 492
121 274
25 178
210 363
207 360
239 388
140 293
113 266
158 311
266 419
75 228
154 307
14 167
323 476
280 433
100 253
3 156
192 345
180 333
106 259
233 386
32 185
131 284
206 359
333 486
258 411
155 308
24 177
59 212
62 215
270 423
219 372
105 258
178 331
216 369
91 244
7 160
310 463
262 415
332 485
102 255
60 213
4 157
70 223
209 362
214 367
159 312
283 436
302 455
5 158
277 430
300 453
179 332
97 250
46 199
344 497
104 257
231 384
252 405
353 506
87 240
43 196
18 171
234 387
196 349
247 400
137 290
28 181
294 447
304 457
49 202
11 164
2 155
174 327
237 390
205 358
132 285
239 392
57 210
254 407
27 180
128 281
55 208
351 504
142 295
264 417
218 371
358 511
47 200
298 451
217 370
161 314
37 190
243 396
348 501
64 217
212 365
256 409
135 288
285 438
108 261
117 270
354 507
248 401
329 482
136 287
157 310
252 404
187 339
151 303
139 291
146 298
264 416
342 494
254 406
313 465
29 181
7 159
336 488
327 479
78 230
76 228
57 209
23 175
306 458
34 186
127 279
189 341
353 505
345 497
205 357
230 382
328 480
239 391
234 386
161 313
19 171
312 464
190 342
169 321
74 226
158 310
325 477
346 498
292 444
140 292
203 355
84 236
133 285
241 393
303 455
102 254
275 427
164 316
232 384
288 440
343 495
98 250
87 239
348 500
65 217
335 487
150 302
100 252
357 509
233 385
194 346
41 193
300 452
173 325
129 281
242 394
171 323
47 199
96 248
311 463
66 218
267 419
281 433
349 501
280 432
119 271
238 388
147 299
237 389
216 368
1 153
208 360
67 219
21 173
174 326
358 510
268 420
266 418
148 300
210 362
124 276
355 507
18 170
117 269
69 221
261 413
201 353
304 456
341 493
206 358
253 405
184 336
200 352
115 267
97 249
214 366
272 424
338 490
75 227
263 415
289 441
42 194
82 234
58 210
11 163
204 356
108 260
143 295
99 251
290 442
128 280
351 503
17 169
51 203
59 211
167 319
255 407
73 225
120 272
16 168
326 478
36 188
130 282
202 354
307 459
334 486
277 429
213 365
90 242
318 470
163 315
49 201
270 422
103 255
142 294
24 176
223 375
344 496
293 445
191 343
308 460
132 284
121 273
107 259
105 257
63 215
296 448
316 468
26 178
162 314
283 435
2 154
126 278
359 511
225 377
271 423
262 414
247 399
193 345
295 447
141 293
156 308
248 400
4 156
192 344
322 474
114 266
350 502
61 213
178 330
284 436
160 312
168 320
172 324
176 328
273 425
106 258
91 243
94 246
298 450
297 449
244 396
35 187
287 439
309 461
8 160
337 489
81 233
310 462
50 202
240 390
235 387
320 472
131 283
165 317
83 235
92 244
86 238
60 212
53 205
155 307
195 347
257 409
25 177
3 155
285 437
220 372
354 506
330 482
6 158
199 351
278 430
331 481
179 331
109 261
118 270
186 338
180 332
218 370
197 349
145 297
245 397
71 223
196 348
122 274
138 290
279 431
79 231
104 256
111 263
95 247
221 373
110 262
240 392
352 504
93 245
33 185
152 304
177 329
153 305
15 167
134 286
37 189
20 172
30 182
181 333
144 296
231 383
0 152
72 224
211 363
215 367
101 253
28 180
291 443
14 166
12 164
54 206
305 457
282 434
135 287
188 340
333 485
302 454
68 220
198 350
236 388
182 334
112 264
323 475
157 309
185 337
9 161
5 157
286 438
207 359
43 195
274 426
314 466
48 200
38 190
55 207
339 491
44 196
246 398
175 327
219 371
340 492
259 411
85 237
347 499
226 378
250 402
183 335
212 364
154 306
243 395
77 229
62 214
222 374
170 322
31 183
249 401
276 428
301 453
113 265
224 376
299 451
45 197
319 471
178 329
291 442
36 187
80 231
338 489
250 401
130 281
3 154
89 240
204 355
295 446
73 224
24 175
144 295
158 309
265 416
241 390
86 237
252 403
126 277
359 510
18 169
160 311
242 393
210 361
230 381
215 366
83 234
26 177
100 251
203 354
148 299
77 228
destination
