map
random512-10-9.map
pivot
449 3
agent & start
275 429
215 369
305 459
332 486
270 424
291 445
46 200
107 261
145 299
19 173
324 478
300 454
128 282
15 169
255 409
221 375
24 178
278 432
11 165
126 280
133 287
195 349
88 242
106 260
292 446
23 177
32 184
40 194
170 324
218 372
55 209
204 358
75 229
42 196
342 496
310 464
201 355
137 289
79 233
152 306
350 504
32 186
120 274
268 422
103 257
14 168
181 335
185 339
282 436
71 225
288 442
211 365
171 325
187 341
261 415
123 277
168 322
334 488
257 411
265 419
160 314
296 450
289 443
132 286
30 184
298 452
256 408
31 185
271 425
260 412
259 413
64 218
309 463
1 155
59 213
331 485
72 226
142 296
149 303
351 505
194 348
13 167
285 439
326 480
293 447
3 157
48 202
258 412
322 476
20 174
105 259
136 290
223 377
43 197
256 410
199 353
143 297
240 394
234 388
196 350
238 390
337 491
12 166
125 279
16 170
153 307
41 195
266 420
134 288
331 483
115 269
148 302
121 275
113 267
295 449
274 428
68 222
157 311
254 408
137 291
33 187
85 239
244 398
216 370
226 380
95 249
279 433
245 399
178 332
53 207
269 423
355 509
357 511
233 387
78 232
164 318
58 212
130 284
161 315
235 389
169 323
74 228
303 457
206 360
311 465
262 416
175 329
230 384
117 271
321 475
70 224
97 251
147 301
272 426
231 385
332 484
242 396
129 283
220 374
28 182
209 363
25 179
10 164
192 346
139 293
294 448
26 180
186 340
352 506
249 403
267 421
54 208
5 159
353 507
116 270
118 272
17 171
284 438
63 217
328 482
197 351
51 205
330 484
29 183
163 317
336 490
301 455
227 379
356 510
318 472
188 342
159 313
219 373
9 163
312 466
193 347
69 223
243 397
239 389
182 336
177 331
180 334
236 390
61 215
281 435
21 175
316 470
302 456
83 237
91 245
66 220
203 357
4 158
205 359
119 273
325 479
155 309
346 500
183 337
101 255
247 401
224 378
22 176
297 451
264 418
90 244
260 414
27 181
173 327
190 344
7 161
56 210
212 366
65 219
92 246
304 458
313 467
144 298
273 427
348 502
146 300
18 172
280 434
253 407
93 247
184 338
86 240
151 305
36 190
141 295
165 319
49 203
189 343
162 316
8 162
84 238
102 256
62 216
214 368
80 234
104 258
77 231
73 227
87 241
213 367
50 204
99 253
340 494
176 330
158 312
308 462
299 453
98 252
317 471
124 278
341 495
60 214
210 364
232 386
246 400
34 188
89 243
108 262
6 160
156 310
191 345
222 376
94 248
263 417
283 437
38 192
329 483
306 460
174 328
110 264
112 266
44 198
198 352
37 191
167 321
52 204
135 289
138 292
81 235
238 392
251 405
2 156
319 473
100 254
248 402
150 304
250 404
339 493
131 285
47 201
345 499
39 193
343 497
335 489
76 230
225 379
320 474
45 199
241 395
136 288
277 431
200 354
127 281
122 276
344 498
267 420
2 155
323 476
56 209
265 418
150 303
262 415
207 360
269 422
241 394
106 259
44 197
140 293
236 389
161 314
238 391
332 485
312 465
49 202
153 306
35 188
340 493
317 470
4 157
275 428
70 223
329 482
266 419
245 398
336 489
263 416
322 475
318 471
305 458
102 255
103 256
298 451
142 295
108 261
37 190
256 409
50 203
168 321
196 349
138 291
177 330
32 185
6 159
148 301
143 296
81 234
101 254
216 369
201 354
127 280
98 251
78 231
63 216
85 238
182 335
155 308
77 230
15 168
272 425
304 457
47 200
247 400
258 411
325 478
54 207
20 173
280 433
40 193
285 438
218 371
91 244
184 337
146 299
310 463
217 370
239 390
352 505
0 153
152 305
43 196
235 388
16 169
36 189
59 212
239 392
169 322
7 160
271 424
294 447
42 195
118 271
33 186
341 494
281 434
135 288
324 477
46 199
348 501
180 333
160 313
287 440
75 228
297 450
299 452
189 342
96 249
252 405
277 430
187 340
186 339
313 466
232 385
273 426
327 480
165 318
257 410
141 294
344 497
354 507
65 218
3 156
240 393
224 377
302 455
284 437
339 492
167 320
319 472
190 343
223 376
333 486
226 379
8 161
128 281
13 166
244 397
92 245
195 348
132 285
231 384
104 257
99 252
73 226
72 225
251 404
164 317
215 368
293 446
45 198
255 408
18 171
156 309
163 316
219 372
268 421
220 373
296 449
205 356
225 378
198 351
334 487
86 239
174 327
90 243
256 407
31 184
105 258
139 292
253 406
246 399
133 286
204 357
125 278
159 312
192 345
62 215
61 214
356 509
326 479
52 205
58 211
347 500
76 229
292 445
113 266
249 402
260 413
181 334
41 194
286 439
28 181
89 242
210 363
303 456
289 442
206 359
261 414
117 270
279 432
205 358
295 448
321 474
64 217
173 326
254 407
22 175
124 277
311 464
259 412
301 454
233 386
243 396
170 323
239 388
95 248
34 187
278 431
234 387
288 441
306 459
330 483
175 328
213 366
87 240
114 267
238 389
119 272
183 336
27 180
342 495
9 162
131 284
68 221
120 273
112 265
264 417
358 511
212 365
154 307
157 310
67 220
337 490
134 287
126 279
121 274
55 206
309 462
335 488
23 176
14 167
11 164
38 191
83 236
53 206
316 469
162 315
111 264
82 235
276 429
57 210
55 208
221 374
209 362
48 201
307 460
351 504
199 352
353 506
84 237
179 332
240 389
300 453
17 170
136 287
345 498
197 350
237 390
137 290
200 353
331 482
5 158
211 364
144 297
222 375
320 473
242 395
343 496
51 204
346 499
283 436
282 435
116 269
24 177
248 401
93 246
25 178
172 325
29 182
97 250
30 183
178 331
79 232
270 423
66 219
60 213
94 247
130 283
123 276
151 304
158 311
214 367
100 253
193 346
63 215
94 246
250 402
162 314
21 173
235 387
124 276
6 158
4 156
278 430
348 500
337 489
232 384
289 441
165 317
85 237
202 354
318 470
0 152
191 343
252 404
197 349
47 199
75 227
30 182
296 448
144 296
342 494
110 262
304 456
214 366
199 351
38 190
241 393
293 445
320 472
69 221
168 320
83 235
155 307
61 213
346 498
310 462
151 303
297 449
23 175
99 251
66 218
220 372
51 203
327 479
102 254
12 164
240 392
203 355
157 309
147 299
313 465
336 488
195 347
196 348
189 341
108 260
239 391
211 363
14 166
193 345
31 183
180 332
358 510
119 271
253 405
44 196
340 492
267 419
106 258
305 457
177 329
87 239
130 282
213 365
185 337
170 322
198 350
303 455
139 291
26 178
333 485
100 252
306 458
231 383
92 244
15 167
118 270
29 181
72 224
131 283
192 344
20 172
67 219
114 266
308 460
163 315
93 245
254 406
36 188
103 255
143 295
288 440
219 371
3 155
284 436
55 207
153 305
334 486
107 259
146 298
205 357
42 194
338 490
285 437
312 464
62 214
1 153
257 409
172 324
18 170
71 223
28 180
331 481
121 273
351 503
17 169
322 474
117 269
328 480
132 284
86 238
300 452
45 197
287 439
335 487
158 310
129 281
16 168
8 160
81 233
238 388
68 220
122 274
207 359
311 463
91 243
167 319
261 413
249 401
115 267
2 154
221 373
181 333
280 432
194 346
169 321
283 435
7 159
84 236
273 425
226 378
264 416
350 502
316 468
259 411
274 426
145 297
58 210
347 499
208 360
73 225
248 400
24 176
272 424
236 388
240 390
243 395
127 279
359 511
216 368
188 340
186 338
111 263
345 497
101 253
286 438
79 231
161 313
302 454
171 323
357 509
154 306
276 428
230 382
301 453
343 495
43 195
210 362
234 386
176 328
352 504
299 451
244 396
33 185
298 450
156 308
48 200
291 443
74 226
218 370
323 475
270 422
78 230
349 501
215 367
279 431
152 304
182 334
200 352
224 376
105 257
59 211
175 327
277 429
50 202
174 326
326 478
49 201
222 374
353 505
82 234
245 397
281 433
271 423
41 193
34 186
255 407
76 228
262 414
77 229
19 171
319 471
225 377
237 389
112 264
148 300
134 286
142 294
53 205
263 415
330 482
309 461
9 161
11 163
104 256
140 292
5 157
109 261
354 506
344 496
133 285
97 249
150 302
126 278
183 335
178 330
141 293
120 272
184 336
128 280
292 444
138 290
135 287
242 394
179 331
60 212
355 507
25 177
160 312
268 420
173 325
37 189
307 459
95 247
247 399
201 353
341 493
90 242
57 209
187 339
35 187
164 316
206 358
223 375
282 434
65 217
295 447
98 250
266 418
96 248
339 491
54 206
190 342
113 265
325 477
212 364
275 427
246 398
314 466
233 385
204 356
290 442
347 498
314 465
282 433
118 269
210 361
121 272
6 157
193 344
154 305
280 431
68 219
284 435
244 395
266 417
304 455
292 443
250 401
59 210
338 489
66 217
90 241
225 376
77 228
106 257
133 284
322 473
93 244
140 291
105 256
62 213
115 266
83 234
212 363
204 355
311 462
85 236
264 415
192 343
26 177
321 472
288 439
47 198
166 317
350 501
323 474
267 418
235 386
113 264
171 322
313 464
294 445
87 238
175 326
130 281
249 400
37 188
325 476
139 290
28 179
358 509
306 457
76 227
15 166
248 399
211 362
126 277
160 311
310 461
127 278
351 502
98 249
111 262
349 500
120 271
195 346
300 451
305 456
103 254
25 176
297 448
200 351
80 231
30 181
269 420
152 303
177 328
167 318
342 493
180 331
51 202
153 304
184 335
75 226
191 342
95 246
156 307
216 367
155 306
348 499
245 396
134 285
162 313
187 338
278 429
107 258
119 270
289 440
262 413
0 151
273 424
327 478
147 298
296 447
41 192
324 475
5 156
42 193
309 460
112 263
9 160
129 280
339 490
237 388
20 171
23 174
22 173
263 414
67 218
317 468
102 253
345 496
110 261
79 230
355 506
35 186
243 394
253 404
157 308
283 434
279 430
299 450
255 406
73 224
335 486
203 354
247 398
122 273
174 325
196 347
36 187
142 293
158 309
50 201
161 312
44 195
246 397
231 382
251 402
337 488
144 295
209 360
186 337
82 233
48 199
315 466
116 267
58 209
198 349
352 503
39 190
101 252
241 390
188 339
302 453
303 454
104 255
2 153
226 377
124 275
149 300
208 359
275 426
341 492
270 421
99 250
179 330
295 446
69 220
298 449
182 333
213 364
218 369
308 459
329 480
199 350
172 323
281 432
316 467
86 237
320 471
340 491
258 409
78 229
18 169
220 371
328 479
230 381
271 422
236 387
170 321
190 341
146 297
207 358
3 154
72 223
274 425
197 348
38 189
151 302
326 477
132 283
215 366
49 200
89 240
173 324
202 353
31 182
319 470
183 334
141 292
92 243
7 158
219 370
259 410
343 494
84 235
54 205
252 403
242 393
238 387
125 276
56 207
94 245
65 216
165 316
4 155
286 437
176 327
277 428
233 384
63 214
287 438
276 427
178 329
234 385
240 391
70 221
268 419
330 481
135 286
24 175
359 510
12 163
96 247
128 279
291 442
307 458
318 469
61 212
1 152
168 319
108 259
241 392
217 368
45 196
223 374
14 165
10 161
81 232
189 340
354 505
265 416
232 383
163 314
334 485
206 357
100 251
97 248
181 332
19 170
143 294
185 336
344 495
148 299
46 197
214 365
91 242
16 167
123 274
34 185
221 372
164 315
108 258
175 325
292 442
232 382
32 182
75 225
241 391
255 405
13 163
60 210
289 439
34 184
171 321
354 504
0 150
118 268
110 260
115 265
144 294
58 208
307 457
132 282
17 167
85 235
327 477
339 489
23 173
70 220
45 195
314 464
99 249
76 226
61 211
177 327
272 422
248 398
361 511
210 360
25 175
279 427
252 402
281 431
193 343
26 176
201 351
90 240
187 337
120 270
42 192
358 508
249 399
161 311
9 159
350 500
286 436
301 451
351 501
295 445
345 495
348 498
353 503
100 250
149 299
47 197
261 411
38 188
263 413
181 331
254 404
225 375
119 269
223 373
271 421
37 187
291 441
41 191
224 374
101 251
287 437
52 202
188 338
3 153
114 264
198 348
266 416
92 242
349 499
153 303
57 207
8 158
293 443
180 330
211 361
214 364
162 312
54 204
82 232
278 428
28 178
104 254
179 329
276 426
111 261
352 502
298 448
30 180
195 345
168 318
170 320
218 368
274 424
202 352
308 458
309 459
87 237
113 263
140 290
86 236
89 239
117 267
230 380
91 241
88 238
126 276
69 219
102 252
78 228
172 322
316 466
133 283
246 396
282 430
72 222
312 462
212 362
335 485
79 229
275 425
142 292
18 168
269 419
231 381
4 154
116 266
10 160
27 177
182 332
173 323
155 305
35 185
139 289
341 491
143 293
95 245
127 277
200 350
135 285
227 377
279 429
260 410
217 367
237 387
315 465
264 414
141 291
213 363
125 275
1 151
71 221
235 385
33 183
44 194
112 262
16 166
299 449
185 335
280 430
145 295
129 279
336 486
346 496
107 257
262 412
81 231
49 199
355 505
290 440
2 152
159 309
294 444
191 341
233 383
154 304
84 234
250 400
244 394
77 227
323 473
94 244
253 403
306 456
303 453
234 384
221 371
283 429
320 470
277 427
324 474
130 280
203 353
5 155
194 344
73 223
39 189
297 447
22 172
98 248
167 317
31 181
215 365
317 467
7 157
163 313
337 487
106 256
11 161
243 393
296 446
15 165
186 336
343 493
192 342
96 246
197 347
40 190
302 452
6 156
62 212
158 308
219 369
319 469
196 346
305 455
147 297
258 408
20 170
338 488
268 418
183 333
148 298
313 463
328 478
105 255
160 310
222 372
208 358
273 423
270 420
74 224
220 370
285 435
157 307
176 326
228 378
247 397
311 461
360 510
334 484
122 272
288 438
347 497
229 379
245 395
19 169
21 171
64 214
134 284
329 479
226 376
29 179
359 509
48 198
330 480
109 259
189 339
267 417
216 366
128 278
242 392
207 357
67 217
24 174
326 476
66 216
156 306
174 324
53 203
46 196
14 164
152 302
131 281
50 200
238 386
356 506
51 201
265 415
282 432
123 273
59 209
190 340
251 401
304 454
318 468
300 450
103 253
322 472
165 315
164 314
204 354
284 434
190 339
359 508
326 475
83 232
274 423
353 502
231 380
288 437
210 359
45 194
202 351
109 258
319 468
229 378
97 246
262 411
354 503
22 171
16 165
198 347
256 405
236 385
56 205
49 198
72 221
327 476
213 362
235 384
156 303
347 496
134 283
269 418
75 224
312 461
98 247
100 249
78 227
343 492
234 383
324 473
283 430
216 365
278 427
28 177
264 413
360 509
25 174
33 182
284 433
135 284
128 277
196 345
180 329
73 222
351 500
275 424
174 323
357 506
67 216
37 186
252 401
293 442
112 261
60 209
193 342
267 416
81 230
23 172
268 417
62 211
232 381
165 314
282 431
253 402
82 231
223 372
79 228
309 458
263 412
32 181
299 448
247 396
68 217
215 364
251 400
143 292
217 366
178 327
122 271
66 215
142 291
153 302
311 460
361 510
314 463
237 386
116 265
249 398
177 326
286 435
71 220
226 375
108 257
138 287
54 203
52 201
107 256
352 501
341 490
125 274
96 245
206 355
233 382
70 219
208 357
344 493
277 426
164 313
175 324
74 223
218 367
201 350
192 341
292 441
184 333
3 152
317 466
18 167
35 184
129 278
245 394
222 371
40 189
124 273
99 248
88 237
242 391
318 467
285 434
189 338
191 340
185 334
55 204
173 322
163 312
246 395
250 399
46 195
187 336
315 464
279 428
0 149
261 410
296 445
145 294
266 415
195 344
209 358
101 250
77 226
94 243
13 162
302 451
342 491
133 282
24 173
50 199
131 280
111 260
123 272
225 374
38 187
283 432
48 197
205 354
308 457
281 430
169 318
333 482
42 191
270 419
321 470
188 337
316 465
355 504
219 368
20 169
8 157
183 332
255 404
130 279
2 151
118 267
248 397
59 208
155 304
31 180
95 244
334 483
224 373
325 474
289 438
136 285
132 281
335 484
362 511
181 330
63 212
304 453
244 393
220 369
156 305
204 353
93 242
51 200
89 238
322 471
104 253
176 325
119 268
167 316
291 440
92 241
161 310
80 229
58 207
105 254
230 379
297 446
295 444
21 170
47 196
272 421
211 360
11 160
85 234
290 439
26 175
76 225
27 176
282 429
265 414
182 331
34 183
166 315
271 420
137 286
338 487
9 158
330 479
273 422
39 188
86 235
336 485
36 185
356 505
117 266
214 363
30 179
148 297
65 214
159 308
313 462
53 202
102 251
171 320
12 161
298 447
57 206
287 436
310 459
110 259
103 252
43 192
307 456
194 343
90 239
139 288
170 319
186 335
150 299
305 454
227 376
7 156
41 190
337 486
6 155
127 276
144 293
328 477
349 498
276 425
114 263
320 469
140 289
306 455
346 495
350 499
254 403
348 497
44 193
207 356
17 166
15 164
301 450
260 409
280 429
228 377
158 307
243 392
154 303
199 348
121 270
339 488
149 298
106 255
113 262
294 443
160 309
19 168
5 154
340 489
345 494
179 328
162 311
258 407
141 290
200 349
87 236
142 290
109 257
121 269
228 376
45 193
92 238
290 438
213 361
346 494
275 423
303 451
172 320
160 308
234 382
157 303
262 410
301 449
180 328
353 501
157 305
55 203
142 288
22 170
319 467
165 313
110 258
227 375
116 264
17 165
60 208
99 247
58 206
90 238
114 262
205 353
259 407
255 403
236 384
254 402
215 363
75 223
144 292
118 266
29 177
235 383
165 311
111 259
357 505
88 236
61 209
21 169
185 333
173 321
119 267
59 207
327 475
138 286
72 220
66 214
293 441
164 312
321 469
300 448
247 395
194 342
276 424
299 447
133 281
6 154
251 399
108 256
195 343
103 251
136 284
231 379
171 319
218 366
199 347
129 277
26 174
14 162
268 416
141 289
316 464
154 302
104 252
245 393
298 446
24 172
342 490
267 415
57 205
48 196
137 285
206 354
0 148
38 186
2 150
200 348
27 175
323 471
355 503
9 157
201 349
113 261
117 265
100 248
163 311
11 159
322 470
34 182
347 495
62 210
32 180
135 283
80 228
18 166
152 300
284 430
74 222
12 160
209 357
363 511
71 219
69 217
184 332
115 263
220 368
202 350
73 221
132 280
358 506
153 301
182 330
233 381
325 473
210 358
39 187
85 233
49 197
252 400
226 374
229 377
35 183
232 380
127 275
105 253
146 294
306 454
15 163
264 412
151 299
23 171
120 268
280 428
19 167
33 181
312 460
169 317
8 156
360 508
339 487
314 462
291 439
37 185
211 359
243 391
95 243
207 355
77 225
126 274
13 161
40 188
362 510
225 373
359 507
84 232
122 270
348 496
20 168
313 461
356 504
188 336
50 198
224 372
78 226
266 414
93 241
333 481
283 431
43 191
183 331
167 315
174 322
326 474
216 364
332 480
284 432
261 409
67 215
341 489
25 173
106 254
46 194
237 385
191 339
296 444
145 293
139 287
350 498
304 452
51 199
335 483
258 406
162 310
186 334
125 273
168 316
31 179
63 211
5 153
286 434
263 411
345 493
98 246
65 213
192 340
159 307
273 421
10 158
147 295
64 212
277 425
86 234
149 297
124 272
52 200
336 484
219 367
81 229
230 378
214 362
221 369
89 237
47 195
344 492
269 417
260 408
140 288
315 463
297 445
2 148
212 360
102 250
302 450
311 459
307 455
351 499
28 176
130 278
96 244
330 478
155 303
177 325
361 509
53 201
294 442
285 433
328 476
161 309
222 370
308 456
317 465
320 468
56 204
4 152
16 164
354 502
187 335
338 486
107 255
54 202
289 437
272 420
79 227
204 352
288 436
318 466
270 418
148 296
143 291
310 458
217 365
170 318
178 326
305 453
36 184
197 345
278 426
287 435
295 443
334 482
309 457
190 338
76 224
248 396
249 397
112 260
176 324
3 151
208 356
343 491
274 422
83 231
87 235
179 327
198 346
189 337
281 429
250 398
44 192
196 344
82 230
101 249
265 413
166 314
329 477
256 404
131 279
42 190
92 240
223 371
321 468
120 267
67 214
146 293
72 219
64 211
23 170
79 226
215 362
78 225
121 268
176 323
236 383
180 327
315 462
115 262
308 455
204 351
196 343
174 321
291 438
333 480
183 330
70 217
100 247
242 389
9 156
28 175
281 428
77 224
338 485
63 210
168 315
26 173
145 292
322 469
172 319
124 271
328 475
6 153
339 486
190 337
75 222
158 305
331 478
214 361
206 351
4 151
45 192
201 348
163 310
37 184
220 367
35 182
231 378
135 282
15 162
258 405
34 181
224 371
216 363
304 451
234 381
5 152
260 407
276 423
243 390
91 238
240 387
175 322
139 286
65 212
14 161
130 277
53 200
160 307
288 435
342 489
248 395
85 232
227 374
12 159
154 301
347 494
97 244
350 497
273 420
108 255
89 236
123 270
320 467
211 358
263 410
305 452
111 258
341 488
20 167
170 317
159 306
162 309
312 459
356 503
13 160
269 416
73 220
330 477
81 228
155 302
29 176
343 490
99 246
317 464
61 208
280 425
295 442
319 466
287 434
86 233
354 501
134 281
125 272
290 437
206 353
185 332
56 203
96 243
33 180
177 324
165 312
265 412
254 401
22 169
150 297
251 398
152 299
128 275
324 471
116 263
349 496
31 178
358 505
27 174
181 328
194 341
106 253
313 460
97 242
364 511
41 188
272 419
233 380
47 194
39 186
142 289
361 508
102 249
286 433
57 204
336 483
226 373
292 439
178 325
92 239
235 382
49 196
60 207
225 372
270 417
202 349
82 229
353 500
55 202
182 329
112 259
351 498
136 283
186 333
232 379
299 446
10 157
131 278
346 493
355 502
221 368
332 479
307 454
171 318
301 448
325 472
104 251
264 411
266 413
208 355
302 449
198 345
90 237
36 183
294 441
337 484
129 276
275 422
19 166
126 273
256 403
30 177
149 296
161 308
113 260
277 424
119 266
48 195
298 445
357 504
148 295
200 347
195 342
132 279
329 476
230 377
197 344
210 357
88 235
340 487
44 191
144 291
141 288
38 185
18 165
109 256
223 370
310 457
94 241
293 440
284 431
316 463
222 369
245 392
62 209
21 168
118 265
2 149
191 338
335 482
54 201
303 450
246 393
199 346
271 418
84 231
71 218
326 473
323 470
253 400
107 254
268 415
83 230
229 376
252 399
133 280
52 199
193 340
69 216
59 206
11 158
3 150
179 326
203 350
7 154
1 148
157 304
352 499
17 164
255 402
362 509
166 313
247 394
237 384
209 356
66 213
74 221
42 189
127 274
153 300
105 252
122 269
249 396
46 193
95 242
24 171
32 179
93 240
188 335
296 443
50 197
164 311
58 205
110 257
0 147
267 414
187 334
68 215
309 456
360 507
207 354
344 491
167 314
244 391
297 444
219 366
363 510
101 248
278 425
359 506
138 285
205 352
184 331
327 474
114 261
261 408
169 316
218 365
25 172
98 245
137 284
147 294
40 187
8 155
348 495
189 336
259 406
289 436
76 223
257 404
262 409
192 339
117 264
87 234
213 360
334 481
264 410
319 465
84 230
162 308
276 422
350 496
340 486
187 333
308 454
316 462
277 423
72 218
268 414
198 344
26 172
234 380
263 409
41 187
34 180
43 189
21 167
68 214
42 188
90 236
75 221
73 219
309 455
357 503
115 261
134 280
243 389
30 176
275 421
113 259
353 499
303 449
54 200
127 273
194 340
13 159
169 315
58 204
33 179
93 239
332 478
212 358
300 446
123 269
116 262
70 216
265 411
205 351
202 348
297 443
232 378
287 433
207 353
209 355
339 485
336 482
233 379
179 325
63 209
74 220
32 178
290 436
345 491
177 323
190 336
347 493
235 381
114 260
294 440
168 314
59 205
229 375
274 420
337 483
341 487
269 415
7 153
122 268
203 349
102 248
191 337
299 445
53 199
356 502
15 161
5 151
188 334
333 479
147 293
49 195
278 424
223 369
277 421
291 437
220 366
14 160
218 364
148 294
311 457
107 253
82 228
240 386
197 343
183 329
306 452
328 474
298 444
100 246
28 174
355 501
292 438
39 185
155 301
105 251
152 298
217 363
225 371
320 466
89 235
206 352
352 498
215 361
109 255
304 450
289 435
186 332
192 338
108 254
344 490
81 227
322 468
128 274
175 321
258 404
257 403
120 266
0 146
365 511
78 224
64 210
204 350
362 508
158 304
246 392
237 383
253 399
87 233
279 425
76 222
312 458
97 243
327 473
138 284
106 252
201 347
137 283
245 391
38 184
153 299
326 472
181 327
314 460
77 223
56 202
57 203
161 307
314 458
8 154
305 451
94 240
121 267
79 225
172 318
117 263
315 461
189 335
135 281
151 297
334 480
50 196
238 384
285 431
164 310
111 257
143 289
228 374
126 272
239 385
146 292
323 469
184 330
193 339
242 388
231 377
1 147
145 291
349 495
23 169
47 193
112 258
36 182
255 401
301 447
125 271
103 249
37 183
331 477
182 328
22 168
98 244
118 264
268 412
46 192
325 471
67 213
256 402
48 194
31 177
99 245
354 500
360 506
302 448
346 492
286 432
140 286
213 359
96 242
166 312
281 427
9 155
133 279
25 171
318 464
321 467
241 387
91 237
86 232
351 497
226 372
95 241
129 275
252 398
154 300
200 346
51 197
219 365
45 191
343 489
222 368
214 360
272 418
66 212
101 247
29 175
178 324
149 295
160 306
338 484
296 442
176 322
210 356
227 373
40 186
80 226
261 407
273 419
52 198
199 345
363 509
364 510
335 481
150 296
170 316
10 156
251 397
324 470
130 276
124 270
259 405
16 162
221 367
244 390
348 494
247 393
195 341
254 400
27 173
159 305
248 394
267 413
19 165
211 357
224 370
250 396
293 439
330 476
62 208
208 354
163 309
174 320
266 412
132 278
329 475
44 190
270 416
60 206
307 453
185 331
280 426
359 505
342 488
310 456
141 287
262 408
4 150
3 149
295 441
249 395
12 158
85 231
18 164
136 282
167 313
126 271
154 299
27 172
349 494
0 145
113 258
106 251
136 281
189 334
22 167
327 472
180 325
71 216
307 452
67 212
33 178
193 338
112 257
114 259
128 273
235 380
310 455
185 330
36 181
322 467
186 331
41 186
107 252
70 215
160 305
268 413
16 161
121 266
297 442
199 344
48 193
244 389
101 246
38 183
245 390
175 320
364 509
267 412
274 419
265 410
287 432
146 291
14 159
214 359
314 459
125 270
226 371
291 436
200 345
95 240
212 357
10 155
204 349
167 312
366 511
19 164
141 286
350 495
68 213
208 353
102 247
323 468
45 190
207 352
21 166
17 162
320 465
277 422
51 196
43 188
238 383
76 221
80 225
149 294
228 373
217 362
251 396
233 378
115 260
63 208
302 447
170 315
138 283
60 205
237 382
91 236
356 501
230 375
147 292
264 409
362 507
241 386
328 473
298 443
269 414
249 394
153 298
301 446
23 168
317 462
346 491
308 453
58 203
278 423
172 317
15 160
263 408
290 435
354 499
272 417
94 239
361 506
190 335
218 363
171 316
156 301
325 470
198 343
32 177
29 174
351 496
247 392
275 420
363 508
196 341
262 407
145 290
243 388
25 170
88 233
299 444
329 474
151 296
89 234
85 230
194 339
335 480
104 249
254 399
250 395
44 189
293 438
120 265
130 275
59 204
227 372
87 232
84 229
131 276
86 231
129 274
137 282
286 431
13 158
134 279
312 457
253 398
192 337
187 332
168 313
332 477
152 297
224 369
281 426
225 370
246 391
78 223
116 261
79 224
316 461
155 300
65 210
220 365
66 211
11 156
26 171
177 322
98 243
337 482
319 464
276 421
18 163
333 478
313 458
359 504
77 222
342 487
256 401
110 255
211 356
191 336
353 498
150 295
360 505
215 360
182 327
52 197
123 268
54 199
99 244
216 361
221 366
133 278
345 490
229 374
100 245
339 484
90 235
219 364
164 309
240 385
39 184
288 433
336 481
64 209
304 449
178 323
46 191
305 450
321 466
300 445
260 405
239 384
75 220
140 285
252 397
6 151
234 379
352 497
83 228
242 387
330 475
222 367
111 256
40 185
49 194
334 479
309 454
159 304
30 175
96 241
4 149
289 434
273 418
8 153
184 329
124 269
223 368
343 488
176 321
144 289
28 173
201 346
279 424
295 440
20 165
358 503
344 489
24 169
188 333
261 406
331 476
55 200
232 377
210 355
296 441
318 463
72 217
148 293
169 314
257 402
365 510
348 493
183 328
347 492
108 253
282 427
324 469
181 326
132 277
118 263
35 180
162 307
117 262
292 437
135 280
53 198
61 206
306 451
270 415
355 500
266 411
338 483
248 393
258 403
326 471
119 264
340 485
109 254
81 226
205 350
7 152
315 460
103 248
56 201
127 272
35 178
203 348
213 358
42 187
105 250
231 376
34 179
341 486
1 146
74 219
298 442
240 384
12 156
326 470
80 224
269 413
349 493
307 451
46 190
134 278
202 346
77 221
339 483
356 500
239 383
267 411
348 492
286 430
91 235
362 506
157 301
318 462
184 328
14 158
128 272
223 367
54 198
303 447
310 454
53 197
284 428
61 205
32 176
293 437
224 368
272 416
354 498
251 395
30 174
265 409
95 239
285 429
74 218
62 206
199 343
197 341
254 398
337 481
324 468
317 461
117 261
4 148
365 509
191 335
163 307
130 274
113 257
279 423
177 321
194 338
360 504
212 356
297 441
151 295
258 402
29 173
181 325
329 473
147 291
313 457
353 497
155 299
86 230
121 265
75 219
294 438
183 327
136 280
78 222
145 289
308 452
49 193
25 169
253 397
171 315
241 385
111 255
36 178
248 392
170 314
126 270
282 426
351 495
21 165
270 414
328 472
213 357
17 161
44 188
323 467
291 435
42 186
325 469
66 210
110 254
283 427
15 159
295 439
88 232
226 370
81 225
165 309
57 201
55 199
363 507
90 234
9 153
322 466
242 386
99 243
250 394
179 323
235 379
299 443
43 187
51 195
41 185
260 404
73 217
36 180
114 258
87 231
219 363
319 463
127 271
312 456
361 505
103 247
35 177
23 167
118 262
119 263
216 360
304 448
341 485
122 266
315 459
7 151
210 354
68 212
274 418
85 229
144 288
252 396
238 382
256 400
321 465
109 253
153 297
367 511
204 348
278 422
28 172
31 175
359 503
345 489
259 403
237 381
101 245
246 390
18 162
261 405
112 256
188 332
39 183
154 298
333 477
214 356
230 374
221 365
149 293
262 406
215 359
176 320
178 322
182 326
129 273
70 214
146 290
45 189
331 475
347 491
48 192
273 417
210 352
193 337
0 144
332 476
152 296
266 410
327 471
243 387
185 329
247 391
366 510
69 213
225 369
59 203
244 388
50 194
344 488
72 216
140 284
346 490
271 415
100 244
342 486
8 152
115 259
161 305
292 436
306 450
218 362
123 267
160 304
168 312
20 164
180 324
208 352
83 227
352 496
232 376
355 499
187 331
105 249
302 446
52 196
35 179
131 275
173 317
220 364
228 372
287 431
143 287
10 154
264 408
2 146
102 246
358 502
350 494
192 336
33 177
255 399
196 340
245 389
357 501
148 292
189 333
65 209
58 202
71 213
300 444
116 260
142 286
92 236
340 484
296 440
27 171
364 508
137 281
19 163
169 313
203 347
84 228
11 155
47 191
276 420
301 445
106 250
22 166
124 268
229 373
107 251
290 434
211 355
37 181
108 252
67 211
64 208
5 149
16 160
249 393
236 380
167 311
65 207
24 168
311 455
120 264
138 282
125 269
309 453
257 401
89 233
343 487
13 157
96 240
76 220
38 182
28 170
198 342
133 277
79 223
217 361
205 349
200 344
34 178
233 377
174 318
234 378
195 339
40 184
335 479
289 433
141 285
132 276
166 310
316 460
3 147
209 353
82 226
156 300
248 391
86 229
273 416
161 304
178 321
254 397
239 382
304 447
214 357
285 428
126 269
250 393
92 235
339 482
171 314
47 190
358 501
109 252
173 316
156 299
266 409
44 187
122 265
3 146
90 233
81 224
76 219
129 272
7 150
191 334
232 375
200 343
333 476
218 361
58 201
265 408
127 270
85 228
167 310
82 225
313 456
290 433
183 326
150 293
291 434
155 298
18 161
306 449
48 191
324 467
132 275
336 479
152 295
229 372
341 484
137 280
198 341
267 410
242 385
310 453
180 323
134 277
10 153
206 349
213 356
23 166
143 286
59 202
49 192
0 143
225 368
101 242
205 348
343 486
114 257
352 495
362 505
328 471
182 325
153 296
186 329
149 292
160 303
128 271
210 353
113 256
266 407
107 250
230 373
70 213
286 429
151 294
133 276
317 460
309 452
95 238
27 170
117 260
158 301
270 413
170 313
357 500
301 444
184 327
237 380
169 312
14 155
8 151
187 330
361 504
21 164
145 288
188 331
279 422
264 407
327 470
238 381
154 297
342 485
38 181
226 369
175 318
249 392
220 363
189 332
157 300
30 173
112 255
364 507
274 417
119 262
193 336
204 347
201 344
329 472
208 351
367 510
276 419
111 254
297 440
224 367
235 378
28 169
148 291
177 320
283 426
179 322
165 308
319 462
144 287
260 403
275 418
287 430
25 168
241 384
168 311
360 503
50 193
24 167
57 200
78 221
240 383
105 248
194 337
29 172
5 148
51 194
63 206
67 210
124 267
6 149
355 498
359 502
71 214
284 427
45 188
231 374
280 423
176 319
19 162
234 377
166 309
272 415
102 245
185 328
11 154
89 232
271 414
34 177
259 402
303 446
325 468
36 179
108 251
66 209
223 366
322 465
125 268
40 183
345 486
141 284
4 147
103 246
346 489
219 362
288 431
42 185
97 240
32 175
347 490
216 359
164 307
246 389
365 508
120 263
256 399
87 230
15 158
37 180
363 506
135 278
217 360
255 398
147 290
308 451
190 333
366 509
211 354
344 487
197 340
199 342
116 259
323 466
121 264
72 215
110 253
52 195
192 335
245 388
351 494
299 442
123 266
73 216
337 480
233 376
353 496
31 174
316 459
302 445
104 247
101 244
258 401
257 400
251 394
321 464
236 379
55 198
136 279
202 345
311 454
335 478
56 199
172 315
17 160
338 481
74 217
227 370
26 169
326 469
46 189
247 390
368 511
203 346
196 339
65 208
16 159
1 144
263 406
349 492
106 249
146 289
99 242
181 324
221 364
262 405
282 425
253 396
80 223
64 207
348 491
307 450
22 165
142 285
345 488
281 424
77 220
12 155
244 387
334 477
163 306
331 474
84 227
61 204
209 352
174 317
289 432
131 274
293 436
252 395
91 234
318 461
162 305
312 455
138 281
88 231
93 236
243 386
54 197
295 438
43 186
298 441
13 156
115 258
69 212
68 211
75 218
330 473
130 273
350 493
79 222
340 483
18 160
146 288
102 242
182 324
158 300
316 458
251 393
142 284
307 449
70 212
319 461
237 377
286 428
166 308
297 439
171 313
197 339
220 362
202 344
240 382
217 359
255 397
109 251
1 143
237 379
185 327
100 242
63 205
188 330
223 365
207 349
362 504
14 156
257 399
123 265
314 456
271 413
12 154
336 478
141 283
97 239
11 153
148 290
136 278
14 154
118 260
246 388
113 255
338 480
40 182
121 263
348 490
34 176
259 401
4 146
231 373
162 304
156 298
203 343
209 351
349 491
114 256
42 184
244 386
74 216
52 194
172 314
199 341
227 369
230 372
288 430
302 444
333 475
88 230
132 274
353 495
287 429
106 248
15 157
242 384
213 355
183 325
23 165
155 297
327 469
55 197
332 474
119 261
261 403
147 289
76 218
250 392
238 380
82 224
105 247
269 411
291 433
51 193
211 353
310 452
140 282
267 409
116 258
276 418
58 200
329 471
218 360
38 180
323 465
83 225
346 488
191 333
337 479
219 361
31 173
277 419
283 425
267 407
258 400
263 405
351 493
134 276
72 214
64 206
272 414
292 434
151 293
264 406
196 338
143 285
85 227
241 383
161 303
187 329
103 245
315 457
298 440
127 269
10 152
318 460
204 346
295 437
173 315
278 420
25 167
87 229
3 145
37 179
221 363
273 415
341 483
268 410
108 250
84 226
195 337
198 340
293 435
41 183
133 275
339 481
285 427
192 334
294 436
352 494
111 253
306 448
233 375
90 232
344 486
60 202
130 272
176 318
39 181
101 243
7 149
122 264
312 454
177 319
248 390
8 150
21 163
163 305
128 270
174 316
324 466
66 208
330 472
357 499
347 489
56 198
200 342
68 210
99 241
308 450
334 476
175 317
96 238
282 424
67 209
75 217
94 236
92 234
313 455
145 287
186 328
77 219
235 377
356 498
62 204
359 501
239 381
129 271
331 473
300 442
59 201
5 147
266 406
343 483
345 487
284 426
170 312
360 502
193 335
126 268
32 174
222 364
260 402
243 385
365 507
24 166
275 415
137 279
104 246
203 345
9 151
305 447
215 357
167 309
29 171
266 408
225 367
139 281
224 366
20 162
180 322
110 252
254 396
194 336
350 492
247 389
89 231
15 155
57 199
2 144
325 467
27 169
33 175
107 249
112 254
131 273
93 235
342 484
152 294
30 172
43 185
335 477
48 190
368 510
317 459
45 187
189 331
79 221
120 262
320 462
358 500
169 311
212 354
354 496
153 295
26 168
201 343
303 445
326 468
299 441
0 142
256 398
61 203
361 503
138 280
91 233
232 374
124 266
281 423
16 158
301 443
369 511
363 505
178 320
117 259
270 412
253 395
115 257
47 189
19 161
206 348
245 387
95 237
144 286
81 223
322 464
236 378
168 310
290 432
309 451
154 296
86 228
164 306
44 186
296 438
49 191
366 508
355 497
280 422
157 299
274 416
181 323
343 485
101 241
6 148
135 277
150 292
17 159
367 509
165 307
50 192
262 404
275 417
304 446
279 421
124 265
207 348
236 377
196 337
62 203
264 405
75 216
315 456
40 181
114 255
279 420
228 369
243 384
245 386
295 436
41 182
50 191
2 143
178 319
272 413
46 187
303 444
212 353
246 387
109 250
100 241
58 199
92 233
261 402
219 360
34 175
42 183
204 345
96 237
365 506
164 305
199 340
74 215
340 481
61 202
370 511
127 268
24 165
32 173
156 297
223 364
195 336
198 339
149 290
206 347
217 358
159 300
353 494
130 271
83 224
103 244
263 404
161 302
144 285
107 248
270 411
277 418
361 502
333 474
134 275
90 231
10 151
116 257
258 399
68 209
183 324
265 406
99 240
154 295
121 262
52 193
224 365
43 184
327 468
142 281
322 463
13 154
82 223
91 232
269 410
244 385
311 452
280 421
172 313
229 370
3 144
1 142
313 454
348 489
67 208
276 417
204 343
260 401
15 156
53 194
350 491
137 278
94 235
202 343
255 396
227 368
48 189
355 496
169 310
81 222
256 397
284 425
320 461
157 298
232 373
182 323
249 390
216 357
193 334
173 314
47 188
302 443
349 490
163 304
21 162
120 261
341 482
336 477
115 256
123 264
73 214
167 308
358 499
325 466
234 375
242 383
310 451
292 433
366 507
150 291
360 501
329 470
118 259
208 349
49 190
158 299
357 498
141 282
201 342
317 458
299 440
138 279
97 238
281 422
88 229
247 388
331 472
197 338
79 220
18 159
351 492
239 380
297 438
84 225
85 226
78 219
51 192
254 395
209 350
343 484
289 430
184 325
155 296
12 153
171 312
205 346
308 449
33 174
220 361
55 196
306 447
324 465
177 318
326 467
126 267
203 344
17 158
135 276
181 322
89 230
56 197
186 327
119 260
38 179
339 480
153 294
45 186
362 503
113 254
95 236
187 328
241 382
330 471
363 504
64 205
16 157
70 211
176 317
305 446
131 272
4 145
86 227
20 161
151 292
318 459
93 234
133 274
342 483
102 243
26 167
140 281
129 270
63 204
275 416
25 166
174 315
230 371
19 160
5 146
328 469
337 476
160 301
143 284
170 311
195 334
0 141
285 426
191 332
11 152
240 381
185 326
39 180
369 510
307 448
111 252
77 218
356 497
98 239
321 462
347 488
286 427
274 415
346 487
332 473
87 228
231 372
152 293
30 171
168 309
132 273
300 441
338 479
235 376
337 478
76 217
283 424
312 453
250 391
59 200
44 185
288 429
291 432
27 168
301 442
9 150
298 439
344 485
192 333
335 476
290 431
69 210
226 367
106 247
162 303
146 287
221 362
175 316
180 321
334 475
147 288
319 460
294 435
31 172
60 201
323 464
110 251
293 434
309 450
165 306
259 400
252 393
304 445
125 266
190 331
233 374
267 408
54 195
314 455
237 378
359 500
194 335
117 258
6 147
248 389
8 149
189 330
142 283
257 398
262 403
213 354
222 363
278 419
316 457
238 379
122 263
368 509
104 245
253 394
148 289
218 359
229 369
145 285
293 433
342 482
137 277
365 505
303 443
264 404
68 208
212 352
116 256
10 150
226 366
233 373
222 362
301 441
71 211
90 230
21 161
11 151
189 329
366 506
74 214
81 221
291 431
215 355
118 258
2 142
281 421
95 235
97 237
213 353
9 149
304 444
124 264
146 286
240 380
191 331
200 340
64 204
127 267
256 396
174 314
128 268
170 310
154 294
319 459
259 399
357 497
333 473
121 261
161 301
181 321
62 202
364 504
113 253
122 262
7 147
337 477
158 298
53 193
1 141
221 361
204 344
195 333
341 481
86 226
244 384
187 327
96 236
247 387
126 266
210 350
32 172
255 395
65 205
84 224
246 386
93 233
45 185
258 398
46 186
230 370
250 390
8 148
232 372
55 195
87 227
103 243
243 383
51 191
350 490
330 470
225 365
355 495
328 468
205 345
153 293
160 300
17 157
25 165
117 257
339 479
79 219
166 306
314 454
70 210
89 229
235 375
302 442
318 458
177 317
183 323
298 438
98 238
289 429
147 287
220 360
135 275
43 183
75 215
335 475
270 410
269 409
185 325
349 489
169 309
308 448
253 393
249 389
144 284
165 305
30 170
195 335
140 280
273 413
262 402
238 378
41 181
16 156
132 272
284 424
268 408
317 457
329 469
194 334
130 270
119 259
320 460
157 297
368 508
105 245
323 463
131 271
196 336
285 425
163 303
100 240
252 392
44 184
359 499
148 288
344 484
82 222
110 250
134 274
173 313
155 295
224 364
332 472
143 283
316 456
325 465
353 493
39 179
63 203
223 363
38 178
280 420
31 171
6 146
76 216
108 248
88 228
59 199
61 201
248 388
54 194
125 265
149 289
67 207
171 311
334 474
196 334
251 391
26 166
112 252
347 487
297 437
57 197
358 498
277 417
295 435
322 462
72 212
40 180
296 436
91 231
114 254
313 453
92 232
172 312
254 394
286 426
231 371
188 328
227 367
206 346
33 173
367 507
94 234
159 299
136 276
370 510
178 318
348 488
129 269
362 502
156 296
109 249
290 430
324 464
111 251
271 411
239 379
214 354
162 302
107 247
198 338
274 414
261 401
300 440
180 320
179 319
265 405
331 471
260 400
361 501
299 439
18 158
279 419
218 358
27 167
152 292
52 192
80 220
4 144
192 332
123 263
288 428
190 330
139 279
306 446
115 255
141 281
197 337
20 160
34 174
217 357
338 478
282 422
312 452
209 349
48 188
99 239
175 315
142 282
363 503
167 307
292 432
0 140
184 324
42 182
60 200
106 246
351 491
294 434
202 342
73 213
50 190
336 476
276 416
83 223
56 196
234 374
311 451
104 244
24 164
354 494
236 376
58 198
327 467
13 153
69 209
207 347
176 316
278 418
133 273
78 218
151 291
182 322
85 225
241 381
49 189
3 143
5 145
321 461
283 423
257 397
263 403
305 445
326 466
150 290
47 187
77 217
245 385
310 450
168 308
37 177
193 333
369 509
356 496
199 339
371 511
186 326
307 447
302 441
241 380
45 184
190 329
319 458
32 171
315 454
22 161
60 199
154 293
327 464
76 215
164 303
187 326
27 166
137 276
107 246
338 477
352 491
56 195
8 147
44 183
140 279
371 510
297 436
360 499
318 457
143 282
149 288
369 508
70 209
311 450
223 362
182 321
349 488
310 449
242 381
171 310
50 189
38 177
272 411
75 212
156 295
229 368
52 191
75 214
96 235
57 196
62 201
320 459
89 228
286 425
31 170
152 291
351 490
333 472
117 256
359 498
2 141
35 174
155 294
224 363
355 494
9 148
365 504
147 286
259 398
218 357
198 337
118 257
258 397
113 252
39 178
282 421
249 388
109 248
181 320
347 486
273 412
161 300
87 226
262 401
93 232
264 403
69 208
192 331
298 437
49 188
256 395
225 364
194 333
367 506
127 266
251 390
114 253
189 328
destination
