map
random512-20-0.map
pivot
204 426
agent & start
456 80
510 134
389 13
446 76
491 115
3 27
407 31
440 64
463 87
10 20
508 134
511 135
395 19
12 18
389 15
472 96
424 48
387 11
419 43
458 82
431 57
446 70
7 23
503 127
479 103
415 41
487 111
399 23
496 120
0 30
25 7
409 33
482 106
435 59
468 92
4 26
404 28
406 30
464 88
393 17
432 56
447 71
429 53
460 84
17 13
437 61
416 40
411 35
27 5
501 125
18 12
24 8
394 18
506 130
386 10
507 133
469 93
19 11
410 34
431 55
433 57
1 29
9 21
418 42
8 24
427 51
500 124
392 16
509 133
475 99
465 89
8 22
452 76
415 39
30 2
453 77
425 49
430 58
455 79
23 9
443 67
11 19
398 22
473 97
442 66
13 17
507 131
483 107
414 38
397 21
459 83
489 113
2 28
477 101
438 62
454 78
448 72
16 14
391 15
388 12
destination
