map
random512-10-0.map
pivot
254 254
agent & start
11 511
500 0
503 3
0 500
504 504
510 498
497 511
6 506
2 502
1 501
8 0
509 11
0 8
3 5
8 508
508 500
511 11
504 4
505 503
10 510
506 502
510 10
507 7
4 4
5 505
7 1
498 510
507 501
9 509
502 506
501 507
506 6
2 6
7 507
503 505
511 497
4 504
508 8
509 499
499 509
505 5
502 2
5 3
1 7
496 511
502 3
1 500
10 509
9 0
510 497
507 8
497 510
7 2
11 510
508 9
6 505
2 501
504 503
499 0
1 8
4 5
506 7
505 6
7 506
12 511
8 1
503 4
504 5
511 496
499 508
509 10
510 11
3 6
501 2
4 503
0 9
507 500
5 504
3 502
498 509
502 505
505 502
501 506
509 498
503 504
2 7
9 508
500 507
506 501
500 1
6 3
5 4
6 504
507 9
503 5
509 497
5 503
0 10
8 506
506 8
498 0
506 500
502 504
510 496
13 511
501 505
504 502
501 3
4 6
2 8
499 1
3 501
11 509
510 12
1 9
503 503
504 6
508 10
499 507
505 501
12 510
500 2
497 509
507 499
502 4
6 4
2 500
8 2
505 7
1 499
496 510
4 502
10 508
498 508
10 0
3 7
495 511
9 507
511 13
5 5
500 506
511 495
0 498
9 1
7 505
496 509
499 506
503 6
3 8
509 496
511 494
10 507
5 502
503 502
13 510
495 510
507 498
6 503
11 508
12 509
505 500
9 2
9 506
504 501
7 504
502 5
500 505
498 507
6 5
10 1
0 497
8 3
2 499
506 499
1 10
506 9
504 7
500 3
501 4
501 504
511 14
7 4
510 13
2 9
494 511
502 503
509 14
499 2
497 0
8 505
505 8
14 511
497 508
507 10
5 6
510 495
498 1
3 500
1 498
504 500
509 13
8 504
499 505
10 506
13 509
497 507
507 11
7 503
510 14
499 3
494 510
510 494
0 496
493 511
6 502
1 11
8 4
507 497
508 12
498 506
498 2
500 4
505 499
7 5
9 505
12 508
4 500
9 3
4 8
11 1
495 509
15 511
5 7
496 0
12 0
496 508
1 497
501 503
511 493
6 6
497 1
505 9
502 6
511 15
11 507
508 496
506 10
509 495
0 12
2 10
503 501
5 501
500 504
504 8
3 499
14 510
501 5
502 502
501 6
498 505
503 8
496 1
498 5
9 504
8 5
499 504
503 500
508 493
10 3
494 509
510 15
506 497
492 511
505 10
2 497
506 11
11 2
7 6
500 5
508 495
7 502
505 498
1 12
15 510
14 509
504 499
499 4
16 511
3 10
11 506
500 503
498 3
4 9
10 505
496 507
510 493
0 495
495 0
509 494
493 510
8 503
13 508
12 1
508 13
495 508
501 502
6 501
9 4
504 9
507 496
511 16
3 498
511 492
497 506
497 2
507 12
4 499
13 0
6 7
1 496
5 8
2 11
502 501
502 7
0 13
13 1
498 504
4 10
497 505
501 501
505 497
508 494
8 6
498 4
502 8
2 496
0 494
511 17
507 495
500 6
14 0
1 13
499 5
5 9
4 498
11 505
504 10
505 11
9 5
491 511
502 500
10 4
7 501
12 2
494 508
493 509
2 12
1 495
495 1
495 507
503 499
507 13
494 0
509 493
504 498
501 7
9 503
6 500
3 497
500 502
16 510
497 3
492 510
0 14
510 492
11 503
14 508
496 504
503 9
510 16
506 12
3 11
6 8
496 2
497 5
13 507
511 491
7 7
506 496
498 6
12 506
499 503
10 504
8 502
11 3
5 499
492 509
9 6
3 12
505 496
4 11
13 506
3 496
491 510
9 502
2 13
7 500
507 14
505 12
11 504
2 495
502 499
501 500
6 9
506 495
0 493
490 511
499 6
15 0
508 15
503 498
4 497
494 1
10 503
500 7
497 504
496 3
14 1
497 4
0 15
504 497
510 491
499 502
8 7
511 18
506 13
18 511
13 2
509 16
11 4
499 500
7 8
5 10
511 490
5 498
12 3
501 8
502 9
503 10
498 7
507 494
495 2
493 508
494 507
493 0
15 508
1 14
498 503
8 501
495 506
497 8
509 492
496 505
504 11
12 505
17 510
10 5
12 504
493 1
498 8
502 498
11 5
503 11
504 12
499 501
5 497
495 505
9 7
19 511
499 499
503 497
491 509
14 506
1 493
8 500
500 8
501 9
511 489
3 495
16 0
494 2
2 494
6 10
3 13
0 492
15 507
510 490
501 499
497 7
509 17
destination
