map
random512-20-1.map
pivot
250 474
agent & start
16 8
501 25
511 35
504 28
10 14
3 21
5 19
9 15
17 7
1 23
507 31
497 21
18 6
494 18
11 13
490 14
508 32
7 17
23 1
6 18
488 12
495 19
476 0
22 2
24 0
483 7
479 3
2 22
480 4
484 8
477 1
15 9
4 20
510 34
14 10
509 33
487 11
6 19
508 33
501 26
25 0
483 8
490 15
18 7
507 32
19 6
489 14
510 35
504 29
12 13
496 21
0 25
1 24
506 31
511 36
4 21
23 2
15 10
10 15
16 9
493 18
7 18
476 1
484 9
488 13
9 16
479 4
3 22
491 16
8 17
486 11
495 20
500 25
494 19
17 8
20 5
28 0
493 19
2 24
504 30
19 7
1 25
9 17
11 15
12 14
490 16
501 27
491 17
496 22
20 6
4 22
488 14
476 2
484 10
489 15
494 20
15 11
478 4
506 32
17 9
510 36
490 18
7 19
26 0
505 31
0 26
8 18
483 9
485 11
5 21
495 21
21 5
507 33
23 3
479 5
16 10
500 26
22 4
3 23
6 20
24 2
28 1
0 27
26 1
3 26
493 20
22 5
23 4
21 6
16 11
27 0
479 6
1 26
491 18
482 9
12 15
506 33
478 5
9 18
487 14
476 3
485 12
486 13
17 10
3 24
8 19
489 18
484 11
4 27
490 19
19 8
25 2
507 34
19 10
475 2
509 36
495 22
483 10
504 31
501 28
10 17
5 22
499 26
510 37
7 20
492 19
20 7
494 21
502 29
508 35
489 16
15 12
18 9
501 29
478 6
477 5
28 2
495 23
25 3
508 36
1 27
500 28
487 15
482 10
488 18
488 16
14 14
484 12
504 32
20 8
7 21
13 15
26 2
472 0
0 28
9 19
506 34
483 11
5 23
6 22
3 27
493 21
16 12
498 26
3 25
491 19
494 22
4 24
21 7
492 20
503 31
485 13
22 6
17 11
486 14
489 17
499 27
27 1
507 35
505 33
502 30
19 9
4 26
2 26
12 16
10 18
497 25
509 37
18 10
474 2
11 17
23 5
476 4
502 31
16 13
506 35
508 37
2 27
27 2
18 11
474 3
8 21
20 9
14 15
5 24
6 23
477 6
12 17
483 12
485 14
501 30
13 16
504 33
475 4
476 5
500 29
503 32
509 38
488 17
10 19
7 22
496 25
471 0
0 29
472 1
17 12
15 14
494 23
511 40
491 20
9 20
487 16
4 25
507 36
482 11
26 3
23 6
11 18
22 7
21 8
473 2
497 26
471 2
493 22
498 27
1 28
499 28
481 11
506 36
474 4
15 15
499 29
494 24
470 0
24 6
505 35
511 41
492 22
12 18
10 20
502 32
491 21
483 13
471 1
476 6
500 30
8 22
2 28
487 17
11 19
501 31
0 30
498 28
509 39
27 3
1 29
477 7
485 15
470 2
510 40
486 16
14 16
5 25
16 14
7 23
6 24
13 17
475 5
496 26
493 23
503 33
9 21
473 3
504 34
17 13
22 8
21 9
18 12
507 37
493 24
15 16
2 29
496 27
495 26
492 23
497 28
472 3
498 29
12 19
475 6
511 42
25 6
508 39
27 4
11 20
484 15
13 18
479 10
23 8
499 30
14 17
21 10
1 30
469 0
502 33
482 13
509 40
10 21
0 31
480 11
19 12
501 32
17 14
7 24
503 34
24 7
505 36
485 16
507 38
6 25
20 11
506 37
477 8
490 21
473 4
470 1
483 14
16 15
504 35
9 22
491 22
486 17
476 7
476 9
474 5
19 13
478 10
24 8
495 27
24 10
490 22
472 4
507 39
473 5
508 40
7 25
14 18
9 23
16 16
15 17
10 22
486 18
503 35
483 15
27 5
26 6
491 23
509 41
501 33
11 21
498 30
3 29
17 15
484 16
482 14
8 24
474 6
492 24
22 10
505 37
23 9
1 31
13 19
476 10
468 0
21 11
18 14
502 34
20 12
476 8
477 9
510 42
497 29
469 1
6 26
12 20
2 30
494 26
488 20
487 19
475 7
479 11
3 30
21 12
508 41
1 32
24 9
482 15
19 14
507 40
22 11
477 10
483 16
494 27
479 12
487 20
473 6
474 7
503 36
497 30
7 26
476 11
485 18
12 21
11 22
13 20
502 35
490 23
471 4
8 25
509 42
491 24
501 34
495 28
18 15
492 25
505 38
2 31
488 21
33 0
27 6
496 29
14 19
10 23
504 37
486 19
481 14
13 22
9 24
475 8
16 17
510 43
506 39
468 1
15 18
500 33
467 0
23 10
21 13
490 24
479 13
18 16
33 1
498 32
11 23
19 15
487 21
500 34
484 18
473 7
480 14
481 15
486 20
14 20
34 0
488 22
23 11
25 9
504 40
506 40
505 39
482 16
508 42
468 2
503 37
501 35
510 44
477 11
496 30
509 43
8 26
471 5
470 4
16 18
499 33
511 45
472 6
17 17
9 25
28 6
494 28
1 33
483 17
497 31
13 21
489 23
495 29
493 27
478 12
491 25
492 26
4 30
2 32
10 24
507 41
466 0
474 8
3 31
12 22
502 36
488 23
504 41
21 14
503 38
485 20
473 8
482 17
480 15
14 21
484 19
33 2
34 3
26 9
468 3
511 46
471 6
507 42
19 16
477 12
11 24
506 41
12 23
16 19
505 40
497 32
508 43
466 1
492 27
474 9
502 37
501 36
483 18
479 14
2 33
18 17
28 7
9 26
4 31
23 12
2 35
499 34
1 34
496 31
15 20
35 0
10 25
17 18
491 26
494 29
467 2
34 1
495 30
17 20
487 22
0 35
3 32
510 45
493 28
465 0
472 7
481 16
470 5
498 33
5 30
478 13
490 25
477 13
480 16
15 21
10 26
1 35
5 31
23 13
506 42
508 44
487 23
502 38
465 1
0 36
490 26
3 33
489 25
501 37
510 46
464 2
491 27
468 4
505 41
498 34
479 15
22 14
471 7
33 3
503 39
27 9
6 30
486 22
481 17
467 3
12 24
25 11
482 18
20 16
507 43
497 33
18 18
471 9
28 8
35 1
484 20
34 2
474 12
16 20
466 2
494 30
472 8
473 9
470 6
493 29
496 32
35 3
2 34
499 35
495 31
464 0
17 19
469 5
22 16
4 32
481 18
18 19
5 32
6 31
506 43
474 11
1 36
493 30
501 38
464 1
22 15
23 14
33 4
510 47
463 0
495 32
473 10
490 27
482 19
483 20
35 2
475 12
502 39
485 22
21 16
489 26
461 0
508 45
473 12
472 9
507 44
505 42
470 7
469 6
476 13
497 34
487 24
492 29
28 9
12 25
494 31
10 27
29 8
26 11
15 22
0 37
488 25
16 21
502 41
499 36
498 35
496 33
465 2
467 4
466 3
471 8
13 24
36 1
27 10
480 17
11 26
459 0
3 34
37 0
20 17
479 16
9 28
25 12
19 18
24 13
491 28
30 8
460 0
16 22
487 25
463 1
492 30
475 13
38 0
27 11
468 6
4 34
502 42
490 28
6 32
481 19
480 18
20 18
491 29
0 38
470 8
483 21
466 4
7 31
511 49
472 10
505 43
459 1
485 23
26 12
509 47
507 45
498 36
495 33
465 3
36 2
493 31
29 9
14 24
497 35
33 5
502 40
19 19
23 15
10 28
21 17
467 5
8 30
31 7
5 33
13 25
24 14
494 32
486 24
37 1
499 37
473 11
462 0
7 33
488 26
501 39
1 37
496 34
12 26
0 40
510 50
479 17
9 29
508 46
28 10
467 6
459 2
15 24
479 18
481 20
0 39
17 22
10 29
488 27
494 33
497 36
475 14
511 50
6 33
486 25
498 37
29 10
510 51
493 32
28 11
469 8
20 19
2 37
468 7
483 22
472 11
480 19
31 8
1 40
19 20
30 9
8 31
9 30
477 16
505 44
504 43
496 35
32 7
37 2
14 25
38 1
39 0
462 1
5 34
13 26
506 45
482 21
485 24
501 40
7 32
34 5
500 39
21 18
508 47
11 28
489 28
487 26
492 31
460 1
24 15
26 13
465 4
503 42
499 38
491 30
12 27
16 23
507 46
510 49
468 8
6 34
490 30
486 26
492 32
499 39
15 25
503 43
465 9
10 30
3 37
17 23
19 21
466 6
493 33
16 24
476 16
29 11
14 26
30 10
471 11
479 19
466 8
465 5
35 5
474 14
475 15
477 17
485 25
9 31
462 2
33 7
482 22
505 45
36 4
478 18
11 29
467 7
38 2
25 15
2 38
510 52
511 51
495 35
509 49
32 8
504 44
464 4
494 34
22 18
498 38
34 6
39 1
497 37
40 0
489 29
481 21
1 39
12 28
27 13
21 19
491 31
487 27
506 46
500 40
496 36
31 9
26 14
20 20
488 28
13 27
508 48
8 32
460 2
507 47
37 3
34 7
21 20
485 26
494 35
17 24
488 29
465 10
478 19
464 5
29 12
9 32
6 35
30 11
495 36
466 7
5 36
11 30
2 39
28 13
507 48
33 8
39 2
37 4
35 6
484 25
38 3
491 32
508 49
467 8
463 4
487 28
474 15
499 40
22 19
492 33
4 37
496 37
481 22
31 10
475 16
469 10
465 8
490 31
40 1
504 45
500 41
468 9
26 15
15 26
511 52
483 26
498 39
10 31
471 12
14 27
16 25
483 24
461 2
41 0
462 3
36 9
503 44
465 6
477 18
12 29
20 21
486 27
35 8
13 28
25 16
489 30
476 17
505 46
36 5
466 9
17 25
466 10
10 32
462 4
12 30
25 17
37 5
7 35
31 11
485 27
4 38
26 16
40 2
474 16
497 39
511 53
465 7
38 4
471 13
14 28
508 50
36 6
32 10
21 21
464 6
36 8
464 8
482 26
488 30
18 24
494 36
469 11
483 25
499 41
481 23
476 18
482 24
491 33
30 12
503 45
505 47
6 36
5 37
3 39
492 34
467 9
477 19
468 10
24 18
493 35
15 27
16 26
8 34
470 12
489 31
498 40
29 13
495 37
507 49
41 1
486 28
9 33
33 9
34 8
35 9
461 3
504 46
27 15
484 26
35 7
22 20
475 17
30 13
22 21
24 19
467 10
39 4
484 27
507 50
508 51
464 7
481 24
15 28
498 41
37 8
5 38
33 10
18 25
8 35
473 16
27 16
10 33
36 7
13 30
470 13
38 5
468 11
497 40
23 20
463 6
489 32
502 45
492 35
25 18
461 4
34 9
488 31
3 40
14 29
477 20
482 25
12 31
491 34
475 18
476 19
29 14
511 54
6 37
499 42
16 27
472 15
487 30
471 14
32 11
21 24
462 5
9 34
494 37
485 28
0 43
490 33
42 1
41 2
21 22
505 48
28 15
504 47
40 3
19 24
479 22
14 30
7 37
492 36
41 3
499 43
506 50
25 19
497 41
31 13
26 18
28 16
488 32
16 28
461 5
5 39
491 35
490 34
469 13
19 25
40 4
38 8
502 46
20 24
508 52
17 27
473 17
480 24
468 12
42 2
471 15
485 29
493 37
0 44
507 51
503 47
478 22
34 10
32 12
505 49
496 40
496 42
2 42
1 43
37 7
484 28
10 34
487 31
476 20
23 21
467 13
489 33
33 11
467 11
30 14
13 31
479 23
504 48
39 5
511 55
38 6
510 54
4 40
21 23
463 7
22 22
9 35
460 4
27 17
472 16
8 36
3 41
475 19
29 15
481 25
474 18
20 25
31 14
13 32
4 41
471 16
489 34
39 6
492 37
476 21
32 15
9 36
8 37
495 40
501 46
496 41
3 42
483 28
469 14
502 47
18 27
24 21
499 44
5 40
470 15
488 33
26 19
500 45
507 52
27 18
474 19
462 7
472 17
466 13
33 12
459 4
511 56
458 3
38 7
486 31
23 22
477 22
457 2
14 31
510 55
485 30
17 28
42 3
491 36
480 25
34 11
2 43
1 44
505 50
29 16
39 8
40 5
28 17
10 35
493 38
508 53
478 23
12 33
460 5
495 42
473 18
7 38
467 12
509 54
461 6
475 20
503 48
506 51
22 23
0 45
504 49
497 42
492 38
491 37
479 25
39 7
470 16
2 44
35 11
481 27
19 27
32 14
17 31
16 30
507 53
482 28
503 49
17 29
454 0
15 31
23 23
6 40
460 6
510 56
13 33
495 41
478 24
485 31
0 46
40 6
501 47
9 37
502 48
31 15
34 12
14 32
455 1
474 20
459 5
497 43
29 17
475 21
483 29
508 54
466 12
480 26
18 28
498 44
499 45
505 51
509 55
458 4
490 36
11 35
24 22
20 26
500 46
486 32
25 21
476 22
30 16
457 3
28 18
456 2
506 52
3 43
12 34
26 20
4 42
473 19
493 39
494 42
462 8
5 41
7 39
471 17
504 50
41 5
477 23
1 45
487 33
27 19
42 4
469 15
489 35
10 36
511 57
457 4
21 26
14 33
486 33
479 26
506 53
508 55
31 16
1 46
474 21
2 45
493 40
26 21
22 25
484 31
509 56
24 23
3 44
18 29
473 20
455 2
23 24
12 35
471 18
4 43
498 45
453 0
0 47
17 30
476 23
470 17
35 12
11 36
462 9
15 32
25 22
456 3
464 11
42 5
490 37
18 31
458 5
494 41
13 34
499 46
16 31
465 12
480 27
491 38
478 25
7 40
33 14
504 51
10 37
34 13
500 47
497 44
488 35
28 21
482 29
511 58
6 41
481 28
5 42
20 27
459 6
29 18
477 24
468 15
502 49
27 20
469 16
503 50
483 30
505 52
461 8
47 0
510 57
492 39
40 7
30 17
454 1
1 48
41 6
9 38
10 38
479 27
453 1
18 30
510 58
35 13
509 57
489 37
30 18
461 9
455 3
476 24
498 46
505 53
473 21
484 32
47 1
469 17
25 23
18 32
2 46
36 12
48 0
34 14
493 41
31 17
511 59
13 35
468 16
462 10
5 43
27 21
9 39
457 5
459 7
1 49
28 20
20 28
481 29
485 33
2 48
41 7
503 51
29 19
472 20
6 42
22 26
508 56
16 32
12 36
42 6
471 19
8 40
483 31
501 49
496 44
3 45
7 41
500 48
0 48
478 26
463 11
454 2
1 47
464 12
491 39
19 29
490 38
486 34
475 23
470 18
21 27
23 25
507 55
504 52
15 33
11 37
460 8
499 47
497 45
487 35
4 44
13 36
31 18
36 13
452 1
8 41
472 21
509 58
506 55
463 12
22 27
511 60
487 36
490 39
496 45
35 14
464 13
21 28
41 8
503 52
43 6
456 5
497 46
495 44
29 20
504 53
483 32
459 8
27 22
489 38
477 26
20 29
479 28
6 43
484 33
38 11
510 59
2 47
486 35
475 24
44 5
47 2
470 19
467 16
508 57
10 39
33 16
465 14
5 44
34 15
7 42
32 17
9 40
0 49
34 17
507 58
12 37
460 9
48 1
468 17
501 50
481 30
498 47
18 33
474 23
453 2
500 49
35 18
502 51
462 11
19 30
499 48
23 26
30 19
3 46
469 18
492 41
454 3
14 35
49 0
466 15
25 24
473 22
16 33
482 31
490 40
26 24
450 0
464 14
501 51
479 29
31 19
453 3
468 18
495 45
45 5
511 61
500 50
456 6
10 40
11 39
44 6
21 29
508 58
507 57
42 8
22 28
47 3
509 59
494 44
481 31
34 18
14 36
7 43
50 0
27 23
498 48
502 52
473 23
0 50
37 13
38 12
504 54
452 2
3 47
32 18
462 12
33 17
4 46
39 11
459 9
491 41
454 4
486 36
492 42
499 49
470 20
477 27
466 16
475 25
460 10
465 15
493 43
9 41
41 9
458 8
482 32
489 39
35 17
467 17
24 26
510 60
455 5
488 38
6 44
20 30
496 46
34 16
472 22
13 37
48 2
12 38
484 34
49 1
506 56
480 30
35 15
471 21
17 33
483 33
15 35
476 26
30 20
16 34
461 11
498 49
14 37
50 1
491 42
450 1
44 7
505 56
23 28
469 20
26 25
472 23
30 21
0 51
51 0
492 43
42 9
28 23
485 36
471 22
35 16
495 46
13 38
20 31
29 22
5 46
38 13
484 35
503 54
506 57
473 24
10 41
465 16
27 24
505 58
452 3
32 19
489 40
490 41
462 13
501 52
456 7
487 38
22 29
477 28
499 50
461 12
466 17
486 37
454 5
4 47
504 59
479 30
21 30
481 32
33 18
468 19
508 59
455 6
464 15
37 14
25 28
449 0
7 44
458 9
36 17
453 4
483 34
463 18
43 8
459 10
497 48
464 17
493 44
460 11
510 61
45 6
467 18
48 3
480 31
457 8
476 27
12 39
17 34
509 60
482 33
511 62
24 27
451 2
15 36
16 35
39 12
488 39
475 26
25 26
470 21
500 51
510 63
453 5
503 55
4 48
26 26
511 63
472 24
455 7
448 0
500 52
509 63
466 18
7 45
28 24
505 57
463 17
16 36
496 48
476 28
26 28
3 49
481 33
24 28
505 59
29 23
499 51
23 29
50 2
5 47
461 13
20 32
495 47
478 30
488 40
509 61
43 9
504 58
12 40
44 8
460 12
483 35
13 39
21 31
497 49
49 3
26 30
25 27
40 12
486 38
469 21
17 35
449 1
0 52
456 8
27 25
464 16
480 32
32 20
464 18
33 19
494 46
492 44
457 9
463 15
37 15
467 19
458 10
462 14
47 5
45 7
465 17
451 3
498 50
46 6
1 51
14 38
36 16
452 4
10 42
508 60
504 56
510 62
454 8
468 20
30 22
485 37
25 29
470 22
450 2
477 29
51 1
459 11
503 59
475 27
479 31
490 42
482 34
39 13
43 10
18 35
39 14
509 62
454 7
13 40
450 3
1 52
481 34
496 49
465 18
472 25
486 39
26 29
498 51
21 32
511 64
15 38
51 2
497 50
456 9
31 22
460 13
27 30
462 15
468 21
20 33
9 44
499 52
489 42
492 45
484 37
11 42
46 7
488 41
41 12
37 16
26 27
500 53
463 16
53 0
457 10
22 31
14 39
25 30
5 48
491 44
4 49
508 61
485 38
47 6
449 2
447 0
6 47
0 53
32 23
40 13
494 47
44 9
487 40
475 28
16 37
483 36
508 63
466 19
33 20
23 30
52 1
504 57
490 43
482 35
45 8
479 32
502 55
501 54
467 20
461 14
452 5
13 42
3 50
48 5
30 23
476 29
470 23
7 46
503 58
477 30
17 36
471 24
459 12
469 22
505 60
24 29
453 6
506 59
507 60
503 56
50 3
455 8
28 25
451 4
22 32
485 39
471 25
23 31
484 38
2 52
7 47
27 29
14 42
5 49
491 45
451 5
462 16
455 9
45 9
508 62
511 65
466 20
486 40
476 32
34 20
470 24
479 33
481 35
14 40
494 48
476 30
27 27
461 15
474 28
25 31
17 37
38 16
465 19
506 60
450 4
472 26
503 57
483 37
490 44
488 42
505 61
9 45
29 25
41 13
33 21
54 0
28 26
33 23
18 36
13 43
53 1
10 44
0 54
31 23
12 42
475 29
458 12
457 11
495 49
48 6
16 38
447 1
43 11
487 41
8 46
449 3
50 4
1 53
28 30
49 5
489 43
40 14
39 15
44 10
51 3
500 54
469 23
478 32
501 55
498 52
499 53
453 7
21 33
4 50
480 34
24 30
13 41
459 13
496 50
15 43
52 2
497 51
467 21
46 8
50 5
475 30
476 31
55 0
477 32
481 36
29 26
18 37
4 51
42 13
44 11
447 2
54 1
461 16
16 43
9 46
511 66
3 52
483 38
12 43
2 53
28 27
43 12
466 21
52 3
446 1
11 44
480 35
496 51
46 9
487 42
491 46
455 10
47 8
40 15
490 45
451 6
495 50
20 35
450 5
45 10
15 42
459 14
15 40
1 54
14 41
449 4
22 33
21 34
507 62
489 44
478 33
39 16
53 2
470 25
479 34
7 48
465 20
458 13
24 31
31 24
506 61
38 17
474 29
501 56
457 14
25 32
467 22
8 47
6 49
499 54
501 58
49 6
452 7
33 22
448 3
5 50
484 39
494 49
34 21
472 27
10 45
15 44
469 24
16 39
498 53
457 12
485 40
473 28
500 55
17 38
23 32
486 41
488 43
28 29
502 57
497 52
470 26
496 52
477 33
457 15
8 48
24 32
501 57
457 13
30 26
468 24
475 31
29 27
50 6
23 33
11 45
485 41
500 56
14 44
52 4
451 7
31 25
10 46
15 41
39 17
35 21
456 12
469 25
41 15
450 6
47 9
18 38
17 43
494 50
466 22
25 33
28 28
499 55
16 40
447 3
452 8
464 22
484 40
53 3
459 15
16 42
496 54
34 22
42 14
460 18
486 42
456 14
480 36
54 2
55 1
506 62
45 11
487 43
453 9
498 54
489 45
465 21
9 47
38 18
21 35
12 44
455 11
43 13
460 16
461 17
17 39
44 12
497 53
500 58
479 35
446 2
40 16
5 51
495 51
490 46
19 37
0 56
22 34
2 54
483 39
472 28
474 30
510 66
1 55
458 14
6 50
448 4
20 36
467 23
46 10
4 52
461 18
10 47
450 7
11 46
510 67
30 27
489 46
483 40
473 30
42 15
4 53
20 37
453 10
0 57
497 54
55 2
48 9
480 37
48 11
454 11
5 52
478 35
487 44
469 26
480 39
43 14
471 28
9 48
508 65
41 16
479 36
29 28
6 51
14 45
494 51
463 20
486 43
32 25
488 45
24 33
498 55
465 22
474 31
31 26
468 25
23 34
506 63
39 18
50 7
496 53
40 17
2 55
490 47
500 57
3 54
7 50
460 17
452 9
18 39
52 5
448 5
51 6
49 8
456 13
466 23
19 38
45 12
458 15
447 4
477 34
16 41
53 4
1 56
22 35
449 6
8 49
12 45
446 3
495 52
482 39
485 42
17 42
484 41
47 10
21 36
35 22
54 3
464 21
451 8
444 2
18 40
481 39
0 58
484 42
494 52
511 69
22 36
499 57
452 10
462 20
455 13
470 28
49 11
495 53
44 14
506 64
11 47
493 51
46 12
45 13
13 45
32 26
446 4
453 11
458 16
475 33
480 38
12 46
507 65
472 30
2 56
30 28
49 9
465 23
449 7
38 20
487 45
471 29
477 35
47 11
1 57
39 19
31 27
50 8
7 51
448 6
445 3
23 35
450 8
35 23
463 21
505 63
9 49
468 26
6 52
467 25
54 4
3 55
508 66
483 41
21 37
503 61
509 67
56 2
498 56
5 53
41 17
488 46
454 12
466 24
52 6
24 34
19 39
474 32
461 19
480 40
476 34
492 50
490 48
469 27
17 41
473 31
497 55
10 48
51 7
459 17
4 54
20 38
48 10
42 16
479 37
486 44
43 16
6 53
450 9
7 52
469 28
481 40
451 10
58 1
458 17
446 5
510 69
21 38
38 25
470 29
8 55
476 35
22 37
444 3
44 15
449 8
467 26
22 39
11 48
45 14
493 52
468 27
506 65
49 10
471 30
487 46
509 68
1 58
488 47
14 47
477 36
51 8
54 5
55 4
479 38
485 44
511 70
46 13
461 20
35 24
41 18
27 32
492 51
484 43
24 35
503 62
40 19
497 56
10 49
482 41
7 54
494 53
466 25
50 9
445 4
19 40
443 2
8 51
480 41
38 21
30 29
5 54
13 46
12 47
486 45
498 57
0 59
474 33
448 7
57 2
52 7
472 31
454 13
1 60
32 27
493 54
505 64
462 21
47 12
4 55
489 48
39 20
507 66
3 56
453 12
465 24
42 17
508 67
491 50
475 34
23 36
502 61
447 6
18 41
41 19
471 31
445 5
482 42
476 36
506 66
24 36
483 43
9 51
40 20
462 22
53 7
508 68
50 10
451 11
28 32
449 9
15 47
452 12
11 49
504 64
27 33
45 15
511 71
499 59
7 55
493 53
19 41
35 25
0 60
44 16
472 32
13 47
21 39
442 2
6 54
443 3
467 27
475 35
447 7
58 2
510 70
59 1
43 17
38 24
446 6
23 37
481 41
478 38
26 34
473 33
14 48
501 61
441 1
474 34
51 9
22 38
489 49
509 69
36 24
465 25
487 47
493 55
38 22
440 0
8 52
484 44
55 5
8 54
497 57
500 60
2 58
461 21
503 63
31 29
1 59
502 62
5 55
3 57
37 25
477 37
505 65
29 31
12 48
450 10
20 40
485 45
494 54
4 56
47 13
490 50
491 51
454 14
33 27
444 4
7 53
464 24
457 17
486 46
469 29
466 26
30 30
32 28
511 72
43 18
27 34
39 24
51 10
469 30
21 40
481 42
494 55
3 58
8 53
486 47
16 47
5 56
463 24
41 20
446 9
59 2
496 57
510 71
472 33
0 61
452 13
46 15
26 35
39 22
464 25
443 4
24 37
15 46
30 31
7 56
34 27
475 36
492 53
33 28
509 70
449 10
6 55
470 31
500 61
476 37
450 11
440 1
506 67
490 51
4 57
58 3
13 48
25 36
16 49
488 49
502 63
36 25
56 5
489 50
477 38
462 23
29 32
55 6
53 8
447 8
38 23
453 14
42 19
2 59
495 56
14 49
504 65
474 35
508 69
461 22
48 13
466 27
32 29
458 19
478 39
15 48
20 41
23 38
501 62
445 6
471 32
9 52
483 44
45 16
11 50
485 46
19 42
498 59
10 51
499 60
491 52
497 58
44 17
446 7
482 43
457 18
454 15
439 0
57 4
510 73
441 2
31 30
484 45
53 9
4 58
25 37
471 33
55 7
56 6
39 23
24 38
9 53
501 63
499 61
58 4
500 62
503 65
462 24
27 35
449 11
458 20
477 39
32 30
506 68
29 33
461 23
508 70
21 41
472 34
510 72
17 45
498 60
13 49
15 49
46 16
496 58
12 50
451 13
495 57
490 52
463 25
509 71
36 26
10 52
47 15
491 53
16 50
483 45
34 28
486 48
481 43
441 3
446 8
454 16
6 56
484 46
45 17
33 29
443 5
464 26
7 57
44 20
440 2
43 19
35 27
505 67
44 18
476 38
1 63
452 14
0 62
453 15
16 46
447 9
5 57
26 36
17 47
460 22
52 10
487 49
504 66
3 59
444 6
42 20
467 29
49 13
450 12
465 27
439 1
11 51
30 32
456 18
457 19
31 31
469 31
511 73
48 14
488 50
474 36
438 0
57 5
494 56
19 43
502 64
59 3
474 37
450 13
53 10
500 63
22 41
34 29
44 19
503 66
475 38
488 51
438 1
469 32
453 16
57 6
45 18
15 50
17 46
505 68
48 15
443 6
462 25
461 24
45 20
55 8
31 32
26 37
4 59
20 43
36 27
447 10
16 51
439 2
3 60
40 23
25 38
501 64
449 12
12 51
21 42
10 53
472 35
1 62
24 39
497 60
11 52
0 63
455 18
465 28
506 69
27 36
30 33
460 23
5 58
50 13
496 59
502 65
482 45
483 46
476 39
473 36
444 7
47 16
508 71
464 27
456 19
471 34
441 4
33 30
509 72
6 57
437 0
485 48
511 74
458 21
49 14
440 3
477 40
494 57
498 61
18 45
452 15
43 20
29 34
486 49
59 4
42 21
58 5
13 50
491 54
2 61
481 44
478 41
504 67
445 8
32 31
487 50
495 58
490 53
467 30
466 29
468 31
33 31
23 41
485 49
42 22
16 52
54 10
449 13
3 61
443 7
451 17
460 24
472 36
50 14
41 23
466 30
57 7
484 48
508 74
32 32
29 35
37 27
491 55
444 8
28 36
56 8
15 51
438 2
475 39
500 64
477 41
4 60
483 47
455 19
464 28
6 58
496 60
35 29
43 21
478 42
18 46
499 63
447 11
488 52
473 37
30 34
59 5
64 0
12 52
476 40
486 50
34 30
45 19
10 54
450 14
492 56
48 16
13 51
19 45
461 25
55 9
507 75
465 29
0 64
29 37
503 67
468 32
21 43
501 65
58 6
24 40
452 16
497 61
51 13
495 59
25 39
30 38
489 53
454 18
459 23
2 62
442 6
494 58
487 51
504 68
440 4
47 17
5 59
490 54
457 21
469 33
505 69
49 15
474 38
26 38
470 34
481 45
60 4
436 0
508 72
469 35
31 33
53 11
511 75
467 31
437 1
52 12
482 46
502 66
456 20
22 42
457 22
489 54
443 8
440 5
475 40
487 54
501 66
437 2
473 38
47 18
483 48
493 58
469 34
35 30
22 43
29 38
450 15
30 35
447 12
9 56
496 61
476 41
39 26
484 49
507 72
455 20
32 33
494 59
509 74
51 14
510 75
470 35
504 69
19 48
38 27
30 39
477 42
31 34
23 42
508 75
11 54
50 15
20 49
507 74
467 32
444 9
14 51
1 66
64 1
41 24
38 29
49 16
491 56
34 31
487 52
497 62
15 52
13 52
466 31
499 64
28 37
448 13
469 36
46 19
486 51
54 11
40 25
57 8
48 17
451 16
488 55
492 57
55 10
21 44
5 60
19 46
500 65
463 28
12 53
460 25
53 12
32 39
505 70
25 40
52 13
30 37
6 59
503 68
43 22
10 55
461 26
456 21
485 50
3 62
488 53
472 37
474 39
495 60
441 6
60 5
0 65
459 24
508 73
482 47
442 7
465 30
27 38
435 0
24 41
490 55
454 19
468 33
451 18
481 46
502 67
59 6
65 0
58 7
438 3
468 34
57 9
43 23
497 63
24 42
36 30
487 53
454 20
54 12
482 50
52 14
31 35
5 61
39 27
506 74
59 7
32 38
464 30
4 62
436 2
55 11
475 41
470 36
28 38
7 59
51 15
450 16
443 9
6 60
60 6
8 58
56 10
47 19
65 1
492 58
450 18
485 51
30 40
489 55
38 28
41 25
457 23
500 66
58 8
477 43
34 32
15 53
447 13
66 0
486 52
498 64
465 31
488 56
493 59
50 16
506 72
61 5
21 49
11 55
10 56
458 24
510 78
502 68
442 8
460 26
27 39
9 59
480 46
459 25
40 26
487 55
490 56
2 64
463 29
25 41
444 10
448 14
491 57
482 48
434 0
31 37
22 44
32 34
20 48
505 71
496 62
473 39
1 65
456 22
494 60
53 13
474 40
507 73
0 66
14 52
48 18
441 7
483 49
32 40
437 3
462 28
467 33
505 75
478 44
511 77
19 47
479 45
29 39
503 69
455 21
42 24
504 70
9 57
466 32
509 75
435 1
49 17
12 54
471 37
499 65
510 76
26 40
37 29
440 6
486 60
31 39
64 2
490 57
31 40
47 20
505 72
48 19
22 49
9 58
42 25
29 40
464 31
439 6
62 5
41 26
10 59
436 3
39 28
6 61
475 42
469 38
34 33
8 59
504 71
443 10
456 23
51 16
459 26
511 78
43 24
510 77
451 20
66 1
434 1
501 68
474 41
52 15
478 45
487 56
467 34
458 25
503 70
26 41
32 41
505 74
463 30
506 73
28 39
487 58
476 43
57 10
13 54
484 51
12 55
479 46
447 14
494 61
0 67
435 2
20 47
472 39
40 27
11 56
509 76
442 9
32 37
489 56
462 29
65 2
485 52
60 7
51 18
453 20
25 42
37 30
470 37
486 55
2 65
32 35
492 59
21 46
44 23
58 9
54 13
22 45
35 32
486 53
49 18
10 57
52 19
466 33
437 4
53 20
53 14
457 24
483 50
7 60
23 44
3 64
56 11
471 38
61 6
14 53
473 40
445 12
491 58
486 59
488 57
482 49
31 36
498 65
21 48
496 63
455 22
55 12
502 69
454 21
67 0
448 15
465 32
477 44
33 38
36 31
493 60
24 43
504 75
5 62
449 16
446 13
449 18
500 67
441 8
440 7
487 60
59 9
36 32
440 8
51 19
22 46
454 22
497 65
505 73
481 49
63 5
455 23
450 20
494 62
4 64
57 11
53 21
460 28
456 24
495 63
31 41
68 0
444 12
10 58
435 3
66 2
439 7
502 70
14 54
487 59
6 62
457 25
28 40
449 17
509 77
54 14
472 40
21 47
67 1
50 18
5 63
499 67
41 27
27 41
485 55
7 61
461 29
480 48
25 43
51 17
22 48
493 61
45 23
61 7
447 15
69 1
464 32
47 21
463 31
52 18
64 4
469 39
471 39
449 19
475 43
0 68
447 23
44 24
491 59
511 79
40 28
492 60
434 2
55 13
485 59
485 53
445 23
11 57
65 3
474 42
448 18
29 41
32 36
43 25
503 71
473 41
37 31
8 60
56 12
42 26
436 4
490 58
459 27
12 56
442 10
504 74
452 20
58 10
500 68
462 30
49 19
477 45
33 37
483 51
498 66
53 19
453 21
489 57
479 47
52 20
443 11
484 52
35 33
53 15
470 38
501 69
467 35
56 14
26 42
60 8
445 13
3 65
487 57
476 44
52 16
486 58
23 45
24 44
465 33
458 26
437 5
493 62
47 22
463 32
484 53
502 71
460 29
41 28
51 20
13 56
64 5
497 66
65 4
26 43
68 1
11 58
34 35
496 65
474 43
34 37
485 58
484 55
7 62
36 33
44 25
462 31
55 14
67 2
50 19
18 51
449 20
455 24
485 54
448 17
483 52
58 11
70 1
8 61
40 29
33 36
477 46
467 36
456 25
23 48
52 17
479 48
511 80
443 12
52 21
490 59
42 27
472 41
43 26
480 49
459 28
23 46
433 2
461 30
498 67
435 4
476 45
12 57
447 22
49 20
62 7
61 8
448 19
492 61
503 72
504 73
4 65
471 40
466 35
56 15
445 22
436 5
66 3
447 16
452 21
500 69
488 59
53 16
37 32
27 42
489 58
5 64
1 68
458 27
14 55
503 74
31 42
57 12
60 9
22 47
442 11
474 45
508 77
494 63
48 21
16 55
440 9
446 23
441 10
28 41
35 34
6 63
475 44
501 70
439 8
2 67
448 21
24 45
63 6
470 39
446 15
495 64
434 3
56 13
53 18
46 23
45 24
454 23
465 34
486 57
38 31
499 68
59 10
444 13
491 60
54 18
454 24
25 45
476 46
70 0
477 47
467 37
489 59
60 10
490 60
54 16
61 9
68 2
14 56
12 58
432 2
484 54
9 61
500 70
50 20
453 23
492 62
55 15
47 23
42 28
65 5
44 26
71 1
28 42
440 10
480 50
18 52
465 35
13 57
475 45
483 53
63 7
15 55
474 44
43 27
452 22
435 5
3 67
446 18
41 29
57 13
34 36
23 47
5 65
485 57
437 7
455 25
510 80
439 9
431 1
461 31
478 48
42 30
444 14
501 71
37 33
441 11
493 63
51 21
53 17
40 30
6 64
16 54
502 72
460 30
30 42
64 6
434 4
38 34
458 28
46 24
470 40
507 77
35 35
448 22
433 3
474 46
7 63
48 22
497 67
38 32
446 16
499 69
447 17
463 33
496 66
17 53
511 81
19 51
443 13
36 34
438 8
482 52
442 12
446 22
1 69
59 11
20 52
66 4
503 73
27 43
62 8
508 78
447 21
447 19
473 43
472 42
2 68
494 64
464 34
484 58
448 20
457 27
19 52
484 57
3 68
12 59
439 10
452 23
10 61
506 77
447 20
60 11
429 2
471 42
41 30
443 14
445 16
440 11
436 7
479 50
36 35
4 67
470 41
509 80
459 30
58 13
473 44
67 4
482 53
27 44
491 62
476 47
492 63
511 82
24 47
42 29
65 6
15 56
481 52
38 33
30 43
456 27
499 70
20 51
437 8
68 3
497 68
43 28
18 53
454 25
431 2
435 6
5 66
444 15
501 72
66 5
55 16
62 9
434 5
7 64
49 22
44 27
54 17
472 43
1 70
502 73
59 12
498 69
458 29
446 17
6 65
441 12
430 1
59 14
9 62
489 60
37 34
14 57
17 54
475 46
63 8
8 63
480 51
2 69
35 36
510 81
466 37
453 24
61 10
26 45
64 7
446 19
494 65
28 43
483 54
71 0
507 78
477 48
48 23
13 58
463 34
460 31
446 21
438 9
493 64
0 71
50 21
478 49
472 45
433 4
449 22
465 36
496 67
461 32
490 61
455 26
46 25
461 33
7 65
429 3
472 44
445 17
456 28
453 25
18 54
43 29
49 23
445 19
27 45
430 2
46 26
435 7
452 24
19 53
458 30
10 62
457 29
72 0
482 54
36 36
460 32
8 64
39 33
446 20
477 49
444 16
481 53
439 11
491 63
476 48
25 47
40 32
1 71
442 14
489 61
501 73
67 5
2 70
3 69
58 14
60 14
475 47
50 22
470 42
433 5
434 6
506 78
497 69
64 8
61 11
464 36
494 66
65 7
436 8
5 67
13 59
495 67
4 68
499 71
480 52
21 51
438 10
478 50
466 38
63 9
496 68
462 34
469 41
507 79
479 51
490 62
441 13
55 17
509 81
449 23
59 15
500 72
471 45
47 25
29 43
37 35
443 15
428 0
15 57
14 58
44 28
41 31
455 27
483 57
471 43
510 82
431 3
69 3
440 12
459 31
429 1
0 72
498 70
62 10
11 61
508 80
59 13
492 64
477 50
452 25
509 82
483 56
51 24
23 50
434 7
475 48
65 8
11 62
501 74
464 37
505 78
439 12
63 10
451 24
427 0
457 30
499 72
441 14
16 57
2 71
437 10
508 81
498 71
502 75
481 54
60 13
50 23
430 3
444 19
66 7
495 68
465 38
478 51
13 60
62 11
470 43
52 25
22 51
482 57
68 5
459 32
25 48
37 36
438 11
18 55
56 17
26 47
454 27
503 76
6 67
466 39
44 29
480 53
69 4
432 5
435 8
428 3
61 14
507 80
479 52
506 79
36 37
468 41
40 33
17 56
41 32
428 1
489 62
45 28
504 77
433 6
455 28
491 64
7 66
469 42
73 2
443 16
59 16
15 58
4 69
49 24
58 15
445 20
19 54
27 46
12 61
450 23
9 64
431 6
24 49
35 38
458 31
440 13
457 32
471 44
461 34
488 61
1 72
73 0
493 66
8 65
490 63
27 48
47 26
476 49
46 27
64 15
497 72
431 4
67 6
494 67
453 26
0 73
510 83
57 16
496 69
29 44
10 63
444 17
480 54
27 47
45 31
495 69
47 27
467 41
441 15
36 38
456 30
62 14
6 68
499 73
502 76
459 33
40 34
451 25
64 16
62 12
68 6
464 38
460 34
505 79
503 77
454 28
72 2
468 42
461 35
19 55
508 82
482 56
61 13
450 24
1 75
1 73
509 83
7 67
442 16
13 61
64 10
63 15
444 20
69 5
56 18
501 75
469 43
443 19
23 51
63 11
427 3
492 66
498 72
440 14
430 4
457 31
481 55
452 28
37 37
431 7
490 64
443 17
11 63
477 51
444 18
470 44
24 50
21 53
12 62
475 49
438 12
41 33
432 6
463 37
474 48
491 65
73 3
25 49
44 30
39 35
489 63
51 25
453 27
3 71
71 3
435 9
491 69
15 59
46 28
22 52
50 24
49 25
35 39
67 7
455 29
9 65
465 39
5 69
8 66
20 54
510 84
506 80
493 67
70 4
497 71
427 1
51 23
58 16
426 0
431 5
73 1
55 19
45 29
17 57
4 70
458 32
66 8
57 17
488 62
74 0
504 78
65 9
0 74
28 48
479 53
29 45
492 68
26 48
433 7
18 56
52 24
437 11
68 7
53 24
480 55
66 9
498 73
433 8
72 3
46 31
35 40
26 49
74 1
508 83
506 81
57 18
491 66
3 72
430 5
67 10
55 20
13 62
455 30
45 32
492 69
443 20
489 64
452 27
17 58
507 82
479 54
491 68
458 33
461 36
5 70
459 34
473 48
456 31
40 35
28 47
49 26
22 53
25 50
453 28
454 29
58 17
29 46
463 38
12 63
4 71
10 65
509 84
442 17
510 85
477 52
14 61
432 7
19 56
8 67
468 43
71 4
73 4
63 12
37 38
38 37
44 31
56 19
483 60
434 9
1 74
438 13
2 75
6 69
503 78
70 5
481 56
47 28
11 64
425 0
496 71
440 15
437 12
469 44
21 54
38 39
464 39
501 76
488 63
504 79
52 23
75 0
50 25
45 30
15 60
7 68
18 57
472 47
427 2
426 1
9 66
476 51
23 52
467 42
436 11
2 73
42 33
36 39
48 27
493 68
495 70
63 16
442 19
466 41
65 10
443 18
494 69
69 6
441 16
490 65
460 35
450 25
31 44
62 13
63 14
511 86
474 49
39 36
435 10
20 55
502 77
30 45
29 47
434 10
18 58
495 71
442 18
480 56
65 11
436 12
15 61
442 20
503 79
483 61
463 39
40 36
426 2
461 37
37 39
31 45
63 13
25 51
75 1
493 69
483 59
509 85
469 45
500 76
488 64
443 21
10 66
458 34
511 87
449 25
35 41
425 1
73 5
14 62
7 69
424 0
440 16
72 4
2 74
502 78
432 8
499 75
450 26
437 13
505 81
49 27
4 72
12 64
50 26
57 19
466 42
47 29
26 50
472 48
8 68
3 73
490 66
475 51
451 27
56 20
441 19
433 9
477 53
46 30
71 5
453 29
470 46
34 42
53 23
468 44
67 9
13 63
43 33
6 70
492 70
23 53
471 47
64 12
454 30
32 44
494 70
476 52
491 67
501 77
58 18
11 65
70 6
76 0
459 35
507 83
498 74
455 31
16 60
21 55
439 15
39 37
38 38
68 8
429 5
55 21
54 22
474 50
19 57
478 54
66 10
62 16
508 84
489 65
479 55
438 14
44 32
510 86
462 38
36 40
482 60
487 63
5 72
9 68
30 47
66 11
442 21
76 1
460 37
495 72
466 43
13 64
75 2
15 64
434 11
10 67
14 63
37 40
501 78
440 19
428 5
77 0
485 64
49 28
482 61
503 80
494 71
463 40
433 10
457 34
488 65
436 13
54 23
480 57
500 77
458 35
7 70
50 27
424 1
473 50
33 44
489 66
32 45
443 22
441 20
23 54
490 67
504 81
499 76
459 36
17 60
26 51
472 49
441 18
468 45
453 30
462 39
432 9
481 58
438 15
482 59
450 27
474 51
45 34
469 48
476 53
449 26
48 29
55 22
34 43
507 84
469 46
425 2
471 48
44 33
4 73
64 13
461 38
71 6
15 62
35 42
21 58
507 90
31 46
19 58
70 9
16 61
455 32
8 69
470 47
493 70
61 16
6 71
502 79
458 37
439 16
40 37
47 30
41 36
465 42
68 9
39 38
498 75
70 7
65 12
56 21
511 88
487 64
496 73
508 85
435 12
3 74
440 17
505 82
478 55
72 5
509 86
21 56
12 65
58 19
27 50
510 87
497 74
25 52
467 44
57 20
24 54
427 5
510 88
11 67
17 61
12 68
457 35
475 53
60 18
4 74
27 51
498 76
496 74
471 49
15 63
454 32
14 64
474 52
70 8
69 9
50 28
503 81
8 70
22 58
486 64
437 15
72 6
65 13
464 42
426 4
458 36
447 25
487 65
509 89
78 0
501 79
49 29
5 73
463 41
45 35
477 55
36 42
35 43
19 59
470 48
458 38
511 89
7 71
59 19
431 9
481 61
57 21
480 58
472 50
485 63
9 69
500 78
66 12
489 67
18 60
438 16
55 23
465 43
466 44
439 17
30 48
424 4
494 72
76 2
460 38
44 34
21 57
462 40
441 23
32 46
434 12
40 38
504 82
424 2
461 39
509 87
10 68
433 13
51 27
455 33
435 13
448 26
6 72
441 21
442 22
507 85
452 30
41 37
497 75
451 29
13 65
71 7
507 91
443 23
425 3
450 28
16 62
48 30
481 59
56 26
508 90
495 73
499 77
432 10
26 52
473 51
12 66
55 25
34 44
440 18
23 55
493 71
61 17
502 80
43 35
37 41
33 45
469 47
71 9
468 46
467 45
70 10
434 13
431 10
440 23
51 28
424 5
439 18
511 90
46 35
78 1
56 25
507 86
441 22
48 31
474 53
24 55
10 69
467 46
37 42
509 90
493 72
41 38
16 63
22 57
451 30
4 75
453 32
437 16
436 15
57 22
471 50
70 11
494 73
464 43
17 62
66 13
440 21
501 80
39 40
58 21
503 82
508 91
435 14
61 18
67 12
59 20
12 67
508 87
433 14
425 4
465 44
441 24
25 54
11 68
452 31
8 71
18 61
6 73
23 56
429 8
424 3
455 34
475 54
508 89
432 11
49 30
510 89
43 36
505 84
34 45
476 55
462 41
472 51
56 23
498 77
450 29
423 2
76 3
457 36
25 60
71 10
486 65
77 2
9 70
497 76
26 53
36 43
468 47
7 72
26 55
459 38
38 41
23 58
14 65
40 39
31 48
5 74
463 42
506 85
44 35
65 14
55 24
487 66
69 10
484 63
438 19
470 49
55 26
454 35
20 59
448 27
50 29
27 52
447 26
454 33
75 4
446 25
488 67
destination
