map
random512-30-9.map
pivot
455 65
agent & start
273 465
165 373
244 438
245 441
201 411
8 154
85 285
32 208
163 373
141 349
0 54
125 331
80 280
107 311
250 448
203 413
175 383
145 353
9 15
18 2
40 224
98 298
280 470
116 322
272 464
324 492
293 475
57 249
130 334
28 196
248 446
248 444
161 371
265 461
102 304
108 314
84 284
9 155
303 479
58 252
106 312
71 269
352 510
223 419
109 315
194 402
35 211
348 506
202 412
164 372
105 307
351 509
81 271
282 472
166 376
276 466
219 425
13 159
261 459
259 457
266 462
17 1
10 14
269 463
41 217
189 399
227 429
8 148
198 400
143 351
1 57
221 423
137 345
7 153
131 333
52 236
178 388
115 321
42 228
1 51
51 237
93 293
263 461
135 343
277 467
29 197
223 417
197 407
90 290
80 272
26 174
300 476
17 3
138 346
161 369
14 6
200 410
60 254
33 209
335 495
195 401
231 433
63 259
239 439
270 460
11 19
81 277
8 16
208 418
14 8
274 466
206 416
28 200
186 396
46 234
140 348
15 27
190 398
94 294
16 4
193 403
20 166
238 438
27 173
301 477
309 483
204 414
10 158
243 439
248 434
99 299
247 435
168 378
353 509
224 416
9 35
39 215
133 339
304 480
72 268
11 159
237 437
341 499
39 219
64 260
271 461
296 472
253 451
83 273
270 462
136 344
332 494
228 430
281 471
61 255
12 20
7 151
343 501
59 253
333 495
217 423
132 334
23 173
302 478
157 367
198 406
222 420
81 281
40 226
40 218
196 402
104 306
177 387
349 507
37 213
103 303
218 424
224 418
242 440
42 222
19 169
278 468
28 198
314 488
247 445
19 167
226 428
267 463
179 389
181 391
89 289
97 297
132 336
36 210
162 372
136 342
202 410
226 424
24 174
68 266
destination
