map
random512-30-3.map
pivot
244 197
agent & start
494 441
42 485
480 451
465 474
486 447
450 489
39 478
506 427
493 440
508 423
68 505
464 475
52 493
497 438
70 507
27 470
461 476
466 473
503 430
12 455
511 422
56 497
481 452
10 453
71 506
47 488
462 477
446 491
479 454
461 478
476 457
46 487
39 482
508 425
469 470
448 491
49 490
475 464
10 451
48 489
73 506
11 430
12 429
510 423
426 511
451 488
492 441
473 466
11 454
427 510
434 503
501 434
485 448
435 502
13 456
77 510
487 446
75 508
449 490
452 487
23 466
36 475
478 459
19 460
458 481
502 433
477 456
53 494
507 426
498 437
496 439
474 465
478 455
38 479
433 504
468 471
491 440
470 467
504 431
76 509
432 505
34 473
477 462
467 472
24 467
505 428
37 480
477 458
469 468
14 457
434 501
469 466
486 445
21 464
43 486
20 463
428 509
503 432
476 463
448 490
destination
