map
random512-30-6.map
pivot
286 216
agent & start
1 504
8 510
2 504
9 511
1 503
2 503
1 502
3 504
10 511
9 510
8 509
10 509
11 509
10 510
3 503
1 501
4 504
2 502
9 509
11 511
9 508
2 501
12 509
11 510
1 500
12 511
4 503
13 509
12 510
3 501
2 500
5 503
4 502
9 507
13 511
1 499
2 499
14 509
5 502
13 510
6 503
3 500
10 507
1 498
5 501
4 500
14 510
7 503
2 498
11 507
15 511
3 499
6 502
12 505
5 500
4 499
7 502
6 501
11 506
3 498
16 511
15 510
16 510
6 500
13 505
4 498
12 506
7 501
5 498
14 505
8 501
17 510
13 506
16 509
7 500
0 490
17 509
5 497
0 488
8 500
16 508
9 501
14 506
18 509
19 510
9 500
5 496
15 506
10 501
1 488
20 511
1 490
0 489
17 508
11 501
6 496
2 490
1 489
1 487
9 499
destination
