map
random512-30-6.map
pivot
286 216
agent & start
1 504
1 503
2 504
9 511
8 510
3 504
1 502
10 511
9 510
10 509
2 503
8 509
11 509
2 502
3 503
1 501
10 510
11 511
9 509
4 504
12 509
11 510
4 503
12 511
9 508
1 500
2 501
9 507
13 511
3 501
1 499
13 509
2 500
5 503
12 510
4 502
3 500
5 502
14 509
6 503
2 499
13 510
1 498
10 507
7 503
14 510
2 498
15 511
5 501
3 499
11 507
4 500
6 502
6 501
4 499
11 506
7 502
5 500
15 510
3 498
16 511
12 505
12 506
6 500
4 498
16 510
13 505
7 501
16 509
7 500
17 510
14 505
13 506
8 501
5 498
0 490
0 488
16 508
14 506
9 501
17 509
5 497
8 500
1 488
17 508
15 506
1 490
9 500
20 511
19 510
5 496
18 509
0 489
10 501
9 499
17 507
10 500
20 510
2 490
1 489
21 511
0 486
11 501
16 506
19 509
6 496
1 487
19 508
14 503
16 505
17 506
11 500
12 501
10 499
2 489
7 496
21 510
0 485
1 486
15 504
18 507
2 486
12 500
13 501
1 485
16 504
3 489
21 509
19 507
22 510
14 502
20 508
11 499
7 495
17 505
15 503
10 498
19 504
18 505
7 494
13 500
20 507
3 484
19 506
15 502
21 508
10 497
11 498
9 496
22 509
3 488
8 495
17 504
2 485
44 511
14 501
16 502
3 483
21 507
19 503
3 487
43 511
12 498
5 491
23 509
19 505
4 488
15 501
14 500
9 495
14 496
13 497
7 493
1 483
10 496
17 503
0 482
44 510
2 484
13 499
37 511
22 507
1 482
36 511
19 502
0 481
2 483
13 498
15 500
38 511
34 511
5 490
20 505
11 496
4 487
43 510
7 492
14 495
6 491
13 496
18 503
10 495
8 493
14 499
5 488
23 508
16 501
42 511
21 506
6 488
0 480
11 495
2 482
43 507
9 493
7 491
42 510
39 511
35 511
8 492
14 498
10 494
17 501
13 495
21 505
15 499
41 511
17 499
16 500
34 510
18 502
24 508
23 507
19 497
18 498
6 490
5 489
5 487
40 511
42 509
42 507
11 494
21 504
19 498
17 500
18 501
13 494
2 481
43 508
8 491
24 507
12 495
17 498
27 508
6 487
7 490
35 510
18 497
0 479
6 489
10 493
18 499
34 509
15 498
22 505
1 480
19 499
26 508
34 508
2 480
17 497
42 508
15 497
40 510
1 479
18 496
3 481
16 498
8 490
11 493
9 491
25 507
12 494
24 506
27 507
23 505
0 478
7 489
35 509
22 504
18 500
6 486
35 508
41 508
25 506
23 504
19 500
21 502
17 496
20 501
40 509
24 505
7 486
26 507
8 489
12 493
34 507
2 479
22 503
0 477
4 481
36 505
36 509
35 506
9 490
33 508
16 497
3 480
1 478
9 485
36 506
35 507
39 509
3 479
40 508
4 480
20 500
2 478
33 507
0 476
36 508
6 482
5 481
12 492
9 489
8 486
24 504
21 501
32 508
16 496
22 502
36 504
26 506
16 495
9 488
12 491
8 481
10 485
35 504
25 504
1 476
39 508
37 508
6 481
32 507
0 475
24 503
4 479
36 507
7 482
15 494
9 486
21 500
22 501
3 478
26 505
33 506
10 488
10 486
3 477
8 480
11 489
2 476
22 500
7 481
12 490
16 494
38 508
5 479
14 490
32 506
15 493
1 475
26 504
21 499
37 507
4 478
34 504
25 503
6 480
12 489
26 503
3 476
16 493
32 505
11 488
10 487
22 499
23 500
24 501
33 504
2 475
7 480
4 477
38 507
21 498
13 490
15 490
14 491
0 467
23 498
5 478
0 473
8 479
25 502
31 506
16 490
5 477
4 476
11 487
7 479
25 501
21 497
0 472
31 505
33 503
12 488
23 497
3 475
23 499
24 500
27 503
0 466
20 496
1 467
22 498
38 506
0 468
1 473
28 504
16 492
6 478
32 504
13 489
15 491
17 493
1 466
16 491
21 496
31 504
3 474
4 475
39 506
22 497
16 489
18 493
28 503
0 469
5 476
12 487
1 472
0 465
38 505
20 495
1 468
2 473
26 501
7 478
6 477
27 502
32 503
30 505
25 500
13 488
29 504
24 499
39 505
1 469
2 472
29 503
20 494
21 495
6 476
16 488
17 491
0 462
17 489
4 474
7 477
0 464
32 502
22 496
25 499
3 473
2 466
23 495
27 501
30 504
14 488
12 486
13 487
19 493
1 465
21 494
20 493
18 489
1 462
23 494
38 503
39 504
1 470
0 463
8 477
8 475
25 498
2 471
30 503
27 500
3 472
12 485
26 499
22 495
18 491
1 464
4 473
7 476
14 487
39 502
31 502
24 495
6 475
29 502
19 492
24 493
16 487
13 486
2 465
24 496
39 503
13 485
16 486
38 502
30 502
15 487
31 501
18 490
6 474
5 473
25 497
2 470
21 493
27 499
26 498
19 489
35 501
1 463
24 494
14 486
3 471
33 501
23 493
8 476
10 474
36 500
7 475
2 464
32 500
17 485
22 494
20 492
2 463
28 499
6 473
19 490
27 486
22 493
17 486
18 485
9 476
3 470
25 496
30 501
10 475
40 503
15 486
20 489
35 500
34 501
23 492
25 494
18 487
10 473
29 500
31 500
38 501
9 474
14 485
32 499
19 488
33 500
41 502
26 497
7 474
20 491
21 492
27 498
37 500
20 490
29 499
15 485
42 502
9 473
11 481
41 503
27 485
30 500
26 494
27 497
11 475
12 482
22 492
4 468
7 473
35 499
3 463
10 476
38 500
14 484
34 500
19 487
31 499
4 470
26 496
18 486
26 486
11 480
42 503
9 472
39 498
12 481
11 476
39 500
27 484
34 499
25 486
26 485
21 490
20 487
45 506
19 486
7 472
31 498
27 496
28 497
13 482
4 467
29 498
43 504
4 469
12 475
35 498
15 484
8 473
22 491
40 497
30 499
3 462
14 469
5 470
22 487
27 494
45 505
44 504
35 497
22 490
15 469
4 462
27 495
25 485
15 483
16 484
6 470
23 487
39 497
12 476
4 466
20 486
14 470
28 496
34 498
12 480
11 477
24 486
43 503
5 467
14 482
30 498
8 472
7 471
38 498
5 469
29 497
40 500
40 498
22 488
27 483
25 487
26 484
46 506
7 470
30 497
24 487
8 471
25 484
46 505
48 507
5 466
5 462
28 495
14 481
34 497
26 483
23 488
40 499
37 498
44 503
24 485
13 480
12 477
6 469
23 490
13 470
12 479
21 486
38 497
29 496
13 476
16 469
4 465
33 498
16 483
27 482
52 507
45 504
22 489
13 472
6 467
46 504
6 466
45 503
47 505
23 489
30 496
12 478
16 470
8 470
17 483
49 507
7 467
24 488
14 476
13 479
37 497
26 482
4 464
29 495
23 485
7 469
41 499
5 463
21 485
35 495
46 502
12 472
13 471
51 507
33 497
24 490
34 496
52 506
48 506
6 468
14 480
20 484
24 484
15 471
33 496
13 478
26 479
21 484
18 483
34 495
46 501
48 505
24 489
9 470
29 494
46 503
49 500
14 479
37 496
23 484
6 463
8 469
35 494
14 477
19 484
12 471
45 502
31 496
11 472
17 482
47 504
24 483
7 468
42 499
5 464
47 502
22 485
30 495
51 506
15 472
25 482
49 506
16 471
7 466
47 503
22 484
50 506
14 478
33 495
30 494
48 500
17 481
49 501
51 505
9 467
19 481
19 483
8 466
48 504
44 500
42 496
35 493
24 482
49 499
16 472
6 464
7 465
9 469
50 500
25 481
43 499
49 505
23 483
46 500
31 495
45 501
29 493
42 498
8 468
25 479
11 471
26 478
25 489
48 502
37 495
25 480
9 464
45 500
50 505
50 501
49 504
19 482
36 493
44 499
9 468
9 466
37 494
43 498
11 470
25 478
28 491
26 477
33 494
32 495
48 499
38 495
7 464
47 500
15 474
48 503
27 490
17 480
22 483
19 480
49 498
15 478
16 473
26 489
10 469
46 499
18 481
42 497
10 463
30 493
31 494
24 481
43 496
47 499
45 499
11 469
17 473
24 480
38 494
46 498
23 481
33 493
18 480
22 482
48 498
28 490
10 468
16 478
27 489
49 503
10 466
9 463
25 477
16 474
12 464
8 464
50 504
30 492
44 498
43 497
29 491
32 494
11 463
37 493
15 475
50 502
20 482
41 493
12 463
45 498
44 497
42 493
47 498
9 460
22 481
30 491
28 489
13 464
16 475
17 474
12 459
39 494
24 477
8 463
10 461
21 482
11 466
23 480
48 497
16 477
9 462
41 494
12 469
40 493
50 503
11 468
18 479
37 492
32 493
17 478
48 496
32 492
9 461
13 459
12 468
39 493
12 462
17 477
8 462
10 460
18 478
30 490
13 463
21 481
23 479
12 460
42 494
31 491
51 503
17 475
47 497
29 489
38 492
11 467
11 461
45 497
23 477
19 478
13 468
36 491
18 477
31 490
30 489
6 461
22 479
23 478
43 494
45 496
29 488
3 460
12 467
39 492
20 479
17 476
52 503
14 459
47 496
21 480
8 461
12 461
10 459
13 462
5 460
38 491
32 491
10 458
16 458
47 495
15 459
32 490
36 490
14 462
13 467
18 476
21 479
44 494
7 461
31 489
3 459
4 460
45 495
53 503
14 460
35 491
22 478
33 491
6 460
39 491
13 461
20 478
37 489
29 487
57 511
7 460
39 490
37 488
14 467
9 458
6 459
36 489
3 458
43 488
45 494
16 459
30 487
35 490
15 460
2 457
21 478
17 458
32 489
57 510
14 461
46 495
33 490
43 492
53 502
47 494
15 462
44 493
19 476
58 511
4 459
54 503
31 488
8 459
36 488
16 460
511 511
57 509
61 481
7 459
34 490
15 463
29 485
53 501
32 488
35 489
40 490
20 476
41 489
29 479
30 486
42 488
44 492
15 467
4 458
46 494
44 488
55 503
33 489
21 477
9 457
6 458
58 510
2 456
15 461
17 459
8 458
3 457
19 475
43 491
37 487
32 487
41 488
511 510
8 457
17 460
53 500
510 511
29 480
15 466
61 482
37 484
35 474
58 489
38 487
33 488
59 480
29 478
58 509
31 486
40 489
46 493
56 503
44 489
5 458
55 500
43 490
37 486
45 492
16 461
60 481
39 488
7 458
21 476
30 485
16 463
34 489
35 488
3 456
29 484
9 456
59 510
20 475
44 491
4 457
59 481
58 488
53 499
8 456
18 460
510 510
35 487
16 466
39 487
22 476
59 509
55 499
37 485
46 492
57 489
19 459
35 475
17 463
38 486
17 461
33 487
10 454
9 455
60 510
38 484
30 480
59 487
30 484
30 478
7 457
34 474
5 457
34 488
45 491
32 486
29 477
23 475
511 509
57 503
21 475
4 456
44 490
509 511
60 482
40 488
54 500
61 483
58 480
31 484
30 477
59 508
17 462
41 486
50 493
19 460
33 474
40 487
60 509
58 487
18 461
54 491
18 467
58 481
57 504
10 453
32 475
8 455
7 456
33 486
55 498
30 483
509 510
46 491
55 490
45 490
30 481
510 509
34 475
34 487
17 466
57 488
58 503
60 483
59 486
38 485
9 454
35 486
5 456
54 499
20 459
22 475
23 474
61 510
40 486
19 467
54 492
9 451
32 484
58 504
5 455
59 503
58 486
60 508
59 497
54 498
34 476
19 461
20 460
33 475
18 462
50 492
55 489
22 474
46 490
31 477
59 507
58 502
23 473
59 485
58 482
51 493
21 473
49 493
59 483
42 486
6 456
9 453
54 490
8 454
62 510
32 476
39 485
58 498
34 486
52 492
57 487
509 509
31 483
510 508
18 466
30 482
7 455
53 491
33 485
56 487
22 461
58 505
42 485
33 484
508 509
19 466
20 461
31 482
49 492
34 485
23 472
58 483
54 487
22 473
57 482
8 451
54 489
40 485
46 489
59 498
61 508
7 454
59 502
18 465
58 499
54 497
33 476
19 462
509 508
32 483
50 491
59 484
32 477
58 497
34 477
20 467
52 493
62 509
9 452
60 497
21 472
8 453
59 506
6 455
53 492
58 485
55 488
53 490
20 466
42 484
6 454
55 487
21 461
22 462
19 465
47 489
34 478
32 478
40 484
53 489
8 452
54 496
58 496
52 490
33 477
59 505
60 502
19 463
62 508
508 508
511 505
509 507
53 487
53 493
57 485
22 472
60 498
59 499
53 495
58 484
56 482
32 482
60 504
34 484
18 464
46 488
60 506
50 490
49 491
7 453
5 453
54 488
59 501
21 466
508 507
42 483
55 486
34 483
21 462
53 494
66 511
19 464
49 490
61 498
63 508
509 506
56 483
507 508
20 465
54 495
20 463
7 452
52 489
5 452
56 485
33 478
65 510
57 496
57 484
60 505
62 507
61 504
53 488
511 504
503 504
41 484
59 500
33 482
504 511
60 499
6 453
22 471
32 481
61 502
61 506
510 505
47 488
506 509
61 505
61 499
42 482
51 489
511 503
62 502
22 466
63 503
63 507
503 511
21 465
506 506
67 511
22 470
503 505
65 509
21 469
510 504
55 485
33 479
505 509
506 508
6 452
20 464
41 483
32 480
33 481
509 505
48 488
35 483
504 510
60 500
507 507
503 503
49 489
57 495
54 494
56 484
62 504
52 488
66 510
21 463
34 482
5 451
70 511
41 482
502 511
22 467
509 504
56 495
6 451
66 509
64 503
55 494
65 502
502 501
51 488
21 468
22 465
21 464
62 499
503 510
504 503
506 505
62 505
506 507
23 470
62 501
49 488
63 502
35 482
67 510
63 506
505 506
511 502
55 484
34 481
503 502
504 505
33 480
61 500
68 511
22 469
505 508
56 494
508 504
22 464
5 449
40 482
509 503
505 503
50 488
502 510
64 506
34 480
54 484
502 500
70 510
7 449
503 509
503 501
62 500
65 501
504 502
69 511
501 511
55 493
22 468
35 481
64 502
67 509
23 469
6 450
504 506
505 507
64 504
507 505
63 505
511 501
64 505
24 467
511 500
504 507
503 498
5 448
508 503
23 464
35 480
50 487
503 508
504 501
7 448
6 449
26 465
70 509
505 502
67 508
503 500
45 486
53 484
66 507
64 501
507 504
39 482
23 468
24 465
65 504
25 466
63 500
56 493
69 510
501 510
40 481
506 503
69 509
67 507
26 466
50 486
52 482
66 504
37 481
503 499
504 500
506 502
65 505
58 494
503 507
44 486
64 500
36 480
500 510
68 508
6 448
57 493
507 503
510 500
25 467
23 463
503 497
53 483
38 482
25 465
66 506
511 499
52 484
502 508
39 481
46 484
27 465
45 485
24 468
5 447
24 464
25 464
6 447
58 493
38 481
504 499
510 499
39 480
501 508
502 507
67 504
45 484
51 484
60 495
61 496
69 508
506 501
67 506
8 447
66 505
37 480
50 485
36 479
52 483
44 485
47 484
508 501
59 494
507 502
504 497
48 485
500 509
499 510
26 467
9 446
51 482
64 499
511 498
24 463
68 507
25 468
62 497
5 446
28 465
505 497
509 499
30 454
47 483
38 480
48 484
64 498
68 504
8 446
511 497
62 496
37 479
51 483
502 506
63 497
27 467
5 445
65 499
60 494
61 495
501 505
28 466
44 484
506 500
26 468
25 463
501 507
9 447
6 446
49 485
499 509
505 499
507 501
58 492
69 507
67 505
500 508
508 500
500 505
3 442
27 456
26 457
29 454
510 497
509 498
10 449
59 492
17 452
60 493
2 441
62 495
44 483
507 500
63 496
49 484
16 453
508 499
28 467
38 479
50 483
64 497
499 508
29 452
29 470
65 498
511 496
501 506
6 445
48 483
69 506
28 469
26 463
37 478
68 505
30 455
9 448
27 468
506 499
505 498
7 446
62 493
500 507
26 458
11 449
61 493
44 482
49 483
29 453
499 507
27 455
66 498
29 469
37 477
16 452
28 456
491 511
10 448
507 499
509 497
63 495
15 453
498 508
29 467
508 498
506 498
62 492
511 495
69 505
6 444
500 506
3 441
2 440
65 497
7 445
4 442
30 470
18 452
28 468
60 492
26 456
38 478
28 454
48 482
26 462
497 509
59 491
67 501
28 452
30 456
510 495
48 481
27 462
27 452
27 458
26 461
497 508
29 464
16 451
61 492
77 494
509 496
27 454
12 449
45 482
78 495
67 502
25 456
59 490
49 482
63 494
67 498
30 469
65 496
490 511
28 453
28 463
15 452
498 507
26 455
69 498
496 509
70 505
68 501
4 441
511 494
492 511
37 476
29 456
28 457
66 497
38 477
5 442
507 498
29 468
60 491
11 448
19 452
76 493
39 478
62 491
7 444
2 439
499 506
508 497
30 457
76 494
8 444
29 463
27 461
79 495
19 451
507 497
14 446
497 507
77 493
77 495
19 453
31 469
496 508
5 441
11 447
489 511
72 496
510 494
76 492
78 494
13 447
47 481
61 491
75 493
15 451
39 477
78 496
510 488
28 462
68 502
6 442
67 497
511 493
4 438
28 458
27 453
13 449
68 498
511 491
70 498
16 450
73 495
509 495
30 464
66 496
493 511
25 455
74 494
20 454
60 490
40 478
71 505
68 500
29 457
37 475
2 438
38 476
46 482
64 494
30 468
49 481
32 470
498 506
14 450
511 490
509 488
5 440
509 494
66 495
13 446
65 494
4 437
29 458
40 477
14 449
31 464
510 489
76 495
510 491
25 454
83 500
71 496
6 441
14 447
19 450
24 455
26 453
70 497
496 507
45 480
2 437
47 480
8 443
12 447
30 463
76 491
78 493
46 481
7 442
73 496
511 492
69 502
32 469
73 504
510 493
29 462
507 496
61 490
75 494
494 509
77 492
60 489
508 495
68 497
38 475
21 454
31 468
83 494
41 478
77 496
74 495
1 436
destination
