map
random512-40-6.map
pivot
193 346
agent & start
36 409
36 408
37 409
36 410
35 408
32 409
30 403
31 408
37 410
34 408
31 403
32 408
30 402
38 410
33 409
31 407
34 407
31 404
30 401
33 408
31 406
39 410
31 405
32 404
30 400
33 407
40 410
29 401
28 401
33 404
29 400
33 406
32 405
27 400
40 409
28 400
27 399
40 408
33 405
29 399
34 405
40 407
28 399
35 405
40 406
28 396
28 398
29 395
29 396
28 397
39 406
36 405
30 395
29 397
39 405
30 396
37 405
54 399
31 396
55 400
38 405
30 397
38 404
54 398
54 400
31 397
55 401
30 398
32 397
55 398
38 403
47 402
54 401
48 401
47 400
31 398
31 399
37 403
46 402
46 400
55 397
32 398
48 400
47 401
53 401
52 401
36 403
49 400
45 400
56 397
32 399
55 396
46 401
33 398
45 401
50 400
35 403
33 399
32 400
57 397
56 396
46 396
369 477
34 402
52 400
57 396
44 401
44 395
46 397
51 400
46 395
368 477
33 400
43 394
34 401
56 395
50 399
35 402
369 478
50 398
57 393
370 480
49 397
368 478
57 395
51 399
34 400
45 395
367 479
44 394
44 396
47 397
43 395
43 401
35 401
44 393
52 397
35 400
36 401
48 397
43 396
370 481
50 397
51 398
43 400
369 480
367 478
45 394
58 393
44 397
57 394
368 479
369 481
52 396
371 481
42 396
37 401
43 399
371 483
51 397
36 400
43 397
45 393
368 480
42 400
370 482
366 478
367 481
58 394
48 396
42 399
365 478
51 396
37 400
368 481
50 395
42 397
46 393
375 484
371 482
370 483
48 395
367 482
59 394
38 401
371 484
38 400
51 395
372 482
60 394
374 484
41 399
369 483
50 394
37 399
49 395
47 393
41 397
368 482
365 479
373 483
370 484
375 483
38 399
368 483
61 394
41 398
374 483
51 394
369 484
62 395
373 482
48 393
365 480
40 399
49 394
62 396
39 399
61 395
52 384
38 398
49 393
53 385
369 485
51 393
374 482
40 398
365 481
48 392
368 484
52 385
53 386
374 481
51 392
38 397
61 396
51 384
363 484
49 392
39 398
368 485
365 482
53 387
52 386
38 396
375 481
59 397
60 396
51 385
50 392
363 485
39 397
51 391
367 485
364 484
365 483
376 481
60 397
52 387
39 396
365 484
35 390
50 391
367 486
52 389
51 386
59 398
53 388
364 485
51 390
36 390
35 391
376 480
37 389
61 399
377 479
52 388
39 395
365 485
50 390
51 389
51 387
60 398
366 486
50 386
37 390
377 478
37 392
36 391
365 486
366 487
60 399
50 387
49 386
38 389
376 479
51 388
39 394
61 400
50 389
49 387
365 487
48 390
376 478
50 388
60 400
37 391
40 394
38 392
38 390
375 479
49 389
365 488
39 390
41 394
47 390
49 388
48 389
375 478
38 391
60 401
39 392
372 479
373 479
60 402
40 392
374 478
39 391
372 478
41 393
57 403
48 388
40 390
364 488
365 489
47 389
41 392
59 402
42 393
41 390
372 477
58 403
57 404
364 489
40 391
373 478
47 388
374 477
46 387
368 493
365 490
365 493
372 476
42 392
367 493
59 403
57 405
364 490
365 491
366 492
368 492
47 387
41 391
46 386
373 477
58 404
365 492
364 491
42 391
58 405
366 491
43 392
373 476
364 493
47 386
59 404
45 390
367 492
45 389
364 492
47 385
363 491
372 498
363 493
367 491
373 475
59 405
43 391
60 404
44 390
58 406
367 490
362 493
373 474
64 407
43 390
61 404
373 498
58 407
363 492
372 497
44 389
60 405
47 384
61 405
47 383
58 408
373 497
372 496
43 389
64 408
63 407
44 388
60 406
62 406
372 492
362 492
375 499
368 490
368 488
374 474
361 493
44 387
368 489
60 407
372 495
369 490
371 492
58 409
375 498
61 406
62 407
373 496
375 470
64 409
372 491
373 492
360 493
47 382
368 487
43 388
374 473
361 492
376 499
376 498
60 408
43 387
375 471
376 496
360 492
58 410
372 494
369 487
371 491
361 491
370 490
59 409
64 410
46 382
376 470
47 381
374 472
374 496
373 493
62 408
61 407
375 497
379 499
375 473
369 489
377 499
375 496
377 498
63 410
370 489
371 490
45 382
379 498
59 410
376 495
62 409
42 383
373 494
60 409
61 408
0 359
42 387
39 388
370 487
58 411
375 472
378 499
376 471
360 491
46 381
370 488
1 359
42 384
63 411
41 383
43 383
378 498
359 491
371 489
41 387
2 358
45 381
377 497
61 409
374 494
59 411
0 358
39 387
376 472
375 495
40 388
379 497
60 411
2 357
372 487
375 494
40 387
371 488
1 358
41 386
42 385
377 472
358 491
45 380
63 412
44 381
41 384
359 490
378 497
59 412
43 382
61 410
60 412
1 357
378 472
372 488
373 487
62 412
44 380
43 381
41 385
358 490
61 411
59 413
357 491
375 493
375 491
40 386
2 356
378 496
377 473
43 380
40 385
375 490
376 493
2 355
60 413
61 412
62 413
378 473
375 492
1 356
374 489
33 386
357 490
378 495
373 488
43 378
375 489
1 355
2 354
60 414
378 474
376 492
43 379
33 385
378 494
377 493
356 490
39 385
357 489
42 378
41 381
374 488
0 354
34 386
61 413
377 492
42 379
41 378
378 493
356 489
355 490
379 474
61 414
39 384
376 489
354 489
375 488
40 381
378 475
62 415
41 380
0 353
1 354
34 385
41 379
34 384
62 416
40 380
355 489
38 384
61 415
1 353
0 352
40 382
378 492
377 489
39 383
35 385
354 488
379 475
375 487
38 383
34 383
379 488
61 416
355 488
380 475
39 382
375 486
354 475
40 379
377 488
379 492
36 385
376 487
1 352
37 383
380 476
1 351
36 384
376 486
355 487
379 491
34 382
2 352
61 417
354 476
38 382
35 383
379 487
378 488
379 489
380 488
39 379
353 475
60 417
378 487
33 380
377 486
36 383
380 477
34 381
354 477
353 476
2 351
352 475
381 488
379 490
355 486
37 382
38 379
380 489
33 379
355 485
353 477
380 478
330 452
380 490
2 350
384 492
36 382
34 380
351 475
59 417
378 486
381 489
38 380
331 453
346 474
347 473
382 492
352 476
3 351
59 416
385 492
2 349
382 489
382 491
383 492
332 471
353 478
381 478
332 453
4 351
378 485
329 452
396 479
34 379
37 380
352 477
3 350
380 479
347 474
330 453
346 473
397 478
354 485
326 451
381 490
351 476
353 486
36 381
35 380
327 451
382 490
345 473
385 491
348 474
4 350
379 485
381 479
331 471
330 470
353 485
397 479
396 480
352 478
380 480
325 451
334 454
333 471
36 380
333 453
330 454
2 348
35 379
352 486
383 491
397 477
332 470
329 453
328 452
58 416
351 477
385 490
352 485
350 477
386 489
348 475
36 379
379 482
3 348
327 452
379 484
380 485
332 469
398 477
17 322
334 471
329 454
333 454
331 470
4 349
397 476
334 455
351 478
330 471
345 472
397 480
352 479
57 416
381 480
325 452
328 453
383 490
349 476
332 468
381 481
333 469
397 481
348 476
17 323
325 453
329 471
344 472
397 475
4 348
331 469
349 477
351 485
350 478
386 488
385 489
328 454
3 347
380 486
379 483
335 471
36 378
56 416
327 453
18 322
333 455
380 482
398 476
351 479
384 490
4 347
333 468
381 482
328 471
384 489
398 475
339 470
350 479
331 468
20 323
326 453
334 469
333 456
381 486
383 488
17 324
349 478
19 322
327 454
5 348
348 477
380 483
335 470
397 482
396 473
332 465
344 471
56 417
36 377
399 476
18 323
350 485
385 488
343 472
351 484
382 486
4 346
348 478
328 470
349 485
21 323
331 467
340 470
332 456
56 418
35 377
396 482
343 471
385 487
6 348
5 347
326 454
382 482
335 469
18 324
332 466
399 475
4 344
19 323
350 480
334 468
20 322
332 464
383 487
17 325
384 488
20 324
55 417
350 484
36 376
54 416
395 473
339 469
381 483
6 340
396 472
333 467
46 420
10 339
8 339
335 468
349 484
399 474
45 420
44 421
331 466
46 419
331 462
19 324
382 483
6 341
6 347
342 471
55 418
349 480
330 467
7 340
56 419
332 463
339 468
18 325
24 321
21 322
350 483
328 469
332 457
400 475
395 472
340 469
4 345
53 416
35 376
350 481
17 326
384 487
395 482
331 464
343 470
54 417
4 343
334 467
333 466
348 479
382 485
383 486
5 346
397 472
326 455
327 469
24 320
45 421
53 417
350 482
5 345
399 473
383 485
343 469
23 321
332 458
7 341
325 455
330 462
330 466
394 482
400 474
5 343
398 472
10 340
35 375
392 482
328 468
44 422
6 346
342 470
335 467
394 472
349 483
340 468
382 484
336 468
334 466
47 419
54 418
55 419
326 456
384 486
348 480
8 340
9 339
22 322
333 463
19 325
411 457
331 463
341 469
413 457
395 481
18 326
35 374
393 482
54 419
383 484
410 457
393 472
53 418
348 483
343 468
342 469
384 485
400 473
45 422
347 480
34 375
330 463
23 320
398 471
325 456
22 321
6 345
32 375
334 465
336 467
330 465
409 468
341 468
349 482
412 457
18 327
9 340
335 466
7 342
327 468
19 326
333 462
392 483
332 459
55 420
394 481
48 419
341 494
8 341
392 481
23 322
408 457
6 343
329 462
413 458
48 420
332 498
33 375
34 374
22 320
409 467
324 456
7 345
6 344
7 343
339 491
51 419
23 323
45 423
391 483
401 473
9 341
20 326
19 327
341 493
384 484
347 481
46 422
348 482
394 474
412 458
335 465
325 457
24 324
35 373
399 471
391 473
408 468
393 481
327 467
340 494
336 466
343 467
400 472
329 465
342 468
329 463
393 473
408 456
341 467
347 483
340 492
53 419
54 420
333 459
32 374
334 462
409 457
409 456
332 497
400 471
342 467
19 328
33 374
392 473
23 324
334 459
51 420
7 344
325 458
9 342
409 466
24 325
334 461
346 481
393 474
27 326
390 483
405 470
401 472
327 466
324 457
412 459
384 483
48 421
46 423
394 475
341 466
35 372
333 498
345 480
323 456
393 480
22 319
340 493
408 455
329 464
338 491
391 474
408 467
326 467
407 468
17 318
406 469
343 466
52 419
53 420
20 327
339 492
347 482
18 331
33 370
18 329
336 465
52 420
385 483
344 480
392 474
53 421
323 457
26 326
412 460
406 468
400 470
17 317
33 373
20 328
407 467
409 465
49 421
338 492
389 483
47 423
334 460
46 424
401 471
32 370
50 420
23 325
326 466
34 372
325 467
339 493
325 459
9 343
404 470
346 482
345 481
27 327
8 344
333 497
331 497
12 342
342 466
33 371
13 343
336 464
24 326
328 464
20 332
405 469
393 479
19 331
18 330
21 327
393 475
22 318
303 459
303 461
409 455
19 329
18 318
18 317
46 425
385 482
411 460
389 482
50 421
327 464
48 423
24 327
335 460
392 479
326 465
20 331
19 332
21 328
402 471
12 341
324 459
333 496
18 333
302 461
392 475
325 466
401 470
336 463
343 480
410 455
53 422
22 317
303 458
403 470
336 459
25 326
408 465
52 421
33 372
406 467
20 329
13 342
338 493
303 460
19 318
12 343
19 330
342 479
337 492
388 483
345 482
331 496
32 371
323 458
342 465
404 469
393 478
21 332
9 344
10 343
393 476
23 326
26 327
344 481
21 318
338 464
31 371
403 469
19 333
24 328
325 465
333 495
323 459
336 492
336 494
23 327
404 456
47 431
302 460
411 455
53 423
388 482
20 330
336 460
13 341
337 493
326 464
22 328
392 476
19 317
386 482
391 479
342 464
324 460
337 463
48 424
393 477
406 466
411 461
343 481
52 422
342 480
47 425
331 495
304 458
25 327
12 340
341 479
21 331
336 462
301 459
10 344
330 496
18 334
325 461
344 482
9 345
337 459
18 316
50 422
407 465
402 470
21 317
11 343
32 372
410 462
22 338
21 337
336 478
387 483
335 495
339 464
392 477
402 469
387 482
386 481
337 478
343 482
13 340
57 424
21 338
390 479
336 461
405 466
22 329
48 425
391 478
323 460
22 337
337 460
25 328
20 335
54 423
47 430
332 495
11 344
300 459
21 330
19 316
325 464
404 457
48 431
338 463
405 456
334 495
406 457
324 461
28 375
335 494
336 479
407 464
407 458
52 423
337 462
10 345
22 331
325 462
12 339
409 462
23 328
301 460
51 422
329 496
56 423
20 317
341 480
342 481
411 454
340 481
410 461
341 464
304 457
31 372
19 334
305 458
336 493
338 478
22 330
29 375
334 494
338 462
404 466
304 456
339 463
50 424
387 481
324 464
342 484
49 431
402 468
23 329
337 461
408 462
339 479
30 374
340 480
323 461
22 340
411 453
407 459
299 459
14 338
57 425
329 495
325 463
21 335
10 346
406 464
300 460
28 374
391 477
409 461
25 329
396 462
20 316
389 479
335 493
306 458
11 345
341 463
398 464
343 483
341 481
49 425
22 336
55 423
56 424
328 494
20 334
47 429
390 478
51 423
332 494
31 373
405 457
342 486
13 339
20 338
337 479
56 426
406 458
342 482
49 430
338 461
51 424
331 492
407 460
396 463
390 477
342 483
30 373
14 339
20 339
403 466
299 460
50 425
56 425
341 484
22 335
329 494
340 463
332 493
402 467
23 330
341 482
29 374
406 463
399 464
339 462
341 486
22 341
397 464
15 338
328 493
387 480
323 462
20 315
55 426
55 424
401 466
397 462
389 478
48 429
306 457
300 461
408 461
49 426
405 464
406 459
305 456
405 458
339 480
342 485
324 463
21 340
400 465
25 330
337 480
11 346
334 493
21 334
338 479
412 453
19 339
388 478
388 476
341 483
388 464
12 346
400 464
50 426
389 477
49 429
24 330
340 486
299 461
22 342
55 425
22 334
323 463
339 461
402 466
406 462
413 453
331 491
48 428
341 485
340 462
403 465
306 456
405 459
49 427
51 425
406 460
405 463
11 347
338 480
20 340
329 493
387 479
396 464
332 492
20 314
307 455
407 461
330 488
333 493
29 373
398 462
21 341
401 465
15 339
329 488
20 313
339 486
19 340
401 464
390 463
49 428
414 453
340 485
406 461
54 425
340 483
399 462
29 372
322 463
23 332
12 347
340 453
338 481
299 462
309 456
21 342
404 463
23 334
51 426
20 341
395 464
329 492
15 340
24 331
391 462
389 464
387 476
411 448
331 490
391 464
333 492
402 465
394 465
340 461
387 478
405 460
331 488
330 489
388 463
307 456
339 460
388 477
308 455
405 462
329 491
392 464
309 457
386 478
328 488
339 485
391 463
400 462
338 482
332 490
52 426
390 462
414 452
19 341
394 464
412 448
404 462
338 486
13 347
402 464
341 453
411 449
308 456
53 425
339 459
405 461
413 449
387 477
340 460
403 463
333 491
24 332
388 462
28 372
20 342
340 452
299 463
50 428
24 334
321 463
339 483
23 333
393 465
331 489
21 313
29 371
17 341
15 341
389 463
341 452
386 477
388 461
24 333
392 463
51 428
18 341
53 426
308 457
394 463
341 454
344 453
29 370
300 463
22 313
339 484
412 449
309 458
415 432
340 459
414 451
333 490
22 311
413 450
14 347
401 462
337 482
402 463
403 462
25 332
321 462
404 461
389 462
328 489
414 431
16 341
338 485
28 371
20 343
393 464
385 478
329 490
332 489
403 461
415 433
414 432
341 455
16 342
385 477
27 371
308 458
344 454
328 490
387 461
18 342
413 431
28 370
412 450
300 464
52 428
338 484
393 463
304 466
25 333
342 454
320 462
53 427
333 489
305 465
19 343
15 343
23 311
340 458
337 483
342 452
386 460
389 461
16 348
402 462
14 346
413 451
343 453
341 451
22 312
26 332
393 462
402 461
342 455
23 312
15 346
411 430
306 465
319 462
308 459
415 436
15 344
413 432
415 434
387 460
27 370
327 490
304 467
300 465
389 460
343 452
343 454
313 458
17 348
383 448
18 343
414 433
16 343
26 333
333 488
340 457
385 476
386 459
412 451
303 466
342 451
51 430
318 463
53 428
413 440
337 484
16 347
305 466
308 460
313 459
410 430
343 451
15 345
414 438
17 347
24 312
383 475
34 330
29 331
412 440
342 456
393 461
51 431
312 458
413 439
52 432
415 437
52 430
413 433
26 334
317 461
343 455
53 429
29 333
318 462
327 491
386 458
411 431
18 348
303 467
341 457
26 370
390 460
411 451
306 466
384 448
385 475
315 459
317 463
333 487
299 465
316 460
16 346
17 343
387 459
383 449
16 344
336 484
344 450
415 435
402 460
384 456
413 434
52 431
34 331
335 484
33 330
383 474
317 462
28 333
412 433
414 437
316 463
315 460
414 435
342 457
343 456
388 459
53 432
306 467
385 448
410 451
53 430
16 345
326 491
401 460
409 430
333 486
391 460
412 439
386 457
302 467
384 475
17 344
344 451
309 460
392 461
299 466
26 369
345 450
32 329
29 332
413 436
332 487
24 313
18 347
312 459
384 449
387 456
384 455
25 312
411 432
30 331
413 438
26 335
316 461
314 459
385 456
315 464
30 332
383 473
19 347
345 461
387 457
346 450
28 334
301 467
298 468
334 484
412 434
325 491
315 463
33 331
17 345
411 433
412 438
388 458
392 460
27 335
345 451
33 329
36 328
385 449
342 458
385 455
312 460
408 432
311 459
384 474
386 456
411 439
32 328
31 331
299 467
407 433
316 462
25 313
306 468
413 437
315 461
26 368
53 431
332 486
409 451
410 432
413 435
314 464
310 460
343 457
401 459
26 312
314 460
409 431
392 459
322 489
408 451
411 434
409 432
324 491
28 335
32 331
26 313
384 473
33 328
333 484
37 326
18 345
27 344
411 438
32 327
407 434
298 469
311 460
384 453
314 463
332 485
386 455
343 458
409 452
407 430
299 468
315 462
35 328
385 450
346 451
401 458
300 467
412 435
344 457
55 432
20 347
412 437
407 432
389 458
385 454
342 459
26 367
386 449
408 433
388 457
301 468
345 462
31 332
314 461
19 346
307 468
344 461
36 327
400 459
37 324
54 431
27 312
27 313
400 458
26 344
56 432
322 488
26 314
411 435
344 460
408 452
384 452
26 366
311 461
308 468
386 454
37 325
35 327
324 490
385 453
300 468
31 333
346 452
350 452
409 433
407 431
19 345
346 462
385 451
20 346
389 457
332 484
27 345
314 462
36 326
411 437
392 458
386 450
347 451
299 475
406 430
408 434
406 432
29 335
331 485
390 458
323 489
299 469
36 324
384 472
343 459
32 332
33 327
348 452
344 458
55 431
389 456
385 452
26 345
323 488
35 326
411 436
27 346
409 434
309 468
406 431
323 468
27 366
32 333
300 469
391 458
313 462
400 457
30 335
321 486
332 483
324 489
344 459
350 453
34 327
386 453
405 430
27 314
300 475
299 474
36 325
347 452
20 345
386 451
57 432
405 432
388 455
329 486
311 462
402 453
407 452
347 462
322 487
331 484
389 454
28 313
385 472
392 457
349 452
56 431
308 467
331 483
301 475
322 468
410 436
300 470
409 441
21 345
324 488
346 460
386 452
408 442
345 459
57 431
56 428
399 453
347 453
405 431
31 335
402 452
321 485
309 467
331 479
26 346
322 486
387 453
329 485
299 473
347 461
60 434
312 462
389 455
392 456
391 457
406 452
311 463
349 453
32 334
25 345
387 451
319 467
400 456
35 325
388 454
300 474
34 326
387 471
386 472
409 435
328 486
28 314
401 453
330 484
323 469
310 468
323 487
399 457
27 365
331 480
409 436
391 456
323 486
407 442
400 453
387 470
330 483
24 345
392 455
398 457
34 325
399 452
57 430
57 428
346 459
321 468
386 471
319 468
304 469
64 435
320 467
312 463
322 469
60 433
25 346
28 363
390 455
409 440
322 485
399 456
387 452
29 314
330 479
347 460
61 434
302 469
404 431
301 470
32 335
408 441
300 471
401 452
388 453
405 452
324 487
399 454
349 454
301 474
310 467
347 454
329 484
388 451
300 473
327 486
56 429
22 345
27 364
406 442
400 452
304 470
301 473
330 482
30 318
323 485
57 429
348 454
303 469
311 465
23 345
22 346
31 337
29 315
59 431
58 428
331 481
399 455
60 432
325 487
301 471
408 436
407 441
328 484
311 467
404 452
302 470
62 434
330 480
326 486
347 455
33 325
61 433
391 455
388 452
28 362
403 431
24 346
58 430
322 470
408 440
320 468
60 426
64 434
386 470
32 336
401 451
398 456
63 435
312 464
27 363
347 459
59 427
31 318
400 451
386 469
389 452
330 481
407 440
402 431
301 472
348 455
406 449
405 450
31 338
302 473
62 433
30 317
28 361
408 437
33 324
32 319
398 455
23 346
312 465
390 453
60 431
405 448
404 451
61 426
27 362
320 469
406 443
399 450
31 314
59 428
58 429
347 456
326 485
392 453
311 466
63 434
303 470
348 459
391 454
328 483
32 337
29 316
325 486
324 485
60 427
321 470
59 430
407 448
30 315
27 361
302 472
397 455
406 444
313 465
320 470
32 320
402 432
325 485
407 447
328 482
321 471
303 471
399 449
32 314
303 473
30 316
406 440
32 318
312 466
32 322
329 481
390 452
404 448
349 459
23 347
404 450
405 449
407 439
61 427
59 429
61 431
62 426
31 315
32 338
31 317
391 453
400 450
60 430
408 438
348 456
385 469
347 457
392 452
33 323
63 433
406 448
349 456
32 315
406 445
348 457
407 438
350 459
33 322
405 440
26 361
321 472
62 427
325 484
406 447
404 449
319 470
394 455
61 428
327 482
61 430
32 321
304 473
396 455
31 316
23 348
62 431
324 483
406 439
400 449
384 469
63 432
303 472
60 429
407 446
33 320
391 452
401 432
397 454
27 360
349 458
33 318
32 339
328 481
313 466
405 439
322 472
350 458
24 348
391 451
391 449
405 437
394 454
21 355
324 482
61 429
32 340
383 469
319 471
66 432
304 472
320 472
400 432
406 446
27 359
32 316
395 455
313 467
33 321
32 342
327 481
33 317
396 454
64 432
403 449
325 483
20 354
405 445
63 431
62 430
401 449
328 480
20 352
349 457
26 360
62 428
406 438
405 438
326 481
351 458
305 472
319 472
400 433
66 431
24 349
394 453
327 480
391 450
405 446
33 316
20 353
318 473
325 482
23 350
32 341
399 432
27 358
315 470
404 437
26 359
21 354
313 468
62 429
33 340
395 454
401 436
65 432
21 352
63 430
350 457
34 317
324 481
34 321
324 475
382 469
402 449
401 434
33 342
403 440
22 355
322 473
392 449
401 435
21 353
35 321
315 471
378 468
402 448
403 447
23 351
63 429
404 446
23 355
393 451
404 438
312 468
323 475
326 480
395 453
25 351
402 440
24 350
381 469
318 474
22 352
65 431
352 458
394 452
400 434
314 470
33 341
325 481
25 349
319 473
26 358
403 439
398 432
322 474
306 472
324 476
399 433
34 316
34 340
392 450
393 449
351 457
402 436
325 480
401 440
394 451
402 437
34 341
393 450
403 438
26 357
395 452
400 435
378 467
53 380
399 434
22 353
314 471
379 468
35 320
402 447
25 350
319 474
323 476
400 441
381 468
23 352
64 429
23 354
351 456
306 473
402 441
23 356
398 433
35 316
312 469
24 351
35 340
403 446
352 457
380 469
322 475
65 430
399 435
401 447
398 434
36 320
323 477
402 438
402 446
35 341
400 440
401 439
395 451
306 474
25 357
24 352
352 456
319 475
40 310
36 316
325 479
55 379
380 468
394 450
401 441
314 472
305 481
371 459
402 442
26 356
303 477
23 353
312 470
65 429
379 467
24 356
56 378
53 379
26 350
322 476
369 461
311 471
54 380
313 471
52 380
352 455
401 438
395 450
36 317
24 353
54 379
368 461
51 380
304 477
314 473
324 479
304 489
401 442
313 472
371 458
311 472
36 319
401 446
56 377
55 378
27 350
25 356
319 476
304 481
322 477
303 478
307 474
50 379
312 471
303 480
39 312
315 474
399 440
369 460
305 482
380 467
399 436
66 429
40 311
35 342
397 434
41 310
370 459
57 378
353 456
37 342
379 466
402 443
52 379
396 450
304 478
314 474
312 472
37 343
38 314
39 313
54 378
370 458
304 488
51 379
25 353
380 466
308 474
397 435
398 440
50 378
368 460
25 355
57 377
352 454
311 473
67 429
395 449
36 342
41 311
305 489
36 318
353 455
304 482
322 478
401 445
303 483
28 350
61 377
400 438
60 378
320 476
319 477
401 443
399 437
40 312
313 473
369 459
303 479
304 480
307 475
397 441
396 434
315 475
323 479
27 351
61 376
313 474
307 476
37 318
36 343
309 474
29 350
41 312
400 445
395 434
58 377
35 344
397 442
51 378
60 377
304 479
398 441
57 376
371 456
399 438
368 459
49 376
314 475
304 483
38 319
396 449
26 353
54 377
50 377
369 458
322 479
28 351
353 454
395 436
400 443
25 354
67 430
59 378
312 473
380 465
303 484
370 457
320 477
396 435
397 440
305 488
39 314
38 315
303 485
369 457
312 474
305 479
371 455
398 442
27 355
59 377
49 375
381 465
397 449
50 376
35 345
68 430
398 438
58 376
40 314
41 313
26 354
53 377
313 475
394 434
368 458
320 478
39 319
38 316
307 477
304 484
395 435
38 318
397 437
35 449
367 459
306 488
60 376
396 436
305 487
51 377
320 480
397 439
29 351
308 476
370 456
396 440
400 444
321 479
309 475
397 443
36 344
354 454
49 374
309 476
33 348
39 316
308 477
53 376
356 455
368 457
305 484
379 462
69 430
312 475
27 354
52 377
304 485
306 487
397 448
40 315
369 456
30 351
355 454
366 459
394 435
35 450
39 318
398 443
45 444
371 454
397 438
395 440
35 346
393 434
396 437
28 355
51 376
36 345
50 447
319 480
40 317
306 479
59 376
381 464
43 314
41 314
370 455
320 479
36 449
399 444
42 445
70 430
381 463
28 354
38 448
49 447
41 315
378 462
35 347
368 456
36 450
42 314
40 446
50 374
395 439
307 479
43 315
309 477
52 376
379 461
30 352
396 438
308 478
29 353
306 486
380 462
306 484
36 346
310 476
307 487
370 454
41 445
40 316
45 445
398 448
305 485
399 447
319 479
37 449
369 455
29 355
34 348
33 349
59 375
375 461
393 435
357 455
69 431
366 458
46 444
40 318
28 356
398 444
50 448
43 445
312 476
356 454
311 476
35 348
309 478
398 445
39 448
370 453
381 462
47 446
306 485
70 431
59 374
30 357
379 460
366 457
38 449
34 349
49 448
40 447
51 374
41 318
41 316
394 437
312 477
33 350
398 447
358 455
307 486
71 430
44 445
42 315
368 455
307 484
37 450
50 373
30 353
378 461
376 461
307 480
356 453
45 446
46 445
52 375
36 347
399 446
318 479
382 463
375 460
29 356
29 354
41 446
395 438
42 319
393 436
308 479
398 446
368 454
30 354
42 316
49 449
72 430
359 455
51 373
39 449
46 446
47 447
369 453
310 478
34 350
48 448
311 477
382 462
69 437
42 318
312 478
31 357
52 374
378 460
41 447
376 460
44 446
30 356
357 451
365 457
394 438
43 319
58 374
35 349
366 456
308 480
307 485
308 484
317 479
397 445
71 431
55 375
356 452
37 347
393 437
40 448
73 431
38 450
44 319
309 480
72 431
357 452
57 374
312 479
43 318
47 448
41 448
368 453
53 374
46 447
311 478
69 438
358 453
309 484
360 455
316 479
397 446
358 451
396 445
31 356
31 354
42 317
54 375
35 350
70 437
382 461
310 479
393 438
42 449
369 452
44 447
367 454
376 459
37 348
73 432
308 485
71 438
365 456
36 349
38 451
377 460
40 449
378 459
359 454
49 450
39 350
56 375
52 373
41 449
360 448
32 356
43 317
365 455
66 440
41 351
53 373
56 374
54 374
315 479
72 438
316 480
311 479
396 446
71 437
309 485
55 373
39 451
368 452
32 354
392 438
31 355
38 350
50 302
48 450
46 448
358 450
36 350
367 453
42 352
44 448
359 453
40 350
72 432
361 449
70 438
310 480
44 318
360 454
40 450
382 460
57 373
42 450
366 454
393 439
37 349
358 452
310 486
377 459
34 353
41 352
360 449
44 317
367 452
35 354
88 371
55 372
315 480
359 452
360 453
381 460
44 449
361 448
56 373
72 437
53 372
70 439
40 351
366 453
87 372
311 486
377 458
43 450
66 441
50 303
51 302
40 451
41 450
395 446
359 450
49 302
392 439
36 351
32 355
37 350
42 353
57 372
44 307
310 485
45 448
43 308
71 436
54 373
48 451
311 480
364 455
72 433
67 440
44 308
68 440
52 302
381 459
44 306
44 316
48 452
45 305
365 453
361 447
45 449
391 439
72 434
73 437
54 372
57 371
67 441
394 446
45 307
43 309
311 481
89 371
87 373
360 450
46 304
56 372
35 353
311 485
72 436
315 481
364 454
37 351
40 452
360 452
34 354
41 451
44 450
366 452
377 457
314 480
40 352
41 353
70 440
88 372
33 355
49 303
41 452
377 456
392 447
73 436
45 306
54 371
362 447
46 307
90 371
88 373
89 372
57 370
34 355
365 452
363 454
379 458
314 481
36 353
391 440
393 446
49 304
72 435
378 457
52 303
47 304
55 370
37 352
312 481
73 434
311 482
46 305
381 458
364 453
45 316
311 484
79 432
69 440
45 450
44 309
56 371
360 451
380 459
68 441
93 370
39 352
47 452
40 353
56 370
363 453
92 370
93 369
48 304
381 457
91 377
69 441
37 353
362 452
54 370
57 369
89 373
79 433
46 306
52 304
311 483
391 447
78 432
45 309
361 451
39 353
73 435
91 371
46 308
34 356
364 452
313 481
40 354
74 436
380 458
42 452
47 305
379 457
46 452
55 369
314 482
38 352
392 446
88 374
363 447
378 456
46 316
45 451
391 441
48 305
79 434
93 368
90 377
34 357
363 452
36 363
46 315
54 369
47 306
377 454
78 433
363 448
56 369
390 441
35 356
40 355
379 456
388 439
39 354
389 440
380 457
89 374
35 358
91 370
69 442
92 369
36 355
313 482
38 353
46 309
42 453
362 451
391 442
312 483
91 376
53 370
51 304
45 452
35 362
57 368
74 435
391 446
47 316
378 455
363 451
43 453
388 440
47 315
377 453
389 441
39 355
92 368
36 362
46 470
75 435
36 356
378 454
77 433
45 453
387 439
89 375
47 309
90 376
51 305
380 456
79 435
38 354
93 367
390 442
391 445
41 455
37 355
35 361
78 434
69 443
89 377
56 368
53 369
91 369
37 363
35 357
313 483
48 306
364 448
36 358
69 445
44 452
48 309
379 454
384 441
69 444
77 434
364 449
378 453
92 367
88 377
49 306
45 470
76 435
45 454
43 454
70 445
42 469
36 361
46 471
36 357
380 455
91 368
78 435
47 314
37 362
53 368
390 445
388 441
313 484
44 453
50 309
391 444
41 456
48 307
56 367
43 470
50 305
90 369
42 455
89 376
38 355
389 442
387 440
363 450
381 454
70 444
43 469
38 362
42 466
91 367
50 310
76 436
313 485
379 453
388 442
56 366
384 442
49 307
55 367
43 455
364 450
389 443
44 454
42 468
54 366
50 308
71 445
90 368
41 457
37 361
381 453
88 376
389 445
385 441
390 444
44 470
45 469
314 484
53 367
42 456
55 305
52 454
50 306
380 454
49 309
51 367
386 440
37 357
38 356
77 435
47 471
47 313
55 306
53 366
38 361
55 366
87 376
50 307
57 364
48 471
48 311
380 453
44 455
389 444
52 367
52 453
76 437
51 366
42 467
73 446
315 486
47 312
44 469
365 450
41 458
77 436
314 485
51 454
388 443
57 366
43 456
49 310
387 442
38 357
71 444
42 465
90 367
54 305
385 442
37 360
78 437
386 441
49 311
41 465
387 445
44 456
57 363
55 365
73 445
315 487
43 457
37 359
43 467
388 444
90 366
56 364
72 444
55 307
78 438
380 452
74 446
89 365
38 360
86 376
366 450
44 468
50 454
76 438
38 358
48 312
48 470
77 437
51 453
57 365
42 458
71 443
314 486
54 306
51 307
386 442
52 366
78 439
52 365
79 438
386 443
51 452
366 449
380 451
57 362
387 444
80 439
57 446
52 307
73 444
39 358
86 375
44 457
50 455
76 439
45 456
74 445
89 366
38 359
56 363
55 364
54 307
314 487
43 458
72 443
85 376
51 456
49 312
44 467
386 445
58 365
41 464
48 469
77 438
367 450
88 365
76 440
46 468
57 447
77 439
56 446
380 450
386 444
86 374
60 446
53 307
378 450
51 451
61 447
45 467
48 468
85 375
56 362
314 488
45 457
44 458
42 462
55 447
51 457
54 364
40 358
52 364
47 469
368 450
79 439
80 440
41 463
59 365
54 308
73 443
58 446
50 312
49 455
367 449
50 456
88 366
74 444
39 359
49 456
47 468
75 444
55 448
368 449
55 362
75 442
54 453
80 441
385 444
56 447
40 359
88 367
74 443
53 364
57 448
380 449
42 463
59 446
314 489
379 450
53 308
378 449
85 374
54 363
43 462
87 366
77 440
79 440
45 460
61 448
45 458
52 451
53 452
59 366
46 467
51 312
60 447
50 457
84 375
53 309
54 452
56 448
87 367
41 359
84 374
384 444
47 467
82 376
60 448
52 312
54 362
43 463
313 489
76 442
46 458
53 311
42 356
314 490
53 363
75 443
53 451
313 491
51 313
45 459
77 441
79 441
48 456
59 367
379 449
368 448
45 461
49 457
44 462
61 449
369 449
59 447
55 449
58 448
55 453
53 310
86 367
56 309
48 457
47 466
370 449
383 444
379 448
42 359
55 452
81 376
83 374
59 448
43 356
44 463
54 451
52 313
53 362
312 491
56 449
61 366
46 459
45 462
312 489
53 312
42 357
79 442
60 367
313 490
49 458
78 441
60 449
76 443
82 375
369 448
383 445
56 452
62 366
43 357
369 447
80 376
85 367
77 443
312 490
311 489
78 442
54 310
47 465
61 367
48 458
55 309
52 362
311 491
49 467
55 451
53 313
81 375
43 359
56 310
83 373
45 463
59 449
56 450
42 358
370 448
47 459
48 466
79 443
379 447
48 459
44 357
62 367
77 444
83 372
80 375
311 490
84 367
380 447
54 313
55 310
79 376
369 446
51 362
310 489
66 371
57 450
43 358
49 466
56 451
46 463
50 467
370 447
78 443
310 491
379 446
44 359
48 465
82 373
382 445
59 450
78 444
82 372
44 358
48 464
83 371
55 313
380 446
58 450
73 375
66 370
57 451
55 311
48 460
51 361
381 445
49 465
52 466
84 370
370 446
79 375
309 491
72 374
310 490
47 463
50 466
369 445
62 368
83 367
65 371
373 446
50 465
381 444
78 375
73 374
49 460
50 361
79 374
72 373
84 369
370 445
45 358
46 359
66 369
47 462
58 451
308 491
64 371
52 465
380 445
62 369
51 466
309 490
83 370
82 367
81 372
55 312
74 375
49 464
78 445
82 371
78 446
48 462
56 312
64 370
74 374
50 464
370 444
82 368
49 461
371 445
49 463
65 369
50 360
372 446
46 358
82 370
373 445
76 374
63 369
73 373
380 444
79 373
58 452
83 369
81 371
47 359
78 374
308 490
51 465
80 372
49 361
59 452
81 370
82 369
49 360
380 443
79 372
51 464
372 445
48 359
50 463
57 312
47 342
78 447
370 443
50 359
371 444
46 357
49 462
78 373
80 371
307 490
379 444
74 373
73 372
76 373
75 374
64 369
64 368
371 443
49 359
60 452
48 358
50 462
76 372
47 357
80 370
74 372
78 372
50 358
57 313
379 443
48 342
75 373
78 448
51 463
46 356
306 490
47 343
81 369
372 444
80 369
82 447
79 448
49 342
74 371
47 344
379 442
372 443
62 453
378 443
47 356
73 370
51 462
371 442
306 491
80 447
57 314
48 343
50 357
64 367
79 370
78 371
48 341
77 372
49 358
75 372
77 452
72 371
61 452
52 463
79 449
71 371
72 370
77 451
61 453
47 345
372 442
62 454
48 356
77 371
50 342
79 369
48 340
51 461
49 357
371 441
379 441
81 447
78 370
80 448
66 362
75 371
78 452
52 462
306 492
64 366
378 442
82 448
47 355
74 370
58 314
48 344
48 355
78 453
78 451
71 370
75 370
48 353
65 366
78 369
307 492
50 341
79 368
62 455
371 440
70 371
67 362
77 370
57 316
372 441
81 448
58 315
48 345
52 461
66 363
80 449
61 454
49 356
378 441
379 440
377 442
49 340
66 364
306 494
77 369
307 493
55 321
80 450
50 340
81 449
67 363
77 455
66 366
79 451
79 457
58 316
377 441
50 352
48 352
76 370
53 461
49 355
372 440
378 440
78 368
70 370
379 439
49 353
71 369
58 456
48 346
57 317
373 441
61 455
79 453
80 453
80 451
308 493
58 457
77 368
76 369
51 340
307 494
66 365
59 316
76 453
67 364
50 355
50 353
70 369
374 441
48 347
50 351
59 456
61 456
81 450
80 457
78 455
58 317
76 455
79 456
54 461
372 439
55 320
373 440
56 321
378 439
60 455
49 352
67 366
377 440
306 495
376 441
81 453
373 439
75 455
51 355
59 457
49 351
80 452
54 462
68 364
52 340
48 348
58 318
308 494
57 321
81 451
376 440
76 454
76 368
374 440
81 457
67 365
307 495
50 354
80 456
377 433
75 453
59 317
377 439
70 368
61 457
60 456
56 320
55 461
79 455
59 318
56 461
67 454
70 367
49 350
66 455
376 433
58 321
69 452
48 349
58 319
376 439
69 364
81 452
377 438
52 341
57 320
374 439
375 440
68 365
51 354
75 454
377 434
80 455
308 495
76 367
55 462
60 457
82 457
74 454
75 367
70 366
377 435
52 354
76 366
82 456
83 451
69 453
60 458
69 365
56 464
81 455
376 438
66 456
65 357
56 462
374 438
56 342
375 439
73 453
49 349
67 455
59 319
68 454
375 433
82 452
53 341
308 496
58 320
70 452
70 453
73 366
50 349
83 452
72 453
375 438
53 342
376 435
57 464
52 353
70 365
59 320
83 456
84 451
75 366
60 459
66 457
68 455
71 366
308 497
74 367
60 319
65 356
55 342
375 434
73 454
307 498
376 437
56 343
69 454
66 357
56 463
82 455
54 342
71 365
75 365
306 498
55 343
81 463
67 357
74 366
50 348
70 454
66 458
72 454
52 350
375 437
375 435
83 455
68 456
73 455
60 320
57 463
84 452
66 356
83 453
307 497
72 366
374 434
53 353
52 352
60 460
58 463
67 458
67 356
71 364
71 454
81 460
54 343
54 353
51 348
69 456
61 320
51 346
85 452
72 365
375 436
306 497
60 461
81 462
373 434
53 352
84 455
66 355
53 350
72 455
83 454
74 365
52 349
80 463
56 352
58 470
59 463
85 453
54 344
374 436
70 456
69 457
67 355
80 460
372 434
55 353
51 347
62 320
74 364
52 346
66 354
67 459
304 498
54 352
301 501
72 364
68 356
72 456
52 348
81 461
68 458
53 349
71 455
60 462
80 462
63 319
84 454
305 497
55 352
60 469
85 454
80 461
52 347
301 500
68 459
67 354
57 468
303 498
59 470
60 463
61 462
71 456
62 319
72 457
73 364
64 319
372 435
58 469
93 454
300 499
373 436
54 351
56 351
304 497
61 318
68 355
72 363
95 456
54 345
53 348
69 458
300 501
79 460
62 462
94 456
93 457
54 346
92 454
59 469
86 454
93 455
303 497
54 348
302 498
69 459
300 492
71 457
73 363
299 501
67 353
60 470
91 461
64 318
70 458
301 493
372 436
53 347
301 499
62 318
76 364
79 461
300 500
61 463
58 468
55 351
57 467
95 457
68 354
61 317
371 435
78 460
74 458
88 452
72 362
77 364
91 460
93 456
372 437
69 354
62 317
67 480
63 462
74 459
88 453
370 435
92 455
301 494
77 460
95 458
58 467
70 459
76 459
93 458
92 459
89 452
73 362
71 458
75 458
302 497
59 468
62 463
298 501
300 493
68 353
76 363
299 500
60 471
64 317
92 461
301 498
87 454
55 350
299 492
78 461
54 347
369 435
63 317
70 462
74 362
69 481
371 437
76 460
92 460
300 494
55 347
298 500
68 480
56 348
62 316
67 461
77 363
94 458
76 362
55 349
67 479
70 354
78 364
92 456
61 471
92 458
89 453
301 497
69 353
90 454
71 459
91 455
64 462
88 454
78 462
75 459
62 464
68 352
370 436
299 493
59 467
56 346
91 456
71 354
69 480
75 460
62 315
66 461
76 361
61 472
93 460
78 363
298 499
89 454
71 460
91 458
90 455
299 498
57 350
94 459
67 462
369 436
71 462
371 438
88 455
74 361
70 461
63 316
57 346
300 495
77 462
62 465
95 460
70 481
69 352
60 467
70 353
73 480
67 478
301 496
62 471
56 347
56 349
299 494
65 462
370 437
72 354
300 496
63 475
299 497
75 461
68 476
67 463
73 479
89 455
370 438
77 361
369 437
95 461
71 353
63 315
91 457
61 467
76 462
94 460
62 472
299 495
57 347
79 363
58 350
66 478
298 498
71 355
68 478
74 360
66 462
70 352
62 466
90 456
70 480
71 461
57 349
69 479
67 477
72 480
58 347
67 464
64 315
89 456
80 363
75 462
76 359
71 352
368 437
75 360
298 497
66 477
73 478
94 461
63 474
68 477
69 478
74 461
58 349
59 350
90 457
369 438
72 479
62 467
61 468
299 496
65 464
63 472
66 463
71 480
77 360
81 362
71 356
72 353
297 498
298 495
64 475
68 475
72 461
63 466
64 474
66 464
72 352
89 457
80 362
67 475
65 465
64 472
72 478
70 478
369 439
73 477
63 473
81 361
75 463
58 348
94 462
65 475
69 477
73 353
367 437
65 315
72 356
75 359
296 498
73 461
59 349
73 357
74 462
66 476
62 468
77 359
298 496
78 360
71 479
63 467
61 346
66 465
65 314
78 359
77 358
78 357
367 438
73 462
297 496
72 477
88 457
60 349
65 474
73 356
71 478
94 463
296 495
74 357
70 477
366 437
296 497
75 358
74 353
74 463
65 472
59 348
73 352
80 361
368 439
66 475
295 498
64 473
66 315
63 468
77 357
296 496
80 360
73 463
295 497
295 495
74 352
70 464
74 356
61 347
71 477
66 466
62 346
62 350
66 474
75 353
70 476
75 357
63 469
78 358
65 313
87 457
65 473
60 348
66 314
366 438
367 439
74 354
94 464
61 348
367 440
67 466
75 354
75 352
66 473
62 347
71 476
66 467
79 358
76 357
70 465
366 439
65 468
63 350
64 469
68 465
80 359
294 495
66 313
72 463
87 458
75 356
62 349
95 464
294 497
71 464
295 496
67 467
76 354
76 352
66 312
71 475
63 349
72 464
67 473
62 348
69 465
96 464
66 468
104 460
87 459
65 469
68 466
80 358
294 496
366 440
76 356
96 465
103 460
102 461
80 357
101 462
66 311
365 440
64 349
63 348
69 466
71 474
104 461
97 464
67 472
293 496
72 465
68 467
66 469
76 355
67 470
77 354
86 459
67 468
77 352
101 464
68 468
364 440
77 351
292 496
97 465
69 467
101 463
71 473
96 466
68 470
98 464
86 460
66 310
65 349
67 469
67 471
103 461
77 355
78 352
77 353
102 464
64 348
100 464
72 466
80 356
102 462
68 471
72 467
97 466
66 349
65 348
86 461
79 352
103 462
78 355
66 309
78 351
85 460
78 353
69 472
70 473
68 469
292 497
102 463
98 465
66 345
70 467
364 439
363 440
71 472
99 464
79 356
103 463
85 461
291 497
66 346
79 351
99 465
70 472
80 352
363 439
364 438
111 463
65 347
69 469
86 462
66 348
67 345
79 355
69 471
98 466
105 463
66 308
65 309
79 353
71 467
70 468
63 310
110 463
67 346
66 347
65 308
81 352
104 463
291 502
70 469
111 464
291 498
363 438
80 353
99 466
362 439
85 462
81 350
71 468
70 471
80 351
67 348
79 354
105 464
86 464
67 347
104 464
110 464
80 354
290 502
130 278
291 501
71 469
131 277
81 351
82 350
99 467
91 355
62 310
70 470
291 499
85 463
84 462
63 309
64 308
81 353
109 463
362 438
111 465
90 355
129 278
63 308
362 437
289 502
71 470
290 499
83 462
290 501
108 463
110 465
82 351
109 464
81 354
85 464
131 276
86 465
99 468
64 307
62 309
84 463
82 353
130 277
91 354
104 465
68 347
63 307
110 466
82 354
90 354
84 464
362 436
286 500
108 464
130 276
129 277
72 470
69 347
61 309
100 468
83 463
85 465
83 351
107 463
290 500
109 465
288 502
289 501
104 466
90 353
72 471
109 466
104 467
83 464
286 499
69 346
108 465
128 277
105 466
129 276
89 354
288 501
61 308
361 436
62 307
287 500
84 465
107 464
83 352
103 468
289 500
362 435
101 468
83 354
128 281
70 346
101 469
106 466
82 464
84 354
288 500
107 465
88 354
93 349
127 281
360 436
90 350
103 469
108 466
361 435
84 352
128 276
61 307
60 308
126 274
83 465
128 280
69 345
89 353
128 282
287 499
127 277
73 471
102 468
105 467
127 282
288 499
82 465
69 344
102 469
75 346
365 432
89 352
84 353
360 435
107 466
74 471
125 274
92 349
93 348
127 276
364 433
106 467
88 353
126 277
91 346
126 275
91 350
60 307
289 498
83 466
127 278
85 354
101 470
108 467
70 341
103 470
90 351
74 347
355 432
127 280
71 346
126 278
92 348
360 434
86 354
75 345
74 470
359 433
74 346
363 433
59 307
85 353
106 468
91 347
355 431
70 342
126 282
127 279
124 274
89 351
364 432
71 341
365 431
70 344
71 345
87 353
356 432
91 349
102 470
289 497
84 468
107 467
90 346
82 466
288 498
101 471
126 276
73 347
366 432
370 429
355 430
86 353
71 344
355 428
125 282
71 342
360 433
76 469
107 468
59 306
123 274
73 346
80 467
125 278
84 469
88 351
363 432
91 348
357 432
366 431
358 433
70 343
75 470
77 468
58 307
74 345
369 430
87 352
356 431
83 468
126 279
101 472
90 347
125 276
82 467
288 497
124 275
102 471
287 497
78 468
80 468
77 469
360 432
83 469
355 429
89 347
356 430
86 352
362 432
124 276
73 345
90 348
363 431
369 429
366 430
81 467
286 496
368 430
122 274
88 350
107 469
124 282
367 429
79 467
89 349
285 495
356 428
370 428
87 351
125 279
71 343
125 281
58 306
358 432
82 468
102 472
76 470
74 344
76 471
124 281
82 469
73 344
105 470
360 431
81 468
123 276
121 274
103 472
77 470
356 429
367 428
286 497
86 351
125 280
107 470
72 343
83 470
89 348
369 428
371 426
88 349
79 468
58 305
87 350
78 469
358 431
285 496
368 429
362 431
74 343
284 495
366 429
78 470
285 497
58 304
103 473
121 275
368 428
81 475
370 424
366 428
86 350
87 347
372 424
82 470
370 426
106 470
357 429
81 469
77 471
284 496
365 429
85 351
371 425
102 474
73 343
362 430
79 469
88 348
124 280
361 431
122 276
358 430
74 342
87 349
105 471
372 423
369 426
79 470
370 425
58 303
79 474
365 428
120 275
81 474
102 475
60 305
369 424
362 429
371 424
285 498
368 427
106 471
104 473
358 429
86 347
78 471
361 430
103 474
284 497
123 280
86 349
81 470
85 350
87 348
80 475
73 342
359 430
121 276
368 426
284 498
371 423
80 470
60 304
106 472
61 305
59 303
80 474
119 275
84 350
361 429
359 429
85 349
73 341
79 473
79 471
358 428
372 422
369 425
122 280
105 473
362 428
73 337
103 475
86 348
72 338
365 427
120 276
106 473
85 348
77 346
118 277
122 281
81 348
361 428
105 474
73 340
365 426
282 499
60 303
80 471
74 337
360 429
84 349
368 425
61 304
79 472
121 278
72 339
358 427
283 498
120 277
371 422
119 276
104 475
372 421
122 279
80 473
73 338
120 278
371 421
367 425
118 276
358 426
77 345
77 343
78 346
121 281
107 473
364 426
360 428
121 279
281 499
89 471
118 278
119 277
120 282
62 304
74 338
61 303
81 347
370 422
105 475
63 303
80 472
84 348
60 302
108 474
282 498
82 348
73 339
280 499
83 348
120 283
74 339
370 421
80 347
360 427
120 281
75 340
119 278
88 471
117 276
78 345
89 472
109 474
278 507
77 344
78 343
364 425
277 508
120 279
366 425
107 474
281 498
81 472
84 347
62 303
359 426
61 302
63 302
79 346
108 475
358 425
105 476
116 276
89 473
84 346
119 279
366 424
359 425
78 344
278 494
79 345
106 476
360 426
369 421
88 472
114 274
276 508
278 506
281 497
75 339
368 422
277 507
80 346
109 475
363 425
83 347
280 498
76 340
82 472
120 280
107 475
59 299
367 423
60 300
61 301
121 283
63 301
105 477
62 302
64 301
122 285
366 423
119 280
88 473
107 476
80 345
83 346
360 425
106 477
121 284
362 425
361 426
76 339
63 300
59 298
87 472
367 422
62 301
115 276
83 472
113 274
110 475
79 344
60 299
122 291
276 507
277 506
122 289
279 494
278 493
114 275
89 474
276 505
280 497
61 300
368 421
77 339
82 346
361 425
118 280
367 421
275 505
86 472
279 495
114 276
111 475
83 473
363 423
273 491
276 506
121 289
80 344
365 415
60 298
365 423
121 285
113 275
105 479
277 493
122 286
122 290
121 291
120 292
64 300
61 299
62 300
88 474
360 424
268 484
275 507
273 487
279 497
122 288
107 477
82 345
119 292
112 275
62 299
111 476
113 276
115 280
65 300
61 298
360 423
365 422
272 487
114 277
274 507
366 415
269 484
83 480
273 492
362 423
97 280
86 473
113 476
366 421
361 424
108 477
106 479
79 342
121 286
122 287
78 339
105 480
120 285
273 490
120 291
363 422
273 488
364 423
83 474
268 485
121 290
275 506
279 496
276 493
87 474
365 414
81 344
85 472
78 341
117 280
84 473
108 478
273 489
60 292
368 414
274 508
119 285
278 496
106 480
366 420
97 281
370 414
115 279
120 290
112 276
273 505
114 278
82 344
119 291
269 485
364 422
113 277
116 280
273 507
274 506
86 474
112 476
84 480
273 493
84 474
276 494
366 414
79 339
106 482
80 342
83 479
275 493
362 422
79 341
367 415
61 297
83 481
105 481
260 486
113 477
78 340
361 423
121 287
267 485
277 497
277 495
98 280
271 487
85 473
120 286
62 298
268 486
65 299
83 344
65 298
109 276
271 488
81 342
113 278
97 282
368 413
82 343
106 481
107 482
269 486
277 496
273 506
79 340
274 493
83 478
370 413
107 480
369 414
120 287
114 279
267 486
108 479
276 497
268 487
61 292
275 494
116 281
109 478
118 283
362 421
84 479
367 414
84 481
85 474
261 486
107 276
84 475
276 495
111 276
365 420
111 478
112 477
112 277
110 277
98 281
62 297
60 293
117 282
260 487
119 290
364 421
119 286
273 508
361 422
259 490
83 482
272 505
272 489
86 475
64 298
107 277
82 342
80 340
111 277
365 419
111 479
261 487
113 279
110 478
84 478
119 289
259 489
269 487
272 508
99 281
368 412
85 479
266 486
85 475
61 291
84 482
61 293
364 420
112 478
275 495
120 288
361 421
109 277
271 505
60 294
116 282
108 276
271 489
61 295
119 287
369 413
83 343
275 497
260 488
81 341
63 297
98 282
118 284
276 496
260 490
107 481
272 506
117 283
274 494
367 409
108 480
367 413
108 277
274 495
261 488
63 296
119 288
112 479
369 412
98 283
64 297
62 291
269 488
268 489
117 286
117 284
360 421
100 281
82 341
367 410
275 496
111 480
81 340
85 476
110 479
109 480
261 490
109 278
271 506
61 294
363 420
364 419
266 487
63 292
85 478
86 479
260 489
116 283
84 343
108 481
62 293
111 278
113 280
107 278
271 490
118 287
271 508
85 482
367 412
99 282
366 409
272 509
62 295
359 420
387 399
62 294
99 283
69 297
100 282
64 296
363 419
111 279
87 479
116 284
108 278
265 487
63 293
271 507
273 495
273 497
274 496
81 339
68 298
117 287
110 480
366 412
360 420
109 481
269 489
100 284
106 278
268 490
262 488
368 410
112 480
85 483
107 279
358 420
261 489
369 411
84 342
118 288
101 281
271 491
63 295
83 341
63 291
116 286
365 409
359 419
85 341
112 280
271 509
85 477
81 338
371 410
262 489
68 297
265 488
110 279
100 283
67 298
95 492
115 286
263 488
270 507
366 411
111 280
108 279
83 340
87 478
84 341
64 291
271 498
362 419
363 418
360 419
63 294
112 481
272 495
273 496
365 412
365 410
387 398
117 288
64 295
102 281
271 510
271 492
369 410
270 491
269 490
113 482
88 479
93 490
69 296
106 279
101 282
388 401
99 284
107 280
272 497
100 285
85 340
103 280
356 421
85 484
357 420
115 284
110 481
86 477
363 416
94 491
266 509
387 400
270 494
67 297
272 496
103 281
64 294
112 482
105 279
114 284
356 420
386 398
362 416
113 483
266 508
108 280
104 280
102 282
95 491
100 286
365 411
269 507
263 489
271 499
99 285
268 508
271 511
110 482
371 409
387 405
361 419
271 493
68 296
369 409
85 339
93 489
387 401
101 283
271 497
117 289
89 479
86 484
66 296
93 491
82 338
267 509
264 488
370 410
84 340
355 421
94 492
94 490
116 288
88 476
362 418
83 339
87 477
65 295
115 285
388 402
363 417
111 281
65 291
110 280
269 491
93 474
364 411
105 280
362 417
355 420
111 482
270 511
270 495
377 394
114 287
270 497
66 295
386 401
264 489
354 419
378 395
115 288
370 409
116 289
65 292
113 484
99 286
93 492
94 493
94 489
102 283
108 281
269 510
271 500
263 490
83 338
387 404
363 412
114 285
371 408
90 479
84 339
95 490
387 402
88 477
269 492
386 397
361 418
67 296
269 494
268 507
65 294
110 281
112 483
271 496
267 508
87 484
66 291
103 282
89 476
90 475
270 493
386 405
93 493
116 290
270 496
66 294
83 337
111 483
363 411
263 491
268 510
84 338
269 493
269 495
267 507
90 476
95 489
91 495
93 475
89 477
361 417
103 283
386 404
112 484
269 511
114 288
104 282
386 402
114 294
110 282
113 285
378 394
355 419
379 395
92 474
268 492
65 293
268 506
115 289
376 392
67 291
88 484
362 412
91 475
109 281
377 393
354 418
98 286
90 478
264 490
67 295
87 485
386 396
92 494
94 488
105 281
270 500
113 287
370 408
104 283
385 396
264 491
115 292
267 506
263 492
92 495
68 291
378 393
265 490
370 407
376 391
97 286
269 500
355 418
90 477
91 476
113 288
363 410
115 290
93 494
385 404
362 411
113 294
92 475
105 282
83 336
114 293
385 402
88 485
267 492
380 395
360 417
111 484
377 392
66 293
109 282
112 285
354 417
269 496
84 337
268 495
95 488
89 484
67 294
268 493
386 403
268 511
384 397
91 496
110 484
356 418
355 417
264 492
84 336
67 293
104 284
92 496
95 487
362 410
111 485
267 511
114 292
113 487
268 496
112 294
360 416
363 409
380 394
265 491
267 493
378 392
89 485
370 406
68 292
115 291
383 397
381 395
112 286
111 285
384 402
269 499
91 477
83 335
93 495
109 283
113 289
383 401
267 505
105 283
377 391
384 404
385 403
92 476
97 287
68 294
384 396
111 286
265 492
380 393
379 392
268 497
92 477
93 496
266 493
89 508
383 396
68 293
109 486
97 288
267 496
363 408
95 486
91 486
382 401
266 511
356 417
110 485
361 404
114 291
99 496
383 402
359 416
90 485
112 293
95 286
384 403
69 294
113 290
100 497
109 284
112 487
358 417
111 486
94 495
362 409
113 488
371 406
361 410
105 284
382 395
266 505
69 292
383 404
407 376
84 335
269 498
377 390
109 285
265 511
105 285
379 391
91 485
94 286
406 376
265 493
360 410
378 390
113 489
358 416
84 334
69 293
100 498
92 478
356 416
372 406
109 487
111 293
266 496
85 333
95 287
111 487
109 295
406 374
93 477
357 417
383 395
89 507
362 404
99 497
98 496
380 392
96 288
381 401
383 403
362 408
268 498
111 287
113 291
90 508
110 286
267 497
94 486
111 289
70 292
91 509
408 376
266 504
361 405
355 415
110 486
92 486
94 496
383 394
111 292
355 414
266 503
106 285
267 498
99 498
84 333
96 477
382 403
361 406
89 506
405 374
93 486
80 333
111 290
109 286
356 415
379 390
92 485
359 410
409 376
362 407
71 294
265 494
373 406
94 497
362 405
71 292
91 508
381 392
406 375
381 402
357 416
408 375
264 511
112 489
111 488
95 288
97 496
372 405
266 495
85 332
108 295
70 293
360 411
405 376
92 509
110 287
112 291
98 497
93 286
94 287
93 478
109 294
382 393
113 490
110 289
110 487
112 491
110 288
92 508
381 389
384 394
265 495
90 506
381 391
91 507
95 497
263 511
95 477
93 287
362 406
92 484
94 478
356 414
83 333
263 509
93 485
71 293
107 285
72 294
110 290
359 411
373 405
405 375
111 491
72 292
358 414
267 499
84 332
109 293
264 510
267 503
404 374
81 333
380 390
264 494
383 387
382 392
112 490
96 478
80 332
108 286
108 294
94 288
381 403
110 488
357 415
98 498
409 375
97 497
95 289
111 291
383 393
95 290
357 414
110 291
264 509
93 500
96 497
93 484
267 500
383 392
380 403
93 288
403 374
263 510
111 490
263 494
384 387
404 375
358 413
91 506
72 293
374 405
109 290
107 286
385 394
109 288
92 507
358 411
262 509
109 292
94 479
82 333
390 393
381 390
81 332
409 374
84 331
107 294
97 498
392 393
110 491
383 388
382 389
108 287
264 495
267 502
363 406
95 478
110 489
108 293
374 404
357 413
108 290
108 288
384 392
73 293
95 479
393 391
264 508
80 330
83 331
94 292
262 494
108 292
263 495
82 332
379 403
94 484
383 389
106 294
382 390
262 510
403 375
261 511
110 490
390 392
377 405
383 391
94 500
392 392
96 498
93 293
92 288
109 291
265 507
409 373
384 388
107 287
391 393
95 291
91 505
109 489
267 501
385 393
358 412
92 506
93 507
411 371
94 290
375 405
97 499
93 501
364 406
92 293
266 501
411 370
93 292
81 330
384 389
107 292
378 403
377 404
263 496
74 293
365 406
109 490
91 288
262 495
379 402
386 393
388 391
408 367
392 391
376 405
107 290
95 480
374 403
383 390
389 392
357 412
108 291
96 499
375 404
393 390
106 287
80 329
104 293
409 372
94 483
264 507
385 392
402 375
260 511
92 505
261 510
391 392
82 331
93 506
410 371
107 288
94 291
265 506
106 293
94 501
403 377
384 390
92 292
81 329
388 390
377 403
404 378
106 288
94 502
409 371
378 402
408 366
402 376
95 501
95 483
389 391
96 480
91 287
80 328
93 503
409 367
407 365
265 501
391 391
379 401
261 503
366 406
263 507
264 506
93 505
260 510
94 482
95 507
407 367
392 390
93 291
106 292
108 490
376 404
105 293
262 496
356 412
104 292
410 370
74 292
375 403
107 291
82 330
386 392
96 500
391 390
385 390
96 501
96 481
263 498
403 378
88 285
264 501
92 291
376 403
95 506
261 496
409 368
96 507
354 409
406 365
355 410
352 409
95 502
75 292
105 292
386 391
90 287
407 366
82 329
257 510
98 479
97 480
106 291
368 405
366 405
81 328
402 377
405 378
356 411
389 390
260 509
262 497
94 505
263 502
388 389
104 287
94 503
409 370
378 401
95 482
77 292
107 490
259 508
263 506
89 286
262 503
106 289
261 502
96 483
93 504
367 406
262 507
377 402
87 285
262 498
95 505
387 389
262 506
96 502
107 487
260 508
105 291
355 411
408 370
103 287
367 405
82 328
106 490
105 289
97 507
104 288
94 504
391 389
406 366
256 510
89 287
261 497
376 402
262 502
98 480
257 509
263 501
404 366
389 389
409 369
92 290
95 503
107 489
401 377
405 379
88 286
258 508
77 293
386 390
352 410
402 378
377 401
263 499
354 410
259 507
368 404
97 481
99 479
91 291
96 482
353 409
76 292
374 395
390 389
354 411
104 289
106 487
401 378
85 326
261 498
100 481
107 486
96 505
260 507
263 500
257 508
75 296
261 506
256 507
89 288
366 403
97 482
97 506
365 402
405 366
376 401
99 480
262 505
90 295
262 501
103 288
262 499
391 388
95 504
88 287
353 410
405 380
368 403
98 481
91 290
256 509
82 327
386 389
106 489
87 286
76 293
96 503
367 404
105 290
408 369
107 488
260 497
404 367
103 289
107 485
257 507
89 289
261 499
106 486
98 482
365 401
353 411
373 395
75 295
386 388
104 290
100 482
406 368
405 367
84 326
390 388
256 508
76 296
364 398
97 505
405 381
106 488
366 402
97 503
402 352
367 403
261 505
404 368
87 287
85 327
260 506
262 500
374 396
175 405
90 294
399 385
99 481
260 498
86 286
76 294
90 290
375 401
98 506
407 369
401 379
96 504
89 295
83 327
260 505
84 327
82 289
99 506
400 385
390 387
89 294
99 482
406 369
386 385
401 352
375 400
260 499
175 406
98 483
404 381
176 405
364 399
88 289
105 488
353 412
86 287
401 380
89 290
365 400
98 505
386 387
365 398
403 380
367 402
103 290
98 503
403 352
255 508
261 500
97 504
76 295
404 353
399 386
85 286
398 345
106 485
405 368
90 293
105 486
373 396
257 506
403 381
386 386
103 291
105 485
99 291
397 353
353 413
102 496
99 483
401 353
374 400
400 352
88 290
399 353
366 400
178 404
365 399
397 345
397 355
260 500
99 505
104 488
89 293
402 380
406 372
403 353
83 289
367 401
405 369
406 370
398 354
84 328
177 405
259 499
260 504
89 291
398 386
398 346
86 288
77 295
259 505
402 384
373 397
374 398
400 384
98 504
82 290
404 354
84 288
389 387
90 292
174 406
254 508
386 384
99 503
87 289
375 399
258 506
387 387
102 290
372 396
85 287
98 502
84 289
403 382
99 504
169 406
259 502
104 485
88 291
86 289
402 383
366 399
352 413
99 292
367 400
402 381
396 355
406 371
397 354
100 291
84 329
89 292
368 401
100 505
104 487
254 507
353 414
85 288
398 353
399 352
396 345
87 290
259 500
102 497
373 398
83 290
401 384
88 293
99 484
401 354
101 290
259 504
78 295
103 496
98 501
403 354
98 485
398 347
258 505
397 388
374 399
177 404
178 403
387 386
388 387
397 386
173 406
405 372
405 370
372 397
102 291
385 384
87 291
252 508
101 291
87 293
402 382
373 399
85 289
102 498
169 405
88 292
397 387
372 398
258 504
395 345
172 406
100 292
253 507
86 330
79 295
372 400
178 402
398 352
168 406
109 511
104 496
385 383
396 388
396 354
102 292
352 414
401 383
100 504
368 400
98 486
177 403
259 503
86 290
367 399
397 347
259 501
99 501
84 290
405 371
404 364
101 505
388 386
402 354
103 485
100 484
85 329
99 485
103 497
103 499
100 500
103 487
102 499
395 354
87 330
108 511
98 487
168 405
103 294
169 404
101 292
103 498
247 500
86 329
103 486
177 402
404 371
402 355
258 501
101 502
101 504
178 401
371 400
385 382
168 403
100 501
101 500
388 385
401 382
109 510
396 387
174 399
105 496
397 348
258 503
251 508
103 506
104 509
102 503
171 406
395 344
252 507
100 485
352 415
79 294
87 292
368 399
398 351
372 399
403 364
404 363
257 504
85 290
257 503
397 349
369 399
175 399
102 294
177 401
394 344
104 498
170 404
257 501
403 363
101 485
85 291
103 505
403 371
171 405
106 510
400 382
402 356
102 502
86 292
101 293
102 500
101 501
402 364
82 292
247 501
105 509
256 504
395 387
104 508
371 399
174 398
108 510
79 293
251 507
103 295
348 414
100 486
168 404
87 329
385 381
106 498
102 504
176 400
105 497
351 415
168 402
394 354
103 503
248 500
398 350
102 486
104 506
98 488
397 351
88 330
388 384
104 505
85 292
88 329
80 293
175 398
370 399
166 403
249 500
105 508
100 487
257 502
401 364
402 357
248 503
247 502
349 414
403 362
81 292
102 295
98 489
108 509
87 328
170 403
386 381
399 382
393 344
401 356
103 504
395 386
393 386
103 502
102 501
400 381
167 404
256 503
369 398
393 354
83 292
388 383
175 400
168 401
106 499
105 498
399 380
397 350
106 509
348 415
403 372
396 351
171 404
350 415
107 510
104 507
101 294
251 506
255 504
101 486
176 401
402 373
167 401
164 394
394 386
165 403
255 503
402 372
256 502
85 293
392 344
107 509
84 292
402 362
166 404
401 373
175 401
387 381
101 487
403 361
392 384
391 355
401 363
100 294
393 345
104 504
393 385
103 501
248 502
399 381
88 328
349 415
402 358
106 508
104 500
249 503
389 355
401 357
369 397
105 507
398 380
105 499
176 398
389 383
251 505
171 403
396 350
81 293
87 327
393 353
99 489
249 501
370 398
101 295
105 505
388 381
392 367
165 404
402 359
107 508
394 385
390 383
389 354
392 345
250 503
255 502
401 372
81 294
401 362
370 397
106 507
88 327
398 381
401 370
251 504
165 394
393 384
250 501
101 488
105 504
402 361
166 401
393 352
174 401
100 295
348 417
164 403
105 500
399 368
249 502
84 293
390 355
400 363
99 294
104 501
392 353
394 351
400 369
403 360
391 354
391 384
349 416
395 350
401 358
171 402
350 417
393 368
165 402
164 395
99 490
176 397
83 294
166 394
401 371
82 294
402 360
164 396
102 488
349 417
391 353
99 295
394 350
176 396
400 370
394 348
391 345
347 417
393 351
391 383
393 369
105 501
166 400
350 418
399 369
164 404
400 358
388 380
98 294
164 402
398 368
389 381
100 490
392 382
397 381
395 383
400 362
393 367
400 372
165 401
163 403
88 326
390 382
254 502
95 293
251 503
394 384
370 396
390 354
84 294
250 502
89 327
401 361
173 401
392 366
106 504
107 507
401 359
394 368
171 401
393 383
390 344
165 395
166 395
173 400
395 382
107 500
164 397
350 419
393 382
396 381
391 352
391 382
393 366
398 369
394 349
370 395
399 358
163 406
162 403
251 502
164 405
96 293
400 361
389 380
389 344
82 295
95 294
388 343
349 418
393 350
401 360
84 295
394 369
164 401
88 323
102 489
165 398
166 399
106 501
172 401
101 490
176 395
394 367
399 370
99 296
163 396
89 326
394 383
106 503
390 345
398 367
171 400
347 418
388 345
390 353
163 402
162 407
393 348
253 502
400 371
108 507
97 294
88 325
102 490
395 369
396 380
162 404
349 419
166 398
397 369
162 396
398 374
161 407
97 295
398 370
98 296
387 343
399 359
89 323
110 508
163 405
393 349
388 344
389 345
252 502
88 324
109 507
389 379
391 351
164 398
163 397
175 395
106 502
400 360
371 395
390 380
84 296
391 381
346 420
165 399
107 501
108 500
167 395
394 366
347 419
399 371
172 400
162 402
163 401
161 403
394 382
397 367
390 346
89 325
96 294
390 352
167 399
162 406
164 400
391 347
393 381
82 296
110 507
371 394
167 398
82 297
397 374
394 365
96 295
396 367
166 397
346 421
398 375
167 396
162 405
396 369
97 296
391 348
389 346
395 366
395 380
86 295
394 381
162 401
163 400
390 347
163 398
347 420
111 508
161 404
108 501
393 380
160 403
164 399
387 344
348 419
391 380
161 406
175 394
390 379
172 399
392 349
89 324
83 296
252 501
390 351
112 507
161 402
162 397
102 491
109 506
399 360
109 500
107 502
398 371
90 324
391 349
162 398
398 360
168 398
161 405
86 296
163 399
386 344
82 298
169 399
395 365
390 348
108 502
102 492
167 397
347 421
389 347
175 393
162 400
252 500
160 402
390 350
112 506
371 391
83 297
110 506
96 296
397 373
371 393
348 420
396 370
349 421
111 507
161 401
172 398
92 324
87 295
397 375
396 366
397 371
159 403
109 501
394 380
89 297
390 378
97 297
391 379
90 297
87 296
93 322
169 398
89 298
97 298
171 398
390 349
391 378
108 503
389 348
392 379
159 402
395 364
161 398
371 392
159 404
76 303
168 397
86 297
176 393
396 371
162 399
251 500
103 492
83 298
91 324
387 346
386 345
348 421
92 323
75 312
96 297
109 504
160 401
394 379
160 405
110 501
111 506
349 422
109 502
396 373
180 391
170 399
372 391
372 393
397 360
396 375
396 365
385 344
90 298
159 401
91 323
75 311
160 398
169 397
251 499
109 503
87 297
396 360
96 298
110 504
389 349
385 345
110 502
86 298
77 313
394 378
111 505
387 347
348 422
178 392
93 297
91 297
396 372
395 371
388 348
83 299
103 493
159 405
372 392
396 376
176 392
93 321
349 423
392 378
170 398
92 322
179 391
395 377
180 390
160 400
76 304
161 399
88 298
177 393
386 346
396 364
76 312
77 303
104 492
385 346
94 297
395 376
396 363
169 396
110 503
83 300
75 310
160 399
77 304
394 377
170 397
157 408
77 312
159 406
387 348
251 498
114 505
392 377
91 322
87 298
104 493
158 401
77 314
386 347
92 321
395 372
76 309
180 389
96 299
111 504
388 349
348 423
393 378
177 392
396 361
78 313
95 298
178 391
92 297
111 502
373 392
91 298
77 311
79 313
393 377
158 406
112 504
177 391
159 399
158 400
87 299
92 298
157 407
387 349
156 408
384 346
178 390
251 497
77 305
91 321
88 300
76 310
94 298
375 385
78 314
374 392
170 396
96 300
105 493
90 322
111 503
179 389
92 320
113 505
394 372
77 309
84 300
394 376
347 423
385 347
114 504
396 362
78 304
252 498
112 503
171 396
395 362
158 399
157 406
375 390
77 310
393 376
347 424
385 348
384 347
92 299
88 301
383 346
177 390
91 320
79 304
106 493
94 299
375 386
113 504
155 408
376 385
79 314
85 300
374 391
157 404
80 315
252 497
386 349
96 301
78 305
170 395
178 389
87 300
78 311
90 321
394 373
155 407
107 493
394 362
171 395
188 372
375 389
157 399
122 504
374 386
393 375
123 391
382 348
80 304
375 387
384 348
78 310
374 390
86 300
177 389
346 424
170 394
376 386
90 320
81 315
93 299
78 306
79 305
157 405
156 406
89 301
80 314
394 374
385 349
252 496
113 503
95 301
157 403
383 347
380 351
156 405
156 399
90 301
80 305
375 388
187 372
78 307
373 390
123 504
81 314
393 374
176 389
80 311
93 300
177 386
124 391
122 503
79 306
188 373
123 392
90 319
382 349
122 499
393 362
392 375
82 315
384 349
121 500
123 390
345 424
171 394
383 348
374 387
121 502
252 495
86 301
188 371
157 398
94 301
79 310
376 387
112 501
373 386
157 402
108 493
113 502
155 406
345 423
376 388
79 307
392 374
84 316
112 500
81 311
109 493
251 495
122 502
80 306
124 504
123 503
81 305
176 386
121 499
155 405
82 314
374 388
157 397
156 400
393 361
171 393
373 387
81 313
89 319
177 387
121 501
186 370
186 372
156 398
122 498
251 491
124 390
154 404
373 389
379 351
380 352
187 371
154 406
382 350
176 388
93 301
90 302
156 402
124 392
383 349
80 310
381 351
86 302
91 301
187 373
125 391
113 501
252 492
383 350
344 423
84 315
85 302
93 302
343 424
185 372
125 504
82 305
83 304
155 402
377 388
80 307
185 370
186 371
123 502
250 495
80 309
186 373
109 494
251 494
85 316
125 392
125 390
156 397
120 499
90 303
82 313
367 390
153 404
81 310
155 398
89 318
392 361
252 493
113 500
114 501
156 401
251 492
172 393
122 501
365 390
392 373
373 388
124 503
382 351
176 387
121 498
379 352
91 302
250 491
154 405
122 497
110 494
125 503
114 500
251 493
84 314
391 361
89 317
111 497
185 371
367 389
85 303
81 307
123 501
175 387
185 375
379 353
391 373
365 389
155 397
123 395
113 499
83 305
121 497
81 309
126 390
186 374
153 405
126 504
372 388
155 401
172 392
124 502
250 494
383 351
92 302
382 352
250 492
342 424
366 390
385 353
184 372
93 303
378 388
126 392
343 423
127 391
185 373
84 304
83 313
119 499
91 303
85 315
382 383
379 356
184 375
384 353
365 388
250 493
154 397
85 314
174 387
119 498
83 306
185 374
89 316
114 499
371 388
379 354
127 390
391 362
366 389
152 405
383 352
342 423
126 393
123 500
124 501
92 303
174 391
183 372
88 317
386 353
82 309
124 395
391 372
115 498
123 396
127 392
382 385
172 391
127 394
111 496
378 387
120 497
112 497
84 313
154 401
85 304
110 495
184 371
82 307
121 496
126 503
390 373
83 307
86 314
380 356
112 496
174 388
116 498
114 404
153 401
126 502
92 304
85 305
125 395
381 383
87 315
119 497
84 312
123 397
249 493
118 498
82 308
127 389
381 385
127 393
128 388
365 387
366 388
84 306
88 316
391 371
114 498
382 384
370 388
379 355
390 362
383 353
120 496
390 372
378 386
342 422
85 313
152 406
174 390
184 374
371 387
173 387
111 495
89 315
153 397
124 500
183 371
386 354
128 394
90 314
125 499
173 391
380 385
127 502
87 314
89 314
390 371
390 363
248 493
380 355
153 398
112 495
83 308
386 355
88 315
128 393
152 401
128 395
113 496
365 386
183 370
124 397
151 406
342 421
120 495
172 387
124 499
118 497
85 312
379 386
183 374
117 498
389 362
114 405
125 396
370 387
366 387
128 389
92 305
126 395
381 384
114 497
85 306
86 313
383 354
153 400
125 498
173 388
173 390
90 313
116 497
86 307
391 370
129 388
115 404
182 375
369 388
114 496
368 388
248 492
390 370
183 369
125 397
378 384
247 493
129 389
116 496
88 314
118 496
342 420
119 495
130 388
382 354
91 305
181 375
389 363
149 395
152 398
129 391
128 502
85 307
117 497
124 498
343 421
150 406
129 393
89 313
113 495
366 386
114 406
86 306
84 308
126 396
390 364
369 387
152 400
112 494
128 396
127 501
173 389
115 405
85 311
87 313
182 374
381 355
345 419
379 385
380 384
367 387
386 356
171 387
124 497
88 313
114 407
344 419
150 397
114 495
385 356
149 406
128 501
130 389
367 386
343 420
127 396
389 364
378 383
129 390
112 493
368 387
90 305
170 385
386 357
125 398
171 388
115 406
247 492
149 394
182 369
128 397
183 368
379 384
149 396
130 391
88 305
84 309
85 308
87 306
118 495
369 386
345 418
117 496
181 374
382 355
126 397
244 493
119 494
148 395
389 370
366 381
118 411
129 392
180 375
171 386
152 399
85 310
172 389
244 492
126 398
130 500
89 305
151 399
343 419
150 398
367 381
182 368
118 412
379 383
369 385
366 382
118 494
382 356
117 495
114 494
368 386
384 356
129 501
130 390
148 394
386 358
170 386
118 410
147 395
127 397
346 416
180 374
88 306
115 407
128 490
113 493
88 312
247 491
246 492
179 371
366 384
128 398
148 396
389 369
149 397
90 306
169 385
85 309
388 364
128 500
148 406
124 496
171 389
130 392
345 417
245 493
128 399
117 410
367 384
132 393
127 398
246 491
129 490
385 358
345 416
181 368
367 382
124 495
346 415
346 409
117 494
116 407
245 492
179 374
126 399
146 395
131 390
179 372
130 499
171 390
147 394
247 490
131 392
128 491
382 357
88 311
129 500
128 499
114 493
365 382
120 415
87 308
170 391
343 418
150 399
383 356
118 413
366 383
148 405
379 382
368 385
149 398
89 306
387 364
148 397
384 357
87 310
169 386
86 309
388 369
115 408
119 412
180 371
126 494
387 361
148 404
129 499
146 396
387 363
367 383
345 415
383 357
146 404
346 408
125 495
88 310
368 382
127 493
116 494
115 493
132 390
121 415
169 387
342 418
180 368
247 489
147 397
364 382
133 393
126 496
179 373
87 309
345 409
343 417
178 372
149 399
147 405
248 488
388 368
148 398
344 412
170 390
120 414
379 381
114 492
147 393
387 367
178 374
88 308
245 491
180 370
129 491
169 391
117 409
132 392
120 412
246 490
346 414
125 401
127 399
384 358
117 407
89 307
116 408
368 384
344 416
119 413
169 390
169 388
179 368
386 367
88 309
146 397
346 407
128 493
345 414
363 382
177 374
383 358
344 411
127 496
126 401
387 368
178 373
168 391
248 487
343 412
129 498
114 491
147 392
127 400
342 417
368 383
245 490
147 398
180 369
116 493
376 381
133 392
149 400
130 491
125 402
120 413
147 404
378 381
129 492
148 403
127 494
345 408
130 401
386 361
121 404
132 391
387 362
117 408
146 391
344 415
244 489
128 401
148 399
344 413
126 495
89 308
146 403
247 488
380 359
121 414
344 409
168 387
115 492
344 414
178 368
133 391
146 390
247 487
121 405
147 391
377 381
343 413
176 374
344 408
129 493
380 360
125 403
375 379
134 390
130 492
342 412
168 388
245 489
121 413
122 404
341 417
343 409
369 383
376 380
146 398
246 488
148 400
167 391
383 359
149 401
169 389
386 368
243 489
119 407
345 407
89 309
90 308
363 381
127 495
179 369
244 488
115 491
381 359
129 401
385 361
126 402
122 414
147 403
343 411
127 401
91 307
118 408
343 415
130 402
386 362
116 492
129 497
128 494
378 380
177 373
124 403
129 496
92 307
386 369
385 362
374 379
342 415
343 408
120 407
130 493
243 488
128 495
342 411
91 308
384 361
147 390
380 361
341 416
177 368
146 399
245 488
167 388
370 383
377 380
129 402
344 407
375 376
127 402
122 405
117 492
116 491
381 360
382 359
134 391
244 487
129 494
147 402
90 309
246 487
342 413
178 369
119 408
131 492
147 400
148 401
343 414
122 413
363 380
130 403
340 417
121 406
375 378
376 379
242 487
176 373
135 390
371 382
167 390
168 389
145 398
381 361
121 407
131 493
166 388
177 369
176 368
341 409
342 414
146 400
147 401
175 373
92 308
118 492
371 381
117 491
90 310
129 495
245 487
340 416
386 370
382 360
123 405
243 487
376 378
364 380
342 398
119 409
246 486
341 413
241 487
130 494
384 362
341 411
341 415
374 376
122 412
375 377
127 403
145 399
120 408
342 408
377 379
176 372
374 378
91 309
177 371
135 391
166 390
124 404
370 382
148 390
167 389
343 407
129 403
386 371
241 488
341 414
92 309
243 486
149 390
148 389
176 369
370 381
124 405
166 389
377 378
371 380
340 409
121 494
128 403
343 398
130 495
118 491
146 401
374 377
145 400
127 404
120 491
341 408
131 494
120 409
176 371
119 492
385 372
121 410
165 390
382 361
177 370
91 310
340 411
120 493
364 379
136 391
117 490
342 407
365 380
383 362
340 415
122 411
122 407
174 373
342 399
245 486
123 406
91 311
176 370
174 372
145 401
173 373
377 377
384 372
340 414
128 404
124 406
123 411
118 490
343 399
373 377
165 389
134 494
122 494
385 371
240 488
150 390
339 411
341 399
122 410
119 491
365 379
175 371
93 309
121 493
370 380
120 492
164 390
131 497
243 485
382 362
121 409
341 407
131 495
340 408
245 485
122 408
136 392
149 389
337 402
344 399
371 378
339 414
372 377
129 406
239 488
174 371
93 310
92 311
382 363
131 496
138 393
123 410
132 495
339 408
336 401
135 492
122 493
122 409
378 377
151 390
369 380
335 400
124 407
244 485
150 389
137 392
340 407
123 408
163 390
144 401
175 370
341 400
119 490
128 405
383 372
370 379
348 399
384 371
132 497
134 493
140 393
366 379
339 410
164 389
334 413
121 492
133 494
172 373
130 406
378 376
126 406
338 404
383 371
368 380
337 413
339 407
151 389
129 407
244 484
341 401
163 389
239 487
135 493
372 376
133 497
340 406
173 371
348 398
367 379
133 495
140 392
123 409
144 402
119 489
335 401
128 406
234 484
138 392
370 378
125 407
171 373
334 414
336 402
371 377
174 370
382 364
237 487
338 410
122 492
136 492
173 365
92 312
337 401
345 399
335 413
143 401
347 399
152 388
93 311
377 375
335 399
132 496
170 374
338 414
174 368
139 393
340 401
339 406
338 401
371 376
335 414
152 389
172 365
335 402
368 379
377 374
370 377
127 406
143 402
369 378
338 407
173 368
142 389
124 409
338 415
123 492
169 374
346 399
378 375
122 491
137 492
382 365
125 408
336 399
126 407
238 487
347 398
335 412
237 486
141 390
128 407
173 370
138 391
235 484
93 312
170 373
234 483
133 496
383 370
338 409
244 483
337 404
130 407
163 388
172 371
136 493
140 391
173 366
336 413
338 405
336 403
337 414
153 388
120 489
174 369
139 392
166 374
251 471
252 482
143 403
172 370
337 409
173 369
368 378
237 485
169 373
337 405
376 374
334 402
235 483
336 414
339 401
136 494
335 411
137 493
382 368
153 389
370 376
126 408
168 372
377 373
251 481
338 406
123 491
130 408
173 367
172 366
162 388
337 407
140 390
382 370
381 365
243 483
169 375
134 496
346 398
163 387
94 312
238 486
172 368
336 410
125 409
245 483
378 374
337 415
347 397
141 389
142 388
121 489
127 407
244 482
161 387
128 408
337 399
139 391
335 403
138 389
137 494
139 390
243 482
251 470
235 482
168 375
136 495
169 376
126 409
161 386
138 493
337 416
169 380
368 377
337 398
172 367
338 399
160 385
154 389
166 375
335 410
132 409
382 369
370 375
236 483
142 403
127 408
336 415
124 491
346 397
334 411
337 406
378 373
128 409
135 496
167 374
336 409
251 472
130 409
252 481
237 484
238 485
380 365
333 402
376 373
121 488
95 312
335 404
245 482
251 482
162 387
168 371
129 410
169 372
347 396
339 400
172 369
250 471
381 368
382 367
131 408
336 405
244 481
141 388
140 389
337 408
155 389
160 384
168 380
167 375
135 497
238 484
336 406
243 481
171 369
378 372
140 388
138 494
334 410
169 371
334 404
121 487
245 481
381 367
141 403
336 408
338 398
376 372
251 469
95 311
347 395
130 410
252 480
169 379
136 496
346 396
236 482
129 411
339 399
171 367
168 376
336 416
127 409
250 482
97 313
161 385
337 397
369 375
162 386
367 377
251 473
333 403
237 483
381 369
380 366
125 491
132 410
368 376
139 389
138 388
250 472
131 409
246 482
127 410
378 365
376 371
252 479
380 367
378 371
346 395
367 376
237 482
335 406
160 383
130 411
246 481
122 487
98 313
339 398
96 311
335 408
334 405
159 382
250 473
368 375
336 417
250 469
131 410
139 494
170 367
140 403
132 411
379 366
345 396
97 312
334 409
380 369
161 384
136 497
239 484
249 472
139 388
167 380
142 405
170 369
333 404
167 376
169 370
338 397
242 481
155 388
168 379
137 496
251 468
162 385
125 490
249 482
335 416
124 489
138 495
247 482
131 411
139 387
379 367
334 416
241 481
159 381
165 381
379 369
162 384
166 380
160 382
250 474
242 480
167 377
248 482
252 478
333 409
139 495
377 365
99 313
239 483
249 473
324 426
249 481
335 407
247 481
141 405
155 387
335 417
344 396
250 468
167 379
125 489
345 395
98 312
127 411
123 487
334 408
164 382
130 412
137 497
124 488
251 479
332 404
169 367
377 371
237 481
140 404
97 311
367 375
339 397
169 369
378 366
333 405
142 406
333 416
140 405
339 396
241 480
142 407
155 386
249 474
125 488
378 367
345 394
251 478
163 382
166 377
131 412
240 481
168 367
366 375
239 482
377 366
250 479
165 380
333 408
137 406
323 426
166 379
248 473
334 407
137 498
154 387
378 369
334 417
249 468
344 395
377 370
162 383
332 405
141 406
98 311
168 369
160 381
138 497
124 487
238 481
164 381
324 425
139 386
140 495
139 496
248 481
99 312
127 412
154 386
344 392
138 386
249 467
125 487
138 498
248 480
332 408
377 369
139 385
345 393
98 310
154 384
137 407
344 394
249 479
377 367
248 474
131 413
324 424
333 407
165 379
140 406
166 378
365 375
168 368
161 381
333 417
332 406
99 311
339 395
126 414
140 496
240 480
167 369
163 381
239 481
141 407
162 382
323 425
163 373
250 478
164 380
127 413
376 366
138 406
142 408
249 478
323 424
331 408
151 386
154 385
248 465
141 408
332 407
237 478
164 373
374 371
163 374
239 480
131 414
344 393
153 386
163 370
127 474
126 487
249 466
155 384
137 408
126 415
343 392
340 395
247 474
138 385
246 465
167 368
246 463
376 367
248 479
364 375
99 310
372 371
138 499
243 462
163 380
127 414
98 309
139 406
377 368
333 418
140 497
140 407
162 381
165 378
166 369
238 479
163 372
375 370
137 384
161 380
139 407
363 375
321 425
248 478
237 477
161 379
239 479
164 374
151 385
155 383
166 368
312 428
127 473
322 424
162 380
245 463
374 370
248 466
342 394
137 385
246 464
364 374
99 309
130 414
100 310
244 462
331 407
152 386
153 385
126 486
376 368
373 371
101 311
139 499
137 383
140 498
128 474
137 409
247 475
140 408
247 465
341 395
323 423
375 369
151 509
127 475
162 370
163 379
243 463
238 478
163 371
249 477
332 418
343 393
127 415
372 370
164 378
138 408
126 475
164 377
243 464
129 414
244 463
102 311
247 476
238 477
138 409
152 385
100 309
140 499
313 428
239 478
247 466
162 379
151 508
375 368
362 375
136 385
166 367
126 485
322 423
248 477
155 382
101 310
165 366
363 376
165 368
151 384
321 424
361 374
342 393
374 369
245 464
128 415
330 407
137 410
373 370
321 426
162 371
128 473
331 418
139 408
161 370
363 374
164 375
311 428
152 509
341 394
136 383
163 378
164 376
154 382
138 410
129 473
362 374
129 415
244 464
313 429
141 499
363 373
329 407
152 508
240 478
317 429
139 409
127 485
162 378
163 491
151 383
135 383
128 378
102 310
320 426
152 384
130 386
360 374
101 309
363 377
148 504
341 393
359 375
374 368
103 311
247 467
163 377
321 423
126 476
151 507
319 421
340 392
164 366
153 383
330 418
161 371
135 385
239 477
328 406
311 429
328 420
331 417
373 369
247 477
165 367
246 477
360 375
136 421
316 429
362 373
135 384
359 376
164 491
321 422
328 407
339 392
246 467
373 368
164 493
127 378
133 418
240 477
163 376
151 382
125 478
161 372
247 468
147 504
327 420
149 504
317 428
328 409
151 506
328 419
319 426
245 466
248 469
164 367
148 503
101 308
142 499
129 416
150 505
134 385
330 417
153 382
329 418
145 502
126 477
326 419
131 386
338 391
311 430
248 471
130 385
318 421
362 377
139 410
128 379
314 429
129 472
239 476
340 393
102 309
152 383
329 408
244 465
152 507
327 406
162 377
129 470
132 417
163 492
104 311
128 485
320 421
239 475
317 421
126 478
131 385
130 384
317 419
152 506
133 385
146 500
151 505
133 415
135 421
128 380
326 418
321 421
337 391
134 384
129 471
360 376
153 505
362 372
147 503
339 393
133 419
338 392
154 504
128 484
145 501
133 417
130 470
328 408
247 471
104 310
150 504
131 417
327 419
103 301
163 367
245 467
161 373
356 384
318 420
136 420
362 378
140 410
142 498
129 383
326 406
248 470
152 382
165 493
102 308
245 477
315 429
241 477
316 428
143 499
129 417
310 430
134 420
246 468
165 491
163 493
328 418
164 492
361 377
167 495
318 426
327 409
129 379
244 466
329 417
103 309
146 502
247 469
125 479
373 367
126 378
363 371
127 477
162 376
363 370
143 498
135 420
317 420
133 384
160 373
327 408
309 430
129 382
327 418
316 421
131 384
245 468
317 426
247 470
133 420
137 414
151 504
244 467
125 480
316 427
163 368
168 495
242 477
165 492
132 385
130 383
166 495
134 421
147 502
152 381
128 483
326 407
373 366
153 504
329 416
134 415
360 383
322 421
127 478
161 376
338 393
145 500
361 378
310 431
129 418
130 471
336 391
163 494
152 505
327 414
129 380
357 384
105 310
360 377
103 308
356 383
125 378
241 476
166 493
126 481
104 301
244 477
141 410
154 503
316 419
240 475
165 494
372 367
133 416
146 501
362 371
130 417
103 302
131 470
132 419
315 428
162 375
359 384
359 370
161 374
102 307
129 483
152 380
103 303
153 503
240 474
326 408
134 416
361 371
359 369
104 302
322 420
135 415
317 423
126 480
160 376
327 415
144 498
316 426
359 383
127 479
242 476
124 378
327 417
178 496
131 471
364 370
326 414
127 481
132 420
132 384
360 382
106 310
133 421
313 417
152 504
315 427
138 414
147 501
372 366
135 419
163 495
130 418
145 499
140 412
154 502
131 383
130 380
244 476
245 469
137 415
160 374
169 495
316 422
130 382
243 477
105 309
141 411
168 494
325 407
103 307
337 393
336 392
309 431
162 368
128 482
129 419
358 384
166 492
165 495
357 383
181 497
328 416
315 419
246 470
133 383
161 375
360 370
183 495
244 468
316 420
360 378
148 501
105 302
105 308
destination
