map
random512-20-9.map
pivot
107 200
agent & start
511 507
510 508
510 507
509 508
511 506
511 503
511 505
507 509
508 508
509 507
510 506
507 508
511 504
509 506
510 503
506 509
508 506
507 507
505 509
510 504
505 508
509 504
508 503
506 507
504 509
507 506
504 508
507 505
505 507
501 511
508 504
497 511
508 502
506 506
510 501
507 504
500 511
498 511
509 502
506 505
505 506
502 509
501 510
497 510
504 507
503 508
499 511
506 504
498 510
501 509
502 508
509 501
510 500
505 505
500 510
503 507
498 509
509 500
499 510
502 507
500 509
504 505
505 504
503 506
511 497
504 504
499 509
509 499
502 506
508 500
501 507
503 505
500 508
510 497
508 499
504 503
501 506
505 502
503 504
502 505
499 508
500 507
511 496
499 507
505 501
508 498
500 506
506 500
509 497
510 496
501 505
504 502
503 503
501 504
495 510
496 509
498 507
502 503
506 499
503 502
destination
