map
random512-25-6.map
pivot
160 485
agent & start
499 24
486 11
492 17
501 26
482 9
480 11
490 15
493 18
485 10
511 36
480 7
503 28
475 0
481 10
500 25
491 16
509 34
510 35
488 13
502 27
495 20
489 14
508 33
480 10
509 35
481 9
485 11
488 14
480 8
484 10
489 15
479 7
511 37
508 34
490 16
499 25
479 11
498 24
482 10
492 18
481 11
494 20
495 21
474 0
486 12
501 27
500 26
510 36
475 1
503 29
481 12
491 18
482 11
480 9
500 27
495 22
509 36
475 2
474 1
510 37
492 19
476 3
484 11
479 8
488 15
502 29
479 10
489 16
498 25
508 35
493 20
507 34
485 12
501 28
485 13
478 10
488 16
495 23
500 28
491 19
509 37
502 30
510 38
476 4
493 21
501 29
489 17
507 35
487 15
508 36
484 12
506 34
482 12
499 27
475 3
492 20
479 9
498 26
483 11
474 2
497 25
493 22
476 5
506 35
502 31
488 19
507 36
500 29
497 26
494 23
486 15
487 16
472 1
510 39
478 9
490 19
499 28
505 34
484 13
489 18
471 0
485 14
498 27
491 20
477 6
475 4
483 12
509 38
473 2
503 32
474 3
501 31
487 17
500 30
505 35
508 38
506 36
499 29
495 25
471 1
496 26
483 13
470 0
476 6
492 22
488 18
489 19
472 2
497 27
490 20
474 4
473 3
509 39
498 28
503 33
493 23
491 21
477 9
477 7
486 16
504 34
488 20
502 32
494 24
485 15
476 7
507 38
489 20
504 35
509 40
490 21
485 16
506 37
483 14
494 25
511 42
487 18
470 1
496 27
473 4
474 5
492 23
471 2
502 33
498 29
477 8
497 28
495 26
505 36
472 3
508 39
501 32
499 30
471 4
500 31
494 26
486 18
491 23
483 15
470 2
496 28
509 41
482 14
498 30
493 25
504 36
495 27
506 38
472 4
475 7
501 33
499 31
476 8
510 42
485 17
503 35
484 16
507 39
511 43
489 21
473 5
471 3
500 32
474 6
502 34
492 24
474 7
470 3
500 33
508 41
510 43
495 28
469 2
494 27
490 23
492 25
486 19
473 6
480 13
482 15
483 16
493 26
468 3
501 34
503 36
497 30
485 18
475 8
509 42
502 35
506 39
489 22
472 5
496 29
498 31
511 44
508 43
491 24
504 37
500 34
468 2
479 13
484 18
507 41
469 3
497 33
473 7
488 22
480 14
510 44
489 23
486 20
508 44
496 30
490 24
475 9
498 32
506 40
503 37
495 29
485 19
478 12
494 28
493 27
499 33
481 15
483 17
474 8
509 43
505 39
502 36
472 6
491 25
501 35
476 10
504 38
467 1
495 30
482 17
504 39
500 35
481 16
497 32
499 34
509 44
471 6
478 13
486 21
476 11
477 12
466 1
475 10
470 5
472 7
455 0
489 24
484 19
501 36
469 4
467 2
506 41
498 33
474 9
510 47
496 31
494 29
483 20
490 25
503 38
480 15
479 14
488 23
492 27
485 20
473 8
510 46
511 47
505 41
482 18
503 39
470 6
473 9
490 26
498 34
474 10
456 0
481 17
472 8
495 31
476 12
480 16
486 22
483 21
494 30
477 13
509 45
506 42
504 40
489 25
483 19
466 2
455 1
499 35
488 24
497 39
510 48
493 29
492 28
484 20
469 5
475 11
500 36
496 32
479 15
509 46
477 14
498 35
472 9
468 5
505 42
504 41
470 7
467 4
478 15
476 15
476 13
484 21
489 26
480 17
479 18
479 16
471 8
475 16
496 39
455 2
475 12
497 38
483 22
498 39
457 0
490 27
474 11
493 30
481 18
503 40
465 2
499 36
482 19
492 29
456 1
495 32
485 22
511 48
487 24
469 6
468 7
474 16
465 3
497 37
478 16
487 25
469 7
510 50
511 49
499 39
458 2
458 0
498 36
497 35
475 15
473 11
503 41
463 3
490 28
471 9
496 38
472 10
467 5
477 15
489 27
480 18
488 26
456 2
508 46
492 30
476 14
475 13
457 1
491 29
466 4
484 22
494 32
476 16
468 6
481 19
479 17
493 31
505 43
458 1
457 2
504 43
478 17
500 39
474 15
497 36
480 19
494 33
464 3
465 4
499 40
508 47
477 16
469 8
484 23
474 13
459 0
511 50
493 32
467 6
489 28
481 20
456 3
487 26
510 51
462 1
505 44
463 2
505 46
475 14
470 9
472 11
491 30
474 17
496 37
461 0
486 25
485 24
473 16
503 42
477 17
457 3
492 32
506 46
471 11
503 43
473 13
496 36
466 6
464 4
490 30
487 27
500 40
460 0
462 2
511 51
481 21
474 14
507 47
473 17
504 44
461 1
488 30
489 29
491 31
493 33
469 9
499 41
485 25
459 1
484 24
494 34
480 20
488 28
473 19
505 45
470 10
473 15
465 5
473 20
461 2
477 18
484 25
472 17
468 9
473 14
506 47
469 10
464 5
491 32
502 43
466 7
467 8
504 45
507 48
493 34
472 19
503 44
483 24
487 30
501 42
460 1
478 19
486 27
489 30
465 6
495 36
488 29
480 21
487 28
511 52
474 19
471 12
490 31
457 4
508 49
500 41
472 15
473 18
458 4
474 20
471 13
471 15
460 2
500 42
468 10
463 5
459 3
501 43
477 19
485 27
470 12
464 6
469 11
507 49
502 44
492 34
486 28
461 3
494 36
471 17
489 31
473 21
490 32
466 8
508 50
487 29
511 53
506 48
472 14
491 35
478 20
483 25
480 22
467 9
482 24
503 45
484 26
472 18
466 9
494 37
507 50
483 26
481 24
482 25
468 11
505 50
492 35
470 13
485 28
500 43
462 5
461 4
465 8
493 36
471 14
479 22
463 6
480 23
491 34
471 16
511 54
486 29
501 46
489 32
474 21
501 44
471 18
459 4
469 12
478 21
505 48
510 53
460 3
477 20
497 42
467 10
502 45
466 10
477 21
499 43
463 7
493 37
509 53
478 22
506 50
460 4
492 36
489 33
476 20
482 26
464 8
475 21
500 46
485 29
511 55
479 23
504 48
470 14
507 51
481 25
469 17
490 34
494 38
470 18
505 49
508 52
497 41
510 54
470 16
497 43
469 13
461 5
480 24
501 45
467 11
484 28
496 42
463 8
487 32
503 48
499 44
510 55
471 20
464 9
484 29
475 22
488 33
500 45
468 13
480 25
481 26
476 21
469 14
495 40
466 11
506 51
469 18
485 30
504 49
489 34
486 31
467 12
496 41
469 16
496 43
462 7
492 37
509 54
468 17
490 39
493 38
460 5
507 52
465 10
511 56
478 23
508 53
461 7
469 15
487 33
491 39
482 28
491 37
460 6
480 26
483 29
507 53
478 24
470 20
498 44
506 52
493 39
486 32
469 19
484 30
467 17
488 34
467 13
468 16
495 43
495 41
499 45
471 21
494 40
472 22
464 10
477 23
490 38
508 54
468 18
510 56
503 49
476 22
489 35
511 57
485 31
462 8
479 25
465 11
467 16
493 40
490 37
479 26
494 41
468 19
458 7
506 53
467 14
509 56
468 15
470 21
461 8
511 58
508 55
477 24
471 22
476 23
464 11
484 31
504 51
460 7
494 43
472 23
482 29
466 13
469 20
483 30
465 12
485 32
488 35
492 39
481 28
498 45
505 52
507 54
487 34
462 9
502 49
489 38
467 18
508 56
460 8
492 40
503 51
497 45
502 50
507 55
504 52
483 31
465 13
479 27
467 15
489 37
499 47
459 7
467 19
478 26
471 23
466 14
505 53
498 46
461 9
509 57
486 36
510 58
493 43
485 33
487 35
493 41
470 22
486 34
476 24
488 36
469 21
457 7
501 49
464 12
506 54
472 24
511 59
494 42
463 11
481 29
508 57
466 15
467 20
470 23
454 3
488 37
486 37
480 31
492 41
504 53
507 56
478 27
493 42
483 32
503 52
464 13
479 28
502 51
469 22
501 50
498 47
497 46
465 14
461 10
458 9
457 8
459 8
509 58
510 59
482 31
477 26
481 30
505 54
471 24
460 9
484 33
511 60
506 55
462 11
499 48
476 25
486 35
484 34
457 9
508 58
485 35
492 42
478 28
463 13
483 33
481 31
480 32
499 49
504 54
464 14
485 37
505 55
491 41
461 11
502 52
465 15
497 47
471 25
482 32
501 51
484 38
467 21
453 3
487 37
454 4
510 60
498 48
470 24
476 26
461 13
506 56
469 23
479 29
477 27
459 9
468 23
470 25
506 57
461 14
482 33
461 12
483 38
479 30
507 58
459 10
481 32
464 15
498 49
502 53
454 5
509 60
453 4
467 22
477 28
504 55
497 48
484 37
484 35
480 33
476 27
491 42
466 21
460 11
487 38
463 14
499 50
457 10
478 29
508 59
488 39
501 52
490 41
501 53
496 48
499 51
498 50
453 5
462 14
464 16
469 25
490 42
476 28
489 41
455 11
481 33
466 22
482 38
502 54
464 24
460 12
454 6
488 40
457 11
503 55
477 29
456 10
511 65
509 61
507 59
468 24
459 11
504 56
495 47
484 36
505 57
508 62
451 3
452 4
478 30
465 23
463 15
511 63
510 62
461 15
466 30
483 35
487 39
497 49
499 52
455 12
463 24
475 28
505 58
504 57
496 49
481 40
451 4
494 47
502 55
465 18
469 28
482 39
508 61
500 55
466 23
464 23
478 31
510 65
453 6
450 5
462 15
509 62
481 34
466 31
498 51
510 63
483 36
459 12
495 48
458 11
455 10
450 3
468 25
511 64
465 22
490 43
505 60
467 30
497 50
489 42
452 5
465 24
487 40
506 59
501 54
477 30
467 24
503 56
488 41
463 16
482 36
463 23
494 48
452 6
488 46
454 10
451 5
481 35
456 12
450 4
504 60
507 61
496 50
481 39
476 30
480 40
509 63
458 12
502 56
465 19
475 29
467 31
467 25
493 47
459 13
447 1
477 31
495 49
489 45
499 55
469 27
490 44
464 18
464 22
501 55
466 32
467 29
487 41
462 16
506 60
510 64
504 58
488 42
468 30
505 59
468 28
466 24
499 53
469 29
497 51
447 2
464 19
449 4
492 47
495 50
503 60
489 44
477 32
488 47
489 46
476 31
454 9
480 35
502 61
478 33
488 43
458 13
474 29
503 58
497 52
500 63
467 32
498 53
504 59
462 23
486 41
479 34
494 49
466 25
491 46
463 22
462 17
499 54
490 45
469 30
501 56
496 51
480 39
467 26
487 42
506 61
470 29
476 33
446 1
451 6
467 28
468 27
465 20
463 18
481 36
502 57
452 7
456 13
509 64
464 21
501 62
500 62
489 47
463 19
462 22
502 62
502 58
466 26
464 20
446 2
511 67
498 54
503 59
487 43
476 32
497 53
467 33
495 51
501 63
468 32
480 38
473 29
475 31
493 49
496 52
466 28
477 33
462 18
453 9
457 13
508 66
452 8
502 60
486 42
445 1
448 4
506 62
467 27
458 14
485 41
508 64
470 30
479 35
451 7
492 48
481 37
461 23
503 61
478 34
494 50
488 44
501 57
491 47
490 46
502 63
480 37
492 49
510 67
474 31
495 52
479 36
469 32
448 5
500 57
502 59
463 20
485 42
499 62
475 32
497 54
493 50
466 27
444 1
511 68
462 21
461 18
477 34
501 60
443 0
496 53
461 22
494 51
506 63
509 66
478 35
487 44
501 58
479 38
457 14
465 28
490 47
503 62
500 61
505 62
460 17
451 8
486 43
508 65
473 30
470 31
445 2
468 33
452 9
462 19
449 6
445 3
457 15
494 52
448 6
511 69
443 1
450 8
492 50
491 49
506 64
477 35
497 55
499 57
490 48
498 56
487 45
484 42
474 32
479 37
478 36
464 28
461 21
460 18
470 32
510 68
507 65
485 45
486 44
472 30
471 31
496 54
451 9
485 43
502 64
465 27
459 17
493 51
469 33
460 22
500 58
442 0
501 59
444 2
462 20
449 7
499 61
504 62
509 67
461 19
497 56
477 36
493 52
478 37
473 32
509 70
500 59
498 57
449 8
506 65
461 20
505 64
484 45
494 53
499 58
491 50
471 32
470 33
476 35
496 55
460 21
448 7
454 13
451 10
455 14
490 49
447 6
464 27
463 28
483 42
484 43
509 68
481 42
486 45
460 19
445 4
510 69
499 60
444 3
472 31
504 63
443 2
485 44
456 15
458 17
442 3
442 1
503 64
475 35
486 46
453 13
490 50
441 1
443 3
451 11
450 10
442 2
472 32
504 64
509 69
444 4
463 27
454 14
495 55
505 65
507 67
446 6
459 19
489 49
480 42
449 9
458 18
491 51
462 28
477 37
448 8
464 26
445 5
473 33
493 53
470 34
460 20
496 56
499 59
503 65
506 66
482 42
451 13
508 70
497 57
455 15
476 36
442 4
471 33
508 68
484 44
482 43
458 19
453 14
449 10
463 26
446 7
472 33
479 42
489 50
443 4
493 54
461 28
497 58
457 18
476 37
492 53
441 2
450 11
477 38
494 55
474 35
447 8
490 51
508 69
496 57
454 15
462 27
475 36
480 43
483 44
444 5
440 1
488 49
451 12
450 13
486 47
459 20
504 65
445 6
471 34
507 68
498 59
506 67
505 66
496 58
492 54
450 12
445 7
456 18
477 39
453 15
476 38
493 55
495 57
440 2
506 68
480 44
482 44
443 5
479 41
444 6
507 69
504 66
490 52
447 9
487 49
472 34
454 16
439 1
474 36
446 8
486 48
449 11
462 26
489 51
497 59
479 43
458 20
491 53
461 27
471 35
488 50
456 19
457 20
478 41
443 6
479 44
460 27
485 48
488 51
506 69
447 10
444 7
440 3
496 59
462 25
495 58
474 37
504 67
490 53
481 44
510 73
453 16
458 21
452 15
476 39
438 1
475 38
473 36
455 18
492 55
487 50
472 35
446 9
491 54
482 45
486 49
480 45
449 12
493 56
439 2
483 46
494 57
504 68
509 73
477 41
502 66
438 2
452 16
492 56
443 7
446 10
477 43
440 4
510 74
474 38
506 70
459 27
453 17
487 51
473 37
490 54
437 1
485 49
456 20
482 46
489 53
475 39
481 45
445 9
483 47
461 25
486 50
455 19
472 36
447 11
488 52
508 72
496 60
479 45
444 8
471 37
494 58
458 22
493 57
476 40
448 12
458 27
477 42
485 50
476 41
438 3
510 75
457 22
437 2
458 23
475 40
443 8
507 72
496 61
455 20
493 58
459 26
488 53
470 37
502 67
501 66
451 16
444 11
492 57
460 25
448 13
511 76
472 37
484 49
508 73
444 9
509 74
473 38
452 17
436 1
481 46
491 56
456 21
504 69
495 60
482 47
439 4
446 11
489 54
505 70
435 0
477 44
487 52
494 59
478 45
447 12
490 55
503 68
442 7
483 48
472 38
502 68
507 73
457 23
458 26
476 44
476 42
435 1
442 8
458 24
509 75
505 71
454 20
454 22
499 65
504 70
455 23
484 50
444 10
503 69
488 54
475 41
483 49
464 30
510 76
481 47
453 23
459 25
492 58
491 57
448 14
489 55
445 11
455 21
490 56
482 48
511 77
498 64
508 74
478 46
495 61
494 60
506 72
501 67
474 40
446 12
452 18
486 52
451 17
437 3
439 5
434 0
438 4
470 36
492 59
453 24
498 65
504 71
458 25
475 44
505 72
473 46
457 24
478 47
457 26
464 31
442 9
491 58
485 54
441 8
489 56
472 47
502 69
439 6
493 60
472 41
474 45
506 73
433 0
486 53
434 1
463 30
454 23
499 66
475 42
487 54
431 0
443 10
451 18
474 41
435 4
501 68
481 48
485 52
508 75
472 39
511 78
476 45
497 64
456 23
495 62
492 61
500 67
490 57
480 47
453 20
469 36
437 4
447 14
483 50
446 13
510 77
445 12
454 21
452 20
473 45
493 61
510 78
500 68
450 18
447 15
456 24
485 55
463 31
479 47
475 43
509 77
484 54
485 53
491 61
436 4
491 59
482 50
472 46
473 41
440 8
494 62
483 51
472 40
480 48
486 54
489 57
433 1
474 46
492 60
468 36
438 6
487 55
507 75
442 10
464 32
431 1
454 24
490 58
471 39
484 52
453 21
437 5
511 79
473 47
457 25
432 0
504 72
445 13
475 45
488 56
498 66
435 5
496 64
501 69
502 70
505 73
441 10
473 42
493 62
438 7
456 25
511 80
440 9
475 46
463 32
490 61
432 1
431 2
487 56
491 60
508 77
437 6
495 64
510 79
497 66
509 78
468 37
445 14
483 54
449 18
488 57
480 49
464 33
509 80
472 45
506 75
484 53
476 47
483 52
474 47
505 74
500 69
482 51
452 21
491 62
474 43
489 58
502 71
486 55
504 73
454 25
447 16
479 48
503 72
494 63
473 44
481 50
471 40
496 65
436 5
442 11
510 80
502 72
500 70
469 41
502 74
508 78
467 37
445 15
468 38
463 33
438 8
479 49
504 74
493 63
507 77
432 2
495 65
511 81
472 44
499 69
462 32
481 51
475 47
489 59
476 48
470 40
509 79
451 21
482 52
488 58
486 56
461 31
487 57
436 6
447 17
440 10
469 39
448 18
439 9
473 43
437 7
442 12
482 54
455 25
433 3
491 63
496 66
483 53
490 60
506 76
456 27
508 79
499 70
468 39
504 75
494 65
479 50
433 4
500 71
486 57
441 12
482 53
493 64
469 40
467 38
462 33
461 32
481 52
471 42
432 3
495 66
492 63
480 51
449 20
444 15
455 26
468 41
511 82
498 69
510 81
448 19
439 10
506 77
477 48
451 22
463 34
501 72
503 74
472 43
489 60
445 16
501 74
475 48
437 8
436 7
438 9
446 17
460 31
488 59
476 49
459 30
502 73
470 41
447 18
492 64
466 38
511 83
505 77
464 36
438 10
475 51
458 30
451 23
470 42
435 7
476 50
493 65
488 60
501 73
460 32
471 43
510 82
439 11
475 49
436 8
462 34
463 35
503 75
459 31
441 13
455 27
500 72
443 15
450 22
494 66
507 79
456 28
446 18
444 16
445 17
504 76
468 40
485 57
447 19
448 20
477 49
498 70
486 58
480 52
432 4
449 21
481 53
479 51
506 78
445 18
485 58
446 19
438 11
498 71
499 72
465 38
464 37
447 20
445 22
459 32
441 14
430 7
467 40
462 35
479 52
449 22
475 50
510 83
428 1
480 55
431 4
480 53
451 24
461 34
487 60
435 8
444 17
450 23
458 31
507 80
474 51
448 21
493 66
504 77
497 70
440 13
443 16
486 59
463 36
492 67
455 28
476 51
439 12
470 43
431 6
453 26
500 73
432 5
477 50
503 76
437 10
436 9
509 82
474 49
492 65
425 0
466 39
489 62
505 78
435 9
485 59
448 22
454 28
431 5
445 23
488 62
452 26
455 29
465 39
430 6
434 8
442 16
444 18
470 44
498 72
509 83
429 7
427 1
474 50
506 80
486 60
440 14
476 52
484 58
508 82
473 49
430 4
482 56
479 55
480 54
462 36
491 65
505 79
425 1
428 2
424 0
460 34
479 53
478 52
445 19
457 31
443 17
487 61
426 0
507 81
511 85
497 71
502 76
445 21
503 77
477 51
482 58
450 24
473 51
446 20
492 66
441 15
489 63
466 40
458 32
463 37
449 23
439 13
447 21
436 10
438 12
461 35
510 84
446 22
496 70
464 38
493 67
453 27
483 57
499 73
428 3
438 13
466 41
453 28
454 29
497 72
478 53
472 49
487 62
462 37
452 27
502 77
479 54
472 51
439 14
461 36
424 1
468 43
456 31
486 61
443 18
510 85
444 19
445 20
447 22
495 70
436 11
430 5
485 60
448 23
473 50
509 84
464 39
488 63
459 34
482 57
482 59
427 2
463 38
440 15
450 25
426 1
491 66
508 83
470 45
446 23
429 4
493 68
506 81
437 12
429 6
511 86
435 10
451 26
457 32
503 78
441 16
442 17
483 58
505 80
477 52
481 56
433 8
484 59
498 73
444 21
506 82
462 38
488 64
439 15
454 30
472 50
509 85
425 3
443 19
485 61
481 57
464 40
442 18
450 26
449 25
426 2
459 35
451 27
433 11
455 31
461 37
433 9
441 17
493 69
496 72
498 74
444 20
487 63
440 16
494 70
505 81
436 12
490 66
453 29
511 87
507 83
486 62
467 43
424 2
456 32
463 39
438 14
499 75
457 33
504 80
477 53
470 46
478 54
435 11
468 44
483 59
429 5
428 4
437 13
482 60
427 3
423 1
502 78
510 86
484 60
465 41
495 71
504 82
460 36
447 23
458 34
457 34
489 66
470 47
493 70
490 67
505 82
454 31
496 75
503 80
489 68
459 36
455 32
501 78
434 11
511 88
492 69
488 65
468 45
438 15
448 25
441 18
437 14
495 76
504 83
462 39
498 75
453 30
494 75
467 44
506 83
486 63
493 76
509 86
485 62
470 49
494 71
428 5
452 29
427 4
491 76
491 68
460 37
499 76
484 61
425 4
497 74
456 33
435 12
495 72
426 3
492 77
439 16
466 43
465 42
449 26
432 9
477 54
471 50
443 20
423 2
436 13
510 87
424 3
503 82
447 24
502 79
483 60
433 10
480 57
451 28
464 41
470 50
465 43
467 45
439 17
422 2
460 38
493 75
494 74
435 13
491 75
455 33
501 79
487 65
493 71
432 10
497 75
494 72
488 66
459 37
477 55
426 4
494 76
469 47
505 83
489 69
423 3
447 25
510 88
440 18
493 77
479 57
451 29
492 78
503 81
453 31
458 36
442 20
506 84
466 44
438 16
491 69
474 54
434 12
490 68
470 48
485 63
457 35
498 76
454 32
476 54
464 42
509 87
483 61
480 58
427 5
448 26
492 76
496 76
489 67
452 30
462 40
484 62
463 41
492 70
436 14
437 15
506 85
437 16
494 77
451 30
497 76
500 79
476 55
466 45
424 5
423 4
464 43
465 44
479 58
431 10
468 47
488 67
463 42
505 84
492 79
478 57
490 69
508 87
467 46
426 5
492 75
498 77
501 80
447 26
450 29
459 38
469 50
427 6
452 31
434 13
436 15
446 25
483 62
439 18
493 78
454 33
474 55
469 48
421 2
470 51
462 41
509 88
422 3
510 89
507 88
502 81
493 72
442 21
457 36
486 65
484 63
441 20
448 27
493 74
438 17
475 54
492 71
440 19
456 35
458 37
494 78
487 67
448 28
467 47
483 63
484 64
439 19
442 22
461 41
465 47
431 11
430 10
479 59
474 56
421 3
476 56
507 89
446 26
426 6
491 71
443 23
509 89
456 36
500 80
493 79
468 48
511 91
493 73
480 60
501 81
482 62
423 5
490 70
441 21
463 43
435 15
447 27
475 55
425 7
438 20
505 85
469 51
477 57
424 8
437 17
436 16
440 20
499 79
450 30
433 13
462 42
492 74
468 50
485 65
508 88
497 77
460 40
465 45
458 38
424 6
434 14
453 33
464 44
451 31
442 23
463 44
476 57
452 33
479 60
466 47
485 66
431 12
421 4
511 92
464 45
450 31
492 73
465 46
468 49
435 16
417 0
451 32
504 85
467 50
500 81
469 52
434 15
508 89
490 71
426 7
455 36
495 78
430 11
458 39
459 42
446 27
474 57
422 5
438 19
497 78
420 3
423 8
502 83
425 8
443 24
483 64
460 41
433 14
437 18
448 29
438 21
505 86
475 56
487 68
441 22
423 6
459 40
461 42
456 37
477 58
449 30
510 91
440 21
498 79
509 90
424 9
478 59
447 28
481 62
501 82
480 61
429 10
494 79
499 81
422 8
480 62
418 2
454 36
466 50
432 14
481 63
426 8
498 80
448 30
440 22
423 7
510 92
421 5
467 51
511 93
464 46
442 24
490 72
495 79
431 13
486 68
460 42
429 11
494 80
504 86
469 53
479 61
417 1
471 53
425 9
447 29
416 0
458 40
509 91
446 28
459 41
434 16
439 21
451 33
468 52
462 44
441 23
502 84
497 79
422 12
501 83
491 73
476 58
442 26
450 32
420 4
433 15
508 90
485 67
430 12
477 59
456 38
467 49
466 48
424 10
484 66
461 43
475 57
483 65
496 78
455 37
437 19
436 18
417 2
433 16
456 39
471 54
448 31
429 12
500 83
440 29
441 26
421 6
470 53
510 93
422 13
428 11
415 0
466 49
420 5
479 62
488 71
466 51
454 37
502 85
435 18
418 3
468 53
450 33
422 7
447 30
503 86
486 69
446 29
475 58
477 60
496 79
467 52
432 15
423 12
416 1
449 32
426 9
484 67
508 91
469 54
495 80
490 73
461 44
463 46
458 41
460 43
436 19
480 63
424 11
472 55
442 27
509 92
499 82
430 13
434 17
483 66
462 45
498 81
441 24
440 23
422 11
439 22
451 34
419 4
414 0
482 66
477 61
420 6
511 95
466 52
450 34
446 30
440 24
468 54
428 12
495 81
445 29
475 59
470 54
501 85
507 91
420 8
486 70
443 27
419 5
417 9
439 23
498 82
421 9
431 15
463 47
471 55
461 45
472 56
415 1
476 60
485 69
488 72
490 74
440 30
441 27
432 16
500 84
429 13
455 39
497 81
484 68
457 41
499 83
422 10
447 31
462 46
510 94
423 13
440 28
487 71
496 80
465 51
425 11
453 37
509 93
480 64
418 4
424 12
417 3
465 49
421 7
483 67
435 19
502 86
448 32
464 50
464 48
426 10
434 18
456 40
479 63
430 14
460 44
454 38
441 30
497 82
478 63
482 67
471 56
484 69
445 30
450 35
499 84
460 45
464 49
447 32
418 9
420 9
415 2
440 27
467 54
510 95
461 46
423 14
501 86
459 44
453 38
417 4
478 65
458 43
454 39
449 34
470 55
431 16
489 74
443 28
511 96
476 61
495 82
508 93
475 60
430 15
479 64
426 11
442 29
463 50
419 8
480 65
507 92
427 12
433 18
487 72
465 52
500 85
496 81
417 10
466 53
421 10
414 1
435 20
418 5
416 3
420 7
483 68
463 48
502 87
456 41
428 13
486 71
439 24
413 0
425 12
419 6
438 23
509 94
461 47
435 23
429 15
464 52
478 66
417 5
506 92
482 68
484 70
450 36
466 54
410 0
487 73
489 75
442 30
474 60
433 19
433 25
443 29
463 49
414 2
409 3
431 17
427 13
496 82
413 1
498 84
449 35
509 97
426 12
432 18
453 39
459 45
448 34
508 94
457 43
497 83
479 65
475 61
416 4
478 64
462 48
509 95
439 27
488 74
419 7
418 8
435 21
424 14
470 56
430 16
501 87
434 24
454 40
455 41
465 53
484 72
425 13
415 3
416 10
460 46
499 85
458 44
420 10
463 51
437 23
445 31
418 6
510 96
486 72
438 24
447 33
486 73
505 92
416 5
434 25
448 35
430 17
510 97
425 14
420 11
474 61
481 68
489 76
501 88
484 71
479 66
453 40
509 96
473 60
417 6
433 20
462 51
439 26
511 98
477 64
456 45
413 2
431 18
415 4
478 67
461 50
462 49
483 70
434 23
466 55
460 47
463 54
480 67
459 46
496 83
432 19
457 44
410 1
498 85
499 86
458 45
443 30
436 23
463 52
455 42
438 25
456 43
429 16
447 34
487 74
444 31
464 53
418 7
449 36
435 24
409 2
508 95
488 75
411 0
415 10
414 3
409 0
483 72
434 21
428 15
508 97
408 3
426 13
433 24
437 24
469 56
506 93
457 45
430 18
488 76
508 96
425 15
411 1
496 84
482 70
431 19
430 20
511 99
426 14
498 86
443 31
461 51
434 26
492 82
480 68
506 94
500 88
465 55
481 73
455 45
469 57
455 43
459 47
416 6
453 41
472 60
437 25
429 17
408 0
463 53
464 54
409 1
486 74
505 93
414 4
473 61
415 5
458 46
507 95
456 46
479 67
461 49
433 21
433 23
428 16
415 9
413 3
448 36
417 7
474 62
507 97
420 12
432 20
436 24
412 2
427 15
449 37
408 2
438 26
487 75
410 2
493 81
499 87
501 89
483 71
476 64
435 25
510 98
482 72
447 35
487 76
427 16
415 8
443 32
437 26
407 2
436 25
507 96
465 56
414 9
417 12
479 68
458 47
453 42
461 52
481 72
416 7
511 100
430 19
447 36
492 81
433 22
450 39
482 73
468 57
473 62
408 1
472 61
425 16
414 5
490 79
435 26
412 3
495 84
499 88
431 20
413 4
411 2
454 43
475 64
457 46
432 21
469 58
510 99
506 95
488 77
502 93
449 38
485 74
482 71
419 12
493 82
407 0
426 15
498 87
429 18
494 83
496 85
500 89
474 63
455 44
464 55
505 94
497 86
462 53
460 49
468 58
416 14
505 95
406 0
494 84
486 78
482 74
418 12
449 39
499 89
504 94
471 61
464 56
509 99
426 16
503 93
442 32
436 26
472 62
453 43
486 76
469 59
511 101
451 41
429 19
428 18
488 78
485 75
424 16
417 13
452 42
419 13
413 5
479 69
415 7
437 27
454 44
411 3
458 48
493 83
461 53
496 86
459 49
490 80
500 90
481 71
480 72
412 4
407 1
510 100
431 21
489 79
498 88
457 47
450 40
480 70
443 33
474 64
446 36
435 27
502 94
414 8
491 81
432 22
414 6
475 65
448 38
465 57
506 96
487 77
509 100
414 7
463 56
443 34
479 70
490 81
442 33
458 51
460 53
464 57
412 5
451 42
494 85
458 49
423 16
452 43
470 73
416 15
468 59
499 90
417 14
488 79
424 17
483 74
406 1
473 64
485 76
479 72
446 37
497 90
466 57
498 89
411 4
448 39
449 40
405 0
418 13
487 78
467 58
441 32
450 41
471 62
429 22
497 88
484 75
486 77
431 22
436 27
477 68
469 60
465 58
495 86
505 96
489 80
445 36
422 15
474 65
462 55
480 71
475 66
493 84
428 19
413 8
478 69
510 101
503 94
427 18
457 48
426 17
461 54
453 44
472 63
504 95
447 38
452 44
458 50
460 54
431 23
487 79
470 72
427 19
455 47
489 81
471 73
497 89
442 34
479 71
449 41
488 80
417 15
491 85
506 98
476 68
461 55
509 101
423 19
424 18
441 33
456 48
440 32
464 58
485 77
402 0
436 28
478 70
472 64
503 95
505 97
494 86
508 100
448 40
462 56
465 59
472 68
492 84
473 65
471 63
443 35
483 75
451 43
413 7
493 85
459 53
426 18
507 99
429 23
457 49
447 39
450 42
498 90
470 62
471 69
405 1
458 52
412 6
468 60
474 66
477 69
457 51
418 14
466 58
469 61
423 17
445 37
411 5
491 83
421 15
496 90
422 16
429 21
506 99
467 60
403 0
457 50
471 68
498 91
473 68
484 77
491 84
490 83
430 23
418 15
471 70
496 89
420 15
503 96
424 19
451 44
509 102
460 55
423 18
494 87
445 38
405 2
507 100
458 53
489 82
472 65
464 59
446 39
421 16
459 54
483 76
449 42
488 81
473 66
455 48
401 0
426 19
462 57
447 40
471 72
444 37
454 47
505 98
487 80
469 62
431 24
422 17
412 7
440 33
490 85
450 43
499 92
411 6
493 86
492 85
471 64
442 35
466 59
470 71
436 29
443 36
428 21
478 71
404 1
508 101
472 67
397 0
476 69
477 70
402 1
504 97
470 63
482 76
411 7
476 70
461 67
488 86
427 21
424 20
422 18
397 1
471 65
425 19
488 82
473 69
463 59
402 2
456 50
503 97
448 42
483 77
405 3
442 36
446 40
447 41
419 15
434 28
505 99
499 93
431 25
439 35
457 53
441 35
451 45
489 83
506 100
470 64
435 31
403 1
508 102
426 20
398 0
475 69
489 85
435 29
462 58
498 92
444 38
490 84
477 71
469 63
504 98
404 2
471 67
486 80
484 78
455 49
445 39
472 66
485 79
493 89
440 34
430 24
509 103
460 56
466 60
458 54
400 0
472 70
471 71
502 96
464 60
493 87
461 57
450 44
420 16
453 47
495 89
465 61
481 75
468 62
492 86
483 78
404 3
482 77
486 81
408 5
402 3
461 66
510 105
400 1
431 26
435 30
506 101
401 2
443 38
419 16
433 28
488 83
454 49
434 29
468 63
452 47
427 22
477 72
450 45
424 21
476 71
462 59
466 61
440 35
494 89
478 73
493 90
489 84
472 71
475 70
439 34
469 64
445 40
485 80
426 21
460 67
471 66
436 31
463 60
467 62
508 103
488 85
484 79
405 4
481 76
498 93
492 87
509 104
505 100
502 97
460 57
487 82
461 58
403 2
397 2
421 18
501 96
459 56
470 65
464 61
480 75
473 70
457 54
399 0
504 99
441 36
463 62
497 92
456 53
450 47
430 25
487 86
455 50
425 20
447 42
411 8
428 27
398 1
432 28
456 54
430 26
473 71
479 75
461 59
498 98
495 91
453 49
459 67
440 36
466 62
477 73
494 90
507 103
413 11
448 44
396 2
428 26
434 30
426 22
478 74
403 3
431 27
395 3
441 37
492 88
491 87
444 40
470 66
505 101
398 2
458 58
510 106
498 94
447 43
423 21
455 51
504 100
464 62
420 18
468 64
497 93
419 17
402 4
452 48
449 45
436 32
481 77
424 22
463 61
508 104
407 5
450 46
503 99
410 8
397 3
509 105
506 102
501 97
425 21
499 97
488 84
451 47
429 27
399 1
454 50
458 56
438 34
400 2
475 71
469 65
459 57
460 58
429 25
404 4
487 85
443 39
500 96
405 5
502 98
484 80
482 78
460 66
408 6
486 82
486 83
436 33
432 29
448 47
499 98
456 55
455 54
480 77
437 34
503 100
505 102
466 63
399 2
440 37
504 101
460 65
407 6
454 51
460 59
433 30
485 82
462 61
427 26
458 67
459 58
402 5
458 57
474 71
419 18
409 8
448 45
412 11
494 91
498 97
449 46
453 50
510 107
461 60
481 78
477 74
428 25
487 84
413 12
447 44
452 49
420 19
497 94
475 72
467 64
469 66
446 43
509 106
495 92
403 4
427 24
421 22
395 4
425 22
482 79
484 81
461 64
479 76
443 40
500 97
464 63
422 21
396 3
501 98
405 6
430 27
476 73
426 23
451 48
507 104
400 3
491 88
447 48
459 66
441 38
483 81
432 30
446 44
436 34
425 23
426 24
504 102
509 107
448 46
452 50
505 103
435 35
403 5
404 6
468 66
482 80
486 84
430 28
466 64
440 38
407 7
408 8
401 5
459 65
406 6
474 72
460 60
478 76
421 23
461 63
460 64
434 38
458 66
496 94
497 95
507 105
437 35
413 13
467 65
476 74
435 33
410 10
494 92
451 49
395 5
501 99
427 25
461 61
399 3
433 31
422 22
411 11
459 59
465 63
434 32
485 83
464 64
491 89
420 22
396 4
503 101
439 37
498 96
453 51
506 104
480 78
443 41
409 9
455 55
447 45
502 100
510 108
484 82
457 57
500 98
475 73
419 19
448 48
418 18
456 56
479 77
447 47
431 29
436 35
483 82
459 60
407 8
457 66
479 78
458 65
438 37
448 49
474 73
403 6
444 43
508 107
482 81
411 12
418 19
434 33
434 37
410 11
433 38
450 49
431 30
413 14
497 96
426 25
505 104
404 7
420 21
452 51
410 13
510 109
432 31
478 77
409 10
422 23
439 38
417 18
430 29
493 92
459 64
461 62
491 90
455 56
507 106
437 36
402 7
465 64
500 99
503 102
400 5
460 63
469 68
408 9
496 95
484 83
453 52
442 41
466 65
425 24
494 93
506 105
419 20
412 13
399 4
446 45
396 5
433 32
468 67
447 46
485 84
467 66
406 7
495 94
475 74
456 57
435 34
460 61
501 100
455 57
436 36
403 7
460 62
473 77
431 31
459 63
453 53
402 8
459 61
456 66
465 65
466 66
426 30
411 13
443 43
509 111
433 35
404 8
449 49
438 38
506 106
432 32
451 51
500 100
423 23
418 20
424 24
483 83
435 37
503 103
417 19
496 96
433 37
492 92
434 34
445 45
494 94
433 33
474 76
399 5
397 5
475 75
409 11
439 39
452 52
509 109
430 30
504 104
488 88
511 111
469 69
456 58
407 9
410 12
442 42
401 9
434 36
484 84
473 73
413 15
405 9
490 90
437 37
406 8
479 79
408 10
416 18
457 65
499 101
468 68
478 78
444 44
508 108
507 107
425 25
491 91
493 93
450 50
474 74
482 82
476 76
446 46
505 105
419 21
401 10
456 65
456 67
433 34
490 91
432 37
413 16
429 30
493 94
450 51
424 25
474 75
457 60
442 43
418 21
440 41
433 36
425 26
478 79
496 97
510 111
484 85
444 45
452 53
476 77
432 33
509 110
402 9
511 112
456 59
473 74
481 82
443 44
417 20
503 104
455 66
468 69
438 39
404 9
398 5
423 24
425 30
431 32
437 38
474 77
455 58
483 84
441 42
490 93
495 96
504 105
426 29
491 92
430 31
405 10
508 109
469 70
499 100
475 76
482 83
439 40
415 18
480 81
459 62
477 78
506 107
458 63
411 14
403 8
426 27
473 76
487 88
449 50
500 101
488 89
406 9
505 106
465 66
445 46
409 12
501 102
486 87
489 90
407 10
436 37
508 116
458 62
432 36
455 65
476 78
510 112
412 16
452 58
402 10
430 32
428 30
481 83
486 88
488 90
442 44
485 87
439 43
435 39
455 67
425 29
403 9
509 115
503 105
472 76
451 59
493 95
475 77
432 34
415 19
411 15
496 98
493 97
439 41
483 85
468 70
510 114
501 103
408 12
436 38
444 46
437 39
500 102
490 94
443 45
423 25
489 91
438 40
502 104
440 42
494 96
490 92
406 10
431 33
482 84
473 75
505 107
449 51
492 94
452 54
418 22
465 67
441 43
472 74
431 35
451 53
480 82
508 110
491 93
498 100
425 27
405 11
398 6
477 79
495 97
456 64
404 10
424 26
455 59
464 66
407 11
506 108
507 109
487 89
456 60
416 20
426 28
457 61
504 106
479 81
436 39
472 75
480 83
510 113
451 60
425 28
414 19
431 36
454 65
468 71
400 7
452 59
482 85
456 63
453 58
491 94
435 40
430 33
487 90
490 95
502 105
479 82
481 84
508 115
457 62
422 25
438 41
501 104
405 12
398 7
478 81
455 60
506 109
415 20
494 97
489 92
451 54
442 45
454 59
416 21
448 51
437 40
504 107
452 69
507 116
439 44
464 67
475 78
439 42
440 43
500 103
429 36
497 100
505 108
484 87
428 31
404 11
403 10
443 46
418 23
486 89
424 27
493 96
510 115
503 106
429 32
410 15
438 43
406 11
509 114
471 76
417 22
495 98
423 26
507 110
431 34
452 55
492 95
485 88
408 13
454 67
411 16
477 80
453 69
502 106
509 113
429 33
406 12
392 0
500 106
438 42
436 40
403 11
509 117
464 68
456 62
429 35
399 7
481 85
507 115
422 26
491 95
453 67
418 24
487 91
448 52
467 71
505 109
476 80
471 75
495 99
453 59
398 8
440 44
450 54
420 26
400 8
437 41
479 83
415 21
510 116
437 43
414 20
465 69
424 28
410 16
407 13
427 31
507 111
416 22
465 71
412 18
452 56
454 64
475 79
430 34
499 103
483 87
446 54
442 46
451 69
430 36
503 107
486 90
443 47
504 108
477 81
494 98
508 114
411 17
455 63
409 15
488 92
482 86
485 89
451 55
413 19
508 112
500 104
496 100
404 12
452 60
417 25
419 25
492 96
454 60
408 14
501 105
452 68
468 74
447 53
454 63
500 105
465 70
428 33
446 55
505 110
406 13
411 18
468 73
452 67
503 108
500 107
429 34
499 106
510 117
481 86
405 14
501 106
430 37
481 88
436 43
498 103
464 69
478 83
407 14
475 80
437 42
408 15
446 53
423 28
476 81
417 26
427 32
410 17
454 69
507 114
419 26
451 56
418 25
470 75
466 71
436 41
491 96
413 20
443 48
392 1
442 47
487 92
506 115
420 27
508 113
453 66
468 75
485 90
482 87
453 70
480 85
453 60
391 0
496 101
507 112
469 74
477 82
486 91
416 23
474 79
464 71
414 21
455 62
494 99
431 38
415 22
451 68
412 19
403 12
509 118
502 107
511 116
440 47
488 93
447 54
399 8
479 84
421 26
440 45
450 55
448 53
422 27
464 70
421 27
412 20
443 49
467 73
475 81
449 55
442 48
494 100
486 92
502 108
506 114
487 93
451 67
414 22
454 70
441 47
488 94
464 72
503 109
447 55
497 103
506 112
390 0
419 27
407 15
391 1
498 106
418 26
490 98
453 61
428 34
466 72
501 107
496 102
477 83
491 97
431 39
427 33
480 86
480 88
440 46
510 118
409 17
406 14
478 84
404 14
504 110
410 18
403 13
507 113
430 38
474 80
405 15
446 52
436 42
448 54
451 57
498 104
511 117
499 105
453 71
454 62
463 69
416 24
399 9
422 28
413 21
411 19
479 85
402 12
484 90
452 66
450 56
481 87
469 75
415 23
502 109
414 23
455 70
480 87
390 1
479 86
451 66
448 55
439 46
441 48
453 62
495 102
475 82
406 15
411 20
401 12
404 15
410 19
490 97
402 13
488 95
430 39
450 67
412 21
478 85
482 91
389 0
422 29
443 50
464 73
479 88
409 20
511 118
421 28
506 113
486 93
442 49
415 24
484 91
427 34
445 52
450 57
505 112
497 104
454 71
510 119
418 27
399 10
505 114
487 94
489 96
469 76
503 110
419 28
431 40
463 70
494 101
493 100
447 56
407 16
491 98
501 108
498 105
477 84
429 38
449 56
474 81
413 22
496 103
466 73
400 11
435 42
497 106
408 17
418 28
479 87
494 102
452 62
491 99
409 19
450 66
444 52
422 30
476 84
403 15
457 69
489 97
497 105
469 77
454 72
434 42
407 17
456 70
482 92
488 96
477 85
448 56
505 113
421 29
414 24
483 91
496 104
462 70
430 40
450 58
432 42
502 110
401 13
486 94
474 82
475 83
443 51
396 8
466 74
442 52
404 16
410 20
484 92
495 103
455 71
431 41
390 2
485 93
399 11
496 106
449 57
491 101
511 119
412 22
441 49
504 114
487 95
478 86
465 73
470 78
503 115
415 25
400 12
397 9
492 100
427 35
428 38
406 16
501 109
438 46
429 39
389 1
413 23
469 78
494 103
503 114
398 11
397 10
417 28
462 71
401 14
496 105
457 70
491 100
411 22
495 106
495 104
483 92
388 1
461 70
408 19
396 9
450 65
441 52
441 50
493 102
431 42
407 18
504 115
473 82
486 95
426 35
427 38
458 69
429 40
511 120
452 63
410 21
477 86
467 76
482 93
466 75
395 8
449 58
502 115
443 52
402 15
440 49
421 30
428 39
478 87
470 79
389 2
455 72
427 36
475 84
448 57
442 51
504 113
488 97
468 77
403 16
406 17
501 110
484 93
465 74
387 0
500 109
415 26
412 23
400 13
404 17
434 43
438 47
503 116
502 111
451 64
476 85
433 42
390 3
492 101
491 102
490 101
414 25
474 83
443 55
473 83
399 13
502 112
428 40
398 12
508 122
490 100
426 36
499 109
466 76
475 85
476 86
436 46
410 22
492 102
388 4
434 46
401 17
437 47
430 42
390 4
387 1
415 27
433 43
468 78
465 75
407 19
504 116
400 14
477 87
427 37
483 93
435 45
488 98
474 84
429 41
455 73
443 53
439 49
467 77
405 17
494 104
440 52
493 103
450 64
458 70
413 25
500 110
460 70
406 18
396 10
411 23
440 50
502 114
398 14
472 82
470 80
422 32
509 121
397 11
448 58
403 17
487 97
389 3
456 72
485 95
441 51
404 18
503 117
434 44
412 24
401 15
421 31
495 105
425 35
414 26
416 28
395 9
457 71
386 0
429 43
451 63
461 71
503 113
388 2
511 121
484 94
469 79
394 8
434 47
496 109
464 75
444 55
476 87
425 36
390 5
502 113
505 116
406 19
430 43
466 77
472 83
487 100
510 121
434 45
489 100
470 81
467 78
448 59
511 122
483 94
498 109
413 26
456 73
405 18
436 47
487 98
443 54
506 117
386 1
385 0
508 121
508 123
458 71
460 71
435 46
411 24
492 103
478 89
415 28
457 72
471 82
477 88
416 29
409 22
389 4
394 9
465 76
424 35
402 17
401 16
445 56
399 14
450 63
433 44
440 51
414 27
397 12
395 10
410 23
421 32
398 13
474 85
426 37
427 40
403 18
468 79
422 33
387 2
437 48
501 112
438 49
429 44
442 55
461 72
429 42
493 104
509 122
504 117
412 25
494 105
499 110
501 114
484 95
446 57
388 3
497 108
492 104
493 105
424 36
480 92
486 100
448 60
471 83
421 33
400 16
496 110
444 56
425 37
447 59
402 18
505 117
428 42
461 73
413 27
433 45
467 79
422 34
430 44
496 108
442 54
392 8
509 123
414 28
508 120
395 11
427 41
409 23
469 81
475 87
477 89
450 62
436 48
437 49
397 13
466 78
446 58
501 113
432 44
486 98
438 50
497 109
412 26
441 55
405 19
386 2
478 90
460 72
506 118
458 72
387 3
415 29
389 5
464 76
507 121
510 122
396 12
511 123
465 77
498 110
463 75
445 57
384 0
434 48
487 99
483 95
463 77
393 9
394 10
479 91
470 82
416 30
410 24
473 85
399 15
456 74
439 51
488 100
435 47
493 106
462 77
505 118
421 34
480 93
490 103
394 11
468 81
449 62
497 110
494 107
396 13
467 80
441 54
399 16
385 2
445 58
485 98
478 91
422 35
432 45
412 27
462 75
506 119
409 24
437 50
427 42
475 88
408 23
402 19
481 94
414 29
489 102
446 59
391 8
500 113
461 74
488 101
482 95
463 76
492 105
411 26
477 90
435 48
495 108
431 44
499 112
491 104
486 99
498 113
510 123
405 20
473 86
395 12
457 74
507 120
444 57
386 3
459 72
498 111
384 1
472 85
447 60
383 0
509 124
465 78
413 28
479 92
389 6
393 10
410 25
415 30
426 41
424 37
506 121
423 36
486 101
460 73
470 83
436 49
392 9
438 51
472 86
438 52
485 99
476 90
486 102
499 113
384 2
382 0
490 104
491 105
423 43
396 14
390 8
431 45
395 13
448 62
468 82
445 59
420 34
398 16
458 74
478 92
423 37
413 29
497 111
409 25
482 96
397 15
439 53
481 95
394 12
392 10
506 120
471 85
462 78
412 28
415 31
411 27
497 113
410 26
444 58
402 20
460 74
440 54
465 79
510 124
408 24
389 7
386 4
509 125
480 94
494 108
493 107
447 61
479 93
464 78
385 3
396 16
421 35
405 21
446 60
467 81
488 102
489 103
462 76
401 19
426 42
437 51
484 98
435 49
505 119
475 89
443 57
383 1
470 84
498 112
483 97
459 73
404 20
385 4
494 109
483 104
400 19
424 39
488 103
484 99
393 12
460 75
402 21
490 105
398 17
436 51
438 53
413 30
415 32
399 20
444 59
410 27
491 106
431 46
459 74
435 50
411 28
467 82
432 47
477 92
492 107
397 16
439 54
487 102
421 36
461 78
422 37
401 20
384 3
443 58
464 79
470 85
423 44
474 89
478 93
504 119
396 15
398 21
504 121
483 98
445 60
403 20
389 8
424 43
425 42
381 0
382 1
412 29
409 26
461 76
407 24
436 53
419 34
447 62
386 5
497 114
479 94
460 77
482 97
395 14
471 86
480 95
469 84
420 35
475 90
392 11
437 52
480 97
510 125
462 79
499 114
405 22
472 87
394 13
505 120
469 86
446 61
485 102
414 31
493 108
481 96
404 21
497 112
486 103
466 81
489 104
484 103
418 34
432 48
484 104
466 82
459 75
494 110
496 112
487 103
385 5
484 102
413 31
478 94
504 122
483 99
472 88
435 51
412 30
407 25
489 105
414 32
442 58
397 17
460 78
434 50
443 59
484 100
399 21
480 96
419 35
415 33
486 104
408 26
404 22
389 9
511 127
383 3
475 91
504 120
490 106
479 95
477 93
481 97
430 46
469 85
406 24
437 53
476 92
380 0
495 115
446 62
444 60
424 40
492 108
423 39
425 43
433 49
503 121
463 79
398 20
469 87
431 47
503 119
403 21
483 105
507 125
496 114
468 84
474 90
381 1
470 86
482 104
390 10
400 20
510 126
424 44
439 55
483 103
422 38
395 15
499 115
447 63
393 13
392 12
435 53
411 29
421 37
495 111
420 36
409 27
382 2
438 54
460 76
414 33
430 47
422 39
446 63
411 30
472 89
380 1
379 0
443 60
511 128
489 106
424 41
490 107
388 9
383 4
389 10
442 59
470 87
483 108
482 99
406 25
423 40
378 3
433 50
447 64
481 98
463 80
501 118
478 95
459 78
425 44
432 49
510 127
445 62
398 19
437 54
468 85
483 102
444 61
498 115
476 93
495 112
457 80
390 11
466 83
407 26
435 52
458 79
503 120
400 21
481 104
385 6
492 109
494 111
471 88
438 55
507 126
485 104
484 105
489 108
491 108
419 36
387 8
474 91
431 48
381 2
408 27
391 12
459 76
484 101
493 110
495 114
505 122
392 13
483 100
473 90
404 23
465 82
413 32
394 15
475 92
424 45
403 22
421 38
506 123
494 115
417 34
420 37
507 124
487 104
418 35
410 29
479 96
430 49
405 24
412 31
488 105
486 105
397 18
477 94
439 56
393 14
474 92
378 2
430 48
471 89
433 51
409 29
404 24
477 95
439 57
484 108
418 38
493 111
467 85
410 30
481 99
458 80
384 6
456 80
473 91
475 93
483 107
484 106
483 101
383 5
457 81
466 84
491 109
498 116
407 27
397 19
379 3
382 4
402 24
492 110
470 88
403 23
511 129
396 18
412 32
446 64
472 90
414 34
380 2
408 28
485 105
502 120
510 128
445 63
481 103
458 78
495 113
420 38
406 26
506 124
393 15
419 37
394 16
441 59
390 12
504 124
487 105
392 14
488 106
437 55
458 76
413 33
401 23
508 126
503 125
416 34
465 83
489 107
421 39
423 41
463 81
417 35
478 96
386 8
490 108
470 90
444 62
494 114
387 9
391 13
500 118
405 25
434 52
443 61
431 49
395 17
381 3
501 119
425 45
457 79
442 60
505 123
400 22
389 11
422 40
385 7
379 1
447 65
497 116
474 93
382 5
395 18
419 38
445 64
458 81
401 24
498 117
437 56
410 33
500 119
457 76
411 32
462 81
493 112
501 120
480 99
391 14
414 35
377 0
417 36
406 27
443 62
473 92
470 91
456 79
442 61
383 6
432 51
470 89
405 26
421 40
510 129
509 128
431 50
476 95
469 90
465 84
457 78
386 9
380 3
394 17
436 55
388 11
472 91
409 30
413 34
459 82
505 124
490 109
493 114
502 125
444 63
390 13
446 65
440 59
385 8
482 101
416 35
467 86
458 77
503 124
456 81
429 48
478 97
481 100
494 113
466 85
428 47
439 58
400 23
407 28
378 1
475 94
481 102
485 106
408 29
381 4
488 107
393 16
471 90
404 25
403 24
438 57
420 39
422 41
491 110
396 19
433 52
487 106
484 107
389 12
418 37
425 46
508 127
455 80
485 107
490 110
497 119
445 65
426 46
493 113
477 97
466 86
428 48
408 30
502 122
474 94
473 93
457 77
392 16
440 60
435 55
472 92
390 14
458 82
386 10
436 56
509 129
400 24
455 81
456 78
476 98
394 18
444 64
480 100
383 7
433 53
475 95
508 128
406 28
403 25
465 85
491 115
410 34
382 6
381 5
377 1
417 37
499 119
442 62
437 57
399 23
376 0
407 29
380 4
396 20
384 8
463 83
497 117
462 82
456 76
455 79
454 74
387 11
479 99
492 112
440 62
487 107
411 33
481 101
405 27
431 51
409 33
503 123
391 15
501 125
416 36
505 125
415 35
480 102
421 41
434 54
464 84
455 75
469 89
471 91
458 84
388 12
492 114
460 82
427 47
501 121
425 47
401 25
412 34
500 120
498 118
420 40
438 58
419 39
488 109
463 84
502 123
427 48
454 75
392 19
384 9
436 57
459 84
419 40
400 25
442 63
385 10
396 21
433 54
389 14
475 96
478 99
420 41
406 29
391 16
499 120
490 111
386 11
476 97
508 129
434 55
443 64
455 76
429 50
467 88
382 7
506 127
500 125
373 0
440 63
439 60
496 117
479 100
415 36
435 56
438 59
497 120
455 78
401 26
445 66
395 20
399 24
456 77
398 23
412 35
454 81
388 13
480 101
405 28
501 122
411 34
381 6
497 118
392 17
413 36
376 1
453 74
472 93
458 83
471 92
473 94
464 85
403 26
394 19
468 89
444 65
487 108
460 83
408 31
501 124
432 53
446 67
505 126
474 95
387 12
492 115
477 98
490 115
440 61
457 84
462 83
441 62
430 51
491 116
486 107
409 32
390 15
380 5
492 113
466 87
416 37
426 47
435 57
380 10
441 63
436 58
426 48
394 20
490 112
405 29
473 95
388 14
398 24
412 36
374 0
500 124
445 67
454 76
508 130
376 2
406 30
411 35
507 129
453 75
498 120
415 37
478 100
462 84
399 25
460 84
439 61
408 32
390 16
428 50
505 127
454 82
466 88
491 113
495 117
474 96
499 121
496 118
434 56
455 77
419 41
437 59
457 83
384 10
392 18
393 19
375 1
440 64
467 89
471 93
389 15
404 30
452 74
372 0
429 51
381 7
395 21
404 28
420 42
373 1
433 55
487 109
488 110
407 31
385 11
490 114
402 26
446 68
442 64
475 97
464 86
463 85
489 111
401 27
403 27
506 128
413 37
477 99
386 12
400 26
396 22
438 60
379 5
468 92
501 123
499 125
443 65
486 108
479 101
432 54
492 116
500 126
507 130
407 32
431 54
404 29
444 67
396 23
440 65
498 121
438 61
427 50
460 85
473 96
405 30
420 43
413 38
400 27
428 51
495 118
466 89
452 85
419 42
489 112
454 77
462 85
493 116
446 69
375 2
380 7
441 64
471 94
474 97
394 23
390 17
451 74
373 2
454 83
449 72
477 100
505 128
463 86
470 93
374 1
490 113
388 15
395 22
383 10
414 39
443 66
478 101
412 37
399 26
391 18
379 6
415 38
426 49
500 123
434 57
393 20
456 83
447 70
494 117
464 87
384 11
468 91
452 75
508 131
380 9
502 127
461 84
381 10
499 122
500 127
377 4
398 25
465 88
429 52
386 13
453 84
499 124
397 24
445 68
394 21
385 12
469 92
437 60
406 31
402 27
467 90
371 0
432 55
435 58
376 3
387 14
488 111
389 16
430 53
448 71
486 109
506 129
411 36
386 14
393 23
411 37
419 43
375 3
449 73
473 97
445 69
502 128
378 6
387 15
477 101
449 75
444 68
443 67
437 61
442 66
426 50
398 26
499 123
435 59
414 40
370 0
466 90
413 39
450 74
431 55
377 5
453 79
408 34
402 28
487 111
462 86
438 62
475 101
511 135
429 53
405 31
467 91
452 84
417 43
410 36
374 2
485 109
446 70
415 39
505 129
475 99
425 49
465 89
430 54
489 113
400 28
408 36
433 57
388 16
390 18
493 117
432 56
494 118
406 32
453 77
383 11
380 8
469 93
418 42
455 83
506 130
372 2
403 29
451 75
470 94
447 71
508 132
461 85
394 22
452 76
501 127
488 112
498 122
397 25
504 128
436 60
396 24
453 85
385 13
441 65
427 51
486 110
464 88
379 7
454 84
448 72
382 10
393 21
376 4
476 100
500 128
392 23
474 99
475 102
396 25
441 66
447 72
476 101
411 38
485 110
466 91
494 119
452 79
488 113
374 3
419 44
382 11
498 123
393 24
406 33
473 98
408 35
508 133
442 67
464 89
446 71
390 19
418 43
409 36
402 29
453 80
398 27
379 8
445 70
455 84
432 57
505 130
410 37
486 111
428 53
449 74
506 131
412 39
451 76
414 41
470 95
475 100
509 134
427 52
452 83
386 15
468 95
437 62
389 18
435 60
444 69
415 40
407 34
461 86
425 50
504 129
385 14
399 28
501 128
397 26
377 6
462 87
393 22
421 48
469 94
493 118
429 54
454 85
453 78
511 136
448 73
433 58
431 56
448 75
405 32
477 102
452 77
443 68
370 1
510 135
417 42
371 2
388 17
497 122
467 96
376 5
434 59
508 134
403 31
473 99
501 129
442 68
384 14
401 29
369 1
504 130
468 94
447 73
509 135
451 83
450 76
370 2
484 110
476 102
423 49
451 79
488 114
433 59
461 87
463 89
420 48
483 111
387 17
422 48
464 90
397 27
415 41
414 42
452 80
448 74
454 86
389 19
376 6
429 55
430 56
494 120
503 129
467 95
455 85
424 50
467 93
386 16
419 45
437 63
486 112
510 136
466 92
467 97
441 67
470 96
385 15
374 4
421 49
452 78
511 137
487 113
412 40
399 29
432 58
436 62
435 61
473 101
418 44
462 88
475 103
443 69
396 26
375 5
444 70
485 111
431 57
391 23
497 123
393 25
405 33
413 41
451 77
497 125
493 119
428 54
382 12
434 60
378 8
474 100
404 32
427 53
407 35
469 95
409 37
446 72
425 51
505 131
392 22
377 7
410 38
416 42
427 54
404 33
497 124
387 18
508 135
488 115
486 113
438 67
405 34
389 20
446 73
409 38
425 52
476 103
363 0
376 7
434 61
473 102
450 77
496 125
455 86
447 74
402 31
485 112
413 42
507 136
422 49
436 63
418 45
401 30
484 111
391 22
412 41
470 97
423 50
388 19
510 137
429 56
420 51
505 132
487 114
398 29
432 59
394 25
397 28
411 40
396 27
466 93
462 89
493 120
451 82
373 4
451 78
382 13
463 90
503 130
445 72
443 70
406 35
472 99
384 15
441 68
506 133
381 12
403 32
430 57
465 92
496 123
483 112
469 96
507 134
442 69
450 79
504 131
385 16
439 66
374 5
467 94
460 87
468 97
399 30
395 26
370 3
440 67
426 53
428 55
452 81
377 8
424 51
421 50
375 6
419 46
464 91
511 138
420 47
495 126
369 2
473 100
477 104
509 136
466 95
501 130
451 80
495 122
414 43
415 42
494 121
422 50
437 65
495 125
439 67
425 53
438 66
389 21
433 61
404 34
455 87
472 102
376 8
501 131
485 113
472 100
446 74
375 7
459 87
434 62
369 3
415 43
408 38
465 93
476 104
502 130
477 105
487 115
507 135
463 91
495 123
385 17
421 51
476 106
440 68
466 94
403 33
444 72
494 122
412 42
468 98
370 4
363 1
402 32
409 39
486 114
443 71
496 124
483 113
410 40
420 52
445 73
484 112
407 37
504 132
509 137
430 58
473 103
396 28
492 120
451 81
401 31
470 98
510 138
435 63
377 9
450 78
362 0
400 30
441 69
449 79
373 5
386 20
442 70
496 126
387 19
384 16
383 15
413 43
431 59
417 45
419 47
469 97
426 54
424 52
462 90
388 20
505 133
398 30
368 2
506 134
399 31
394 26
436 64
413 45
378 10
418 46
495 127
406 36
460 88
503 131
390 22
508 136
438 68
449 77
429 57
481 109
427 55
381 13
471 99
389 22
443 72
382 15
448 77
506 135
490 121
407 38
402 33
430 59
375 8
501 132
370 5
485 114
488 117
437 66
388 21
440 69
413 46
442 71
426 55
361 0
449 80
400 31
456 87
463 92
449 78
441 70
412 43
418 47
493 122
406 37
472 103
504 133
392 27
398 31
508 137
436 65
383 16
409 40
475 106
376 9
431 60
502 131
486 115
395 28
368 3
411 42
386 21
387 20
403 34
460 89
509 138
480 109
434 63
417 46
377 10
415 44
471 100
414 45
450 81
481 110
496 127
421 52
438 69
422 51
439 68
378 11
481 114
494 123
410 41
458 87
491 120
386 19
432 61
464 93
372 5
428 57
459 88
408 39
492 121
484 113
435 64
495 124
385 18
424 53
476 105
396 29
397 30
505 134
487 116
447 80
371 4
412 45
373 6
445 74
465 94
448 79
470 99
394 27
498 127
381 14
363 2
469 98
413 44
369 4
380 13
433 62
461 90
373 7
441 71
366 4
377 11
464 94
427 57
442 72
392 26
369 5
384 18
472 104
418 48
485 115
459 91
397 31
361 1
404 36
367 3
411 45
482 114
392 28
447 77
364 2
498 128
480 110
365 3
417 47
391 27
448 80
410 42
385 19
463 93
375 9
388 22
446 80
435 65
449 81
475 105
396 30
401 33
493 123
438 70
429 59
494 124
497 127
422 52
504 134
483 115
428 58
407 39
458 88
393 27
374 8
457 87
498 130
444 74
408 40
470 100
484 114
425 55
505 135
471 103
383 17
395 29
447 79
508 138
414 46
434 64
380 14
443 73
488 118
376 10
363 3
409 41
372 6
481 113
400 32
503 133
459 89
360 0
387 21
432 62
394 28
412 44
404 38
448 78
430 60
402 34
403 35
491 121
405 37
469 99
456 88
371 5
362 2
389 23
370 6
382 16
416 46
415 45
460 90
379 13
502 132
423 53
487 117
481 111
471 101
439 69
436 66
490 122
419 49
440 70
435 66
371 6
444 75
488 119
396 31
432 63
457 88
389 24
418 49
442 73
490 123
429 60
402 35
368 5
460 91
433 64
417 48
381 16
464 95
405 38
497 128
395 30
387 22
388 23
469 100
415 46
480 113
401 34
448 81
470 103
416 47
502 133
447 78
497 130
439 70
393 28
507 138
503 134
374 9
410 43
361 2
404 37
485 116
400 33
480 111
366 5
403 38
394 29
441 72
376 11
374 11
410 45
407 40
383 18
411 44
377 12
403 36
390 25
446 79
436 67
456 89
406 39
424 55
431 62
493 124
369 6
372 7
470 101
422 53
425 56
491 122
498 129
378 13
364 3
438 71
487 118
484 115
370 7
379 14
380 15
472 105
404 39
409 42
360 1
408 41
428 59
449 82
414 47
506 137
505 136
365 4
373 8
391 26
384 19
482 115
474 105
375 10
483 116
463 94
423 54
426 57
477 108
419 50
459 90
367 4
462 93
470 102
497 131
404 40
468 100
460 92
469 101
372 8
409 43
401 35
488 120
380 16
439 71
382 18
432 64
497 129
443 75
458 90
369 7
403 37
374 10
431 63
477 109
507 139
359 1
393 29
482 116
378 14
367 5
387 23
479 111
374 12
388 24
364 4
505 137
425 57
418 50
390 26
384 20
373 9
410 44
462 94
441 73
361 3
502 134
365 7
446 78
394 30
408 42
400 34
426 58
444 76
507 143
507 141
493 125
484 116
368 6
457 89
376 12
415 47
490 124
449 83
454 88
435 67
487 119
423 55
503 135
504 136
422 54
429 61
371 7
492 124
455 89
485 117
370 8
417 49
476 108
407 41
498 132
430 64
427 59
506 138
496 130
440 72
405 39
395 31
448 82
442 74
416 48
389 25
464 96
480 112
473 105
491 123
375 11
402 36
436 68
384 21
393 30
447 82
506 143
377 14
406 41
448 83
379 16
503 136
366 7
426 61
504 137
507 140
444 77
386 23
424 57
473 106
422 55
455 90
460 93
502 135
407 42
364 7
440 73
373 10
430 63
427 60
474 107
399 34
506 139
376 13
443 76
496 129
381 18
456 91
492 125
359 2
475 108
462 95
497 132
402 37
360 3
375 12
498 133
487 120
493 126
418 51
507 142
485 118
453 88
361 4
447 84
487 122
369 10
364 5
435 68
404 41
401 36
481 116
415 48
491 124
409 44
427 62
426 59
372 9
476 109
385 24
387 24
478 111
457 90
479 112
416 49
421 54
395 32
365 6
389 26
383 20
385 22
367 6
371 8
484 117
380 17
400 35
505 138
445 78
469 102
431 64
463 96
439 72
369 8
501 134
454 89
405 40
441 74
468 101
394 31
429 62
421 55
407 43
434 68
393 31
485 119
477 111
385 23
375 13
379 17
377 15
380 18
425 59
384 24
358 2
439 73
369 9
495 129
478 112
481 117
354 0
405 41
468 102
436 70
428 62
475 109
444 78
386 24
417 51
447 83
367 7
460 94
441 75
454 90
363 5
491 125
457 91
387 25
463 97
433 67
388 28
422 56
487 121
370 10
505 143
352 0
401 37
420 54
381 19
400 36
376 14
425 61
371 9
390 28
506 142
493 127
492 126
504 138
447 85
435 71
399 35
446 84
426 60
406 42
474 108
498 134
378 16
359 3
368 10
415 49
455 91
363 7
368 8
484 118
372 10
440 74
426 62
431 65
404 42
494 128
501 135
388 26
473 107
486 122
453 89
486 120
394 32
408 44
443 77
396 34
384 22
502 136
497 133
416 50
462 96
382 20
383 21
360 4
364 6
423 57
429 63
503 137
356 0
500 134
506 140
424 58
371 10
434 69
483 118
425 60
492 127
399 36
396 35
360 5
481 118
484 119
415 50
454 91
381 20
470 105
443 78
362 5
422 63
491 126
390 29
423 58
463 98
501 136
474 109
468 103
496 133
398 35
495 132
382 21
408 45
419 54
387 26
401 38
407 44
384 23
386 25
388 27
400 37
431 66
367 8
500 135
389 28
442 77
368 9
446 83
355 0
475 110
380 19
423 62
353 0
379 18
372 11
504 139
412 47
452 89
421 56
425 62
376 15
351 0
445 84
363 6
433 68
435 70
505 140
393 32
397 34
422 57
469 104
354 1
414 49
446 85
477 112
494 129
436 71
493 128
499 134
424 61
383 22
459 94
457 92
440 75
478 113
505 142
432 67
383 24
460 95
439 74
417 52
356 1
420 55
502 137
455 92
428 63
406 43
462 97
405 42
378 17
358 3
444 79
480 117
486 121
424 59
388 29
473 108
375 14
443 79
353 1
387 27
495 133
359 5
379 19
431 67
482 118
383 23
453 91
494 130
411 47
428 64
407 45
350 0
461 97
424 60
401 39
423 61
367 9
400 38
378 18
477 113
505 141
438 74
362 6
415 53
399 37
432 68
434 70
470 106
451 91
500 136
375 15
423 63
463 99
392 32
420 56
503 139
424 62
454 92
381 21
459 95
445 83
423 59
441 77
365 9
417 53
475 111
468 104
451 89
490 126
398 36
462 98
389 29
474 110
356 2
440 76
359 7
373 13
501 137
484 120
471 107
422 58
502 138
479 117
436 72
412 48
504 142
421 57
473 109
452 90
439 75
414 50
372 12
489 125
450 88
473 111
416 52
395 35
396 36
390 30
372 14
456 94
499 135
480 118
355 1
485 121
458 94
445 85
439 77
397 35
504 140
386 26
419 55
472 108
493 129
444 80
405 43
371 11
442 78
422 62
430 66
357 3
388 30
457 93
382 24
415 51
495 131
491 127
487 125
393 33
469 105
483 120
430 67
462 99
359 8
371 14
480 119
423 60
421 58
463 100
428 65
482 119
356 3
449 88
395 38
470 107
454 93
439 78
472 109
373 14
395 36
357 4
360 7
372 13
472 111
381 24
500 137
443 80
417 54
469 106
432 69
382 23
378 19
455 94
484 121
453 92
503 140
406 45
349 0
379 20
411 48
460 97
386 27
400 39
392 33
391 32
413 50
374 15
358 7
492 129
424 63
476 113
365 10
389 30
467 104
414 51
445 82
396 37
473 110
400 41
437 74
398 37
475 112
457 94
361 6
477 114
380 21
503 142
375 16
407 46
412 49
452 91
422 61
366 9
358 5
418 55
504 141
415 52
494 133
397 36
371 12
436 73
450 89
422 59
444 83
487 126
489 126
445 86
499 136
498 137
451 92
469 108
401 40
439 76
440 77
405 46
488 125
494 131
479 118
433 70
444 81
382 25
415 54
359 6
493 130
501 138
393 34
451 90
353 2
471 108
490 127
468 105
442 79
419 56
376 17
355 2
405 44
459 96
350 1
460 98
493 131
480 120
381 23
441 79
350 2
348 0
498 138
406 46
503 141
352 2
361 7
356 4
366 10
448 88
442 80
469 107
407 47
454 94
365 11
358 6
371 13
463 101
443 81
499 137
490 130
394 36
431 69
357 5
466 104
432 70
457 95
449 89
416 54
412 50
502 140
472 110
373 15
482 120
360 8
418 56
483 121
490 128
493 133
501 139
478 118
440 78
422 60
458 96
421 59
420 58
400 40
429 67
468 108
394 40
362 8
386 28
375 17
437 75
491 129
389 31
410 48
468 106
405 45
397 37
447 87
444 82
419 57
370 12
500 138
489 127
401 41
380 22
355 3
492 130
404 44
445 87
461 99
452 92
392 34
395 39
354 4
430 68
378 20
484 122
435 73
384 26
417 55
477 115
470 108
389 33
382 26
414 52
402 42
404 48
376 18
428 66
357 7
475 113
396 38
488 126
450 90
367 11
391 33
390 32
464 102
380 24
438 76
388 34
385 27
453 93
424 64
349 1
374 16
377 20
395 40
491 130
466 105
457 96
420 59
440 79
385 28
447 88
376 19
470 109
401 42
417 56
434 73
394 39
373 16
452 93
448 89
370 13
347 0
357 6
379 22
448 91
488 127
404 47
390 33
349 2
353 4
477 116
393 36
411 50
369 12
398 39
500 139
421 60
446 87
378 21
350 3
389 34
481 120
374 17
355 4
490 131
361 8
489 128
403 44
413 52
431 70
425 64
428 67
416 55
396 39
377 22
348 1
463 102
419 58
397 38
483 122
409 48
402 43
356 5
461 100
492 131
477 118
511 150
407 48
501 140
404 45
499 138
460 99
464 103
366 11
430 69
391 34
449 90
465 104
363 10
442 81
468 107
476 115
493 132
383 26
443 82
454 95
380 23
406 47
467 106
384 27
389 32
502 141
474 113
417 58
437 76
352 3
394 37
375 18
388 33
403 48
484 123
429 68
459 98
427 66
367 12
462 101
351 2
399 40
362 9
388 35
471 110
453 95
430 70
442 82
417 59
373 17
430 72
398 40
428 68
393 37
348 2
424 66
412 52
440 80
460 100
375 19
406 48
462 102
361 9
488 128
425 65
376 20
420 60
465 105
378 22
474 114
388 32
441 81
388 36
456 96
362 10
349 5
463 103
427 67
387 33
447 91
354 6
442 84
391 35
448 90
346 0
366 12
385 29
482 122
501 141
356 6
396 40
461 101
372 16
389 35
403 47
393 39
452 94
437 77
470 110
491 131
466 106
416 56
377 21
410 50
379 23
413 53
431 71
458 100
483 123
490 132
464 104
347 1
492 132
475 115
457 101
418 58
434 74
457 97
489 129
383 27
351 3
401 43
467 107
402 48
481 121
458 98
363 11
349 3
511 151
369 13
397 39
429 69
390 34
355 5
510 150
353 5
500 140
403 45
409 49
426 66
499 139
446 88
417 57
477 117
350 4
509 150
459 100
427 68
376 21
498 141
415 56
387 32
501 142
510 151
446 91
393 38
442 83
430 71
391 36
456 97
439 80
368 13
446 89
481 122
385 30
483 124
457 100
488 129
346 1
463 104
452 95
373 18
457 98
469 110
366 13
429 70
349 4
401 48
434 75
464 105
361 10
354 7
362 11
386 31
430 73
424 67
460 101
473 114
447 90
363 12
451 94
390 35
383 28
403 46
441 84
461 102
476 117
412 53
392 37
348 3
414 55
419 60
353 6
371 16
491 132
409 50
437 78
440 81
401 44
418 59
402 47
474 115
425 66
347 2
435 76
369 14
458 101
374 19
416 57
466 107
406 49
413 54
388 37
372 17
511 152
499 140
345 0
397 40
423 66
355 6
453 96
351 4
348 5
438 79
396 41
436 77
378 23
480 122
470 112
468 110
347 3
437 79
488 130
438 80
446 90
436 78
368 14
435 77
389 37
411 53
427 69
418 60
452 96
466 108
399 43
415 57
462 104
402 46
433 75
386 32
434 76
428 70
406 50
492 134
463 105
409 51
473 115
497 141
495 137
471 117
364 12
464 106
345 1
398 42
382 28
460 102
482 124
351 5
429 71
434 78
412 54
431 73
401 47
378 24
465 107
459 101
450 94
441 83
366 14
365 13
493 135
461 103
360 10
445 89
383 29
414 56
439 81
348 4
500 142
483 125
392 38
375 21
474 116
395 43
501 143
374 20
440 82
353 7
481 123
472 114
491 133
498 140
371 17
487 129
425 67
497 139
346 2
422 66
385 31
381 27
390 36
509 151
401 45
373 19
475 117
384 30
413 55
499 141
456 98
405 49
451 95
396 42
511 153
397 41
355 7
424 68
467 109
362 12
472 116
456 100
382 29
355 8
435 78
411 54
367 14
497 140
428 71
353 8
351 6
426 69
466 109
436 79
450 95
358 9
468 111
480 123
494 137
499 146
390 37
375 22
421 64
406 51
413 56
510 153
456 99
472 115
433 76
419 62
493 136
473 116
372 19
385 32
377 24
401 46
495 138
420 63
364 13
427 70
463 106
380 27
418 61
352 7
469 112
374 21
408 51
471 114
477 120
496 141
409 52
461 104
451 96
347 4
491 134
508 151
444 89
459 102
397 42
472 117
425 68
422 65
396 43
445 90
455 98
373 20
500 145
464 107
475 118
487 130
447 96
467 110
414 57
500 143
421 66
497 142
462 105
415 58
359 10
424 69
465 108
405 50
486 129
434 77
345 2
496 139
471 116
360 11
362 13
383 30
398 43
499 142
439 82
470 113
344 1
395 44
482 125
384 31
492 135
511 154
381 28
346 3
437 80
391 38
488 131
400 45
371 18
399 44
431 74
440 83
460 103
507 150
481 124
395 42
432 75
352 8
438 82
505 149
420 64
428 72
397 43
370 18
449 95
470 114
511 155
418 62
408 52
447 95
466 110
435 79
372 20
361 13
385 33
490 134
469 113
477 121
432 76
380 28
376 24
463 107
424 70
492 136
433 77
362 14
405 51
482 126
383 31
379 27
499 143
374 22
413 57
367 15
506 150
510 154
425 69
448 96
496 140
427 71
499 147
393 41
504 148
494 138
384 32
437 81
436 80
357 9
495 139
476 120
467 111
459 103
415 59
404 50
399 45
471 115
496 142
420 66
486 130
346 4
500 146
502 146
455 99
480 124
392 40
358 10
460 104
391 41
450 96
483 127
439 83
398 44
375 23
431 75
495 141
411 55
488 132
491 135
390 38
465 109
454 98
377 25
503 147
345 3
370 20
394 42
359 11
381 29
382 30
478 122
364 14
474 118
479 123
507 151
369 17
470 116
473 117
412 56
409 53
489 133
356 8
426 70
407 51
351 7
396 44
343 1
400 46
501 145
417 61
444 90
462 106
378 26
419 63
421 65
447 97
487 131
500 144
477 122
428 73
508 153
474 121
378 27
454 99
486 131
369 20
504 149
499 144
393 42
377 26
390 39
358 11
397 44
510 155
463 108
382 31
369 18
491 136
464 109
344 3
417 62
490 135
383 32
399 46
425 70
494 139
481 126
469 116
507 152
343 2
474 119
374 23
346 5
437 82
375 24
498 143
431 76
469 114
351 8
436 81
460 105
362 15
503 148
446 95
443 90
495 142
414 59
426 71
356 9
410 55
416 61
439 84
451 100
367 16
391 40
465 110
502 147
448 97
494 141
392 41
435 80
480 125
509 154
379 28
420 65
384 33
368 17
407 52
482 127
453 98
459 104
466 111
462 107
381 30
412 57
363 14
473 118
500 147
449 96
419 64
427 72
398 45
432 77
478 123
405 52
475 120
487 132
495 140
372 21
470 115
476 121
430 75
360 13
501 146
505 150
488 133
361 14
489 134
380 29
370 19
506 151
404 51
409 54
483 128
373 22
444 91
389 39
414 60
433 79
374 24
362 16
416 62
368 18
427 73
350 8
488 134
487 133
473 119
494 144
437 83
408 54
388 40
383 33
495 143
468 114
411 57
378 28
369 19
358 12
505 151
375 25
475 121
434 80
494 140
506 152
390 40
465 111
410 56
426 72
500 148
432 78
507 153
449 97
381 31
357 11
462 108
398 46
490 136
460 106
486 132
419 65
477 123
431 77
346 6
429 75
360 14
444 92
508 154
367 17
452 100
498 144
418 64
459 105
392 42
450 98
504 150
451 99
397 45
356 10
474 120
409 55
463 109
482 128
372 22
445 95
342 2
479 125
425 71
382 32
428 74
491 137
407 53
469 115
464 110
503 149
473 121
467 113
403 51
405 53
443 91
466 114
343 3
454 100
474 122
438 84
377 27
359 13
480 126
453 99
366 16
501 147
509 155
376 26
430 76
379 29
435 81
386 36
413 59
363 15
383 34
389 40
424 73
486 133
365 16
509 156
363 16
502 149
410 57
436 83
454 101
462 109
359 14
392 43
404 53
485 132
356 11
367 18
479 126
418 65
489 136
379 30
478 125
358 13
437 84
475 122
503 150
346 7
423 74
368 19
498 145
341 2
450 99
425 72
453 100
508 155
497 152
461 108
357 12
495 144
464 111
374 25
445 94
472 119
416 63
487 134
402 59
484 131
449 98
467 114
381 32
427 74
372 23
409 58
382 33
444 95
409 56
492 139
476 123
480 127
440 89
483 130
460 107
441 90
413 60
360 15
504 151
432 79
386 37
468 115
430 77
375 26
378 29
361 16
506 153
465 112
377 28
459 106
493 140
466 113
434 81
366 17
414 61
405 54
490 137
474 123
433 80
493 144
433 82
371 22
403 52
402 51
482 129
376 27
342 3
443 92
505 152
429 76
397 46
481 128
473 120
349 8
385 36
387 40
407 54
491 138
497 144
362 17
415 62
408 55
501 148
487 135
493 143
341 3
486 134
375 27
371 23
508 156
414 62
382 34
502 150
499 151
440 90
386 38
403 53
435 83
410 58
459 107
366 18
374 26
449 99
402 58
495 153
427 75
376 28
444 94
364 16
348 8
467 115
437 85
360 16
503 151
510 158
436 84
479 127
374 28
434 82
415 63
408 56
443 93
425 73
424 74
416 64
367 19
406 54
492 140
501 149
453 101
495 145
458 106
378 30
460 108
346 8
356 12
464 112
402 52
343 5
491 139
461 109
480 128
409 57
429 77
361 17
507 155
413 61
339 1
477 125
407 55
389 41
357 13
482 130
476 124
496 152
432 80
423 75
497 153
363 17
438 88
433 81
390 42
484 132
387 39
380 36
431 79
340 2
462 110
403 57
379 31
401 59
485 133
481 129
422 74
439 89
442 92
509 157
418 66
409 59
381 33
404 54
396 46
372 24
430 78
475 123
471 119
355 11
483 131
505 153
463 111
497 145
504 152
391 43
384 36
422 76
454 102
377 29
337 1
465 113
426 74
344 6
362 18
506 154
490 138
441 91
349 9
358 14
472 120
488 136
345 7
424 72
365 17
500 151
380 37
476 125
423 72
360 17
431 80
371 24
480 129
461 110
496 145
402 57
482 131
488 137
367 20
415 64
505 156
471 120
337 2
377 30
440 93
389 42
497 150
410 59
437 88
402 53
340 3
380 33
467 116
477 126
436 85
435 84
440 91
403 54
507 156
478 127
338 1
493 142
408 57
355 12
416 65
493 154
372 25
497 146
354 11
485 134
363 18
362 19
496 151
446 99
341 4
404 55
342 5
359 16
491 140
407 56
492 141
364 17
376 29
501 150
422 77
509 158
505 154
346 9
403 56
421 70
438 89
412 61
497 154
380 35
375 28
386 39
441 92
470 119
492 153
417 66
373 28
508 157
406 55
502 151
454 103
443 94
357 14
396 47
428 77
344 7
504 153
459 108
495 152
422 73
401 58
510 159
366 19
384 37
468 117
423 76
381 36
427 76
453 102
499 152
401 52
490 139
413 62
381 34
463 112
336 1
494 153
464 113
475 124
439 90
483 132
506 155
442 93
434 83
458 107
429 78
487 136
425 74
395 46
484 135
379 32
348 9
479 128
496 153
336 3
434 85
481 130
484 133
449 100
365 18
462 111
426 75
383 36
343 6
460 109
437 86
374 27
432 81
390 43
339 2
378 31
414 64
483 135
503 153
439 91
403 55
445 99
466 116
372 26
382 36
369 23
505 157
493 155
402 56
389 43
400 52
437 89
339 3
440 92
392 46
400 58
344 8
343 7
446 100
497 149
460 110
490 140
467 117
379 33
496 150
435 85
464 114
418 68
356 14
377 41
422 72
502 152
375 29
416 66
374 30
469 119
471 121
379 37
394 46
478 128
353 11
438 90
338 2
336 2
429 79
358 16
508 158
428 78
385 39
391 45
492 142
487 137
406 56
410 60
342 6
431 81
380 38
402 54
401 53
371 25
425 75
480 130
509 159
483 133
506 156
377 31
470 120
378 32
373 27
468 118
415 65
496 154
365 19
335 1
500 152
504 154
379 39
412 62
484 134
486 136
383 37
380 34
446 98
492 152
396 48
332 0
420 70
348 10
355 13
347 9
501 151
427 77
441 93
337 3
497 147
448 100
497 155
364 18
426 76
453 103
493 153
498 154
477 127
423 77
407 57
366 20
359 17
458 108
341 5
376 30
417 67
507 157
395 47
360 18
463 113
411 61
390 44
491 141
449 101
413 63
436 86
368 22
361 19
401 57
462 112
434 84
494 152
424 76
496 146
345 9
475 125
482 132
495 151
421 71
442 94
476 126
384 38
368 23
439 92
483 134
452 103
436 87
493 152
416 67
496 155
380 39
486 137
410 61
384 39
469 120
476 127
364 19
495 156
446 101
401 56
509 160
389 46
447 100
344 9
407 58
335 2
371 26
445 98
494 151
507 158
495 150
402 55
374 31
475 126
496 149
385 40
504 155
426 77
471 122
399 52
423 78
345 10
449 102
379 38
466 117
496 147
437 90
421 72
414 65
457 108
375 30
425 76
365 20
459 110
352 11
464 115
394 47
429 80
330 1
347 10
395 48
467 118
485 136
372 27
491 142
441 94
489 140
400 57
349 12
494 155
360 19
501 152
463 114
379 40
356 15
413 64
369 24
415 66
366 21
391 46
396 49
373 30
502 153
342 7
390 45
378 39
381 38
333 0
427 78
453 104
430 81
492 151
359 20
418 69
367 22
392 47
480 131
470 121
482 133
378 33
357 16
337 4
386 41
412 63
389 44
419 70
401 54
359 18
340 5
500 153
461 112
499 154
378 41
353 12
377 40
417 68
478 129
354 13
358 17
433 84
481 132
487 138
334 1
424 77
406 57
400 53
348 11
379 34
490 141
376 31
506 157
331 0
338 3
435 86
382 37
510 162
486 138
397 51
501 153
490 142
468 120
494 148
355 15
377 33
506 158
394 48
340 6
378 36
481 133
367 23
507 159
502 154
420 72
364 20
368 24
452 104
432 84
495 147
426 78
380 40
375 31
494 156
445 103
478 130
435 87
390 46
331 1
428 80
400 54
425 77
350 12
451 103
345 11
410 62
384 40
496 156
485 137
372 30
382 38
465 117
354 14
333 1
417 69
493 151
352 12
330 0
436 90
365 21
341 7
458 110
461 113
480 132
388 44
491 143
386 42
457 109
344 10
444 98
379 41
338 4
441 95
332 2
495 157
353 13
482 134
366 22
392 48
414 66
495 149
370 26
511 163
464 116
500 154
371 27
347 11
419 71
463 115
348 12
487 139
429 81
424 78
460 112
360 20
479 131
378 38
447 101
406 58
477 129
378 42
349 13
337 5
503 155
389 45
361 21
489 141
471 123
446 102
450 102
509 161
462 114
412 64
391 47
359 19
376 40
448 102
385 41
377 37
475 127
383 39
413 65
378 34
357 17
416 68
467 119
401 55
400 56
476 128
395 49
470 122
438 92
494 150
334 2
398 52
486 139
440 95
360 21
481 134
371 28
475 128
333 2
488 141
456 109
357 18
484 137
470 123
372 29
436 91
388 45
348 13
405 58
414 67
376 33
376 37
503 156
420 73
459 112
385 42
493 150
478 131
494 149
379 42
410 63
408 61
367 24
382 39
345 12
493 148
490 143
485 138
390 47
400 55
441 96
445 104
409 62
506 159
437 92
474 127
451 104
499 156
469 122
344 11
353 14
358 19
501 154
380 41
439 94
428 81
465 118
496 157
361 22
499 158
397 52
491 144
500 155
376 39
464 117
450 103
432 85
340 7
377 38
396 51
416 69
487 140
448 103
384 41
417 70
354 15
387 44
466 119
377 36
364 21
425 78
343 10
375 40
480 133
346 11
331 2
350 13
457 110
342 9
435 88
510 163
378 35
467 120
356 17
375 32
369 26
489 142
352 13
447 102
393 48
337 6
462 115
434 87
399 56
418 71
334 3
498 157
332 3
370 27
394 49
412 65
413 66
426 79
443 98
336 5
338 5
446 103
355 16
335 4
383 40
494 157
329 0
377 34
435 90
366 23
419 72
461 114
438 93
430 83
477 130
351 12
489 162
509 162
415 68
479 132
494 147
502 155
431 84
511 164
333 3
342 10
464 118
332 4
376 38
483 137
394 50
407 61
356 18
437 93
357 19
328 0
320 2
488 144
498 158
383 41
481 135
440 96
496 158
419 73
345 13
393 49
352 14
497 157
478 132
488 142
376 34
475 129
336 6
465 119
490 162
501 155
399 55
493 149
370 28
500 156
508 162
489 161
502 156
431 85
428 82
466 120
489 143
362 22
411 65
425 79
446 104
412 66
491 161
335 5
409 63
388 48
350 14
334 4
319 3
444 104
511 165
408 62
387 45
464 120
338 6
490 144
469 123
486 140
324 0
390 48
413 67
474 128
509 163
331 3
420 74
375 33
380 42
468 122
337 7
435 89
456 110
369 27
485 139
480 134
438 94
484 138
377 35
384 42
415 69
351 13
414 68
499 157
429 83
505 159
341 9
382 40
348 14
410 64
340 8
443 105
343 11
375 39
417 71
447 103
397 53
448 104
460 114
461 115
331 5
395 51
427 81
476 130
346 12
436 92
479 133
367 25
493 147
493 157
418 72
364 22
416 70
320 0
450 104
365 23
430 84
462 116
398 56
439 95
443 99
339 7
459 113
463 117
434 88
405 59
491 145
432 86
375 37
477 131
354 16
360 22
371 29
477 132
476 131
458 113
434 89
328 1
455 110
419 74
484 139
469 124
505 160
381 42
443 100
431 86
433 88
489 160
331 4
351 14
432 87
410 65
339 8
493 158
461 116
491 148
369 30
442 105
508 163
362 23
465 120
487 142
354 17
375 38
486 141
467 122
325 0
455 112
364 23
338 7
479 134
504 159
319 2
485 140
439 96
329 2
389 48
417 72
492 147
346 13
347 14
497 158
345 14
360 23
464 119
334 5
384 43
350 15
459 114
474 129
386 45
383 42
427 82
333 4
414 69
342 11
463 120
398 55
412 67
482 137
430 85
323 0
496 161
394 51
507 162
375 36
492 149
509 164
483 138
320 1
491 160
437 94
370 29
368 27
374 39
361 24
415 70
442 99
405 60
390 49
480 135
340 9
490 161
330 5
382 41
500 157
418 73
355 18
374 33
447 104
462 117
318 3
443 102
473 128
488 145
357 20
425 80
428 83
491 146
327 0
373 32
376 35
408 63
356 19
490 145
462 121
478 133
396 53
344 13
436 93
443 104
324 1
326 1
343 12
393 50
503 158
501 156
470 125
388 49
454 109
416 71
489 144
409 64
413 68
510 165
463 118
411 66
440 97
456 111
336 7
449 104
407 62
375 34
435 92
367 26
321 0
441 98
420 75
488 143
468 123
335 6
352 15
441 99
454 112
461 121
478 134
439 97
482 138
417 73
324 2
507 163
346 14
391 49
356 20
453 109
443 103
325 1
317 3
318 0
463 119
335 7
395 53
508 164
486 142
459 115
383 43
375 35
369 29
475 131
501 157
328 2
509 165
374 38
489 145
470 126
504 160
483 139
364 24
424 80
354 18
466 122
343 13
450 106
409 65
490 146
462 120
382 42
338 8
327 1
503 159
461 123
389 49
337 9
436 94
336 8
442 100
318 2
333 5
469 125
433 89
370 30
381 43
485 141
460 116
428 84
484 140
472 128
392 50
416 72
426 82
424 82
330 4
468 124
455 111
476 132
440 98
462 122
429 85
334 6
406 62
465 121
405 61
511 167
355 19
506 162
339 9
430 86
449 105
443 101
454 110
373 33
505 161
462 118
344 14
368 28
393 51
487 143
350 16
442 102
491 149
456 112
371 31
435 93
329 3
457 113
362 24
442 104
490 148
384 44
367 27
437 95
351 15
411 67
492 158
432 88
372 32
347 15
385 45
497 159
502 158
510 166
414 70
407 63
497 161
473 129
321 1
323 1
342 12
447 105
419 75
413 69
491 159
491 147
490 160
345 15
374 34
480 136
496 160
397 55
360 24
427 83
341 11
435 95
474 130
363 23
412 69
462 119
462 123
382 43
473 130
460 117
459 116
374 35
429 86
441 104
509 166
442 103
365 26
344 15
477 134
478 135
335 8
325 2
395 54
350 17
485 142
346 15
490 149
370 31
427 84
356 21
491 158
354 19
404 61
468 125
463 122
483 140
453 110
340 11
338 9
371 32
452 109
328 3
342 15
410 67
471 128
339 10
323 2
355 20
436 95
342 13
322 1
450 107
426 83
435 94
490 159
413 70
430 87
433 90
504 161
415 72
343 14
353 18
373 38
503 160
424 83
454 111
414 71
458 115
438 97
423 80
420 77
432 89
469 126
393 52
327 2
367 28
457 114
389 50
359 24
419 76
467 124
391 50
431 88
394 53
501 158
505 162
424 81
482 139
362 25
329 4
497 160
502 159
490 147
351 16
407 64
405 62
345 16
449 106
409 66
456 113
368 29
396 55
474 131
333 6
363 24
417 74
316 3
486 143
317 0
489 146
434 95
416 73
317 2
421 78
334 7
435 96
489 148
406 63
511 168
372 33
destination
