map
random512-25-5.map
pivot
375 367
agent & start
10 34
20 24
27 15
24 18
37 5
23 19
18 24
11 31
42 0
39 5
28 14
36 6
22 20
12 30
1 41
13 35
15 27
11 35
39 3
5 37
4 38
3 39
21 21
11 33
26 16
12 34
34 8
41 1
34 10
35 7
13 29
14 35
24 19
20 25
10 35
21 22
14 29
42 1
28 15
36 7
39 4
13 30
1 42
41 2
37 6
13 34
3 40
35 8
2 41
25 18
18 25
34 9
34 11
20 23
0 43
12 33
23 20
27 16
5 38
4 39
12 31
43 0
26 17
15 28
13 31
37 7
0 44
40 4
6 38
21 23
28 16
24 20
44 2
43 1
22 22
14 30
34 12
42 2
5 39
3 41
18 26
2 42
14 34
29 15
19 25
9 35
1 43
27 17
17 27
15 29
26 18
35 9
23 21
12 32
4 40
44 0
13 32
9 36
38 7
1 44
18 27
15 30
36 9
4 41
45 0
42 3
7 38
14 33
33 12
43 2
41 4
41 6
26 19
23 22
25 20
22 23
44 3
44 1
29 16
16 29
14 31
2 43
28 17
19 26
26 21
17 28
10 37
6 39
15 31
2 44
7 39
33 13
4 42
32 14
36 10
45 1
8 38
26 20
14 32
19 27
41 7
29 17
18 28
40 6
9 37
39 7
42 6
5 41
46 0
27 19
16 30
41 5
43 3
24 22
23 23
31 15
25 21
10 38
28 18
42 4
24 23
43 4
23 24
46 1
16 31
29 18
47 0
40 7
42 7
9 38
32 15
36 11
37 10
3 44
27 20
8 39
25 22
29 20
42 5
30 17
4 43
31 16
20 27
18 29
33 14
2 45
5 42
15 32
16 32
28 20
40 8
33 15
17 31
43 7
22 26
5 43
20 28
36 12
48 0
19 29
30 20
34 14
43 5
30 18
3 45
37 11
24 24
47 1
25 23
9 39
4 44
31 17
29 19
37 12
6 43
17 32
48 1
25 26
9 40
21 28
25 24
32 17
24 25
44 5
36 13
28 21
22 27
26 23
5 44
34 15
31 20
49 0
43 8
46 5
19 32
30 19
33 16
4 45
8 41
0 49
23 26
40 9
20 29
28 22
21 29
31 19
3 51
19 31
6 44
20 30
34 16
50 0
22 28
37 13
23 27
45 5
5 45
19 33
2 50
24 26
48 6
8 42
2 48
33 17
46 4
47 5
6 46
36 14
18 32
26 24
0 50
9 41
35 15
27 23
20 32
48 2
38 12
1 49
41 9
3 47
25 25
43 9
32 18
25 27
4 46
44 6
35 16
36 15
23 30
20 31
6 47
18 33
26 25
42 9
2 49
51 0
48 5
47 4
3 50
22 29
4 47
27 24
13 38
34 17
9 42
2 51
32 19
50 1
17 34
24 27
19 34
1 50
5 46
48 3
0 51
8 43
3 48
45 6
37 14
28 23
38 13
21 30
49 6
6 45
7 44
49 2
45 7
17 35
16 36
1 51
18 34
10 42
49 5
13 39
3 49
50 2
4 50
27 25
51 1
11 43
5 47
23 29
8 44
14 38
36 16
0 52
49 3
29 23
7 45
4 48
42 10
21 31
22 30
24 28
33 19
48 4
11 41
38 14
15 37
35 17
41 11
19 35
45 8
49 4
30 23
38 15
50 3
36 17
10 43
4 49
12 41
33 20
22 31
50 5
41 12
24 29
1 52
15 38
31 22
34 19
16 37
17 36
5 48
18 35
42 11
52 1
32 21
8 45
14 39
9 44
28 25
40 13
11 42
0 53
19 36
5 49
36 18
41 13
0 58
29 25
0 62
52 2
33 25
37 17
34 20
17 37
40 14
43 11
30 24
33 21
26 28
46 8
9 45
38 16
53 1
50 4
14 40
32 22
10 44
25 29
22 32
42 12
1 53
16 38
12 42
0 54
51 3
15 39
31 23
35 19
18 36
27 27
39 15
54 2
28 26
28 27
21 34
23 32
37 18
39 16
38 17
0 55
1 62
46 9
14 41
27 28
13 42
26 29
10 45
36 19
51 4
32 25
4 53
29 26
8 47
33 22
53 2
16 39
43 12
6 49
0 61
0 59
9 46
54 1
18 37
25 30
15 42
47 8
42 13
35 20
41 14
45 10
32 23
17 38
40 15
52 3
0 57
31 24
1 54
34 25
27 29
40 16
45 11
28 28
22 34
15 41
29 27
2 62
7 49
34 26
14 42
46 10
34 22
16 40
42 14
5 51
24 32
36 26
56 0
11 45
26 30
0 60
39 17
52 4
4 52
35 21
43 13
17 39
1 55
44 12
31 25
13 43
46 12
0 56
55 1
53 3
21 35
33 23
38 18
6 50
41 15
48 8
37 19
18 38
8 48
3 53
9 47
5 52
1 56
47 12
27 30
10 47
57 0
1 60
53 4
23 34
2 61
38 19
18 39
11 46
24 33
31 26
6 51
46 13
3 54
41 16
16 41
2 55
37 26
43 14
34 23
22 35
46 11
56 1
52 5
9 48
34 27
37 20
36 25
17 40
29 28
12 45
8 49
35 24
30 27
48 9
28 29
14 43
35 22
40 17
25 32
44 13
47 11
49 9
37 25
3 55
28 30
56 2
6 52
18 40
2 56
42 16
30 28
35 23
47 13
52 6
19 39
31 27
53 5
43 15
51 7
10 48
14 44
41 17
46 14
38 20
23 35
57 1
50 8
4 62
9 49
48 10
17 41
11 47
38 26
29 29
44 14
45 13
34 28
25 33
3 61
36 24
12 46
2 60
5 62
39 20
60 1
3 60
28 31
47 14
57 2
31 28
36 23
21 38
37 22
2 57
33 28
12 47
41 18
13 46
30 29
3 56
14 45
53 6
6 53
51 8
26 33
24 35
23 36
45 14
20 39
18 41
4 55
50 9
19 40
32 27
48 11
39 26
52 7
17 42
38 25
10 49
11 48
7 52
4 61
43 16
46 15
39 21
48 18
25 35
16 44
31 29
12 48
32 28
15 45
49 11
63 3
62 2
38 22
42 18
53 7
2 58
60 0
10 50
43 17
52 8
7 53
59 1
24 36
4 60
30 30
47 15
58 2
39 25
3 57
28 32
61 1
57 3
51 9
41 19
18 42
14 46
48 14
38 24
33 29
23 37
4 56
37 23
22 38
54 6
26 34
45 15
46 16
13 47
44 16
5 55
21 39
49 19
47 17
48 16
19 41
27 33
5 61
59 2
38 23
31 30
62 1
15 46
14 47
57 4
8 53
5 60
30 31
41 20
19 42
44 17
40 21
46 17
6 55
62 3
49 12
53 8
20 41
40 25
17 44
32 29
24 37
52 9
54 7
16 45
4 57
3 58
7 54
13 48
61 0
18 43
53 10
28 33
48 17
45 16
21 40
26 35
48 15
11 50
49 18
4 59
12 49
61 2
63 2
42 19
43 18
50 19
22 39
12 50
13 49
10 52
25 37
14 48
52 10
32 30
6 60
27 35
34 30
50 14
18 44
19 43
50 12
40 24
58 4
59 3
62 0
24 38
49 17
20 42
23 39
39 23
8 54
17 45
43 19
51 11
63 1
11 51
51 19
31 31
42 20
49 15
45 17
54 8
26 36
53 9
28 34
57 5
4 58
21 41
30 32
51 13
5 59
6 56
5 57
40 22
50 16
15 47
61 3
45 18
41 24
23 40
14 49
35 30
50 17
26 37
41 22
51 12
10 53
50 15
27 36
11 52
30 33
21 42
51 18
52 13
52 11
25 38
55 8
17 46
28 35
59 4
24 41
60 3
58 5
7 56
44 19
54 9
8 55
16 47
24 39
5 58
42 21
63 0
18 45
31 32
6 59
51 14
40 23
34 31
13 50
32 31
19 44
56 7
6 57
64 0
10 54
44 20
52 12
16 48
60 4
35 31
41 23
6 58
32 32
45 19
52 14
36 30
24 40
21 43
52 18
51 17
55 9
57 7
30 34
27 37
56 8
25 41
25 39
58 6
8 56
53 13
17 47
15 49
18 46
11 53
12 52
43 21
20 44
20 46
42 22
13 51
33 31
51 15
28 36
37 30
53 14
36 31
52 17
20 45
60 5
28 37
25 42
54 13
44 21
19 46
8 57
53 12
7 58
45 20
55 14
52 15
26 39
58 7
11 54
57 8
17 48
42 23
18 47
55 10
31 34
21 44
25 40
27 38
29 36
30 35
33 32
43 22
54 11
65 0
12 53
23 44
59 6
13 52
16 49
22 43
10 55
9 56
37 31
19 49
55 15
19 47
10 56
30 36
11 55
28 38
57 9
31 35
24 44
55 13
54 14
52 16
56 10
9 57
17 49
43 23
26 40
12 54
53 15
58 8
8 58
39 33
22 44
21 45
13 53
26 42
18 48
54 12
45 21
44 22
33 33
55 11
27 41
16 50
65 1
27 39
30 38
60 6
39 32
43 24
55 12
8 59
42 25
11 56
38 33
67 0
53 16
65 2
34 33
38 31
19 48
54 15
45 22
56 13
22 45
16 51
27 40
55 16
33 34
56 11
26 43
29 38
31 38
18 49
30 37
8 63
66 1
10 57
28 41
1 66
25 44
17 50
12 55
28 39
14 53
24 45
60 7
9 58
31 36
58 9
32 35
44 24
58 10
7 63
31 37
18 50
28 42
12 56
54 16
61 7
22 46
32 36
46 22
26 44
8 62
68 0
57 13
67 1
11 57
66 2
43 25
34 34
16 52
1 67
21 47
56 12
8 60
63 5
57 11
60 8
27 43
59 9
38 34
2 66
28 40
65 3
25 45
37 33
42 26
15 53
29 39
24 46
20 48
2 68
10 58
13 55
39 31
45 23
62 6
14 54
61 8
21 48
6 63
18 51
22 47
38 35
2 67
66 3
3 66
37 34
14 55
7 64
44 25
27 44
57 12
32 37
43 26
13 56
40 31
57 14
9 60
54 17
16 53
15 54
29 42
12 57
45 24
59 10
39 30
64 5
60 9
36 33
34 35
11 58
8 61
1 68
69 0
29 40
10 59
62 7
63 6
17 52
25 46
46 23
28 43
68 1
54 18
58 14
58 12
40 30
44 26
22 48
36 34
64 6
58 18
1 69
57 17
59 13
5 65
0 70
45 25
65 5
59 11
35 35
63 7
3 67
6 64
14 56
46 24
4 66
37 35
11 59
29 43
33 37
28 44
9 61
30 40
26 46
69 1
62 8
16 54
70 0
10 60
12 58
15 55
68 2
60 20
60 10
71 1
49 21
67 3
25 47
30 42
18 52
69 2
30 41
45 26
10 61
60 13
28 45
16 55
59 18
22 49
43 28
59 20
41 30
0 71
30 43
46 25
1 70
61 20
60 11
17 54
11 60
18 53
57 16
5 66
58 19
68 3
71 2
53 20
54 19
59 12
35 36
26 47
44 27
29 44
64 7
70 1
49 22
27 46
63 8
6 65
34 37
60 19
50 21
36 35
65 6
4 67
15 56
59 14
33 38
56 17
13 58
58 15
43 29
6 66
58 20
68 4
5 67
12 60
20 52
4 68
31 41
61 11
27 47
53 21
10 62
60 18
23 49
2 70
57 19
51 21
13 59
65 7
52 20
32 40
46 26
36 36
17 55
1 71
22 50
28 46
30 44
50 22
3 69
60 12
70 2
55 19
58 16
59 15
59 17
44 28
33 39
15 57
59 21
34 38
42 30
11 61
9 65
61 19
18 54
0 72
64 8
14 58
56 18
45 27
60 17
63 10
50 23
55 20
29 46
42 31
15 58
56 19
47 26
62 19
23 50
8 65
52 21
0 73
58 21
70 3
10 65
11 62
36 37
6 67
34 39
13 60
64 9
59 16
21 52
45 28
16 57
66 7
5 68
1 72
2 71
65 8
30 45
67 6
4 69
33 40
14 59
35 38
3 70
22 51
61 12
19 54
46 27
69 4
44 29
18 55
32 41
20 53
7 66
28 47
61 18
69 5
30 46
43 31
37 37
60 16
34 40
68 6
57 21
47 27
44 30
33 41
56 20
4 70
24 50
29 47
25 49
16 58
28 48
35 39
3 71
51 23
1 73
67 7
8 66
64 10
63 11
0 74
45 29
10 66
21 53
6 68
20 54
22 52
63 19
19 55
66 8
62 12
61 17
11 63
62 18
70 4
52 22
12 62
14 60
51 24
26 49
8 67
69 6
48 27
66 9
22 53
34 41
63 18
62 13
0 75
47 28
7 68
56 21
57 22
48 33
62 17
61 16
2 73
4 71
14 61
5 70
43 32
52 23
36 39
16 59
25 50
10 67
1 74
64 11
63 12
65 10
13 62
45 30
19 56
50 25
71 4
44 31
67 8
30 47
12 63
15 60
17 58
29 48
21 54
3 72
37 38
20 56
30 58
16 60
66 10
49 27
52 24
73 3
5 71
44 32
47 29
23 55
22 54
26 50
30 48
65 11
7 69
18 58
6 70
4 72
14 62
37 39
50 26
71 5
0 76
8 68
67 9
17 59
72 4
21 55
53 23
68 8
15 61
46 32
48 34
36 40
34 42
13 63
47 33
70 6
56 22
3 73
23 53
64 12
45 31
74 2
9 67
61 15
51 25
48 28
1 75
63 17
62 14
47 32
37 40
17 60
52 25
20 57
63 14
53 24
1 76
30 49
3 74
19 58
29 58
74 3
64 17
72 7
73 4
67 10
50 27
2 75
62 15
66 11
24 53
46 31
68 9
48 29
0 77
35 42
23 54
27 50
23 56
56 23
75 2
30 57
46 33
36 41
15 62
65 12
5 72
16 61
70 7
21 56
47 34
51 26
9 68
7 70
14 63
73 8
72 5
45 32
55 22
30 50
16 62
74 8
5 73
28 58
66 12
24 54
51 27
27 51
3 75
67 11
68 10
8 70
13 65
46 34
49 29
13 67
7 71
1 77
21 57
63 15
55 23
14 68
17 61
18 60
73 5
2 76
36 42
37 41
71 7
38 40
29 57
72 6
48 30
6 72
15 63
64 16
73 7
75 3
72 8
53 25
65 13
64 14
14 64
77 3
22 56
70 8
4 74
20 58
45 33
9 69
47 31
21 58
55 24
27 52
17 62
13 66
79 0
6 73
74 7
27 56
53 26
4 75
29 50
49 30
29 56
28 51
70 9
14 65
52 27
3 76
18 61
10 69
71 8
7 72
48 31
28 57
45 34
65 14
14 67
73 6
25 54
36 43
75 4
69 10
77 2
65 16
22 57
42 37
78 3
64 15
15 68
67 12
68 11
37 42
16 63
38 41
78 1
74 5
9 70
5 74
2 77
37 43
65 15
15 67
79 1
10 70
3 77
80 0
14 66
41 39
27 55
8 72
34 46
1 79
29 51
21 59
16 64
70 10
75 7
5 75
68 12
28 56
27 53
32 48
75 5
74 6
78 2
53 27
26 56
71 9
33 47
43 37
42 38
9 71
66 14
45 35
15 65
38 42
55 25
2 78
18 62
49 31
67 13
22 58
25 55
4 76
27 57
54 26
7 73
6 74
43 38
8 73
33 48
75 6
16 65
28 53
81 0
35 46
15 66
54 27
17 64
0 81
32 49
38 43
23 58
71 10
66 15
6 75
2 79
68 13
22 59
4 77
44 37
25 56
1 80
9 72
68 15
45 36
28 55
69 12
41 40
29 52
50 31
53 28
55 26
18 63
10 71
70 11
79 2
34 47
67 14
80 1
52 29
26 57
42 39
5 76
36 46
39 43
54 28
24 58
18 64
40 42
45 37
70 12
22 60
81 1
9 73
2 80
10 72
44 38
29 53
42 40
11 71
43 39
19 63
55 27
68 14
30 52
54 30
17 65
53 29
41 41
5 77
69 13
33 49
7 75
3 79
16 66
28 54
25 57
8 74
0 82
21 61
51 31
10 74
77 5
4 78
76 6
80 2
52 30
72 10
35 47
1 81
67 15
19 64
17 66
55 28
81 2
38 45
0 83
36 47
69 14
77 6
45 38
67 16
70 13
31 52
54 29
11 72
10 73
80 3
25 58
40 43
78 5
5 78
65 18
24 59
4 79
35 48
21 62
1 82
37 46
34 49
43 40
42 41
7 76
10 75
29 54
72 11
66 17
52 31
39 44
33 52
51 32
53 30
44 39
57 26
22 61
9 74
41 42
2 81
56 27
46 37
73 11
54 34
44 40
0 84
40 44
67 17
53 33
13 71
8 76
72 12
12 72
57 27
81 3
11 73
36 48
38 46
77 7
5 79
46 38
47 39
53 31
65 19
47 37
41 43
31 53
42 42
32 52
19 65
9 75
52 32
66 18
55 29
34 50
18 66
76 10
2 82
17 67
78 6
33 53
14 70
4 80
25 59
1 83
45 39
35 49
70 14
43 41
82 2
34 52
10 76
39 45
58 26
71 13
22 62
30 54
20 65
81 4
22 63
13 72
68 17
53 34
82 3
52 33
47 40
49 36
56 29
4 83
77 8
75 10
39 46
74 11
85 0
55 34
70 17
12 73
0 85
42 43
26 59
83 2
67 18
58 27
53 32
47 38
72 13
38 47
57 28
19 68
6 79
65 20
73 12
45 40
76 11
15 70
34 51
9 76
5 80
25 60
14 71
32 53
36 49
18 67
1 84
49 40
78 7
23 62
30 55
71 14
40 45
41 44
46 39
21 64
54 33
10 77
44 41
4 81
35 52
48 39
37 48
3 82
58 28
50 40
67 19
44 42
48 38
74 12
66 20
50 36
69 17
18 68
14 74
5 81
71 17
26 60
3 83
37 49
52 34
78 8
17 69
23 63
86 0
43 43
32 54
56 34
71 15
4 84
5 83
15 71
51 35
35 51
40 46
42 44
9 77
55 31
49 41
73 13
75 11
54 32
14 72
6 80
31 55
1 85
41 45
79 7
46 40
19 67
82 4
49 37
85 1
38 48
70 18
21 65
53 35
84 2
68 18
83 3
22 64
56 30
45 41
0 86
24 62
13 73
27 59
67 20
56 31
37 50
32 55
45 42
42 45
66 21
68 19
15 74
51 40
60 27
49 38
65 22
69 18
82 7
23 64
24 65
87 0
58 29
16 71
27 60
43 44
78 9
14 73
57 30
41 46
55 32
36 51
1 86
59 28
21 66
83 4
2 85
56 33
50 41
79 8
14 75
46 41
86 1
7 80
84 3
18 69
72 17
25 62
75 12
51 36
52 35
3 84
85 2
20 67
22 65
72 15
50 37
17 70
39 48
5 82
6 83
15 72
71 16
74 13
61 26
9 78
62 25
14 76
72 16
12 76
37 53
15 73
88 0
15 75
52 40
65 23
9 79
42 46
51 37
25 63
37 51
33 55
6 82
60 28
41 47
69 19
74 14
51 41
7 83
24 64
7 81
43 45
6 84
68 20
16 74
13 75
84 4
73 17
58 30
32 56
80 8
3 85
61 27
2 86
66 22
46 42
51 39
21 67
50 38
83 7
56 32
25 65
64 24
1 87
17 71
83 5
52 36
40 48
86 2
50 42
87 1
75 13
27 61
44 44
81 7
22 66
16 72
62 26
63 25
79 9
1 89
85 3
18 70
73 15
57 31
28 61
65 24
38 53
85 4
13 76
2 87
74 15
0 89
1 90
84 5
21 68
62 27
51 38
69 20
25 64
7 82
44 45
27 62
57 32
37 52
46 43
83 6
16 75
43 46
17 72
26 63
6 85
80 9
52 37
33 56
53 40
67 22
10 79
81 8
59 30
2 89
64 25
86 3
9 80
63 28
16 73
22 67
51 42
8 81
19 70
76 13
68 21
58 31
63 26
3 86
73 16
87 2
88 1
66 23
8 85
41 48
84 7
18 71
61 28
75 14
45 44
12 77
8 82
13 77
84 6
8 84
0 90
41 49
86 4
63 27
65 25
22 70
53 37
76 14
58 32
59 31
9 87
60 30
68 22
47 43
20 70
3 87
22 68
53 39
17 73
10 80
80 10
78 12
66 24
38 52
26 64
81 9
2 88
31 59
46 44
42 48
43 47
11 79
34 56
79 11
17 75
18 72
27 63
61 29
69 21
9 85
70 20
74 16
33 57
64 26
28 62
4 86
67 23
88 2
45 45
52 38
52 42
39 51
7 85
23 67
62 28
19 71
71 19
79 12
80 11
76 15
70 21
81 10
39 52
43 48
58 33
0 91
27 64
69 22
64 27
3 88
31 60
18 75
68 23
44 47
53 44
40 51
5 86
54 37
61 30
46 45
22 69
59 32
62 29
11 80
48 43
9 82
7 86
52 43
8 87
82 9
12 79
55 36
78 13
88 3
61 32
23 68
47 44
13 78
87 4
85 6
28 63
72 19
71 20
75 16
20 71
66 25
32 59
18 73
67 24
9 84
86 5
53 38
10 85
42 49
4 87
41 50
9 86
77 14
22 71
60 31
34 57
11 81
67 25
24 72
14 78
27 65
79 13
89 3
20 72
33 59
81 11
60 32
49 43
55 37
58 34
75 17
13 79
70 22
40 52
59 33
87 5
24 68
0 92
53 45
44 48
69 23
47 45
67 27
65 27
21 79
86 6
19 73
8 88
82 10
9 83
31 61
50 44
7 87
56 36
57 35
66 26
62 30
4 88
46 46
42 50
78 14
10 82
77 15
34 58
12 80
28 64
10 86
35 57
21 71
52 44
71 21
18 74
29 63
54 38
55 39
72 20
23 69
62 32
88 4
5 87
87 6
24 69
79 14
44 49
49 44
11 82
20 73
62 31
28 65
73 20
14 79
67 26
66 27
57 36
65 28
6 87
89 4
30 65
88 5
20 79
51 44
1 92
3 90
41 52
20 77
77 16
24 71
34 59
35 58
21 72
81 12
71 22
55 38
80 13
60 33
29 64
7 88
75 22
31 62
70 23
82 11
25 68
13 80
47 46
83 10
5 88
72 21
46 47
86 7
25 72
48 45
59 34
58 35
74 19
78 15
69 24
42 51
40 53
10 83
33 60
11 86
21 78
68 25
56 37
74 21
32 61
76 17
85 8
56 39
4 89
14 89
52 45
19 74
64 29
63 30
75 18
65 29
71 23
68 26
14 80
38 56
42 52
35 59
70 24
81 13
79 15
25 71
52 46
28 66
82 12
49 45
14 90
86 8
77 17
76 18
46 48
72 22
69 25
41 55
21 77
48 46
37 57
29 65
36 58
4 90
85 9
6 88
74 22
73 21
42 56
0 94
87 7
60 34
84 10
13 89
32 62
21 73
56 38
31 63
34 60
13 81
44 50
63 31
47 47
57 37
40 54
64 30
1 93
30 64
20 74
5 89
89 5
25 69
88 6
75 19
11 83
14 82
74 20
33 61
59 35
19 79
20 76
51 45
3 91
58 36
31 65
66 28
26 72
11 87
39 55
75 21
20 80
76 19
90 5
15 80
42 53
32 63
73 22
13 90
89 6
58 37
64 31
65 30
86 9
35 60
81 14
26 69
4 91
87 8
80 15
36 59
61 36
11 88
79 16
41 56
2 93
13 82
3 92
31 64
42 55
51 46
39 56
49 46
71 24
40 55
44 51
12 83
60 35
33 62
6 89
69 26
70 27
21 74
47 48
19 80
1 94
78 17
34 61
59 36
82 13
57 38
61 34
27 72
48 47
75 20
38 57
85 10
14 81
72 23
20 75
0 95
25 70
77 18
71 28
29 66
66 29
22 77
37 58
11 84
41 54
79 17
6 90
81 15
70 28
36 60
73 23
32 64
13 91
23 77
87 9
26 70
69 27
72 24
22 74
38 58
33 63
2 94
68 28
82 14
41 57
42 54
37 59
46 50
27 71
78 18
4 92
88 8
89 7
66 30
1 95
62 34
60 36
10 88
76 20
40 56
0 96
2 96
58 38
18 80
64 32
5 91
59 37
19 81
77 21
61 35
3 93
63 33
29 67
15 81
47 49
86 10
83 13
13 83
12 90
90 6
12 84
20 82
49 47
85 11
21 75
71 27
70 26
67 29
45 51
11 89
34 62
39 57
51 47
65 33
77 19
80 17
50 47
60 37
7 90
82 15
1 96
69 28
18 81
91 6
2 97
28 71
43 54
88 9
72 27
11 90
66 31
65 32
3 94
36 61
58 39
70 29
15 84
41 58
44 53
33 64
13 84
71 26
22 75
12 91
23 76
47 50
38 59
77 20
86 11
84 13
72 25
37 60
10 89
73 24
90 7
34 63
64 33
5 92
83 14
6 91
68 29
30 67
19 82
20 83
63 34
59 38
89 8
85 12
39 58
78 19
40 57
90 9
49 48
81 16
78 21
28 69
57 40
62 35
27 70
46 51
0 97
16 81
45 52
44 54
10 90
48 50
57 41
73 25
84 14
0 98
91 7
68 30
73 27
46 52
85 13
86 12
34 64
64 34
62 38
33 65
82 16
28 70
66 32
23 75
78 20
58 40
3 95
14 84
7 91
83 15
60 38
47 51
72 26
88 10
18 82
4 94
69 29
59 39
37 61
30 68
1 97
24 76
81 17
19 83
11 91
15 83
89 9
5 93
17 81
39 59
45 53
20 84
38 60
80 18
35 63
50 48
40 58
63 35
29 69
90 8
73 26
63 36
11 92
6 93
10 91
34 65
50 49
46 53
39 60
58 41
69 30
45 54
79 20
17 82
62 37
89 10
67 32
19 84
1 98
40 59
68 31
14 85
8 91
64 35
4 95
36 63
88 11
86 13
49 50
29 70
61 38
81 18
60 39
48 51
85 14
87 12
5 94
24 75
0 99
18 83
83 16
82 17
30 69
91 8
38 61
44 55
16 83
34 66
18 84
17 83
66 34
74 26
0 100
45 55
80 20
57 43
75 25
82 18
37 63
63 37
67 33
89 11
50 50
83 19
64 36
92 8
30 70
69 33
14 86
31 69
53 47
83 17
86 14
96 4
85 15
77 25
11 93
88 12
36 64
59 41
61 39
39 61
6 94
76 24
87 13
58 42
10 92
8 92
5 95
100 0
47 53
69 31
40 60
56 44
95 5
81 19
4 96
98 2
60 40
44 56
48 52
54 46
35 65
84 16
25 75
20 86
1 99
46 54
69 35
38 62
26 74
63 46
77 26
34 67
50 51
33 68
85 16
101 0
83 18
91 10
6 95
89 12
97 4
56 45
54 47
9 92
51 50
52 51
7 94
92 9
16 85
19 86
49 52
20 87
57 44
32 69
77 24
82 19
84 17
61 40
11 94
98 3
80 21
79 22
40 61
59 42
39 62
36 65
96 5
65 36
61 42
37 64
87 14
3 98
27 74
4 97
60 41
1 100
10 93
17 84
18 85
100 1
69 34
55 46
26 75
53 52
47 54
88 13
41 60
58 43
68 35
14 87
53 48
78 23
35 66
44 57
90 11
48 53
99 2
76 25
95 6
78 25
69 32
70 31
15 86
66 35
31 70
8 93
67 34
2 99
30 71
46 55
75 26
64 37
45 57
57 45
36 66
49 53
30 72
11 95
46 56
4 98
95 7
80 22
62 44
65 37
87 15
62 46
88 14
5 97
66 36
3 99
38 64
63 39
91 11
34 68
63 45
52 52
51 51
62 40
52 50
47 55
67 35
62 42
79 23
0 102
78 24
44 58
98 4
96 6
82 20
90 12
50 52
41 61
35 67
16 86
76 26
61 43
85 17
0 104
42 60
71 33
84 18
102 0
74 28
10 94
32 70
17 85
1 101
58 44
40 62
101 1
6 96
53 51
72 34
70 32
7 95
54 48
81 21
60 42
70 34
112 8
75 27
53 49
98 6
100 2
93 9
19 87
18 86
33 69
59 43
92 10
28 74
15 87
27 75
9 93
99 3
8 94
61 41
5 99
64 38
56 46
40 63
79 24
71 32
33 74
27 76
17 86
63 44
113 8
93 10
53 50
80 23
89 14
44 61
100 3
8 95
101 2
81 22
4 99
46 57
72 35
72 31
64 39
23 80
67 36
56 47
60 43
9 94
45 58
51 52
85 18
39 64
5 98
0 103
29 74
97 6
7 96
15 88
112 7
66 37
64 45
61 44
82 21
71 34
18 87
37 66
62 41
6 97
47 56
1 104
38 65
33 70
16 87
63 40
32 71
31 72
55 48
62 45
65 38
98 5
32 73
28 75
2 101
88 15
103 0
92 11
36 67
74 29
50 53
42 61
58 45
3 100
102 1
49 54
59 44
76 27
1 102
96 7
73 30
35 68
91 12
75 28
10 95
87 16
95 8
58 46
85 19
92 12
80 28
3 101
104 0
49 55
4 100
61 45
56 48
65 39
90 14
45 59
71 35
84 20
33 71
100 4
42 62
46 58
99 5
7 97
80 24
16 88
73 31
17 87
74 30
64 42
113 7
63 41
43 61
81 23
101 3
34 70
51 53
6 98
94 10
33 73
18 88
44 60
54 50
32 72
75 29
91 13
41 63
8 96
76 28
30 74
82 22
32 74
9 95
64 40
24 80
60 44
67 37
37 67
59 45
1 103
102 2
97 7
86 18
64 44
28 76
89 15
105 1
112 6
39 65
96 8
79 27
88 16
50 54
29 75
72 32
57 47
36 68
23 81
40 64
63 43
47 57
49 56
102 3
36 69
64 43
41 64
92 13
60 45
24 81
47 58
106 1
9 96
87 18
41 66
80 25
88 17
104 1
30 75
43 62
51 54
17 88
28 77
74 31
86 19
46 59
25 80
50 55
112 5
105 2
35 70
34 73
65 40
57 48
103 2
80 27
84 21
73 32
58 47
4 101
64 41
68 37
71 36
100 5
113 6
55 50
38 67
7 98
39 66
65 42
79 26
77 28
34 71
76 29
95 10
33 72
2 103
65 44
79 28
32 75
72 37
85 20
56 49
48 57
97 8
29 76
37 68
81 24
83 22
90 15
59 46
8 97
45 60
65 43
36 70
30 76
55 51
34 72
102 4
80 26
40 66
48 58
29 77
103 3
91 15
68 38
38 68
31 75
100 6
96 10
106 2
81 27
113 5
79 29
73 33
83 23
92 14
85 25
39 67
71 37
59 47
0 106
89 17
93 13
84 22
4 102
28 78
41 65
74 32
101 5
99 7
81 25
49 57
46 60
90 16
52 54
5 101
87 19
42 64
7 99
77 29
60 46
58 48
37 69
72 38
76 30
35 71
51 55
65 41
66 44
61 47
43 63
56 50
95 11
8 98
98 8
25 81
97 9
104 2
26 80
84 24
88 18
17 89
5 103
66 42
86 20
3 103
111 5
76 32
9 97
47 59
47 60
69 38
26 83
3 104
70 37
82 25
92 15
87 20
30 77
56 51
10 97
38 69
56 53
57 50
85 24
51 56
5 102
1 106
85 26
108 1
6 103
0 107
95 12
43 64
28 79
99 8
46 61
26 81
42 65
93 14
16 91
104 3
111 4
49 58
71 38
78 29
81 26
50 57
9 98
88 19
35 72
107 2
90 17
29 78
102 5
6 101
31 76
36 71
66 41
74 33
37 70
110 3
96 11
76 31
68 39
8 99
58 49
100 7
75 32
17 90
97 10
66 43
54 53
15 92
53 54
60 47
84 23
103 4
89 18
61 48
91 16
98 9
40 67
113 4
83 24
27 80
43 65
27 83
99 9
67 41
59 49
45 63
0 108
30 78
57 51
18 90
31 77
103 5
56 52
95 13
77 31
67 43
40 68
75 33
47 61
16 92
53 55
86 22
1 109
51 57
101 7
54 54
78 30
109 1
93 15
17 91
91 17
49 59
100 8
3 105
84 26
9 99
61 49
58 50
83 25
89 19
15 93
109 3
111 3
60 48
113 3
36 72
85 23
38 70
26 82
48 60
87 21
37 71
85 27
52 56
98 10
28 80
70 38
27 81
69 39
92 16
10 98
44 64
62 48
6 102
68 40
110 2
82 26
97 11
108 2
104 4
39 69
50 58
7 101
55 53
1 107
50 59
29 80
41 68
83 26
68 41
75 34
103 6
78 31
70 39
84 27
37 72
63 48
89 20
30 79
28 81
55 54
0 109
32 77
99 10
77 34
68 43
57 52
9 100
74 35
92 17
108 3
58 51
8 101
60 49
112 3
16 93
11 98
109 4
45 64
36 73
53 56
98 11
39 70
87 22
104 5
40 69
93 16
88 21
101 8
51 58
111 2
54 55
69 44
17 92
15 94
38 71
97 12
47 62
59 50
46 63
62 49
69 40
90 19
4 105
61 50
18 91
1 108
44 65
102 7
27 82
7 102
10 99
48 61
100 9
110 1
86 23
96 13
52 57
40 70
94 16
63 49
46 64
41 69
91 19
28 82
53 57
88 22
102 8
3 107
108 4
37 73
2 108
54 56
76 34
87 23
49 61
83 27
51 59
32 78
78 34
60 50
4 106
18 92
30 82
98 12
59 51
77 35
74 36
70 40
12 98
78 32
35 75
31 79
10 100
58 54
9 101
29 81
100 10
0 110
79 31
45 65
109 5
103 7
75 35
105 5
39 71
68 42
96 14
112 2
55 55
16 94
69 41
101 9
104 6
19 91
58 52
99 11
69 43
65 49
17 93
93 17
111 1
8 102
90 20
48 62
68 44
97 13
102 9
52 59
58 53
39 72
112 1
35 76
108 5
6 105
75 36
79 36
9 102
99 12
98 13
18 93
79 32
48 63
78 33
53 58
23 88
18 95
29 82
16 95
31 80
42 69
65 50
106 5
30 81
60 51
69 42
111 0
47 64
78 35
107 4
3 108
19 92
71 40
37 74
88 23
46 65
57 54
45 66
96 15
56 55
95 16
64 49
50 61
68 45
94 19
41 70
100 11
80 31
4 107
94 17
20 97
12 99
10 101
70 43
70 41
0 111
17 94
97 14
5 106
105 6
54 57
76 35
36 75
104 7
38 73
91 20
59 52
32 79
51 60
15 96
83 28
2 110
104 8
99 13
46 66
42 70
39 73
80 32
19 95
92 20
7 105
60 52
0 112
1 111
4 108
83 29
56 56
48 64
10 102
88 24
20 98
13 99
31 81
38 74
97 15
52 60
64 50
40 72
79 33
37 75
14 98
107 5
100 12
19 93
20 96
29 83
32 80
47 65
67 45
57 55
6 106
54 58
23 89
95 19
25 87
106 6
41 71
19 97
24 88
15 97
70 42
95 17
59 53
71 41
16 96
18 94
44 68
96 16
103 9
81 31
36 78
102 10
79 37
78 36
89 23
77 37
75 37
34 78
36 76
51 61
106 8
33 79
3 109
105 7
98 14
112 0
94 18
76 36
101 11
29 84
106 7
32 81
37 76
34 79
104 9
14 99
0 113
44 69
19 94
46 67
67 46
17 96
64 51
60 53
36 77
25 88
33 80
43 70
26 87
106 9
47 66
72 41
2 111
1 112
71 42
18 97
11 102
76 37
10 103
55 58
22 91
35 78
38 75
51 62
98 15
23 90
46 69
92 21
49 64
27 86
21 92
81 32
53 60
5 108
6 107
61 52
101 12
113 0
95 18
83 30
78 37
42 71
7 106
24 89
37 78
3 110
20 93
89 24
57 56
15 98
96 19
90 23
16 97
4 109
84 29
41 72
52 61
45 68
88 25
20 95
99 14
39 74
80 33
97 16
54 59
19 98
102 11
107 6
114 0
32 82
3 111
78 38
72 42
62 52
61 53
98 16
18 98
46 68
8 110
67 47
101 13
40 76
39 75
10 104
57 57
5 109
21 95
100 14
51 63
99 15
45 69
83 31
2 112
97 17
16 98
29 85
105 9
7 107
93 21
17 97
25 89
55 59
88 26
44 70
20 94
96 18
107 7
60 54
42 76
90 24
38 76
84 30
24 90
48 66
106 10
63 51
12 102
53 61
21 93
26 88
4 110
81 33
43 71
6 108
27 87
73 41
50 64
89 25
13 101
52 62
76 38
109 7
104 10
73 43
31 85
7 109
49 65
33 81
102 12
41 73
1 113
35 79
47 67
28 86
23 91
37 77
22 92
15 99
34 80
42 72
82 32
76 39
4 111
32 85
33 82
43 72
25 90
34 81
56 59
43 76
52 63
102 13
40 77
49 66
39 76
114 1
47 68
90 25
28 87
41 76
17 98
55 60
42 73
93 22
38 77
5 110
63 52
81 34
26 89
7 110
60 55
108 7
24 91
89 26
2 113
115 0
50 65
99 16
53 62
8 109
14 101
88 27
57 58
100 15
103 12
105 10
74 43
84 31
104 11
21 94
61 54
83 32
73 44
82 33
1 114
74 41
23 92
48 67
35 80
72 43
13 102
29 86
32 83
44 71
7 108
22 93
30 85
97 18
54 63
6 109
18 99
68 47
8 107
101 14
109 8
73 42
45 70
31 84
69 46
11 104
92 23
16 99
78 39
69 47
55 63
104 12
3 113
35 83
48 68
45 71
51 65
44 72
91 25
14 102
16 100
50 66
100 16
13 103
35 81
62 54
90 26
27 89
56 60
33 83
12 104
41 77
54 62
99 17
98 18
102 14
108 8
82 40
28 88
68 48
30 86
17 99
72 44
55 61
114 2
2 114
92 24
85 33
39 77
54 64
84 32
87 29
1 115
116 0
105 11
94 22
74 42
85 31
63 53
18 100
26 92
49 67
6 110
57 59
77 39
76 40
70 46
5 111
44 76
61 55
23 93
89 27
93 23
32 84
25 91
8 108
9 109
43 73
82 34
22 94
81 35
78 40
52 64
35 82
15 102
23 94
45 72
56 61
94 23
49 68
88 29
48 69
81 40
103 14
71 46
55 62
75 42
39 78
95 22
90 27
84 33
82 39
62 55
5 112
87 30
6 111
85 34
17 100
58 59
98 19
43 74
19 100
41 78
33 84
92 25
65 52
47 70
108 9
105 12
66 51
115 2
27 92
76 41
24 93
44 73
85 32
57 60
86 33
30 87
35 84
117 0
116 1
72 45
9 108
93 24
14 103
37 80
2 115
104 13
3 114
26 93
91 26
64 53
102 15
89 28
25 92
68 49
77 40
53 64
26 91
34 83
51 66
82 35
13 104
83 34
101 16
63 54
29 88
44 75
100 17
69 48
27 90
78 42
37 81
69 49
28 90
19 101
11 107
15 103
17 101
44 74
101 17
84 34
106 12
45 75
90 28
116 2
87 31
13 105
4 114
118 0
48 70
72 46
47 71
30 88
46 72
62 56
77 41
56 62
34 84
66 52
102 16
81 41
2 116
86 32
36 82
5 113
45 73
41 79
51 67
83 35
49 69
103 15
115 3
92 26
83 39
58 60
29 89
10 108
67 51
105 13
25 93
24 94
14 104
89 29
82 36
61 57
65 53
95 23
82 38
76 42
57 61
27 91
100 18
70 48
39 79
108 10
63 55
105 15
53 67
53 65
6 112
38 80
104 14
93 25
98 20
117 2
90 29
79 42
87 32
38 81
13 106
64 55
46 73
66 53
11 108
4 115
92 27
7 112
31 88
89 30
115 4
108 11
82 37
98 21
106 13
118 1
69 50
77 42
50 69
99 20
34 85
93 26
95 24
76 43
48 71
103 16
17 102
63 56
119 0
101 18
81 42
53 66
62 57
83 38
109 10
116 3
59 60
6 113
29 90
25 94
3 116
14 105
70 49
94 25
59 62
47 72
65 54
57 62
100 19
83 36
40 79
16 103
105 16
102 17
105 14
53 68
67 52
28 91
84 35
72 47
88 31
61 58
15 104
37 82
107 12
20 101
71 48
12 107
45 74
51 68
59 61
79 43
8 116
13 107
77 43
52 68
103 17
93 27
39 81
63 57
118 2
34 86
117 3
54 66
15 105
38 82
47 73
65 55
60 60
4 116
76 44
101 19
71 49
70 50
88 32
106 14
6 114
51 69
102 18
11 109
60 62
73 47
83 37
18 102
48 72
30 90
66 54
57 63
110 10
100 20
25 95
94 26
68 52
10 110
81 43
92 28
20 102
84 38
80 42
109 11
84 36
120 0
91 29
17 103
7 115
31 89
116 4
98 22
89 31
14 106
1 119
105 17
115 5
72 48
99 21
46 74
29 91
32 88
8 112
64 56
40 80
50 70
107 13
12 108
108 12
62 58
95 25
16 104
56 64
50 71
55 66
13 108
33 88
26 95
87 34
91 34
105 18
1 120
56 65
81 44
17 104
116 5
98 23
119 2
34 87
20 103
51 70
35 86
86 35
40 83
66 55
99 22
47 74
64 57
32 89
7 116
118 3
65 56
28 93
31 90
89 32
48 73
90 33
5 116
14 107
49 72
117 4
44 79
100 21
62 59
60 61
120 1
85 36
38 83
18 103
63 58
52 69
95 26
4 117
111 10
67 54
71 50
109 12
15 106
102 19
69 52
10 111
72 49
8 113
121 0
7 114
110 11
93 28
67 56
101 20
11 110
12 109
8 115
107 14
57 64
70 51
29 92
91 30
104 17
73 48
80 43
2 119
77 44
61 60
68 53
40 81
25 96
92 29
84 37
103 18
71 51
66 56
4 118
1 121
25 97
3 119
65 57
34 88
4 120
86 36
103 19
102 20
117 5
32 90
68 56
104 18
43 79
115 7
29 93
48 74
85 37
19 103
88 34
107 15
57 65
45 77
14 108
116 6
62 60
110 12
28 94
39 83
44 80
17 105
18 104
90 32
50 72
121 1
8 114
72 50
64 58
74 48
78 44
6 116
119 3
27 95
13 109
45 79
9 113
87 35
70 52
93 29
33 89
92 30
10 112
5 117
38 84
12 110
67 55
67 57
89 33
68 54
26 96
111 11
41 81
120 2
40 84
46 76
61 61
97 25
101 21
91 33
55 67
15 107
52 70
35 87
90 34
118 4
80 44
44 78
64 60
37 85
58 64
91 31
99 23
50 74
40 82
49 73
96 26
100 22
63 60
29 94
109 14
55 68
28 95
65 60
72 51
98 25
39 84
10 113
80 45
14 109
30 93
50 75
41 82
94 29
42 81
1 122
69 54
122 1
34 89
41 84
52 71
87 36
74 49
121 2
38 85
68 55
110 13
86 37
3 120
115 8
53 70
33 90
119 4
101 22
89 34
78 45
93 30
108 15
49 74
92 33
4 119
71 52
70 53
2 121
111 12
90 35
47 76
35 88
27 96
64 59
88 35
104 19
16 107
6 117
91 32
50 73
116 7
120 3
18 105
114 9
69 56
113 10
62 61
51 72
9 114
57 66
102 21
99 24
13 110
45 78
58 65
117 6
112 11
37 86
66 57
97 26
12 111
19 104
92 31
26 97
100 23
46 77
43 80
76 47
30 94
110 14
51 73
116 8
103 21
31 93
26 98
72 52
71 59
111 13
6 118
119 5
57 67
108 16
34 90
56 68
23 101
54 70
48 76
27 97
99 25
41 85
121 3
3 121
107 17
114 10
100 24
13 111
46 78
88 36
94 30
112 12
47 77
77 47
102 22
69 55
61 63
18 106
86 38
39 85
118 6
11 113
93 31
35 89
65 59
63 61
10 114
22 102
78 46
97 27
38 86
53 71
69 57
117 7
95 29
8 118
120 4
49 75
87 37
66 58
52 72
109 15
59 65
122 2
93 33
104 20
28 96
75 49
14 110
19 105
43 81
89 35
79 45
1 123
2 122
42 82
58 66
113 11
115 9
71 53
42 84
29 95
62 62
98 26
5 119
92 32
17 107
76 48
101 23
38 87
119 6
42 85
110 15
23 102
29 96
30 95
76 49
109 16
87 38
7 118
14 111
94 31
79 46
98 29
31 94
117 8
95 30
115 10
11 114
77 48
100 25
13 112
66 59
39 86
111 14
98 27
34 91
58 67
93 32
78 47
24 101
59 66
47 78
56 69
63 62
99 26
118 7
27 98
116 9
108 17
52 73
18 107
42 83
61 64
83 42
106 19
70 55
35 90
70 57
55 70
72 59
6 119
71 58
96 29
9 118
57 68
86 39
3 122
114 11
89 36
49 76
72 53
105 20
48 77
88 37
22 103
73 52
17 108
28 97
107 18
9 120
43 82
123 2
103 22
71 54
1 124
62 63
101 24
121 4
12 113
122 3
120 5
19 106
112 13
54 71
106 20
49 77
86 40
74 52
12 114
52 74
60 66
20 106
0 126
58 68
47 79
101 25
107 19
69 59
96 30
25 101
48 78
103 23
53 73
116 10
85 41
32 94
120 6
84 42
63 63
44 82
113 13
43 83
71 57
108 18
67 59
15 111
97 29
39 87
112 14
29 97
4 122
109 17
76 50
87 39
6 120
72 58
62 64
61 65
24 102
89 37
18 108
95 31
35 91
7 119
9 119
79 47
23 103
28 98
57 69
27 99
17 109
83 43
38 88
122 4
110 16
100 26
73 53
124 2
31 95
88 38
10 120
22 108
21 107
99 27
102 24
78 48
117 9
8 120
2 124
19 107
98 30
16 110
1 125
111 15
54 72
119 7
56 70
42 86
94 32
120 8
87 41
14 112
11 115
77 49
22 104
115 11
71 55
104 22
71 56
67 60
123 4
35 92
44 83
105 22
14 113
89 38
55 72
23 108
78 49
22 105
73 54
63 64
46 81
113 14
4 123
97 30
destination
