map
random512-35-8.map
pivot
269 125
agent & start
100 488
152 508
313 511
508 440
63 483
26 456
492 456
32 468
405 495
56 480
71 481
36 470
140 508
41 473
98 478
30 466
104 492
473 463
507 441
39 471
15 449
45 477
429 497
15 447
34 470
500 450
503 439
62 484
27 455
97 477
437 495
474 464
8 442
142 510
60 484
439 493
27 457
144 510
102 486
40 472
475 463
18 450
290 506
20 452
142 502
428 498
501 449
143 511
33 469
148 510
10 442
13 447
47 479
430 496
95 465
105 493
9 443
499 451
110 498
139 507
102 490
106 492
151 507
291 507
6 440
95 475
38 468
499 447
12 442
67 483
94 466
28 454
311 509
138 506
431 495
500 448
19 451
490 454
438 494
151 509
31 465
310 508
72 480
406 494
141 509
11 441
489 453
143 510
140 507
8 441
499 448
369 510
314 511
408 495
56 479
463 458
64 483
15 448
69 482
13 442
436 495
430 495
500 449
19 450
28 455
68 483
95 474
147 510
144 509
14 447
102 487
41 472
142 509
66 481
406 493
151 508
55 478
474 463
313 510
33 468
150 509
437 494
405 496
142 503
508 439
27 456
63 482
311 508
6 439
432 495
46 477
71 480
110 499
490 453
70 481
148 509
149 510
492 455
439 492
498 451
140 505
105 492
62 483
15 446
102 489
13 446
409 496
96 465
429 494
101 488
67 482
139 506
28 457
503 438
20 451
312 509
11 440
95 466
40 471
507 440
32 467
47 478
29 454
98 477
407 494
60 483
291 506
464 457
38 467
18 449
32 465
7 434
9 442
428 497
31 466
499 450
35 470
141 502
6 437
10 441
141 508
12 443
37 468
141 504
429 496
431 494
406 495
504 439
59 481
56 478
33 467
436 494
141 505
141 503
508 438
28 456
463 457
111 499
70 480
428 494
55 477
13 443
369 509
412 492
405 497
492 454
95 467
504 438
408 494
95 473
505 439
292 506
291 505
464 458
498 450
12 444
10 440
141 507
499 449
6 438
98 476
407 495
35 469
432 494
312 508
469 451
14 446
11 439
29 457
149 509
140 506
474 462
150 508
8 434
7 433
406 496
34 468
439 491
314 510
144 508
431 493
429 495
466 454
408 496
428 496
32 466
18 448
68 482
96 466
29 455
103 487
145 509
13 445
105 491
368 510
491 453
146 510
406 492
24 452
36 468
67 481
465 457
64 482
69 481
60 482
104 490
41 471
143 509
464 456
9 441
409 495
66 480
297 503
437 493
37 467
6 436
7 437
62 482
47 477
507 439
133 509
20 450
102 488
16 448
297 505
409 497
469 450
411 496
367 510
17 448
506 439
23 452
408 497
7 436
21 450
133 508
140 503
467 452
468 451
292 505
141 506
464 455
498 449
104 489
18 447
10 439
314 509
33 466
297 504
64 481
467 454
37 456
424 499
60 481
22 451
100 475
112 499
462 457
59 480
104 487
433 494
466 453
407 492
31 462
432 493
296 505
35 468
479 460
370 509
408 493
96 471
97 466
474 461
149 508
9 440
65 480
405 490
143 508
295 506
96 473
13 444
145 508
56 477
34 467
296 503
98 475
425 498
313 508
505 438
67 480
47 476
105 490
426 497
31 458
406 491
36 455
465 458
58 479
7 438
315 510
293 506
36 467
9 434
407 496
8 433
99 476
8 439
412 493
507 438
62 481
9 432
66 479
410 495
413 492
437 492
406 497
8 435
14 445
30 457
134 509
492 453
428 495
368 509
463 456
438 491
68 481
42 471
69 480
103 488
465 454
96 467
25 452
435 494
29 456
108 491
146 509
369 508
36 466
35 467
58 478
100 474
35 455
31 461
30 456
434 494
493 453
508 436
66 478
9 433
468 448
36 456
23 451
367 509
506 438
463 455
25 451
57 477
406 490
466 458
106 490
42 470
139 503
292 504
294 506
34 466
435 493
427 495
97 467
413 497
507 437
47 475
14 444
8 438
479 459
370 508
413 493
97 473
69 479
65 479
101 473
133 507
21 449
10 432
31 457
426 496
437 491
425 497
61 481
68 480
32 458
317 511
492 452
97 471
142 506
143 507
96 470
436 492
407 491
31 459
412 494
59 479
17 447
461 457
107 491
296 504
136 504
462 456
412 496
146 508
469 449
475 461
407 497
295 505
104 488
465 453
315 509
466 452
411 495
464 454
109 491
33 457
423 499
99 475
9 439
57 475
37 457
408 492
293 505
468 454
497 449
467 451
112 498
314 508
67 479
149 507
105 489
478 460
335 511
32 462
64 480
509 435
468 450
22 450
8 436
134 508
432 492
424 498
405 489
100 478
371 507
33 456
133 506
475 460
96 469
426 495
148 507
97 472
61 480
467 458
462 455
509 434
508 435
432 491
16 445
59 478
68 479
493 452
335 510
405 488
334 511
31 456
101 474
408 491
9 438
413 496
48 475
414 497
370 507
462 453
467 450
58 477
494 453
99 474
293 504
32 459
435 492
492 451
367 508
25 450
62 479
372 505
506 437
413 494
100 477
9 436
15 444
315 508
17 446
477 460
134 507
496 449
412 495
136 505
97 468
147 508
42 469
507 436
32 463
467 448
43 468
341 494
105 488
57 476
468 449
316 509
65 478
10 433
22 449
60 479
146 507
44 471
115 498
110 491
422 499
34 455
34 457
97 470
34 465
314 507
101 478
406 489
371 506
100 473
58 475
23 450
437 490
64 479
107 490
318 511
424 497
406 485
461 456
36 457
433 492
32 461
294 505
33 462
137 504
295 504
434 493
317 510
138 503
98 467
407 498
478 459
425 496
463 454
468 455
35 466
465 452
113 498
143 506
106 489
106 486
319 511
111 491
110 490
33 461
35 457
424 496
407 489
434 492
372 506
26 450
97 469
44 470
413 495
460 456
494 452
370 506
117 497
461 455
137 503
68 478
114 498
334 510
433 491
506 436
409 491
467 449
342 494
407 485
464 452
373 505
134 506
98 468
71 477
407 499
17 445
59 477
43 467
507 435
99 473
61 479
112 496
133 505
318 510
457 455
11 433
333 511
292 502
315 507
436 490
45 471
58 476
16 444
102 474
135 505
425 495
10 436
42 468
476 460
316 506
341 493
101 477
32 456
477 459
421 499
107 489
143 505
33 463
116 498
468 456
293 503
317 509
495 451
24 450
43 469
462 454
508 434
509 433
492 450
44 466
31 455
35 465
367 507
41 469
49 475
408 490
467 457
458 456
106 488
414 496
406 486
144 506
33 455
147 507
98 472
406 488
463 453
294 504
32 460
64 478
62 478
9 437
342 492
23 449
496 450
342 491
46 471
113 496
31 454
316 507
476 459
59 476
45 470
17 444
35 458
461 454
32 455
466 449
117 498
294 503
106 485
508 433
330 511
464 451
366 507
464 447
463 452
112 491
98 469
45 466
30 453
134 505
342 493
33 460
369 506
465 448
71 476
144 505
468 457
332 511
293 502
424 495
143 504
60 477
107 484
107 488
343 492
460 455
107 486
458 455
333 510
106 479
409 490
70 477
506 435
457 456
469 458
41 468
111 492
493 450
102 477
112 495
292 501
370 505
99 472
406 487
469 456
44 467
27 450
407 486
49 476
11 434
434 491
319 510
68 477
494 451
44 469
495 450
137 502
408 489
318 509
102 475
317 506
117 496
63 478
459 456
373 506
101 476
367 506
435 490
110 489
99 468
23 448
108 489
414 495
421 498
34 463
114 497
24 449
35 464
334 509
147 506
458 457
61 478
10 437
507 432
406 499
423 496
407 488
506 432
460 454
63 477
24 448
421 497
107 485
144 504
409 489
471 459
368 506
99 469
111 493
107 487
369 505
11 437
32 454
34 460
459 455
108 486
330 510
117 495
71 475
11 435
342 490
102 476
294 502
505 435
29 449
30 452
464 448
317 507
100 468
99 471
343 493
46 470
319 509
329 511
456 456
506 434
106 478
407 487
28 450
112 492
434 490
62 476
405 499
135 503
16 442
469 457
45 469
455 457
45 467
507 433
367 505
435 489
463 447
465 449
318 508
136 502
114 496
40 468
344 492
50 476
108 484
109 489
72 476
408 488
17 443
457 457
463 451
68 476
332 510
107 479
31 453
293 501
61 477
459 457
147 505
415 495
69 477
35 463
374 506
100 466
406 500
423 495
35 459
116 496
331 511
134 504
470 458
366 504
334 508
112 494
106 480
365 507
494 450
60 476
333 509
118 498
27 449
476 458
329 510
101 468
103 476
108 485
147 504
40 467
34 453
416 493
342 489
470 457
31 452
136 501
134 503
107 480
100 467
35 462
101 466
29 448
119 498
365 504
32 453
461 452
18 443
30 449
109 488
320 509
16 441
29 450
421 496
54 475
108 483
38 465
344 493
475 458
434 489
12 435
283 504
404 499
472 459
415 494
494 449
359 506
504 435
455 458
45 468
459 458
72 475
55 474
63 476
46 469
506 433
461 460
369 504
35 460
114 495
24 447
328 511
333 508
113 494
332 509
471 458
144 503
30 451
288 503
505 432
108 487
375 506
destination
