map
random512-35-8.map
pivot
269 125
agent & start
33 469
430 496
100 488
47 479
104 492
499 451
102 490
20 452
12 442
489 453
40 472
500 450
139 507
97 477
67 483
26 456
310 508
71 481
102 486
152 508
474 464
94 466
311 509
144 510
291 507
501 449
28 454
38 468
56 480
9 443
8 442
438 494
110 498
95 465
141 509
490 454
439 493
313 511
290 506
36 470
151 509
11 441
30 466
31 465
431 495
507 441
34 470
15 447
508 440
473 463
138 506
428 498
148 510
503 439
45 477
105 493
10 442
142 510
95 475
475 463
499 447
41 473
429 497
106 492
500 448
13 447
6 440
140 508
19 451
60 484
72 480
27 455
405 495
18 450
27 457
39 471
143 511
15 449
437 495
142 502
492 456
62 484
32 468
63 483
406 494
151 507
98 478
105 492
64 483
406 493
10 441
66 481
11 440
20 451
369 510
67 482
95 466
144 509
140 507
140 505
35 470
139 506
102 487
432 495
405 496
110 499
41 472
492 455
32 467
60 483
409 496
6 439
141 502
439 492
101 488
463 458
431 494
70 481
490 453
508 439
151 508
499 448
102 489
31 466
428 497
63 482
15 448
313 510
32 465
503 438
142 503
28 455
8 441
141 504
500 449
69 482
68 483
62 483
14 447
408 495
95 474
33 468
12 443
19 450
47 478
406 495
429 496
27 456
28 457
71 480
143 510
98 477
436 495
474 463
498 451
96 465
40 471
312 509
37 468
29 454
149 510
148 509
141 508
15 446
464 457
9 442
150 509
147 510
55 478
407 494
430 495
311 508
7 434
46 477
56 479
499 450
429 494
13 442
142 509
507 440
38 467
13 446
6 437
504 439
18 449
437 494
314 511
291 506
504 438
8 434
98 476
464 456
469 451
12 444
29 457
64 482
6 438
408 496
56 478
34 468
428 496
35 469
133 509
405 497
507 439
474 462
463 457
59 481
144 508
149 509
66 480
406 492
95 467
407 495
16 448
36 468
20 450
465 457
32 466
18 448
70 480
9 441
431 493
67 481
141 505
369 509
412 492
143 509
432 494
29 455
498 450
141 503
505 439
492 454
105 491
464 458
312 508
429 495
406 496
491 453
408 494
103 487
13 443
297 505
150 508
47 477
291 505
368 510
146 510
6 436
439 491
437 493
28 456
140 506
37 467
508 438
466 454
409 497
60 482
111 499
7 437
14 446
13 445
96 466
68 482
55 477
292 506
10 440
7 433
95 473
104 490
314 510
102 488
297 503
62 482
141 507
24 452
436 494
11 439
69 481
41 471
409 495
145 509
428 494
499 449
33 467
408 493
424 499
104 489
8 433
108 491
295 506
410 495
31 458
8 439
23 452
34 467
29 456
367 510
31 462
428 495
59 480
293 506
66 479
7 436
96 471
30 457
97 466
469 450
58 479
10 439
145 508
437 492
42 471
68 481
14 445
18 447
465 454
432 493
498 449
506 439
407 496
413 492
103 488
406 491
474 461
438 491
9 432
100 475
467 454
505 438
492 453
112 499
13 444
149 508
9 434
406 497
56 477
462 457
134 509
408 497
407 492
104 487
96 467
96 473
425 498
296 505
435 494
33 466
405 490
411 496
8 435
466 453
99 476
467 452
35 468
433 494
292 505
314 509
296 503
463 456
69 480
140 503
37 456
507 438
67 480
36 467
369 508
313 508
21 450
25 452
479 460
370 509
133 508
98 475
64 481
465 458
468 451
146 509
22 451
426 497
464 455
17 448
368 509
60 481
141 506
7 438
36 455
315 510
412 493
143 508
9 440
65 480
297 504
62 481
47 476
105 490
435 493
143 507
314 508
407 497
35 455
479 459
14 444
34 466
295 505
22 450
106 490
31 457
424 498
142 506
25 451
99 475
17 447
105 489
335 511
464 454
427 495
469 449
466 458
408 492
367 509
468 454
112 498
493 453
432 492
425 497
36 466
37 457
104 488
149 507
31 461
412 494
65 479
100 478
468 450
497 449
66 478
10 432
32 462
405 489
33 457
468 448
134 508
294 506
67 479
293 505
97 467
436 492
412 496
423 499
101 473
413 493
292 504
47 475
467 451
96 470
461 457
68 480
9 439
59 479
413 497
42 470
32 458
8 438
315 509
146 508
463 455
465 453
475 461
506 438
406 490
21 449
426 496
508 436
100 474
35 467
139 503
107 491
371 507
133 507
97 473
58 478
370 508
411 495
8 436
492 452
30 456
64 480
23 451
36 456
509 435
507 437
61 481
434 494
462 456
437 491
31 459
9 433
466 452
destination
