map
random512-40-2.map
pivot
207 165
agent & start
474 76
470 66
470 68
473 75
474 74
473 74
469 66
471 68
474 77
474 73
472 81
472 69
475 70
471 74
470 67
473 76
471 82
472 70
474 70
471 81
472 80
469 67
472 68
470 82
472 74
473 73
475 69
473 77
468 66
473 69
471 75
470 81
472 73
473 68
472 71
472 79
474 69
472 77
466 67
471 76
475 68
468 67
473 72
489 49
470 80
471 79
466 68
467 67
474 68
471 71
488 46
469 81
472 72
471 77
475 67
469 80
474 67
469 70
471 72
467 68
487 46
471 78
488 47
489 48
468 81
463 84
470 71
488 49
458 83
470 79
458 82
467 69
470 72
456 74
456 78
462 84
485 51
474 66
486 50
467 81
487 47
488 48
470 78
469 79
457 83
469 71
468 70
463 83
483 51
458 81
482 51
456 75
457 78
487 48
467 70
486 49
457 74
459 82
485 50
474 65
462 83
484 51
469 72
473 66
469 78
457 82
468 79
467 80
457 80
483 50
456 79
482 49
461 84
486 47
457 79
455 79
457 81
459 81
458 80
482 50
481 49
485 49
484 50
469 77
486 48
462 82
473 65
457 75
467 79
474 64
468 72
461 85
467 71
460 85
457 76
458 75
458 79
455 80
485 48
483 48
484 49
467 78
461 82
467 72
481 50
455 84
468 77
468 73
460 81
474 63
456 81
472 65
480 50
459 75
468 74
458 76
461 81
459 79
454 84
467 73
459 85
475 63
483 47
465 63
473 63
472 64
455 81
484 48
455 83
467 77
454 81
453 84
476 63
458 85
472 63
484 47
485 46
486 45
467 74
466 63
455 82
461 80
460 79
459 86
459 78
483 46
465 62
480 51
459 76
454 83
466 77
484 46
464 78
485 45
460 76
454 82
459 77
471 63
465 61
453 81
destination
