map
random512-25-0.map
pivot
496 179
agent & start
14 497
22 505
10 487
25 508
13 496
28 511
18 495
16 499
20 503
26 509
11 494
16 497
18 501
21 504
0 483
27 510
9 492
29 511
28 510
10 488
10 492
14 496
11 487
17 497
18 496
21 503
12 494
27 509
19 501
23 505
18 500
13 495
19 495
25 507
17 499
0 482
11 493
0 481
26 507
18 499
18 497
28 509
24 505
11 488
10 489
25 506
12 493
23 502
21 502
17 498
30 511
11 492
27 508
19 496
14 495
29 510
12 487
13 494
19 500
18 498
28 508
24 504
14 494
0 480
23 503
26 506
30 510
1 481
25 505
3 481
11 491
27 507
21 501
13 487
13 493
10 490
12 488
31 511
20 500
22 502
19 497
12 489
1 480
21 500
12 491
25 504
2 481
22 501
27 506
30 509
20 499
19 498
26 505
27 504
24 503
13 488
32 511
14 493
29 508
31 510
3 480
13 492
11 490
0 479
29 507
14 492
13 489
2 480
27 505
22 500
20 498
25 503
15 493
21 499
30 508
32 510
28 506
12 490
0 478
26 504
31 509
13 490
21 498
29 506
0 477
31 508
24 501
26 503
16 493
32 509
2 479
14 491
25 502
28 505
1 478
22 499
30 507
21 497
33 507
31 507
16 492
30 506
22 498
26 502
1 477
33 509
29 505
17 493
0 476
14 490
25 501
32 508
24 500
2 478
23 499
25 499
2 477
5 478
15 490
16 491
24 499
26 501
3 478
31 506
25 498
33 508
1 476
34 509
25 500
21 496
18 493
29 504
22 497
32 507
27 502
28 503
0 475
23 498
15 489
1 475
16 490
30 504
18 492
30 502
23 497
29 503
3 477
27 501
5 477
28 502
4 478
2 476
32 506
6 476
6 480
26 500
0 474
34 508
35 509
31 505
24 498
7 481
22 496
10 483
19 492
30 503
3 476
24 497
29 502
27 500
17 490
7 476
6 479
7 480
28 501
16 489
31 502
35 508
4 477
0 473
30 501
23 496
8 481
12 485
6 477
32 505
1 474
24 496
2 474
1 473
16 488
18 490
36 506
10 482
7 479
29 501
35 507
13 485
31 503
7 477
3 475
20 492
11 483
12 484
36 508
0 472
27 499
17 489
28 500
34 506
4 476
33 505
8 480
18 489
26 497
36 507
20 491
29 500
17 488
2 473
11 482
19 490
4 475
13 484
3 474
24 495
34 505
12 483
7 478
25 496
32 503
35 506
1 472
0 471
29 498
40 511
36 505
23 494
27 498
14 485
8 479
25 495
29 499
37 507
0 470
23 493
40 510
33 503
19 489
2 472
14 484
1 471
13 483
8 478
24 494
30 498
28 498
17 487
3 473
18 488
4 474
12 482
27 497
29 497
21 491
41 511
35 505
22 492
38 506
26 496
11 481
19 488
9 478
15 484
3 472
33 502
23 492
16 485
26 495
28 497
34 501
30 499
38 505
27 496
1 470
4 473
14 483
24 493
38 507
13 482
18 487
0 469
20 489
31 500
11 480
12 481
17 486
40 509
35 504
21 490
10 479
32 501
41 510
22 491
25 494
42 511
19 487
25 493
2 470
42 510
35 503
10 478
4 472
32 500
41 509
34 500
11 479
1 469
12 480
20 488
39 505
22 490
24 492
33 501
15 483
16 484
39 507
40 508
23 491
14 482
13 481
0 468
31 499
17 485
28 496
27 495
17 484
18 485
20 487
44 511
5 472
13 480
27 494
0 467
15 482
1 468
14 481
10 477
42 509
3 470
25 492
12 479
11 478
40 505
7 474
8 475
23 490
2 469
32 499
16 483
40 507
28 495
33 500
24 491
36 503
44 510
3 469
42 508
43 509
36 502
19 485
2 468
23 489
29 495
28 494
16 482
11 477
1 467
33 499
18 484
30 496
21 487
13 479
9 475
7 473
17 483
8 474
6 472
40 506
25 491
15 481
32 498
12 478
22 488
45 511
24 490
41 507
22 487
12 475
43 508
26 491
9 474
18 483
15 480
42 507
23 488
28 493
32 497
44 509
30 495
10 475
33 498
27 492
3 468
21 486
24 489
36 501
13 478
31 496
7 472
17 482
41 506
14 479
1 466
19 484
8 473
12 477
46 511
11 476
25 490
45 510
16 481
37 501
10 474
18 480
9 473
19 483
8 472
1 465
7 471
31 495
33 497
24 488
38 502
23 487
3 467
15 479
13 477
47 511
21 485
42 506
13 475
28 492
29 493
45 509
26 490
12 476
12 474
17 481
11 475
47 509
25 489
2 466
27 491
48 508
43 507
46 510
18 482
4 467
42 505
1 464
48 511
45 508
39 502
11 474
27 490
47 508
43 506
14 477
19 482
9 472
23 486
7 470
18 479
46 509
20 483
40 503
22 485
37 500
13 476
24 487
26 489
34 497
31 494
29 492
2 465
25 488
48 507
44 507
17 480
38 501
42 503
30 493
33 496
21 484
15 478
40 502
19 481
22 484
7 469
24 486
34 496
25 487
21 483
28 490
43 505
16 478
17 479
27 489
31 493
47 507
45 507
11 473
26 488
18 478
42 504
32 494
33 495
30 492
15 477
3 465
41 503
10 472
35 497
20 482
38 500
14 476
2 464
42 502
8 470
6 468
44 502
4 466
23 485
49 511
46 508
38 499
23 484
26 487
43 502
8 469
24 485
32 493
6 467
34 495
44 505
20 481
45 506
37 498
4 465
21 482
41 502
27 488
39 500
50 511
31 492
15 476
17 478
25 486
7 468
28 489
36 497
44 501
29 490
46 507
11 472
20 479
2 463
27 486
43 504
46 506
5 465
35 495
24 484
38 498
12 472
2 462
44 504
39 499
4 464
21 481
36 496
40 500
6 466
50 510
7 467
32 492
37 497
29 489
21 479
17 477
8 468
41 501
43 501
1 461
28 488
23 483
26 486
45 505
3 463
51 511
34 494
15 475
27 487
20 480
6 465
11 470
35 494
5 464
51 510
10 469
28 487
2 461
22 479
50 509
24 483
21 480
15 474
26 485
39 498
13 472
32 491
40 499
33 492
7 466
41 500
45 504
17 476
1 460
8 465
30 489
34 493
43 500
9 468
3 462
18 475
36 495
46 505
19 474
37 496
52 511
51 509
12 470
6 464
18 476
42 500
26 484
50 508
36 494
0 458
2 460
16 474
5 463
31 489
53 511
17 475
19 475
2 458
29 485
23 481
1 459
22 480
45 503
11 469
39 497
19 477
52 510
46 504
4 462
18 474
15 473
29 487
7 465
37 495
41 499
10 468
24 482
33 491
3 461
11 463
35 493
25 483
40 498
13 471
10 464
9 467
9 465
41 497
7 464
0 457
12 469
30 487
46 503
53 508
34 491
32 489
9 464
35 490
40 497
10 467
20 477
15 470
25 482
39 496
13 470
11 462
16 473
6 463
37 494
23 480
24 481
36 493
14 471
19 476
29 486
42 499
26 483
31 488
10 465
2 459
35 492
42 497
41 498
5 462
52 509
27 484
41 496
1 458
17 474
38 495
9 466
51 508
54 511
4 461
29 484
15 472
11 464
14 470
11 465
12 468
47 503
51 507
28 484
42 498
13 469
32 488
46 502
36 492
16 472
16 470
53 509
55 511
20 476
37 493
54 510
52 508
31 487
3 459
21 477
39 495
7 463
33 489
24 480
35 489
10 462
0 456
43 497
6 462
1 457
27 483
15 471
15 469
11 467
16 468
50 506
4 460
38 494
4 458
9 463
10 466
17 473
30 486
40 496
35 491
34 490
25 481
1 456
8 463
12 465
56 511
17 472
5 460
17 468
33 488
11 466
47 502
23 478
27 482
21 476
0 455
24 479
38 493
45 500
54 509
16 471
31 486
50 505
40 495
12 467
28 483
14 469
10 461
22 477
52 507
36 491
39 494
7 462
34 489
49 504
37 492
51 506
44 499
43 498
4 459
26 481
17 470
15 468
5 458
55 510
45 499
44 498
47 501
23 477
33 487
10 460
49 503
6 460
24 478
50 504
17 471
9 461
8 462
48 502
0 452
27 481
57 511
21 475
15 467
18 472
29 481
12 466
25 479
31 485
37 491
40 494
55 509
17 467
32 486
56 510
2 456
5 459
28 482
6 458
14 468
34 488
13 467
26 480
0 454
46 500
52 506
39 493
38 492
7 461
26 479
51 504
9 460
39 492
58 511
34 487
53 506
14 467
2 455
29 482
21 474
48 501
46 499
41 494
57 510
40 493
1 452
49 502
33 486
30 483
0 453
6 459
1 454
28 481
19 472
31 484
13 466
0 451
52 505
7 460
24 477
32 485
37 490
45 498
18 471
8 461
47 500
18 467
50 503
25 478
3 456
55 508
1 451
19 471
26 478
38 490
32 484
19 467
56 508
39 491
22 474
2 452
45 497
59 511
8 460
7 459
34 486
33 485
31 483
30 482
37 489
3 455
36 488
52 504
55 507
25 477
28 480
20 472
1 453
54 506
27 479
47 499
40 492
58 510
49 501
41 493
50 502
14 466
46 498
53 505
35 487
51 503
2 454
3 452
8 459
20 471
47 492
39 490
13 464
2 453
54 505
47 498
22 473
24 475
14 465
0 449
53 504
57 508
28 479
43 494
23 474
52 503
19 470
37 488
51 502
58 509
3 454
50 501
60 511
1 450
45 494
41 492
31 482
36 487
25 476
40 491
33 484
35 486
31 480
27 478
32 483
26 477
55 506
45 496
49 500
56 507
20 467
48 499
19 468
17 465
49 499
46 496
13 463
15 465
43 493
54 504
51 501
56 506
0 448
60 510
52 502
46 494
20 470
29 479
32 482
42 492
36 486
23 473
24 474
5 455
31 481
28 474
55 505
24 470
1 449
47 493
44 494
8 458
34 484
25 475
45 493
22 472
38 488
58 508
40 488
48 498
39 489
3 453
2 450
27 475
28 478
53 503
41 491
48 492
45 495
37 487
27 477
31 479
20 468
19 469
61 511
37 485
14 464
26 475
39 488
42 491
51 500
0 447
59 508
38 487
56 505
50 499
57 506
24 473
44 493
5 454
37 486
16 465
2 449
46 495
24 471
27 476
25 474
54 503
6 455
47 496
1 448
40 489
48 493
28 475
9 458
58 507
62 511
53 502
43 492
61 510
38 485
17 464
33 482
4 451
23 470
48 497
34 483
20 469
27 474
32 479
47 494
32 481
55 504
12 461
23 472
14 463
41 490
15 464
3 450
29 478
52 501
4 453
9 455
2 448
51 499
43 491
17 463
5 451
12 460
29 477
24 472
13 461
38 486
7 451
54 502
0 446
5 453
48 494
62 510
6 452
16 464
21 469
49 497
33 479
23 469
63 511
57 505
26 474
41 489
15 463
53 501
39 487
9 457
30 478
4 450
59 507
34 482
50 498
28 476
6 454
55 503
44 492
47 495
8 456
48 496
3 449
33 481
7 455
16 463
55 502
63 510
34 481
7 452
51 498
12 459
58 505
42 489
6 453
1 446
10 457
22 469
57 504
33 480
9 456
52 499
6 451
5 450
10 455
25 472
3 448
44 491
2 447
56 503
62 509
7 454
48 495
49 496
13 460
54 501
53 500
26 473
60 507
30 473
30 477
8 455
39 486
29 476
64 511
26 472
35 481
35 469
30 476
63 509
44 490
22 468
7 453
50 496
12 458
31 473
15 461
56 502
60 506
29 473
64 510
14 460
61 507
34 480
2 446
49 495
5 449
6 450
51 497
10 456
13 459
65 511
53 499
59 505
8 454
31 477
42 488
57 503
3 447
16 462
54 500
52 498
30 472
40 486
12 457
43 488
40 485
44 487
35 468
4 447
29 472
35 480
36 469
3 446
26 471
15 460
11 456
6 449
13 458
14 459
41 486
50 495
0 443
54 499
50 493
22 467
30 475
61 506
36 481
8 449
64 509
55 500
33 470
57 502
8 453
16 461
66 511
51 496
60 505
31 474
32 473
44 489
58 503
31 476
30 471
56 497
45 490
52 497
22 466
54 498
23 467
56 496
51 493
36 470
32 474
61 505
15 459
29 471
5 447
52 496
34 468
8 448
53 497
30 470
55 499
37 481
51 495
46 490
14 458
55 497
32 476
63 507
36 480
1 443
13 457
50 492
43 487
16 460
44 488
4 446
0 442
33 469
42 486
57 501
65 509
27 471
12 456
66 510
31 475
10 448
8 450
58 502
67 509
32 470
6 448
59 503
17 461
40 484
9 449
9 453
35 471
3 445
43 486
15 458
32 475
59 502
10 447
11 454
9 448
13 442
53 496
36 471
32 469
22 465
57 500
14 457
35 472
17 460
25 468
16 459
4 445
10 449
27 470
46 487
66 509
40 483
37 480
54 497
67 508
45 488
41 484
6 447
24 467
33 468
62 505
55 496
12 455
2 443
50 491
9 450
29 470
0 441
28 471
13 456
52 495
23 466
33 474
67 510
46 489
51 494
34 477
1 442
51 492
64 507
52 493
9 452
33 476
5 446
63 506
56 499
65 508
68 508
24 466
12 454
64 506
46 488
27 469
26 468
23 465
69 507
25 467
9 451
33 467
58 500
28 470
54 496
0 440
10 446
34 476
48 490
60 502
43 485
15 457
16 458
6 446
62 504
14 456
52 492
61 503
38 480
53 495
11 453
65 507
17 459
42 484
36 472
13 455
9 447
35 477
66 508
57 499
10 452
13 443
32 468
33 475
22 464
52 494
3 443
46 486
68 510
12 442
39 481
1 441
47 487
41 483
50 490
5 445
51 491
10 450
40 482
37 471
17 458
40 481
54 495
58 499
31 468
23 464
70 507
28 469
69 508
14 455
53 494
11 444
41 482
15 456
34 475
13 454
35 476
6 445
51 490
45 486
32 467
47 484
11 452
27 468
39 480
52 491
35 474
48 489
19 460
10 451
47 488
64 505
24 465
5 444
43 484
11 450
10 445
46 485
62 503
12 443
20 461
0 439
12 453
2 441
36 477
4 443
9 446
66 507
42 483
53 490
18 459
38 471
25 466
21 462
49 490
61 498
61 502
22 463
18 457
65 506
69 510
26 467
19 456
36 473
18 456
32 466
51 489
31 467
61 497
18 458
38 478
71 511
30 468
19 455
70 508
16 456
45 485
44 484
53 489
0 438
10 444
69 509
54 494
12 444
12 452
22 462
40 480
36 476
11 451
7 445
38 472
49 489
62 502
61 499
66 506
48 488
4 442
42 482
37 473
39 479
46 484
11 443
27 467
19 459
66 504
2 440
28 468
21 461
52 490
36 474
9 445
15 455
14 454
26 466
47 483
58 498
20 460
6 444
17 457
65 505
3 441
24 464
23 463
35 475
70 510
40 479
52 489
66 503
58 497
70 509
17 456
61 500
43 482
0 437
27 466
31 466
67 506
29 468
36 475
66 505
12 451
24 463
12 445
55 494
19 458
45 484
72 511
30 467
38 473
21 460
62 501
14 453
25 464
37 474
49 488
4 441
38 477
54 493
18 455
71 510
28 467
2 439
46 483
32 465
26 465
9 444
16 455
44 483
6 443
39 478
61 496
59 498
41 480
65 504
5 442
22 461
7 444
23 462
10 443
60 497
39 472
15 453
39 473
52 488
65 503
5 441
42 480
13 451
50 488
40 478
14 452
7 443
45 483
9 443
17 455
12 446
23 461
68 506
39 477
22 460
59 497
62 500
71 509
43 481
38 476
28 466
55 493
31 465
37 475
60 496
16 454
38 474
10 442
8 444
30 466
72 510
4 440
3 439
20 458
21 459
29 467
0 436
44 482
67 505
25 463
49 487
58 496
27 465
63 501
6 441
38 475
3 438
10 441
74 511
70 501
29 466
55 492
68 505
14 451
23 460
28 465
56 493
27 464
59 496
24 461
5 440
45 482
13 450
39 476
41 478
26 463
39 474
40 477
72 509
65 502
58 495
69 502
63 500
52 487
21 458
15 452
17 454
50 487
0 435
44 481
40 473
8 443
73 510
43 480
12 447
68 503
31 464
25 462
22 459
30 465
9 442
70 500
56 492
68 502
35 455
4 438
14 450
65 501
5 437
22 458
69 503
0 434
59 495
73 509
2 436
18 452
45 481
50 486
23 459
5 439
8 442
44 480
52 486
29 465
24 460
25 461
16 452
27 463
40 474
41 477
69 505
51 487
1 435
75 511
63 499
36 456
74 510
13 447
17 453
9 441
64 500
68 504
7 441
21 457
39 475
13 449
69 501
31 463
40 476
15 451
30 464
6 440
18 453
69 500
36 461
65 500
24 459
59 494
75 510
57 492
30 463
16 451
70 503
66 501
6 439
15 450
74 509
69 504
34 455
2 435
5 438
43 478
17 452
68 501
33 462
25 460
29 464
3 436
64 495
42 477
70 505
22 455
21 456
13 448
44 479
36 457
35 456
4 437
1 434
14 449
23 458
50 485
27 462
0 433
32 463
6 437
51 486
64 499
5 436
63 498
8 441
46 481
40 475
7 440
14 448
42 476
63 495
56 490
29 463
20 454
7 439
35 457
51 485
16 450
58 492
19 453
6 438
66 500
17 451
2 434
35 461
27 461
4 436
43 477
76 510
23 457
47 481
64 496
67 501
71 503
68 500
74 508
71 505
25 459
21 455
75 509
41 475
30 462
63 497
1 433
45 479
28 462
36 458
8 440
34 462
35 459
36 460
70 504
34 456
44 478
60 494
24 458
22 456
33 463
64 498
51 483
75 508
35 462
68 499
35 460
2 433
77 510
65 498
17 450
44 477
20 453
71 504
16 449
67 500
27 460
4 435
35 458
42 475
63 494
30 461
33 464
48 481
46 479
51 484
29 462
33 456
72 505
58 491
0 431
64 497
34 463
26 459
76 509
21 454
15 448
50 483
25 458
8 439
7 438
78 511
16 445
61 494
23 456
14 445
57 490
1 432
49 482
65 496
28 461
56 489
3 434
0 428
62 494
44 476
4 434
45 477
56 488
24 456
54 486
66 498
50 482
16 448
72 504
0 430
76 508
48 480
46 478
2 432
47 479
49 481
29 461
1 431
26 458
77 509
43 475
8 438
34 464
33 457
18 450
30 460
58 490
3 433
14 444
75 507
16 446
78 510
42 474
57 489
27 459
52 484
35 463
21 453
77 507
17 449
68 498
67 499
79 511
34 458
61 493
15 445
65 497
31 461
34 460
49 480
38 469
17 448
8 437
28 459
75 506
57 488
27 458
15 444
48 479
78 509
5 434
44 475
33 460
40 471
17 446
39 470
16 447
77 508
76 507
53 484
1 430
2 431
1 428
24 455
9 436
22 453
45 476
55 486
73 504
80 511
43 474
50 481
58 489
33 458
4 433
36 463
35 464
46 477
34 465
7 436
0 429
32 461
66 497
62 493
18 449
29 460
3 432
0 427
9 438
67 498
54 485
55 485
9 437
3 427
56 486
15 443
18 448
78 508
43 473
47 477
46 476
49 479
17 447
58 488
44 474
10 436
80 510
32 460
76 506
60 490
7 435
0 426
36 464
61 491
2 428
23 453
1 427
5 433
39 469
8 436
53 483
24 454
25 455
28 458
19 449
57 487
18 446
22 452
48 478
62 492
51 481
41 471
1 429
67 497
73 503
4 432
35 465
21 451
33 459
20 450
38 468
40 470
75 505
29 459
45 475
3 431
54 484
6 434
74 503
48 477
6 433
58 487
63 492
16 443
10 435
41 470
47 476
43 472
18 447
21 450
0 425
49 478
8 435
2 429
44 473
1 426
23 452
64 493
65 494
62 491
76 505
3 428
61 490
4 427
66 495
56 485
7 434
3 430
20 445
11 436
45 474
79 508
40 469
15 442
19 448
54 481
59 488
20 449
39 468
32 459
80 509
52 481
2 427
36 465
16 441
19 446
10 437
81 510
53 482
25 454
14 441
26 455
22 451
55 484
54 483
4 431
11 434
75 504
18 445
60 489
3 426
67 496
17 444
29 458
3 429
46 474
57 485
82 510
75 503
63 491
1 425
29 457
44 472
47 475
26 454
54 482
68 496
7 433
67 495
12 438
21 445
79 507
59 487
50 478
16 442
11 437
0 424
48 476
4 430
56 484
2 426
83 511
66 494
61 489
25 453
18 444
77 505
4 428
11 435
31 459
41 469
19 447
60 488
30 458
37 465
6 432
55 483
64 492
40 468
8 434
80 508
15 441
14 440
49 477
19 445
58 486
22 450
12 434
43 471
17 443
62 490
65 493
81 509
42 470
21 449
53 481
20 448
20 446
76 504
23 451
53 480
63 490
69 496
43 470
0 423
5 430
78 505
31 458
50 477
75 502
23 450
80 507
55 482
41 468
57 484
24 451
84 511
51 478
64 491
13 438
68 495
14 439
81 508
12 435
15 440
9 434
46 473
42 469
45 472
7 432
76 503
83 510
17 442
77 504
21 448
19 444
44 471
47 474
30 457
4 429
21 446
26 453
82 509
61 488
25 452
48 475
60 487
49 476
79 506
40 467
65 492
2 425
12 437
70 495
38 465
58 485
67 494
20 447
59 486
27 453
56 482
84 510
67 493
47 473
30 456
8 432
81 507
0 422
41 467
45 471
31 457
26 452
80 506
17 439
2 424
49 475
24 450
21 447
79 505
60 486
73 497
39 465
13 435
5 429
75 499
46 472
13 437
52 478
44 470
19 443
83 509
53 479
64 490
85 511
51 477
42 468
76 502
65 491
69 495
71 495
53 477
57 483
6 430
9 433
15 439
38 464
78 504
43 469
70 494
63 489
25 451
23 449
48 474
18 442
62 488
58 484
84 509
83 508
86 511
79 504
51 474
2 421
49 474
81 506
6 429
82 507
25 450
38 463
63 488
43 468
64 489
24 449
3 424
19 442
39 464
59 484
28 453
66 491
31 456
75 498
55 480
0 421
53 478
13 436
72 495
74 497
54 479
76 501
70 493
41 466
45 470
60 485
7 430
9 432
2 423
57 482
68 493
61 486
69 494
48 473
46 471
1 422
22 447
52 477
23 446
27 452
50 475
80 505
62 487
58 483
73 496
76 499
56 481
17 440
16 439
85 510
26 451
23 448
56 480
63 487
2 422
31 455
23 447
78 502
75 497
42 466
73 495
1 421
38 462
10 432
3 423
86 510
50 474
79 503
58 482
72 494
14 436
60 484
54 478
83 507
52 476
8 430
7 429
82 506
77 501
46 470
24 448
65 489
77 499
28 452
4 424
40 464
24 446
26 450
18 440
44 468
69 493
0 420
66 490
64 488
55 479
16 438
41 465
51 475
62 486
48 472
85 509
76 498
47 471
25 449
80 504
45 469
62 484
19 441
61 484
78 501
41 464
0 419
19 440
52 475
63 486
9 430
40 463
68 491
46 469
62 485
76 497
48 471
55 478
65 488
80 503
15 436
1 420
3 422
75 496
87 510
39 462
16 437
45 468
32 455
64 487
60 483
43 466
62 483
29 452
4 423
56 479
66 489
25 448
58 481
76 495
73 494
86 509
84 507
79 502
27 450
31 454
85 508
49 472
74 495
69 492
77 498
82 505
11 432
24 447
83 506
67 490
42 465
50 473
7 428
60 482
5 423
8 428
82 504
49 471
50 472
32 454
28 450
44 466
0 418
4 422
77 497
57 479
12 432
56 478
78 498
63 485
47 469
9 429
16 436
27 449
65 487
80 502
67 489
14 434
74 494
11 431
15 435
40 462
42 464
46 468
79 501
86 508
19 439
64 486
29 451
48 470
1 419
26 446
17 437
12 430
25 447
84 506
69 491
83 505
53 475
18 438
68 490
10 430
85 507
43 465
87 509
7 425
76 496
75 495
58 478
58 480
61 483
20 440
81 503
54 476
13 433
65 486
28 449
79 498
66 487
58 479
41 462
19 438
61 482
77 496
55 476
48 469
80 497
5 422
8 427
64 485
12 431
51 472
9 428
2 419
54 475
53 474
17 436
87 508
69 490
84 505
31 452
47 468
20 439
8 425
32 453
14 433
56 477
27 446
26 447
30 451
85 506
67 488
21 442
13 432
59 480
11 430
27 448
88 509
45 466
49 470
43 464
33 454
0 417
29 450
83 504
1 418
68 489
82 503
16 435
79 500
18 437
75 494
42 463
80 501
57 478
60 481
10 429
40 461
15 434
7 424
9 425
6 422
50 470
48 468
54 474
1 417
2 418
75 493
32 452
67 487
83 503
45 465
3 419
79 497
85 505
29 449
60 480
21 441
30 450
43 463
9 427
65 485
10 428
61 481
8 424
80 500
33 453
44 464
57 477
47 467
55 475
20 438
51 471
16 434
13 431
71 491
0 416
78 496
17 435
91 511
22 438
18 436
27 447
40 460
53 473
31 451
59 479
74 492
82 502
86 506
28 446
41 461
79 499
21 439
22 442
84 504
89 509
80 498
68 488
88 508
70 490
56 476
11 429
14 432
28 448
91 509
64 483
19 436
22 441
86 505
55 472
83 502
69 488
41 460
10 425
57 476
18 435
45 464
10 427
29 446
78 495
91 510
16 433
72 491
68 487
44 463
21 438
52 471
49 468
2 417
89 508
84 503
33 452
30 449
9 424
48 467
76 493
14 431
23 438
3 418
71 490
5 420
0 415
32 451
31 450
40 459
92 509
56 475
68 483
92 511
23 442
15 432
9 426
6 421
11 428
90 509
80 499
55 474
65 484
29 448
43 462
1 416
67 484
20 437
67 486
28 447
60 479
74 491
62 481
79 496
51 470
54 473
42 461
75 492
50 468
66 484
84 502
93 509
13 429
21 437
55 473
29 447
57 475
12 424
89 507
41 459
72 490
43 461
15 431
85 503
33 451
63 481
52 470
42 460
40 458
49 467
86 504
10 424
6 420
9 423
31 449
67 483
10 426
22 440
20 436
18 434
67 485
44 462
11 425
8 422
78 494
62 480
92 510
17 433
32 450
65 483
36 454
1 415
88 506
56 474
46 464
24 442
62 478
69 487
30 448
3 417
23 441
64 482
55 471
11 427
68 484
81 499
87 505
75 491
4 418
19 435
76 492
2 416
34 452
79 495
61 479
45 463
5 419
58 476
93 511
90 508
23 439
74 490
33 450
43 460
56 473
10 423
57 474
8 421
49 466
34 451
87 504
50 467
62 479
11 426
63 478
23 440
84 501
79 494
12 427
36 453
31 448
61 478
53 470
9 422
86 503
82 499
12 425
68 485
83 500
46 463
69 486
63 480
15 430
45 462
21 436
80 495
6 419
19 434
16 431
41 458
76 491
11 424
90 507
74 489
51 468
18 433
13 428
30 447
72 489
14 429
20 435
4 417
58 475
66 483
1 414
35 452
2 415
44 461
24 441
64 481
3 416
37 454
54 471
62 477
93 510
52 469
88 505
89 506
14 428
7 419
9 421
60 476
36 452
13 427
86 502
2 414
34 450
80 494
17 431
66 482
83 499
65 481
3 415
61 477
73 489
21 435
16 430
91 507
53 469
12 426
79 493
38 454
4 416
18 432
72 488
46 462
77 491
57 473
24 440
51 467
74 488
64 480
76 490
89 505
15 429
94 510
6 418
43 459
69 485
62 476
70 486
47 463
19 433
22 436
25 441
90 506
52 468
45 461
84 500
63 479
63 475
41 457
20 434
54 470
50 466
49 465
42 458
37 453
33 449
88 504
32 448
31 447
11 423
58 474
87 503
52 467
71 486
59 474
54 469
17 430
14 427
37 452
89 504
70 485
44 459
81 494
73 488
8 419
5 416
61 476
62 475
76 489
32 447
64 479
13 422
60 475
51 466
3 414
26 441
85 500
36 451
15 428
31 446
11 422
77 490
35 450
58 473
72 487
74 487
22 435
87 502
28 441
25 440
64 475
75 488
80 493
84 499
65 480
18 431
57 472
9 420
20 433
16 429
2 413
43 458
13 426
53 468
78 491
66 481
21 434
86 501
63 474
19 430
7 418
46 461
41 456
91 506
47 462
90 505
6 417
1 412
10 421
39 454
41 454
33 448
95 510
92 507
49 464
2 412
72 486
79 491
1 411
7 417
17 429
11 421
10 420
70 484
48 462
80 492
73 487
20 432
28 440
40 454
93 507
4 414
61 475
60 474
90 504
12 422
86 500
78 490
16 428
14 426
41 453
76 488
91 505
59 473
32 446
35 449
62 474
85 499
64 476
81 493
33 447
92 506
39 453
41 455
23 435
55 469
46 460
6 416
95 509
74 486
83 497
75 487
51 465
22 434
3 413
26 440
84 498
66 480
77 489
57 471
19 431
27 441
96 510
47 461
9 419
13 421
8 418
37 451
71 485
54 468
34 448
94 508
91 503
65 479
45 459
89 503
87 501
43 457
52 466
18 430
50 464
50 463
5 414
69 482
47 460
52 465
10 419
74 485
4 413
61 474
37 450
27 440
11 420
65 476
55 468
14 425
40 453
34 447
65 478
83 496
44 457
23 434
91 504
68 481
90 503
49 462
24 435
84 497
42 455
51 464
77 488
22 433
60 473
92 505
16 427
8 417
87 500
89 502
12 421
66 479
59 472
97 510
57 470
86 499
78 489
73 486
64 477
3 412
48 461
15 426
17 428
58 471
7 416
71 484
81 492
18 429
20 431
95 508
85 498
39 452
53 466
46 459
94 507
76 487
21 432
36 449
96 509
6 415
43 456
79 490
93 506
2 411
42 453
38 451
75 486
32 445
41 452
97 505
68 480
39 451
67 479
69 479
65 477
6 414
92 504
36 448
4 412
37 449
25 435
26 438
74 484
32 444
3 411
2 410
78 488
84 496
94 506
58 470
7 415
12 420
14 424
81 491
33 445
40 452
9 417
45 457
24 434
70 482
48 460
52 464
44 456
11 419
10 418
99 511
16 426
47 459
46 458
96 508
73 485
89 501
57 469
27 439
77 487
55 467
38 450
87 499
35 447
85 497
18 428
54 466
82 492
21 431
97 509
72 484
8 416
43 453
95 507
23 433
86 498
59 471
26 436
43 455
69 477
51 463
93 505
61 473
80 490
75 485
49 461
69 481
66 478
90 502
96 506
10 416
60 472
60 471
40 451
70 479
45 456
54 465
70 481
33 444
6 413
67 478
38 449
44 453
87 496
86 497
97 504
7 414
47 456
36 447
88 499
26 435
52 463
16 425
5 412
99 510
78 487
15 424
69 480
98 509
95 506
58 469
43 454
4 411
26 437
9 416
44 455
22 431
48 459
11 418
81 490
69 476
59 470
50 461
4 409
74 483
79 488
93 504
21 430
10 417
94 505
21 428
8 415
96 507
66 477
68 477
90 501
55 466
47 458
3 410
82 491
18 427
76 485
84 495
25 434
97 506
53 464
12 419
61 472
23 432
96 505
17 426
77 486
100 511
89 500
73 484
27 438
51 462
97 507
39 449
58 468
73 483
46 456
17 425
33 443
57 467
55 465
35 445
88 498
37 447
52 462
12 418
12 416
67 477
45 453
86 496
15 423
44 454
27 435
50 460
49 459
27 437
84 494
61 471
82 490
85 495
91 501
53 463
68 476
26 434
4 410
40 450
95 505
32 442
71 481
60 470
48 458
6 412
78 486
24 432
87 497
22 428
99 509
9 415
101 511
7 413
97 503
80 488
56 466
5 409
18 426
11 417
79 487
72 482
51 461
77 479
75 483
54 464
23 431
89 499
94 504
21 429
70 480
98 508
5 411
36 446
38 448
93 503
16 424
8 414
77 485
100 510
47 457
96 503
50 459
58 467
73 482
35 444
66 475
78 479
5 410
39 448
56 465
12 417
60 469
55 462
71 480
32 441
28 435
95 504
99 508
84 493
74 481
9 414
27 434
16 423
28 437
83 490
41 450
38 447
12 415
88 497
62 471
68 475
33 442
13 418
93 502
36 445
25 432
8 413
57 466
78 485
45 454
6 411
79 486
52 461
22 429
61 470
82 489
86 495
48 457
91 500
101 510
59 468
43 450
37 446
55 464
72 481
18 425
51 460
23 430
27 432
46 455
94 503
75 482
77 484
76 481
67 476
13 416
90 499
100 509
53 462
98 507
77 480
24 431
80 487
40 449
80 486
92 500
61 469
100 508
36 444
7 411
86 486
33 441
39 447
25 431
27 431
56 464
17 423
78 484
76 480
13 417
89 497
42 450
43 449
54 462
37 445
55 461
102 510
60 468
96 502
58 466
35 443
79 485
83 489
49 457
75 481
85 493
8 412
34 442
50 458
95 503
57 465
82 488
73 481
81 487
36 442
64 472
74 480
11 415
40 448
77 481
27 433
93 501
16 422
9 413
62 468
6 410
78 480
62 470
14 418
99 507
28 434
18 424
101 509
23 429
32 440
66 474
90 498
24 430
29 437
91 499
20 426
72 480
52 460
46 454
86 494
67 475
78 483
63 470
11 414
57 464
71 478
59 464
35 442
42 449
67 474
78 481
62 469
86 487
86 493
47 454
28 431
39 446
49 456
99 506
102 509
25 430
79 480
85 492
28 433
103 510
29 436
64 471
84 489
65 472
77 482
47 452
74 479
60 467
101 508
91 498
41 448
88 495
82 487
20 425
8 411
21 426
19 424
94 501
18 423
30 437
14 417
29 434
95 502
34 441
53 460
38 445
83 488
89 496
17 422
24 429
36 443
80 485
87 486
73 480
61 468
40 447
56 463
9 412
59 466
75 480
10 413
32 439
30 435
33 440
50 457
7 410
54 461
92 499
17 421
58 464
35 441
64 470
85 491
32 434
31 437
23 427
46 452
33 439
49 455
33 433
30 436
82 486
78 482
57 463
93 499
15 417
59 465
31 435
66 472
65 471
71 477
95 501
79 481
34 440
54 460
11 413
102 508
103 509
73 479
22 426
18 422
85 487
19 423
63 469
100 506
99 505
9 411
43 447
92 498
42 448
80 484
25 429
86 488
75 479
24 428
89 495
72 478
39 445
32 438
86 492
29 433
45 451
8 410
47 453
41 447
44 446
81 485
87 487
45 445
40 446
60 466
83 487
61 467
28 430
101 507
88 494
74 478
50 456
79 483
84 488
67 473
37 443
20 424
29 432
103 508
45 450
21 424
16 419
67 472
22 425
86 489
101 506
89 494
61 466
71 476
32 433
9 410
46 451
40 445
64 469
87 492
73 478
31 434
26 429
58 463
72 477
29 428
46 445
10 411
24 427
17 420
80 481
11 412
75 478
38 443
95 500
60 465
54 459
25 428
57 462
33 434
33 432
34 439
50 455
20 423
2 403
68 473
49 454
45 446
85 490
100 505
82 485
43 446
35 440
87 488
32 435
31 436
81 484
32 437
80 483
41 446
48 453
19 422
28 429
42 447
79 482
12 413
34 433
84 487
39 444
66 471
23 426
90 495
93 498
51 456
94 499
15 416
93 497
31 433
39 443
15 415
17 419
46 446
33 435
46 450
34 438
26 428
20 422
22 424
3 403
28 428
61 465
34 432
17 417
16 416
34 434
92 496
30 432
56 460
12 412
76 478
82 484
16 418
38 442
90 494
40 444
19 421
104 508
57 461
71 473
67 471
18 420
87 489
102 506
54 458
81 483
35 433
101 505
23 425
65 469
21 423
49 453
80 482
86 490
41 445
89 493
37 441
85 485
62 466
25 427
88 488
1 401
42 446
10 410
84 486
45 447
50 454
32 436
55 459
27 429
95 499
83 479
72 476
88 492
73 477
52 456
58 462
82 480
45 449
33 437
99 503
71 475
29 427
13 413
68 472
2 402
51 455
36 440
87 491
94 498
49 452
26 427
73 476
3 402
17 418
21 422
42 445
28 427
40 443
84 485
85 484
94 497
60 463
57 460
14 413
58 461
24 425
33 436
19 420
27 428
83 484
95 498
82 483
18 419
22 423
67 470
2 401
71 474
17 416
89 492
63 466
10 409
50 453
87 490
81 480
5 402
54 457
105 508
35 432
12 411
81 482
88 489
56 459
46 449
76 477
4 403
71 472
34 435
16 415
1 400
62 465
93 496
11 410
36 433
23 422
53 456
38 441
25 426
72 475
52 455
99 502
31 432
46 447
36 439
102 505
104 507
30 431
37 440
100 503
55 458
23 424
101 504
34 437
66 469
34 431
68 471
83 480
51 454
92 495
91 494
69 472
103 506
84 479
18 418
56 458
61 463
53 455
91 493
104 506
10 408
54 456
42 444
100 502
52 454
15 413
46 448
67 469
82 482
68 470
72 474
70 472
31 431
34 436
39 441
59 461
36 434
21 421
57 459
77 477
4 402
37 433
26 426
6 404
3 401
69 471
50 452
14 410
17 415
19 419
102 502
13 411
84 480
99 501
27 427
22 422
84 484
20 420
35 431
105 507
24 424
16 414
102 504
39 431
88 490
47 447
94 496
38 432
11 409
101 503
63 465
40 442
83 481
2 400
38 440
14 412
73 475
5 403
36 438
35 435
58 460
30 430
55 457
89 489
66 468
89 491
60 462
93 495
85 479
11 407
12 410
83 483
95 497
28 426
36 432
51 453
23 423
81 479
37 438
15 412
85 480
90 491
80 479
69 470
63 464
68 469
96 497
22 421
38 433
24 423
99 500
64 465
17 414
81 478
11 408
84 483
103 504
51 452
38 439
55 456
49 450
104 505
59 460
93 494
20 419
4 401
83 482
106 507
7 404
48 449
42 443
3 400
40 441
92 493
62 463
36 431
21 420
67 468
30 429
52 453
6 403
10 407
94 495
0 397
100 501
84 481
25 424
98 499
35 436
19 418
47 448
35 430
8 403
101 502
89 490
37 432
39 432
14 411
50 451
38 431
79 478
43 444
31 430
102 503
14 409
70 471
13 410
27 426
105 506
2 399
56 457
36 437
36 435
78 477
60 461
73 474
58 459
37 434
53 454
55 455
84 482
67 467
38 438
97 497
0 396
74 474
57 457
85 481
105 505
70 470
76 474
39 439
103 503
49 449
17 413
43 443
21 417
73 473
99 499
21 419
22 420
39 433
31 429
68 468
94 494
101 501
51 451
50 450
20 418
107 507
77 475
36 436
19 417
100 500
93 493
13 409
32 430
37 431
1 397
65 465
106 506
25 423
4 400
2 398
96 496
27 425
60 460
8 404
79 471
80 478
10 406
53 453
36 430
15 411
12 408
48 448
40 440
59 459
98 498
38 434
78 472
69 469
58 458
90 490
81 477
42 442
7 403
63 463
54 454
64 464
3 399
77 473
106 496
79 477
77 472
104 503
65 464
54 453
79 472
37 430
13 408
43 442
62 461
39 434
94 493
36 429
66 465
101 500
20 417
78 473
80 477
77 474
93 492
107 496
32 429
37 436
60 459
7 402
104 499
17 412
50 449
64 463
97 496
31 428
80 471
78 475
9 404
5 400
56 455
27 424
42 441
107 506
74 473
71 470
91 490
52 451
49 448
106 497
96 495
21 418
79 476
22 417
40 439
85 482
4 399
76 473
98 497
59 458
26 423
58 457
19 416
53 452
39 438
105 498
55 454
68 467
2 397
51 450
105 504
16 411
69 468
10 405
41 440
1 396
100 499
23 420
99 498
38 435
57 456
79 475
63 461
24 420
99 497
45 443
70 464
20 416
12 406
2 396
66 464
40 438
18 412
71 463
89 487
42 440
60 458
22 418
50 448
27 423
70 468
101 499
90 488
74 472
107 497
86 482
65 463
19 411
28 424
30 426
98 496
44 442
17 411
104 500
50 446
72 470
108 506
39 437
78 474
80 472
96 494
79 473
31 427
20 410
94 492
77 471
7 401
106 498
5 399
39 435
36 428
3 397
10 404
56 454
57 455
71 469
105 499
38 436
43 441
4 398
81 471
69 465
95 493
13 407
97 495
53 451
52 450
37 429
104 502
107 505
105 503
58 456
32 428
54 452
59 457
16 410
92 490
76 472
91 489
19 415
29 425
62 460
39 429
80 476
106 504
69 467
55 453
8 399
25 420
24 419
63 460
76 471
23 418
46 443
51 448
89 486
38 429
43 440
70 465
79 474
2 395
97 494
39 428
105 502
5 398
10 403
32 427
72 463
100 497
81 472
101 498
30 425
8 401
68 465
104 501
20 415
71 468
19 412
50 447
87 484
27 422
13 406
70 467
106 503
12 405
6 399
4 397
9 402
20 409
26 421
69 466
107 504
91 488
108 505
90 487
95 492
57 454
69 464
80 473
17 410
18 411
14 407
61 458
93 490
71 464
7 400
54 451
105 500
41 438
58 455
3 396
75 472
49 446
67 464
39 436
65 462
29 424
60 457
45 442
20 411
107 498
16 409
53 450
80 475
59 456
28 423
73 470
62 459
31 426
98 495
87 482
86 483
56 453
37 428
52 449
40 436
26 420
32 426
42 438
72 468
54 450
49 445
108 504
44 436
71 467
27 419
27 421
107 503
57 453
18 410
51 447
24 418
53 449
91 487
30 422
63 459
17 409
1 393
14 406
46 442
47 443
20 412
80 474
0 392
5 397
66 462
106 500
107 499
58 452
102 498
12 404
3 395
20 408
101 497
56 452
92 488
30 424
20 414
0 390
43 439
89 485
7 399
6 398
71 465
38 428
87 483
87 481
75 471
21 415
68 464
60 456
10 402
88 484
13 405
90 486
108 498
81 475
105 501
52 448
41 437
98 494
4 396
81 473
48 444
25 419
70 466
69 463
8 400
28 422
96 492
55 451
62 458
15 407
106 502
58 454
11 403
95 491
37 427
73 469
72 464
59 455
44 440
31 425
9 401
93 489
109 505
82 472
9 400
61 456
23 416
110 505
13 404
89 484
20 413
2 393
54 449
109 504
67 462
96 491
14 405
43 436
4 395
92 487
93 488
97 492
26 419
81 474
49 444
18 409
106 501
87 480
29 422
107 500
58 453
90 485
72 467
75 470
11 402
42 437
63 458
5 396
74 469
15 406
41 436
10 401
99 494
19 408
3 394
0 389
107 502
60 455
38 427
88 483
24 417
108 499
22 415
44 437
64 459
57 452
103 498
62 457
82 475
27 420
43 438
1 392
68 463
21 414
44 439
30 423
116 511
31 424
7 398
32 425
17 408
71 466
56 451
55 450
82 473
98 493
46 441
52 447
6 397
94 489
20 407
72 465
0 391
33 426
25 418
102 497
48 443
13 403
108 500
45 439
48 442
18 408
83 473
74 464
92 484
12 402
99 493
60 454
102 496
107 501
93 487
7 397
28 420
108 502
47 441
25 417
90 484
83 475
68 462
123 511
94 488
41 435
89 483
46 440
74 468
62 456
56 450
54 448
2 392
26 418
109 503
64 458
116 510
23 415
29 421
2 390
117 511
109 499
75 469
11 401
98 492
1 389
88 480
19 407
1 391
67 461
57 451
59 453
4 394
31 423
17 407
49 443
10 400
103 497
38 426
3 393
50 442
32 424
52 446
0 388
97 491
24 416
110 504
33 425
14 404
15 405
16 406
95 489
73 465
72 466
22 414
63 457
96 490
61 455
50 444
6 396
42 436
82 474
44 438
53 447
84 476
34 426
51 445
55 449
21 413
9 397
73 467
22 413
16 405
1 388
60 453
3 392
8 397
13 402
111 504
83 474
6 395
5 394
57 450
102 495
104 491
76 469
74 465
26 417
73 466
86 475
110 503
19 406
52 445
74 467
92 485
24 415
64 457
2 391
75 468
48 441
9 398
118 511
89 480
12 401
67 460
34 425
7 396
117 510
108 501
4 393
122 511
32 423
91 484
18 407
65 458
89 482
53 446
0 387
109 500
15 404
55 448
75 464
49 442
38 425
90 483
45 438
68 461
11 400
29 420
96 489
51 444
103 496
33 424
98 491
100 493
63 456
46 439
95 488
93 486
99 492
3 390
23 414
42 435
62 455
109 502
47 440
123 510
85 476
17 406
54 447
51 442
56 449
84 475
10 397
84 474
17 405
117 509
95 487
37 425
16 404
102 494
103 491
101 491
63 455
96 488
49 441
66 458
6 394
64 456
110 502
93 485
11 397
53 445
104 490
100 492
65 457
24 414
102 492
31 421
75 467
60 452
97 489
62 454
111 503
4 392
5 393
56 448
4 390
58 450
1 387
75 463
23 413
48 440
91 483
121 511
86 474
74 466
3 389
75 465
42 434
76 464
25 415
14 402
29 419
54 446
61 453
34 424
32 422
76 468
52 444
18 406
93 483
15 403
8 396
116 508
68 460
94 486
110 500
99 491
57 449
46 438
51 443
26 416
12 400
85 475
35 425
89 481
10 396
103 495
3 391
122 510
94 482
119 511
109 501
10 398
7 395
35 424
26 415
77 468
32 421
94 485
24 413
53 444
3 388
75 462
61 452
75 466
14 401
29 418
122 509
99 490
120 511
10 395
30 419
97 488
115 506
33 422
60 451
65 456
95 482
23 412
64 455
116 507
56 447
62 453
91 482
94 483
90 481
117 508
70 461
36 425
18 405
15 402
12 399
112 503
46 435
100 491
97 486
94 481
93 482
8 395
11 398
31 420
58 449
52 443
42 433
34 423
7 394
77 464
96 487
102 491
46 437
2 387
49 440
17 404
102 493
63 454
121 510
76 465
69 460
103 492
110 501
5 392
25 414
4 389
103 490
103 494
98 489
86 473
85 474
4 391
119 510
104 495
54 445
59 450
67 458
46 436
43 433
3 387
27 415
53 441
42 432
16 402
104 494
60 450
23 411
30 418
53 443
54 444
103 489
70 460
120 510
4 388
97 487
85 473
78 468
69 459
92 482
33 421
47 435
64 454
19 403
56 446
58 448
7 385
121 509
76 466
74 462
9 395
34 422
12 398
112 502
36 424
77 465
87 477
18 404
96 482
115 505
26 414
50 440
111 501
15 401
55 445
91 481
2 386
118 508
103 493
117 507
6 386
62 452
35 423
8 394
13 399
7 393
47 437
93 481
63 453
5 391
20 402
67 457
100 490
66 456
0 384
17 403
71 461
95 483
15 399
24 412
105 495
95 485
96 486
59 449
32 420
31 419
49 439
116 506
102 490
98 488
29 417
0 383
19 404
112 501
7 392
34 421
100 489
102 489
7 386
29 416
21 402
53 440
99 488
48 437
77 466
95 484
55 444
96 483
43 432
32 419
88 477
6 387
52 441
50 439
16 401
59 448
17 402
56 445
4 387
72 461
104 493
30 417
78 467
65 454
3 386
90 479
117 506
73 462
13 398
28 415
93 480
36 423
60 449
87 476
105 494
47 436
20 403
98 487
96 485
42 431
26 413
1 384
8 393
6 391
85 472
5 386
120 509
119 508
63 452
53 442
70 459
5 388
25 412
67 456
35 422
116 505
62 451
20 401
24 411
14 399
71 460
92 481
6 385
15 400
47 434
9 394
89 478
92 480
37 423
60 448
64 452
57 445
68 456
99 487
69 457
65 453
100 488
52 440
71 459
13 397
43 431
6 388
5 385
79 467
55 443
106 494
97 483
113 501
3 385
6 390
35 421
19 401
27 413
32 418
20 404
24 410
51 439
26 412
21 403
9 393
31 417
63 451
88 476
96 484
91 479
83 471
73 461
117 505
17 401
59 447
25 411
48 436
90 478
36 422
47 433
33 419
84 472
29 415
114 502
1 383
120 508
16 400
54 442
119 507
78 466
14 398
116 504
7 391
105 493
89 477
42 430
118 506
70 458
7 387
102 488
34 420
28 414
0 378
56 444
0 382
49 437
51 437
4 386
50 438
2 384
36 419
32 417
7 388
35 420
8 391
56 443
6 389
0 379
31 416
44 431
36 421
26 411
9 392
23 408
51 438
5 384
1 382
67 454
101 488
14 397
114 501
43 430
121 506
73 460
79 466
118 505
25 410
17 400
37 422
90 477
120 507
117 504
64 451
60 447
100 487
72 459
1 378
70 457
105 492
65 452
50 437
18 401
21 406
91 476
34 419
89 476
30 415
102 487
119 506
98 485
21 404
97 484
84 471
55 442
111 496
8 387
115 502
7 390
2 383
92 479
39 424
40 427
81 468
91 478
52 439
4 385
33 418
61 448
3 384
48 433
57 444
28 413
83 470
68 455
49 436
99 486
49 432
69 456
66 453
106 493
20 405
29 414
88 475
37 421
101 487
35 419
105 487
1 375
48 432
15 397
43 429
59 445
106 492
33 417
113 495
65 451
44 430
10 392
40 426
82 468
120 506
122 506
71 457
50 436
121 507
8 390
81 467
70 456
41 423
98 484
84 470
8 388
41 427
18 400
107 493
49 431
102 486
1 381
118 504
110 496
73 459
52 438
114 500
17 399
66 452
58 444
80 466
36 418
34 418
61 447
31 415
119 505
91 475
56 442
55 441
4 384
67 453
72 458
117 503
45 431
2 382
23 407
17 397
9 391
100 486
5 383
62 448
30 414
7 389
49 435
109 495
0 380
64 450
90 476
92 478
25 409
83 469
21 405
27 411
115 501
68 454
29 413
22 406
40 424
2 378
69 455
108 494
39 423
112 496
28 412
24 408
88 474
26 410
74 460
99 485
60 446
57 443
85 470
16 397
82 467
57 442
56 441
120 505
58 443
92 477
118 501
118 503
110 495
22 405
48 431
71 456
93 478
124 509
95 480
23 406
81 466
112 495
40 425
60 445
101 486
99 484
12 391
53 438
50 435
94 479
106 487
116 501
37 420
3 374
67 452
29 412
113 498
33 416
66 451
112 497
45 430
8 389
44 429
1 376
91 474
89 474
68 453
62 447
32 415
34 417
24 407
41 424
107 492
66 449
35 418
59 444
74 459
15 396
105 488
2 377
87 470
70 455
40 423
28 411
2 381
2 375
1 380
100 485
41 426
30 413
83 468
64 449
113 494
122 507
18 399
114 499
43 428
10 391
4 383
119 504
17 398
90 475
9 390
26 409
73 458
109 494
108 493
4 382
101 485
35 417
60 444
9 389
123 507
115 499
41 425
29 411
66 448
113 493
31 413
68 452
71 455
83 467
67 451
96 480
107 491
63 447
26 408
25 407
3 377
100 484
90 474
118 500
78 462
51 435
87 469
99 483
120 504
112 494
27 409
76 460
12 392
70 454
46 430
16 396
23 405
40 422
94 478
66 450
117 501
75 459
108 492
47 431
64 448
38 420
67 449
124 508
109 493
34 416
82 466
113 497
28 410
110 494
106 488
77 461
86 470
84 468
39 421
2 374
72 456
61 445
54 438
4 374
125 509
33 415
57 441
2 376
44 428
52 436
98 482
119 503
81 465
114 498
95 479
85 469
93 477
118 502
3 379
2 380
58 442
3 381
105 489
62 446
106 490
18 398
73 457
74 458
11 391
89 473
69 453
54 437
62 445
80 463
116 499
59 442
120 503
119 502
57 440
27 408
68 451
45 428
47 430
31 412
4 381
28 409
99 482
4 379
76 459
10 389
124 507
4 375
74 457
84 467
71 454
40 421
23 404
83 466
11 390
98 481
16 395
77 460
26 407
33 414
114 497
42 425
125 508
60 443
109 492
3 376
72 453
38 419
35 416
90 473
69 452
96 479
32 413
117 500
39 420
106 489
46 429
70 453
64 447
78 461
94 477
73 456
65 448
25 406
86 469
24 405
3 380
52 435
111 494
2 373
63 446
93 476
53 436
36 415
81 464
112 493
101 484
95 478
30 411
107 490
28 407
0 371
67 450
19 398
88 469
34 415
66 447
79 462
4 373
13 392
19 396
44 426
36 414
55 437
27 407
63 445
10 388
18 396
11 389
32 412
109 491
33 413
85 467
29 409
36 416
115 497
68 450
19 395
64 446
124 506
60 442
0 370
34 414
86 468
52 434
128 508
40 420
14 392
83 465
77 459
23 403
25 405
125 507
70 452
82 464
110 492
72 454
46 428
102 484
4 378
117 499
59 441
4 376
45 427
95 475
27 391
108 490
43 425
4 372
76 458
1 371
89 471
84 466
61 443
73 453
16 394
111 493
69 451
74 456
65 447
19 397
47 429
58 440
97 479
81 463
90 472
99 481
107 489
5 381
62 444
120 502
2 372
73 455
53 435
38 418
4 380
5 379
35 415
54 436
24 404
96 478
20 394
94 476
89 469
37 417
78 460
29 407
71 453
80 462
79 461
114 496
77 457
95 477
100 482
75 457
126 508
31 411
44 424
111 492
4 371
14 391
86 465
5 378
44 423
95 476
5 380
116 497
109 490
2 371
15 392
21 394
115 496
64 445
6 381
83 464
5 376
77 458
27 390
40 419
124 505
11 388
80 461
20 395
12 389
34 413
79 460
45 426
46 427
63 444
35 414
122 495
65 446
56 437
70 451
48 429
60 441
90 471
18 395
45 424
97 478
77 456
81 462
89 470
94 475
20 393
6 379
117 498
76 457
59 440
27 406
6 375
62 443
38 417
37 416
26 391
100 481
121 502
32 411
78 459
75 456
98 479
54 435
130 511
16 393
55 436
86 467
25 404
52 433
102 483
74 453
99 480
108 489
129 508
126 507
30 409
128 507
1 370
28 391
30 407
24 403
20 397
103 484
125 506
10 387
71 452
84 465
44 425
29 408
69 450
17 394
73 454
91 472
31 410
123 502
24 402
122 496
32 410
110 490
7 379
25 403
35 413
46 426
96 476
78 458
10 386
18 394
31 409
27 405
100 480
21 397
65 445
125 505
52 432
45 425
64 444
63 443
84 464
85 465
79 459
61 441
80 460
28 390
91 471
22 400
14 390
34 412
116 496
120 498
55 435
44 422
102 482
121 501
46 424
104 484
47 427
81 461
6 376
99 479
131 511
87 465
129 509
83 463
7 375
124 502
15 391
16 392
97 477
69 449
111 491
117 497
38 416
118 498
101 481
1 369
90 470
76 456
2 370
94 474
3 371
7 381
122 502
60 440
48 428
115 495
40 418
98 478
74 454
108 488
127 507
33 411
51 431
71 451
19 393
6 378
6 380
26 392
62 442
126 506
130 510
75 453
30 408
21 395
39 417
121 497
12 388
123 495
123 503
57 437
86 466
70 450
118 497
17 392
121 498
2 369
31 390
21 396
81 460
117 496
46 423
25 392
18 393
79 458
100 479
97 476
69 448
131 510
40 417
75 454
101 480
43 420
85 464
119 498
68 447
103 482
127 506
104 483
123 496
60 439
33 410
61 440
64 443
57 436
41 418
8 379
130 509
58 437
112 491
91 470
51 430
52 431
13 388
63 442
56 435
80 455
42 419
35 412
6 377
7 378
116 495
94 473
71 450
83 462
82 461
11 386
66 445
10 385
105 484
109 488
46 425
120 497
65 444
111 490
110 489
7 380
124 503
22 395
122 501
31 408
29 390
15 390
87 466
22 399
38 415
7 376
72 451
47 426
3 370
47 424
28 405
24 393
10 383
39 416
80 459
44 421
15 388
92 471
98 477
93 470
16 391
48 427
76 455
23 400
34 411
99 478
126 505
115 494
53 432
32 409
25 402
125 502
68 446
45 421
24 394
28 404
83 461
68 444
3 369
131 509
92 470
62 440
22 396
104 482
125 503
93 469
100 478
105 483
44 420
126 504
119 497
63 441
123 497
12 386
49 427
8 378
57 435
88 466
108 486
85 463
91 469
102 480
24 400
124 496
109 487
25 401
46 422
122 500
11 385
36 412
29 405
22 398
33 409
54 432
39 415
111 489
9 379
34 410
115 493
40 414
24 392
80 458
43 419
47 423
58 436
41 413
10 382
15 389
59 437
69 447
53 431
98 476
8 380
117 495
110 488
61 439
27 403
122 498
47 425
2 368
16 390
76 454
65 443
52 430
42 418
127 505
10 384
56 434
72 450
71 449
133 511
18 392
35 411
32 408
48 424
95 473
82 460
84 462
7 377
80 456
132 510
31 391
66 444
79 455
17 391
23 393
112 490
13 387
15 387
30 390
23 395
40 416
110 487
109 486
12 383
101 478
133 510
128 505
99 476
10 379
9 378
131 508
28 403
125 496
68 445
47 422
122 499
100 477
11 382
84 461
18 391
136 511
24 391
59 436
85 462
8 377
24 397
79 454
52 429
80 457
42 417
9 380
40 415
53 430
30 391
39 414
32 407
36 411
0 365
17 390
23 398
103 480
72 449
43 418
4 369
41 416
49 426
70 447
57 434
49 424
11 384
119 496
105 482
62 439
123 500
41 414
23 396
24 399
114 491
113 490
134 511
40 413
64 441
127 504
82 459
118 495
48 423
27 402
96 473
48 425
66 443
117 494
69 446
109 484
92 469
41 412
16 389
112 489
111 488
2 367
44 419
89 466
124 497
81 456
33 408
55 432
104 481
12 385
30 405
77 454
132 509
130 507
31 392
63 440
58 435
14 387
86 463
73 450
123 498
24 395
108 485
29 404
67 444
126 503
23 392
102 479
90 467
46 421
34 409
81 458
26 401
115 492
127 503
52 428
81 457
67 443
24 396
30 404
112 488
109 485
130 506
35 409
136 510
106 482
51 427
27 401
107 483
102 478
82 458
115 491
3 367
55 431
33 407
114 490
57 433
18 390
23 391
10 380
25 395
37 411
90 466
70 446
84 460
87 463
119 495
85 461
101 477
11 379
49 423
25 397
9 377
36 410
74 450
10 378
135 511
14 386
64 440
131 507
125 497
132 506
19 391
79 453
73 449
42 416
100 476
34 408
66 442
44 418
12 384
105 481
78 454
39 413
110 486
30 392
133 509
41 411
104 480
26 400
29 403
63 439
24 398
111 487
91 467
28 402
31 393
17 389
117 493
118 494
38 412
4 368
49 425
22 392
96 472
13 383
65 441
56 432
128 504
31 405
1 365
0 364
69 445
45 419
41 415
59 435
12 382
92 468
48 422
108 484
86 462
46 420
123 499
53 429
95 471
43 416
71 446
124 499
70 445
87 462
28 393
79 452
132 507
114 489
107 482
48 421
53 428
103 478
25 398
51 426
10 377
74 449
23 390
119 494
42 415
14 385
67 442
73 448
11 378
50 425
118 493
59 434
37 410
40 411
131 506
78 453
31 404
12 381
125 498
1 364
36 409
4 367
115 490
75 448
27 400
46 419
39 412
26 395
112 487
13 382
49 422
108 483
3 366
95 470
117 492
19 390
104 479
30 403
106 481
84 459
58 433
134 509
9 376
101 476
29 392
98 473
13 384
65 440
60 435
133 508
85 460
92 467
128 503
113 488
86 461
90 465
132 505
96 471
45 418
56 431
33 406
38 411
11 380
57 432
34 407
14 383
63 438
12 379
44 417
82 455
47 420
111 486
17 388
110 485
25 396
52 427
2 365
135 510
82 457
30 393
64 439
28 401
29 402
21 392
108 481
22 390
50 422
5 367
115 489
107 481
47 419
78 452
118 492
59 433
80 452
125 499
13 381
54 428
129 503
113 487
17 387
98 472
120 494
32 404
88 462
117 491
102 476
128 502
38 410
64 438
133 507
38 408
90 464
61 435
68 442
26 396
28 394
87 459
131 505
31 403
97 471
43 415
87 461
53 427
48 420
99 473
75 449
57 431
96 470
34 406
29 401
112 486
101 475
39 411
116 490
105 479
70 444
106 480
29 393
26 398
74 448
44 416
71 445
1 363
28 400
82 454
91 465
103 477
67 441
19 389
135 509
51 425
60 434
130 504
35 407
66 440
126 500
36 408
3 365
85 459
18 388
9 375
12 380
14 382
95 469
83 457
21 391
30 402
86 460
93 467
89 463
33 405
108 482
14 384
109 481
37 409
49 421
127 501
104 478
83 455
15 385
84 458
45 417
134 508
11 377
111 485
76 450
52 426
119 493
10 375
9 374
121 494
50 421
52 425
43 414
6 365
96 469
36 407
3 364
68 441
111 484
35 406
130 503
98 471
30 401
31 402
38 409
48 419
78 451
59 432
114 487
11 376
99 472
14 381
74 447
51 424
81 452
38 407
34 405
83 456
65 438
93 466
117 490
72 445
1 362
77 450
127 500
135 508
87 460
89 462
58 431
100 473
101 474
126 499
13 380
15 382
15 384
61 434
73 446
67 440
115 488
103 476
110 481
57 428
113 486
92 465
104 477
33 404
109 482
51 422
128 501
118 491
112 485
29 394
27 398
18 387
71 444
39 410
88 461
66 439
90 463
91 464
107 480
119 492
4 365
6 367
131 504
21 390
32 403
102 475
84 457
27 396
134 507
28 399
129 502
82 453
44 415
45 416
29 400
86 459
17 386
20 389
69 442
76 449
105 478
47 418
37 408
2 363
85 458
60 433
49 420
54 427
57 430
25 387
71 443
121 493
118 490
37 407
4 364
9 373
16 384
51 423
18 386
111 483
128 500
135 507
28 396
78 450
30 400
38 406
72 444
69 441
111 481
47 417
32 402
130 502
100 470
84 456
67 439
110 482
60 432
55 427
62 434
31 401
88 460
58 428
26 386
90 462
93 465
35 405
113 485
9 363
50 420
46 416
8 364
29 395
20 388
39 409
73 445
97 469
77 449
129 501
34 404
119 491
21 389
86 458
104 476
100 472
131 503
66 438
27 397
91 463
11 375
54 426
29 399
6 368
107 479
44 414
57 429
94 466
52 424
28 398
49 419
115 487
58 430
33 403
14 380
1 361
74 446
48 418
98 470
61 433
114 486
128 498
82 452
7 365
45 415
102 474
70 442
5 365
15 381
101 473
19 387
99 471
10 374
106 478
127 499
2 360
17 385
3 363
116 488
112 484
66 437
54 425
13 374
119 490
30 395
14 373
53 424
94 465
134 505
129 500
7 368
48 417
73 444
115 486
79 450
4 363
122 493
8 365
37 406
49 418
83 452
7 364
92 463
17 384
136 507
50 419
55 426
28 397
89 460
26 385
135 506
107 478
133 504
2 361
98 469
20 387
124 493
3 362
16 383
31 400
100 471
46 415
67 438
10 373
72 443
128 499
78 449
52 423
14 379
58 429
40 409
25 386
60 431
7 366
47 416
62 433
70 441
1 360
106 477
104 475
45 414
112 483
8 363
131 502
118 489
85 456
132 503
19 386
127 498
136 505
11 374
103 474
90 461
74 445
86 457
35 404
93 464
101 470
24 387
102 473
97 468
21 388
69 440
23 388
5 364
68 439
32 401
15 380
113 484
9 364
33 402
111 482
129 498
38 405
34 403
61 432
117 488
130 501
30 399
2 0
59 429
72 442
34 402
46 414
84 454
95 465
135 505
125 493
127 497
77 447
88 458
54 422
67 437
108 478
25 385
7 369
33 401
73 443
130 498
98 468
1 359
94 464
124 492
96 466
50 418
60 430
62 432
137 507
15 379
107 471
79 449
8 366
136 506
30 396
63 433
55 425
116 486
20 386
66 436
126 492
68 438
122 492
103 473
78 448
31 399
51 419
70 440
30 398
129 499
13 373
5 363
92 462
102 472
93 463
120 490
7 363
69 439
29 397
71 441
108 470
40 408
133 503
44 412
132 502
84 452
45 413
74 444
54 424
104 474
35 403
134 504
47 415
85 455
19 385
36 404
117 487
53 423
12 374
90 460
106 476
0 358
112 482
86 456
106 472
37 405
48 416
91 461
17 383
131 501
14 372
11 373
97 467
99 469
114 484
80 450
9 365
3 361
118 488
14 378
113 483
101 471
123 493
18 384
89 457
23 387
87 457
8 370
22 388
106 475
108 471
69 438
18 383
120 489
0 357
109 478
14 375
123 492
127 492
96 465
45 412
103 472
20 385
135 504
1 358
85 452
138 507
1 0
2 1
24 385
105 472
14 377
5 362
55 422
130 499
79 448
63 432
15 378
91 460
62 431
61 430
4 361
74 441
60 429
32 395
76 439
113 482
94 463
74 443
36 403
49 416
67 436
114 483
122 491
71 440
53 422
78 447
81 450
12 373
68 437
34 401
75 440
31 398
88 457
126 493
55 424
31 396
108 477
13 372
127 496
107 472
88 449
22 387
75 444
116 485
73 442
89 458
9 366
9 370
77 446
93 462
107 470
97 466
102 471
132 501
85 454
8 369
50 417
87 456
86 455
88 451
106 471
30 397
106 473
44 411
25 384
90 459
46 413
37 404
21 386
41 408
33 400
137 506
105 474
48 415
89 448
99 468
72 441
134 503
56 425
84 453
7 362
115 484
11 372
87 450
6 363
118 487
51 418
35 402
131 500
68 436
88 450
86 452
62 430
38 402
127 493
121 489
3 359
114 482
77 445
2 2
9 369
110 478
1 1
73 441
37 403
128 492
63 431
47 413
107 469
131 499
70 438
87 455
120 488
56 424
95 463
89 449
12 372
6 362
19 383
90 458
81 449
79 447
0 2
132 500
85 453
14 376
1 7
134 502
105 471
43 409
123 491
104 472
31 397
15 375
45 411
88 456
108 472
78 446
10 370
96 462
71 439
1 357
115 483
50 416
35 401
138 506
53 421
91 459
22 386
4 360
76 440
11 371
103 471
56 422
113 481
0 356
77 439
10 366
86 450
80 448
106 474
32 396
127 495
74 442
139 507
117 485
21 385
100 468
67 435
48 414
86 454
97 461
52 418
87 451
55 423
15 377
97 465
133 501
75 443
106 470
5 361
16 378
90 448
61 429
94 462
116 484
108 476
41 407
119 487
18 382
74 440
57 425
44 410
33 395
93 461
107 473
24 384
33 399
72 440
2 358
135 503
80 447
11 370
1 8
0 355
117 484
138 505
5 358
91 458
135 502
62 429
15 376
111 478
41 406
1 354
48 413
116 483
1 356
108 475
32 397
75 442
77 444
36 401
134 501
12 371
72 439
44 409
104 471
64 431
95 462
107 468
97 462
47 412
140 507
120 487
33 396
132 499
38 401
1 352
89 450
61 428
128 493
0 7
50 415
112 479
3 358
97 464
127 494
96 461
22 385
70 437
110 477
46 411
92 457
82 449
2 357
122 489
1 2
76 443
133 500
113 480
19 382
6 361
18 381
67 434
94 461
79 446
11 366
115 482
96 463
10 369
16 377
123 490
35 400
4 359
86 453
87 454
23 384
108 473
1 6
49 414
81 448
5 360
37 402
107 474
69 436
0 3
78 445
93 460
92 459
87 452
77 440
100 467
71 438
103 470
10 367
42 407
20 383
34 399
88 455
45 410
53 420
73 440
57 424
58 425
0 351
106 469
52 417
86 449
0 5
68 435
56 423
114 481
43 408
90 449
43 407
18 380
135 501
1 5
0 8
116 482
77 443
118 484
108 474
112 478
64 430
139 505
140 506
1 355
44 408
78 440
113 479
78 444
57 423
99 465
1 3
50 414
33 397
73 439
3 357
79 445
139 501
80 446
2 6
17 377
132 498
51 415
12 366
36 400
115 481
101 467
23 383
138 504
34 398
11 365
48 412
93 459
133 499
86 448
16 376
59 425
98 464
91 449
128 494
123 489
138 502
1 9
22 384
89 455
58 424
0 4
68 434
42 406
103 469
20 382
69 435
53 419
88 454
54 418
92 458
94 460
106 468
5 357
4 358
62 428
100 466
10 368
121 487
1 353
105 469
91 457
98 462
1 351
11 367
71 437
6 360
2 354
66 432
95 461
134 500
90 450
45 409
47 411
72 438
136 502
12 370
111 477
77 441
70 436
37 401
97 463
5 359
104 470
19 381
124 490
83 449
81 447
63 429
52 416
76 442
11 369
2 10
114 480
53 417
0 350
87 453
110 476
0 9
122 487
59 424
18 377
109 474
117 482
48 411
140 505
68 433
138 503
64 429
85 448
42 405
34 397
102 467
20 381
1 10
60 425
22 383
1 350
46 409
11 368
6 359
72 437
58 423
119 484
103 468
66 431
50 413
114 479
133 498
138 501
12 369
55 418
2 11
62 425
78 441
17 376
83 448
53 416
94 459
67 432
129 494
52 415
124 489
91 456
104 469
82 445
93 458
70 435
51 414
79 444
2 355
0 349
21 382
3 6
139 504
13 370
121 486
125 490
2 353
3 356
44 407
91 450
112 477
116 481
89 452
100 465
54 417
89 454
120 485
2 351
1 4
137 502
36 399
77 442
80 445
7 360
139 502
23 382
110 475
98 463
45 408
12 367
135 500
88 453
99 464
73 438
78 443
37 400
82 447
95 460
131 496
71 436
18 379
12 365
63 428
4 357
105 468
132 497
54 419
3 354
3 8
43 406
69 434
91 455
4 2
3 9
63 427
3 351
4 16
133 497
51 413
15 371
0 10
56 418
139 503
13 369
18 378
116 478
131 495
45 407
118 482
23 375
50 412
55 419
140 502
140 504
81 445
1 349
91 451
3 5
68 432
8 360
19 379
3 355
89 453
78 442
73 437
37 399
90 454
2 4
53 415
43 405
112 476
79 443
66 430
72 436
102 466
46 408
132 496
80 444
54 416
13 365
130 494
3 353
55 417
120 484
64 428
1 11
22 382
18 376
85 447
104 468
4 350
125 489
115 479
126 490
74 438
137 501
110 474
99 463
2 350
17 375
72 434
84 448
101 465
63 425
44 406
95 459
4 8
116 480
90 452
2 12
82 446
42 404
136 500
119 483
11 363
0 348
35 397
4 356
113 477
59 423
52 414
60 424
94 458
20 380
47 409
48 410
12 364
123 487
70 434
12 368
62 426
124 488
4 10
135 499
7 359
121 485
114 478
38 399
3 352
70 433
113 476
3 12
48 409
125 488
55 416
85 446
9 358
5 2
0 11
5 354
104 467
71 434
60 423
114 477
120 483
96 459
140 503
64 427
3 16
131 494
68 431
4 3
118 481
102 465
122 485
90 453
19 378
20 377
16 373
126 489
4 15
4 349
112 475
47 408
3 350
13 368
48 407
3 4
127 490
22 381
35 396
15 364
37 398
19 376
52 413
2 13
22 375
72 433
8 359
124 487
73 434
91 454
21 376
50 411
95 458
72 435
93 456
4 355
53 414
115 478
79 442
123 486
133 496
103 466
132 495
16 371
15 370
43 404
81 444
100 463
123 484
1 348
74 437
51 412
13 364
14 365
5 8
116 479
137 500
83 446
23 376
69 430
91 452
111 474
146 509
17 374
84 447
61 424
46 407
135 498
5 16
73 436
45 406
80 443
4 11
7 358
1 12
20 379
67 430
4 9
101 464
2 349
141 504
63 426
56 419
121 484
12 363
11 362
92 455
142 505
134 497
116 477
36 397
16 363
147 509
17 363
81 443
1 347
71 433
19 375
5 3
6 16
91 453
47 407
14 368
137 499
36 396
43 403
117 479
22 376
55 415
16 370
64 426
124 486
60 422
142 504
58 420
15 365
12 362
0 12
93 455
103 465
4 4
5 353
80 442
16 364
112 474
134 496
74 436
15 363
69 431
111 473
133 495
124 484
59 421
85 445
6 356
67 429
73 429
141 503
126 488
84 446
8 358
135 497
97 459
16 372
15 369
132 494
2 14
119 481
66 428
127 489
5 15
65 427
3 13
2 16
5 11
101 463
51 411
123 485
6 10
104 466
18 374
121 483
54 414
5 7
5 9
21 377
115 477
2 348
0 346
120 482
4 352
5 5
21 361
69 429
1 13
20 378
6 8
21 379
39 399
94 456
50 410
14 364
52 412
122 484
92 454
73 433
61 423
136 496
7 357
57 419
46 406
113 475
48 408
92 452
73 435
17 373
74 434
4 348
14 366
4 12
143 505
16 362
146 508
88 446
3 349
4 14
56 416
95 457
38 398
9 359
6 354
86 446
22 380
5 355
147 508
3 348
40 399
88 445
93 454
103 464
74 429
62 423
111 472
22 377
74 435
124 485
26 381
133 494
7 356
122 483
51 410
70 431
114 475
6 11
5 352
18 373
136 497
86 445
68 429
82 443
53 412
87 446
120 481
76 437
0 13
50 409
84 445
11 360
8 357
17 364
126 487
5 14
38 397
75 436
142 503
135 496
6 7
127 488
39 398
17 370
47 406
137 498
19 374
44 403
2 15
52 411
6 9
55 414
49 408
6 15
96 457
81 442
60 421
119 480
7 2
21 362
23 380
132 493
7 16
46 405
15 366
2 347
97 458
148 509
17 372
146 507
98 459
92 453
22 379
71 432
21 378
58 419
66 427
80 441
72 431
59 420
125 484
102 463
73 430
95 456
54 413
56 415
37 396
15 362
104 465
43 402
128 489
5 6
65 426
67 428
5 4
14 363
20 361
15 368
61 422
12 361
125 486
73 432
118 479
0 345
10 359
7 10
144 505
4 13
6 355
112 473
58 417
134 495
83 444
4 347
115 476
1 346
71 431
6 6
76 436
18 372
105 465
20 362
80 440
122 482
1 345
6 12
15 367
98 458
132 492
143 503
96 456
81 441
83 443
62 422
47 405
114 474
24 380
118 470
2 346
8 356
53 411
138 498
87 445
7 3
66 426
1 15
93 453
144 504
8 16
73 431
26 380
125 485
23 379
52 410
16 360
0 344
99 459
65 425
0 14
17 365
11 359
120 480
63 423
119 479
3 347
14 362
75 435
68 428
8 2
55 413
39 397
133 493
74 432
5 13
95 455
148 508
72 430
18 362
78 438
54 412
37 395
59 419
147 507
7 11
134 494
25 381
6 4
136 494
8 10
6 14
19 373
15 361
67 427
59 417
75 433
146 506
7 9
56 414
137 497
8 354
17 369
19 361
7 15
58 418
8 8
42 400
77 437
20 374
103 463
60 416
43 401
74 430
60 420
19 371
126 486
16 366
135 495
16 368
88 444
5 351
115 475
12 360
7 7
113 473
7 355
142 502
128 488
44 402
112 472
84 444
41 399
50 408
22 378
18 370
0 339
0 343
19 370
129 488
59 416
98 457
150 509
19 362
60 415
0 15
54 411
146 505
78 437
115 474
66 425
114 473
51 408
116 471
76 433
6 13
143 502
141 500
3 346
67 426
32 389
25 380
57 414
8 3
9 8
6 351
58 415
100 459
130 489
21 374
137 494
19 372
1 344
60 419
77 436
117 470
17 360
8 355
19 360
42 399
24 379
9 356
74 431
7 6
96 453
7 14
133 492
122 481
9 354
41 398
138 497
80 439
87 444
53 410
136 493
12 359
132 491
38 395
94 453
65 424
48 405
13 360
14 361
97 456
61 420
71 430
44 401
18 361
147 506
118 469
95 454
81 440
112 471
142 501
79 438
8 11
43 400
104 463
50 407
59 418
16 367
96 455
33 390
11 358
84 443
149 508
9 2
55 412
9 10
20 371
135 494
40 397
105 464
121 480
63 422
18 365
61 416
2 345
45 402
17 368
16 359
7 4
82 441
8 15
76 435
126 485
134 493
20 373
68 427
145 504
139 498
120 479
75 432
8 9
52 409
23 378
17 366
118 476
137 491
2 344
101 459
83 441
60 418
131 489
117 469
70 428
20 370
55 411
9 9
75 431
9 11
81 437
141 499
18 360
25 379
32 388
140 498
115 473
53 409
76 434
71 429
8 4
79 437
20 372
58 414
34 390
145 503
80 438
85 443
123 481
65 423
87 443
115 471
18 366
78 436
0 342
14 360
24 378
38 394
12 12
62 420
59 415
17 367
127 485
56 412
57 413
64 422
139 497
44 400
130 488
133 491
7 13
40 396
94 452
127 481
151 509
66 424
45 401
148 506
147 505
146 504
138 496
106 464
149 507
51 407
135 493
121 479
108 466
13 13
105 463
120 478
11 357
61 417
116 470
113 471
102 460
99 457
82 440
1 339
10 10
33 389
42 398
76 432
7 351
68 426
96 454
41 397
144 502
10 354
142 500
103 461
15 15
153 511
0 16
97 455
69 427
8 6
10 2
150 508
129 487
21 373
11 11
137 495
6 350
0 340
136 492
18 368
46 402
152 510
21 371
8 14
9 355
93 451
19 363
61 419
119 477
96 452
3 345
13 359
77 435
17 359
48 404
12 358
112 470
84 442
52 408
104 461
145 502
47 402
106 463
10 355
115 470
129 486
135 492
103 460
153 510
138 491
8 351
68 425
116 469
76 431
112 469
14 15
13 358
123 480
17 358
14 13
63 420
102 459
70 427
53 408
43 398
127 480
29 384
15 14
13 12
1 340
30 385
127 482
100 457
25 376
36 391
20 369
22 371
25 378
142 499
71 428
101 458
12 357
118 475
93 450
109 466
122 479
86 443
8 5
132 489
116 473
54 409
148 503
144 501
138 495
133 490
9 6
150 507
152 509
108 465
83 440
2 343
134 491
69 426
67 424
10 3
42 397
18 367
51 406
66 423
64 421
11 356
120 477
46 401
10 9
131 488
48 403
49 404
7 350
141 498
14 359
19 368
146 503
128 481
18 359
9 4
19 364
12 11
13 14
61 418
80 437
0 341
151 508
8 13
44 399
9 12
78 435
107 464
113 470
59 414
4 345
3 344
85 442
58 413
55 410
130 487
149 506
127 484
77 434
40 395
11 12
121 478
0 17
10 11
81 438
1 342
97 454
38 393
22 373
65 422
6 349
67 422
82 439
84 441
154 511
119 476
140 497
35 390
137 492
32 387
95 452
56 411
34 389
21 372
148 505
94 451
137 490
120 476
104 460
13 357
1 19
113 469
141 497
10 4
76 430
25 377
101 457
26 376
149 505
71 427
151 507
64 420
123 479
134 490
119 475
65 421
40 394
154 510
49 403
11 9
67 421
1 341
58 412
11 13
124 480
34 388
17 357
112 468
54 408
20 366
95 451
0 18
43 397
106 462
128 480
82 438
152 508
37 391
38 392
98 454
121 477
2 340
55 409
41 395
132 488
26 378
8 352
63 419
57 411
138 492
22 372
146 502
31 383
52 406
69 425
3 343
12 10
135 491
101 453
72 428
13 11
30 384
54 406
36 390
5 345
56 410
83 439
18 358
6 348
59 413
118 474
110 466
14 358
80 436
115 469
9 351
29 383
148 502
147 503
66 422
19 367
39 393
136 490
48 400
78 434
47 401
48 402
102 452
148 504
131 487
9 13
33 387
86 442
44 398
100 454
109 465
129 485
142 498
128 484
10 12
70 426
32 386
122 478
92 448
7 349
67 423
127 483
93 449
79 435
20 368
22 370
61 413
15 13
13 15
155 511
2 342
117 473
11 355
121 475
130 486
103 459
14 12
9 5
85 441
21 369
12 14
53 407
133 489
108 464
23 373
20 364
31 385
145 501
139 495
149 503
94 450
62 418
114 470
95 450
66 421
141 494
114 469
152 507
15 358
92 447
69 424
11 6
135 490
14 357
99 454
80 435
64 419
146 501
13 356
117 472
149 504
123 478
13 10
57 410
35 388
55 406
9 350
52 405
21 368
40 391
36 389
104 459
155 510
79 434
10 13
29 380
121 476
131 478
72 427
39 392
3 342
110 465
144 499
34 387
31 384
12 15
12 9
128 483
84 439
17 356
101 452
21 366
16 13
85 432
61 414
153 508
8 349
156 511
58 411
119 474
67 420
130 485
77 430
70 425
1 18
7 348
147 502
41 394
49 400
136 489
55 408
45 398
125 480
47 400
93 448
85 438
132 487
120 475
54 405
83 438
96 449
154 509
65 420
85 440
124 479
142 497
23 372
49 402
63 418
128 479
48 399
108 463
102 451
16 357
32 385
145 500
9 352
27 378
40 393
68 423
113 468
106 461
4 343
56 409
143 498
2 341
37 390
38 391
54 407
139 494
24 373
0 19
3 340
43 396
48 401
94 449
101 454
118 473
30 383
18 357
112 467
44 397
60 413
101 456
138 493
86 441
98 453
131 486
142 493
42 395
26 377
133 488
100 453
59 412
10 5
12 355
20 367
14 11
90 445
11 8
15 12
150 505
22 369
111 466
102 457
20 365
29 382
5 344
152 506
155 509
14 10
29 379
102 454
40 390
93 447
13 9
30 382
100 452
13 355
81 435
102 456
33 385
10 14
129 479
124 478
54 404
123 477
140 494
26 374
73 427
89 441
13 1
150 504
11 349
10 352
129 483
15 357
84 434
28 378
30 380
11 15
86 432
14 356
50 402
65 419
63 417
146 500
42 394
86 440
109 463
154 508
62 414
101 451
133 487
44 396
60 412
11 5
40 392
125 479
153 505
58 410
17 353
69 423
142 494
51 403
130 484
18 356
17 355
5 343
41 391
14 0
119 473
59 411
0 20
64 418
74 426
131 479
80 434
101 455
139 493
83 435
47 399
147 501
103 457
131 485
53 405
41 393
70 424
82 436
111 465
157 511
21 365
85 439
15 11
156 510
141 493
12 4
71 425
35 387
34 386
99 453
130 478
154 504
12 8
120 474
104 458
106 460
142 496
118 472
16 12
24 372
78 430
39 391
0 336
143 497
114 468
52 404
27 377
3 341
90 444
96 450
144 498
23 369
11 353
112 466
85 433
88 442
145 499
11 7
45 397
84 438
36 388
55 407
24 370
8 348
7 345
2 18
32 384
91 445
49 401
113 467
122 476
21 367
66 420
4 342
56 408
135 489
9 349
57 409
37 389
95 449
112 465
42 391
120 473
53 404
14 9
58 409
84 435
66 419
17 354
30 381
141 492
140 493
92 445
5 342
62 415
10 15
152 505
12 353
146 499
74 425
123 476
16 11
50 401
94 447
98 451
14 3
26 373
147 500
18 353
11 350
41 392
18 355
88 441
27 374
1 336
81 434
153 504
133 486
29 378
42 393
130 479
13 8
7 346
130 477
33 384
132 485
13 4
12 5
145 498
134 487
135 488
37 388
4 341
82 435
75 426
71 424
3 18
80 433
144 497
105 458
111 464
156 509
13 2
83 434
59 410
12 7
97 450
108 461
52 403
76 427
151 504
107 460
43 394
13 354
23 368
89 442
23 366
90 443
11 352
51 402
95 448
84 433
9 348
36 387
25 372
15 356
34 385
114 467
14 355
110 463
106 459
119 472
55 404
22 367
38 389
56 407
8 347
83 436
158 511
78 429
154 505
93 446
24 369
125 478
104 457
87 432
45 396
70 423
14 1
142 495
103 456
0 335
143 494
64 417
157 510
69 422
86 439
8 345
99 452
60 411
129 482
130 483
44 395
87 440
15 10
11 16
84 437
72 425
24 371
39 390
54 403
100 451
46 397
47 398
102 455
73 426
28 377
0 21
10 349
154 507
15 0
22 365
19 356
16 355
86 433
57 407
140 492
63 415
123 475
104 456
122 474
43 393
94 446
90 442
9 347
91 443
46 396
34 384
12 350
53 403
58 408
152 504
9 345
77 427
159 511
15 9
25 371
112 464
66 418
13 7
18 354
64 416
31 381
35 385
5 341
14 4
93 445
10 348
120 472
86 434
72 424
121 473
13 5
155 505
3 19
147 499
8 346
85 435
73 425
61 411
144 496
110 462
87 439
98 450
15 355
39 389
1 21
2 336
26 372
36 386
92 442
60 408
129 477
12 352
14 2
47 397
27 375
70 422
76 426
28 374
25 365
75 423
28 376
37 387
103 455
83 433
25 369
13 353
151 503
65 417
24 368
95 447
60 410
145 497
125 477
16 10
156 508
51 401
30 378
23 365
59 409
29 377
11 351
106 458
14 354
108 460
74 424
149 501
82 434
22 364
114 466
10 16
56 404
155 507
24 366
66 416
130 480
75 425
84 436
99 451
19 355
88 440
107 459
143 495
133 485
62 412
158 510
71 423
81 433
79 429
135 487
130 482
78 428
87 433
109 461
44 394
0 22
146 498
1 335
42 392
16 354
80 432
23 367
15 1
2 20
1 337
115 467
148 500
150 502
35 384
3 338
29 374
107 456
87 434
150 501
2 337
52 401
15 2
66 417
87 438
145 496
15 354
36 385
2 21
29 376
4 339
76 425
92 443
133 484
85 436
110 461
96 447
140 491
121 472
49 398
14 7
92 441
95 446
26 365
13 350
144 495
134 485
16 9
139 490
43 392
3 336
128 477
155 506
60 409
147 498
39 388
38 387
56 405
53 402
114 465
13 352
2 335
122 473
160 511
25 368
67 418
15 8
146 497
105 456
25 366
80 429
58 407
94 445
24 367
131 482
78 427
20 359
48 395
88 439
10 347
1 334
123 474
125 476
75 424
91 442
37 386
106 457
59 408
156 507
73 424
74 423
158 509
30 377
26 369
104 455
0 23
124 475
64 415
28 373
113 464
31 378
63 412
12 351
77 426
5 340
151 502
10 345
99 450
57 406
86 435
10 17
9 344
130 481
32 381
130 475
72 423
44 393
26 371
3 20
79 428
16 1
9 346
47 396
15 4
23 364
112 463
82 433
97 448
108 459
71 422
136 487
159 510
62 411
152 503
98 449
28 375
48 397
4 19
81 432
19 354
138 489
149 500
65 416
115 466
13 6
98 448
114 464
45 393
122 472
38 384
128 476
15 353
72 422
59 407
113 463
134 484
159 509
152 502
108 456
4 20
131 481
37 385
81 429
69 419
107 457
40 388
76 424
2 330
53 401
29 375
151 501
32 378
121 471
91 441
23 363
156 506
95 445
158 508
9 343
137 487
6 334
112 462
63 411
14 6
25 367
136 480
105 455
4 336
64 412
0 24
104 454
61 409
15 7
125 475
26 366
11 345
49 395
106 456
139 489
20 354
160 510
20 358
116 466
86 436
63 413
87 435
21 359
14 352
124 474
49 397
111 461
36 384
4 338
71 421
2 22
13 351
16 8
138 488
2 334
48 396
140 490
16 2
1 23
28 372
79 427
58 406
31 377
57 405
147 497
32 380
130 474
110 460
27 369
97 447
145 495
65 415
157 507
9 17
30 374
50 398
5 339
11 347
27 365
70 420
38 386
92 440
133 483
3 21
108 458
73 423
88 438
137 479
5 19
109 459
39 387
77 425
10 344
129 475
93 443
64 414
44 392
27 371
15 5
10 346
117 467
31 379
99 449
3 337
26 370
82 432
132 482
41 389
9 341
150 500
33 381
67 417
30 376
29 373
1 333
112 459
147 496
62 409
137 486
51 398
115 464
38 385
94 443
139 488
128 475
2 329
158 507
137 478
2 333
136 485
33 380
124 473
26 367
95 444
15 350
121 468
14 343
100 449
42 389
65 412
4 23
73 422
136 483
78 425
7 334
12 345
99 448
158 505
3 330
121 470
37 384
11 344
105 454
97 446
70 419
58 405
1 24
41 388
10 343
160 509
40 387
82 431
152 501
141 488
112 461
63 410
17 2
1 332
145 494
79 426
136 479
33 378
32 377
27 366
5 338
9 18
16 3
80 427
6 335
72 421
14 351
30 373
27 370
11 346
12 347
81 430
9 342
32 379
88 437
59 406
49 396
31 374
132 481
69 418
109 458
81 428
91 440
21 354
16 7
108 457
71 420
2 23
15 352
116 465
52 399
64 411
28 371
122 471
54 401
110 459
106 455
10 341
22 359
118 467
161 510
133 482
29 372
151 500
30 375
4 21
129 474
82 429
146 495
113 462
3 334
15 6
45 392
65 414
135 484
119 468
38 383
28 365
157 506
14 349
50 397
4 337
21 358
3 22
150 499
87 436
134 481
117 466
31 376
123 472
135 480
5 20
114 463
27 368
77 424
24 363
159 508
68 417
64 413
140 489
1 330
125 474
39 386
123 471
16 6
153 501
45 391
58 404
72 420
121 469
34 380
91 439
22 358
41 387
46 392
1 329
120 468
162 510
133 481
17 3
39 385
106 454
110 458
6 20
111 459
114 462
6 336
135 479
136 484
28 366
94 442
132 480
73 421
152 500
2 328
31 375
37 383
137 485
69 417
2 332
21 355
28 368
118 466
11 343
139 487
2 24
14 348
159 505
44 390
27 367
150 498
34 378
88 436
64 410
146 494
115 463
50 396
54 400
22 360
32 376
157 505
90 438
128 474
140 488
12 344
6 338
109 457
68 416
30 372
100 448
119 467
33 377
151 499
23 359
7 19
59 405
5 337
18 2
82 430
13 343
159 507
62 408
122 470
15 349
137 483
60 406
4 334
145 493
4 24
116 464
161 509
63 409
71 419
24 362
4 22
36 382
89 437
134 480
16 352
14 342
10 342
158 504
154 502
81 427
77 423
148 496
125 473
12 346
15 351
47 393
8 18
65 411
141 487
16 350
51 397
28 370
5 21
52 398
9 19
42 388
98 446
53 399
7 335
112 460
65 413
129 473
95 443
137 477
33 379
3 23
66 412
80 426
3 331
99 447
79 425
146 493
114 461
66 407
37 382
59 404
4 331
13 346
128 473
35 380
124 471
13 342
161 508
40 385
66 413
43 388
22 357
122 469
48 391
26 363
80 425
111 458
77 420
34 379
60 405
48 393
18 3
126 473
29 370
55 400
150 497
16 349
137 476
157 504
45 390
154 501
107 454
123 470
139 486
120 467
83 424
71 418
3 332
137 484
152 499
160 505
29 368
162 509
83 430
100 447
54 399
61 406
90 437
24 359
17 350
21 356
17 6
63 408
56 401
19 2
119 466
1 328
94 441
113 460
89 436
4 25
77 422
110 457
34 377
97 440
47 392
5 22
117 464
41 386
24 361
66 411
96 441
28 367
23 360
118 465
91 438
99 446
44 389
65 410
74 421
52 397
69 416
33 374
30 371
115 462
138 485
147 494
127 474
160 507
133 480
51 396
70 417
140 487
14 347
116 463
36 381
12 343
53 398
0 29
125 472
134 479
73 420
3 24
6 21
6 337
32 375
7 20
11 342
65 408
79 424
15 348
81 426
106 453
4 333
7 336
16 351
95 442
9 20
148 495
8 19
155 502
71 416
66 410
110 456
36 380
146 492
97 439
4 332
74 420
98 440
44 388
148 494
72 418
34 374
24 360
17 5
49 393
67 411
37 381
17 351
27 363
8 20
65 407
153 499
118 464
137 475
97 441
138 484
54 398
126 472
133 479
117 463
139 485
95 441
57 401
139 483
0 30
53 397
70 416
77 421
23 357
22 356
81 425
3 25
120 466
155 501
165 511
92 438
150 496
104 450
80 424
41 385
67 413
18 6
19 3
34 376
26 362
20 2
154 500
30 370
140 486
12 342
75 421
108 454
84 430
124 470
16 348
151 497
55 399
25 361
96 440
66 406
29 369
134 478
6 22
66 408
14 346
71 417
163 509
36 378
43 387
107 453
47 391
0 28
56 400
61 405
65 409
114 460
98 444
83 425
60 404
5 333
59 403
100 446
40 384
136 476
33 375
destination
