map
random512-40-9.map
pivot
491 34
agent & start
375 274
373 280
331 276
317 278
331 272
330 277
320 279
332 273
318 278
317 277
372 280
320 278
321 277
319 279
373 273
330 276
321 279
331 273
373 279
374 274
372 279
330 273
322 279
318 277
329 276
371 280
320 277
373 274
319 278
321 278
372 273
319 277
329 275
318 276
371 279
322 278
320 276
372 274
326 278
330 274
372 278
328 275
319 276
371 278
328 271
325 278
370 279
326 277
371 274
327 276
323 278
329 274
371 275
327 275
327 271
328 274
328 272
370 278
324 278
323 277
326 276
325 277
319 275
370 274
324 277
327 274
319 274
326 275
370 277
327 272
369 278
370 275
326 272
326 274
327 273
369 277
312 266
320 274
370 276
324 276
312 267
321 274
313 266
326 273
368 277
324 275
369 276
325 273
313 265
368 276
324 274
367 277
313 267
312 264
322 274
364 278
312 263
366 277
364 277
324 273
313 264
367 276
321 272
314 267
322 273
365 278
314 268
320 272
321 271
314 264
323 273
365 277
312 262
364 276
367 275
320 271
323 272
313 262
321 270
315 268
366 275
315 264
365 276
365 275
313 261
315 265
316 268
322 270
323 271
320 270
323 270
314 261
365 274
315 266
320 269
316 267
317 268
320 268
364 272
365 273
323 269
316 266
315 261
364 270
317 267
317 266
365 272
316 261
366 273
365 270
364 271
323 268
320 267
317 265
323 267
365 271
320 266
367 273
316 260
366 270
317 260
318 265
323 266
367 272
317 262
320 265
317 264
366 271
323 265
367 271
318 264
317 259
319 265
318 262
317 263
320 258
318 258
368 271
319 264
318 263
323 264
320 259
318 259
319 258
323 263
368 270
369 271
319 259
319 263
322 263
369 270
370 269
320 263
319 260
319 261
369 269
370 268
321 263
320 261
369 268
321 262
369 267
321 261
321 260
370 265
322 261
369 266
370 264
369 265
322 260
323 260
324 261
369 264
325 261
369 263
324 254
323 255
323 259
324 260
325 254
324 259
323 256
325 260
369 262
324 255
326 253
324 258
325 255
324 256
323 257
369 261
326 254
325 259
327 253
369 260
324 257
325 258
326 259
327 254
326 255
370 261
327 255
325 257
326 256
369 259
370 260
327 259
369 258
371 260
327 258
370 259
326 257
327 256
328 259
371 259
370 258
329 259
328 258
327 257
371 258
372 259
329 258
328 257
333 265
335 267
372 258
334 266
329 257
332 264
334 265
330 257
332 263
333 264
335 264
373 258
375 258
336 263
335 266
336 267
374 258
341 269
337 263
335 265
373 257
375 257
336 266
337 267
330 256
333 263
336 264
373 256
334 263
337 264
374 257
331 256
337 266
333 262
340 269
336 265
341 268
341 267
332 256
339 267
374 256
337 265
340 268
333 261
334 262
338 266
339 266
374 255
340 267
333 256
332 257
334 261
338 265
341 266
407 198
334 260
375 255
403 203
407 199
340 266
339 265
333 257
408 198
375 254
407 202
408 203
340 265
333 258
404 203
402 203
335 260
407 200
376 253
408 199
377 252
379 251
376 252
375 253
407 201
406 202
336 260
408 200
401 203
378 252
405 203
340 264
377 251
409 199
342 264
334 258
408 202
407 203
407 204
409 200
406 203
342 263
401 202
341 264
339 262
408 201
379 250
336 259
378 251
405 204
375 252
335 258
341 263
339 261
406 204
407 205
410 200
399 201
336 258
401 201
409 201
374 252
340 262
405 205
378 250
337 259
400 201
415 216
399 200
374 251
339 260
341 262
404 207
406 205
337 258
378 249
402 199
338 259
410 201
373 250
340 261
374 250
400 200
415 217
340 260
337 257
341 261
338 258
364 250
377 249
414 216
404 208
410 202
363 251
402 198
373 249
378 248
406 206
339 259
405 207
401 199
377 247
340 259
412 221
338 257
364 251
363 250
410 203
415 218
400 199
377 248
361 250
406 207
410 221
367 252
374 249
405 208
341 260
377 246
375 250
413 220
339 258
414 217
401 198
366 252
407 207
339 257
376 248
413 217
410 204
365 251
375 249
411 221
406 208
362 250
367 251
340 258
413 219
412 220
341 259
377 245
400 198
401 197
414 218
361 249
410 220
362 249
411 204
401 194
340 257
411 220
407 208
413 218
341 258
411 216
400 197
376 245
366 251
375 248
411 219
375 245
362 248
412 218
410 216
408 208
375 247
401 195
411 217
341 257
340 256
411 205
400 196
411 215
400 194
366 250
398 193
362 247
374 245
408 209
366 249
374 247
410 215
411 206
400 195
407 210
411 218
341 256
365 249
409 213
410 218
341 255
411 207
362 246
399 195
373 247
409 219
397 193
410 214
363 247
374 246
407 211
408 210
364 248
398 194
409 209
408 219
409 214
365 248
411 208
364 245
373 246
397 194
372 247
364 247
362 245
408 213
398 195
406 211
341 254
409 218
409 210
396 193
334 252
408 214
406 212
398 196
407 219
410 210
340 254
372 246
411 209
364 246
409 217
408 218
363 245
365 247
397 195
396 194
407 213
341 253
395 193
333 251
407 218
407 214
363 244
340 253
406 213
411 210
335 252
397 196
408 215
334 251
408 217
365 246
395 194
360 241
333 250
339 254
371 246
413 213
359 237
363 243
406 214
408 216
396 196
412 210
361 241
335 251
360 240
394 194
337 253
358 234
370 246
334 248
395 195
407 215
366 246
334 250
407 217
339 253
359 238
412 211
334 249
364 243
365 244
395 196
359 236
407 216
406 217
360 239
406 215
361 240
370 245
366 245
394 195
335 248
337 252
413 212
414 213
363 242
338 253
336 251
358 235
362 241
359 234
338 252
359 235
406 216
361 239
360 234
360 238
364 242
365 243
336 248
394 196
366 244
362 240
370 244
391 197
369 245
335 247
335 249
413 211
360 236
414 212
368 244
337 251
415 212
362 239
392 197
367 244
364 241
335 246
391 198
417 212
360 235
369 244
336 249
394 197
338 251
405 216
336 247
366 243
361 238
414 211
403 212
338 250
416 212
337 249
372 242
339 251
402 212
403 213
415 211
393 197
404 216
362 238
363 237
363 239
369 243
361 235
366 242
367 243
336 246
365 241
392 198
417 211
338 249
339 250
417 210
403 216
372 241
363 238
402 213
393 198
363 236
367 242
366 241
364 239
371 242
362 235
337 246
416 211
369 242
415 210
393 199
339 249
395 201
370 242
403 215
338 248
364 238
337 245
394 206
402 214
365 239
363 235
415 209
401 213
371 241
402 216
367 241
416 210
364 235
401 214
370 241
416 209
394 201
367 240
368 241
366 239
402 215
415 208
339 248
394 207
395 206
395 202
340 243
393 200
365 238
371 240
338 245
368 240
394 202
339 245
367 239
395 203
341 243
365 237
415 207
340 248
371 239
392 200
416 208
366 238
395 205
401 215
370 240
340 244
395 207
393 201
364 234
368 239
370 239
394 203
365 234
392 201
395 208
416 207
341 248
340 245
365 236
395 204
341 244
367 238
417 208
419 208
400 215
399 215
341 245
368 238
340 246
366 236
342 244
416 206
419 207
393 203
392 202
369 239
394 204
341 247
366 234
396 208
418 208
342 245
392 203
397 208
417 206
418 207
396 209
369 238
399 214
366 235
393 204
419 206
368 237
341 246
344 248
367 235
343 245
369 237
396 210
397 209
343 247
342 246
418 206
398 214
417 205
368 236
368 234
392 204
397 214
392 205
397 210
368 233
368 235
416 199
369 234
343 246
345 248
344 247
417 204
418 205
369 236
368 232
417 199
420 198
345 247
370 236
418 204
392 206
397 213
416 200
344 246
397 211
369 235
396 213
369 232
392 207
418 199
370 235
345 246
417 200
371 236
420 199
418 203
419 198
397 212
392 208
370 232
394 210
419 203
396 212
390 220
418 200
391 207
345 245
419 199
371 235
418 202
395 211
395 213
390 221
395 212
393 210
389 222
346 245
390 207
419 202
419 200
394 211
418 201
391 208
390 219
371 234
392 209
370 233
393 214
391 209
389 223
392 214
389 219
419 201
420 202
388 220
390 208
371 233
392 210
394 212
389 221
346 244
372 234
393 213
387 220
391 210
392 213
389 208
420 201
390 209
388 219
372 233
346 243
388 221
388 223
393 212
389 209
421 201
386 220
390 210
345 243
387 223
387 221
387 219
373 233
392 212
346 242
390 211
389 210
391 212
345 242
386 219
374 233
387 222
421 200
422 201
344 243
389 215
374 232
422 200
337 221
386 222
390 212
389 211
388 210
385 223
386 218
344 242
385 218
389 214
344 241
388 213
388 215
387 210
384 223
422 199
423 200
385 222
389 212
379 218
374 231
375 230
338 221
337 222
424 201
335 224
340 237
337 223
373 231
339 221
374 230
336 224
423 199
387 211
380 218
385 217
379 219
388 212
383 221
375 229
388 214
383 219
384 222
340 236
425 201
381 219
341 237
424 200
424 198
344 240
383 223
387 215
335 225
382 220
371 231
382 223
383 222
382 219
372 231
381 220
387 212
341 236
387 214
384 217
destination
