map
random512-40-9.map
pivot
491 34
agent & start
373 280
332 273
375 274
317 278
331 276
330 277
320 279
331 272
321 279
374 274
320 278
331 273
317 277
373 279
373 273
318 278
321 277
319 279
330 276
372 280
330 273
322 279
329 276
372 279
372 273
320 277
373 274
321 278
371 280
318 277
319 278
372 278
326 278
319 277
320 276
322 278
329 275
372 274
318 276
371 279
330 274
370 279
328 275
326 277
323 278
319 276
328 271
371 278
329 274
325 278
371 274
327 276
327 271
327 275
328 274
324 278
370 278
325 277
319 275
328 272
323 277
326 276
371 275
370 274
324 277
370 275
319 274
369 278
370 277
326 275
327 272
327 274
326 272
327 273
326 274
324 276
312 266
370 276
369 277
320 274
312 267
324 275
313 266
321 274
369 276
368 277
326 273
313 265
368 276
324 274
367 277
322 274
364 278
325 273
313 267
312 264
314 267
365 278
322 273
366 277
324 273
367 276
313 264
321 272
312 263
364 277
312 262
323 273
314 268
321 271
367 275
365 277
314 264
364 276
320 272
315 268
315 264
320 271
366 275
321 270
323 272
365 276
313 262
323 271
322 270
320 270
315 265
316 268
365 275
313 261
316 267
317 268
314 261
320 269
365 274
315 266
323 270
315 261
317 267
323 269
320 268
365 273
316 266
364 272
364 270
364 271
320 267
317 266
316 261
366 273
365 270
365 272
323 268
317 265
365 271
367 273
323 267
320 266
366 270
316 260
318 265
323 266
366 271
320 265
317 262
317 260
317 264
367 272
317 259
318 258
319 265
318 262
317 263
318 264
320 258
323 265
367 271
320 259
319 258
319 264
318 259
323 264
368 271
318 263
319 259
369 271
368 270
319 263
323 263
319 260
369 270
322 263
320 263
370 269
370 268
369 269
319 261
321 263
321 262
369 268
destination
