map
random512-40-9.map
pivot
491 34
agent & start
375 274
331 276
320 279
331 272
332 273
373 280
317 278
330 277
372 280
331 273
321 279
330 276
373 279
374 274
318 278
319 279
320 278
373 273
321 277
317 277
330 273
372 273
321 278
319 278
322 279
318 277
372 279
329 276
371 280
373 274
320 277
371 279
330 274
320 276
319 277
372 278
326 278
318 276
329 275
322 278
372 274
327 276
326 277
328 271
328 275
325 278
371 278
371 274
329 274
323 278
319 276
370 279
325 277
324 278
370 274
328 272
319 275
328 274
371 275
370 278
323 277
327 271
326 276
327 275
327 274
324 277
326 275
319 274
327 272
370 275
369 278
370 277
326 274
370 276
324 276
312 266
327 273
326 272
320 274
369 277
369 276
313 266
321 274
324 275
368 277
326 273
312 267
313 265
364 278
367 277
313 267
324 274
325 273
312 264
322 274
368 276
314 267
312 263
367 276
313 264
322 273
365 278
366 277
364 277
321 272
324 273
314 268
314 264
365 277
364 276
312 262
323 273
321 271
367 275
320 272
366 275
365 276
313 262
323 272
315 264
315 268
320 271
321 270
313 261
315 265
316 268
323 271
322 270
320 270
365 275
314 261
317 268
320 269
365 274
315 266
323 270
316 267
365 273
317 267
316 266
364 272
315 261
364 270
323 269
320 268
317 266
366 273
316 261
320 267
365 270
365 272
323 268
364 271
323 267
366 270
316 260
365 271
367 273
317 265
320 266
318 265
317 262
320 265
367 272
323 266
317 264
317 260
366 271
318 258
323 265
319 265
318 262
317 259
318 264
320 258
367 271
317 263
323 264
368 271
318 259
319 264
318 263
319 258
320 259
368 270
319 259
323 263
319 263
369 271
319 260
320 263
370 269
322 263
369 270
321 263
369 269
370 268
319 261
321 262
369 268
320 261
369 267
321 261
370 265
369 266
321 260
322 261
322 260
370 264
369 265
323 260
324 261
369 264
325 261
323 255
369 263
324 260
324 254
323 259
323 256
324 255
325 260
369 262
324 259
326 253
325 254
326 254
324 256
327 253
325 255
325 259
369 261
323 257
324 258
324 257
369 260
370 261
326 259
327 254
325 258
326 255
325 257
327 259
326 256
369 259
370 260
327 255
371 260
327 258
369 258
327 256
370 259
328 259
326 257
371 259
327 257
329 259
328 258
370 258
328 257
372 259
371 258
329 258
329 257
332 264
333 265
372 258
334 266
335 267
334 265
330 257
333 264
332 263
375 258
336 263
336 267
335 266
373 258
335 264
375 257
336 266
373 257
336 264
337 263
333 263
341 269
335 265
330 256
374 258
337 267
374 257
340 269
334 263
336 265
331 256
337 264
341 268
337 266
373 256
333 262
339 267
334 262
341 267
338 266
332 256
337 265
333 261
374 256
340 268
338 265
340 267
374 255
341 266
407 198
333 256
334 261
339 266
332 257
375 255
340 266
333 257
407 199
334 260
339 265
403 203
408 198
408 199
340 265
376 253
335 260
402 203
333 258
375 254
377 252
404 203
407 202
407 200
408 203
401 203
406 202
379 251
407 201
378 252
408 200
405 203
342 264
376 252
334 258
375 253
336 260
408 202
340 264
377 251
409 199
407 203
406 203
409 200
342 263
375 252
407 204
341 264
379 250
405 204
378 251
408 201
336 259
335 258
401 202
339 262
337 259
406 204
374 252
336 258
339 261
401 201
378 250
341 263
340 262
407 205
410 200
399 201
405 205
409 201
410 201
373 250
339 260
341 262
399 200
337 258
404 207
406 205
378 249
415 216
400 201
374 251
340 261
402 199
338 259
400 200
364 250
415 217
377 247
401 199
363 251
374 250
338 258
340 260
404 208
406 206
339 259
341 261
414 216
378 248
337 257
373 249
402 198
377 249
410 202
405 207
375 250
415 218
338 257
377 246
374 249
377 248
339 258
364 251
341 260
406 207
363 250
400 199
413 220
367 252
401 198
410 221
405 208
412 221
414 217
340 259
410 203
361 250
367 251
376 248
362 250
414 218
407 207
410 220
377 245
339 257
413 217
413 219
366 252
400 198
410 204
411 221
365 251
375 249
361 249
406 208
341 259
412 220
340 258
401 197
400 197
411 216
362 249
375 248
411 204
366 251
407 208
411 220
401 194
341 258
376 245
340 257
413 218
411 215
411 205
410 216
401 195
340 256
411 219
362 248
366 250
400 196
408 208
411 217
341 257
375 245
400 194
375 247
412 218
374 247
374 245
411 218
398 193
407 210
411 206
410 215
408 209
341 256
362 247
366 249
400 195
365 249
374 246
341 255
410 214
411 207
399 195
408 210
362 246
373 247
398 194
364 248
407 211
397 193
409 219
409 213
363 247
410 218
409 209
398 195
409 210
362 245
397 194
411 208
341 254
409 214
372 247
408 213
408 219
396 193
406 211
365 248
409 218
364 247
364 245
373 246
341 253
410 210
408 214
409 217
334 252
363 245
407 213
364 246
407 219
395 193
396 194
406 212
333 251
365 247
372 246
340 254
397 195
398 196
408 218
411 209
339 254
407 214
407 218
397 196
363 244
395 194
408 217
371 246
335 252
406 213
333 250
408 215
360 241
340 253
365 246
334 251
411 210
359 237
407 217
358 234
396 196
335 251
366 246
395 195
412 210
334 250
334 248
363 243
394 194
360 240
337 253
408 216
406 214
407 215
361 241
339 253
413 213
370 246
406 215
395 196
366 245
412 211
406 217
362 241
358 235
337 252
370 245
363 242
361 240
359 238
414 213
364 243
359 234
338 253
359 236
413 212
394 195
336 251
335 248
334 249
365 244
360 239
407 216
336 248
394 196
337 251
391 197
360 234
360 236
365 243
370 244
413 211
414 212
406 216
361 239
366 244
368 244
338 252
369 245
335 249
359 235
335 247
362 240
364 242
360 238
403 212
361 238
336 247
338 251
369 244
414 211
415 212
391 198
367 244
335 246
392 197
362 239
366 243
364 241
417 212
360 235
405 216
336 249
394 197
404 216
339 251
392 198
363 239
338 250
367 243
336 246
372 242
365 241
393 197
415 211
369 243
361 235
366 242
402 212
403 213
363 237
362 238
417 211
337 249
416 212
371 242
363 238
369 242
338 249
393 198
403 216
416 211
339 250
363 236
417 210
366 241
337 246
415 210
367 242
402 213
362 235
372 241
364 239
370 242
415 209
363 235
367 241
393 199
337 245
402 214
371 241
395 201
403 215
416 210
365 239
338 248
402 216
394 206
339 249
364 238
401 213
364 235
371 240
367 240
368 241
366 239
394 201
340 243
393 200
395 206
394 207
401 214
402 215
415 208
395 202
370 241
339 248
338 245
365 238
416 209
394 202
416 208
393 201
339 245
415 207
371 239
364 234
340 248
395 203
370 240
395 207
366 238
365 237
367 239
401 215
368 240
392 200
340 244
341 243
395 205
395 204
368 239
365 236
370 239
400 215
394 203
417 208
367 238
416 207
395 208
341 248
365 234
392 201
341 244
419 208
340 245
369 239
341 245
342 244
418 208
366 236
368 238
394 204
416 206
340 246
393 203
396 208
366 234
392 202
341 247
419 207
399 215
393 204
392 203
419 206
366 235
368 237
397 208
396 209
399 214
418 207
417 206
342 245
341 246
369 238
343 245
342 246
398 214
344 248
397 209
369 237
367 235
368 236
396 210
392 204
418 206
368 234
417 205
343 247
418 205
416 199
369 236
392 205
368 235
343 246
369 234
344 247
368 233
397 214
345 248
397 210
417 204
392 206
397 213
370 236
418 204
344 246
345 247
369 235
416 200
368 232
417 199
397 211
420 198
369 232
420 199
397 212
418 199
392 207
417 200
419 198
371 236
345 246
396 213
370 235
418 203
394 210
395 213
345 245
418 202
395 211
371 235
390 220
419 203
396 212
418 200
370 232
392 208
391 207
419 199
346 245
418 201
419 200
395 212
390 221
393 214
371 234
393 210
419 202
389 222
391 208
390 207
390 219
370 233
392 209
394 211
372 234
420 202
391 209
390 208
419 201
388 220
392 210
393 213
394 212
389 219
371 233
392 214
389 223
346 244
389 221
388 223
346 243
388 219
390 209
393 212
389 208
391 210
387 220
372 233
392 213
420 201
388 221
387 221
345 243
390 210
421 201
392 212
373 233
386 220
387 223
389 209
346 242
387 219
421 200
345 242
390 211
422 201
386 219
344 243
391 212
387 222
389 210
374 233
344 242
337 221
389 215
389 211
422 200
390 212
374 232
386 218
386 222
388 210
385 223
388 213
375 230
389 212
388 215
385 218
337 222
340 237
422 199
374 231
344 241
338 221
389 214
385 222
387 210
379 218
384 223
423 200
424 201
335 224
388 214
425 201
373 231
383 221
337 223
341 237
336 224
335 225
385 217
344 240
383 219
371 231
379 219
340 236
383 223
388 212
424 198
387 211
382 220
424 200
381 219
387 215
339 221
375 229
374 230
423 199
384 222
380 218
374 229
387 214
384 217
382 223
383 218
372 231
382 219
341 236
371 230
426 201
382 221
383 222
342 223
379 220
344 239
386 211
337 224
384 215
427 202
425 198
429 202
373 230
336 225
381 218
381 220
424 199
340 221
387 212
342 224
425 199
341 235
382 222
427 201
386 212
428 202
429 201
374 228
383 217
426 198
381 221
385 215
338 224
340 222
337 225
382 218
373 229
344 238
372 230
342 236
384 216
386 214
380 220
342 222
380 221
374 227
342 235
342 221
338 225
382 217
340 223
373 228
385 214
344 237
383 216
386 213
426 199
428 201
339 224
372 229
341 224
381 222
372 228
339 225
428 200
385 213
340 224
375 227
427 199
342 220
344 236
343 235
342 234
382 216
380 222
370 227
371 228
341 232
428 199
382 215
345 236
381 216
340 225
379 222
343 220
343 234
375 226
384 213
371 227
340 226
428 198
343 233
370 226
353 233
339 229
353 235
342 232
375 225
383 213
345 235
341 231
378 222
344 220
344 234
380 216
381 215
340 230
352 232
342 231
380 215
371 226
377 222
375 224
339 228
428 197
380 211
343 232
352 233
382 213
353 232
353 234
341 230
345 234
344 221
352 235
381 212
340 229
341 226
376 222
379 211
344 232
343 231
429 197
352 234
371 225
381 213
344 222
380 212
379 215
340 228
375 223
353 231
342 230
345 233
350 236
341 229
341 227
378 211
379 214
349 236
345 232
350 235
430 197
346 233
375 222
371 224
380 213
354 231
343 230
341 228
351 234
374 223
345 222
349 235
374 222
344 230
379 213
343 229
373 223
345 223
344 224
346 232
378 212
354 230
345 231
350 234
430 198
378 214
371 223
342 228
343 228
346 231
349 234
378 213
372 223
345 224
430 199
344 229
373 222
347 232
355 230
344 225
432 200
344 228
369 223
372 222
345 225
349 233
357 229
368 222
431 199
373 221
356 230
347 231
345 229
346 230
377 213
344 226
349 232
432 195
356 229
345 228
345 226
372 221
348 231
432 199
373 220
376 213
368 221
369 222
368 223
374 217
346 229
433 200
357 228
434 201
346 225
372 220
349 231
433 195
367 223
373 217
435 201
361 223
374 216
432 196
346 226
346 228
375 213
434 200
433 199
369 221
432 198
347 225
348 230
356 228
374 215
433 196
347 228
369 220
361 222
434 199
434 195
435 200
360 223
372 219
374 213
348 229
366 223
433 198
349 230
360 221
357 218
373 218
355 228
346 227
347 226
358 218
359 221
360 222
369 219
374 214
359 217
358 220
349 229
361 221
347 227
362 222
435 199
370 220
357 219
372 218
433 197
354 228
373 213
366 222
434 198
373 215
435 195
366 221
357 220
362 221
435 198
360 217
435 196
353 228
434 197
371 218
359 222
373 214
436 199
349 228
370 219
348 227
358 221
359 218
362 220
349 227
366 220
371 217
372 214
370 218
350 228
436 196
360 218
436 198
356 220
358 222
361 217
435 197
353 227
356 221
351 228
350 227
352 227
357 222
436 197
437 196
362 219
269 144
349 226
365 220
370 217
361 218
371 216
371 214
355 220
365 219
270 144
355 221
356 222
368 216
366 218
370 216
269 143
371 215
350 226
362 218
364 220
351 227
437 197
271 144
438 197
364 219
370 215
369 216
355 222
363 218
365 218
270 143
351 226
367 216
366 217
368 214
364 218
439 197
272 144
354 222
365 217
369 215
271 143
440 200
274 146
272 142
366 216
351 225
272 143
370 213
364 217
276 153
353 222
367 214
440 199
273 142
274 145
369 214
276 147
365 216
440 197
441 200
275 146
351 224
348 223
275 145
349 223
366 214
274 144
342 212
277 147
352 222
273 143
277 153
440 198
276 146
279 147
370 212
364 216
276 152
348 222
441 199
369 213
350 224
274 142
342 211
364 215
343 212
277 148
441 198
344 211
342 213
276 145
352 221
350 223
370 211
442 199
274 141
279 146
348 221
274 143
369 212
278 147
345 210
277 152
365 214
348 220
278 152
364 214
442 198
277 145
350 222
351 221
277 151
343 211
343 213
275 143
443 197
346 210
365 213
342 210
369 211
277 149
275 141
279 145
344 210
278 146
366 212
276 144
352 220
443 196
350 221
346 211
369 210
348 219
363 214
277 150
365 212
351 220
278 145
357 216
345 212
342 209
368 211
276 141
276 143
278 151
278 149
343 210
442 197
344 213
366 211
349 220
367 212
381 204
343 209
349 219
345 213
276 142
346 212
368 210
350 220
280 152
364 212
365 211
278 144
442 196
279 151
277 141
278 150
381 203
358 216
443 195
367 211
357 215
362 214
380 204
364 211
279 150
343 208
344 207
281 152
278 143
349 218
350 219
280 151
361 214
345 214
362 211
346 213
380 203
358 215
442 195
367 210
278 141
277 142
362 210
282 152
428 188
350 218
429 187
367 209
379 203
280 150
381 201
360 214
359 215
343 207
278 142
279 141
344 206
361 211
347 215
358 214
364 210
442 194
346 214
380 202
329 205
363 210
327 204
328 205
351 218
428 187
442 193
359 214
281 150
350 217
379 202
360 211
362 209
380 201
348 215
281 148
343 206
282 151
337 210
366 209
429 186
279 142
429 188
381 200
329 206
347 214
351 217
328 206
430 188
281 147
338 210
280 142
342 206
326 206
282 150
337 211
359 211
365 209
437 193
359 213
348 214
363 209
441 193
428 186
326 204
327 205
380 200
378 202
282 148
366 208
336 211
328 207
427 186
363 208
379 200
281 146
281 142
348 213
436 193
341 206
328 209
377 202
436 191
284 151
339 210
349 214
325 206
359 212
365 208
438 193
440 193
283 148
351 216
431 188
358 211
326 205
283 150
378 200
366 206
328 208
449 185
281 143
281 145
435 193
351 215
365 207
436 192
377 201
426 186
448 186
285 151
363 207
431 189
436 190
339 209
341 207
283 149
283 147
437 191
439 193
349 213
340 208
325 205
284 150
358 212
450 184
335 211
340 206
329 209
324 205
367 206
286 151
365 206
286 133
447 186
363 206
281 144
353 216
282 143
362 205
329 208
449 184
339 208
377 200
340 207
426 187
334 211
282 145
350 211
284 147
431 190
284 149
450 183
364 207
435 192
357 212
437 190
283 146
434 193
448 185
330 209
352 215
350 213
439 192
355 216
438 191
356 214
351 213
283 143
368 206
283 145
433 191
363 205
432 190
446 186
447 185
287 151
286 130
286 150
285 149
332 210
376 200
330 208
450 182
362 204
324 204
423 189
352 214
321 205
320 204
449 183
331 209
434 192
354 216
285 133
353 215
351 211
287 129
350 212
364 206
286 132
357 213
377 199
282 144
339 207
333 211
285 147
439 191
355 215
438 190
425 187
423 188
447 184
434 191
446 185
450 181
422 189
445 184
368 205
354 215
433 190
287 150
449 180
287 130
351 212
322 205
288 129
376 199
439 190
288 151
338 207
324 203
355 214
376 197
333 210
283 144
363 204
285 146
448 183
352 211
320 203
424 187
285 148
364 205
330 207
332 209
375 200
284 133
287 146
356 213
286 149
321 204
369 204
352 213
286 131
439 189
444 184
333 209
287 149
449 181
353 213
375 197
445 185
338 206
447 183
320 202
368 204
323 203
445 183
287 147
321 203
422 188
322 204
331 207
352 212
369 203
446 184
448 180
289 151
287 131
324 202
286 148
355 213
374 200
433 189
284 144
286 146
434 190
364 204
288 130
354 214
288 146
284 134
423 187
376 198
355 212
421 188
290 151
289 150
320 201
447 182
446 183
298 153
448 181
422 187
288 131
444 185
447 180
365 204
299 152
288 147
332 207
333 208
323 202
439 188
285 144
353 212
367 204
374 199
368 203
354 213
434 189
322 203
287 148
337 206
375 198
286 145
375 196
284 135
373 200
437 188
285 135
297 153
298 152
299 151
333 207
337 205
443 185
438 188
420 188
446 182
322 202
354 212
374 196
288 148
366 204
437 187
421 187
440 188
321 201
290 150
373 199
292 150
319 199
374 198
372 200
365 203
332 206
447 181
288 132
286 144
434 188
367 203
446 181
284 137
354 211
373 198
319 198
288 133
290 149
441 186
287 144
434 187
372 199
435 188
366 203
322 201
365 202
320 199
297 152
291 150
293 150
368 201
292 151
285 136
298 151
371 200
373 196
442 185
289 148
420 187
336 205
440 187
323 200
438 187
421 186
335 206
333 206
288 134
354 210
290 148
420 186
438 186
435 187
365 201
370 200
440 186
291 149
297 151
369 201
286 136
287 143
366 202
371 199
441 185
321 199
323 199
367 201
284 138
372 198
320 198
373 197
285 139
334 206
285 137
296 152
418 186
293 151
322 200
335 205
445 181
444 180
285 138
365 200
441 184
369 200
287 142
440 185
290 147
444 181
372 197
367 200
288 135
442 183
435 186
443 180
419 186
322 199
355 210
291 148
354 209
370 199
418 185
296 151
368 199
439 186
366 201
294 151
443 182
320 197
286 137
334 205
286 139
321 197
366 200
322 198
440 184
442 182
355 209
296 150
288 142
434 184
286 138
439 185
destination
