map
random512-20-5.map
pivot
431 45
agent & start
38 452
42 454
59 473
82 496
22 436
45 459
50 464
55 469
3 417
24 438
79 493
85 499
73 487
53 467
81 495
5 419
65 479
9 421
20 434
26 440
60 474
21 435
29 443
1 415
94 508
48 462
67 481
18 432
74 488
31 445
90 504
58 472
8 422
44 458
42 456
37 451
72 486
86 500
28 442
70 484
78 492
10 424
56 470
93 507
89 503
91 505
61 475
57 471
76 490
80 494
0 410
30 444
36 450
90 502
23 437
91 503
39 453
51 465
9 423
54 468
52 466
0 414
27 441
13 427
40 454
6 420
4 418
96 510
17 431
95 509
16 429
95 508
1 410
76 489
58 471
50 463
91 504
0 413
10 423
17 430
7 420
96 509
70 483
29 442
12 425
55 468
51 464
48 461
8 421
4 417
23 436
56 469
25 438
18 431
75 488
20 433
37 450
5 418
9 422
57 470
destination
