map
random512-35-2.map
pivot
134 267
agent & start
497 511
496 507
497 510
496 511
495 499
496 510
495 507
496 508
497 509
496 509
486 493
496 499
495 498
495 508
495 510
487 493
486 494
493 507
495 509
497 499
494 510
494 498
494 508
494 495
488 493
494 497
498 499
494 509
495 496
499 498
497 498
493 498
487 494
493 506
493 508
493 509
494 496
488 494
490 494
492 510
493 499
499 497
494 504
492 508
493 495
487 495
493 505
496 496
489 493
497 497
498 498
498 497
490 507
490 505
493 496
497 496
491 494
494 503
491 510
492 499
488 495
492 509
493 504
493 500
489 494
493 503
489 505
492 504
491 509
489 511
492 496
491 505
498 496
492 500
490 504
490 508
497 495
489 495
490 506
488 496
491 495
489 507
500 493
489 510
511 480
491 504
489 496
490 509
488 511
497 494
498 495
491 496
510 489
492 503
509 490
489 506
492 501
490 496
503 491
489 509
492 502
511 487
487 511
491 503
488 506
509 489
500 492
498 494
508 490
510 480
499 493
511 481
510 488
509 487
510 487
503 490
509 488
500 491
502 491
487 506
511 482
488 509
487 510
511 486
491 502
490 497
498 493
509 480
508 489
502 490
510 486
490 498
490 502
486 510
500 490
487 505
508 488
486 506
499 487
489 503
487 509
498 492
510 482
511 485
501 491
509 481
489 502
488 503
508 481
486 505
486 509
501 490
510 483
489 498
507 488
499 488
487 504
485 506
485 510
509 482
488 499
510 485
498 487
498 491
511 484
497 487
487 499
487 503
499 489
485 507
498 488
484 510
486 508
486 504
510 484
507 487
500 488
509 485
498 490
501 489
489 501
508 482
485 509
488 498
486 503
506 487
487 498
497 488
508 483
509 484
501 488
487 500
498 489
485 508
488 501
480 491
486 499
487 502
474 493
484 507
483 506
483 504
484 509
479 490
507 486
485 504
506 486
486 500
486 502
483 503
487 497
502 488
482 506
486 496
483 493
486 498
487 501
484 508
483 507
508 484
497 489
475 493
483 509
481 491
479 489
474 494
480 490
477 491
484 504
480 489
507 484
483 508
503 488
484 503
475 494
506 485
481 490
483 494
482 509
496 489
483 492
486 497
486 501
478 491
477 492
485 502
495 488
476 493
482 489
481 492
482 505
482 491
485 496
477 493
485 497
481 505
506 484
483 491
511 469
483 489
481 493
485 501
505 485
475 495
510 478
483 495
502 486
495 489
481 489
504 486
478 492
494 488
484 502
482 508
503 487
484 496
476 494
481 504
477 494
502 485
494 489
483 490
481 494
511 468
479 492
480 493
484 491
506 483
483 496
503 486
484 497
481 508
510 473
476 495
484 501
482 495
510 477
495 492
481 488
505 484
511 470
504 485
509 478
484 490
494 492
481 495
479 493
480 510
509 477
480 494
480 504
481 487
481 503
508 478
495 491
502 484
484 498
483 499
494 490
477 495
510 476
479 511
503 485
483 501
511 471
510 468
482 496
510 472
480 508
510 474
483 497
505 483
510 467
510 475
479 494
482 487
486 489
509 472
509 474
507 480
479 510
480 509
503 484
509 468
506 477
505 482
493 490
482 499
482 497
483 500
483 498
482 501
480 503
504 483
481 502
507 478
509 476
502 483
494 491
510 471
508 479
478 495
508 473
480 495
478 511
485 490
482 498
508 472
479 509
509 475
477 511
480 496
508 474
507 469
486 488
480 502
481 497
510 466
504 482
507 477
493 491
503 483
509 471
509 467
507 479
511 11
485 489
506 480
483 487
506 478
479 503
479 495
478 496
482 500
481 498
508 471
511 12
507 476
479 502
477 510
504 481
510 465
487 488
492 491
507 472
478 503
509 466
506 479
484 487
511 464
505 480
508 475
486 487
506 469
503 482
481 500
485 488
507 470
479 496
478 509
510 11
477 509
511 463
480 500
508 12
491 491
505 479
511 13
510 464
511 17
510 12
484 486
487 487
485 487
504 480
476 510
508 466
507 471
478 502
503 481
507 475
509 465
479 501
506 474
480 498
505 469
479 497
511 18
510 463
505 474
501 482
479 498
505 472
508 13
475 510
491 490
509 12
510 17
502 481
479 500
511 20
511 16
508 11
509 464
506 9
510 13
478 501
506 471
477 508
480 499
506 475
487 486
476 509
508 465
485 486
505 470
503 480
492 489
504 479
505 23
483 483
508 460
510 16
511 19
505 475
504 476
505 7
478 500
504 474
505 471
502 480
511 21
508 464
479 499
485 485
477 505
509 13
510 20
491 489
509 463
506 8
510 14
500 482
483 481
477 507
507 11
484 484
505 9
477 501
503 479
492 488
488 486
475 509
504 472
484 480
501 481
475 511
502 479
503 478
510 19
492 487
504 475
511 22
485 484
508 463
505 8
474 511
509 16
503 476
476 505
510 21
506 11
477 500
489 486
484 481
485 480
503 470
478 499
503 472
477 506
509 462
509 14
506 23
505 10
491 488
486 485
504 9
498 483
484 483
504 471
499 482
504 7
501 480
507 460
505 22
507 22
475 508
483 482
508 461
475 507
510 22
503 475
498 482
509 19
511 23
509 15
485 481
490 486
497 483
500 480
508 22
502 478
502 472
502 470
477 499
506 22
507 461
484 482
499 481
491 487
473 511
504 8
508 16
505 11
508 462
503 471
505 21
485 483
486 484
506 12
492 486
507 459
476 506
503 473
501 479
508 20
508 15
502 7
506 459
503 8
499 480
505 460
506 21
507 462
487 484
500 479
501 478
508 19
507 20
509 22
501 470
510 23
475 506
476 499
505 12
497 482
510 45
504 11
485 482
502 475
507 16
502 471
501 472
472 511
491 486
502 473
507 19
499 479
511 45
505 459
474 506
474 498
507 15
471 511
506 458
506 20
501 7
491 485
500 478
509 23
509 45
506 462
487 483
505 13
486 482
504 12
501 473
475 499
502 474
502 8
496 482
501 471
498 480
505 461
491 484
505 462
504 463
500 475
509 24
473 498
474 505
506 15
505 458
502 9
499 478
500 477
500 471
475 500
501 474
506 19
500 7
504 13
470 511
507 18
500 473
474 499
495 482
498 479
487 482
511 46
471 510
509 46
500 8
495 481
504 458
493 483
472 498
505 15
509 25
509 47
501 9
499 475
499 477
511 47
502 10
499 471
503 13
474 504
503 463
473 505
498 478
470 510
487 3
504 462
469 511
491 483
474 500
504 14
500 474
487 481
506 18
501 12
498 475
508 25
471 498
504 15
510 47
486 3
503 458
503 20
502 11
468 511
472 499
474 501
492 483
493 482
465 510
488 481
499 474
511 48
503 462
503 14
500 9
504 19
494 481
505 18
501 10
498 473
470 509
499 472
487 4
470 497
498 477
473 504
474 503
498 474
497 477
499 13
492 482
501 11
471 499
502 458
497 473
503 461
499 9
469 509
485 3
504 18
500 10
503 21
471 497
493 481
473 501
472 500
467 511
473 503
489 481
510 48
496 472
503 19
466 510
509 447
503 15
500 12
474 502
488 480
470 496
470 498
465 509
486 4
498 472
511 49
508 26
498 9
508 27
497 474
503 16
471 496
507 26
503 18
473 502
468 509
502 459
499 10
467 510
500 11
508 447
503 460
502 461
511 50
470 499
496 477
484 3
486 5
500 13
472 501
489 480
466 509
509 448
510 49
496 7
471 500
509 446
502 15
492 481
497 472
496 473
502 21
499 14
504 25
503 17
502 460
485 5
507 27
491 481
472 502
501 459
470 500
505 25
490 480
496 474
471 501
507 447
510 50
494 6
499 11
483 3
471 495
509 51
506 26
496 476
501 21
503 43
511 51
501 15
495 7
484 4
504 26
467 509
466 508
508 446
483 1
502 18
502 44
509 49
500 14
498 10
508 448
497 471
502 16
496 8
503 44
482 3
506 447
505 26
485 6
495 476
507 446
507 448
490 479
482 1
470 501
497 470
502 43
471 502
498 11
502 17
501 18
483 2
469 506
494 7
497 10
489 468
496 9
508 51
496 475
506 45
471 494
501 22
504 27
491 480
467 508
495 474
509 50
511 52
500 15
509 52
484 5
493 6
466 507
501 460
506 27
507 47
467 507
504 28
506 28
501 17
506 46
498 468
511 53
491 479
506 448
470 502
505 45
505 447
490 468
508 50
510 52
505 27
497 469
472 494
481 1
502 42
503 45
492 6
491 469
500 22
494 8
496 10
495 475
468 506
494 474
482 2
494 476
506 446
469 505
500 16
466 506
500 460
489 469
507 445
484 6
485 7
497 11
481 2
490 469
496 469
472 491
505 46
504 41
506 47
507 444
491 470
500 461
507 50
468 505
499 16
505 448
500 17
504 45
499 22
491 478
504 29
496 11
510 53
499 20
492 473
484 9
468 501
494 475
496 467
504 447
469 502
498 467
470 489
467 506
483 8
493 8
505 446
505 28
502 41
480 13
469 504
493 478
493 474
494 9
472 493
499 460
495 10
491 6
497 468
503 46
511 54
484 7
489 6
507 48
471 490
506 29
491 7
472 492
504 40
507 443
498 466
467 501
467 505
490 6
505 445
505 47
496 468
483 9
491 471
490 470
469 503
498 16
493 9
482 10
481 11
499 17
503 41
493 475
505 29
493 477
500 464
504 448
492 478
508 56
471 491
492 474
495 11
485 9
469 489
491 473
506 48
480 12
499 21
498 20
495 469
470 490
489 7
497 19
499 461
486 8
483 7
468 502
496 466
497 15
496 12
504 46
480 2
503 447
506 50
481 13
470 488
510 54
482 9
495 468
503 448
502 445
468 503
509 54
498 17
503 446
481 4
478 3
498 465
479 2
497 16
482 11
492 475
470 491
498 21
469 488
470 493
508 53
507 56
499 24
498 461
500 463
506 443
506 51
479 12
482 7
496 19
470 485
487 8
504 47
494 11
490 7
499 464
491 472
481 10
497 466
470 487
471 492
490 471
467 504
497 14
481 8
481 12
508 55
497 20
492 9
503 40
497 18
506 49
486 9
505 30
492 477
495 12
467 502
502 447
504 445
496 465
499 25
496 14
504 38
490 472
481 7
503 449
481 9
497 17
482 12
466 504
493 11
504 444
496 16
498 464
499 463
505 51
494 12
503 445
505 31
502 448
469 487
469 485
490 8
489 471
503 39
492 476
502 444
470 492
469 493
487 9
470 486
497 465
498 462
505 49
480 4
492 10
508 54
494 468
491 475
504 454
504 48
507 53
498 24
507 55
507 441
467 503
496 18
496 20
505 443
478 4
506 52
481 5
497 21
479 11
479 3
480 8
507 54
494 13
479 4
506 441
469 486
467 494
505 32
498 463
504 37
503 454
498 25
480 9
494 467
497 22
488 9
493 12
505 52
492 11
497 24
469 484
490 9
495 14
496 17
465 504
502 39
503 38
469 492
496 21
489 472
505 56
481 6
503 444
468 485
491 10
502 449
479 10
466 503
503 450
497 464
491 476
504 453
497 462
507 440
504 49
504 443
483 12
506 55
504 31
504 50
505 55
505 33
491 11
502 38
504 442
488 472
479 9
465 503
478 10
500 28
492 12
504 36
495 25
501 449
504 56
494 466
468 486
496 22
504 32
500 448
490 476
503 453
502 450
505 441
489 473
501 29
503 451
503 443
496 24
467 495
494 14
495 17
506 54
468 484
489 9
503 31
488 478
506 440
505 53
468 492
504 452
484 12
497 25
501 39
479 5
467 493
497 463
480 6
501 450
506 439
503 442
467 486
503 56
478 9
496 25
485 12
502 451
495 22
468 495
503 32
489 10
467 484
493 20
484 13
487 478
491 12
465 502
499 28
494 17
479 6
504 55
503 36
489 476
504 33
504 35
496 463
501 30
495 464
489 474
500 449
488 477
494 21
494 465
503 50
504 441
493 466
493 14
501 38
467 492
494 25
499 448
490 11
487 472
503 452
500 29
493 18
495 26
505 54
487 477
503 55
501 453
498 28
493 25
495 463
499 455
498 456
502 56
502 50
485 13
504 54
493 465
500 450
478 8
464 502
496 26
502 36
501 37
492 20
501 451
498 448
486 472
503 33
504 34
504 440
500 30
468 498
493 15
486 478
488 474
493 21
502 32
468 496
492 18
502 452
486 12
494 464
465 501
467 491
501 31
479 7
493 17
494 24
494 22
490 12
493 19
489 11
497 27
467 487
466 492
488 476
466 484
503 441
506 438
466 499
467 498
502 51
497 456
467 490
467 488
463 502
494 23
493 464
488 475
477 6
503 34
487 476
478 7
466 485
485 472
503 440
499 450
502 55
468 497
500 453
501 452
486 13
496 27
493 24
499 30
486 477
491 20
498 449
496 51
476 5
503 54
484 471
502 35
485 478
492 15
493 16
465 492
494 463
492 25
501 32
477 8
498 455
500 37
487 12
465 500
489 12
497 28
493 22
492 19
487 474
506 437
499 454
500 452
463 501
493 23
467 489
465 485
498 30
488 12
498 450
497 51
464 500
492 16
502 440
465 493
486 476
496 28
496 456
485 471
495 461
503 439
487 13
496 52
477 7
466 498
485 477
502 52
494 462
487 475
509 435
465 499
506 436
466 490
502 54
507 437
491 19
505 437
475 5
467 497
497 455
502 34
492 24
501 51
489 13
500 36
465 491
495 29
484 470
476 6
491 21
501 33
490 20
508 436
499 451
499 453
493 463
485 470
476 7
495 460
484 469
502 439
493 32
509 434
491 16
466 489
492 33
465 490
496 455
508 435
501 52
466 497
500 35
497 30
507 436
498 451
485 476
464 493
496 53
496 29
490 19
488 13
503 438
501 34
463 500
490 21
484 477
498 51
495 30
464 499
493 462
494 461
475 6
486 475
492 23
491 24
456 489
489 14
499 452
494 61
465 496
502 53
465 486
505 436
494 459
491 23
494 460
465 489
485 475
489 15
497 451
483 477
490 24
456 490
502 438
490 18
501 53
492 34
486 470
494 32
464 490
492 462
496 454
498 452
500 34
492 456
496 54
493 33
489 19
493 457
490 22
463 491
505 435
464 496
507 435
464 486
494 458
493 61
463 493
462 492
474 6
498 52
500 52
493 461
493 459
490 16
496 30
497 31
509 433
508 434
485 469
488 14
457 489
461 491
463 499
497 453
465 497
494 60
475 7
465 487
491 456
461 500
490 23
498 53
488 15
465 488
484 475
493 60
472 7
507 434
494 59
492 455
496 31
489 16
474 7
508 433
493 34
494 455
492 461
459 490
462 491
462 493
485 468
460 491
496 453
486 469
509 432
500 53
493 458
501 438
457 490
483 476
464 487
504 435
497 452
461 492
493 460
463 490
499 52
482 477
502 437
496 55
486 15
493 456
463 498
495 32
489 18
460 501
497 32
462 499
458 489
464 497
499 34
506 434
461 493
491 455
462 490
494 454
490 456
463 487
505 433
489 17
473 7
495 59
458 490
495 57
469 11
491 457
499 53
459 501
502 436
508 432
461 499
492 458
460 492
483 475
459 491
498 34
460 500
472 8
482 476
471 7
464 488
493 59
494 34
492 454
486 16
496 32
496 452
463 497
497 33
495 33
486 468
462 494
501 437
491 461
497 55
489 23
504 434
457 491
462 498
487 15
493 455
492 460
462 497
496 33
482 475
489 456
499 54
490 457
495 452
471 8
462 489
486 17
457 492
461 494
497 56
506 433
491 454
491 460
461 498
494 57
488 23
470 11
491 458
497 34
502 435
460 499
487 16
496 57
460 493
508 431
493 58
469 10
498 35
493 454
492 59
459 500
486 467
483 474
472 9
504 433
470 9
488 17
496 59
481 476
473 8
495 34
463 488
468 11
495 56
458 491
500 437
494 453
499 436
471 15
496 58
497 35
500 436
481 475
487 17
460 498
488 24
469 7
491 453
493 453
491 459
499 55
461 497
497 59
504 432
486 466
482 474
507 431
490 458
458 492
462 488
473 483
496 60
470 8
506 432
498 56
493 57
492 58
456 492
470 12
467 11
469 9
499 435
468 10
459 493
496 34
473 9
501 435
459 499
495 451
494 56
460 494
489 457
489 57
459 498
499 56
491 452
495 450
487 18
498 57
492 57
467 10
490 57
494 451
501 434
473 482
493 56
472 483
481 474
471 12
497 58
460 497
496 35
489 458
458 493
486 465
500 435
469 8
496 61
487 456
461 488
468 7
504 431
471 14
488 457
459 494
493 452
487 24
506 431
494 55
474 483
498 59
472 15
470 13
456 493
507 430
489 56
490 459
473 10
469 1
474 482
473 15
466 10
499 57
474 10
500 434
504 430
471 483
491 451
487 19
464 12
489 459
505 431
498 60
480 474
499 433
487 457
495 449
497 61
486 464
473 481
460 488
496 36
492 56
468 8
478 474
490 56
492 452
472 482
486 456
507 429
471 13
498 58
472 12
506 430
491 57
501 433
493 55
494 450
493 451
500 56
503 431
503 429
456 494
458 494
486 24
472 14
459 497
491 56
486 19
471 482
460 487
492 55
496 37
498 61
487 458
500 433
474 481
484 455
508 429
485 26
478 475
486 463
506 429
464 11
488 459
467 0
494 449
485 456
472 13
500 57
491 450
459 496
457 494
503 428
474 11
492 451
505 430
499 58
486 457
468 1
503 430
463 12
485 20
465 10
477 474
469 2
499 432
480 473
467 8
486 25
493 450
473 14
485 457
473 13
477 475
502 430
485 25
457 497
502 426
505 429
500 432
484 20
509 429
460 486
463 11
457 495
467 1
484 26
485 19
504 428
475 11
500 58
466 0
464 10
466 8
492 450
496 38
474 480
491 55
503 427
468 2
486 462
487 459
501 431
469 3
499 61
479 473
472 480
470 482
485 455
474 12
495 37
471 479
486 458
458 496
484 454
494 448
465 9
475 478
500 61
485 454
470 479
497 38
485 22
486 459
486 461
493 448
485 458
469 4
461 486
476 477
484 19
474 479
502 425
465 8
479 472
483 456
484 21
504 427
468 5
476 475
490 53
470 481
479 470
471 480
503 426
466 1
505 428
492 449
474 13
468 3
456 497
501 430
457 496
509 428
464 9
472 479
484 25
475 12
477 476
463 10
491 54
501 58
487 460
494 37
484 17
494 447
500 431
465 1
494 38
461 485
465 7
484 458
502 58
486 454
509 427
467 3
475 13
483 17
483 457
473 479
470 480
464 484
481 455
491 53
462 486
500 430
505 427
466 2
464 482
490 52
478 472
486 460
485 23
496 444
469 479
474 478
497 39
484 24
478 470
494 446
479 471
475 477
464 8
468 4
462 10
469 481
501 61
456 496
484 18
492 448
481 15
495 39
470 478
467 5
482 456
493 447
482 16
484 22
503 425
485 459
476 476
500 62
482 457
474 477
503 58
486 451
475 14
466 3
476 13
475 476
484 55
492 447
508 427
464 7
495 40
492 53
482 17
495 444
463 482
494 39
463 484
481 16
483 18
485 460
496 443
481 456
477 470
462 485
455 496
464 1
463 0
480 15
464 483
462 9
486 453
473 478
478 471
491 52
469 480
497 40
470 477
501 62
465 2
484 23
506 427
484 459
467 4
494 445
504 425
466 5
499 430
472 477
482 455
505 425
495 441
484 54
477 25
462 8
496 40
462 0
491 445
491 35
477 471
465 3
490 448
499 429
494 444
499 45
507 427
504 58
478 14
476 26
492 52
483 55
483 23
454 496
499 43
476 14
465 5
489 31
468 480
504 424
463 483
463 1
483 459
493 445
494 40
492 446
473 477
496 438
471 477
501 63
496 442
461 9
486 56
497 41
482 18
480 16
503 59
495 41
486 452
478 24
462 484
464 2
482 454
485 451
474 476
470 476
481 457
464 6
484 460
466 4
453 494
486 57
495 438
461 8
476 15
507 426
482 453
482 19
478 15
463 6
467 480
499 46
499 44
488 59
479 24
465 4
489 448
489 60
506 425
490 445
485 54
476 471
480 17
461 0
491 444
485 56
495 440
479 16
505 424
493 52
462 1
498 429
496 439
464 5
496 41
483 460
478 25
490 447
482 459
502 63
504 59
491 446
477 14
490 35
464 3
471 476
488 31
503 60
498 43
453 496
492 445
481 458
483 56
491 36
489 32
496 435
485 452
473 476
493 444
493 40
495 442
497 428
477 26
486 55
482 23
462 483
476 27
492 444
495 439
498 44
452 496
486 58
487 29
491 443
463 3
479 25
461 7
496 42
494 442
489 33
490 446
486 54
480 18
483 461
489 447
486 28
493 51
477 15
481 19
505 59
493 41
497 429
489 445
460 0
479 17
481 459
487 31
503 63
478 26
477 27
507 425
476 472
493 443
487 59
496 428
484 452
490 36
494 440
506 424
482 460
488 60
483 57
461 1
506 58
488 30
467 473
464 472
483 453
475 473
480 56
453 495
467 479
493 437
485 57
464 4
511 59
496 434
498 46
489 61
461 483
482 56
494 434
487 55
474 474
489 35
481 23
504 60
471 475
466 480
463 5
473 475
452 494
478 16
495 435
480 25
507 424
487 30
482 461
495 434
461 2
464 473
465 472
488 55
480 57
479 26
481 56
504 61
479 18
496 433
461 6
511 60
497 44
493 438
485 58
471 474
484 57
467 472
496 43
486 31
467 474
493 50
463 4
474 473
493 42
494 439
481 22
503 62
459 0
492 437
487 54
466 479
493 442
485 28
488 33
483 58
472 475
507 58
486 29
492 443
496 429
468 473
488 35
488 61
494 435
475 472
487 62
451 494
487 60
466 473
497 430
490 37
493 434
497 46
489 446
473 474
482 57
451 496
480 19
506 59
487 32
478 17
461 482
477 16
480 23
478 27
494 433
483 452
481 460
488 447
483 462
452 495
510 59
460 7
459 1
472 474
460 2
467 475
484 28
466 474
494 42
492 440
462 4
478 28
492 436
488 54
477 17
465 479
465 13
485 59
487 61
493 435
508 58
493 49
492 442
465 473
495 429
479 19
473 473
470 474
493 441
491 437
495 43
481 461
488 446
509 59
480 22
483 451
461 5
497 431
487 33
481 57
481 25
485 449
480 20
481 21
505 61
458 0
486 30
493 439
483 59
492 50
496 432
484 58
504 62
493 43
496 44
468 472
474 472
461 481
486 60
496 430
482 462
495 433
469 473
508 424
451 495
488 36
482 58
489 37
461 3
506 60
511 61
497 45
492 438
480 26
486 62
460 6
459 7
478 18
487 35
486 33
510 423
470 473
483 450
494 43
485 448
479 20
492 49
492 435
483 28
480 21
492 441
482 59
478 19
473 472
460 5
495 432
472 473
479 28
485 30
466 13
484 59
465 474
464 479
481 26
495 44
478 61
495 430
484 29
505 62
481 58
492 439
488 53
477 18
461 4
480 27
459 6
487 446
459 2
510 61
474 471
465 14
496 45
481 462
486 35
479 22
508 59
485 62
450 495
506 61
457 0
484 449
485 60
508 423
487 36
496 431
462 481
466 475
469 472
495 46
494 429
491 436
487 34
486 61
488 37
490 436
479 21
478 62
477 19
449 495
509 423
462 480
494 430
506 62
505 63
480 462
460 4
480 28
482 28
484 60
479 461
488 52
490 438
472 472
510 422
485 447
474 470
486 36
482 450
484 62
487 37
489 437
473 453
494 44
458 2
478 20
470 472
495 431
479 61
508 60
466 14
459 3
491 435
484 448
467 13
484 30
491 49
511 409
495 45
492 48
485 61
465 475
491 441
466 476
485 35
494 46
469 15
489 51
488 38
473 471
459 5
481 27
491 439
457 1
486 34
510 62
487 445
481 59
463 479
484 31
507 62
487 444
444 511
485 446
489 50
478 463
491 48
506 63
473 470
494 431
491 434
457 2
485 34
494 45
478 21
482 29
474 453
466 15
468 15
475 450
483 448
473 452
470 471
509 62
463 478
472 471
481 450
490 435
469 16
488 437
511 410
511 408
480 451
462 479
479 462
477 20
478 461
459 4
449 496
511 420
488 421
488 51
484 61
471 472
464 477
508 61
490 439
490 441
467 14
481 60
478 63
483 30
479 62
480 61
487 38
481 28
486 37
488 39
509 422
465 476
489 438
482 449
490 49
492 430
480 450
475 453
448 496
478 462
487 39
486 38
481 29
488 422
490 440
482 448
468 16
492 44
478 460
483 35
511 419
511 411
488 438
490 48
485 445
471 471
447 493
482 30
488 50
489 439
511 407
480 62
479 451
472 470
474 452
469 17
457 3
493 45
464 476
445 493
486 444
490 434
489 441
478 68
508 62
484 32
449 497
478 450
463 477
458 4
444 510
488 436
479 69
483 447
484 36
481 449
477 21
487 421
493 431
510 420
449 491
474 450
487 437
481 61
483 61
484 34
446 492
467 15
491 433
483 31
477 463
492 46
443 511
507 63
462 478
476 450
491 47
475 451
509 421
479 63
479 68
486 443
482 447
488 423
477 448
483 32
510 419
481 62
477 462
484 37
482 61
480 449
468 17
469 18
443 510
472 467
463 476
486 421
508 63
479 452
445 494
489 48
477 460
488 425
447 494
443 490
488 49
481 36
447 492
448 497
488 439
480 69
482 31
509 420
478 459
487 40
480 63
489 440
491 44
491 432
479 450
471 470
485 38
492 431
484 33
483 36
467 16
485 444
507 420
486 435
477 458
511 418
481 30
477 450
474 449
483 34
511 406
475 452
507 64
472 469
478 67
511 412
446 493
489 434
508 421
477 22
442 511
478 451
491 430
476 449
448 491
485 434
487 436
490 433
473 448
456 3
480 37
449 490
491 46
506 419
457 4
486 39
462 477
492 45
486 422
487 423
476 452
487 439
485 435
476 460
485 443
444 490
480 64
506 418
447 497
484 434
508 420
478 458
483 445
481 37
479 67
455 3
474 448
489 47
507 419
491 431
489 423
481 69
469 19
443 489
462 16
508 64
488 428
468 18
478 452
485 39
471 469
457 5
441 511
511 417
473 447
447 495
462 476
448 490
481 31
482 62
490 430
473 465
486 442
446 494
477 459
491 45
463 475
485 421
472 468
510 418
488 426
477 447
476 448
456 4
477 451
511 405
482 446
446 490
476 462
480 36
476 22
511 413
479 449
489 433
447 491
487 435
503 423
488 48
484 38
483 33
486 40
442 510
479 453
488 440
467 17
483 37
472 466
487 425
478 448
487 440
487 434
475 462
471 468
466 17
476 447
444 489
510 417
446 489
476 461
462 17
509 64
485 422
511 414
473 464
509 418
482 33
511 404
477 452
507 412
489 432
476 459
455 4
482 63
470 469
510 413
462 15
480 67
482 445
510 415
456 7
441 510
447 490
473 446
481 68
448 489
483 38
462 475
511 416
478 457
440 511
485 442
472 465
502 423
480 35
480 447
469 470
485 40
487 424
476 23
503 422
454 3
461 476
468 19
490 423
474 463
487 428
478 453
475 448
445 490
463 474
461 18
479 36
456 5
489 46
481 32
475 22
486 439
484 443
481 64
483 444
488 427
488 47
467 18
507 418
509 412
447 498
482 69
508 419
446 495
490 431
479 448
490 45
484 435
482 37
487 43
465 17
480 66
503 421
489 45
455 7
489 431
486 440
461 15
485 41
479 35
439 511
481 39
475 459
498 422
474 462
462 18
508 418
461 17
482 38
475 23
487 427
458 10
507 413
488 44
488 46
456 6
470 468
469 469
446 498
497 423
509 417
447 489
508 412
480 446
472 464
483 423
483 435
445 489
461 475
481 65
510 414
446 496
475 461
477 453
484 442
509 65
475 447
463 17
510 416
455 9
481 445
462 474
484 422
453 3
511 403
482 64
483 63
486 424
485 441
479 447
501 423
456 8
502 422
486 42
478 456
485 423
481 33
468 470
488 432
483 443
484 40
466 18
467 19
440 510
482 68
450 486
509 411
480 40
473 445
454 4
485 439
491 423
473 463
487 433
481 40
487 44
454 5
477 454
449 486
456 9
468 469
455 6
466 23
470 465
480 41
460 17
487 432
468 21
445 488
482 67
508 417
467 20
478 455
480 33
496 423
474 461
487 46
464 17
480 443
473 444
482 39
450 485
447 488
501 422
509 414
498 421
483 68
454 9
483 64
482 443
491 424
510 65
469 468
474 445
479 446
485 440
481 444
440 509
475 446
463 18
511 66
445 498
457 10
466 19
483 436
502 421
486 427
445 496
459 18
458 23
461 474
479 34
488 431
482 65
474 459
486 43
467 22
460 15
510 403
484 441
485 42
488 45
481 66
484 41
484 423
460 457
483 442
509 416
461 454
475 24
485 424
439 510
508 413
472 463
509 410
458 11
497 420
458 19
482 423
453 4
497 422
486 433
469 467
457 23
474 444
482 436
461 455
468 22
477 455
508 414
437 503
469 465
482 442
450 484
467 23
458 12
460 456
444 496
484 68
468 468
437 509
440 508
444 498
467 21
474 460
445 497
460 458
454 6
500 422
473 461
472 462
480 42
497 421
486 432
486 46
459 17
458 18
478 30
466 20
463 19
510 402
501 421
482 40
482 66
443 499
483 67
475 445
487 45
473 23
487 431
470 464
445 487
479 31
480 444
460 16
466 470
458 22
508 410
484 424
485 425
436 504
467 469
458 20
438 510
510 66
465 19
437 511
464 18
454 10
481 41
484 42
481 443
460 474
479 445
486 426
474 24
485 43
508 416
447 487
499 421
496 422
456 10
492 424
482 424
462 454
511 67
494 424
479 33
484 440
438 502
449 485
453 5
510 400
439 509
437 499
483 65
438 500
498 420
466 22
441 482
484 43
485 426
448 485
508 415
460 473
436 503
509 400
510 401
456 11
457 22
445 486
483 66
483 438
459 22
485 68
481 442
440 481
478 31
476 445
474 443
457 20
447 486
459 16
477 30
442 483
479 32
470 463
466 469
462 457
484 425
482 437
464 19
465 470
436 511
437 498
484 69
485 46
481 42
480 43
454 475
438 503
479 444
461 456
472 461
500 421
473 460
482 41
443 498
467 468
461 458
494 423
468 467
438 501
437 502
473 24
437 500
482 425
496 421
476 455
511 68
478 33
449 484
465 20
482 441
456 23
476 457
468 23
444 487
495 422
443 496
458 13
453 10
486 45
469 462
442 499
453 6
437 510
439 508
444 497
469 466
438 509
498 419
471 462
466 21
493 424
458 17
437 504
485 44
483 42
472 23
483 440
486 431
463 454
510 67
507 410
482 42
460 472
481 437
443 483
482 438
500 420
478 32
468 466
483 425
511 69
442 498
476 444
452 6
471 23
440 480
499 419
453 475
442 482
476 456
467 467
438 504
483 43
477 31
447 485
458 14
440 482
465 469
485 67
448 484
469 23
475 455
484 426
485 69
510 68
443 497
456 12
472 24
457 21
444 486
438 508
436 502
444 482
485 45
475 443
438 498
462 458
469 461
498 418
483 439
464 20
436 510
464 454
459 21
486 430
478 444
468 24
470 462
475 457
481 43
465 21
436 500
435 511
462 456
454 476
453 7
481 441
506 410
452 10
463 21
509 401
446 486
451 5
441 479
484 66
507 415
455 23
472 460
495 421
493 423
482 440
474 442
445 485
458 16
508 400
452 478
437 501
466 467
435 502
436 501
474 441
477 444
475 456
456 21
438 507
485 428
471 460
463 458
452 479
477 32
464 21
462 471
481 438
461 472
464 455
484 427
480 441
460 21
494 421
465 468
444 483
464 459
463 22
505 410
483 426
450 5
450 481
493 422
508 401
460 471
485 70
447 484
451 6
483 44
506 415
446 485
452 475
452 9
482 43
485 430
474 457
443 482
485 66
457 14
475 442
469 24
453 476
456 13
444 485
439 482
495 420
482 439
476 33
467 466
435 510
472 25
486 71
439 498
500 419
495 418
451 478
441 480
445 484
453 8
455 22
450 11
458 15
510 69
452 477
457 16
462 21
434 511
511 70
463 456
438 505
474 455
497 418
442 497
471 24
470 461
509 68
507 400
442 479
484 45
464 469
465 455
449 481
487 71
488 72
475 33
452 8
451 7
482 44
451 9
445 483
484 428
493 421
461 21
450 10
443 481
450 478
450 480
496 418
434 510
474 456
476 442
465 467
464 456
471 25
440 498
446 484
443 485
457 15
454 22
464 22
510 70
470 460
449 11
473 457
506 414
462 470
479 441
443 479
456 14
449 5
436 508
435 509
495 417
464 458
480 440
475 441
442 480
451 479
435 501
485 429
472 26
508 402
489 73
461 471
505 411
462 22
441 497
507 401
505 401
439 483
463 23
467 465
486 70
481 439
464 468
476 32
477 443
483 45
466 466
437 507
486 66
503 417
501 419
434 502
438 506
470 24
450 6
508 68
455 21
495 419
483 427
452 476
465 459
494 420
494 419
434 503
501 418
465 460
480 439
484 47
475 32
444 5
436 507
446 483
450 479
464 457
448 5
470 25
487 66
449 476
434 501
476 441
455 20
502 417
504 401
478 441
471 26
508 403
479 440
450 477
464 467
435 508
447 482
503 416
484 429
467 460
488 71
449 10
506 401
454 21
461 470
496 417
487 70
483 46
456 19
465 456
450 7
477 442
440 497
473 456
451 476
505 400
439 484
488 65
471 458
490 73
466 465
505 414
443 480
483 428
504 411
489 72
470 459
472 457
465 24
465 458
464 23
508 69
462 23
507 404
461 22
450 9
510 71
482 45
451 8
465 466
441 496
487 68
449 480
455 14
493 420
449 478
505 412
442 487
495 416
437 506
466 459
442 485
507 402
456 15
433 510
434 508
467 459
462 24
434 500
440 496
507 405
433 499
466 460
461 23
506 402
470 26
446 482
489 71
496 416
484 48
433 509
474 32
454 20
490 72
465 25
500 396
456 18
472 456
442 486
471 29
479 439
435 505
488 68
477 441
445 481
455 19
510 72
448 480
449 9
458 470
460 24
441 487
449 7
449 475
501 417
502 416
444 6
464 466
493 419
484 52
461 467
483 429
445 5
448 6
464 24
509 71
503 415
487 69
444 480
466 458
455 15
504 400
500 416
436 506
463 467
507 403
504 414
433 503
450 476
449 479
441 495
504 412
488 66
471 457
470 458
481 45
447 481
489 65
465 457
467 461
508 70
483 47
440 484
435 507
465 465
505 413
478 440
461 469
450 8
435 506
468 459
490 65
459 470
460 25
500 395
441 486
440 485
506 403
506 405
469 458
439 496
454 19
440 495
433 508
483 48
496 415
489 66
463 466
483 52
464 465
446 5
440 493
504 413
449 8
467 458
510 73
461 24
471 32
434 499
440 487
462 25
501 416
434 507
484 51
473 32
460 469
448 479
470 27
461 466
447 6
509 72
466 457
445 6
471 452
478 439
493 418
477 440
490 71
503 400
470 29
497 416
494 63
457 470
483 430
471 456
479 438
507 70
482 47
445 480
488 69
489 70
489 68
433 500
465 26
456 17
446 481
434 505
462 467
466 461
454 15
471 28
502 415
450 475
500 415
433 498
501 396
464 25
448 7
472 455
447 480
458 471
481 46
503 414
433 504
482 48
435 499
505 403
494 64
468 458
508 72
433 507
480 46
450 474
502 400
465 27
509 73
481 47
460 26
471 453
471 33
503 413
446 6
497 415
507 71
506 70
501 399
489 69
432 500
440 492
499 415
483 431
478 438
502 396
463 465
434 498
446 480
432 504
484 50
434 506
472 32
469 27
470 452
464 26
463 25
440 494
482 52
501 395
454 16
439 495
483 49
490 66
445 479
491 65
492 418
461 25
477 439
502 414
438 496
482 430
470 28
440 486
469 29
459 469
500 400
473 33
466 462
447 479
448 8
505 405
501 415
454 18
462 466
493 63
457 471
499 395
467 457
483 53
469 457
483 51
504 396
500 394
471 455
479 45
455 17
439 493
490 70
445 7
438 495
511 80
502 401
463 26
490 69
469 28
470 453
432 501
509 74
464 27
479 44
447 8
482 53
499 394
455 472
439 486
461 26
502 395
477 438
504 405
454 17
503 402
504 395
493 64
431 500
491 70
507 72
462 465
501 398
492 417
435 498
434 497
440 491
432 505
445 12
503 396
494 65
481 434
479 46
501 394
501 414
478 47
469 456
505 70
433 506
482 431
478 45
431 504
446 479
499 400
498 65
466 27
481 48
498 415
460 27
446 7
447 10
439 492
451 474
445 478
456 471
472 33
500 393
437 496
483 50
471 454
500 399
501 400
439 494
491 66
490 67
465 462
467 456
459 468
504 403
444 477
468 457
471 34
482 49
453 18
470 455
497 414
502 413
492 65
473 34
495 65
446 478
452 18
454 472
462 464
498 66
498 400
491 69
502 412
498 414
481 53
508 74
438 486
459 467
494 66
500 392
499 399
443 477
480 428
451 15
511 77
481 433
504 404
503 403
447 9
445 477
444 476
468 28
429 505
445 11
491 417
464 462
502 394
455 471
469 455
481 431
500 398
499 397
501 413
453 17
468 456
501 401
430 504
511 81
445 13
438 492
492 70
470 454
503 395
431 501
458 468
510 80
505 71
472 34
499 401
437 495
482 50
431 505
502 402
478 44
511 79
480 48
478 436
480 434
497 65
467 27
477 437
432 506
491 67
507 73
482 432
493 65
435 497
479 47
481 49
463 27
446 8
452 16
442 476
451 473
499 393
506 72
438 494
492 66
446 10
477 47
439 491
461 27
429 504
501 412
477 48
502 403
510 77
493 392
443 476
442 475
438 487
458 467
497 400
505 72
451 472
450 15
469 42
498 397
480 429
467 28
462 27
479 48
480 431
437 486
459 466
499 392
477 436
508 75
463 462
456 467
506 73
472 35
500 413
445 10
498 413
492 67
455 470
452 17
460 465
502 407
481 50
435 496
457 468
499 402
501 410
446 477
436 495
510 81
478 43
438 491
461 464
428 503
478 435
498 67
480 49
499 398
481 432
464 461
491 416
502 405
430 505
461 28
480 427
492 69
437 494
456 469
479 434
496 65
431 506
431 508
467 30
498 393
469 454
451 18
445 14
429 502
503 404
500 391
468 455
509 80
491 68
501 402
497 66
446 9
480 53
451 16
430 501
493 66
453 472
511 78
476 437
439 488
503 394
469 41
456 468
497 67
493 67
437 491
436 494
432 494
481 51
500 410
429 501
435 495
503 393
431 507
439 489
477 435
462 28
499 391
437 487
494 392
497 393
499 413
449 15
467 29
447 477
493 391
509 395
476 436
457 467
428 502
491 415
443 475
502 404
504 72
507 75
479 433
508 76
509 81
496 66
480 430
492 68
455 467
498 398
459 465
501 411
451 17
509 79
496 400
468 30
462 462
437 493
480 432
505 73
445 15
500 402
453 471
463 461
428 504
450 18
438 490
479 431
445 9
510 78
506 82
477 43
450 16
461 29
479 49
472 36
436 492
430 508
438 488
502 406
501 407
446 14
430 506
500 390
477 49
468 42
452 472
468 454
455 469
497 399
511 389
479 53
498 392
479 427
460 464
506 74
478 427
510 389
459 464
468 41
458 465
469 40
506 75
478 49
493 68
500 403
508 77
504 75
479 432
497 398
496 67
501 404
436 493
434 495
501 406
428 501
494 393
468 31
427 504
468 33
500 389
499 390
443 474
432 493
447 476
508 395
457 466
460 463
462 461
500 411
496 399
445 16
437 488
508 81
495 400
453 470
444 9
509 78
495 392
506 81
468 453
450 17
491 414
479 52
476 435
455 468
454 469
504 393
480 51
452 471
498 391
477 434
476 43
507 76
471 36
509 394
438 489
492 415
511 392
433 494
510 393
467 454
446 15
466 29
494 391
436 491
505 74
479 430
497 394
499 412
449 16
504 73
511 390
462 29
479 50
427 502
507 82
430 507
429 508
496 398
457 463
510 392
511 391
508 78
465 29
503 73
437 489
495 399
475 43
468 452
409 5
444 474
476 44
448 474
477 433
509 393
442 8
462 460
500 404
446 16
498 390
457 465
449 17
504 392
507 393
430 498
478 50
495 67
468 40
463 29
425 501
447 475
508 394
478 52
497 69
447 15
496 394
500 406
468 32
510 390
499 405
435 493
424 502
494 68
478 432
433 493
500 388
477 427
426 502
499 389
436 488
495 391
492 414
425 503
506 76
504 74
461 461
421 501
507 81
495 393
493 415
452 470
467 453
426 504
469 39
427 501
427 505
505 75
478 430
470 36
494 390
443 9
428 508
460 462
459 463
454 468
499 411
429 507
467 33
466 452
434 494
436 490
476 434
479 51
497 70
466 31
476 433
495 68
504 391
459 462
429 498
510 391
458 463
508 393
496 69
466 451
493 414
408 5
498 405
433 492
466 33
425 500
503 74
461 460
425 504
495 394
447 16
467 32
409 6
430 497
427 508
434 493
453 468
428 507
451 470
475 44
507 392
460 461
499 388
505 76
498 403
424 503
450 471
507 78
498 389
499 406
436 489
495 390
466 41
478 51
499 404
422 501
494 389
506 393
494 69
477 432
445 474
421 502
457 464
469 38
456 463
448 17
498 411
465 30
426 501
477 428
468 39
448 473
477 52
478 429
499 408
447 474
423 502
442 9
426 505
469 36
507 80
444 473
463 30
495 398
441 8
456 465
467 452
426 509
495 395
476 432
425 505
422 502
494 414
468 38
495 389
428 498
444 472
474 44
502 76
448 472
499 407
439 9
507 79
409 7
450 470
509 391
455 463
426 506
426 508
434 492
425 509
495 69
495 397
497 389
452 468
497 403
508 392
458 462
496 70
477 429
434 488
506 78
497 405
510 88
449 21
442 10
447 473
448 18
498 404
472 436
498 388
465 41
496 390
505 77
408 6
467 451
498 410
426 500
460 460
429 497
494 388
505 391
498 408
446 474
506 392
459 461
423 503
502 74
477 51
453 467
496 412
456 464
425 499
465 31
427 507
466 42
449 471
475 433
498 406
447 17
441 9
464 30
511 89
435 489
445 473
466 32
469 37
473 434
448 471
497 408
449 470
459 460
496 405
417 0
449 20
425 508
448 19
408 7
445 472
451 468
441 10
447 472
506 79
468 37
428 497
439 8
448 21
471 436
458 461
433 488
426 507
444 471
467 36
434 491
467 450
423 510
455 464
446 473
495 412
411 8
424 505
441 12
506 391
442 11
465 32
476 431
447 18
503 76
466 35
422 503
495 388
497 388
505 78
426 499
496 389
497 404
495 396
464 31
511 90
497 406
452 467
502 75
415 0
476 429
434 489
412 9
467 38
429 496
498 407
474 433
451 22
496 411
410 7
454 463
476 51
494 413
510 89
425 498
465 42
438 9
474 45
465 40
511 88
472 435
453 462
508 391
440 9
495 70
497 410
434 18
472 434
422 510
464 32
450 468
437 9
474 432
496 410
440 10
471 433
434 20
452 22
505 79
423 509
441 11
467 37
466 36
465 35
445 471
415 1
412 8
446 472
423 505
448 20
496 408
450 22
446 18
493 397
443 13
451 467
413 9
503 77
459 459
422 504
452 462
425 507
465 43
448 470
467 449
511 87
426 498
421 511
474 46
466 38
495 411
495 403
432 486
474 430
501 75
433 489
433 487
496 388
464 44
441 13
457 461
416 0
473 433
500 74
494 396
410 8
438 8
465 39
495 71
496 404
454 464
434 490
511 91
429 495
497 407
471 435
473 425
428 496
472 44
497 409
506 390
447 21
475 429
494 412
510 90
417 1
408 8
447 19
451 23
453 463
508 390
449 469
444 470
475 431
411 9
475 51
509 388
412 7
446 21
452 465
442 13
408 9
510 387
505 80
441 14
474 47
494 403
494 71
420 511
511 92
432 487
465 38
499 74
474 429
493 396
509 96
421 504
440 13
453 464
437 8
473 432
466 37
450 23
446 19
446 471
447 20
465 34
475 48
474 425
473 46
510 91
423 506
440 11
506 389
473 430
426 497
448 469
496 409
432 491
475 50
433 490
494 411
472 433
495 72
474 431
464 33
424 507
427 496
415 2
454 25
452 23
457 460
496 407
503 78
413 8
451 466
465 44
416 1
432 489
508 389
449 468
435 18
471 44
493 412
472 45
500 75
452 463
472 427
463 32
431 486
435 20
414 3
496 387
471 434
434 19
443 14
474 51
472 425
458 459
464 45
510 95
495 404
466 449
511 86
492 397
473 424
421 510
410 9
422 509
429 494
417 2
445 470
414 4
465 37
500 76
426 496
473 429
472 426
436 8
474 424
421 509
446 20
464 34
511 95
431 487
510 86
505 89
493 411
435 17
432 490
436 20
457 459
439 11
494 404
439 13
420 510
452 24
472 430
510 96
494 72
494 410
413 7
453 25
422 508
431 491
473 431
423 507
499 75
430 486
442 14
495 73
409 9
417 9
508 388
421 505
470 434
414 8
490 394
448 468
471 427
447 469
495 407
509 387
469 447
449 23
415 9
510 94
422 506
474 50
472 432
472 428
451 465
449 467
509 97
496 386
492 396
506 388
452 458
510 92
415 3
468 434
416 2
465 45
473 47
510 386
474 48
453 459
502 78
465 449
503 79
509 91
508 90
471 45
475 49
501 77
445 21
446 470
419 511
454 26
495 409
452 464
504 80
439 15
462 32
435 19
429 493
466 45
494 73
504 81
468 433
435 16
501 78
464 449
495 74
421 506
509 94
449 24
414 5
474 49
439 12
415 8
430 491
416 9
472 429
430 487
471 46
470 45
425 496
448 467
473 48
438 15
472 431
422 507
453 458
509 86
409 10
413 6
490 395
439 14
452 457
445 20
442 15
493 404
436 19
419 510
431 488
452 25
415 488
435 8
507 388
418 511
446 469
470 427
416 3
505 90
508 91
454 29
475 424
491 396
421 508
467 44
453 26
497 386
510 97
464 37
469 446
472 47
494 409
507 90
454 459
451 464
462 33
494 407
499 76
493 410
489 394
456 459
469 44
439 16
503 80
420 509
429 492
468 447
469 434
496 385
508 387
420 505
447 468
471 48
511 96
417 8
506 89
509 386
474 423
431 490
509 92
463 34
471 426
415 4
500 77
509 98
416 8
436 16
493 407
446 468
496 74
409 11
444 20
423 495
473 49
489 395
440 16
505 91
438 16
471 429
468 446
452 26
424 496
430 488
496 384
469 433
468 44
450 464
421 507
470 46
495 75
438 12
455 29
467 45
509 93
418 510
463 449
437 19
494 74
464 448
416 4
511 97
470 426
461 33
469 45
447 467
435 9
452 456
497 385
471 431
508 86
453 457
454 30
502 80
414 6
451 25
475 423
455 459
508 92
454 28
420 506
453 455
507 387
498 386
449 25
469 427
442 16
430 490
490 396
470 432
501 79
437 15
467 447
510 98
493 409
507 85
472 48
448 466
500 78
492 404
503 81
506 90
419 509
506 84
415 489
447 465
498 76
493 405
462 34
438 14
464 36
471 47
429 491
508 386
463 37
428 492
466 46
415 487
452 455
464 447
467 446
470 425
497 76
501 80
454 457
416 7
416 5
427 492
441 16
446 465
463 36
415 490
428 5
453 456
410 11
424 495
417 4
475 422
498 385
423 496
469 426
402 511
463 448
456 457
455 30
462 447
435 10
447 464
442 17
422 495
502 81
491 404
453 30
468 45
489 396
470 431
453 28
496 75
499 78
492 405
416 487
448 465
497 384
449 464
508 93
506 91
470 47
438 17
507 86
511 98
454 31
417 510
461 34
472 49
500 79
455 458
436 15
437 18
419 506
508 385
437 12
447 466
437 14
506 85
443 20
470 429
450 463
507 92
434 9
416 489
420 507
430 489
423 494
469 432
451 26
452 27
466 447
503 82
492 409
429 488
493 408
505 84
467 46
409 12
449 454
453 454
493 74
446 467
462 35
419 508
415 486
450 25
415 6
428 491
469 46
507 386
416 486
428 6
452 454
450 26
456 456
424 494
501 81
454 456
451 455
511 99
469 425
450 462
462 446
410 12
419 493
452 30
493 75
499 385
492 408
489 397
506 386
508 382
455 31
416 490
426 492
447 463
499 79
452 28
470 430
453 31
496 76
437 13
422 494
423 497
455 457
508 384
438 18
494 76
451 27
403 511
497 77
460 34
475 421
427 491
409 13
436 14
446 466
458 32
449 455
449 453
462 36
436 12
466 446
450 454
428 488
469 431
502 82
427 5
454 32
506 92
405 511
422 496
441 17
465 447
495 77
418 4
434 10
416 6
491 405
469 47
472 50
418 492
427 7
505 85
442 20
468 46
402 510
507 93
506 86
417 509
500 80
488 396
507 385
429 489
498 78
498 384
448 464
463 447
492 406
419 507
469 423
445 467
439 18
418 507
451 454
451 28
426 5
410 511
445 466
456 455
453 32
410 13
428 489
417 6
468 425
436 13
417 486
442 19
507 384
490 405
506 93
427 8
505 86
469 430
497 78
460 35
449 462
420 493
417 508
422 493
506 385
499 80
489 398
422 497
455 456
403 510
474 421
468 431
491 408
417 490
444 467
448 463
459 34
496 77
411 12
507 382
507 94
426 491
509 100
461 38
469 48
418 5
471 50
451 30
494 77
468 47
461 36
424 493
404 511
449 456
500 385
488 397
468 423
409 14
475 420
466 445
465 446
435 12
402 509
428 7
501 82
499 384
418 491
502 83
450 453
493 76
488 411
462 445
448 455
469 424
406 511
450 27
463 446
434 11
491 406
441 18
511 100
455 32
457 32
458 33
426 7
508 383
419 492
487 397
487 411
418 6
421 499
422 492
505 87
470 50
418 486
455 455
495 79
435 13
446 454
493 77
411 13
461 39
425 5
421 493
410 510
420 492
425 7
460 36
506 384
467 423
448 462
404 510
433 11
418 490
494 78
458 34
410 14
506 94
460 40
433 479
510 100
407 511
417 507
427 9
424 492
448 456
434 476
410 16
507 95
461 37
475 419
469 49
498 80
426 6
499 383
488 410
451 31
422 498
444 466
439 19
459 35
500 82
468 424
403 509
468 430
496 78
441 19
458 454
490 406
505 385
434 482
426 490
429 7
456 32
451 453
427 489
425 491
501 385
501 83
492 78
409 15
447 461
468 48
490 408
465 445
508 100
409 511
507 383
406 510
447 25
453 33
434 480
502 84
473 421
481 415
450 28
489 399
411 509
463 445
489 405
491 78
429 8
446 461
418 489
424 5
455 454
464 445
419 490
408 511
489 406
479 416
420 499
451 452
446 455
401 504
510 101
434 477
434 13
511 102
443 464
488 403
504 385
502 85
481 414
409 510
447 456
433 12
408 15
411 14
468 429
452 33
410 17
412 509
418 487
460 39
419 6
500 83
447 26
440 19
467 424
471 422
488 409
497 80
457 454
412 13
468 49
445 454
490 407
499 84
473 418
469 50
410 15
507 96
465 444
416 507
492 77
474 419
421 492
410 509
428 9
496 79
487 410
448 457
403 508
434 475
458 35
425 6
506 95
449 28
495 80
503 86
459 40
423 492
501 384
458 453
494 79
506 97
488 399
460 37
451 32
450 451
426 489
493 78
472 421
417 506
448 461
480 415
432 11
404 509
434 481
421 498
456 33
508 99
448 27
500 383
459 452
446 25
444 25
409 16
444 465
433 478
425 490
433 480
488 405
506 383
407 510
487 398
433 482
504 87
502 385
498 81
426 488
507 99
488 408
501 85
412 14
412 508
429 485
502 86
449 29
427 483
427 487
472 418
433 477
448 458
458 452
411 15
421 5
489 407
446 456
466 424
409 509
500 84
487 403
445 453
510 102
486 410
420 498
501 383
420 490
424 490
490 78
419 489
487 399
425 489
445 25
409 17
471 421
467 429
459 39
455 453
432 12
450 450
423 491
415 507
449 451
432 480
505 97
479 415
444 464
470 422
481 413
459 451
443 453
440 20
497 81
413 13
430 484
503 87
491 77
499 85
429 9
448 28
465 443
459 37
493 79
424 6
410 506
511 103
472 420
410 508
428 486
444 24
503 385
506 98
433 481
490 76
480 414
405 509
446 26
474 418
448 460
506 96
447 457
473 419
407 509
443 463
419 7
478 416
419 487
421 491
464 444
418 488
432 478
488 404
423 5
417 505
504 88
402 504
401 505
458 36
411 507
442 452
468 50
504 384
505 383
434 14
451 451
446 462
451 33
496 80
447 27
403 507
445 455
457 453
433 475
408 510
456 34
408 16
430 10
494 80
506 99
487 404
403 506
432 477
455 34
411 506
487 408
471 420
412 15
408 509
496 81
465 442
421 6
405 508
420 489
494 81
464 443
445 462
504 97
422 5
489 76
447 458
413 14
431 482
442 453
420 497
445 26
487 400
430 11
451 450
448 451
465 424
504 383
432 13
430 483
510 103
486 409
446 457
415 506
443 454
477 416
490 77
443 24
497 82
503 88
482 413
489 78
416 505
473 414
419 488
502 383
467 54
474 417
433 16
424 489
432 475
445 456
474 415
423 490
457 36
444 463
417 504
427 484
448 459
472 419
458 37
505 382
404 507
459 38
421 490
501 86
479 414
466 425
503 384
449 448
409 508
501 382
500 85
428 483
451 34
447 28
458 451
414 13
449 30
427 486
505 96
467 428
449 450
488 407
429 484
407 16
456 453
440 21
426 487
443 452
444 453
423 6
491 238
470 421
425 488
420 7
428 485
402 505
444 455
468 51
433 14
410 507
429 10
412 507
493 80
432 481
403 504
408 17
444 462
503 383
427 485
466 54
431 477
412 506
457 39
502 382
465 441
433 15
493 81
458 450
425 487
509 103
420 488
475 415
487 401
421 489
503 97
454 36
444 452
491 237
473 413
467 67
406 508
430 482
445 27
447 459
439 21
469 421
415 505
444 28
448 448
505 101
491 239
419 497
504 96
443 29
433 23
505 99
477 415
492 80
444 456
429 11
449 449
500 86
414 14
473 415
422 6
470 420
432 476
423 489
445 457
467 51
429 483
506 380
412 16
450 34
407 17
451 449
446 458
409 19
456 452
486 400
463 55
455 35
458 38
486 404
496 82
465 425
465 431
442 454
432 16
405 507
447 29
448 30
408 508
504 382
431 481
465 427
421 7
447 451
504 98
471 419
486 408
464 442
482 412
489 77
502 88
466 428
485 399
464 424
478 414
423 7
511 105
426 486
404 504
463 423
501 89
422 490
442 24
452 450
457 37
487 407
403 505
467 53
474 416
466 426
409 507
432 14
416 504
488 77
500 89
457 450
434 23
409 20
431 16
496 85
491 236
470 419
460 445
464 55
464 65
445 460
445 28
423 8
421 488
415 504
453 450
412 473
485 400
445 458
457 38
442 455
463 54
465 54
430 481
487 78
467 52
448 449
446 451
468 421
404 505
430 479
462 423
503 96
452 449
412 17
467 68
439 22
466 69
408 19
414 15
422 7
443 30
492 81
431 476
450 35
418 497
441 24
510 105
431 14
444 457
486 405
419 10
456 37
506 379
476 415
505 380
408 21
443 456
413 16
433 24
492 239
487 406
446 459
465 432
460 421
422 489
464 431
504 101
424 487
506 375
444 451
503 98
475 414
444 29
426 485
429 482
463 424
465 426
486 401
464 441
447 30
454 37
446 29
500 87
447 448
425 486
465 66
414 505
495 82
486 407
456 451
505 100
484 399
477 414
467 66
406 507
448 31
455 36
511 106
423 488
457 40
501 88
482 411
466 53
407 18
473 416
447 450
509 104
429 12
493 82
503 382
408 507
465 428
474 413
413 506
465 440
444 461
432 15
486 406
484 400
493 235
446 30
503 99
419 11
487 77
465 429
506 378
497 85
460 444
456 450
472 416
415 503
414 16
464 432
463 427
450 36
465 55
422 488
474 412
445 459
413 17
476 414
502 96
464 428
509 105
482 410
462 424
504 100
416 492
430 476
429 13
496 84
465 437
413 473
485 407
500 88
442 456
459 421
423 487
440 24
445 451
465 65
434 24
492 236
408 20
466 66
456 40
463 425
424 10
464 440
445 29
438 22
460 446
444 30
425 485
444 460
506 376
493 83
509 107
503 381
456 38
465 69
430 478
413 505
499 89
485 401
417 497
453 449
435 23
506 374
465 53
407 507
480 412
486 78
493 239
455 451
464 426
421 9
495 83
464 54
446 450
412 474
408 506
468 420
470 418
407 19
455 37
479 411
429 479
466 52
407 21
414 472
417 493
492 82
422 8
460 422
504 380
405 505
467 65
464 66
490 236
406 18
444 458
460 420
510 106
448 32
429 481
420 10
463 431
466 68
467 421
447 31
508 104
447 449
431 15
439 23
502 99
494 239
454 449
425 12
424 485
449 36
445 450
404 499
403 500
464 435
461 420
445 30
470 417
460 423
462 421
434 473
414 17
508 105
494 83
417 498
420 11
463 432
424 11
510 107
459 444
429 14
415 16
433 472
502 95
444 459
407 20
446 31
465 56
464 53
506 373
432 473
505 376
459 446
414 473
471 416
464 439
430 475
462 425
469 418
465 52
421 10
490 235
504 379
423 10
495 84
407 506
429 478
442 457
455 40
509 106
467 420
494 235
464 67
482 409
503 380
463 428
459 422
463 426
498 87
430 15
473 410
474 411
413 504
454 41
417 494
509 370
466 65
448 33
503 100
443 460
426 13
497 86
499 88
505 378
417 496
414 503
415 472
418 13
406 505
476 413
462 427
429 480
428 481
486 77
464 437
501 96
479 412
485 406
422 9
455 450
492 83
431 474
412 475
416 493
460 443
434 25
432 471
446 449
493 238
419 12
406 19
465 436
484 407
455 38
422 487
484 401
493 236
461 424
423 486
415 492
438 23
480 411
425 14
415 502
468 419
464 429
435 24
450 37
431 470
506 377
439 24
505 374
465 68
462 431
467 418
408 505
504 378
505 377
494 238
415 473
480 410
476 412
462 420
406 20
403 501
481 409
501 95
467 419
425 13
466 420
474 410
445 31
416 494
463 429
497 87
473 409
463 69
423 473
467 417
427 479
415 17
466 418
448 38
453 41
428 480
462 432
415 501
462 426
502 100
439 25
454 40
418 14
412 504
428 474
417 15
439 447
432 472
508 230
508 232
504 376
473 411
466 64
468 418
475 411
464 68
492 84
436 24
461 431
431 473
509 369
414 502
455 449
415 493
483 401
508 370
438 24
414 492
434 472
437 23
449 37
464 438
455 39
431 471
422 486
494 84
463 435
502 94
405 499
478 412
404 500
458 446
466 56
507 235
426 14
420 12
417 499
508 106
502 380
435 25
510 108
470 416
408 504
442 460
419 13
429 15
464 436
485 77
494 236
469 417
461 425
505 373
423 11
416 496
459 423
484 406
508 234
464 52
422 10
458 424
424 12
442 458
431 469
489 235
459 443
472 410
413 475
428 478
424 474
407 505
425 475
447 33
463 421
435 473
424 484
445 449
463 437
493 237
498 88
430 474
443 459
488 235
501 100
463 68
460 71
458 443
494 237
414 475
442 459
462 69
449 38
424 13
413 492
505 372
490 83
417 16
439 446
462 429
501 92
460 425
457 424
503 164
481 408
428 473
457 446
422 485
482 401
465 420
421 12
463 52
414 493
508 233
494 85
463 436
501 94
422 11
472 411
502 379
427 478
463 438
424 475
462 435
461 430
462 437
441 448
427 474
511 366
504 373
447 34
440 447
420 13
444 449
463 420
441 460
424 483
435 472
454 39
405 500
504 105
469 416
426 479
509 140
415 494
462 47
482 407
495 238
458 423
507 370
446 33
504 377
416 495
481 400
445 32
416 17
431 472
436 25
414 501
507 234
415 474
438 25
510 109
480 409
418 15
424 473
503 106
508 369
407 504
445 36
508 231
490 85
476 411
428 15
455 448
468 417
466 63
427 480
430 473
503 374
495 236
509 368
412 503
426 475
423 12
437 24
453 40
503 378
507 106
446 35
477 74
404 501
491 84
413 502
406 503
474 409
509 230
416 499
447 38
405 20
432 469
462 433
484 77
436 473
462 439
489 234
497 88
477 412
483 406
419 14
466 57
466 419
461 426
423 474
506 235
427 14
461 432
475 410
468 416
442 448
446 38
491 85
433 469
461 439
488 234
423 475
423 13
441 447
461 47
445 33
445 35
504 104
466 62
424 472
475 409
494 86
458 442
421 485
506 236
510 140
503 377
489 85
489 233
502 378
507 233
407 503
472 412
446 34
511 365
437 25
510 366
503 105
465 419
460 434
413 493
442 442
504 164
413 501
462 68
418 16
503 165
509 141
404 20
405 501
507 107
453 39
422 474
457 445
465 63
461 435
507 231
415 495
482 400
508 140
460 430
414 500
415 477
421 13
505 371
428 18
436 472
478 410
490 84
426 480
498 90
406 500
427 473
423 483
481 399
469 415
484 78
457 47
464 420
426 474
497 89
495 237
463 51
462 48
411 503
481 407
502 374
487 233
480 408
425 473
508 368
486 232
500 100
460 426
476 410
445 37
477 411
422 12
443 449
462 438
476 74
509 367
430 472
508 108
435 471
506 370
455 447
440 446
511 229
474 74
406 502
489 83
449 39
444 36
466 58
415 499
417 17
503 373
420 14
510 230
459 71
441 459
505 105
477 75
461 437
461 433
462 436
414 476
444 32
415 475
502 106
460 70
426 478
444 442
500 92
509 109
501 93
427 15
438 26
457 423
482 406
461 429
441 444
416 475
501 236
427 472
450 39
509 366
502 105
458 47
481 398
503 104
496 237
428 17
462 51
417 474
489 232
507 108
506 369
444 33
479 408
502 373
461 48
446 39
481 406
461 438
460 433
508 109
407 502
476 73
413 500
505 368
441 446
502 103
459 70
475 408
413 494
423 482
444 37
437 26
426 473
442 443
460 437
404 19
415 498
456 445
484 79
506 231
476 77
453 446
500 101
504 235
505 164
425 480
500 93
460 69
458 441
406 501
465 62
461 68
504 165
410 503
486 231
420 483
503 166
440 459
468 415
456 423
442 447
502 377
457 48
422 475
471 412
460 439
483 398
504 371
456 47
417 18
474 75
511 162
494 87
481 78
510 365
488 233
425 472
454 447
422 483
506 107
445 34
483 78
484 397
497 90
506 233
411 502
443 32
487 232
511 228
460 427
434 469
489 84
498 91
480 407
429 472
418 17
412 493
414 495
425 478
464 57
478 409
443 448
482 399
419 482
444 35
461 436
465 58
415 476
460 435
416 477
486 81
508 367
436 471
452 39
427 18
457 46
505 106
505 236
414 499
462 49
504 163
421 14
510 229
421 484
444 443
510 141
491 86
511 160
477 76
421 474
420 15
510 163
422 13
464 419
476 409
475 74
498 373
503 372
424 481
462 67
443 442
460 429
477 410
508 139
427 16
511 165
412 494
504 234
497 237
460 68
511 363
443 443
496 108
495 89
510 160
458 48
459 435
499 93
460 48
441 445
421 475
468 414
503 371
481 79
461 67
510 364
440 458
465 417
459 427
486 230
508 138
460 428
488 84
489 231
502 236
442 32
455 423
439 457
444 38
501 237
508 136
418 474
443 37
426 18
482 398
510 162
502 376
462 50
426 16
453 445
423 481
425 471
486 82
463 57
477 409
473 69
414 498
493 87
505 163
475 73
487 231
502 234
459 433
403 19
419 17
504 166
429 471
410 502
443 33
446 40
511 161
421 15
491 87
504 162
470 412
505 367
464 58
506 164
479 407
467 415
404 18
417 475
454 446
435 469
403 15
442 444
407 501
454 422
502 104
482 78
475 77
488 232
462 66
497 97
444 34
413 495
510 142
434 28
509 163
422 482
507 109
484 396
419 481
497 91
510 228
434 468
443 447
459 439
498 92
505 165
455 445
474 76
420 482
501 103
436 470
421 483
478 408
501 235
464 62
459 429
494 88
504 368
416 476
484 80
426 472
413 499
475 407
485 81
498 372
499 373
480 406
422 14
506 232
502 372
459 69
458 440
460 436
452 422
420 16
418 18
484 82
500 102
501 373
437 27
481 405
487 83
424 480
505 107
457 49
505 369
450 40
451 39
424 478
456 46
501 105
437 469
503 235
435 27
460 438
464 418
508 366
414 496
504 236
427 17
483 79
461 49
409 503
483 397
408 502
477 77
419 474
504 369
458 49
455 46
402 19
503 236
461 50
422 15
480 405
487 84
420 481
461 66
497 98
505 108
472 69
403 18
458 435
490 89
491 88
498 107
409 502
425 16
476 79
423 480
463 60
468 413
457 426
413 496
494 89
510 227
426 17
434 467
505 166
462 65
458 439
479 78
464 61
497 236
507 366
495 90
417 476
499 372
442 33
459 436
412 495
506 165
497 92
428 471
504 233
499 374
496 91
454 423
475 78
479 406
403 16
501 376
426 471
465 416
459 438
504 161
506 367
488 231
501 372
444 39
504 167
450 41
420 475
477 408
436 27
507 136
459 68
474 77
408 501
459 428
481 404
434 29
443 444
510 161
509 164
436 469
438 457
498 93
484 83
492 87
483 396
486 83
475 72
490 87
509 228
454 445
460 49
445 40
473 70
421 482
499 94
458 427
435 28
402 15
502 233
483 80
510 165
508 137
506 109
453 422
505 232
506 139
414 497
464 417
410 501
502 371
458 433
421 16
442 445
478 407
423 478
402 17
452 423
502 237
439 458
466 415
500 105
418 19
501 234
437 468
510 363
482 79
443 446
484 81
480 79
511 166
463 58
505 162
482 397
497 108
455 424
442 37
507 138
418 475
478 77
451 40
496 107
508 163
413 498
440 463
499 102
511 362
501 104
443 38
469 412
476 407
486 229
443 34
498 97
457 434
420 17
510 143
444 40
435 467
458 438
455 425
471 69
453 423
442 38
463 61
479 403
509 227
508 228
474 72
476 80
499 103
462 60
457 435
425 17
438 458
441 37
506 166
461 65
488 230
486 84
492 88
421 17
436 28
508 144
464 416
437 29
419 475
507 163
500 376
459 67
508 164
510 362
486 228
441 33
474 78
504 232
503 233
419 19
402 18
426 470
487 85
503 237
429 469
411 499
506 162
458 432
507 137
502 232
443 445
497 107
442 36
497 235
454 46
509 143
472 70
402 16
454 44
496 98
485 83
430 468
498 94
496 92
411 495
505 161
509 161
498 106
458 428
420 18
511 151
412 498
499 371
401 15
454 444
413 497
508 142
500 104
503 369
501 233
423 15
457 427
499 95
510 166
511 167
498 96
498 102
482 80
456 426
499 375
435 29
430 466
451 41
463 59
500 372
491 89
497 99
443 39
495 91
409 501
507 141
506 138
461 55
508 162
505 109
422 478
436 468
493 89
418 476
480 404
456 434
423 479
475 79
489 87
479 405
468 70
483 81
511 361
420 476
507 119
458 436
428 470
452 424
460 50
482 396
440 462
477 79
505 139
490 88
442 34
478 78
465 415
439 463
421 481
506 366
421 477
459 49
505 167
477 407
500 234
468 412
501 371
484 84
422 480
453 43
437 467
479 79
429 466
498 105
497 106
505 140
420 477
508 161
499 376
428 469
456 433
508 227
436 29
438 459
508 143
437 30
460 65
458 437
453 44
478 79
420 19
478 405
427 470
439 462
460 51
509 166
506 365
498 377
505 110
411 498
423 16
422 479
401 16
486 227
457 432
493 90
444 445
510 167
500 233
501 370
486 85
498 95
453 424
502 369
508 165
507 118
419 476
508 145
477 406
421 480
454 425
421 478
466 411
477 80
459 416
462 59
473 72
464 415
498 101
485 84
441 36
506 137
424 469
462 61
507 142
479 402
497 100
506 119
426 469
503 232
479 404
469 70
473 78
498 235
437 458
451 42
489 88
500 371
435 30
488 229
424 17
503 238
482 81
506 141
441 34
411 496
487 86
440 37
468 71
458 67
505 160
492 89
498 375
460 55
412 497
455 426
459 50
410 499
481 396
510 151
511 168
475 80
438 463
463 416
511 360
421 18
430 467
496 93
457 428
450 43
442 35
440 461
401 18
504 231
472 71
501 232
461 56
506 167
409 500
443 40
454 443
467 412
436 467
452 43
454 45
495 92
505 138
507 162
494 91
495 98
429 468
456 435
509 362
511 150
441 38
499 104
471 70
435 466
422 17
496 94
488 226
497 101
478 80
503 239
455 441
496 380
503 231
504 140
510 150
507 161
463 415
468 408
479 401
459 51
504 238
501 231
452 44
486 86
455 433
470 82
435 31
492 90
460 56
498 376
509 167
457 67
475 81
441 35
486 226
438 462
427 469
511 179
456 432
497 377
456 430
423 467
460 416
438 464
458 66
410 496
499 229
505 137
506 118
472 72
493 91
461 59
423 469
495 93
422 18
511 223
423 17
460 64
440 38
421 479
498 234
411 497
459 415
491 91
462 62
466 412
509 361
452 444
468 410
470 70
510 194
462 416
457 437
481 81
498 104
477 81
505 159
506 238
499 233
508 160
500 232
445 445
501 369
508 226
453 45
481 395
506 142
436 466
497 95
465 413
454 442
507 167
461 57
438 44
439 37
442 40
467 411
504 110
438 460
453 443
456 436
477 405
419 477
473 79
510 168
495 99
508 146
451 43
478 404
502 368
420 20
489 229
454 426
470 84
428 468
508 166
437 31
409 499
438 32
469 71
507 143
510 360
441 39
488 88
400 18
439 461
505 365
450 44
503 139
420 478
485 85
437 459
429 467
497 105
424 468
500 370
437 465
487 89
509 147
456 428
497 375
436 30
453 425
400 16
439 38
437 462
489 226
496 101
409 498
460 415
419 478
510 223
424 19
481 82
507 146
511 220
455 432
510 179
420 479
451 444
487 90
496 379
502 139
464 413
505 118
490 229
510 359
496 95
428 467
453 426
508 167
510 193
488 225
441 40
502 365
438 33
465 412
478 401
507 226
486 87
463 414
508 361
458 51
472 73
437 464
422 469
454 441
452 443
420 21
486 89
497 104
487 226
500 369
422 467
509 148
504 365
505 136
456 431
506 117
453 442
471 72
421 20
480 81
506 239
478 81
436 31
421 470
397 18
454 427
492 91
450 445
506 143
511 176
495 380
438 43
408 499
455 440
452 45
498 233
503 138
470 83
477 82
471 82
491 92
399 18
477 404
437 44
437 460
462 415
459 414
503 140
506 159
438 461
409 496
511 178
481 394
410 497
500 231
427 468
497 376
510 169
488 89
459 64
473 80
425 468
503 230
499 232
471 84
476 405
495 94
455 428
507 168
511 222
467 408
468 409
493 92
439 36
422 19
504 111
400 17
495 100
499 230
504 239
508 147
474 81
461 62
507 160
451 44
452 47
508 159
420 471
496 105
500 229
458 65
424 467
457 66
460 57
446 445
509 194
505 238
486 225
456 437
437 32
488 227
436 465
485 86
467 410
461 58
470 71
455 430
510 149
440 35
509 150
423 18
501 368
436 464
436 32
456 66
508 168
508 150
509 223
480 394
436 462
392 452
481 83
484 86
506 144
454 428
509 193
507 159
438 34
479 81
496 104
437 461
480 82
492 92
439 35
466 408
490 228
450 444
408 494
494 100
496 376
500 368
510 176
467 409
489 227
453 51
502 138
495 95
452 46
506 226
455 437
425 467
473 81
421 469
502 230
460 414
508 360
497 233
476 402
390 452
408 498
427 467
451 45
501 367
399 17
503 365
501 139
458 64
511 221
439 39
459 63
505 135
503 141
496 378
507 247
485 89
436 460
419 479
454 430
397 17
511 177
505 227
440 40
498 232
509 359
488 224
435 459
421 21
393 453
511 181
418 478
455 439
398 18
506 240
423 19
505 239
507 147
485 87
509 149
454 440
451 47
447 445
496 102
437 43
409 497
419 471
475 401
472 82
509 179
499 231
478 400
502 140
501 229
461 415
424 20
505 143
476 404
471 83
510 178
455 431
418 470
408 496
494 94
505 117
501 365
422 468
508 180
495 379
504 112
458 52
504 364
488 90
464 412
449 445
511 219
457 51
510 170
456 438
477 403
462 414
420 470
452 426
438 42
470 72
476 82
472 74
487 225
487 91
460 62
452 442
506 116
460 58
408 497
492 93
420 469
480 83
419 470
476 401
505 144
460 61
473 82
495 102
450 443
422 21
449 444
479 394
423 20
502 141
454 429
437 42
422 463
452 427
424 465
423 464
407 494
509 176
453 440
421 468
453 430
493 100
495 104
502 229
453 436
393 454
453 52
509 192
390 453
510 221
391 452
477 400
484 87
451 46
511 182
462 413
418 479
509 358
508 169
510 181
506 247
458 53
438 35
455 66
508 149
504 135
498 231
495 378
508 193
509 178
503 136
458 63
507 148
490 227
500 367
505 112
397 16
475 402
472 83
509 190
398 17
451 442
504 117
454 439
407 498
454 437
479 82
494 95
507 360
511 218
392 451
392 453
459 62
426 467
503 364
507 246
465 408
510 177
510 187
446 443
435 460
511 352
500 365
486 221
418 469
488 91
505 116
508 151
461 414
493 94
505 226
421 22
472 75
460 413
425 466
502 137
501 142
454 51
435 462
501 366
439 40
436 463
457 52
509 222
408 495
456 65
463 412
438 41
501 138
503 142
499 368
475 404
497 232
459 58
509 180
470 73
476 83
508 179
436 33
495 376
510 351
508 345
500 139
504 363
452 441
455 438
506 225
506 115
478 399
427 466
448 445
485 88
436 461
454 431
487 224
465 410
466 409
434 33
505 240
464 411
504 361
507 158
424 21
504 227
509 170
434 459
508 153
476 403
505 225
448 444
426 466
464 410
500 366
425 465
508 358
452 432
486 222
419 469
505 115
507 157
449 443
407 497
453 63
476 400
453 435
493 95
503 363
476 84
502 228
492 94
504 360
458 54
506 224
451 427
506 246
475 83
506 344
509 357
447 443
453 439
465 407
471 75
453 437
503 227
508 192
390 454
462 412
466 406
508 222
494 104
438 40
507 359
450 442
503 361
459 59
423 465
497 231
505 145
420 468
423 21
435 463
393 455
494 102
509 221
436 34
491 227
479 395
434 464
503 135
392 450
507 153
509 187
452 428
488 92
509 189
422 22
406 494
499 367
406 498
507 345
424 22
418 468
505 113
398 16
433 459
502 142
499 365
502 136
504 132
455 65
509 177
437 41
483 87
457 63
504 116
446 442
423 463
407 495
504 362
475 403
508 152
484 88
510 182
508 190
422 464
453 431
507 151
435 461
487 223
392 454
454 438
479 83
435 33
509 351
507 149
492 100
454 52
453 429
493 379
469 73
510 350
465 409
452 436
450 46
436 42
500 138
391 453
501 137
460 412
456 52
487 221
433 33
474 404
417 479
461 413
505 359
505 241
500 142
510 186
477 399
437 35
509 219
508 346
459 61
509 181
511 183
494 378
511 217
494 376
511 353
473 83
495 377
507 179
508 170
463 411
510 352
451 441
507 156
416 479
510 183
502 363
506 157
507 192
507 222
475 84
469 74
506 245
504 145
477 84
483 88
510 185
419 468
501 136
492 95
492 101
453 438
478 395
406 495
474 403
473 84
503 134
505 178
437 40
452 437
506 149
496 139
450 441
508 187
498 139
452 435
508 357
454 63
426 465
509 350
497 230
504 223
462 411
421 466
492 227
434 463
452 431
398 15
458 61
500 137
504 359
487 222
490 225
392 455
468 73
436 41
503 360
508 177
457 54
433 460
455 52
482 87
496 229
509 218
502 135
455 64
464 407
499 366
433 34
504 131
454 53
393 450
405 494
506 243
449 46
504 115
510 217
494 377
453 62
462 405
424 463
499 138
502 227
458 55
461 412
506 345
465 406
503 362
458 59
434 461
505 150
511 216
492 379
504 225
506 179
502 143
420 467
506 359
504 133
510 353
493 96
406 497
437 36
450 433
505 114
500 143
466 405
457 62
507 152
505 246
451 440
491 94
425 464
417 480
476 85
474 83
451 428
508 191
508 189
493 102
456 63
433 464
505 344
506 343
391 454
450 427
511 196
423 22
476 399
490 93
493 378
451 434
470 75
505 224
452 429
472 85
459 60
422 465
451 432
509 220
507 170
448 443
506 169
493 104
503 226
509 182
489 92
425 24
479 84
507 346
473 404
505 242
435 34
491 100
464 409
435 42
447 442
502 112
509 349
500 136
500 144
454 62
451 435
455 63
458 60
503 359
490 94
504 158
420 466
507 347
511 197
468 74
473 403
505 343
424 24
469 75
503 131
502 226
506 222
392 456
449 47
504 224
492 104
463 405
505 223
416 482
507 191
499 137
447 441
505 149
507 189
436 36
479 85
464 406
437 37
502 144
452 438
463 409
510 184
509 353
437 39
419 467
450 428
501 135
493 107
497 367
497 229
451 429
510 196
503 115
481 87
504 114
492 378
504 180
426 464
388 462
448 442
505 151
456 62
433 461
477 395
501 227
502 362
405 497
465 405
506 244
455 53
457 55
503 225
434 42
477 85
463 407
504 150
505 157
503 133
489 223
493 227
425 463
509 183
507 181
496 138
398 14
506 358
506 180
405 495
508 188
498 366
504 178
509 185
511 215
498 228
435 35
503 145
475 85
473 85
505 245
505 243
476 398
494 226
493 377
491 225
416 480
502 132
509 217
432 34
492 226
490 224
399 15
413 477
498 138
449 441
505 179
404 6
507 357
482 88
489 93
507 177
458 56
474 84
450 432
435 41
508 350
497 139
472 86
506 152
489 221
492 96
504 358
506 190
493 103
450 434
425 25
483 89
451 431
391 455
462 404
491 101
400 14
423 23
450 440
508 218
508 182
394 450
505 169
456 54
504 146
488 222
461 411
506 346
508 352
424 462
509 197
406 496
421 465
506 156
462 410
496 228
433 463
506 170
508 220
399 14
502 131
505 148
451 438
433 462
511 198
506 221
508 349
490 109
403 6
504 151
503 178
395 450
434 41
419 466
493 108
492 377
400 13
505 152
476 397
467 74
449 432
503 146
505 190
404 7
509 216
480 87
510 197
507 182
507 176
500 135
470 405
414 479
455 62
509 198
449 48
505 156
449 440
391 456
474 85
504 157
502 359
473 402
432 463
504 149
458 57
457 60
414 485
403 492
506 347
401 12
504 343
420 465
450 435
504 191
496 367
503 114
501 226
493 226
501 144
508 197
388 461
491 96
413 478
435 36
425 26
402 499
463 408
416 481
456 61
501 134
494 225
434 35
448 425
506 181
461 410
491 104
501 112
490 101
509 184
413 486
468 75
507 188
477 396
425 462
505 346
490 95
415 480
498 137
503 358
504 179
431 34
491 108
450 429
415 482
505 180
507 356
491 224
469 406
503 224
503 150
451 430
412 477
507 124
497 366
404 9
505 244
463 404
502 113
426 27
506 357
507 218
502 145
450 439
508 217
455 54
508 353
503 158
492 225
426 463
507 352
499 260
424 461
492 97
423 24
464 405
489 94
501 362
490 223
492 103
389 462
477 394
427 464
404 495
506 191
448 441
481 88
499 136
436 37
462 409
492 107
405 496
497 228
478 85
498 227
489 110
456 55
502 133
489 222
510 215
507 220
432 461
505 170
490 221
497 138
431 464
505 222
436 39
482 89
473 86
426 462
505 347
508 198
501 131
413 485
504 346
503 157
477 393
491 109
492 108
455 55
495 367
506 220
424 460
505 155
415 481
462 408
490 222
509 215
424 26
504 190
502 224
414 484
489 95
506 182
498 260
475 397
414 480
432 462
425 461
492 98
508 184
489 111
449 431
457 57
431 463
504 148
413 479
497 137
456 56
502 158
498 136
402 492
464 404
506 348
466 74
476 396
506 188
401 499
428 464
500 134
505 199
506 218
435 39
390 456
469 405
505 181
404 8
403 497
498 112
502 358
476 394
396 450
474 86
509 199
403 7
502 128
490 96
508 354
389 461
490 110
448 426
426 28
470 404
403 9
507 183
436 38
434 40
448 440
504 170
481 89
423 25
500 226
501 145
505 189
403 493
504 152
479 87
401 11
507 175
491 105
465 73
500 132
456 60
428 32
430 464
449 439
493 225
492 106
502 130
500 112
497 227
491 377
501 361
455 61
434 36
504 244
502 146
450 430
480 392
449 49
430 32
425 27
508 216
478 86
504 154
495 225
490 102
402 490
503 151
467 75
505 357
390 462
505 221
504 126
510 198
502 114
419 465
449 435
400 12
507 123
492 224
503 147
402 498
431 33
501 113
468 406
447 425
503 343
506 124
491 223
503 179
507 349
404 496
503 171
450 438
504 254
499 135
500 260
461 409
412 486
496 366
507 353
505 191
472 402
501 225
511 199
503 189
491 103
491 221
506 356
399 13
435 37
501 133
412 478
492 376
427 33
471 402
476 393
500 133
474 87
500 225
429 32
504 125
426 461
402 491
499 134
493 224
502 151
428 33
449 436
480 91
505 220
490 97
474 393
412 479
490 107
506 199
503 342
479 392
501 146
399 12
491 222
403 496
499 112
396 13
499 132
497 260
423 26
426 33
402 497
491 376
505 356
500 239
505 124
495 366
456 57
413 484
501 224
402 493
488 95
500 113
430 463
506 175
504 171
460 409
401 490
498 113
505 350
506 355
464 403
508 199
502 157
464 77
499 238
498 259
502 129
424 27
474 397
469 404
507 354
426 35
497 136
491 106
403 494
506 353
501 260
475 396
475 394
503 152
425 28
505 348
478 87
504 189
503 126
455 60
503 172
435 38
503 156
401 498
503 254
414 481
501 128
496 225
506 349
468 405
501 358
492 375
456 59
396 451
505 182
503 148
412 485
478 393
470 403
448 427
430 33
428 31
489 108
501 360
506 183
510 213
503 244
508 215
403 8
447 426
503 188
425 460
504 347
428 463
451 52
449 438
434 39
504 155
446 425
490 377
504 255
502 127
490 111
455 56
500 151
465 74
505 200
434 37
511 200
505 192
489 168
505 218
461 408
492 223
501 114
502 255
501 130
504 193
449 430
502 149
427 32
402 9
400 11
414 483
449 50
498 135
444 427
418 463
480 89
505 188
390 461
450 51
491 98
466 75
490 103
497 226
509 200
413 480
507 198
464 73
390 457
448 439
452 53
492 109
503 346
502 179
507 122
480 391
504 153
431 462
418 465
510 199
511 212
450 437
445 426
507 184
474 88
426 32
450 52
501 147
474 396
425 35
502 258
505 355
503 155
497 239
479 391
401 491
451 53
490 376
503 257
464 78
504 356
503 245
500 152
448 50
397 503
444 428
488 104
476 392
510 210
496 224
510 212
499 133
481 389
459 409
429 33
493 223
428 462
446 440
474 398
426 458
496 258
504 348
401 497
390 460
449 51
504 188
463 79
502 148
478 392
448 438
493 367
430 462
490 98
456 58
501 259
503 347
412 480
496 136
505 255
497 225
503 153
505 175
401 495
502 180
483 169
487 171
400 492
434 38
500 150
475 393
505 183
402 494
391 461
478 88
502 152
490 106
447 439
397 13
500 224
497 259
399 11
501 149
418 464
445 427
501 129
400 10
423 27
426 460
398 12
509 213
505 219
479 89
447 427
507 199
504 352
455 59
464 402
504 350
461 407
504 194
479 91
506 200
475 395
491 111
499 225
500 146
473 397
487 95
505 349
489 103
494 366
446 426
502 126
511 211
505 193
497 135
506 174
493 221
468 404
503 341
509 201
500 240
508 200
473 399
400 490
488 170
488 108
499 239
489 107
488 168
464 74
504 172
480 390
390 458
422 26
506 184
413 483
429 463
426 34
491 375
500 114
492 222
490 168
501 127
413 481
424 28
507 215
510 200
402 496
505 173
489 97
505 123
501 115
402 8
492 110
427 31
500 360
501 157
506 354
506 122
502 254
505 351
474 394
397 451
501 255
463 77
503 125
490 112
499 151
448 430
470 402
498 238
501 357
412 484
465 77
501 241
489 169
401 9
449 437
460 408
417 463
503 187
452 54
480 90
455 57
433 37
465 75
503 253
396 12
499 113
433 39
433 38
451 54
488 107
504 257
429 462
463 82
505 122
492 111
490 375
506 255
458 409
510 211
500 115
486 103
455 58
430 461
447 428
504 355
502 155
503 258
397 452
502 253
464 401
499 114
399 488
391 460
465 78
454 57
474 395
501 254
478 391
500 149
494 221
412 481
501 126
491 112
432 37
425 30
505 184
500 255
396 503
502 259
395 456
504 123
503 220
417 464
500 129
499 360
503 348
504 183
498 151
489 98
484 169
487 170
503 352
499 128
427 460
498 239
400 493
474 89
496 135
491 168
497 240
463 76
501 156
493 366
491 374
459 408
413 482
504 187
506 215
500 223
422 27
507 200
509 210
483 168
392 461
493 222
500 357
510 201
397 12
481 388
448 51
396 11
475 392
507 214
428 461
497 258
477 88
498 133
501 242
494 223
505 256
503 246
429 34
486 95
464 75
478 89
501 152
445 428
497 134
468 403
503 340
486 171
502 341
500 147
479 90
424 29
472 399
489 106
446 427
504 219
502 125
472 397
503 182
464 79
495 136
502 153
463 80
490 99
411 484
460 407
448 429
445 440
399 492
426 31
399 10
499 256
446 439
503 252
504 173
488 169
401 8
509 212
395 454
469 402
400 489
503 350
397 502
499 224
480 389
493 368
488 103
504 353
501 148
504 351
503 356
500 241
489 170
473 396
502 181
401 494
468 391
504 349
401 496
452 55
423 28
427 458
488 105
505 194
485 102
391 458
505 174
473 398
426 459
492 367
473 394
498 225
496 257
448 437
497 224
505 354
425 34
435 454
479 390
400 491
450 53
400 9
502 182
500 156
499 115
502 174
489 339
431 37
501 155
504 174
498 150
507 213
503 353
502 350
502 246
457 409
493 369
503 183
487 169
498 224
508 210
497 257
504 184
399 491
499 359
468 402
472 394
397 11
410 484
486 170
480 388
494 222
487 105
425 31
460 406
469 401
492 366
423 29
503 349
424 30
463 75
502 154
489 99
485 103
448 52
475 89
430 460
498 240
505 195
488 102
504 186
499 149
511 205
490 374
495 169
510 202
442 52
502 252
475 391
445 439
499 129
504 122
464 82
434 456
503 219
488 98
414 466
500 242
495 137
496 134
503 351
509 211
399 489
398 10
487 381
486 102
447 437
506 256
391 459
464 400
485 95
449 53
429 461
486 96
434 454
506 214
429 35
502 356
492 168
448 54
395 455
471 399
420 26
501 125
427 459
494 138
392 460
443 51
422 28
507 201
483 167
491 169
477 89
487 107
411 483
433 453
424 34
462 76
459 407
498 256
412 482
447 429
478 90
483 103
428 460
458 408
497 133
461 399
495 223
490 170
400 8
503 259
451 55
502 352
468 390
395 503
432 38
499 223
400 496
472 398
502 220
473 395
398 492
484 168
400 494
495 135
502 340
479 389
396 502
495 111
396 454
418 28
471 393
463 81
505 257
488 106
415 463
500 254
471 397
504 354
416 464
396 456
465 79
445 429
446 428
505 215
397 453
498 128
500 148
501 153
499 357
478 390
499 255
469 391
435 453
454 58
398 488
492 112
399 493
491 113
457 408
414 467
397 454
420 27
510 203
461 76
497 132
505 258
507 202
471 392
429 460
424 31
472 395
434 455
393 458
438 397
423 34
492 169
451 56
487 98
447 54
444 439
487 102
490 339
500 253
487 380
465 400
445 438
498 345
499 130
431 38
509 208
511 206
498 241
501 252
489 374
484 103
498 223
460 405
502 251
503 184
502 355
450 57
501 154
508 209
465 80
471 394
500 155
414 463
470 391
428 459
458 407
439 442
442 53
508 211
485 96
502 173
399 496
493 138
464 81
503 174
452 57
394 503
487 106
400 7
448 53
430 459
488 101
499 254
462 399
499 116
480 387
495 222
505 196
429 36
411 482
420 25
392 459
485 168
466 401
415 20
492 369
502 217
495 112
493 112
470 399
501 352
503 216
489 340
488 99
471 398
486 169
490 171
395 502
504 259
504 121
468 401
449 54
502 351
501 348
446 429
416 21
507 210
486 107
501 340
469 390
446 437
486 105
418 29
505 214
415 464
444 51
433 454
494 137
414 465
503 120
453 58
483 104
502 339
398 9
393 460
432 453
424 33
502 247
475 90
501 182
492 113
410 483
397 10
506 257
499 346
475 390
434 453
419 28
499 358
433 452
398 491
498 149
502 349
494 255
497 344
478 389
504 185
503 122
486 381
462 75
479 388
503 354
494 169
439 444
461 400
398 489
503 218
477 90
485 104
501 124
506 213
502 219
443 52
495 170
447 52
494 111
423 30
398 493
491 366
460 399
499 242
483 94
468 389
498 115
495 134
396 455
446 51
497 256
511 204
399 8
484 95
493 168
502 123
421 28
499 148
491 170
399 494
433 456
499 156
390 501
498 359
498 129
498 255
484 167
499 222
494 135
470 398
434 452
498 346
486 106
414 464
502 216
477 91
499 347
451 57
475 389
501 247
417 21
501 183
486 168
502 354
498 116
505 213
438 444
498 222
392 504
506 258
485 105
450 56
509 203
466 80
432 456
487 379
489 371
501 123
497 131
449 55
462 398
446 430
419 29
397 491
502 250
488 366
457 407
471 391
468 400
498 148
508 202
404 456
414 20
494 170
501 173
396 0
485 97
485 167
465 81
397 9
410 482
499 243
439 443
429 37
499 221
503 175
487 99
459 405
423 31
490 172
399 495
444 52
393 503
415 21
488 374
469 399
505 259
419 25
498 358
433 455
463 399
431 39
486 380
493 113
398 454
482 94
493 141
496 126
476 90
395 491
510 206
485 381
498 242
508 208
470 394
494 254
430 458
471 395
405 457
500 340
393 459
487 101
430 38
507 211
491 369
495 183
398 490
423 33
444 438
495 113
496 344
493 169
501 355
394 458
510 204
462 74
493 135
494 112
494 134
440 442
429 459
490 340
480 386
437 397
420 28
507 203
439 397
501 351
502 120
489 341
503 121
469 389
446 436
500 246
477 389
470 390
506 210
491 339
497 359
460 76
391 501
443 53
392 502
490 366
399 7
502 218
505 197
500 348
507 209
399 5
506 212
476 388
396 492
492 170
507 257
394 502
416 22
447 53
397 493
474 390
466 400
503 215
501 251
484 104
414 468
493 137
467 401
445 437
495 125
496 222
497 345
503 185
501 349
445 51
499 253
460 400
498 130
446 52
450 58
509 207
495 255
452 58
424 32
397 455
400 6
483 95
498 254
502 122
478 388
500 154
432 452
destination
