map
random512-35-2.map
pivot
134 267
agent & start
497 511
496 507
496 511
497 510
496 508
495 507
497 509
496 510
495 499
495 510
495 498
495 508
496 509
496 499
486 493
486 494
493 507
494 508
494 510
495 509
494 498
497 499
487 493
493 498
499 498
494 509
493 508
497 498
488 493
494 495
494 497
495 496
493 506
498 499
487 494
492 508
488 494
499 497
498 498
496 496
493 509
494 504
490 494
497 497
493 505
494 496
487 495
489 493
493 495
492 510
493 499
497 496
493 496
490 505
491 510
493 500
492 499
491 494
494 503
498 497
488 495
489 494
490 507
493 504
492 509
493 503
490 506
490 504
490 508
498 496
489 511
489 505
491 495
497 495
492 500
492 504
491 509
489 495
489 507
491 505
488 496
492 496
489 510
491 504
492 501
509 490
511 480
500 493
492 503
489 506
489 496
488 511
491 496
498 495
497 494
510 489
490 509
500 492
499 493
491 503
489 509
511 487
509 489
510 488
487 511
511 481
498 494
510 480
508 490
492 502
509 487
503 491
488 506
490 496
488 509
487 510
508 489
510 487
509 488
509 480
511 486
503 490
500 491
491 502
498 493
511 482
502 491
490 497
487 506
502 490
511 485
501 491
508 488
486 506
486 510
510 482
490 502
487 505
489 503
499 487
500 490
498 492
487 509
510 486
509 481
490 498
487 504
488 503
501 490
499 488
488 499
498 491
486 509
509 482
498 487
510 485
510 483
486 505
489 502
507 488
485 510
511 484
485 506
508 481
489 498
497 487
507 487
489 501
500 488
485 509
486 504
498 490
498 488
487 499
501 489
485 507
510 484
487 503
488 498
499 489
486 508
509 485
484 510
508 482
484 507
506 487
479 490
485 508
487 500
483 504
487 498
486 503
487 502
508 483
486 499
498 489
488 501
507 486
509 484
497 488
474 493
485 504
483 506
480 491
484 509
501 488
477 491
497 489
475 493
506 486
502 488
487 497
508 484
483 493
479 489
483 507
486 500
483 509
484 504
483 503
487 501
486 498
486 496
482 506
484 508
474 494
480 490
481 491
486 502
480 489
506 485
485 502
476 493
482 505
475 494
481 490
484 503
481 492
483 492
486 497
486 501
482 509
507 484
485 496
483 508
495 488
496 489
478 491
483 494
477 492
482 491
482 489
503 488
504 486
477 493
495 489
502 486
483 489
485 497
481 493
494 488
476 494
481 505
478 492
510 478
511 469
503 487
484 496
482 508
485 501
483 495
505 485
475 495
506 484
481 489
483 491
484 502
480 493
481 508
503 486
483 490
481 488
484 501
506 483
476 495
510 477
494 489
510 473
484 497
504 485
483 496
481 504
479 492
505 484
511 470
482 495
484 491
511 468
481 494
502 485
509 478
495 492
477 494
480 508
510 476
505 483
481 495
479 493
494 492
495 491
480 494
483 501
511 471
480 510
508 478
510 472
481 487
502 484
480 504
483 499
481 503
510 468
494 490
484 498
483 497
510 474
509 477
503 485
477 495
484 490
482 496
479 511
482 487
510 467
480 509
481 502
508 479
510 475
478 511
509 474
485 490
505 482
507 480
506 477
508 473
480 495
480 503
482 497
502 483
479 510
509 472
483 500
509 468
503 484
510 471
479 494
504 483
482 499
509 476
507 478
493 490
494 491
482 501
483 498
486 489
478 495
481 497
477 511
480 502
507 469
511 11
506 478
510 466
508 472
479 509
507 477
486 488
508 474
478 496
479 495
509 467
493 491
509 475
507 479
503 483
482 500
479 503
482 498
483 487
504 482
506 480
480 496
485 489
509 471
484 487
503 482
486 487
511 12
507 472
505 480
478 509
479 496
507 476
492 491
508 475
508 471
481 500
506 479
510 11
479 502
509 466
481 498
478 503
507 470
487 488
510 465
506 469
504 481
485 488
477 510
511 464
507 471
477 509
491 491
506 474
504 480
484 486
476 510
479 497
511 463
510 464
508 12
480 500
509 465
508 466
510 12
485 487
505 479
478 502
479 501
503 481
511 13
480 498
487 487
505 469
511 17
507 475
508 11
509 464
485 486
491 490
502 481
508 465
510 17
503 480
505 474
509 12
487 486
505 472
506 9
510 13
475 510
511 18
480 499
479 500
477 508
508 13
506 471
506 475
501 482
510 463
476 509
504 479
479 498
511 16
511 20
478 501
505 470
492 489
483 483
505 7
475 509
504 474
507 11
477 501
505 9
500 482
504 476
510 14
511 21
510 16
491 489
479 499
477 507
509 463
508 460
483 481
505 471
488 486
475 511
505 475
502 480
509 13
506 8
501 481
505 23
508 464
484 484
484 480
504 472
503 479
492 488
485 485
511 19
477 505
478 500
510 20
486 485
504 9
503 472
478 499
485 484
508 463
498 483
510 21
492 487
477 500
489 486
502 479
509 16
508 461
484 481
503 478
477 506
509 14
505 10
511 22
506 23
507 22
475 508
504 471
499 482
483 482
506 11
507 460
505 22
485 480
484 483
501 480
509 462
505 8
503 476
504 7
510 19
474 511
504 475
503 470
491 488
476 505
475 507
509 19
485 481
476 506
502 478
508 462
503 475
511 23
485 483
503 471
504 8
508 16
502 470
492 486
486 484
477 499
508 22
505 21
500 480
508 20
473 511
502 472
499 481
497 483
507 459
510 22
484 482
503 473
498 482
505 11
501 479
506 12
507 461
491 487
509 15
506 22
490 486
507 20
510 23
485 482
491 486
508 15
501 470
509 22
505 460
503 8
504 11
502 7
507 16
505 12
501 472
508 19
475 506
472 511
510 45
497 482
506 459
507 462
499 480
487 484
502 475
476 499
501 478
502 473
506 21
502 471
500 479
471 511
499 479
511 45
475 499
502 474
509 45
496 482
507 19
500 478
506 462
486 482
505 461
474 498
487 483
491 485
506 20
501 7
502 8
505 459
501 473
505 13
504 12
501 471
498 480
506 458
509 23
507 15
474 506
500 471
474 499
495 482
509 24
498 479
500 7
504 13
499 478
509 46
471 510
491 484
470 511
511 46
500 477
505 462
500 475
475 500
505 458
500 473
504 463
502 9
474 505
507 18
473 498
506 15
487 482
501 474
506 19
487 3
491 483
505 15
500 8
506 18
474 504
503 463
502 10
504 14
501 9
509 25
474 500
511 47
473 505
472 498
498 478
493 483
470 510
469 511
499 475
499 471
503 13
495 481
500 474
504 458
509 47
499 477
504 462
487 481
498 475
503 462
471 498
470 497
498 473
510 47
502 11
499 474
494 481
474 501
472 499
503 14
504 19
474 503
488 481
465 510
505 18
501 12
473 504
501 10
503 458
493 482
499 472
487 4
486 3
508 25
500 9
470 509
468 511
503 20
492 483
504 15
498 477
511 48
497 473
508 26
474 502
471 499
466 510
472 500
510 48
500 10
485 3
497 477
471 497
509 447
503 461
499 9
500 12
469 509
492 482
496 472
489 481
503 15
488 480
503 21
473 501
473 503
493 481
504 18
503 19
467 511
486 4
465 509
470 496
470 498
502 458
498 472
501 11
511 49
499 13
498 474
492 481
502 459
503 16
471 496
509 446
500 13
484 3
511 50
507 26
509 448
499 14
502 21
500 11
471 500
472 501
470 499
497 474
468 509
502 461
502 15
489 480
496 7
508 447
496 473
486 5
497 472
499 10
503 460
503 18
504 25
508 27
498 9
466 509
467 510
496 477
510 49
473 502
498 10
501 15
490 480
501 459
510 50
507 447
466 508
502 460
507 27
484 4
471 495
491 481
499 11
496 8
483 1
502 18
502 16
503 17
509 49
495 7
508 448
511 51
494 6
504 26
501 21
496 474
496 476
508 446
467 509
500 14
483 3
502 44
509 51
505 25
485 5
497 471
506 26
470 500
472 502
503 43
471 501
482 1
494 7
471 502
496 9
507 448
495 474
482 3
470 501
495 476
511 52
503 44
502 17
493 6
501 460
506 27
500 15
505 26
507 446
491 480
483 2
489 468
484 5
485 6
467 508
497 10
466 507
509 50
508 51
506 447
497 470
498 11
506 45
490 479
469 506
471 494
509 52
504 27
496 475
501 22
501 18
502 43
506 46
496 10
472 494
490 468
468 506
508 50
482 2
510 52
481 1
484 6
498 468
505 27
485 7
505 45
469 505
494 474
500 22
506 446
492 6
506 448
505 447
500 16
497 469
470 502
489 469
494 8
467 507
501 17
500 460
507 445
507 47
497 11
466 506
495 475
506 28
504 28
491 479
502 42
494 476
503 45
491 469
511 53
495 10
493 478
494 475
500 17
483 8
505 446
491 6
493 474
481 2
496 469
499 20
505 46
505 28
469 504
510 53
493 8
480 13
491 478
468 505
498 467
504 29
503 46
489 6
491 470
507 48
484 9
472 491
496 11
472 493
492 473
499 22
507 444
499 16
496 467
506 47
490 469
468 501
504 41
500 461
467 506
506 29
502 41
494 9
505 448
497 468
511 54
504 45
499 460
507 50
504 447
471 490
484 7
470 489
469 502
491 7
470 490
498 16
492 474
499 461
507 443
467 501
481 13
471 491
497 15
467 505
504 46
470 488
496 12
504 448
503 41
505 47
483 7
483 9
493 477
496 468
469 503
486 8
504 40
495 11
482 10
493 475
506 50
480 12
498 20
505 29
493 9
499 21
510 54
490 470
481 11
491 471
505 445
469 489
472 492
496 466
508 56
499 17
495 469
506 48
485 9
500 464
503 447
492 478
491 473
490 6
468 502
498 466
489 7
497 19
480 2
502 447
481 10
482 9
497 16
506 443
495 468
471 492
498 461
492 475
494 11
487 8
502 445
486 9
503 446
506 49
498 17
492 9
468 503
506 51
504 445
470 487
498 465
491 472
481 8
467 504
467 502
503 448
508 53
497 14
479 12
497 18
490 7
503 40
496 465
507 56
498 21
481 4
497 20
478 3
482 11
505 30
492 477
479 2
499 464
469 488
497 466
470 491
482 7
504 47
499 24
470 493
508 55
490 471
500 463
470 485
481 12
496 19
509 54
495 12
492 10
466 504
494 468
496 14
497 21
502 444
481 9
504 454
504 38
496 20
504 444
497 17
503 39
505 31
481 7
493 11
469 485
505 443
470 492
479 3
507 55
505 51
489 471
498 462
469 487
481 5
504 48
502 448
499 463
494 12
505 49
478 4
491 475
467 503
482 12
492 476
487 9
508 54
480 4
498 24
499 25
470 486
480 8
503 445
507 53
479 11
469 493
490 472
498 464
496 16
506 52
496 18
503 449
497 465
507 441
490 8
495 14
506 441
481 6
490 9
489 472
480 9
479 4
502 449
469 484
483 12
505 52
491 476
469 486
496 21
507 54
503 444
497 24
503 450
497 22
498 25
497 464
467 494
468 485
504 31
491 10
465 504
496 17
504 49
504 37
497 462
507 440
498 463
502 39
493 12
479 10
505 32
504 453
492 11
503 454
494 13
503 38
504 443
494 467
466 503
488 9
505 56
506 55
469 492
497 463
504 36
495 25
505 55
503 453
496 22
478 10
468 486
502 38
506 54
467 493
505 53
504 442
504 32
503 443
501 449
480 6
494 14
492 12
505 441
501 39
479 5
500 448
491 11
503 31
489 9
494 466
505 33
503 451
465 503
488 478
500 28
504 452
495 17
506 440
502 450
489 473
504 56
488 472
467 495
490 476
468 492
484 12
468 484
504 50
501 29
479 9
497 25
496 24
503 32
494 17
505 54
479 6
493 20
484 13
500 449
485 12
491 12
489 474
506 439
493 466
487 478
499 28
465 502
493 18
503 36
504 35
467 486
495 26
494 21
489 476
501 30
495 464
478 9
489 10
501 38
503 56
488 477
494 25
495 22
494 465
502 451
496 25
504 33
467 492
467 484
501 450
496 463
490 11
499 448
504 441
504 55
503 442
503 50
493 14
468 495
503 452
487 472
500 29
486 472
490 12
500 450
496 26
466 484
499 455
493 15
493 465
501 31
497 27
498 456
466 492
467 487
468 498
498 448
502 50
506 438
504 440
489 11
503 33
493 21
478 8
501 37
503 55
502 36
468 496
504 34
501 451
493 25
503 441
502 56
493 19
495 463
485 13
494 24
465 501
487 477
467 491
493 17
488 474
488 476
500 30
501 453
486 478
486 12
502 452
492 20
479 7
464 502
492 18
494 464
504 54
498 28
494 22
502 32
486 477
496 51
468 497
499 30
487 476
506 437
497 28
493 24
489 12
494 23
493 16
488 475
477 6
503 34
463 502
467 490
501 452
499 454
465 492
466 485
492 19
492 25
500 37
493 22
501 32
485 472
503 54
494 463
502 35
467 488
502 51
502 55
496 27
476 5
484 471
493 464
486 13
499 450
503 440
492 15
487 12
485 478
498 455
497 456
466 499
465 500
500 453
478 7
477 8
491 20
487 474
467 498
498 449
493 463
464 500
501 33
487 13
498 450
465 499
498 30
505 437
484 470
488 12
507 437
495 461
485 477
502 52
496 28
496 52
494 462
465 491
491 21
499 453
499 451
502 440
487 475
495 29
506 436
485 471
467 497
475 5
492 24
503 439
467 489
465 493
490 20
466 490
489 13
509 435
497 51
502 34
477 7
465 485
463 501
508 436
466 498
492 16
491 19
476 6
502 54
486 476
497 455
500 36
493 23
500 452
501 51
496 456
508 435
494 61
484 477
498 451
498 51
496 455
494 461
465 496
492 33
494 459
463 500
501 34
503 438
491 16
496 29
464 493
493 462
497 30
492 23
484 469
466 489
501 52
502 53
499 452
485 476
466 497
475 6
505 436
476 7
496 53
465 490
491 24
488 13
465 486
490 19
509 434
485 470
502 439
495 30
495 460
489 14
500 35
493 32
486 475
456 489
507 436
464 499
490 21
463 493
492 34
500 34
493 459
498 452
494 60
502 438
475 7
456 490
474 6
464 486
507 435
463 491
489 19
493 461
485 475
462 492
463 499
489 15
493 457
465 497
461 491
505 435
491 23
496 30
492 456
465 489
486 470
496 454
493 33
464 490
485 469
509 433
497 31
488 14
483 477
457 489
494 458
494 32
497 453
493 61
494 460
464 496
508 434
496 54
492 462
498 52
490 18
501 53
490 16
490 22
500 52
465 487
490 24
497 451
482 477
489 16
485 468
462 491
496 453
463 490
509 432
474 7
507 434
462 493
492 455
493 60
497 32
464 497
496 31
484 475
465 488
497 452
463 498
493 458
491 456
502 437
492 461
486 15
499 52
493 456
472 7
488 15
458 489
461 500
460 491
486 469
457 490
499 34
500 53
495 32
496 55
460 501
483 476
494 59
494 455
493 34
464 487
462 499
493 460
498 53
508 433
489 18
490 23
461 492
459 490
501 438
504 435
462 498
493 455
459 501
483 475
496 32
462 490
487 15
504 434
508 432
505 433
461 499
497 55
459 491
482 476
498 34
495 33
461 493
492 458
494 454
486 468
501 437
506 434
502 436
492 460
458 490
490 456
491 457
499 53
494 34
469 11
496 452
492 454
473 7
463 497
486 16
460 500
471 7
489 23
493 59
464 488
463 487
460 492
497 33
457 491
472 8
489 17
495 57
462 494
491 455
495 59
491 461
499 54
508 431
495 56
495 452
489 456
493 58
470 11
495 34
496 33
472 9
497 34
462 497
462 489
483 474
494 453
502 435
460 499
491 460
482 475
461 498
460 493
487 16
496 57
463 488
459 500
468 11
491 458
500 437
457 492
473 8
491 454
498 35
488 17
504 433
497 56
471 8
461 494
494 57
488 23
506 433
493 454
486 17
490 457
486 467
470 9
499 436
492 59
481 476
458 491
496 59
469 10
488 24
501 435
499 435
496 58
489 457
459 493
496 34
499 55
486 466
493 57
468 10
491 453
498 56
462 488
467 11
506 432
470 8
487 17
459 499
496 60
494 56
497 35
481 475
500 436
458 492
495 451
489 57
492 58
456 492
491 459
473 9
482 474
490 458
471 15
460 498
469 7
497 59
493 453
507 431
473 483
470 12
461 497
469 9
504 432
460 494
496 35
501 434
492 57
467 10
460 497
506 431
471 12
488 457
493 452
473 10
489 56
472 483
458 493
469 8
486 465
481 474
490 459
491 452
507 430
487 456
456 493
461 488
490 57
498 59
498 57
473 482
472 15
474 483
504 431
459 494
468 7
496 61
499 56
487 24
470 13
500 435
494 55
495 450
487 18
494 451
493 56
489 458
497 58
471 14
459 498
500 56
499 433
487 457
478 474
506 430
499 57
504 430
489 459
497 61
487 19
458 494
486 456
491 57
460 488
472 12
472 482
492 452
496 36
471 13
493 451
493 55
466 10
498 58
505 431
474 482
473 15
474 10
464 12
459 497
468 8
492 56
495 449
501 433
486 24
494 450
500 434
491 451
507 429
471 483
480 474
469 1
472 14
456 494
473 481
503 431
486 464
503 429
490 56
498 60
506 429
477 474
474 11
459 496
473 14
486 463
485 26
492 451
457 494
500 433
487 458
499 58
499 432
488 459
496 37
480 473
474 481
503 430
493 450
485 456
485 20
500 57
508 429
486 25
464 11
472 13
465 10
471 482
467 8
468 1
505 430
503 428
491 450
478 475
491 56
469 2
486 457
467 0
498 61
492 55
484 455
460 487
486 19
463 12
494 449
503 427
465 9
458 496
484 454
468 2
464 10
486 458
504 428
499 61
487 459
474 12
485 457
457 497
470 482
502 426
474 480
495 37
501 431
469 3
460 486
485 455
475 11
509 429
471 479
466 0
505 429
479 473
477 475
466 8
463 11
502 430
484 20
500 58
484 26
457 495
485 19
467 1
491 55
485 25
496 38
486 462
500 432
473 13
472 480
492 450
494 448
468 3
484 19
464 9
461 486
470 479
479 470
486 461
494 37
497 38
479 472
476 475
484 21
501 430
487 460
485 458
484 17
490 53
504 427
471 480
493 448
486 459
456 497
474 13
505 428
469 4
475 12
477 476
466 1
494 447
485 22
492 449
502 425
470 481
503 426
500 61
491 54
483 456
500 431
501 58
475 478
472 479
465 8
463 10
509 428
474 479
485 454
468 5
484 25
476 477
457 496
465 1
481 455
484 24
470 480
484 458
474 478
464 484
473 479
462 10
500 430
476 476
466 2
482 456
456 496
485 23
475 13
486 454
470 478
485 459
483 17
479 471
484 22
465 7
509 427
501 61
494 446
482 16
462 486
483 457
464 8
467 3
486 460
475 477
468 4
467 5
469 479
484 18
496 444
497 39
495 39
500 62
493 447
503 425
461 485
502 58
478 472
490 52
491 53
469 481
481 15
478 470
492 448
464 482
505 427
494 38
482 455
486 451
484 55
477 470
464 1
486 453
480 15
503 58
485 460
492 53
476 13
469 480
484 23
497 40
481 16
467 4
504 425
483 18
464 483
495 444
481 456
463 482
494 445
478 471
506 427
495 40
462 485
462 9
499 430
474 477
482 17
470 477
463 484
464 7
491 52
466 3
492 447
475 476
501 62
475 14
508 427
494 39
455 496
482 457
484 459
473 478
466 5
496 443
465 2
463 0
472 477
489 31
504 424
485 451
468 480
463 483
494 40
501 63
478 24
476 14
483 55
464 2
471 477
465 5
496 40
480 16
461 9
484 54
492 52
462 8
507 427
497 41
476 26
492 446
477 25
454 496
496 442
462 484
473 477
495 441
465 3
505 425
491 35
490 448
499 429
499 45
504 58
470 476
494 444
466 4
495 41
484 460
483 23
481 457
482 18
463 1
499 43
503 59
482 454
486 56
478 14
486 452
464 6
483 459
474 476
462 0
491 445
477 471
493 445
496 438
476 15
488 31
477 14
453 494
493 40
489 60
464 3
495 438
485 56
463 6
486 57
502 63
493 52
478 15
507 426
490 445
471 476
462 483
477 26
482 459
491 444
492 445
479 24
504 59
499 44
490 35
482 23
461 8
479 16
496 41
486 55
489 32
493 444
485 54
491 446
496 435
482 19
490 447
495 442
498 43
476 27
485 452
503 60
462 1
481 458
476 471
480 17
489 448
499 46
467 480
488 59
491 36
506 425
453 496
478 25
464 5
495 440
498 429
461 0
473 476
482 453
483 56
505 424
496 439
483 460
465 4
497 428
483 57
464 472
496 434
503 63
496 428
463 5
495 439
491 443
488 30
506 424
492 444
453 495
495 435
479 17
487 59
478 16
506 58
471 475
479 25
494 442
467 479
487 55
493 51
466 480
481 459
497 429
464 4
489 445
494 434
493 41
504 60
461 7
475 473
511 59
477 15
483 461
498 46
478 26
484 452
496 42
461 1
460 0
507 425
487 29
467 473
480 18
487 31
489 35
461 483
490 36
481 19
490 446
480 56
489 61
476 472
486 54
494 440
452 494
477 27
452 496
473 475
505 59
483 453
485 57
481 23
474 474
482 56
489 447
486 58
489 33
493 437
493 443
482 460
488 60
463 3
486 28
498 44
461 482
494 433
489 446
484 57
496 429
461 6
467 472
493 50
466 479
494 439
479 18
482 57
487 62
480 57
493 434
481 56
474 473
486 29
485 58
480 19
466 473
503 62
497 46
488 35
451 494
475 472
494 435
497 430
506 59
485 28
480 25
464 473
460 7
479 26
459 0
496 433
511 60
495 434
487 32
478 27
487 54
480 23
481 22
493 442
488 61
488 33
451 496
504 61
486 31
488 447
490 37
483 462
492 437
492 443
467 474
481 460
497 44
510 59
473 474
472 475
468 473
471 474
465 472
507 58
478 17
496 43
482 461
493 42
461 2
463 4
493 438
483 58
487 30
452 495
507 424
487 60
483 452
477 16
488 55
461 3
505 61
481 25
489 37
511 61
493 439
493 49
493 435
485 59
495 43
495 429
451 495
465 473
487 33
492 438
496 430
508 424
494 42
493 441
469 473
477 17
474 472
481 21
487 61
497 431
485 449
470 474
459 1
468 472
478 18
483 451
460 2
508 58
506 60
481 461
492 436
462 4
504 62
482 58
492 50
492 442
492 440
486 62
472 474
496 432
486 60
480 22
466 474
488 54
459 7
491 437
467 475
497 45
487 35
484 58
483 59
496 44
465 13
480 20
460 6
458 0
484 28
480 26
486 30
473 473
478 28
461 5
481 57
465 479
482 462
488 446
479 19
461 481
495 433
493 43
509 59
488 36
470 473
488 53
464 479
481 462
459 2
474 471
477 18
491 436
508 59
486 61
495 430
486 35
482 59
480 27
484 59
450 495
506 61
485 60
488 37
487 446
495 46
496 431
461 4
473 472
478 61
479 28
485 62
479 22
472 473
495 432
510 423
492 49
462 481
510 61
479 20
483 28
460 5
484 29
483 450
459 6
492 439
469 472
481 26
495 44
492 441
466 13
485 448
478 19
487 34
484 449
466 475
505 62
457 0
481 58
465 474
486 33
492 435
496 45
487 36
494 429
494 43
508 423
480 21
485 30
465 14
473 453
469 15
485 61
510 422
508 60
457 1
482 28
485 447
491 49
511 409
484 448
509 423
491 435
510 62
484 62
485 35
465 475
474 470
486 36
479 21
494 44
481 59
491 439
489 437
491 441
480 462
488 38
472 472
487 445
506 62
479 61
487 37
494 430
459 5
505 63
479 461
488 52
490 436
462 480
478 62
449 495
466 14
484 60
481 27
490 438
477 19
466 476
482 450
473 471
484 30
467 13
458 2
463 479
480 28
492 48
478 20
494 46
460 4
495 45
495 431
459 3
470 472
486 34
489 51
488 437
481 450
509 422
511 420
485 446
473 452
490 439
507 62
462 479
444 511
511 410
478 463
483 448
483 30
482 29
508 61
472 471
481 60
488 51
478 461
459 4
477 20
475 450
470 471
490 441
467 14
511 408
489 438
494 45
457 2
509 62
464 477
478 63
473 470
485 34
449 496
466 15
474 453
482 449
491 48
486 37
463 478
479 62
481 28
480 61
478 21
480 451
469 16
479 462
489 50
471 472
491 434
490 49
484 31
468 15
488 421
487 38
490 435
494 431
488 39
484 61
506 63
487 444
465 476
475 453
488 50
443 511
492 46
511 419
493 431
490 48
507 63
477 21
482 30
447 493
511 411
490 440
469 17
475 451
481 61
446 492
458 4
444 510
483 447
485 445
471 471
463 477
449 491
462 478
480 450
464 476
487 421
491 47
481 449
508 62
483 35
488 438
484 32
445 493
493 45
457 3
489 439
479 69
490 434
479 63
472 470
484 36
478 68
448 496
481 29
487 39
483 31
449 497
468 16
487 437
491 433
509 421
478 450
492 44
484 34
467 15
488 436
486 444
480 62
476 450
478 462
478 460
511 407
489 441
483 61
477 463
492 430
486 38
510 420
474 452
479 451
482 448
488 422
474 450
491 44
492 431
473 448
463 476
508 63
485 444
488 49
477 448
488 423
474 449
456 3
491 46
476 449
483 32
469 18
480 449
483 36
462 477
472 469
448 491
447 494
442 511
477 460
478 451
480 63
479 452
475 452
478 459
508 421
457 4
477 22
448 497
472 467
467 16
510 419
478 67
480 69
477 458
489 440
484 33
471 470
483 34
507 64
486 421
445 494
443 510
468 17
477 462
449 490
488 425
479 450
443 490
492 45
491 430
484 37
507 420
511 412
481 36
489 48
511 418
446 493
491 432
506 419
480 37
486 443
479 68
511 406
487 436
487 40
482 61
485 38
490 433
481 30
488 439
489 434
485 434
477 450
482 447
447 492
482 31
486 435
509 420
481 62
486 39
488 426
488 48
483 33
511 405
488 440
486 442
478 452
443 489
481 31
480 36
477 459
468 18
485 39
477 447
476 460
484 38
448 490
508 420
481 69
508 64
478 448
441 511
467 17
484 434
446 490
444 490
486 40
472 468
481 37
476 452
471 469
480 64
455 3
472 466
473 447
506 418
510 418
507 419
490 430
477 451
469 19
473 465
482 62
487 439
476 462
462 476
487 425
442 510
474 448
503 423
487 423
456 4
479 449
483 37
447 495
485 421
463 475
447 491
457 5
476 448
478 458
511 417
485 435
482 446
462 16
488 428
479 67
491 431
485 443
476 22
489 433
491 45
487 435
447 497
511 413
479 453
489 47
483 445
486 422
489 423
446 494
455 4
476 459
511 414
447 490
510 415
481 64
481 68
482 33
440 511
485 442
483 38
484 443
488 47
477 452
482 445
479 36
509 64
478 453
467 18
483 444
490 423
456 5
482 63
487 434
482 69
480 67
510 413
485 422
487 440
446 489
480 35
474 463
485 40
488 427
472 465
486 439
511 416
482 37
462 17
463 474
473 464
461 476
445 490
446 495
509 412
490 45
448 489
456 7
487 428
478 457
502 423
461 18
480 447
468 19
484 435
510 417
475 462
470 469
473 446
469 470
489 46
475 22
507 418
509 418
481 32
475 448
507 412
490 431
462 475
447 498
511 404
454 3
466 17
487 424
471 468
476 447
508 419
462 15
479 448
476 461
503 422
441 510
489 432
444 489
476 23
446 498
485 441
450 486
467 19
485 439
507 413
498 422
453 3
475 447
510 416
482 64
473 463
465 17
508 418
484 40
466 18
461 15
475 461
462 474
501 423
475 459
479 447
483 423
478 456
461 475
487 433
489 431
483 443
473 445
487 43
470 468
497 423
485 41
482 38
440 510
486 42
487 427
488 44
469 469
455 7
477 453
481 33
468 470
484 442
509 65
481 39
484 422
472 464
461 17
447 489
482 68
486 424
456 6
445 489
491 423
510 414
463 17
455 9
488 432
483 63
475 23
454 4
480 446
458 10
502 422
481 65
483 435
503 421
489 45
486 440
480 40
485 423
508 412
488 46
509 417
509 411
481 445
446 496
479 35
480 66
462 18
456 8
511 403
439 511
474 462
439 510
483 68
487 46
464 17
440 509
474 445
475 446
459 18
463 18
474 459
488 431
458 19
482 67
468 469
487 44
483 436
498 421
483 442
480 33
460 457
457 10
496 423
472 463
509 414
509 410
491 424
482 65
458 23
461 474
456 9
460 15
470 465
485 440
481 66
445 498
488 45
454 9
484 41
486 433
482 423
508 417
501 422
484 423
509 416
482 443
453 4
450 485
468 21
487 432
478 455
466 23
486 427
461 454
482 39
447 488
467 20
480 443
445 496
484 441
510 403
477 454
480 41
481 40
510 65
449 486
479 34
467 22
508 413
469 468
460 17
458 11
483 64
475 24
474 461
473 444
479 446
485 42
502 421
497 422
486 43
511 66
466 19
481 444
454 5
445 488
455 6
497 420
485 424
474 460
508 414
477 455
485 425
473 23
470 464
482 442
474 24
508 416
474 444
445 487
458 20
487 431
485 43
466 22
444 496
467 23
438 502
460 456
511 67
460 474
466 20
500 422
481 443
460 16
458 22
494 424
469 467
449 485
492 424
479 445
472 462
510 400
457 23
458 18
437 511
496 422
510 402
499 421
479 31
436 504
445 497
465 19
482 436
510 66
462 454
486 432
454 6
450 484
482 66
487 45
482 424
438 510
440 508
458 12
483 67
468 468
498 420
461 455
482 40
463 19
437 499
497 421
479 33
439 509
443 499
481 41
484 42
473 461
469 465
467 469
478 30
467 21
437 509
480 444
484 440
480 42
438 500
466 470
447 487
460 458
508 410
475 445
444 498
483 65
459 17
456 10
484 424
464 18
437 503
486 426
454 10
484 68
486 46
453 5
501 421
468 22
476 457
461 456
484 43
511 68
472 23
486 45
441 482
448 485
471 462
478 31
479 444
436 511
436 503
437 510
479 32
496 421
442 499
472 461
453 6
465 20
483 42
483 440
444 487
456 23
500 421
443 498
438 509
470 463
462 457
509 400
482 441
510 401
485 44
459 16
508 415
474 443
466 21
463 454
437 502
454 475
458 13
473 24
453 10
447 486
445 486
481 442
438 503
456 11
442 483
485 426
483 66
473 460
482 425
444 497
457 20
437 500
458 17
457 22
484 425
483 438
465 470
481 42
468 23
437 498
459 22
495 422
485 46
493 424
466 469
476 455
486 431
467 468
485 68
484 69
494 423
460 473
482 437
476 445
469 462
480 43
477 30
437 504
468 467
443 496
469 466
449 484
438 501
482 41
440 481
461 458
464 19
507 410
478 33
498 419
510 67
439 508
507 415
469 23
446 486
484 66
475 443
482 438
483 425
463 21
452 10
441 479
459 21
457 21
475 457
500 420
493 423
469 461
458 14
456 12
468 24
435 511
510 68
498 418
499 419
508 400
442 482
444 482
444 486
455 23
483 43
437 501
436 510
477 31
462 456
486 430
470 462
453 475
482 42
454 476
443 483
478 32
442 498
464 454
495 421
485 67
462 458
511 69
485 45
448 484
471 23
474 442
458 16
467 467
451 5
460 472
453 7
475 455
481 437
509 401
443 497
447 485
452 478
464 20
436 502
438 508
465 469
452 6
485 69
465 21
481 43
438 504
436 500
476 456
472 460
482 440
481 441
438 498
484 426
472 24
440 480
506 410
478 444
445 485
468 466
483 439
476 444
440 482
477 444
482 439
506 415
495 420
484 45
477 32
450 481
450 5
438 507
451 6
457 16
457 14
460 471
452 479
469 24
434 511
444 485
452 475
466 467
464 455
455 22
485 428
485 430
438 505
435 510
456 13
462 471
474 457
439 482
450 11
451 478
461 472
494 421
463 456
508 401
472 25
453 476
476 33
464 21
453 8
444 483
475 456
463 22
486 71
493 422
470 461
510 69
505 410
464 459
483 426
441 480
471 460
485 70
500 419
507 400
436 501
465 468
452 477
480 441
467 466
481 438
452 9
443 482
458 15
462 21
442 497
445 484
460 21
483 44
464 469
435 502
442 479
471 24
495 418
474 441
456 21
475 442
474 455
509 68
511 70
485 66
463 458
497 418
439 498
484 427
447 484
446 485
482 43
484 428
505 411
480 440
452 476
449 5
464 458
456 14
470 460
463 23
466 466
506 414
450 6
467 465
450 480
476 442
495 417
465 459
450 10
464 468
508 402
487 71
451 479
495 419
452 8
436 508
494 420
471 25
486 70
470 24
505 401
474 456
435 509
435 501
445 483
442 480
465 455
449 481
476 32
443 485
454 22
472 26
489 73
510 70
464 456
508 68
477 443
451 9
440 498
455 21
446 484
449 11
485 429
464 22
451 7
486 66
479 441
438 506
475 33
462 22
439 483
441 497
503 417
443 479
496 418
443 481
482 44
481 439
434 510
434 502
462 470
461 21
473 457
488 72
461 471
483 427
483 45
507 401
457 15
465 467
437 507
475 441
493 421
450 478
501 419
488 65
466 465
449 480
450 9
496 417
501 418
450 479
490 73
471 26
488 71
441 496
464 23
449 476
442 485
434 503
434 501
440 497
455 20
465 456
451 8
442 487
487 70
504 411
465 24
433 510
483 428
510 71
465 458
507 402
505 414
465 466
472 457
444 5
502 417
476 441
454 21
437 506
494 419
504 401
484 429
470 459
447 482
506 401
487 68
439 484
455 14
456 19
464 457
503 416
482 45
450 7
489 72
450 477
462 23
448 5
470 25
461 22
436 507
475 32
451 476
495 416
480 439
508 69
507 404
466 459
483 46
464 467
505 400
484 47
435 508
505 412
443 480
508 403
446 483
465 460
478 441
456 15
487 66
479 440
449 10
493 420
449 478
473 456
477 442
461 470
471 458
467 460
445 481
455 19
433 509
490 72
448 6
507 405
481 45
441 487
436 506
504 412
440 496
462 24
507 403
488 68
470 458
454 20
461 467
504 414
487 69
445 5
471 457
450 476
493 419
474 32
466 458
447 481
502 416
435 507
509 71
467 461
434 500
500 396
479 439
500 416
442 486
484 48
464 24
488 66
471 29
470 26
458 470
433 499
464 466
441 495
478 440
483 429
483 47
489 65
503 415
461 469
444 6
467 459
461 23
434 508
450 8
477 441
435 505
449 7
496 416
510 72
446 482
501 417
448 480
465 465
456 18
504 400
465 457
508 70
433 503
463 467
489 71
505 413
444 480
440 484
449 479
455 15
466 460
506 402
484 52
472 456
465 25
449 475
449 9
460 24
471 28
468 459
473 32
500 395
482 47
434 507
463 466
483 430
449 8
433 508
433 498
446 481
502 415
483 48
494 63
447 480
454 19
472 455
434 499
469 458
500 415
433 504
507 70
466 461
471 452
450 475
445 6
490 65
459 470
470 29
497 416
448 479
462 25
489 68
439 496
479 438
461 466
445 480
454 15
462 467
501 416
458 471
509 72
501 396
503 414
448 7
510 73
440 485
471 456
461 24
503 400
464 465
478 439
477 440
447 6
488 69
490 71
466 457
493 418
504 413
441 486
464 25
456 17
481 46
434 505
484 51
433 500
440 487
489 70
496 415
465 26
470 27
435 506
460 469
460 25
457 470
446 5
489 66
467 458
506 405
506 403
440 493
440 495
471 32
483 52
489 69
434 506
467 457
497 415
439 495
502 400
501 395
483 49
469 27
454 16
501 399
445 7
484 50
499 415
447 479
472 32
471 455
462 466
448 8
477 439
470 28
494 64
466 462
502 396
505 403
440 494
482 430
464 26
432 504
457 471
492 418
480 46
479 45
473 33
463 465
469 29
460 26
478 438
468 458
508 72
482 52
463 25
445 479
465 27
434 498
483 53
493 63
433 507
469 457
440 486
509 73
490 70
459 469
438 496
504 396
471 453
503 413
483 51
502 414
500 394
454 18
491 65
470 452
440 492
446 480
483 431
446 6
450 474
507 71
461 25
490 66
499 395
505 405
481 47
435 499
432 500
500 400
506 70
482 48
439 493
455 17
501 415
471 33
434 497
445 12
462 465
511 80
490 67
481 434
501 400
431 504
482 53
469 28
439 492
503 396
439 486
491 66
501 394
501 398
461 26
466 27
478 45
498 65
431 500
504 403
472 33
433 506
460 27
447 8
494 65
479 44
470 453
471 34
445 478
468 457
479 46
481 48
438 495
470 455
505 70
492 65
455 472
437 496
473 34
477 438
453 18
501 414
465 462
471 454
478 47
469 456
463 26
498 415
502 413
454 17
447 10
490 69
492 417
451 474
503 402
467 456
500 399
464 27
456 471
502 395
491 70
493 64
440 491
499 394
507 72
432 501
502 401
432 505
509 74
482 431
483 50
504 395
500 393
435 498
446 7
499 400
459 468
439 494
482 49
444 477
504 405
446 479
497 414
499 397
453 17
462 464
491 67
481 431
464 462
455 471
446 8
511 79
438 486
482 432
480 434
493 65
498 414
463 27
442 476
467 27
501 413
445 11
491 417
478 436
446 10
469 455
507 73
443 477
498 400
499 399
481 433
430 504
452 16
499 401
461 27
492 70
445 13
479 47
494 66
458 468
503 403
482 50
505 71
492 66
446 478
472 34
435 497
508 74
504 404
451 15
495 65
481 53
447 9
459 467
437 495
480 48
468 28
431 501
503 395
499 393
429 505
511 77
506 72
451 473
511 81
500 392
477 47
480 428
501 401
438 494
445 477
502 412
502 402
502 394
444 476
468 456
431 505
510 80
481 49
478 44
438 492
432 506
491 69
454 472
452 18
470 454
500 398
497 65
477 437
498 66
439 491
496 65
480 427
450 15
437 494
461 464
500 413
480 53
508 75
500 391
491 68
459 466
478 43
477 436
430 505
498 393
503 404
477 48
460 465
446 9
442 475
497 66
498 413
476 437
469 42
431 506
456 469
431 508
509 80
429 504
478 435
467 28
452 17
502 407
498 397
451 472
463 462
510 81
443 476
429 502
462 27
499 392
480 429
499 398
503 394
480 431
439 488
438 491
457 468
479 48
502 403
501 412
510 77
481 50
438 487
453 472
479 434
502 405
468 455
430 501
467 30
493 66
445 14
501 410
480 49
451 18
499 402
505 72
456 467
458 467
464 461
472 35
469 454
501 402
445 10
498 67
428 503
491 416
437 486
492 67
492 69
506 73
481 432
497 400
493 392
511 78
451 16
455 470
436 495
446 477
435 496
461 28
432 494
492 68
504 72
506 82
472 36
428 504
507 75
450 18
499 391
447 477
443 475
460 464
438 490
459 465
477 43
430 508
437 487
479 427
511 389
499 413
445 15
438 488
463 461
477 49
496 400
450 16
500 390
428 502
502 404
496 66
481 51
498 392
497 399
461 29
493 67
453 471
455 467
467 29
469 41
455 469
476 436
493 391
479 431
436 492
497 67
429 501
491 415
509 81
437 493
500 402
501 407
502 406
498 398
508 76
437 491
510 78
501 411
505 73
497 393
462 28
439 489
468 42
479 49
462 462
436 494
500 410
445 9
446 14
506 74
509 395
479 433
457 467
456 468
503 393
452 472
494 392
451 17
431 507
468 454
509 79
435 495
480 432
449 15
479 53
477 435
468 30
480 430
430 506
505 74
467 454
427 504
500 411
427 502
449 16
509 78
462 461
508 395
493 68
501 406
471 36
479 50
458 465
452 471
504 75
510 393
494 391
476 435
466 29
454 469
469 40
509 394
432 493
491 414
495 400
479 432
459 464
495 392
498 391
504 393
496 67
446 15
480 51
511 392
430 507
478 427
507 76
510 389
450 17
468 31
496 399
453 470
429 508
499 390
436 493
497 398
434 495
428 501
438 489
494 393
506 81
492 415
499 412
433 494
447 476
504 73
455 468
507 82
479 52
436 491
468 453
497 394
457 466
460 463
477 434
444 9
501 404
443 474
445 16
437 488
476 43
500 389
500 403
508 81
506 75
468 41
479 430
478 49
462 29
468 33
508 77
511 390
447 15
437 489
478 50
506 76
427 501
447 475
478 430
448 474
508 394
507 393
461 461
430 498
494 390
494 68
511 391
505 75
500 404
496 394
510 390
503 73
476 44
495 399
449 17
452 470
470 36
510 392
459 463
434 494
466 452
500 406
462 460
469 39
467 33
425 503
468 32
446 16
460 462
478 432
436 488
475 43
425 501
478 52
495 67
427 505
436 490
504 74
495 393
435 493
477 427
426 504
463 29
499 405
465 29
457 463
495 391
424 502
443 9
457 465
409 5
504 392
429 507
500 388
509 393
428 508
508 78
444 474
454 468
442 8
476 434
497 69
426 502
421 501
468 452
496 398
467 453
492 414
499 389
477 433
479 51
507 81
499 411
468 40
498 390
433 493
493 415
499 388
508 393
459 462
428 507
422 501
424 503
447 474
465 30
475 44
463 30
467 452
497 70
507 78
495 398
469 38
450 471
457 464
507 392
430 497
466 451
434 493
447 16
425 500
453 468
477 428
498 389
510 391
456 463
426 505
426 509
495 68
461 460
421 502
476 433
441 8
469 36
442 9
498 405
478 429
496 69
448 473
468 39
466 41
477 52
460 461
505 76
409 6
451 470
478 51
433 492
506 393
427 508
467 32
425 504
436 489
408 5
499 404
498 411
495 390
477 432
448 17
499 406
494 389
507 80
466 31
429 498
445 474
499 408
466 33
426 501
495 394
458 463
456 465
504 391
494 69
493 414
498 403
444 473
423 502
503 74
498 406
477 429
425 509
422 502
426 508
505 77
499 407
509 391
434 488
494 414
464 30
508 392
494 388
495 389
475 433
496 70
498 410
467 451
449 21
496 412
459 461
446 474
506 392
426 500
474 44
502 76
425 505
465 41
460 460
511 89
477 51
444 472
510 88
452 468
469 37
439 9
466 32
465 31
497 389
498 388
441 9
498 404
453 467
423 503
435 489
456 464
447 473
458 462
497 403
507 79
476 432
506 78
429 497
442 10
498 408
409 7
427 507
426 506
448 18
468 38
496 390
447 17
448 472
450 470
449 471
497 405
495 397
455 463
428 498
472 436
495 69
495 395
408 6
434 492
445 473
466 42
502 74
425 499
505 391
452 467
510 89
455 464
438 9
408 7
448 19
449 470
447 18
465 32
447 472
505 78
429 496
472 435
497 404
497 410
412 9
467 38
445 472
506 79
496 389
465 40
495 396
511 90
495 412
476 51
424 505
459 460
464 31
449 20
453 462
495 388
425 498
434 489
428 497
426 507
433 488
474 433
434 491
440 9
422 503
476 429
508 391
473 434
441 10
423 510
466 35
497 408
417 0
411 8
494 413
467 36
511 88
496 405
425 508
471 436
468 37
446 473
496 411
441 12
465 42
448 21
448 471
451 468
410 7
415 0
498 407
439 8
467 450
506 391
426 499
497 388
495 70
444 471
454 463
442 11
502 75
458 461
476 431
503 76
474 45
497 406
451 22
452 462
496 404
433 489
496 388
422 510
466 38
472 44
408 8
506 390
465 35
421 511
510 90
434 490
494 396
493 397
437 9
494 412
429 495
441 11
448 20
413 9
503 77
496 410
438 8
432 486
471 435
511 87
511 91
443 13
446 18
444 470
450 22
459 459
467 37
412 8
453 463
454 464
410 8
497 407
447 21
451 467
495 403
467 449
508 390
434 20
423 509
464 44
440 10
416 0
495 411
447 19
411 9
452 22
423 505
426 498
422 504
496 408
449 469
471 433
475 429
474 432
505 79
495 71
434 18
464 32
448 470
415 1
417 1
445 471
451 23
433 487
428 496
466 36
441 13
465 43
474 46
465 39
473 425
457 461
475 51
497 409
474 430
475 431
472 434
501 75
450 468
425 507
500 74
446 472
473 433
458 459
473 46
432 491
494 403
410 9
465 44
493 396
440 13
509 96
437 8
496 409
416 1
457 460
510 387
442 13
454 25
471 434
510 91
435 18
420 511
500 75
510 95
472 427
452 463
472 425
449 468
474 431
427 496
472 433
473 432
511 92
451 466
421 510
474 51
424 507
446 21
447 20
429 494
414 3
432 487
452 23
435 20
495 72
448 469
473 430
471 44
440 11
493 412
474 47
423 506
499 74
431 486
452 465
474 429
408 9
450 23
434 19
474 425
463 32
509 388
496 407
472 45
495 404
466 449
433 490
441 14
421 504
465 34
415 2
466 37
453 464
417 2
508 389
494 71
506 389
511 86
464 45
412 7
473 424
432 489
494 411
505 80
426 497
446 471
422 509
492 397
443 14
446 19
445 470
475 48
496 387
465 38
475 50
413 8
503 78
464 33
511 95
496 386
465 449
468 434
469 447
419 511
453 459
452 24
442 14
509 387
431 491
451 465
473 431
436 20
474 48
465 45
416 2
499 75
454 26
495 409
503 79
435 17
471 45
472 426
510 96
494 404
495 73
453 25
510 386
435 19
504 80
430 486
420 510
414 4
509 91
506 388
474 50
473 47
445 21
474 424
472 430
446 470
415 3
409 9
421 509
490 394
452 464
473 429
439 15
471 427
495 407
505 89
415 9
422 506
447 469
472 432
423 507
449 467
413 7
446 20
431 487
432 490
426 496
508 90
494 72
465 37
422 508
449 23
493 411
500 76
472 428
436 8
452 458
494 410
462 32
439 11
501 77
464 34
508 388
414 8
457 459
421 505
475 49
502 78
510 94
448 468
417 9
439 13
470 434
510 86
429 493
destination
