map
random512-25-2.map
pivot
465 483
agent & start
6 390
295 57
86 264
145 211
46 316
97 251
165 185
279 71
328 32
218 130
406 8
199 149
322 36
80 270
389 5
4 396
34 332
377 9
278 72
157 191
233 115
319 37
304 48
191 157
54 298
227 121
49 307
96 256
262 100
196 152
10 366
144 204
335 25
232 116
416 2
178 170
4 382
82 270
26 348
309 47
336 24
59 291
109 239
228 120
414 4
155 193
167 187
276 74
243 105
116 232
4 398
34 336
247 101
248 108
240 112
292 60
313 43
162 188
68 282
242 110
44 320
362 8
302 50
96 252
360 8
351 15
186 162
158 190
348 18
226 122
293 59
111 237
378 10
159 189
206 142
353 15
380 10
202 146
81 269
5 395
28 346
255 93
177 171
182 168
17 357
6 394
325 33
19 355
310 46
259 97
277 73
193 155
136 212
242 106
254 94
119 229
270 84
350 16
359 9
122 226
149 199
285 65
251 97
133 215
272 78
3 379
86 262
166 184
194 154
25 349
252 96
106 242
407 7
213 135
234 114
154 194
147 201
134 216
4 380
144 210
290 62
170 178
197 151
323 35
287 63
261 99
211 139
222 128
210 138
376 10
250 98
355 13
225 123
34 334
180 170
399 3
211 137
120 228
69 281
76 274
241 107
294 60
316 40
123 225
405 7
27 347
204 144
356 14
106 244
148 200
36 330
217 131
403 7
343 19
20 354
4 404
50 306
95 255
89 259
165 183
51 303
145 205
2 406
38 328
270 82
3 403
3 401
181 167
241 109
6 392
296 56
214 134
379 11
397 3
99 249
418 0
434 0
416 4
299 53
212 136
205 143
402 6
33 335
248 100
305 49
18 356
264 86
352 14
324 34
110 238
95 253
363 7
200 148
172 176
121 227
153 195
404 8
253 97
21 353
98 250
160 188
7 393
258 96
349 17
330 30
33 339
52 302
5 389
4 374
54 296
333 27
4 378
301 51
5 391
6 372
166 186
148 202
201 147
321 37
246 104
291 63
118 230
375 9
239 111
107 243
173 175
221 129
408 8
294 58
288 64
100 248
15 359
37 329
107 241
336 26
3 383
263 87
320 38
286 64
135 213
137 211
71 279
143 209
318 38
39 327
58 292
70 280
146 202
82 268
75 275
5 387
256 94
257 95
5 385
246 102
81 271
183 165
337 23
381 9
49 305
280 70
511 1
47 315
220 128
11 365
5 381
222 126
3 399
131 217
291 61
78 272
268 82
104 246
395 3
510 0
230 118
265 85
53 299
11 369
13 365
105 245
14 360
298 56
269 81
329 31
150 198
224 124
297 57
72 280
245 103
94 254
282 68
174 174
5 405
357 11
298 54
326 32
12 364
75 277
132 218
262 90
356 12
117 231
108 240
347 19
221 130
246 103
247 104
29 346
212 137
14 361
399 4
211 138
38 329
96 253
351 16
272 79
107 244
336 25
360 9
39 328
328 33
7 392
47 316
150 199
50 305
253 96
298 55
176 175
416 3
375 10
318 39
414 5
33 340
338 23
12 365
265 86
54 299
6 395
5 398
434 1
356 13
58 293
253 98
245 104
6 381
147 202
59 292
162 189
5 404
407 8
350 17
80 271
6 385
50 307
52 303
157 192
341 24
105 246
363 8
2 407
313 44
220 129
175 174
403 8
259 98
195 154
298 57
87 264
293 60
113 236
160 189
248 107
159 190
219 130
243 106
329 32
278 73
158 191
97 252
240 113
320 39
86 265
231 118
173 176
145 204
377 10
332 29
11 368
254 95
1 408
55 298
270 81
327 32
136 213
147 210
200 149
183 168
214 135
174 175
180 171
203 146
166 183
302 51
337 24
405 8
256 95
255 94
146 203
183 166
387 8
4 401
199 150
76 275
90 259
206 143
317 40
305 50
95 254
46 319
115 234
35 332
122 227
15 360
97 256
400 5
25 350
133 218
86 263
331 30
295 58
277 74
35 334
213 136
178 171
4 399
322 37
5 374
510 9
324 35
227 122
218 131
51 304
182 167
242 109
419 0
134 215
247 108
204 145
75 276
37 330
239 112
325 34
107 242
99 250
299 54
12 369
352 15
246 105
247 106
20 355
108 241
13 364
46 317
13 362
51 306
241 108
146 211
4 405
201 148
44 321
40 325
394 3
250 99
269 84
167 188
262 101
2 409
376 11
249 100
72 281
299 56
55 296
6 389
19 356
234 115
348 19
144 209
279 72
223 126
389 6
287 64
106 245
286 65
187 162
322 39
119 230
191 158
366 9
509 0
291 62
18 357
280 71
156 193
11 366
266 85
197 152
270 85
510 1
26 349
137 212
167 186
225 124
263 88
28 347
132 219
202 147
6 391
110 239
397 4
6 373
104 247
264 87
117 232
0 409
402 7
276 77
96 255
294 59
22 353
346 19
435 0
247 102
171 178
166 185
223 128
374 9
283 68
112 237
4 397
362 9
41 324
131 218
228 121
71 280
149 200
349 18
172 177
248 101
262 89
388 7
380 11
367 10
333 28
5 396
304 49
268 83
27 348
343 20
398 5
292 61
417 2
381 10
310 47
252 97
260 99
357 12
244 105
257 96
418 1
409 8
3 406
165 186
4 379
138 211
60 291
5 382
78 273
100 249
4 403
296 57
5 378
378 11
34 335
511 2
301 52
193 156
233 116
319 38
8 393
23 352
353 16
88 261
431 0
146 205
404 9
167 184
359 10
123 226
135 214
69 282
120 229
232 117
321 38
6 387
4 383
82 269
148 201
154 195
303 50
226 124
119 231
33 345
204 146
16 360
509 1
15 361
322 38
409 9
248 104
252 98
5 401
178 172
55 297
175 175
358 12
121 229
342 24
151 199
430 0
98 256
183 167
117 233
247 103
351 17
45 321
405 9
247 105
378 12
158 192
278 78
9 393
229 121
29 347
372 8
123 227
87 263
76 276
352 16
110 240
147 203
100 250
313 45
146 204
6 396
209 141
109 243
417 3
251 99
135 217
373 9
302 52
333 29
326 34
362 10
287 65
296 58
350 18
402 8
257 97
109 241
403 9
149 201
96 254
346 20
37 331
242 108
90 260
235 115
214 136
207 143
414 6
510 8
99 251
47 319
138 212
264 88
220 130
228 122
81 273
280 72
46 320
114 236
293 61
205 145
19 357
435 1
168 190
163 189
344 20
5 397
436 0
396 4
195 155
108 242
160 190
303 51
278 74
30 346
156 194
137 213
136 214
433 1
202 148
219 131
361 11
113 237
404 10
406 10
246 106
167 185
266 86
374 10
6 388
6 374
360 10
24 352
395 5
118 232
292 62
13 363
52 304
268 84
197 153
47 317
301 57
6 378
25 351
167 183
349 19
399 5
254 96
171 179
165 187
377 11
331 31
260 100
323 37
283 69
12 368
244 106
332 30
40 328
157 193
434 2
146 210
418 2
317 41
431 1
180 172
299 57
334 28
200 150
243 107
300 56
176 174
240 114
193 157
474 0
387 9
131 219
145 209
223 127
42 324
275 77
33 341
328 34
8 392
271 81
389 7
60 292
337 25
199 151
184 166
265 87
2 408
41 325
79 273
508 0
1 409
34 344
173 177
329 33
118 234
116 234
0 410
368 10
231 119
154 196
88 262
77 275
5 399
263 89
353 17
122 230
269 85
366 10
115 235
304 50
295 59
299 55
230 120
56 298
88 264
338 24
363 9
38 330
511 3
398 6
341 23
357 13
365 9
5 379
397 5
7 391
388 8
84 268
147 209
234 116
267 85
310 48
35 335
319 39
20 356
375 11
26 350
6 404
56 296
122 228
58 294
83 269
255 95
249 101
87 265
36 332
191 159
325 35
327 33
509 9
323 39
314 44
376 12
247 107
108 244
0 412
51 305
51 307
341 25
272 80
78 274
212 138
343 21
36 334
239 113
4 406
52 306
71 281
420 0
172 178
206 144
59 293
5 383
89 261
6 380
194 156
213 137
407 9
37 335
14 362
340 24
177 175
298 58
276 76
250 100
400 6
256 96
187 163
394 4
6 400
27 349
245 105
70 282
3 407
281 71
23 353
133 219
105 247
97 253
80 272
101 249
124 226
381 11
55 299
5 403
233 117
258 98
7 385
12 366
464 0
167 189
201 149
176 176
40 326
279 73
345 21
261 101
106 246
135 215
7 381
168 186
463 0
325 36
46 321
258 99
301 56
465 0
177 174
414 7
398 7
509 2
41 326
90 261
36 335
91 260
41 328
203 150
274 79
193 158
136 217
205 146
88 265
56 297
323 38
97 254
187 164
377 12
404 11
332 31
195 156
375 12
360 11
275 78
21 356
277 76
420 1
190 163
280 73
79 274
343 22
159 192
235 116
388 9
301 54
52 307
268 85
319 40
232 119
464 1
311 48
7 386
4 407
137 214
168 191
14 363
269 86
272 81
1 410
347 22
101 250
85 268
410 9
116 235
29 348
213 138
7 374
435 2
342 23
89 264
209 142
217 134
326 35
358 13
510 3
102 249
197 154
252 99
396 5
507 0
403 10
368 11
429 4
47 318
5 402
273 80
71 282
220 131
6 401
172 179
279 74
278 77
389 8
433 2
10 393
110 241
350 19
179 172
438 1
391 6
165 188
58 295
8 391
167 190
184 167
219 132
390 7
145 208
99 252
7 382
239 114
158 193
31 346
52 305
80 273
114 237
7 384
434 3
121 230
42 325
259 100
314 45
19 358
164 189
87 266
245 106
251 100
119 232
88 263
430 3
318 41
13 368
0 411
509 8
230 121
240 115
250 101
345 22
371 8
1 412
150 201
265 88
24 353
363 10
510 7
228 123
78 275
324 39
418 3
234 117
248 103
7 404
86 269
203 148
227 124
475 0
98 255
28 349
122 229
365 10
55 300
147 204
207 144
107 246
374 11
124 227
260 101
134 219
287 66
6 379
12 367
300 57
310 49
111 240
117 234
421 0
331 32
62 293
108 245
338 25
296 59
34 341
98 253
395 6
192 159
199 152
200 151
136 215
304 51
27 350
407 10
417 6
286 67
9 392
37 334
243 108
38 331
346 21
282 71
109 242
429 0
196 155
81 274
77 276
224 127
15 362
330 33
353 18
229 122
334 29
168 185
16 361
382 11
89 262
284 69
257 98
26 351
53 308
84 269
188 163
211 142
138 213
7 376
53 306
432 1
362 11
324 37
333 30
36 333
48 319
202 149
215 136
146 209
210 141
198 153
394 5
70 283
168 183
402 9
6 397
248 105
6 377
60 293
372 9
327 34
120 231
293 62
35 344
392 5
3 408
40 329
57 298
473 0
264 89
313 46
329 34
161 190
349 20
359 12
216 135
109 244
246 107
206 145
340 25
135 218
154 197
30 347
299 58
300 55
6 399
118 233
303 52
156 195
47 320
17 360
339 24
33 346
415 6
439 0
267 86
53 304
278 75
6 383
344 21
39 330
208 143
255 96
185 166
113 238
231 120
281 72
8 385
364 9
6 403
352 17
175 176
34 345
7 388
399 6
106 247
131 220
302 53
152 199
173 178
54 303
277 78
110 243
437 0
405 10
201 150
278 79
393 4
386 9
25 352
396 6
203 149
21 357
166 190
327 35
358 14
363 11
30 350
389 9
6 406
167 191
172 180
9 385
325 37
432 2
326 36
397 7
334 30
296 60
435 3
209 143
385 11
434 4
428 0
415 7
313 47
7 379
338 26
178 174
373 11
4 408
394 6
43 325
404 12
403 11
207 145
414 8
283 71
281 73
191 161
131 221
429 3
331 33
418 4
337 27
359 13
47 321
129 223
179 173
231 121
336 28
137 217
13 367
8 380
321 41
54 308
429 1
102 250
438 2
265 89
17 361
351 19
113 239
195 157
371 9
206 146
184 170
344 22
30 348
304 52
169 185
509 7
89 263
395 7
9 391
137 215
153 201
8 382
256 98
278 80
7 383
433 3
302 56
148 204
474 2
510 4
117 235
99 253
466 0
259 101
191 163
35 343
58 296
218 134
110 244
324 38
53 307
201 151
42 326
437 1
8 390
1 411
108 246
401 9
319 41
190 164
203 151
28 350
244 108
197 155
7 405
399 7
278 76
510 6
217 135
22 356
368 12
343 23
386 10
139 213
198 154
10 394
34 346
252 100
251 101
116 236
360 12
84 270
18 360
421 1
31 347
152 200
293 63
115 237
159 193
374 12
88 266
377 13
57 299
153 199
194 158
257 99
507 1
446 0
26 352
21 359
71 283
136 216
56 300
216 136
277 79
200 152
58 298
29 349
55 303
431 3
185 171
121 231
508 2
48 318
98 254
160 192
464 2
352 18
220 132
249 103
106 248
78 276
10 380
54 306
329 35
123 229
39 331
19 359
85 269
393 5
161 191
330 34
109 245
405 11
297 59
314 46
53 305
210 142
46 322
339 25
474 8
232 120
345 23
472 0
174 178
213 139
169 183
287 67
417 5
249 105
280 74
473 1
348 22
15 363
349 21
175 179
7 377
111 241
196 156
138 214
146 208
38 332
212 144
315 45
390 8
119 233
16 362
295 61
7 399
325 39
286 68
225 127
175 177
135 219
7 397
8 374
31 351
275 79
41 329
350 20
346 22
228 124
37 333
53 309
48 320
62 292
411 9
268 86
54 304
333 31
235 117
384 12
9 395
8 388
185 167
440 0
155 197
476 0
24 354
5 407
439 1
258 100
284 70
8 404
465 1
347 23
107 247
383 11
186 166
20 358
193 159
340 26
34 342
391 7
250 102
463 1
49 319
151 201
245 107
509 3
38 334
229 123
302 54
273 81
86 270
274 80
234 118
41 327
150 202
430 4
8 386
364 10
260 102
114 238
288 66
0 414
165 189
188 164
392 6
61 293
79 275
266 88
264 90
301 55
212 142
388 10
36 336
451 1
110 242
400 8
279 75
103 249
300 58
27 351
282 72
214 138
416 6
157 195
173 179
294 62
6 402
10 392
299 59
436 2
311 49
90 262
430 2
80 274
239 115
124 228
91 261
7 403
99 255
8 376
57 297
407 11
11 393
255 97
287 68
432 3
456 1
59 296
402 11
9 390
9 388
167 192
346 23
14 367
185 168
42 327
330 35
161 192
169 184
264 91
359 14
135 220
414 9
58 297
428 1
25 354
372 11
285 70
64 291
450 1
415 8
157 196
175 178
63 292
412 9
214 139
473 8
405 12
385 12
446 1
256 99
51 310
9 372
35 346
374 13
36 343
192 163
454 1
212 143
7 406
302 55
429 2
474 3
297 60
428 3
42 329
187 166
423 2
223 130
304 53
226 127
392 7
9 380
367 12
250 103
49 318
182 171
202 151
369 12
300 59
149 204
54 305
475 8
150 203
172 181
179 174
240 117
438 3
265 92
8 389
137 220
245 108
268 87
44 325
509 6
474 7
18 361
22 359
205 152
348 23
296 61
244 109
153 200
280 75
185 170
11 394
173 180
457 0
162 191
36 337
239 116
148 205
48 321
10 381
437 2
166 191
277 80
111 242
399 8
8 383
20 359
65 290
137 218
348 25
436 3
295 62
433 4
209 144
100 255
113 240
116 237
80 275
90 263
55 302
76 279
0 415
16 363
137 216
129 224
152 201
103 250
84 271
197 156
233 120
358 15
114 239
2 411
110 245
160 195
315 46
17 362
509 4
22 357
445 0
58 299
9 374
7 398
408 11
252 101
338 27
154 201
191 162
130 223
208 145
61 294
174 179
401 10
138 215
15 364
11 392
210 143
86 271
251 102
447 0
320 41
85 270
267 88
151 202
156 197
75 280
506 1
333 32
46 323
403 12
9 376
360 13
79 276
275 80
259 102
185 172
229 124
29 350
472 1
416 7
57 300
207 146
66 289
107 248
344 23
471 0
36 341
279 76
55 308
194 159
260 103
336 29
276 79
136 219
375 14
388 11
8 397
311 50
217 136
160 193
435 4
31 350
218 135
255 98
257 100
393 6
326 37
8 377
266 89
125 228
54 307
314 47
49 320
198 155
234 119
55 306
27 352
109 246
131 222
327 36
120 233
476 1
192 161
440 1
205 148
249 106
3 410
421 2
452 1
189 164
191 164
91 262
284 71
26 353
117 236
9 386
186 167
321 42
30 351
294 63
404 13
317 46
35 342
350 21
396 7
184 171
377 14
6 407
10 385
274 81
8 387
43 326
221 132
431 4
186 171
505 0
225 128
31 348
184 169
371 10
8 375
8 403
139 214
40 331
195 158
473 2
200 155
282 73
466 1
383 12
65 292
170 183
45 324
8 373
212 145
236 117
420 3
147 206
222 131
108 251
204 151
59 298
121 232
351 20
9 382
316 45
10 395
349 22
165 190
8 379
219 134
390 9
200 153
337 28
9 396
38 333
21 358
52 309
286 69
463 2
201 152
231 122
332 33
510 5
176 179
5 408
12 393
170 185
352 19
72 283
339 26
193 160
1 414
418 5
467 0
204 149
289 66
115 238
334 31
50 319
325 38
108 247
138 217
303 54
146 207
230 123
124 229
43 328
175 180
253 100
99 254
88 267
104 249
364 11
400 9
391 8
7 402
331 34
39 332
303 56
32 347
216 137
112 241
265 90
188 165
386 11
508 3
41 330
441 0
439 2
317 44
39 333
467 1
281 75
458 0
349 23
160 194
20 360
210 144
331 35
435 7
73 283
100 254
472 2
292 66
198 156
360 14
201 155
165 191
11 395
10 372
424 2
474 4
55 307
373 13
476 2
14 366
56 302
189 165
147 207
228 126
407 13
294 64
387 11
37 341
285 73
507 3
19 361
38 336
367 13
452 2
475 3
412 10
7 407
28 352
504 0
32 350
253 101
432 4
132 222
274 82
184 172
364 12
76 280
202 152
89 267
239 117
152 202
46 324
64 292
370 12
218 136
179 175
156 198
88 268
161 195
290 66
108 248
350 22
390 10
372 12
320 42
45 325
403 13
158 196
315 47
414 10
431 5
36 342
8 402
311 51
193 161
211 145
61 295
453 1
409 11
190 166
174 180
245 109
223 131
352 20
26 354
227 127
75 281
103 251
10 386
236 118
8 378
3 411
400 10
378 14
123 231
473 3
423 3
8 398
436 4
130 224
346 24
91 263
369 13
129 225
440 2
300 60
188 166
505 1
318 44
10 384
287 69
50 318
36 346
115 239
9 399
109 251
166 192
266 90
214 140
80 276
406 12
191 165
43 327
67 289
9 389
148 206
251 103
121 233
2 414
394 8
85 271
439 3
413 9
375 15
233 121
405 13
240 118
466 2
337 29
255 99
31 349
131 223
104 252
90 266
257 101
286 70
66 290
404 14
124 230
41 331
461 1
0 416
154 200
12 394
359 15
428 2
199 155
104 250
471 1
110 246
270 88
250 104
176 178
122 232
437 3
232 122
395 9
48 322
268 88
305 53
107 249
206 152
399 9
136 220
43 329
277 81
186 170
27 353
68 290
449 1
328 36
509 5
434 6
377 15
321 43
150 204
213 143
379 13
15 365
427 1
317 45
208 146
280 76
235 119
384 14
447 1
445 1
454 2
185 169
349 25
125 229
462 2
348 24
79 277
36 340
108 250
101 253
10 390
42 330
195 159
389 11
6 408
51 311
181 173
401 11
49 317
383 13
9 397
224 130
10 374
140 214
11 381
361 13
319 43
9 373
295 63
22 358
420 4
170 184
222 132
29 351
192 162
422 2
59 297
18 362
457 1
259 103
256 100
472 8
216 138
201 153
456 2
10 376
333 33
327 37
113 241
117 237
197 157
226 128
473 7
57 301
258 102
266 92
9 387
109 247
155 201
196 158
25 355
200 154
334 32
351 21
296 62
9 383
379 15
65 291
304 54
47 323
205 151
230 124
474 6
17 363
120 234
338 28
119 235
50 320
289 67
116 238
4 410
344 24
162 192
476 8
250 106
291 67
206 148
433 5
231 123
187 167
182 172
283 73
209 145
55 305
297 61
183 171
416 8
52 310
284 72
243 111
303 55
276 80
1 415
37 337
506 2
508 4
8 406
192 164
441 1
475 7
118 236
396 8
135 221
9 377
173 181
155 199
316 46
371 11
58 300
402 12
77 279
60 298
339 27
59 299
9 379
438 4
421 3
393 7
391 9
157 197
9 375
500 0
137 219
161 193
32 348
112 242
163 191
411 11
265 91
386 12
374 14
419 5
326 38
49 321
11 391
205 149
220 134
23 357
229 125
435 5
138 216
120 235
277 82
214 141
400 11
256 101
104 251
25 356
113 242
468 1
344 25
305 54
237 118
383 14
164 191
48 323
253 102
372 13
148 207
101 254
238 117
201 154
23 358
269 88
419 6
427 2
49 316
45 326
233 122
123 232
60 297
334 33
61 296
9 402
56 307
378 15
182 173
327 38
435 6
80 277
393 8
102 253
420 5
294 65
508 5
68 291
158 199
275 82
108 249
44 329
5 410
328 43
77 280
161 194
320 43
57 302
332 35
500 1
2 415
59 300
67 290
291 68
171 184
174 181
12 381
219 138
52 311
173 182
431 6
387 12
285 72
346 25
351 22
473 4
104 253
103 252
139 216
119 236
403 14
441 2
358 17
499 0
60 299
183 172
56 305
437 4
28 353
42 331
10 399
109 250
133 222
402 13
366 13
394 9
456 3
38 341
232 123
198 157
105 250
461 2
339 28
122 233
398 9
396 9
150 205
218 137
349 24
15 366
181 174
91 266
337 32
295 64
504 1
235 120
423 4
501 0
453 2
125 230
350 23
228 127
360 15
268 89
50 315
38 337
192 165
162 193
474 5
9 378
61 298
224 131
410 11
384 15
286 71
8 407
425 2
507 4
20 361
409 12
37 346
306 53
51 320
214 143
92 263
10 383
284 73
194 161
12 395
126 229
476 7
112 243
333 34
439 4
413 10
473 6
408 13
3 412
205 150
316 47
290 67
165 192
110 247
79 278
88 269
503 0
10 373
85 272
43 330
39 336
276 81
177 178
239 118
162 195
270 89
136 221
140 215
245 110
280 77
46 325
452 3
0 417
447 2
181 176
116 239
231 124
475 4
454 3
379 14
44 327
338 29
221 134
129 226
374 15
9 398
350 25
432 5
191 166
467 2
328 37
11 384
188 167
475 6
37 338
258 103
392 9
370 13
460 1
193 162
283 74
219 136
472 7
281 76
477 2
58 301
149 206
390 11
193 168
227 128
41 332
304 55
17 364
206 151
318 45
371 12
244 111
380 13
448 1
417 8
406 13
121 234
337 30
202 153
236 119
229 126
335 32
412 11
207 148
506 3
16 365
319 44
156 199
36 347
50 317
469 2
472 3
151 204
33 348
365 12
422 3
300 61
66 291
293 66
75 282
251 104
251 106
375 16
117 238
336 31
9 400
49 322
132 223
29 352
73 284
297 62
206 149
230 125
476 3
11 396
18 363
382 13
27 354
257 102
315 48
373 14
74 283
32 349
255 100
458 1
209 146
321 44
107 250
186 169
210 145
124 231
7 408
19 362
311 52
287 70
199 156
10 389
89 268
159 196
3 414
131 224
445 2
37 340
192 167
385 16
91 264
252 103
11 382
211 146
152 203
223 132
51 312
76 281
36 339
123 234
110 251
379 16
270 87
155 200
444 1
64 293
10 387
361 14
90 267
158 197
389 12
434 7
416 9
2 413
267 90
316 49
243 112
436 5
11 390
197 158
10 375
11 376
433 6
426 1
40 333
352 21
440 3
62 295
424 3
138 219
459 0
471 2
180 175
114 241
47 324
266 91
37 342
217 138
10 397
292 67
195 160
189 166
246 109
337 31
105 251
139 219
187 169
61 297
506 4
136 222
477 7
312 52
195 161
196 160
126 230
230 126
76 282
123 235
238 118
11 397
90 268
118 238
157 199
24 360
287 71
440 4
395 11
335 33
501 1
202 154
123 233
290 68
119 237
507 5
178 178
473 5
343 25
52 312
256 102
24 358
2 416
37 347
298 64
203 153
164 192
3 413
282 76
271 87
152 204
399 11
163 193
371 13
327 41
281 77
41 333
321 45
476 4
54 310
159 197
383 15
426 2
370 14
1 417
274 84
255 101
400 12
448 2
340 28
57 307
38 340
292 68
11 375
505 3
92 264
432 6
315 49
111 251
417 9
52 320
393 9
25 357
21 361
12 376
27 355
11 377
231 125
40 334
345 25
384 16
192 168
149 207
103 253
228 128
503 1
91 265
59 301
338 30
288 70
396 10
121 235
117 239
134 222
391 11
113 243
156 200
375 17
181 175
173 183
51 315
11 389
158 200
311 53
433 7
38 342
89 271
3 415
394 10
47 325
355 19
210 146
11 387
37 339
61 299
455 5
45 327
56 304
102 254
294 66
296 64
88 270
498 0
89 269
319 45
373 15
444 2
336 32
418 8
64 294
350 24
114 242
58 302
9 401
358 18
219 139
359 17
403 15
39 335
409 13
165 193
130 226
272 86
193 167
378 16
442 2
280 78
291 69
332 36
476 6
12 396
140 216
17 365
95 261
306 54
194 162
162 194
215 141
10 378
16 366
38 338
46 326
62 298
437 5
51 317
328 38
11 373
459 1
365 13
284 74
209 147
63 295
236 120
353 21
8 408
381 13
49 323
151 205
390 12
233 123
412 12
120 236
44 330
299 61
150 206
410 12
416 10
148 208
472 6
224 132
85 273
219 137
352 22
12 384
469 3
379 17
397 9
93 263
209 149
361 15
328 42
327 39
351 25
214 142
283 75
198 158
244 112
223 133
73 285
110 248
33 349
208 148
5 411
25 361
275 83
461 3
329 37
460 2
232 124
382 14
320 44
57 303
206 150
60 300
12 390
269 89
445 3
48 324
112 244
12 382
425 3
40 336
237 119
181 177
453 3
172 184
327 43
286 72
45 329
434 8
387 13
472 4
457 3
132 224
43 331
127 229
183 173
401 13
192 166
502 0
252 106
97 259
18 364
252 104
77 281
354 20
13 381
356 18
189 167
298 62
10 398
67 291
374 16
124 232
295 65
471 3
235 121
122 234
80 278
339 29
468 2
106 250
109 249
276 82
125 231
251 105
197 159
50 316
182 174
29 353
420 6
436 6
380 14
413 11
372 14
11 383
441 3
254 102
392 10
333 35
466 4
20 362
79 279
246 110
422 4
307 53
267 91
421 5
199 157
129 227
257 103
74 284
188 168
475 5
385 17
218 138
174 182
293 67
78 280
51 313
221 135
406 14
62 296
316 48
478 2
451 3
305 55
470 2
432 7
352 23
296 65
398 11
159 198
457 4
305 56
96 261
345 26
152 205
134 223
102 255
103 254
74 285
426 3
253 106
54 311
498 1
119 238
11 388
222 135
52 321
311 54
257 104
455 6
37 348
58 307
299 62
341 28
57 304
65 300
290 69
189 168
133 224
11 404
207 150
354 21
409 14
413 12
378 17
11 400
272 87
49 324
92 265
173 184
458 3
63 296
395 12
60 301
294 67
287 72
479 2
48 325
387 14
73 286
160 197
191 168
57 306
247 110
234 123
394 11
198 159
230 127
77 282
17 366
12 373
343 26
196 161
441 4
12 397
427 4
2 417
312 53
151 208
13 382
12 383
88 271
3 416
218 139
180 177
477 4
450 3
254 103
355 20
356 19
506 5
238 119
351 24
465 4
86 273
101 256
502 1
11 398
221 136
501 2
353 22
199 158
8 409
396 11
291 70
448 3
453 4
182 175
352 25
390 13
420 7
13 370
39 338
139 220
76 283
437 6
26 357
476 5
97 260
226 131
232 125
245 112
504 3
100 259
359 18
417 10
477 6
225 132
120 237
397 10
153 204
24 359
472 5
38 343
25 360
24 361
116 241
308 53
400 13
38 339
384 17
149 208
275 84
195 162
402 15
12 375
215 142
140 217
365 14
292 69
338 31
34 349
183 174
332 37
20 363
164 193
141 216
40 335
151 206
229 128
361 16
327 40
258 105
8 411
27 356
284 75
459 2
127 230
318 47
223 134
128 229
289 70
406 15
252 105
129 228
329 38
192 169
4 413
282 77
112 245
442 3
307 54
25 358
13 396
45 328
244 113
10 401
342 27
95 262
132 225
87 272
456 5
194 163
163 196
59 302
392 11
203 154
41 334
79 280
85 274
122 235
221 138
381 14
408 15
504 5
6 411
388 13
322 45
297 64
276 83
328 41
46 327
298 63
315 50
13 376
62 297
19 364
28 355
111 250
470 3
65 294
468 3
90 269
433 8
58 303
91 268
503 2
327 44
193 166
93 264
336 33
45 330
16 367
100 257
174 183
12 389
328 39
507 6
164 197
209 148
444 3
40 337
320 45
163 194
372 15
114 243
67 292
94 263
357 18
288 71
21 362
80 279
410 13
12 399
29 354
269 90
306 55
466 5
330 37
374 17
64 295
216 141
335 34
1 418
140 219
401 14
47 326
220 137
246 111
393 10
55 310
52 313
131 226
478 7
13 384
89 270
106 251
281 78
371 14
51 316
283 76
210 147
370 15
30 353
11 378
451 4
15 368
236 121
61 300
124 233
317 48
340 29
178 179
200 157
293 68
117 240
209 150
268 91
78 281
13 386
273 86
333 36
157 200
172 185
233 124
56 309
334 35
137 222
255 102
110 249
256 103
18 365
53 320
419 8
339 30
461 4
188 169
382 15
118 239
14 381
126 231
274 85
422 5
298 65
98 259
399 12
44 331
139 218
39 340
220 139
421 6
0 419
115 242
75 285
230 128
477 5
55 311
299 63
140 222
38 348
29 355
0 420
405 15
287 73
87 273
208 150
362 16
345 27
22 362
407 15
220 140
191 169
382 16
225 133
333 37
100 260
305 57
399 13
39 339
507 7
5 413
330 38
391 13
451 5
133 225
244 114
319 47
13 371
310 54
52 314
438 6
383 17
161 197
357 19
128 230
353 23
126 232
308 54
90 270
356 20
413 13
497 1
36 350
381 15
54 312
393 11
255 103
180 178
25 359
276 84
329 39
64 296
454 6
238 120
56 310
127 231
411 13
503 5
436 8
97 261
394 12
322 46
456 6
313 53
292 70
94 264
354 22
479 3
201 157
237 125
157 201
164 194
45 331
328 40
406 16
176 182
93 265
188 170
151 209
387 15
433 9
12 398
425 5
283 77
156 202
371 15
480 2
59 307
253 105
62 300
298 66
236 124
316 52
141 219
141 217
142 224
80 282
42 334
125 233
247 111
204 154
392 12
119 239
41 335
459 3
273 87
227 131
468 4
462 4
18 366
96 262
31 355
15 369
460 4
194 164
102 256
76 284
16 368
184 174
8 410
160 198
21 363
179 179
11 401
12 372
233 125
164 196
150 208
37 349
141 223
101 257
296 66
183 175
58 306
336 34
53 321
135 223
275 85
34 350
449 3
19 365
377 17
478 6
243 115
14 380
223 135
13 375
189 169
458 4
66 294
13 405
422 6
285 75
15 381
80 280
331 37
216 142
352 24
455 7
23 361
448 4
373 17
235 123
111 249
408 16
61 301
114 244
17 367
502 2
237 121
2 418
232 126
256 104
419 9
13 399
122 236
40 340
3 417
13 377
85 275
14 406
4 416
369 15
478 4
306 56
173 185
13 383
190 168
14 370
395 13
13 387
10 408
269 91
12 374
64 300
203 155
152 206
409 15
210 148
378 18
57 309
12 404
63 297
103 255
341 29
9 409
285 77
53 313
432 8
39 343
504 4
86 274
221 137
131 227
442 4
12 400
470 4
335 35
14 386
342 28
140 218
65 295
505 5
77 283
453 5
282 78
196 162
506 6
464 4
420 8
450 4
290 70
81 283
272 88
98 260
52 316
79 281
499 3
65 301
258 106
329 41
372 16
13 397
294 68
289 71
116 242
78 282
401 15
73 287
326 44
154 204
465 5
163 197
226 132
12 388
175 183
58 304
492 0
95 263
137 223
496 0
318 48
7 411
343 27
467 5
149 209
14 376
364 14
117 241
471 5
254 104
140 220
274 86
120 238
498 2
130 228
427 5
246 112
106 252
151 207
284 76
315 51
50 324
194 166
457 5
218 140
479 7
49 325
1 419
360 18
297 65
134 224
291 71
418 10
40 338
12 378
388 14
91 269
27 357
132 226
339 31
199 159
397 11
46 328
113 245
142 216
293 69
217 141
320 46
221 139
426 4
115 243
503 3
13 373
47 327
257 105
443 3
437 7
100 258
88 272
11 403
210 150
59 303
46 330
30 354
74 286
466 6
67 293
236 122
203 156
326 45
371 16
457 6
98 261
187 172
48 329
397 12
78 283
87 274
102 257
382 17
315 52
247 112
422 7
395 14
498 3
92 269
101 258
179 190
23 362
58 305
10 409
177 182
236 123
47 328
155 204
13 374
97 262
300 63
185 174
27 358
53 316
1 420
189 170
224 135
128 231
235 124
405 16
70 291
228 131
356 21
359 20
274 87
343 28
73 288
416 13
503 4
143 216
15 386
222 139
16 369
401 16
331 38
6 413
468 5
399 14
69 292
237 126
164 195
179 180
505 6
116 243
322 47
502 3
112 249
24 365
176 187
329 40
107 252
237 122
133 226
20 365
104 255
122 237
275 86
294 69
270 91
244 115
64 301
372 17
453 6
246 113
191 170
234 125
99 260
126 233
29 356
154 205
80 283
81 282
34 351
21 364
308 55
441 6
289 72
53 322
208 151
357 20
354 23
460 5
296 67
443 4
201 158
165 196
96 263
242 117
13 404
14 399
140 223
444 5
183 176
13 378
421 8
60 307
127 232
282 79
36 351
285 76
361 18
117 242
186 173
364 15
163 198
190 169
33 352
86 275
495 0
142 219
394 13
59 306
459 4
362 17
137 224
363 16
134 225
13 388
60 303
336 35
50 325
156 203
92 271
391 14
188 171
180 179
400 15
11 402
236 125
30 355
406 19
210 151
237 124
40 345
320 47
74 287
173 186
368 15
14 379
139 222
211 148
59 304
4 417
464 5
7 412
141 220
340 31
199 160
15 380
431 8
410 15
161 198
120 239
232 127
390 15
316 51
42 335
37 350
129 230
247 114
324 45
77 284
438 7
432 9
466 7
478 5
130 229
449 4
52 323
458 5
462 5
103 256
446 5
221 140
55 312
334 37
40 339
273 88
197 162
480 3
290 71
157 202
254 105
54 313
66 295
75 286
479 4
15 376
14 407
58 309
293 70
456 7
369 16
381 16
180 181
276 85
59 308
239 120
15 382
255 104
506 7
230 131
284 77
249 110
205 154
437 8
141 224
200 159
218 141
243 116
344 27
141 218
341 30
18 367
407 16
281 80
12 401
231 132
138 223
496 1
225 134
223 136
319 48
106 253
150 209
65 296
450 5
317 50
13 400
497 2
227 132
114 245
436 9
288 73
13 372
222 137
43 334
420 9
406 17
13 398
418 11
451 6
392 13
31 354
2 419
95 264
56 321
499 4
142 217
373 18
452 5
479 6
15 370
14 375
5 414
217 142
63 300
498 5
423 6
142 225
132 227
135 224
492 1
46 331
80 281
14 377
309 54
14 383
13 406
481 2
377 18
353 24
195 164
68 293
39 348
425 6
26 359
5 416
306 57
62 301
53 314
360 19
455 8
256 105
40 343
417 12
64 297
153 206
419 10
11 408
393 12
48 327
194 165
76 285
250 109
424 5
91 270
9 410
257 106
413 14
231 128
3 418
389 14
426 5
310 55
152 207
490 1
370 17
196 163
454 7
411 14
388 15
470 5
335 36
12 403
465 6
427 6
297 66
12 407
493 0
238 121
56 311
442 5
93 266
314 53
32 353
88 273
176 183
122 238
275 87
453 7
231 131
398 14
16 370
341 33
294 70
437 9
133 227
81 281
60 308
24 366
197 163
118 242
32 354
63 301
33 353
161 199
223 139
143 217
11 409
396 14
443 5
243 117
142 218
482 2
229 131
345 31
54 314
330 40
283 79
177 183
4 418
454 8
195 165
490 2
256 106
334 38
377 19
36 352
480 6
180 190
305 59
176 186
188 172
178 182
491 1
60 304
18 368
158 202
15 383
39 349
413 15
465 7
392 14
126 234
175 187
17 381
412 14
425 7
230 132
440 6
179 189
137 225
410 18
438 8
427 7
59 309
321 47
116 244
134 226
41 345
297 67
15 399
344 28
391 15
450 6
19 367
224 138
225 139
338 34
206 154
15 371
77 285
466 8
38 350
445 5
5 417
238 124
394 14
284 78
315 53
54 322
494 0
202 158
141 221
41 339
446 6
469 5
318 50
165 195
191 171
73 289
56 322
395 15
436 10
176 184
44 334
289 73
331 39
492 2
210 152
371 17
479 5
480 4
153 207
217 143
66 296
336 36
103 257
96 264
47 333
123 237
52 324
173 187
406 18
120 240
242 118
138 224
308 56
139 223
72 290
455 11
15 377
190 170
306 58
277 85
426 6
107 253
225 135
431 9
354 24
71 291
252 108
500 4
216 144
369 17
456 8
274 88
397 13
30 356
183 177
374 20
441 7
370 18
23 365
2 420
373 19
6 416
127 233
419 11
82 282
28 358
91 271
14 398
61 303
6 414
286 76
363 17
205 155
407 17
48 334
97 263
418 12
228 132
249 111
121 239
502 4
421 9
179 181
362 18
92 270
181 179
239 121
7 413
293 71
459 5
29 357
15 385
48 328
65 297
463 5
40 344
59 305
415 13
47 331
16 380
226 134
237 123
280 82
307 57
343 29
70 292
400 16
300 64
198 162
141 225
505 7
53 323
223 137
357 21
290 72
154 206
424 6
23 363
21 365
25 367
417 13
181 181
89 273
317 51
389 15
16 386
69 293
208 152
130 230
75 287
222 140
314 54
250 110
51 325
313 55
282 80
150 212
68 294
55 313
131 229
155 205
399 15
324 46
160 200
15 387
319 49
341 31
368 16
271 91
411 15
55 321
42 340
182 178
224 136
27 359
495 1
430 8
449 5
200 160
14 372
156 204
380 18
247 113
136 224
215 145
381 17
497 5
113 249
203 157
13 407
53 315
432 10
498 4
486 0
255 105
14 404
325 45
12 408
245 115
78 284
14 374
57 311
236 126
458 6
410 16
246 114
405 17
79 283
312 56
5 415
74 288
457 7
309 55
17 369
104 256
240 120
150 210
22 364
143 219
140 224
20 366
189 171
235 125
339 33
344 30
467 7
218 142
276 86
94 266
231 129
10 410
37 351
40 342
48 330
238 122
186 174
337 35
281 81
227 133
506 8
244 116
322 48
115 245
102 258
13 401
117 243
493 1
176 188
455 9
360 20
56 312
34 352
393 13
488 0
204 156
361 19
382 18
270 92
358 20
442 6
14 388
405 19
162 198
14 378
187 173
106 254
251 109
423 7
60 306
211 149
128 232
497 3
499 5
335 37
303 61
375 19
232 128
489 1
42 336
58 310
14 400
364 16
99 261
129 231
416 14
452 6
93 269
12 402
39 347
414 14
444 6
82 280
15 379
87 275
390 16
300 65
312 57
331 40
468 7
410 19
440 7
25 366
197 164
248 113
229 132
337 36
342 31
47 334
393 14
12 409
339 34
83 280
431 10
144 217
219 142
113 248
73 292
156 205
182 181
147 214
6 417
153 208
481 4
94 269
95 270
43 336
371 18
180 189
158 203
296 69
97 264
282 81
369 18
181 180
307 58
61 304
91 272
15 378
62 303
380 19
368 17
33 354
420 11
159 202
58 311
411 16
466 9
5 418
414 15
332 39
428 7
48 333
189 172
143 220
228 133
54 315
55 322
42 339
289 74
16 383
99 262
389 16
313 56
132 229
142 221
61 308
395 16
245 116
357 22
397 14
281 82
117 244
41 344
6 415
490 3
367 16
157 204
311 58
223 140
497 4
66 297
398 15
290 73
315 54
37 352
418 13
239 122
43 340
77 286
335 38
17 376
409 18
205 156
56 313
225 136
85 278
382 19
204 157
98 263
394 15
423 8
40 349
50 327
202 159
150 211
75 294
34 353
384 21
321 48
325 46
424 7
14 403
314 55
177 186
464 7
435 10
177 184
504 7
235 126
250 111
53 324
183 178
15 388
422 9
18 381
61 306
453 8
480 5
182 179
254 107
344 29
118 243
15 400
226 135
24 363
495 2
438 9
94 267
187 174
234 127
190 171
162 199
215 146
399 16
71 292
17 370
174 187
188 173
104 259
253 108
49 330
213 150
29 358
96 265
407 18
13 408
485 2
49 328
344 31
362 19
45 334
60 309
430 9
375 20
499 6
255 106
250 113
462 7
151 212
175 188
400 17
16 379
78 285
295 70
224 137
231 130
82 281
338 39
216 145
506 9
456 9
161 200
62 307
138 225
305 60
212 149
304 61
39 350
381 18
54 319
41 342
8 413
140 225
178 187
482 3
454 11
128 233
93 268
309 56
90 273
179 188
70 293
238 123
240 121
57 312
136 225
272 91
105 256
452 7
340 33
361 20
22 365
372 19
74 289
363 18
89 274
184 177
5 420
17 382
390 17
139 224
73 290
246 115
491 2
18 369
166 195
3 420
426 7
355 24
437 10
69 294
494 1
404 17
488 1
225 138
168 193
303 62
496 3
224 139
38 351
143 218
233 128
63 302
318 51
30 357
449 6
11 410
76 287
42 345
232 129
456 11
201 160
337 38
310 57
40 347
130 231
297 68
51 326
55 314
284 79
16 399
415 14
275 88
15 372
59 310
123 238
364 17
236 127
16 387
405 18
88 275
227 134
242 119
7 414
217 144
72 291
501 4
374 21
15 398
48 331
196 165
198 163
17 386
126 235
97 266
270 93
489 2
243 120
487 0
127 234
442 7
294 71
370 19
280 83
454 9
28 359
120 241
413 16
179 182
173 188
463 6
132 231
160 201
15 374
457 8
306 59
341 34
86 277
19 368
121 240
443 6
445 6
336 37
373 20
21 366
459 6
24 367
486 1
172 189
339 40
23 366
115 246
243 118
14 389
7 416
417 14
134 227
256 107
308 57
79 284
354 25
412 15
200 161
252 109
137 226
376 19
241 120
155 206
103 258
365 16
334 39
392 15
320 49
277 86
44 335
206 155
74 293
13 402
15 384
465 8
95 266
319 50
396 15
358 21
93 270
283 80
114 249
338 35
288 75
297 70
469 6
287 76
178 183
27 360
239 124
214 147
41 346
52 325
108 253
60 305
131 230
106 255
345 30
419 12
199 162
209 152
171 191
17 387
382 20
133 231
41 349
284 80
84 280
18 370
60 310
156 206
297 71
59 311
124 238
252 110
177 185
281 85
44 336
90 274
505 9
62 306
487 1
2 422
342 32
309 57
229 133
5 421
123 239
213 151
234 128
430 10
50 328
3 421
206 156
321 49
464 8
420 12
244 118
16 400
62 304
295 71
219 143
332 40
18 376
16 388
152 212
152 210
304 62
28 360
491 3
148 214
180 188
18 386
319 51
108 254
27 361
43 339
159 203
465 9
188 174
137 227
496 4
132 230
7 415
338 40
285 79
435 11
251 111
300 66
279 85
115 247
67 297
136 226
223 141
29 359
306 60
201 161
325 47
75 295
128 234
147 215
488 2
8 414
217 145
196 166
31 357
19 369
440 8
339 35
38 352
18 382
320 50
225 137
214 148
161 201
16 374
224 140
61 309
16 378
254 108
215 147
288 76
499 7
469 7
74 290
504 8
5 419
121 241
278 86
384 22
21 367
343 31
61 305
209 153
302 64
314 56
483 5
49 331
16 398
15 401
32 356
71 293
114 248
429 9
4 420
232 130
445 7
383 21
190 172
178 186
381 19
241 121
404 18
172 190
456 10
98 264
413 17
55 315
338 36
242 120
17 371
55 323
131 231
154 208
45 335
169 193
301 67
212 150
162 200
315 55
39 351
228 134
144 218
151 211
482 4
30 358
253 109
308 58
457 11
86 278
202 160
41 347
198 164
94 268
15 389
336 38
47 335
467 9
397 15
312 58
42 346
393 15
337 39
494 2
287 77
200 164
298 68
25 363
34 354
239 123
374 22
204 158
249 113
233 129
16 372
56 314
226 136
461 7
12 410
160 202
142 222
94 270
495 3
63 307
415 15
389 17
362 20
18 380
140 226
42 342
139 225
138 226
50 330
296 70
371 19
200 162
89 275
15 397
130 232
115 249
37 353
340 34
168 194
15 373
498 8
183 179
428 8
411 17
70 294
357 23
335 39
184 178
311 59
500 6
214 150
368 18
16 384
107 255
379 19
219 145
63 303
74 294
42 338
246 116
62 308
364 18
133 229
448 6
355 25
72 292
306 62
376 20
282 82
396 16
227 135
358 22
391 17
197 165
97 265
179 183
179 187
463 7
372 20
444 8
104 258
384 20
53 325
240 122
290 74
240 124
281 83
44 340
75 293
42 344
85 279
337 37
333 39
438 10
93 273
294 72
271 93
283 81
78 286
14 402
502 6
185 177
22 366
354 26
95 267
24 368
174 188
7 417
458 8
187 175
83 281
299 67
394 16
119 243
462 8
106 256
91 273
459 7
243 119
74 292
55 319
418 14
289 75
303 63
305 61
452 8
412 16
220 142
73 291
destination
