map
random512-25-3.map
pivot
384 87
agent & start
151 354
177 380
251 440
205 392
462 477
469 472
479 470
0 171
42 239
448 481
369 502
104 307
216 417
501 458
200 391
492 465
44 241
99 302
271 462
16 211
354 507
142 345
253 440
337 500
205 390
409 494
225 424
211 412
319 486
373 502
161 364
328 491
59 258
131 334
166 369
119 322
441 484
178 381
314 481
439 482
204 387
76 279
467 472
504 455
412 495
261 452
30 225
491 466
366 501
358 507
297 478
215 416
89 292
56 255
219 420
505 454
340 503
229 428
165 368
158 361
427 488
213 414
402 499
30 227
480 471
433 482
430 485
464 475
22 217
195 390
507 454
17 210
227 426
85 288
117 320
294 477
175 376
451 478
90 293
68 265
108 311
62 261
150 353
106 309
482 469
153 356
50 249
131 326
184 385
45 242
246 439
407 496
145 346
202 395
36 233
126 329
300 479
91 294
47 244
245 438
349 506
57 256
446 483
320 487
232 431
365 500
103 298
205 386
393 500
205 404
254 443
10 195
209 410
429 486
468 471
308 479
3 180
455 480
459 478
302 479
202 399
55 254
334 495
107 310
461 478
199 390
13 202
35 232
20 217
181 382
364 501
75 278
4 183
2 179
452 479
291 474
492 463
3 176
240 433
204 403
343 502
348 505
313 480
3 178
394 499
502 457
440 483
228 427
7 190
367 502
408 495
29 226
70 269
306 479
67 264
201 390
397 498
456 479
86 289
208 387
453 480
137 340
157 360
132 323
247 440
19 216
283 468
149 352
96 299
101 304
323 490
272 463
135 338
360 505
342 501
406 497
21 218
475 472
351 506
254 441
72 275
113 316
217 418
101 300
5 184
82 285
170 373
100 301
355 508
231 430
132 325
242 435
84 287
263 456
83 286
425 490
460 479
255 440
307 480
489 468
128 329
477 472
377 500
434 483
92 295
257 450
296 477
168 371
169 372
256 449
87 290
124 327
463 476
442 485
499 458
253 442
1 172
447 482
375 500
333 496
105 306
236 433
128 331
346 505
46 243
295 476
72 273
70 273
284 469
118 321
218 419
173 376
334 497
202 397
443 486
8 191
95 298
273 464
202 389
160 363
207 408
359 506
207 388
431 484
18 213
374 501
18 215
224 423
379 502
204 401
79 282
65 264
356 509
130 327
238 433
270 461
112 315
127 330
292 475
18 209
97 300
164 367
8 189
133 336
54 253
78 281
497 460
290 473
24 221
370 503
172 375
472 471
22 219
317 484
132 335
361 504
60 259
115 318
281 466
110 313
13 204
380 503
438 483
241 434
179 382
48 245
212 413
214 411
293 476
146 349
136 339
206 389
206 391
61 260
88 291
103 306
23 220
322 489
100 303
387 504
331 494
233 432
52 251
415 492
125 328
167 370
109 312
341 502
503 456
385 506
102 299
378 501
9 194
481 470
14 201
253 446
9 192
230 429
129 328
357 508
476 471
147 350
196 391
152 355
509 452
388 503
254 447
171 374
116 319
203 396
206 385
71 274
486 469
3 174
69 270
154 357
444 485
327 490
287 470
389 502
122 325
498 459
185 386
63 262
454 481
203 394
114 317
175 378
347 504
205 402
213 412
496 460
490 466
246 438
468 470
454 480
115 317
203 395
45 241
354 506
129 329
211 411
463 475
131 323
236 432
162 364
161 363
19 215
175 377
267 457
384 504
133 335
138 340
203 399
273 463
412 494
445 483
373 501
172 374
87 289
73 275
127 329
204 394
297 477
79 281
335 497
258 450
69 271
62 260
18 212
466 472
9 191
24 220
130 332
72 274
475 471
374 500
128 328
385 505
469 471
216 416
492 462
206 390
124 326
371 503
207 391
288 470
393 499
509 451
148 350
271 461
225 423
229 427
455 479
343 501
447 481
59 257
314 480
214 410
130 326
480 470
210 410
18 210
185 385
89 291
456 478
461 477
259 451
255 443
284 468
181 381
219 419
4 182
478 470
315 481
252 440
142 344
214 414
41 237
329 491
331 493
88 290
104 306
370 502
350 506
201 389
113 315
352 506
76 278
390 500
11 193
467 471
31 227
4 176
429 485
0 168
263 455
498 458
74 276
255 441
102 304
164 366
183 383
100 302
145 347
238 432
308 478
90 292
380 502
255 447
217 417
230 428
360 504
326 490
239 431
176 378
323 489
131 333
482 468
204 396
262 452
71 273
441 483
439 481
486 468
406 496
287 469
506 454
64 262
15 201
231 429
53 251
294 476
491 463
2 172
5 183
1 171
427 487
479 469
154 356
507 453
260 452
36 232
402 498
351 505
430 484
251 439
47 243
11 195
497 457
14 204
377 499
325 489
388 502
158 360
147 349
363 501
63 261
318 484
241 433
489 467
43 239
101 301
208 408
51 249
453 479
205 385
245 437
386 504
117 319
43 235
178 380
108 308
174 376
299 477
9 189
338 500
4 178
23 217
424 490
397 497
123 325
173 375
137 339
92 294
233 431
118 320
330 492
320 486
19 213
77 279
125 327
359 505
401 497
10 194
502 456
121 323
54 252
49 245
82 284
20 214
425 489
215 415
159 361
22 218
228 426
378 500
291 473
151 353
169 371
272 462
302 478
434 482
355 507
433 481
122 324
109 311
361 503
208 388
80 282
334 496
398 496
13 203
60 258
182 382
205 393
503 455
166 368
14 202
35 231
408 494
307 479
491 465
442 484
407 495
17 211
19 209
126 328
356 508
204 400
473 471
452 478
30 226
348 504
254 446
508 452
504 454
290 472
170 372
460 478
95 297
387 503
283 467
375 499
389 501
206 404
204 386
472 470
132 324
167 369
0 170
476 470
254 442
414 492
257 449
409 493
237 433
296 476
50 248
286 468
242 434
42 236
282 466
340 502
247 439
97 299
218 418
505 453
68 264
3 179
145 345
4 174
203 397
477 471
497 459
86 288
105 305
292 474
367 501
293 475
300 478
102 300
110 312
20 216
107 309
57 255
234 432
212 412
15 205
196 390
179 381
444 484
383 503
101 303
171 373
372 502
48 244
399 497
365 499
55 253
200 390
65 263
332 494
180 380
226 424
129 327
438 482
108 310
8 190
443 485
78 280
346 504
368 500
128 330
232 430
144 346
364 500
103 299
501 457
262 454
205 403
119 321
296 474
135 337
396 498
146 348
426 488
303 479
152 354
358 506
84 286
149 351
70 270
60 257
478 469
258 449
479 468
232 429
177 378
31 226
130 331
501 456
242 433
425 488
131 332
109 310
481 468
14 203
268 457
74 275
263 454
133 334
349 504
282 465
200 389
490 465
150 351
371 502
340 501
132 333
143 344
468 469
496 459
362 501
204 395
65 262
207 390
173 374
170 371
57 254
68 263
230 427
444 483
466 471
488 467
164 365
366 499
64 261
11 194
215 414
402 497
131 324
205 400
125 326
5 176
264 455
263 452
248 439
217 416
111 312
167 368
160 361
428 485
113 314
287 468
83 284
225 422
432 481
307 478
97 298
206 405
300 477
422 491
149 350
82 283
431 482
290 471
351 504
231 428
37 232
43 238
358 505
136 337
102 301
377 498
134 335
19 210
322 487
138 339
360 503
397 496
379 496
69 264
507 452
75 276
102 303
353 504
12 193
128 327
129 326
42 237
108 309
396 497
350 505
219 418
54 251
463 474
41 236
80 281
137 338
129 330
233 430
87 288
509 450
295 474
53 250
356 507
408 493
399 496
426 487
103 304
324 489
427 486
119 320
0 169
400 497
329 490
405 494
498 457
56 253
15 204
429 484
460 477
211 410
475 470
497 458
20 215
401 496
18 207
71 272
19 212
461 476
6 175
271 460
330 491
469 470
247 438
406 495
55 252
375 498
256 441
9 190
114 315
171 372
414 491
234 431
283 466
110 311
415 490
365 498
39 234
89 290
163 364
124 325
206 403
206 393
147 348
25 220
303 478
380 501
63 260
179 380
42 235
18 211
76 277
135 336
480 469
316 481
246 437
2 171
174 375
104 305
500 457
424 489
20 209
445 482
407 494
286 467
172 373
240 431
185 384
335 496
44 239
372 501
379 500
51 248
393 498
201 388
115 316
73 274
508 451
120 321
15 202
343 500
267 456
446 481
196 389
294 475
117 318
169 368
434 481
381 502
10 189
208 389
227 424
126 327
146 347
255 446
9 186
122 323
101 302
23 218
378 499
43 236
224 421
386 503
237 432
207 404
165 366
50 247
412 493
95 296
112 313
332 493
5 174
503 454
203 398
339 500
363 500
109 308
77 278
209 408
423 490
71 270
183 382
70 271
130 329
390 499
255 442
176 377
130 325
262 453
207 392
438 481
484 467
155 354
413 492
318 483
398 495
84 285
317 482
4 179
367 500
32 227
273 462
482 467
369 500
315 480
52 249
212 411
297 476
203 386
319 484
238 431
17 206
77 276
384 503
368 499
161 362
81 282
373 500
182 381
465 472
48 243
288 469
103 300
370 501
388 501
471 470
144 345
416 489
462 475
181 380
313 478
296 475
184 383
204 397
205 394
178 379
285 468
489 466
464 473
15 200
121 322
473 470
155 356
389 500
320 485
326 489
491 462
62 259
245 436
8 185
252 439
24 219
166 367
91 292
331 492
385 504
403 496
260 451
299 476
355 506
455 478
152 353
78 279
52 247
443 484
59 256
213 410
208 391
293 474
45 240
127 328
453 478
49 244
477 470
5 178
292 473
374 499
352 505
216 415
346 503
228 425
226 423
10 191
472 469
85 286
180 379
259 450
118 319
325 488
1 168
204 385
20 213
207 406
383 502
486 467
58 255
476 469
186 385
454 479
16 205
35 230
441 482
79 280
5 182
158 359
148 349
409 492
506 453
47 242
229 426
36 231
430 483
218 417
314 479
92 293
128 326
20 212
24 218
69 263
301 477
167 367
5 177
2 168
429 483
92 290
476 468
475 469
366 498
205 395
244 434
13 193
135 335
177 377
96 296
423 489
77 277
32 226
313 477
6 182
242 432
19 207
179 379
233 429
52 248
352 504
10 190
441 481
205 399
207 393
207 403
58 254
443 483
484 466
460 476
20 208
6 176
422 490
264 454
421 491
44 238
42 234
272 460
260 450
333 493
229 425
185 383
97 297
219 417
294 474
15 203
430 482
155 355
208 390
6 174
248 438
12 194
480 468
142 342
283 465
407 493
53 249
131 331
322 486
323 487
255 445
245 435
317 481
225 421
472 468
216 414
269 457
380 500
431 481
17 201
181 379
79 279
424 488
307 477
355 505
370 500
122 322
241 431
3 171
71 271
150 350
303 477
252 436
84 284
496 458
364 498
65 261
7 175
326 488
208 392
257 441
361 501
186 384
212 410
477 469
376 498
43 237
455 477
111 311
45 239
165 365
164 364
321 485
56 252
208 404
479 467
377 497
1 169
209 407
365 497
274 462
174 374
156 356
204 384
78 278
117 317
178 378
132 332
374 498
274 460
373 499
63 259
203 383
367 499
123 323
80 280
463 473
371 501
428 484
85 285
16 204
432 476
103 301
237 431
340 500
466 470
438 480
295 473
461 475
109 309
5 179
25 219
454 478
50 246
66 262
298 476
474 470
297 475
350 504
27 221
127 327
363 499
153 353
500 456
103 303
196 388
21 215
462 474
200 388
385 503
115 315
133 333
169 367
400 496
284 466
288 468
425 487
134 334
243 433
209 391
26 220
20 210
308 476
467 467
126 326
112 312
121 321
227 423
410 492
207 405
417 489
49 243
473 469
331 491
508 450
445 481
5 181
231 427
110 310
102 302
481 467
457 475
359 501
215 413
39 233
149 349
208 406
397 493
12 188
16 200
490 464
158 358
324 488
50 244
46 240
113 313
210 408
267 455
314 478
379 495
205 397
173 373
234 430
162 362
10 186
19 211
224 420
35 229
213 409
203 385
259 449
502 454
119 319
393 497
161 361
432 480
38 232
172 372
266 454
319 483
163 363
171 371
379 499
315 479
160 360
235 429
478 468
330 490
415 489
263 453
482 466
412 492
378 498
47 241
506 452
21 209
378 496
118 318
40 234
184 382
285 467
51 247
34 228
16 202
217 415
265 455
36 230
54 250
489 465
332 492
359 503
206 396
414 490
498 456
7 183
114 314
130 324
98 298
90 290
408 492
344 500
346 502
470 470
147 347
17 205
256 442
487 467
362 500
249 439
401 495
137 337
379 497
402 496
48 242
312 476
405 493
384 502
461 467
202 386
204 398
182 380
293 473
236 430
471 469
351 503
1 167
95 295
209 389
247 437
232 428
74 274
318 482
358 504
252 438
369 499
139 339
64 260
399 495
88 288
183 381
289 469
356 506
416 488
464 472
387 501
240 430
503 453
382 502
336 496
391 499
228 424
490 462
403 495
404 494
381 501
164 362
8 184
92 292
82 282
291 471
37 231
28 222
427 485
159 359
383 501
397 495
76 276
62 258
395 497
168 368
468 468
130 330
406 494
230 426
41 235
2 170
18 206
60 256
396 496
89 289
55 251
467 469
398 494
144 344
124 324
354 504
226 422
390 498
154 354
268 456
9 185
389 499
483 467
104 304
287 467
434 480
220 418
456 476
213 386
28 221
463 468
294 473
350 503
431 476
358 501
184 381
94 293
131 330
253 438
405 492
287 466
133 332
99 298
95 294
40 233
361 500
103 302
461 474
262 449
79 278
115 314
42 233
467 468
295 472
27 220
80 279
58 253
90 289
379 498
75 274
38 231
67 262
317 480
228 423
351 502
156 355
3 170
312 475
22 209
160 359
464 469
81 280
200 387
376 497
241 430
428 483
70 263
226 421
230 425
164 361
260 449
249 438
370 499
467 466
66 257
454 477
242 431
321 484
174 373
385 502
183 380
6 181
86 285
177 376
7 174
47 240
269 456
333 492
92 291
301 476
12 191
12 187
478 467
244 433
35 228
336 495
136 335
314 477
159 358
234 429
463 472
150 349
501 454
313 476
11 190
216 413
362 499
465 470
429 482
388 495
89 288
49 242
360 501
438 479
57 252
340 499
460 475
165 364
210 407
53 248
18 205
243 432
418 489
44 237
212 387
476 467
221 418
308 475
167 366
480 467
123 322
246 435
212 409
119 318
266 453
32 225
421 490
412 491
5 180
114 313
344 499
162 361
132 331
386 501
25 218
110 309
363 498
479 466
477 468
29 222
489 462
1 166
404 493
285 466
50 243
380 499
410 491
482 465
93 292
267 454
154 353
178 377
499 456
406 493
383 500
113 312
455 476
444 481
13 194
365 496
434 479
327 488
17 200
34 227
416 487
219 416
6 179
457 474
205 398
124 323
391 498
6 177
366 497
293 472
206 399
182 379
16 203
378 495
129 324
62 257
402 495
354 503
431 480
172 371
48 241
503 452
248 437
207 402
274 461
142 341
187 384
209 390
88 287
175 374
495 458
507 450
2 169
232 427
472 467
454 473
384 501
85 284
323 486
373 498
51 246
46 239
45 238
60 255
464 471
374 497
409 490
369 498
382 501
143 342
55 250
138 337
203 384
462 473
475 468
357 504
104 303
424 487
256 445
144 343
66 261
207 400
67 256
371 500
22 213
487 466
307 476
63 258
413 490
12 189
292 471
484 465
347 502
458 475
389 498
206 395
91 290
259 448
179 378
442 481
367 498
229 424
417 488
462 467
78 277
218 415
394 497
261 450
253 436
500 455
268 455
118 317
456 475
93 290
41 234
168 367
173 372
488 465
206 397
470 469
274 459
8 183
324 487
122 321
231 426
303 476
112 311
207 394
407 492
498 455
395 496
403 494
22 215
158 357
252 437
185 382
432 477
163 362
96 295
54 249
164 363
65 260
20 207
237 430
72 271
310 473
120 319
7 176
289 468
364 497
5 172
356 505
257 442
51 244
204 383
469 468
349 502
31 224
171 370
20 211
134 333
215 384
16 199
461 468
202 385
76 275
148 347
258 447
315 478
397 494
21 212
36 229
128 325
426 485
358 503
320 483
225 420
98 297
264 453
352 503
273 460
502 451
245 434
201 386
430 481
211 408
197 388
6 173
11 186
425 486
483 466
106 303
388 499
489 464
318 481
208 393
283 464
196 387
300 475
506 451
236 429
422 489
14 193
390 497
414 489
208 405
225 418
210 391
65 258
331 490
322 485
161 360
423 488
125 324
400 495
82 281
298 475
306 475
271 458
411 492
166 365
7 182
139 338
126 325
330 489
474 469
207 396
396 493
18 201
299 474
17 202
334 493
127 326
9 184
265 454
137 336
443 482
10 185
199 388
288 466
136 334
207 399
172 370
67 255
391 497
41 233
14 186
422 488
47 239
8 182
426 484
127 325
164 360
208 400
91 289
464 468
188 384
262 448
372 498
462 466
423 487
308 474
495 455
132 330
186 382
394 496
162 360
473 467
9 183
454 476
94 290
327 487
49 241
173 371
209 405
86 284
82 280
326 486
56 250
319 481
22 210
227 421
31 223
14 188
65 257
358 502
249 437
160 358
370 498
367 497
380 498
206 398
11 185
65 259
354 502
507 449
469 467
237 429
118 316
39 231
165 363
340 498
148 346
178 376
381 499
389 495
29 221
283 463
437 479
98 296
420 490
487 465
154 352
482 464
222 418
168 366
4 170
481 465
472 466
123 321
52 244
266 452
7 177
502 452
208 402
64 258
144 342
30 222
369 497
480 466
184 380
210 390
503 451
407 491
373 497
429 481
73 271
395 495
247 435
210 392
414 488
120 318
271 457
384 500
347 501
33 225
134 332
199 387
501 453
48 238
260 448
285 465
224 418
256 444
272 458
382 500
99 297
424 486
167 365
374 496
267 453
463 469
495 457
345 499
37 229
253 437
273 459
356 504
211 391
390 496
378 494
48 240
137 335
35 227
63 257
350 502
15 193
96 294
105 303
17 199
336 494
117 315
246 434
45 237
505 451
431 479
406 492
455 475
310 472
468 466
248 436
13 195
269 455
386 500
115 313
287 465
89 287
497 455
245 433
428 482
171 369
321 483
179 377
410 490
262 450
312 474
198 388
456 474
159 357
113 311
88 286
213 387
15 197
19 201
478 464
311 471
430 480
413 489
17 203
125 323
18 200
462 472
220 416
498 454
257 443
62 256
458 474
257 445
208 394
23 213
197 387
295 471
51 245
25 217
313 475
32 224
166 364
2 166
344 498
36 228
377 495
479 465
388 496
478 466
104 302
242 430
362 498
216 384
128 324
106 304
210 406
187 383
22 212
302 476
10 184
204 382
470 468
215 385
6 180
402 494
408 490
229 423
371 499
464 470
431 473
258 446
477 467
161 359
18 202
61 255
28 220
133 331
1 165
234 428
355 503
309 473
298 474
221 417
443 481
19 205
157 355
388 498
219 415
97 295
34 226
214 386
55 249
474 468
324 486
112 310
322 484
376 496
265 453
218 414
254 436
455 473
305 475
116 314
307 475
232 426
315 477
349 501
66 260
150 348
333 491
158 356
3 169
113 309
139 337
38 230
107 303
207 397
466 468
388 494
332 490
396 494
363 497
23 215
228 422
301 475
461 473
114 312
20 206
6 172
230 424
360 500
14 194
12 186
226 418
389 497
462 468
70 262
207 401
431 475
290 468
423 485
5 171
292 468
58 252
489 463
183 379
392 496
361 499
121 319
418 488
207 395
13 191
54 248
483 465
7 173
463 467
81 279
346 500
293 471
163 361
506 450
294 472
289 467
174 372
79 277
352 502
212 388
67 261
12 190
330 488
13 187
51 243
417 487
175 371
202 384
351 501
21 211
95 293
80 278
400 494
216 412
26 218
236 428
93 291
275 461
284 464
259 447
225 417
435 479
241 429
175 373
431 477
217 413
22 214
404 492
111 309
94 292
334 492
318 480
488 464
323 485
300 474
212 408
142 340
18 204
460 474
499 455
385 501
411 491
66 256
366 496
416 486
226 420
243 431
457 473
76 274
200 386
149 345
454 472
425 485
319 480
247 434
91 288
360 499
2 165
443 480
469 466
126 323
462 465
18 203
204 379
9 182
171 368
480 465
368 497
8 177
66 255
178 375
286 465
210 405
470 467
444 479
142 339
431 478
78 275
45 236
244 431
503 450
367 496
187 382
295 470
346 499
284 463
14 191
314 475
111 308
460 473
225 416
403 492
373 496
31 222
199 386
148 345
138 333
163 360
348 501
465 468
310 471
330 487
173 370
227 420
14 185
276 461
352 501
323 484
494 457
313 474
377 494
158 355
400 493
216 411
270 453
26 217
237 428
57 250
394 495
248 435
350 501
363 496
324 485
422 487
46 237
109 302
311 472
300 473
477 466
49 240
25 216
107 304
73 270
3 166
392 495
461 472
463 470
98 295
32 223
307 474
294 471
7 180
273 458
263 450
20 205
285 464
115 312
459 474
471 466
138 335
260 447
261 448
19 200
210 393
24 215
90 287
62 255
162 359
222 417
209 396
381 498
150 347
161 358
36 227
425 484
114 311
406 491
423 486
233 426
15 196
287 464
204 381
79 276
47 238
337 494
341 498
211 392
455 472
229 422
117 314
168 365
270 455
176 373
312 473
474 467
52 243
7 172
473 466
320 481
155 352
488 463
13 186
344 497
228 421
154 351
243 430
456 473
141 338
64 257
86 283
119 316
316 477
402 493
357 502
226 419
164 359
302 475
407 490
11 184
414 487
226 417
496 455
332 489
39 230
15 188
257 444
48 239
288 465
167 364
218 413
56 249
464 467
209 402
259 446
8 181
22 201
136 333
174 371
453 476
54 247
107 302
59 252
112 309
157 354
399 492
385 500
15 194
447 478
315 476
301 474
19 202
428 481
215 386
85 282
282 463
371 498
50 241
19 204
16 197
246 433
4 169
120 317
297 472
432 473
395 494
94 291
242 429
511 448
289 466
388 497
212 407
418 487
356 503
200 385
87 284
430 479
362 497
325 486
427 480
9 176
328 487
442 479
13 190
499 454
303 474
390 495
12 185
382 499
254 437
6 171
95 292
7 178
72 269
108 303
133 330
283 462
370 497
96 293
186 381
8 173
89 286
478 463
462 469
122 319
311 470
41 232
209 394
17 198
431 474
507 448
5 170
486 465
95 290
500 453
415 486
308 473
323 482
501 452
224 417
121 318
420 489
423 484
208 395
271 456
211 390
327 486
236 427
160 357
61 254
33 224
214 387
331 488
304 475
80 277
264 451
487 464
21 206
188 383
23 212
258 445
305 474
429 480
125 322
334 491
454 471
35 226
208 401
221 416
118 315
237 426
216 385
209 400
454 475
22 211
483 464
506 449
14 189
143 340
495 454
230 423
139 336
0 7
404 491
38 229
123 320
232 425
238 429
376 495
175 372
66 259
267 452
29 220
99 296
52 245
67 260
201 384
55 248
481 464
81 278
409 488
23 214
291 468
265 452
234 427
137 334
389 494
149 346
436 479
68 261
408 489
127 324
290 467
345 498
419 488
351 500
179 376
249 436
347 500
321 482
505 450
413 488
145 342
207 398
166 363
82 279
70 261
463 466
185 380
183 378
0 3
391 496
1 164
198 387
478 465
113 308
340 497
219 414
134 331
417 486
14 195
411 490
105 302
65 256
272 457
498 453
354 501
76 273
213 388
421 488
374 495
292 467
298 473
420 488
259 445
214 408
355 501
343 497
107 301
64 256
447 477
8 180
105 301
163 359
199 385
204 380
35 225
301 473
47 237
482 462
428 480
286 464
211 393
371 497
336 492
330 486
242 428
5 169
374 494
471 465
479 463
179 375
417 485
126 322
127 323
465 467
474 466
139 335
333 489
21 201
210 404
268 452
258 444
350 500
90 286
496 454
13 185
0 6
53 243
363 495
381 497
310 470
61 253
23 211
418 486
76 272
12 184
443 479
137 333
154 350
505 449
211 405
271 453
209 397
176 372
56 248
36 226
217 411
10 176
231 423
125 321
455 471
344 496
303 473
50 240
146 342
24 214
114 310
385 499
134 330
52 242
7 171
470 466
9 181
428 476
462 470
9 177
255 437
270 454
19 203
400 492
119 315
285 463
8 178
277 461
461 471
141 337
412 488
271 455
198 386
135 331
16 194
407 489
401 493
97 293
294 470
157 353
48 236
304 474
327 485
282 462
4 166
221 415
215 409
347 499
155 351
78 274
31 221
372 496
422 486
432 474
318 478
14 190
427 481
21 205
212 392
95 291
110 302
210 402
498 452
272 456
273 457
406 490
158 354
507 447
180 376
283 461
209 395
291 467
302 474
162 358
368 496
292 466
69 261
290 466
57 249
399 491
213 407
2 164
297 471
96 290
493 457
3 167
375 495
37 227
230 422
229 421
237 427
77 273
408 488
1 3
500 452
288 464
120 316
228 420
160 356
486 464
191 383
238 428
216 410
511 447
320 480
356 502
208 398
86 282
33 223
136 332
26 216
459 473
382 498
18 198
322 482
235 427
140 336
416 484
463 465
421 487
419 487
472 464
216 408
15 189
46 236
79 275
217 385
487 463
307 473
219 413
213 389
58 250
295 469
55 247
503 449
352 500
3 165
0 8
108 304
218 412
316 476
62 254
386 498
99 295
313 473
237 425
394 494
276 460
20 202
200 384
83 279
508 448
370 496
497 453
249 435
315 475
345 497
360 498
384 498
59 251
32 222
16 188
446 478
232 424
174 370
143 339
227 417
377 493
34 224
108 302
49 239
414 486
436 478
341 497
88 284
210 394
346 498
15 195
173 369
351 499
215 387
300 472
495 453
469 465
29 219
40 230
138 334
85 281
71 261
321 481
264 450
16 196
28 218
233 425
17 197
309 471
510 448
332 488
109 301
305 473
9 173
81 277
413 487
212 390
30 220
73 269
348 500
215 389
53 245
91 287
325 485
65 255
387 497
169 365
227 419
54 246
67 259
478 462
361 497
82 278
284 462
402 492
267 451
124 320
429 479
265 451
369 495
203 379
225 415
298 472
167 363
329 487
390 494
178 374
480 464
159 355
142 338
10 182
324 484
186 380
340 496
96 292
226 416
122 318
27 217
247 433
499 453
87 283
411 489
261 447
1 163
312 472
444 478
118 314
20 204
342 498
115 311
222 416
175 369
430 478
209 401
0 4
314 474
150 346
359 499
409 487
358 498
415 485
456 472
39 229
4 168
172 368
183 377
296 470
403 491
109 303
123 319
244 430
188 382
112 308
391 495
483 463
319 479
210 396
337 493
473 465
424 484
223 417
72 268
6 170
323 483
435 477
434 476
453 475
8 172
148 344
481 463
170 366
181 377
19 199
426 482
450 476
70 266
393 495
337 491
442 478
22 200
334 490
477 465
41 231
425 483
274 457
71 260
484 463
48 235
5 168
400 491
158 353
16 195
190 383
424 483
70 265
148 343
215 408
223 416
322 481
342 497
162 357
87 282
212 405
178 373
302 473
319 478
8 179
328 485
142 337
231 422
137 332
238 427
146 341
277 460
390 493
230 421
271 454
8 171
417 484
315 472
283 460
374 493
4 165
118 313
285 462
350 499
500 451
511 446
210 397
76 271
359 498
259 444
482 461
333 484
37 226
429 478
33 222
124 319
27 216
136 331
17 188
224 415
453 474
211 404
298 471
13 184
127 322
362 495
508 447
336 491
53 242
100 295
166 361
501 450
456 471
502 449
9 180
97 292
304 473
55 246
385 498
492 457
57 248
203 378
139 334
340 495
186 379
410 487
450 475
202 377
394 493
261 446
216 387
3 164
67 258
356 501
473 464
163 358
475 466
17 196
29 218
260 445
485 464
405 490
227 416
232 423
50 239
315 474
211 402
63 254
210 401
171 366
40 229
125 320
2 3
73 268
451 476
427 476
244 429
246 431
156 349
308 471
213 390
181 376
209 398
115 310
144 339
334 489
266 449
216 409
59 250
369 494
141 336
0 9
307 472
333 488
329 486
170 365
486 463
106 301
370 495
434 475
332 487
318 477
69 260
284 461
187 380
291 466
247 432
412 487
203 380
268 451
155 350
497 452
295 468
496 453
337 490
460 471
68 259
18 197
234 425
281 462
123 318
176 369
316 475
303 472
506 447
25 214
109 304
487 462
470 465
290 465
420 487
226 415
54 245
341 496
10 181
407 488
21 202
134 329
189 382
228 419
84 279
228 417
96 291
151 346
347 498
325 484
393 494
265 450
476 465
49 236
85 280
77 272
219 412
389 492
255 438
425 482
401 492
120 315
264 449
321 480
117 312
249 434
376 493
320 477
435 476
282 461
286 463
218 411
235 426
184 377
99 294
251 434
39 228
509 448
383 498
428 479
287 462
34 221
406 489
16 191
421 486
185 378
83 278
179 374
483 462
416 483
20 199
346 497
261 444
443 478
110 303
31 220
371 496
391 494
268 449
276 459
297 470
361 496
461 470
32 221
343 496
225 414
301 472
375 494
5 166
444 477
306 473
21 204
465 466
194 385
348 499
296 469
213 392
180 375
182 377
71 264
215 388
92 287
272 455
459 472
214 407
368 495
211 394
433 474
21 200
313 472
1 4
355 500
34 223
24 211
446 477
309 470
174 369
38 227
7 170
28 217
15 190
0 13
126 321
480 463
78 273
86 281
474 465
19 198
236 425
0 5
64 255
418 483
10 175
464 465
199 384
472 463
210 395
90 285
140 335
220 413
426 481
218 385
349 498
71 266
402 491
353 500
428 477
332 485
403 490
505 448
324 483
338 493
60 251
112 307
160 355
384 497
167 362
289 464
338 491
192 383
510 447
157 352
169 364
294 469
41 230
108 301
88 283
436 477
173 368
116 311
240 427
352 499
386 497
9 178
214 389
82 277
408 487
6 169
414 485
62 253
377 492
330 485
2 163
177 372
4 167
143 338
233 424
47 236
273 456
479 462
337 492
10 173
382 497
471 462
159 354
20 203
183 376
481 462
198 385
360 497
499 452
36 225
222 415
358 499
35 224
372 495
411 488
1 6
243 428
418 485
188 381
507 446
79 274
344 495
275 458
358 497
298 470
188 380
185 377
71 265
506 446
25 211
484 462
4 164
501 449
373 493
416 482
218 410
155 349
80 274
180 374
22 204
287 461
498 450
318 476
34 222
385 497
85 279
277 459
383 497
178 372
81 275
386 496
126 320
102 296
284 460
481 461
125 319
41 229
487 461
375 493
170 364
346 496
267 449
211 399
320 476
19 197
157 351
262 446
427 477
228 418
420 486
17 187
123 317
217 387
268 450
20 198
285 461
247 431
220 412
202 378
300 470
332 484
275 457
436 476
40 228
335 489
334 488
16 190
58 248
190 382
54 244
339 491
382 496
411 487
450 474
183 375
77 271
193 383
342 496
50 238
176 368
499 451
459 471
276 458
340 494
38 226
348 498
17 195
226 414
136 330
475 465
29 217
2 4
140 334
7 169
91 285
428 478
194 384
451 475
442 476
370 494
88 282
168 362
176 370
465 465
296 468
339 493
9 171
82 276
98 292
177 371
274 456
6 168
101 295
476 464
212 396
31 219
213 405
5 167
143 337
281 461
87 281
246 430
57 247
444 476
235 425
262 444
400 490
11 181
224 414
470 464
34 220
233 421
153 347
291 465
225 413
99 293
149 343
474 464
201 377
500 450
223 415
421 485
227 415
97 291
418 484
101 293
178 368
458 472
244 428
181 375
393 493
210 398
322 480
250 434
497 451
403 489
79 273
166 360
36 224
492 456
13 183
314 472
195 385
325 483
295 467
359 497
361 495
329 485
505 447
377 491
119 313
117 311
471 463
256 438
56 246
302 472
24 210
509 447
199 383
272 454
202 380
192 382
49 235
197 385
137 331
154 348
169 363
319 477
144 338
294 468
321 479
240 426
308 470
59 249
332 486
349 497
214 390
28 216
248 432
71 259
21 203
401 491
402 490
299 471
315 473
357 499
27 215
73 267
384 496
51 239
390 492
4 0
264 448
211 401
218 386
52 240
172 366
90 284
313 471
485 463
156 350
141 335
146 340
10 172
496 452
3 1
11 175
62 252
446 476
230 420
234 424
152 346
0 10
83 277
251 433
306 472
352 498
307 471
30 218
423 481
460 470
219 385
374 492
68 258
483 461
320 478
100 294
412 486
221 413
330 484
280 460
145 339
78 272
174 368
106 300
212 394
278 460
47 235
239 427
301 471
182 376
369 493
37 225
356 500
213 391
336 490
261 445
102 292
443 477
163 357
72 266
64 254
1 5
219 411
417 483
260 444
21 199
333 483
389 491
147 341
170 362
229 419
249 433
159 353
424 482
17 191
345 495
233 423
480 462
350 498
229 417
216 388
316 474
472 462
179 373
268 448
445 477
407 487
69 259
215 407
347 497
160 354
391 493
1 13
26 214
135 329
456 470
60 250
162 356
51 237
304 472
35 221
110 304
508 446
72 264
243 427
92 286
371 495
353 499
211 403
415 483
482 460
286 462
127 321
265 449
259 443
338 492
479 461
452 474
112 306
473 463
3 7
39 227
211 397
212 404
16 192
228 416
184 376
414 484
290 464
231 421
217 409
115 309
449 475
510 446
148 340
186 378
173 367
405 489
9 179
187 379
53 241
214 406
3 163
108 300
273 455
376 492
261 443
434 474
118 312
303 471
2 162
76 270
368 494
341 495
212 402
425 481
222 414
211 395
372 494
507 445
33 221
0 12
54 242
2 160
198 384
343 495
161 355
120 314
158 352
167 361
464 464
410 486
117 310
42 227
35 222
0 11
178 367
11 180
165 358
55 242
73 264
3 6
169 362
354 499
29 216
90 283
168 361
101 294
16 185
340 491
497 450
51 238
51 236
268 447
28 215
260 443
498 449
192 381
457 470
401 490
73 266
1 12
166 359
102 293
448 475
496 451
80 273
141 334
375 492
299 470
60 249
118 311
180 373
5 164
83 276
113 306
92 285
93 286
220 411
383 496
263 446
7 168
214 405
2 161
425 480
492 455
504 447
106 299
190 381
56 245
27 214
100 293
497 448
274 455
269 450
304 471
171 364
335 488
13 182
414 483
112 305
200 377
250 433
71 258
2 5
32 219
353 498
201 378
487 460
72 265
265 448
247 430
4 1
108 299
173 366
111 304
127 320
4 3
421 484
458 471
3 8
94 287
77 270
466 465
485 462
24 209
257 438
147 340
84 277
402 489
213 396
224 413
195 384
213 402
25 210
435 474
102 295
481 460
157 350
15 184
482 459
39 226
263 444
391 492
182 375
72 263
181 374
3 162
507 444
230 419
145 338
373 492
465 464
158 351
505 446
223 414
159 352
314 471
177 368
422 483
197 384
452 473
406 487
155 348
348 497
288 461
177 370
3 2
509 446
296 467
484 461
3 160
267 448
201 380
336 487
226 413
61 250
360 495
26 209
5 0
502 447
345 494
126 319
486 461
239 426
446 475
32 217
251 432
426 477
83 274
91 284
297 468
243 426
19 196
219 386
386 495
443 476
286 461
17 190
329 484
120 313
316 473
125 318
436 475
218 409
451 474
228 415
212 403
160 353
178 371
419 484
64 253
405 488
17 192
150 343
291 464
233 420
377 490
323 480
23 208
235 424
162 355
389 490
154 347
317 474
306 471
339 492
144 337
2 13
370 493
284 459
33 220
198 383
407 486
167 360
58 247
403 488
20 197
14 183
276 457
483 460
10 179
346 495
211 400
350 497
234 423
149 342
385 496
123 316
37 224
21 198
22 203
333 486
264 447
244 425
470 463
336 489
8 169
41 228
372 493
199 382
194 383
413 484
221 412
50 235
447 474
334 487
491 456
330 483
40 227
11 174
475 464
232 421
410 485
417 482
136 329
278 459
423 480
114 307
170 363
218 387
3 4
249 432
187 378
38 225
426 479
262 443
148 341
442 475
473 462
18 189
1 14
500 449
301 470
281 460
340 493
52 239
310 467
240 425
153 346
245 422
59 248
78 271
55 244
47 234
75 268
124 317
185 376
415 482
347 496
56 243
449 474
225 412
427 478
18 187
116 309
219 410
229 418
9 170
119 312
302 471
0 17
82 275
164 357
99 292
121 314
393 492
146 339
411 486
85 278
420 485
137 330
474 463
23 204
172 365
10 171
241 426
115 308
244 427
217 388
445 476
211 398
212 395
371 494
262 445
215 406
356 499
86 279
101 292
262 441
277 458
321 478
6 167
331 484
31 218
325 482
307 470
287 460
280 459
424 481
248 429
18 191
322 479
89 282
499 450
332 483
30 217
285 460
103 296
480 461
259 442
98 291
53 240
319 476
434 473
0 15
273 454
342 495
18 195
174 367
88 281
69 258
359 496
303 470
416 481
368 493
81 274
229 416
142 335
367 494
214 391
189 380
459 470
341 494
62 251
506 445
510 445
294 467
57 246
422 481
222 413
90 282
235 423
112 304
238 424
270 450
73 265
57 245
402 488
341 493
491 455
383 495
147 339
19 191
340 492
199 377
458 470
323 479
199 381
263 445
263 441
177 367
16 184
401 489
277 457
128 320
120 312
173 365
275 455
73 263
425 479
457 469
240 424
483 459
184 374
5 1
376 490
115 307
257 437
57 243
362 492
78 268
485 461
446 474
2 10
502 446
54 240
289 461
246 428
390 490
399 485
504 446
0 16
78 270
474 462
410 484
434 472
225 411
228 414
12 180
262 442
426 478
245 425
451 473
37 223
356 498
18 190
116 308
415 481
172 364
445 475
374 490
10 170
190 380
393 491
301 469
22 198
310 466
106 298
3 5
4 4
345 493
108 298
201 379
416 480
223 413
1 15
359 495
412 484
422 482
13 181
448 474
447 473
86 278
492 454
392 492
411 485
475 463
212 400
178 370
469 463
294 466
273 453
360 494
215 405
5 163
92 284
303 469
244 422
4 6
109 299
3 161
302 470
465 463
299 469
245 423
262 440
59 247
306 470
295 465
284 458
486 460
218 388
161 353
372 492
14 182
420 484
498 448
330 482
39 225
43 227
60 248
375 491
55 241
499 449
93 285
314 470
293 465
124 316
507 443
263 443
15 183
171 363
193 381
506 444
346 494
95 287
264 444
149 341
325 481
113 305
94 286
232 420
213 403
174 366
245 427
496 450
155 347
319 475
40 226
351 497
145 337
217 389
436 474
497 449
103 293
23 207
42 226
179 371
229 415
424 480
309 467
213 401
175 367
279 459
98 290
459 469
81 273
366 494
370 492
285 459
180 372
292 464
194 382
231 419
264 446
114 306
226 412
230 418
23 203
88 280
247 429
25 209
322 478
167 359
196 384
317 473
248 428
102 294
100 292
219 387
18 194
385 495
332 482
2 12
118 310
215 391
7 167
443 475
31 217
33 219
70 258
505 445
82 274
99 291
89 281
435 473
21 197
163 355
83 275
260 442
216 406
246 422
32 218
300 468
222 412
182 374
267 447
137 329
484 460
213 397
213 395
4 162
136 328
62 250
11 179
87 279
509 445
122 314
183 373
281 459
119 311
24 204
17 185
191 381
405 487
4 8
242 426
153 345
24 208
17 193
5 3
4 2
495 451
77 269
20 196
406 486
249 431
350 496
476 462
158 350
181 373
304 470
453 463
79 271
19 187
278 458
103 295
76 268
74 266
123 315
150 342
159 351
125 317
3 9
480 460
186 376
36 222
32 216
9 169
53 235
12 174
52 238
127 319
47 233
501 447
169 361
274 454
75 267
371 493
335 487
250 432
354 498
417 479
65 253
331 483
510 444
418 478
221 411
367 493
198 382
1 11
219 409
286 460
417 481
347 495
265 447
51 235
473 461
373 491
239 425
58 246
30 216
481 459
500 448
414 482
6 0
298 468
187 377
129 321
26 208
336 488
243 425
0 18
80 272
142 334
467 463
466 464
296 466
18 192
400 488
19 189
41 227
28 214
84 276
166 358
38 224
165 357
104 296
230 416
53 239
105 297
348 496
450 472
334 486
214 394
227 413
56 244
391 491
421 483
113 303
329 483
342 494
241 425
212 398
20 187
469 462
4 161
18 193
419 482
334 485
93 284
310 465
459 468
279 458
239 424
33 216
99 290
214 395
66 253
281 458
65 252
6 3
147 338
84 275
337 488
39 224
127 318
371 492
289 460
106 297
383 494
37 222
355 498
103 294
54 239
215 394
222 411
6 1
435 472
196 383
59 246
191 380
187 376
120 311
32 215
425 478
16 183
415 480
74 265
301 468
305 470
150 341
356 497
367 492
394 491
444 473
220 387
481 458
276 455
249 430
306 469
304 469
154 345
2 11
179 370
5 162
137 328
167 358
370 491
417 478
3 12
4 9
458 469
158 349
199 380
221 388
314 469
358 495
338 489
18 185
506 443
270 449
229 414
263 442
285 458
277 456
79 270
385 494
115 306
53 236
331 482
398 485
263 440
326 481
465 462
451 472
199 378
357 496
376 489
421 482
215 402
284 457
242 425
86 277
104 295
219 388
265 444
19 194
114 305
223 412
38 221
362 491
112 293
85 276
396 491
89 280
318 473
57 244
177 366
443 474
214 403
81 272
373 490
415 474
480 459
392 491
139 330
495 450
227 412
30 215
411 484
9 168
317 472
378 489
215 404
262 439
236 423
391 490
88 279
218 389
412 483
405 486
455 468
433 472
302 469
245 426
413 482
3 10
401 488
325 480
141 332
48 233
448 473
230 415
245 424
180 371
296 465
505 444
359 494
22 197
260 441
25 208
161 352
409 484
298 467
492 453
261 440
293 464
217 406
379 488
453 464
294 465
341 492
266 447
494 451
447 472
221 410
77 268
503 446
182 373
410 483
23 206
224 411
105 296
55 240
153 344
496 449
87 276
303 468
2 15
424 479
12 173
100 291
116 307
1 16
217 390
445 474
31 216
499 448
228 413
186 375
417 480
25 204
166 357
283 458
194 381
213 400
351 496
173 364
390 489
138 329
345 492
13 180
246 427
501 446
143 334
56 241
399 486
348 495
52 235
497 446
220 409
200 379
319 474
53 234
122 313
119 310
498 447
168 359
28 213
476 461
1 18
7 164
130 321
360 493
5 8
246 423
17 184
510 443
12 179
219 408
14 171
282 459
400 487
213 398
418 481
190 379
53 238
474 461
113 304
323 478
257 436
398 489
19 192
214 393
78 269
114 303
163 354
286 459
96 287
19 190
375 490
5 2
244 423
63 250
124 315
11 178
24 207
24 203
136 327
418 479
11 170
335 486
264 443
504 445
309 466
452 471
231 418
33 218
324 479
365 492
195 382
45 226
41 226
44 227
420 483
491 454
347 494
142 333
7 166
70 257
327 482
57 242
94 285
184 373
297 466
342 493
484 459
350 495
185 374
241 424
155 346
90 281
20 191
4 5
172 363
98 289
175 366
123 314
109 298
275 454
198 381
235 422
215 392
82 273
80 271
91 282
264 445
74 263
466 463
152 343
271 450
467 462
20 195
299 468
454 463
446 473
75 266
160 351
61 248
165 356
232 419
475 462
434 471
500 447
21 196
437 474
214 401
38 223
393 490
363 492
162 353
192 379
193 380
485 460
436 473
450 471
366 493
169 360
108 297
435 470
129 320
322 477
406 485
92 283
226 411
15 182
146 337
250 431
295 464
509 444
507 442
238 423
328 483
140 331
225 410
274 453
216 391
247 428
125 316
75 265
433 471
149 339
12 176
217 391
164 354
398 486
509 443
503 445
20 188
99 289
69 255
14 180
141 331
30 214
15 171
466 462
399 487
404 486
121 311
485 459
331 481
370 490
447 471
48 232
232 418
92 282
409 483
325 479
97 287
24 206
424 478
229 413
375 489
510 442
499 447
395 491
498 446
275 453
319 473
127 317
13 173
468 462
238 422
458 468
122 312
148 338
12 178
34 218
221 409
497 445
142 332
180 370
451 471
135 325
326 480
392 490
242 424
351 495
91 281
400 486
260 440
235 421
294 464
327 481
154 344
436 472
22 196
162 352
459 467
6 4
282 458
489 455
110 294
437 473
218 390
405 485
279 457
346 492
66 252
37 221
277 455
227 411
176 366
13 179
110 298
246 424
274 452
44 226
143 333
221 389
138 328
416 478
413 481
349 495
21 187
140 330
264 442
151 341
302 468
355 497
170 360
446 472
384 494
322 476
65 251
380 488
81 271
13 175
231 417
169 359
220 388
246 426
265 445
323 477
124 314
243 423
25 207
217 405
15 175
182 372
456 468
247 423
508 442
339 489
475 461
195 381
115 305
228 412
454 464
445 473
335 485
315 469
20 190
265 441
52 234
283 457
168 358
38 222
172 362
94 284
191 379
114 304
163 353
109 297
187 375
3 11
153 343
120 310
104 294
504 444
5 5
14 172
501 445
6 8
378 488
452 470
25 205
114 302
467 461
436 470
414 474
215 403
470 460
365 491
21 191
123 313
361 491
284 456
41 225
192 378
126 316
371 491
8 166
2 16
88 278
53 237
478 460
109 295
311 465
63 249
74 262
398 488
366 492
382 494
415 475
369 491
128 318
264 440
415 479
230 414
396 490
55 239
45 225
35 219
86 276
325 475
6 6
500 446
29 213
494 448
105 295
483 457
90 278
419 481
360 492
107 297
5 161
161 351
443 473
320 474
247 427
70 256
338 488
85 275
39 221
448 472
174 364
159 349
31 215
21 195
199 379
19 193
76 266
106 296
255 435
98 288
435 471
8 164
62 248
14 174
494 450
455 467
20 194
342 492
301 467
506 442
423 477
23 197
156 346
256 436
318 472
418 480
196 382
390 488
305 469
117 307
111 293
60 246
271 449
347 493
5 159
359 493
261 439
298 466
1 19
213 399
147 337
285 457
476 460
450 470
130 320
16 182
79 269
297 465
218 406
250 430
87 277
480 458
236 422
357 495
6 2
11 177
226 410
215 393
82 272
214 400
222 410
194 380
179 369
266 446
77 267
0 154
484 458
74 260
112 294
290 460
216 404
5 7
165 355
223 411
190 378
397 489
220 408
4 10
237 423
308 466
215 401
147 335
401 487
293 463
299 467
444 472
34 216
9 167
155 345
239 423
216 392
100 290
362 490
411 483
175 365
19 185
17 183
136 326
197 381
11 169
78 266
376 488
18 184
379 489
193 379
224 410
7 1
310 464
6 162
495 449
491 453
394 490
215 395
125 315
90 280
363 491
434 470
453 465
471 459
420 482
152 342
0 20
7 163
61 247
328 482
166 356
25 203
40 224
58 244
286 458
57 241
20 192
198 378
356 496
406 484
0 144
20 186
139 329
4 12
469 461
216 394
454 466
372 490
185 373
198 380
98 287
93 282
239 422
110 297
392 489
421 480
315 468
59 244
375 488
313 466
420 481
324 475
214 399
500 445
141 330
194 379
105 294
498 445
453 468
155 340
446 471
55 238
380 491
181 370
409 482
469 460
61 246
83 272
137 326
15 172
415 476
294 463
117 306
347 492
176 365
442 473
223 410
140 329
419 480
226 409
2 19
451 470
75 262
348 493
222 409
482 455
401 486
305 468
84 273
364 491
382 493
341 490
41 224
379 490
395 490
40 223
220 407
30 213
121 310
21 192
501 444
44 225
494 449
0 147
275 452
425 476
7 4
279 456
189 376
3 16
301 466
23 196
2 17
46 229
218 405
376 487
366 491
273 450
37 220
255 434
489 454
300 465
319 472
378 487
151 340
470 459
152 341
34 217
93 280
147 336
4 11
326 479
81 270
4 159
471 458
250 429
89 278
396 489
411 482
377 488
455 466
477 460
256 435
309 464
75 264
298 465
175 364
433 470
349 494
124 313
25 198
230 413
54 237
323 476
132 319
453 466
254 433
154 341
216 401
21 194
74 261
77 266
293 462
157 346
468 461
29 212
236 421
20 193
475 460
7 162
4 15
90 279
121 308
36 219
1 20
445 472
306 467
12 169
155 344
57 240
165 354
310 463
215 400
142 331
159 348
5 10
327 480
0 145
322 475
8 165
128 317
384 493
431 470
62 247
153 342
101 290
130 319
218 391
479 458
150 339
115 302
135 324
286 457
342 491
40 221
58 241
216 393
97 286
368 491
505 442
335 484
88 277
261 438
509 442
108 295
216 403
0 21
478 459
391 488
278 455
143 332
456 467
247 426
265 442
454 465
91 280
186 373
290 459
120 309
166 355
359 492
424 477
164 353
168 357
146 335
490 453
125 314
7 8
116 305
325 478
499 446
485 458
52 233
325 476
9 164
397 488
299 466
122 311
144 333
21 190
282 457
380 489
1 144
161 350
149 338
196 381
70 255
69 254
80 269
272 449
403 486
109 294
65 250
472 459
390 487
232 417
10 167
480 457
173 362
316 469
404 485
109 296
6 5
49 232
174 363
215 396
302 467
180 369
228 411
423 478
227 410
94 283
39 222
458 467
86 275
338 487
123 312
29 208
66 251
436 471
308 465
405 484
78 265
370 489
466 461
452 469
25 202
495 448
0 153
414 475
339 488
14 179
17 182
237 422
220 389
31 214
138 327
26 205
414 477
171 360
371 490
13 176
106 295
180 367
217 404
6 9
75 260
351 494
24 201
331 480
15 174
321 474
26 203
20 185
6 161
488 455
483 456
63 248
99 288
328 481
19 184
92 281
110 295
7 2
162 351
283 456
136 325
191 378
415 478
320 473
266 445
110 293
198 379
3 18
292 461
242 423
484 457
412 481
422 479
45 224
6 7
170 359
85 274
197 380
71 256
398 487
195 380
76 265
247 424
22 195
510 441
438 473
60 245
276 453
14 175
115 304
233 418
127 316
107 296
1 154
126 315
5 160
5 158
280 457
357 494
217 392
287 458
24 197
14 173
100 289
25 206
355 496
265 440
9 166
264 439
414 479
12 177
363 490
24 199
260 439
1 148
35 218
481 456
503 444
111 294
187 374
21 188
336 485
448 471
22 191
96 285
285 456
221 390
182 371
160 349
491 452
312 465
361 490
169 358
114 301
22 190
473 459
505 441
250 428
424 476
445 471
348 492
40 222
0 148
385 491
488 454
0 152
176 364
222 408
493 449
101 289
475 459
483 455
409 481
403 485
12 168
305 467
469 459
306 466
236 420
301 465
35 217
109 293
191 377
62 246
255 433
324 474
437 471
25 201
8 2
144 332
7 9
472 458
357 491
341 489
220 406
221 407
148 336
293 461
234 418
11 167
480 456
298 464
282 456
153 341
420 480
6 160
13 177
6 10
25 199
181 367
276 452
228 410
321 473
274 450
251 429
24 200
216 400
117 305
197 379
60 244
5 15
499 445
226 408
361 489
22 192
125 313
30 212
81 269
187 373
71 255
265 439
223 409
432 470
14 178
326 478
96 284
110 296
248 426
99 287
396 488
20 184
68 252
3 17
422 478
137 325
26 202
326 476
414 478
370 488
26 198
80 268
412 480
458 466
401 485
215 399
390 486
456 466
94 282
392 488
290 458
56 238
128 316
260 438
46 228
442 472
217 393
42 224
24 196
111 297
13 169
397 487
337 485
287 457
188 374
227 409
126 314
359 491
273 449
377 487
28 208
318 468
279 455
444 470
196 380
91 279
162 350
400 484
116 304
155 343
169 357
21 185
413 479
59 243
275 451
500 444
489 453
77 265
158 346
340 488
139 327
140 328
36 218
9 163
73 255
14 176
231 413
27 207
69 253
142 330
131 319
175 363
151 339
7 7
329 481
365 489
115 301
92 280
468 460
157 345
215 397
110 292
89 277
470 458
240 422
285 455
220 390
369 489
384 492
120 308
180 368
490 452
368 490
85 273
4 16
509 441
1 143
349 493
364 490
381 489
259 437
129 317
351 493
266 440
8 4
492 450
84 272
425 475
107 295
19 183
431 469
457 467
455 465
347 491
411 481
294 462
266 442
476 458
309 463
325 477
316 468
161 349
170 358
299 465
17 181
357 493
5 11
375 487
16 180
315 467
21 193
221 391
25 197
172 356
313 465
374 488
72 256
21 189
453 467
451 469
382 492
320 472
477 459
511 439
2 144
63 247
93 281
352 494
267 445
95 283
217 401
26 206
149 337
328 480
219 405
15 179
163 351
61 245
242 422
138 326
4 158
76 264
280 456
136 324
503 443
37 219
123 311
65 249
395 489
86 274
244 420
105 293
180 366
111 295
43 225
167 355
189 375
154 340
6 12
172 360
124 312
358 492
16 174
7 161
323 475
57 239
183 371
307 465
487 455
59 241
97 285
481 455
165 353
452 468
100 288
327 479
155 341
256 434
118 306
1 21
430 470
243 421
342 490
478 458
302 466
338 486
332 480
156 344
55 237
52 232
160 348
356 494
314 466
1 153
146 334
366 490
2 20
75 261
121 309
15 173
9 165
381 491
218 392
152 340
297 463
181 369
283 455
414 476
501 443
485 457
237 421
190 376
421 479
438 472
104 292
466 460
164 352
58 240
7 5
133 319
103 291
249 427
286 456
75 259
47 229
4 18
218 404
312 464
219 391
335 483
247 425
2 154
27 205
44 224
174 362
495 447
29 209
448 470
168 356
235 419
292 460
122 308
288 458
471 457
10 166
380 490
41 221
482 454
217 403
31 213
371 489
355 495
74 258
354 494
66 250
49 231
1 147
18 182
232 416
254 432
0 146
404 484
70 254
1 145
23 195
195 379
218 403
3 154
118 305
250 427
452 459
256 431
190 375
357 492
322 473
55 236
58 239
288 457
217 402
511 438
500 443
59 240
244 419
492 449
120 307
306 465
76 263
231 412
165 352
215 398
157 344
26 201
187 372
167 354
8 9
62 245
115 300
49 230
431 468
127 314
168 355
134 321
94 281
159 346
191 376
339 486
318 469
260 437
438 471
474 459
490 451
23 186
1 152
28 205
38 219
87 274
292 459
29 210
135 322
295 462
243 420
47 228
304 467
495 446
9 2
69 250
480 455
3 144
181 368
0 23
364 489
107 294
404 483
4 17
275 450
143 330
46 227
74 257
312 463
179 366
218 393
84 271
489 452
466 459
403 484
16 179
251 428
23 194
155 342
67 250
242 421
27 206
19 182
189 374
220 391
76 261
101 288
255 432
424 475
72 255
105 292
268 445
12 167
27 204
481 454
348 491
182 367
309 462
355 494
293 460
31 212
308 463
9 162
392 487
313 464
2 143
442 471
353 494
279 454
221 392
171 356
409 480
396 487
63 246
503 442
57 238
183 370
327 478
22 185
395 488
421 478
291 458
7 10
300 463
314 465
170 357
2 155
276 451
249 426
479 456
17 180
216 397
175 362
131 318
173 360
289 458
88 275
274 449
340 487
229 410
277 452
60 241
254 431
100 287
352 493
14 169
401 484
283 454
28 207
76 259
117 304
9 8
73 254
367 490
329 480
95 282
477 458
103 290
196 379
68 251
160 347
18 181
136 323
172 359
5 16
326 477
216 399
15 178
357 490
48 229
138 325
6 11
129 316
81 268
285 454
290 457
139 326
172 357
267 442
236 419
220 405
328 479
182 369
444 469
178 365
8 7
381 490
10 163
85 272
451 468
92 279
20 183
237 420
163 350
321 472
375 486
32 213
510 439
248 425
227 408
162 349
302 465
432 469
249 424
22 193
358 491
356 493
4 157
217 400
151 336
130 317
2 153
332 479
448 469
228 409
86 273
7 12
7 160
502 443
144 331
509 440
429 470
23 192
223 408
109 292
11 166
456 465
371 488
65 248
413 478
111 296
133 320
36 217
151 338
298 463
150 337
266 439
77 264
222 407
96 283
335 482
42 223
241 422
445 470
69 252
505 440
66 249
487 454
219 392
64 247
166 353
125 312
153 340
315 466
342 489
219 404
476 457
360 489
266 443
301 464
10 165
5 18
484 455
337 484
9 4
51 232
485 456
1 146
43 224
2 145
25 200
97 284
25 196
267 444
149 336
8 5
122 309
116 301
176 363
104 291
452 467
323 474
89 276
280 455
258 435
382 491
259 436
33 214
164 351
146 333
106 293
119 306
257 434
457 466
470 457
349 492
491 450
26 197
2 21
14 177
1 22
468 459
61 244
123 310
0 151
294 461
4 19
472 457
16 173
281 456
0 149
27 198
30 211
27 202
366 489
21 184
374 487
99 286
391 486
338 485
327 476
413 476
13 168
354 493
317 468
475 458
316 467
384 491
400 483
141 328
98 285
374 485
411 480
299 464
297 462
341 488
368 489
385 490
22 189
430 469
75 258
376 485
336 483
70 253
116 303
499 444
41 222
233 416
286 455
59 242
488 453
377 486
420 479
235 418
359 490
438 470
2 22
196 378
479 455
73 253
492 448
478 456
486 454
342 488
11 163
23 189
217 399
218 394
173 357
24 192
178 364
131 317
163 349
382 490
236 418
457 465
336 482
28 204
135 321
2 146
288 456
308 462
191 375
402 484
392 486
5 141
376 484
8 160
370 486
103 289
96 282
150 336
1 121
56 236
358 490
364 488
137 323
60 242
108 292
310 460
6 140
0 150
286 454
411 479
480 454
100 286
23 193
61 243
452 460
81 267
68 250
219 393
38 218
25 195
468 458
9 161
43 223
49 229
2 152
65 247
371 487
367 489
350 492
28 206
355 493
293 459
28 202
69 251
319 469
442 470
104 290
77 259
99 285
71 253
315 465
447 469
490 450
353 493
377 485
27 195
1 23
97 283
322 472
499 443
303 465
403 483
445 469
339 485
487 453
2 122
7 159
1 151
117 303
313 463
159 345
157 343
67 249
412 476
192 376
152 338
42 222
233 415
360 488
167 353
323 473
166 352
495 445
82 268
267 443
0 120
290 456
47 227
427 471
372 488
66 248
279 453
183 367
300 462
11 165
34 214
255 431
2 142
502 442
469 457
510 438
412 478
32 212
20 182
70 250
219 403
63 245
344 488
8 10
158 342
183 369
153 339
491 449
36 216
485 455
221 405
338 484
10 162
24 194
10 8
327 477
432 468
260 436
23 185
231 407
170 356
467 459
27 199
58 238
140 326
500 442
259 435
396 486
354 492
62 244
77 263
484 454
250 426
375 485
268 444
312 462
448 468
506 440
37 217
130 316
274 448
305 465
223 407
474 458
136 322
229 409
13 167
173 359
89 275
352 492
17 179
160 346
182 368
493 447
278 452
59 239
123 309
21 183
216 398
439 471
4 156
384 490
27 197
243 419
508 440
175 361
159 341
281 455
18 180
151 337
0 24
423 475
147 333
69 249
249 423
75 257
295 461
128 314
473 457
22 184
329 479
165 351
158 344
16 178
119 305
453 461
301 463
184 370
5 19
256 432
77 261
30 210
250 422
451 467
144 330
107 293
299 463
283 453
26 200
28 198
230 408
51 231
285 453
441 471
3 143
385 489
3 155
395 487
298 462
287 451
3 153
218 402
176 360
488 452
8 6
509 439
451 459
188 372
242 420
179 365
33 213
95 281
373 487
220 392
3 21
164 350
237 419
50 230
85 271
393 487
39 219
9 5
12 166
284 454
349 491
332 478
359 489
142 328
400 482
143 329
351 491
366 488
4 144
169 355
86 272
141 327
134 320
101 287
161 347
187 371
115 299
374 486
7 11
269 445
109 291
227 407
189 373
238 420
477 457
470 456
64 246
4 142
252 428
23 187
428 470
341 487
443 469
475 457
9 3
190 374
61 241
88 274
168 354
236 406
317 467
5 17
420 478
266 438
120 306
450 468
494 446
14 168
276 450
106 292
231 411
24 190
60 240
10 4
126 312
0 122
275 449
15 177
148 334
72 254
125 311
458 464
139 325
9 7
112 296
424 474
8 12
410 480
124 310
429 469
156 342
174 360
171 355
92 278
258 434
304 466
117 301
291 457
289 457
241 421
226 406
102 288
249 425
356 492
253 429
149 335
177 363
127 313
74 256
277 451
17 173
297 461
145 331
353 492
8 11
106 291
96 281
266 437
14 167
442 469
336 481
395 486
304 465
161 346
223 406
28 203
241 420
287 454
235 416
288 451
502 441
345 488
102 287
449 468
363 488
314 463
293 458
289 456
8 159
97 282
420 477
411 478
17 178
2 23
131 316
78 259
311 460
197 376
472 455
358 489
35 214
48 227
300 461
481 452
441 470
281 454
370 485
375 484
487 452
480 453
7 18
136 321
473 456
313 462
274 447
101 286
486 453
450 467
63 244
80 265
0 25
125 310
236 417
238 419
87 272
323 472
152 337
220 403
61 240
4 155
339 482
165 350
488 451
43 222
331 478
25 192
235 406
225 406
47 226
295 460
6 17
51 230
372 487
303 464
59 238
18 173
24 193
175 360
10 161
220 393
58 237
451 466
179 364
242 419
57 236
459 464
70 247
29 202
166 351
337 482
1 150
128 313
292 457
5 140
9 6
146 331
11 162
329 478
269 444
117 302
439 470
90 275
190 373
137 322
219 402
315 464
126 311
10 5
25 194
321 470
34 213
259 432
371 486
232 407
328 477
359 488
11 164
184 367
499 440
423 474
24 187
467 458
28 201
426 471
344 487
1 122
7 158
108 291
384 489
139 324
0 123
340 485
275 448
445 468
499 442
100 285
231 408
237 418
158 341
164 347
287 452
338 483
86 271
143 328
107 292
135 320
493 446
379 486
149 334
1 24
150 335
284 453
159 342
451 460
492 447
354 491
191 374
153 338
410 479
298 461
429 468
352 491
432 467
218 399
474 457
10 7
3 146
192 375
127 312
222 405
85 270
24 185
68 249
376 483
286 451
62 243
260 435
510 437
83 268
402 483
317 466
495 444
40 219
3 142
183 368
27 196
78 263
322 471
427 470
177 362
148 333
230 409
1 120
77 258
88 273
2 123
286 453
99 284
259 434
477 456
102 281
343 488
383 490
270 445
3 22
485 454
176 361
169 354
4 141
367 488
12 163
19 180
311 458
308 461
61 242
234 405
118 303
285 452
355 492
294 459
456 463
13 0
393 486
254 429
184 369
29 204
104 289
50 229
71 252
4 153
10 3
66 247
142 327
309 460
5 154
341 486
168 353
9 12
461 462
412 477
196 377
5 142
4 145
394 487
132 317
22 183
77 262
160 345
188 371
62 241
278 451
113 296
250 423
219 394
2 141
480 451
77 260
299 462
491 448
100 283
229 408
373 486
312 461
469 456
446 469
307 462
145 330
26 195
23 188
301 462
24 189
75 256
236 407
457 464
5 156
506 439
159 344
28 197
84 269
3 152
250 425
157 342
102 279
121 306
72 253
178 363
18 179
189 372
233 414
167 352
302 463
339 484
91 276
82 267
258 433
489 450
194 377
257 432
227 406
252 421
277 450
31 210
120 305
93 278
479 454
335 480
9 10
360 487
173 358
12 165
101 282
490 449
124 309
70 251
64 245
377 484
253 428
39 218
369 486
350 491
508 439
452 461
21 182
364 487
498 443
255 430
130 315
0 119
2 121
164 349
316 465
431 466
268 443
440 471
27 200
162 347
33 212
69 248
280 453
320 469
29 198
234 415
170 355
94 279
30 197
6 19
113 298
25 186
37 216
140 325
276 449
36 215
6 141
25 190
105 290
67 248
346 489
251 422
454 461
217 398
232 411
401 482
17 172
29 206
174 359
114 299
231 410
16 177
103 287
8 158
30 204
40 218
218 398
78 260
364 486
220 394
489 449
177 361
471 455
383 489
26 186
49 227
62 242
446 468
251 421
362 488
22 182
14 0
223 405
85 269
114 298
255 429
486 452
67 247
3 147
459 463
384 488
118 298
222 402
377 483
269 443
68 248
168 352
285 451
102 286
179 363
44 222
50 228
337 481
24 184
316 464
130 314
358 488
9 159
6 154
24 188
378 484
101 279
388 486
429 467
29 201
233 405
197 375
304 464
306 462
395 485
148 332
457 463
193 375
381 487
121 305
28 196
136 320
288 452
355 491
65 245
42 220
127 311
25 185
501 441
30 206
265 437
275 447
472 454
31 209
79 263
184 368
6 142
499 441
63 241
307 461
25 187
287 453
502 440
92 276
122 306
347 489
428 468
10 10
335 479
1 25
259 433
294 458
34 212
252 418
91 275
323 471
270 444
490 448
345 487
5 145
2 120
3 141
98 282
305 463
236 416
165 349
4 140
80 264
492 446
167 351
455 461
4 152
63 243
93 277
8 18
423 473
166 350
361 487
135 319
102 282
336 480
279 451
70 248
493 445
339 483
346 488
390 484
81 265
5 143
126 310
101 283
322 470
430 466
78 258
141 325
321 469
153 337
493 443
11 161
128 312
420 476
494 444
440 470
497 443
7 157
232 408
26 194
460 462
425 471
15 167
9 19
84 268
278 450
482 452
449 467
89 273
296 460
119 303
100 284
281 453
312 460
258 432
237 417
154 338
170 354
131 315
100 282
19 179
379 485
164 348
90 274
380 486
510 436
18 178
1 123
52 230
125 309
299 461
225 405
143 327
401 481
69 247
147 331
114 296
5 21
133 317
129 313
491 447
11 3
28 200
191 373
509 437
157 341
82 266
478 454
227 405
107 291
11 7
25 191
26 190
132 316
160 342
161 345
432 466
338 482
62 240
370 484
6 144
318 466
150 334
235 407
239 419
159 343
498 442
488 450
450 466
78 262
330 478
118 302
30 198
292 456
479 453
190 372
372 486
253 427
37 215
329 477
324 472
219 401
29 199
29 203
5 155
36 214
310 458
17 171
7 17
284 452
480 452
474 456
288 454
18 172
487 451
4 22
368 486
9 13
252 420
289 455
240 420
313 461
140 324
11 5
375 483
175 359
221 403
233 413
29 197
469 455
195 377
51 229
376 482
277 449
102 280
144 328
6 20
220 402
13 1
11 9
234 406
194 376
331 477
12 4
17 177
169 353
500 440
138 322
64 244
451 465
481 451
232 410
58 236
66 246
308 460
160 344
9 11
71 251
280 452
367 487
410 478
427 469
59 237
25 193
229 407
341 485
96 280
350 490
411 477
309 457
12 164
94 278
303 463
224 406
231 409
120 304
113 297
41 219
477 455
461 461
363 487
261 435
83 267
485 453
431 465
10 12
293 457
178 362
272 444
146 330
48 226
0 118
441 469
251 423
14 166
87 271
196 376
300 460
422 474
79 261
402 482
3 119
235 415
276 448
3 121
3 23
2 24
105 289
274 446
123 305
451 461
180 364
19 173
507 439
315 463
393 485
344 486
241 419
174 358
95 279
353 491
47 225
251 425
72 252
228 406
21 181
456 462
371 485
2 150
479 451
39 215
10 160
426 470
302 462
317 465
394 486
189 371
10 6
1 119
163 347
467 457
75 255
23 183
454 460
0 26
473 455
262 436
343 487
312 458
452 462
507 438
194 375
26 185
78 257
97 280
52 229
10 19
487 450
493 444
406 479
121 304
35 212
185 368
253 426
482 451
51 228
131 314
372 485
18 177
468 455
233 408
130 313
7 16
33 210
459 462
374 483
129 312
383 488
278 449
1 124
500 439
440 469
14 165
169 352
11 10
308 457
427 468
251 418
330 477
337 480
229 406
3 148
80 263
101 284
346 487
12 9
84 267
422 471
13 4
485 452
228 405
252 419
368 485
344 485
114 297
150 333
9 14
395 484
6 21
13 8
356 487
19 172
26 191
26 193
25 188
27 190
477 454
420 475
347 488
91 274
488 449
425 470
428 467
315 462
357 488
30 199
31 206
271 444
122 305
422 473
42 219
105 288
136 319
126 309
104 287
451 462
36 213
3 140
391 484
262 435
94 277
3 120
501 440
132 315
163 346
295 458
191 372
272 443
143 326
58 235
343 486
378 483
175 358
396 483
72 251
0 125
98 281
167 350
29 186
388 485
327 472
53 230
127 310
128 311
353 490
181 364
419 476
15 166
508 437
492 443
99 282
44 221
421 474
151 334
284 451
49 226
7 156
196 375
503 440
50 227
369 484
227 404
9 18
79 260
7 154
490 447
23 182
318 465
37 214
48 225
363 486
451 464
14 1
178 361
221 402
45 222
8 157
27 186
2 119
0 117
71 248
6 143
274 445
236 415
502 439
223 402
460 461
472 453
461 460
148 331
251 424
117 298
2 25
263 436
13 162
322 469
145 328
237 416
165 348
232 409
12 5
96 279
7 142
180 363
489 446
12 3
275 446
12 161
433 466
13 164
7 144
39 216
170 353
29 200
293 456
224 405
401 480
220 401
233 404
483 452
31 208
2 149
317 464
289 454
100 281
195 376
30 203
355 490
409 478
309 458
30 185
146 329
0 27
382 487
478 453
186 369
456 461
79 258
62 239
410 477
437 468
64 243
119 302
402 481
63 240
221 394
362 487
11 12
367 486
254 427
446 467
334 479
40 217
140 323
10 13
476 455
69 246
296 459
102 285
41 218
235 414
240 419
6 155
18 171
168 351
0 133
234 413
232 405
17 170
341 484
32 209
68 247
308 459
8 17
166 349
261 434
424 471
138 321
93 276
313 460
31 204
31 202
190 371
256 429
161 344
304 463
219 398
26 189
390 483
123 306
157 340
234 407
179 362
298 459
34 211
466 457
373 484
43 220
258 431
280 451
64 241
4 23
66 245
381 486
24 183
449 466
189 370
161 342
350 489
260 433
323 470
125 308
60 237
307 460
450 465
219 400
324 471
10 11
11 6
469 454
265 436
340 483
251 420
5 152
38 215
124 305
218 397
164 345
338 481
342 485
133 316
155 338
479 452
147 330
498 441
380 485
82 265
19 178
299 460
101 280
0 127
336 479
305 462
29 196
257 430
144 327
8 15
139 322
20 179
375 482
87 270
356 489
3 24
141 324
492 445
6 145
76 255
467 456
457 462
22 181
441 468
30 207
365 486
5 22
85 268
294 457
509 436
83 266
10 159
13 2
276 447
223 404
88 271
474 455
387 486
281 452
377 482
302 461
252 423
107 290
277 448
491 446
329 476
90 273
160 343
270 443
430 465
102 283
79 262
454 459
471 454
154 337
394 485
2 139
142 325
379 484
288 453
497 442
312 459
63 242
300 459
134 317
81 264
1 118
11 160
118 297
194 374
12 6
341 483
451 463
374 482
422 472
31 201
279 449
460 460
283 451
68 246
30 200
324 470
170 352
88 268
35 211
164 344
335 477
458 462
313 459
392 484
189 369
99 281
441 467
87 269
25 183
427 467
237 415
90 272
254 422
221 401
396 482
406 478
297 459
257 429
373 483
503 439
281 451
0 134
116 298
180 362
424 470
162 344
14 8
58 234
150 332
234 408
15 163
13 5
4 120
7 21
187 369
31 199
455 459
161 343
224 404
389 483
13 3
459 461
350 488
51 227
40 216
345 485
134 316
29 185
129 311
358 486
457 461
343 485
256 428
508 436
19 171
167 349
59 235
1 27
386 486
326 472
13 161
163 345
83 265
273 443
141 323
369 483
342 484
63 239
444 466
323 469
120 298
144 326
381 485
419 475
102 284
4 150
32 206
7 145
5 121
4 24
465 457
18 176
278 446
11 11
258 430
3 149
11 159
190 370
110 290
61 237
86 268
501 439
307 459
489 445
234 410
127 309
433 465
472 452
153 333
23 181
146 328
400 480
72 250
271 443
12 12
186 368
15 1
60 236
76 254
437 467
152 334
1 133
12 160
1 131
155 337
34 210
395 483
181 363
296 458
26 188
12 10
402 480
9 157
262 434
382 486
447 467
8 156
2 138
308 458
366 486
118 296
10 158
18 170
408 478
73 251
45 221
487 449
388 484
22 180
474 454
33 209
507 437
14 162
131 313
7 143
264 436
9 145
196 374
477 453
19 177
438 468
405 479
119 299
3 139
3 25
33 205
305 461
171 353
8 16
80 258
27 189
280 450
362 486
142 324
219 397
330 476
467 455
156 338
492 444
336 478
53 229
298 458
347 487
239 417
84 266
104 286
289 453
401 479
124 306
71 249
154 336
353 489
252 424
80 260
276 446
229 405
318 464
440 468
31 183
261 433
418 474
10 18
468 454
135 317
31 203
478 452
485 451
394 484
28 190
100 280
2 118
119 301
325 471
303 461
27 185
344 484
253 425
379 483
255 427
490 446
0 136
6 22
133 315
121 303
233 409
410 476
294 456
29 195
10 14
77 255
300 458
1 117
377 481
0 116
282 452
356 488
378 482
175 357
334 478
44 220
2 26
13 7
295 457
314 460
456 460
390 482
97 279
96 278
450 464
14 164
221 395
338 480
27 191
64 238
307 457
1 127
139 321
8 154
125 307
328 472
195 375
166 348
46 222
380 484
136 318
228 404
247 421
147 329
250 420
120 302
263 435
4 148
117 297
191 371
436 466
37 213
355 489
253 423
426 468
30 184
316 462
254 426
6 146
7 155
93 275
299 459
75 253
274 444
122 304
220 396
337 479
115 297
223 403
6 122
82 264
31 207
486 450
449 465
0 132
5 23
1 129
98 280
484 452
251 419
66 244
9 15
28 194
145 327
41 217
32 204
315 461
65 243
43 219
236 414
491 445
486 448
319 465
302 460
471 453
246 420
148 330
489 447
469 453
21 179
9 17
372 484
38 214
466 456
482 450
497 441
409 477
128 310
7 153
1 125
500 438
80 262
178 360
420 474
85 267
357 487
105 287
89 271
429 465
172 354
20 178
67 245
240 418
65 237
64 240
28 186
91 273
26 184
182 364
27 193
64 242
140 322
238 416
107 289
393 483
450 462
278 448
14 2
367 485
57 229
383 487
0 126
157 339
168 350
317 463
137 319
42 218
78 256
502 438
232 404
304 462
52 228
284 450
387 485
95 277
476 454
423 471
5 151
235 413
2 114
48 224
176 358
106 288
13 9
220 400
329 475
391 483
50 226
435 465
15 165
290 454
263 434
470 453
13 10
477 452
89 268
121 302
6 23
497 440
447 466
150 331
59 234
99 280
304 461
105 286
459 460
14 3
355 488
237 414
421 472
187 368
0 55
420 473
3 138
172 353
386 485
335 476
110 289
130 311
177 358
163 344
28 185
1 114
0 51
15 162
2 115
341 482
23 180
326 471
9 154
437 466
77 254
125 306
246 419
324 469
381 484
143 322
323 466
5 150
358 485
281 450
418 473
361 484
11 14
29 184
132 313
72 249
360 483
33 204
445 466
28 187
103 284
369 482
14 7
7 22
68 245
9 156
262 433
484 451
406 477
505 438
81 258
314 459
10 17
64 237
256 427
236 413
1 128
35 210
181 362
439 468
32 203
19 170
229 404
188 369
290 453
60 235
224 403
33 206
404 479
282 451
166 347
261 432
73 250
382 485
66 241
296 457
394 483
75 252
162 343
57 230
485 450
21 178
47 222
4 149
155 336
31 182
116 297
106 287
2 27
15 164
338 479
344 483
8 21
28 191
32 199
31 184
119 300
153 332
393 482
234 411
168 349
362 485
458 461
499 438
392 483
171 352
428 465
1 130
43 218
366 485
81 262
28 193
142 323
12 11
74 251
501 438
107 288
450 463
4 25
240 417
32 183
149 330
359 484
276 443
264 435
38 213
91 272
0 115
14 9
15 8
279 448
129 310
6 123
78 255
7 152
336 477
391 482
167 348
140 321
58 229
302 459
280 449
144 323
54 225
152 333
357 486
157 338
32 201
14 5
306 459
135 316
37 212
475 454
136 317
98 279
41 216
79 256
11 158
10 15
476 453
307 458
65 240
25 182
127 308
176 357
52 227
435 464
18 167
278 447
5 148
76 253
320 465
121 298
53 228
9 16
65 238
427 466
486 449
50 225
508 435
33 202
173 354
316 461
195 374
504 439
3 26
295 456
45 220
407 478
343 484
29 194
367 484
90 271
442 467
9 144
13 6
456 459
8 155
90 269
220 397
248 421
27 184
402 479
347 486
276 445
54 223
483 450
297 458
154 333
62 237
405 478
183 364
27 192
377 480
66 243
95 276
6 121
300 457
503 438
423 470
151 332
31 200
65 242
10 157
51 226
64 239
255 422
24 181
5 120
466 455
488 447
272 441
474 453
472 451
5 24
32 207
7 146
301 458
2 125
434 465
271 442
346 485
270 441
30 195
182 363
27 188
351 488
253 424
379 482
388 483
465 456
299 458
378 481
317 462
28 189
368 483
189 368
111 290
491 444
53 226
273 442
8 143
239 416
385 486
19 176
283 450
191 370
8 153
2 137
426 467
2 133
94 275
87 268
490 445
0 135
330 475
329 474
234 409
323 468
20 177
500 437
395 482
257 428
1 126
502 437
373 482
487 448
122 303
269 440
139 320
275 444
186 367
448 465
36 211
353 488
232 403
8 145
247 420
334 477
83 264
144 325
143 324
82 263
85 266
49 224
134 315
400 479
419 474
506 437
4 123
443 466
467 454
471 452
67 244
254 423
221 400
61 236
250 419
436 465
277 446
81 260
259 430
42 217
178 359
128 309
221 396
88 267
158 339
2 117
13 160
117 296
15 2
120 299
324 465
145 326
372 483
193 372
383 486
328 473
327 470
137 318
22 179
254 425
1 134
1 136
12 13
33 208
305 460
80 259
26 183
147 328
11 18
97 278
319 464
12 159
34 209
409 476
1 132
473 452
303 459
188 368
35 205
28 192
116 296
32 184
230 404
66 240
398 480
348 486
50 224
328 470
107 287
15 3
405 477
319 463
2 128
65 239
32 200
140 320
290 452
55 225
130 310
324 468
281 449
500 436
41 215
366 484
22 178
173 353
112 290
11 17
15 9
8 22
384 486
395 481
6 124
29 193
2 130
445 465
66 242
337 477
3 131
114 294
17 163
485 449
8 146
325 469
34 206
1 55
299 457
63 237
117 295
152 332
401 477
120 300
385 485
5 25
54 228
5 119
3 117
121 299
5 123
192 370
168 348
86 266
1 135
335 475
254 424
131 311
475 453
19 169
88 266
136 312
300 456
195 373
447 465
33 183
387 483
2 126
0 114
74 250
138 318
2 132
96 276
14 6
87 267
225 403
264 434
315 459
465 455
438 466
25 181
418 472
382 484
24 180
235 409
31 195
420 472
3 27
231 403
352 488
270 440
20 176
159 339
331 475
189 367
354 488
6 148
501 437
98 278
36 210
294 448
149 329
464 456
47 221
399 479
146 326
81 259
314 458
392 482
394 482
2 134
145 323
26 182
76 252
155 333
67 243
240 416
273 441
9 143
68 244
269 439
262 432
156 336
12 158
357 485
4 124
473 451
360 482
141 321
0 54
169 349
150 330
490 444
142 322
263 433
435 463
7 147
127 307
3 127
12 18
122 302
499 437
269 433
154 332
326 470
443 465
126 306
247 419
83 263
505 437
239 415
236 412
190 368
163 343
11 15
2 116
90 268
302 458
425 467
379 481
221 397
15 161
45 219
271 441
248 420
372 482
378 480
158 338
404 478
33 203
276 444
279 447
304 460
28 184
368 482
345 483
321 465
383 485
155 335
191 369
344 482
6 24
301 457
506 436
249 419
484 450
82 262
99 279
115 295
147 327
97 277
194 372
3 125
60 234
73 249
255 423
187 367
91 269
8 152
359 483
136 316
10 16
104 284
407 477
437 465
448 464
427 465
2 136
190 366
193 371
183 363
78 254
6 120
0 52
11 157
497 439
477 451
128 308
167 347
132 312
81 261
48 222
174 354
0 50
100 278
34 202
295 455
305 459
151 331
339 479
457 459
449 463
91 271
51 225
179 359
135 315
137 317
1 29
55 223
323 465
19 167
94 274
13 159
232 402
274 442
222 400
148 328
79 255
346 484
371 483
329 473
181 361
235 411
4 138
105 285
52 226
58 230
7 151
334 476
157 337
504 438
275 443
43 217
49 223
341 481
391 481
5 149
62 236
297 457
320 464
139 319
403 479
381 483
442 466
257 427
245 417
325 465
35 209
12 14
54 224
2 28
166 346
316 460
426 466
459 459
16 2
318 462
92 272
171 351
282 450
33 207
361 483
4 118
42 216
507 435
153 331
256 426
37 211
367 483
364 484
362 484
343 483
29 183
277 445
419 473
377 479
323 467
434 464
487 447
317 461
18 168
144 324
30 194
177 357
33 201
306 458
466 454
324 466
13 11
3 115
9 155
14 10
470 452
39 213
14 160
423 469
241 417
16 162
77 253
258 428
358 484
503 437
182 362
30 182
458 460
172 352
16 164
408 476
261 431
111 289
330 474
53 225
322 466
439 467
122 298
259 429
370 482
67 241
238 414
28 188
176 356
143 321
511 431
13 158
474 451
188 367
84 263
6 119
296 455
269 434
151 328
160 339
14 11
325 468
34 207
1 56
35 206
407 476
263 432
417 472
504 437
402 477
398 479
155 332
401 476
15 6
275 442
236 409
5 26
422 469
86 265
259 428
221 398
9 142
6 25
423 468
179 358
185 364
248 419
82 259
499 436
257 426
270 437
171 350
277 444
370 481
372 481
337 476
301 456
187 366
85 264
193 370
29 192
151 330
237 412
137 316
159 338
83 258
274 441
315 458
20 169
458 459
464 455
498 437
5 138
231 402
46 219
271 440
66 239
3 126
317 460
20 167
448 463
31 196
239 414
371 482
146 325
271 432
318 461
4 125
10 155
13 18
418 471
12 15
34 201
262 431
7 150
100 277
3 116
225 402
82 261
378 479
190 367
348 485
156 335
320 463
382 483
195 372
476 451
8 147
4 137
322 465
264 433
168 347
5 124
192 369
3 132
67 242
326 469
35 202
127 306
304 459
131 310
238 413
336 475
12 157
12 17
338 477
445 464
361 482
0 49
490 443
302 457
222 399
343 482
7 24
148 327
294 449
2 29
51 224
240 415
16 9
136 313
344 481
105 284
330 473
282 449
442 465
80 255
457 458
68 243
269 438
114 293
397 480
58 231
42 215
419 472
27 182
505 436
403 478
47 220
48 221
2 55
97 276
373 480
49 222
177 354
358 483
242 417
128 307
321 464
261 430
3 130
230 403
281 448
23 178
50 223
324 467
380 481
17 164
73 248
245 416
10 143
157 336
40 213
132 311
369 480
68 241
18 163
163 342
32 185
368 481
19 168
180 359
387 482
33 200
367 482
14 159
406 475
329 470
280 447
4 131
142 321
61 234
395 480
465 454
53 224
135 312
256 423
270 433
286 449
25 180
191 366
158 337
246 417
347 484
303 458
8 23
82 257
484 449
342 481
63 236
420 471
0 53
3 134
335 474
141 320
511 430
173 352
331 474
357 484
6 149
354 487
113 290
1 54
83 262
32 195
316 459
359 482
510 431
126 305
15 4
5 118
263 430
4 127
236 411
265 434
339 478
156 333
37 210
59 230
256 425
122 299
439 466
345 482
15 10
145 324
244 417
4 115
24 179
122 301
3 28
130 309
223 400
470 451
99 278
299 456
111 288
150 329
108 287
447 464
291 452
3 128
325 466
75 250
56 223
362 483
29 188
475 452
352 487
487 446
0 113
483 448
360 481
497 438
96 275
167 346
0 37
115 294
501 436
76 251
506 435
184 363
169 348
43 216
336 473
437 464
59 232
364 483
33 184
434 463
2 135
503 436
392 481
182 361
383 484
28 183
11 20
78 253
9 152
11 154
55 226
104 283
74 249
405 476
152 331
135 314
255 424
67 240
52 225
183 362
36 205
443 464
94 273
384 485
139 318
365 484
1 30
438 465
394 481
456 457
136 315
116 295
133 312
297 456
177 356
426 465
75 248
175 354
170 349
224 401
11 156
39 212
425 466
90 267
241 416
500 435
305 458
34 203
355 486
62 235
31 186
16 161
121 300
92 271
333 476
91 268
31 194
18 165
16 3
87 266
79 254
29 182
21 176
55 228
35 204
191 368
292 451
249 418
381 482
36 209
12 19
294 447
4 117
11 16
442 464
400 476
101 277
115 293
339 477
286 448
34 200
25 179
237 411
13 157
10 152
433 463
244 416
183 361
19 163
74 248
60 232
175 353
293 447
360 480
357 483
270 436
271 439
171 349
40 212
321 463
447 463
173 351
392 480
345 481
13 17
422 468
379 479
433 461
6 118
280 446
329 471
7 25
475 451
1 49
269 435
326 466
140 318
98 276
340 476
270 438
5 27
1 53
157 333
30 192
170 348
505 435
464 454
4 134
82 256
179 357
116 294
135 311
326 468
159 337
56 224
293 451
485 447
19 165
424 466
5 137
4 132
317 459
9 141
185 363
438 464
285 449
36 206
59 231
68 240
318 460
104 282
50 222
361 481
335 473
35 203
0 36
133 305
178 356
155 331
4 130
22 172
28 182
81 253
222 398
10 142
56 228
458 458
483 447
434 462
93 271
372 480
48 220
129 307
61 233
241 415
486 446
338 476
68 242
389 481
27 181
465 453
23 177
37 205
14 18
17 3
265 433
4 28
292 450
266 434
264 432
397 479
9 23
169 347
92 268
168 346
83 257
355 485
282 448
8 148
509 431
34 184
152 330
322 464
406 474
32 196
18 162
380 476
0 72
142 320
36 204
78 252
0 48
192 366
75 249
240 414
334 474
4 116
114 290
304 458
6 26
39 211
258 426
63 235
191 367
14 14
230 402
1 37
455 457
333 475
127 305
319 461
440 466
398 478
419 471
56 226
362 482
467 451
294 450
196 372
52 224
35 207
405 475
12 16
160 338
99 277
403 477
194 370
346 482
83 259
1 95
349 485
0 34
57 223
112 288
100 276
5 127
0 112
76 250
469 451
225 401
186 364
4 136
297 455
31 187
37 209
2 30
21 173
139 317
146 324
13 15
352 486
445 463
500 434
344 480
92 270
343 481
3 55
12 154
10 22
11 21
401 475
239 413
382 482
21 167
248 418
331 473
263 431
368 480
366 482
76 248
11 155
5 131
439 465
5 117
128 306
85 263
347 483
466 452
237 409
16 4
367 481
383 483
192 368
80 254
302 456
491 441
18 164
161 339
164 342
287 449
184 362
122 300
17 161
150 328
163 341
20 168
384 484
350 486
421 469
387 481
303 457
16 10
510 430
305 457
402 476
13 19
484 448
437 463
336 474
259 427
496 438
156 334
1 31
69 243
330 472
236 410
4 126
407 475
446 464
394 480
381 481
188 366
134 312
5 125
271 433
291 451
43 215
374 480
79 253
2 56
32 186
511 429
49 221
503 435
456 456
114 292
425 465
243 417
365 483
180 358
348 484
3 135
15 159
123 301
41 213
174 352
390 480
84 262
298 456
275 441
262 430
354 486
94 272
87 265
337 475
363 483
148 326
490 442
15 11
1 57
93 267
138 316
257 425
131 309
109 287
14 158
91 267
501 435
242 416
26 180
158 336
418 470
83 261
151 329
448 462
404 476
176 354
21 175
504 436
370 480
111 287
133 311
86 264
231 401
224 400
16 6
177 355
12 20
270 432
256 424
97 275
113 289
3 129
246 416
181 359
21 169
2 54
147 325
332 474
316 458
106 284
58 222
247 417
77 251
30 188
301 455
195 371
498 436
0 94
44 216
17 9
7 119
9 147
8 118
8 24
18 8
51 223
423 467
278 444
126 304
8 150
31 193
46 218
416 472
177 353
84 258
371 481
0 58
3 29
67 239
356 484
33 185
489 443
281 447
7 149
359 481
157 335
391 479
136 314
141 319
105 283
271 431
325 467
38 210
115 288
0 43
32 193
404 475
19 8
326 467
34 185
439 464
504 435
28 181
174 351
92 267
5 130
6 131
91 266
12 153
420 469
1 32
270 435
1 112
372 479
142 319
440 465
369 478
340 475
243 416
10 23
170 347
128 305
0 33
2 37
225 400
45 216
445 462
164 341
76 249
394 479
99 276
381 480
503 434
297 454
123 300
152 329
19 162
37 204
241 414
41 212
359 480
158 335
437 462
511 428
100 275
120 283
32 187
69 242
37 206
0 35
379 476
2 57
196 371
19 164
161 330
247 416
0 71
11 22
280 445
379 478
157 334
11 146
185 360
31 192
16 11
454 457
157 332
493 438
21 166
345 480
1 72
482 447
87 264
286 447
133 304
20 165
13 20
292 447
271 436
31 188
83 260
114 291
0 95
184 361
125 302
44 215
456 455
271 434
3 56
270 431
23 172
371 480
85 262
39 210
242 415
343 480
49 220
375 480
148 325
47 218
130 307
12 145
335 472
465 452
380 479
181 358
384 483
349 484
266 433
397 478
392 479
13 156
405 474
3 54
0 105
77 250
350 485
33 196
10 141
0 107
457 456
131 306
195 370
1 94
0 111
6 137
436 461
406 473
15 158
4 133
400 475
490 441
85 258
390 479
483 446
171 348
366 481
363 482
413 472
5 126
63 234
458 457
303 456
374 479
495 436
339 476
505 434
178 355
21 174
361 480
60 231
22 173
22 167
81 254
282 447
319 460
489 442
23 176
240 413
8 149
463 454
434 461
24 177
499 434
134 311
110 287
417 470
4 129
336 471
283 448
301 454
126 303
265 432
399 476
147 324
261 428
403 476
17 10
383 482
59 222
112 287
237 410
464 453
67 238
17 6
302 455
353 486
192 367
27 180
492 439
298 455
10 147
362 481
62 231
173 350
496 437
466 451
80 253
13 16
308 455
150 327
155 330
259 426
127 304
180 357
35 200
14 15
5 28
305 456
5 134
114 289
412 465
138 315
419 470
185 362
276 441
36 203
78 251
351 486
4 29
295 450
426 463
322 463
342 479
98 275
333 474
272 439
484 447
132 305
346 481
111 286
17 160
422 467
318 459
264 431
11 152
193 368
271 438
1 58
291 450
501 434
160 337
278 443
51 222
347 482
491 440
57 224
8 119
94 271
382 481
355 484
304 457
357 482
93 270
43 214
22 175
12 155
285 448
238 411
5 128
22 171
18 9
159 336
485 446
424 465
5 116
506 433
337 474
52 223
509 430
3 30
149 326
187 364
133 310
106 283
16 5
475 450
179 356
132 309
223 398
18 7
442 463
118 287
74 247
3 38
16 159
18 161
0 59
9 148
50 221
4 135
423 466
340 477
176 353
432 463
165 342
332 473
115 292
61 232
360 479
1 36
160 331
139 316
331 472
370 479
37 208
248 417
163 340
64 235
7 118
137 314
15 14
162 339
380 477
97 274
8 25
6 117
14 19
257 424
2 49
1 48
455 456
227 402
104 281
129 306
58 223
486 445
140 317
161 338
101 276
498 435
262 429
7 26
2 53
416 471
197 372
338 475
316 457
158 333
330 471
83 256
334 473
56 227
0 103
433 462
36 201
388 481
468 451
38 205
288 449
26 179
348 483
327 468
destination
