map
random512-25-3.map
pivot
384 87
agent & start
167 370
219 420
23 220
212 413
509 452
343 502
149 352
54 253
502 457
105 306
126 329
486 469
202 399
171 374
71 274
202 389
2 179
308 479
65 264
357 508
44 241
448 481
319 486
290 473
199 390
492 465
397 498
72 275
388 503
284 469
427 488
75 278
456 479
196 391
179 382
272 463
90 293
302 479
229 428
313 480
202 395
89 292
184 385
253 440
100 301
96 299
106 309
158 361
13 204
238 433
497 460
22 219
195 390
82 285
263 456
340 503
102 299
8 189
453 480
122 325
216 417
3 180
492 463
429 486
72 273
354 507
129 328
110 313
430 485
505 454
253 442
438 483
460 479
160 363
55 254
342 501
255 440
245 438
217 418
85 288
402 499
18 213
165 368
327 490
30 225
133 336
22 217
447 482
361 504
124 327
294 477
151 354
247 440
375 500
104 307
261 452
100 303
132 335
356 509
407 496
242 435
201 390
130 327
204 387
377 500
348 505
461 478
109 312
468 471
459 478
103 306
452 479
206 389
385 506
314 481
142 345
18 215
479 470
389 502
214 411
17 210
283 468
119 322
441 484
181 382
59 258
169 372
83 286
16 211
70 269
415 492
127 330
125 328
206 385
241 434
205 404
205 386
115 318
136 339
185 386
168 371
36 233
68 265
257 450
57 256
207 408
227 426
200 391
491 466
271 462
228 427
297 478
455 480
76 279
97 300
18 209
150 353
21 218
333 496
70 273
207 388
425 490
1 172
131 326
439 482
464 475
240 433
213 412
173 376
443 486
42 239
431 484
366 501
358 507
205 402
364 501
323 490
295 476
462 477
3 178
175 378
306 479
204 403
387 504
19 216
7 190
469 472
349 506
367 502
95 298
128 329
291 474
14 201
408 495
56 255
251 440
440 483
480 471
13 202
30 227
destination
