map
random512-20-3.map
pivot
108 306
agent & start
508 8
507 7
505 5
504 6
509 9
503 3
503 4
499 0
505 6
501 2
503 6
502 3
506 7
510 11
509 10
508 9
507 8
505 7
502 4
499 1
507 9
500 2
498 0
510 12
501 3
508 10
503 5
509 11
511 13
502 5
506 9
500 3
507 10
510 13
506 11
505 8
501 4
499 2
511 14
508 11
498 1
509 12
497 0
497 1
504 8
496 0
510 14
507 11
509 13
506 10
511 15
499 3
500 4
501 5
509 14
508 13
505 10
504 9
500 5
503 8
499 4
498 3
507 12
511 16
495 0
497 2
501 6
510 15
503 11
502 8
509 15
508 14
499 5
496 2
498 4
497 3
507 13
495 1
504 10
500 6
510 16
503 12
496 3
507 14
500 7
494 1
502 11
502 9
495 2
503 10
508 15
505 12
501 8
509 16
498 5
506 13
509 17
497 5
511 19
505 13
504 12
506 14
501 9
507 15
502 10
495 3
496 4
508 16
499 7
498 6
494 2
497 6
504 13
509 18
500 9
499 8
507 16
491 0
495 4
498 7
506 15
511 20
501 10
493 2
510 19
499 9
509 19
495 5
500 10
507 17
510 20
498 8
491 1
511 21
490 0
505 15
496 6
494 4
504 14
508 18
493 3
497 7
500 13
496 7
499 10
504 15
505 16
511 22
491 2
510 21
508 19
500 11
509 20
489 0
493 4
495 6
507 18
503 14
502 13
492 3
497 8
504 16
511 25
488 0
490 2
509 21
491 3
506 18
510 22
495 7
507 19
502 14
500 12
505 17
498 10
496 8
493 5
489 1
492 4
501 13
494 6
497 9
499 11
502 15
508 21
511 24
499 12
501 14
492 5
491 4
505 18
493 6
496 11
506 19
504 17
510 25
488 1
503 16
494 7
509 22
destination
