map
random512-20-3.map
pivot
108 306
agent & start
511 1
511 2
510 1
508 0
511 3
510 2
509 1
507 0
510 3
509 2
508 1
511 4
510 4
506 0
509 3
511 5
507 1
507 2
509 4
505 0
506 1
510 5
507 3
511 7
505 1
510 6
509 5
508 4
506 2
504 1
506 3
510 7
509 6
508 5
505 2
511 8
509 7
508 6
505 3
507 5
504 2
511 9
504 3
510 9
503 2
508 7
505 4
507 6
509 8
506 5
505 5
508 8
504 6
503 3
509 9
507 7
503 6
510 11
501 2
507 8
506 7
499 0
502 3
503 4
508 9
505 6
509 10
499 1
498 0
508 10
511 13
502 4
510 12
509 11
501 3
500 2
507 9
503 5
505 7
498 1
509 12
501 4
506 9
511 14
510 13
505 8
499 2
508 11
500 3
502 5
507 10
506 11
497 0
499 3
509 13
496 0
510 14
504 8
500 4
497 1
destination
