map
random512-30-1.map
pivot
15 231
agent & start
448 488
469 9
494 424
493 429
438 500
506 402
492 32
495 35
487 433
449 487
496 36
444 492
495 427
495 421
460 466
462 6
446 488
496 416
459 475
487 431
471 11
469 455
510 58
436 502
496 420
475 15
433 505
465 459
434 502
470 10
479 445
471 451
430 506
488 432
431 507
502 406
508 56
488 434
457 479
481 437
500 408
508 400
499 413
464 4
461 473
467 457
443 493
490 432
478 446
463 5
497 417
472 12
502 46
485 437
459 477
460 464
487 27
465 5
458 478
433 503
484 26
458 464
477 447
498 416
482 438
467 7
487 435
479 443
439 499
461 467
483 25
462 472
462 462
476 448
491 431
470 452
494 426
503 47
474 448
464 5
431 506
461 468
458 463
484 437
501 406
485 26
466 457
470 11
462 461
475 448
459 464
435 502
477 446
459 476
469 10
498 413
486 27
473 448
442 491
437 500
449 486
493 422
452 483
483 26
487 28
495 420
458 477
446 487
440 497
469 454
497 416
443 492
461 460
468 9
488 431
465 6
465 456
501 46
509 58
495 36
507 400
481 436
433 504
433 500
474 15
482 437
471 12
446 489
502 47
436 501
448 487
493 424
460 463
462 471
460 467
508 57
490 431
450 483
457 478
461 462
498 411
468 455
500 407
465 458
496 419
470 451
441 494
491 430
432 505
506 401
461 472
478 445
463 6
503 56
459 458
444 491
439 498
487 434
491 32
508 399
472 13
466 7
485 436
479 444
492 429
468 11
494 427
483 438
506 400
469 449
504 56
485 27
464 6
465 7
486 434
497 411
508 58
446 486
473 447
498 414
495 419
465 457
470 450
469 451
500 46
434 500
461 471
468 10
432 504
477 445
485 435
461 461
495 41
472 14
439 497
436 500
438 498
484 436
431 505
482 26
493 427
461 459
473 15
508 398
459 467
441 493
450 484
478 444
451 483
440 494
459 459
440 496
470 12
498 412
488 30
507 57
475 447
443 491
490 32
458 476
459 463
507 399
492 422
466 8
441 491
488 430
448 486
467 9
452 482
460 458
435 501
509 59
460 468
495 37
492 428
497 415
503 57
468 454
493 423
486 28
498 404
445 489
460 462
460 460
501 47
447 487
442 492
433 499
483 437
457 477
467 11
465 455
471 13
482 436
500 406
490 430
466 455
494 419
500 47
431 504
468 449
435 500
495 418
504 57
470 13
447 486
441 492
467 10
464 7
485 28
471 18
488 31
489 430
494 41
492 421
493 420
439 496
464 457
472 15
482 27
475 446
476 445
494 37
497 412
501 48
493 42
438 497
507 398
507 58
456 477
436 499
506 57
469 450
499 46
434 499
460 471
460 461
466 9
492 423
499 406
508 59
467 454
459 462
460 457
451 482
487 30
505 400
486 29
481 26
485 434
489 32
492 427
437 498
497 404
477 444
497 414
444 489
473 446
465 8
440 495
483 436
495 40
443 490
457 476
461 458
459 468
439 494
494 405
498 405
459 460
449 484
438 494
498 46
470 18
486 30
474 446
448 484
496 412
469 13
467 449
505 397
485 433
504 58
440 492
494 406
505 399
438 496
487 31
499 47
466 10
492 426
505 57
481 27
471 15
451 481
435 491
430 504
495 405
482 28
506 58
492 42
500 48
458 468
496 414
464 8
485 29
459 461
494 40
483 435
491 423
461 457
498 406
429 505
439 493
436 498
492 420
466 454
459 471
444 488
439 495
443 489
463 457
435 499
437 497
501 49
468 450
507 59
484 28
431 503
496 404
470 14
493 419
494 38
475 445
476 444
489 429
471 17
455 477
488 32
456 476
437 493
491 419
494 418
497 405
465 9
493 41
473 445
506 398
490 418
447 485
457 475
457 468
469 14
491 426
486 31
439 492
471 16
461 456
475 444
458 461
454 477
494 411
483 434
480 27
430 503
436 491
470 17
495 414
456 469
442 489
491 42
494 39
493 40
435 492
495 406
496 413
451 480
505 398
499 48
457 474
466 453
487 32
498 407
465 10
435 498
492 425
437 492
485 432
496 405
458 471
492 419
491 424
437 496
497 406
474 445
507 60
506 59
428 505
438 495
485 30
504 397
495 412
493 44
494 417
447 484
483 28
493 418
477 442
489 428
467 450
436 493
503 402
505 396
498 47
492 41
490 417
491 418
429 504
488 33
463 456
464 9
438 493
443 488
490 427
468 13
492 43
500 49
505 58
456 475
442 488
498 408
429 503
462 456
444 486
491 411
455 469
453 477
499 49
445 483
493 39
437 495
494 416
489 427
458 472
487 33
470 16
438 492
437 491
490 42
503 401
464 10
482 432
502 402
455 475
485 31
498 48
501 403
486 32
466 452
506 60
468 14
472 442
484 30
467 451
451 479
491 425
454 476
465 11
488 428
503 395
495 413
492 44
504 396
511 65
492 46
477 441
483 29
426 504
492 418
484 432
491 43
463 9
457 473
435 493
436 494
465 453
475 443
456 468
496 406
439 491
511 67
480 28
505 59
476 442
504 398
474 444
479 27
427 505
488 34
493 411
497 407
451 11
509 63
483 433
508 62
487 429
491 41
495 415
457 471
446 484
443 487
457 467
435 497
494 44
494 412
441 489
491 417
457 461
490 426
447 483
503 397
456 461
490 37
503 398
428 503
429 502
483 432
487 34
494 413
447 482
477 440
490 41
444 485
508 63
509 64
492 45
446 483
510 65
474 443
483 30
456 463
505 60
485 32
511 68
463 454
436 495
496 47
426 503
462 9
455 470
484 431
455 462
472 441
464 11
491 410
488 35
434 497
464 453
492 417
451 12
473 20
504 395
423 500
496 407
453 476
491 46
487 428
462 455
502 397
492 411
480 29
463 10
452 11
474 21
491 44
450 479
469 16
456 467
438 491
456 471
466 451
466 13
492 39
465 452
443 486
510 67
506 61
457 472
511 66
467 14
486 429
476 441
502 401
498 49
495 46
494 45
493 414
485 430
478 25
497 48
500 403
506 63
482 431
501 402
454 475
507 62
479 26
427 504
445 484
497 408
491 40
435 494
472 443
503 396
440 489
488 427
435 496
494 415
479 28
441 488
499 50
493 46
490 425
491 39
495 47
490 38
486 428
442 486
493 47
491 45
464 12
482 30
443 485
484 430
509 65
486 34
426 502
477 439
485 429
496 50
456 464
502 396
511 69
424 500
435 495
463 11
497 49
465 451
452 12
500 402
446 482
487 427
439 489
441 487
493 413
484 32
496 408
423 499
494 46
449 479
490 40
507 63
460 10
506 62
478 26
493 415
462 454
488 36
492 416
489 37
498 50
504 394
485 33
427 503
444 484
447 481
477 25
472 20
474 442
456 466
453 11
490 46
453 475
474 22
459 11
488 426
510 68
471 443
454 462
442 484
481 29
492 412
466 14
502 58
490 44
511 71
501 401
476 440
502 398
480 30
455 461
479 29
456 472
465 13
432 498
462 10
455 463
428 502
492 410
468 16
473 441
483 431
505 61
510 66
483 31
496 48
455 471
434 496
438 490
463 453
489 425
473 21
488 37
507 64
483 430
486 427
503 392
461 10
473 22
443 484
424 499
495 50
446 477
509 66
496 49
454 461
439 488
495 48
487 44
450 477
498 51
467 16
465 14
492 413
434 495
477 26
451 476
432 497
449 478
510 69
471 444
452 475
425 500
484 33
475 438
455 464
463 12
510 71
504 393
501 396
461 454
488 425
497 50
441 486
456 465
487 36
427 502
446 481
509 72
500 399
505 62
474 441
442 483
482 31
492 409
448 479
455 472
428 501
458 11
509 68
454 473
479 30
490 45
481 30
494 47
475 440
472 21
501 398
431 498
463 452
460 455
474 23
433 496
489 44
495 408
463 444
502 59
454 11
494 409
453 12
464 451
487 426
484 429
492 415
490 39
476 439
511 70
500 401
447 480
462 453
501 58
486 35
460 11
454 463
438 489
489 40
499 402
491 415
482 32
509 71
454 472
477 27
508 68
450 476
458 12
498 52
461 453
484 428
444 482
474 438
481 31
488 38
458 8
464 444
448 478
455 11
431 497
504 392
453 473
461 11
438 488
491 413
489 39
432 492
427 501
466 16
472 22
495 49
461 449
494 48
507 65
456 10
454 10
489 45
439 487
462 452
487 45
470 444
430 498
443 483
449 477
509 69
447 477
508 74
476 26
419 507
483 429
475 439
463 451
425 499
424 504
457 11
486 426
465 15
479 31
498 402
500 398
504 62
473 23
453 9
426 500
485 35
493 409
454 464
478 30
500 396
499 401
487 425
494 408
440 486
454 12
484 34
460 454
503 391
451 475
442 482
497 51
510 70
446 480
501 59
433 495
467 445
486 36
462 450
475 437
474 440
447 479
463 443
508 66
501 57
488 44
452 474
509 73
494 50
463 13
446 478
445 481
499 399
459 455
454 460
460 12
455 465
474 24
497 52
453 472
507 68
420 507
465 444
437 488
441 480
483 34
491 414
457 12
477 30
461 452
461 450
497 402
463 450
477 32
466 445
destination
