map
random512-30-8.map
pivot
297 490
agent & start
505 118
52 143
187 62
218 71
138 83
436 71
80 117
114 91
94 105
222 59
346 43
122 85
365 40
20 167
63 134
192 65
223 58
421 60
238 51
485 106
103 100
439 72
201 56
183 66
120 89
85 112
318 41
304 35
219 66
284 37
249 42
236 51
353 38
334 43
508 117
254 39
46 151
173 72
363 40
88 111
8 179
251 40
51 144
271 34
197 60
279 40
441 74
500 115
422 61
401 48
50 149
41 154
185 64
131 80
33 156
215 62
200 67
67 130
212 59
367 42
231 52
218 65
403 48
428 67
162 67
168 65
172 69
406 49
78 119
393 52
146 79
296 33
507 116
496 117
348 39
87 110
68 129
145 86
257 38
347 38
239 48
125 84
128 83
167 64
16 171
285 36
98 101
161 68
165 64
379 38
32 157
50 145
208 61
4 191
397 58
72 125
250 41
447 80
144 81
48 147
61 138
186 63
153 74
221 62
237 52
53 142
303 34
77 120
149 76
496 111
136 81
389 48
319 42
119 88
223 60
123 84
206 61
291 38
438 73
274 37
91 110
126 83
388 47
144 83
199 58
442 75
300 35
345 42
3 190
297 34
216 63
17 170
390 49
40 157
152 73
97 102
198 65
23 164
198 59
242 45
58 139
499 114
272 35
273 36
474 97
6 181
364 39
60 137
108 97
329 44
479 106
147 78
323 44
433 74
118 91
244 43
245 44
322 45
261 38
34 155
419 58
497 116
169 66
24 163
254 41
292 37
432 75
157 70
502 117
495 110
222 63
230 51
166 63
188 63
345 40
339 42
26 163
109 96
409 52
340 43
207 62
137 82
49 148
478 107
326 41
73 124
341 44
19 168
155 70
31 158
119 90
141 86
54 143
49 150
474 101
394 53
384 43
383 42
113 92
324 43
destination
