map
random512-35-6.map
pivot
8 383
agent & start
426 47
494 145
390 9
506 179
389 8
433 64
449 68
489 124
502 183
425 50
417 32
426 49
436 65
474 105
487 170
493 150
422 39
420 35
463 82
425 44
494 179
388 9
511 194
446 65
494 133
491 152
462 83
510 193
392 9
445 66
471 100
431 64
490 153
422 37
430 65
488 123
510 197
497 136
496 135
492 151
475 104
510 195
487 172
426 45
495 180
391 8
490 151
481 114
507 180
460 79
448 67
458 79
487 156
508 179
511 196
421 36
457 76
491 130
424 51
503 184
482 115
493 178
451 70
425 46
511 180
510 179
479 114
481 115
457 77
491 151
510 180
495 135
447 67
480 114
487 171
492 150
474 104
431 65
420 36
421 39
389 9
450 70
489 153
494 134
471 101
426 48
415 33
487 155
494 180
509 197
473 105
425 49
391 9
449 69
433 65
472 102
490 130
489 125
422 40
503 183
destination
