map
random512-10-2.map
pivot
407 377
agent & start
1 0
2 0
1 1
0 2
1 2
2 1
0 3
3 3
1 3
0 4
4 0
3 1
2 3
3 2
0 5
4 1
1 4
5 0
2 4
0 6
1 5
5 1
4 2
6 0
2 5
1 6
5 2
8 1
7 0
0 7
3 5
6 2
1 7
0 8
4 4
2 6
7 1
5 3
9 1
8 0
4 5
1 8
6 3
2 7
5 4
7 2
9 0
3 6
0 9
10 0
7 3
6 4
4 6
1 9
2 8
3 7
0 10
5 5
3 8
7 4
6 5
0 11
1 10
2 9
4 7
5 6
8 3
11 0
7 5
3 9
5 7
0 12
10 2
12 0
8 4
9 3
2 10
8 5
1 12
4 9
10 3
2 11
9 4
13 0
6 7
0 13
11 2
5 8
3 10
12 1
5 10
3 11
5 9
14 0
13 1
2 12
4 10
6 8
6 10
11 3
10 4
8 6
0 14
1 13
9 5
7 8
15 0
13 2
2 13
12 3
10 5
14 1
11 4
9 6
4 11
8 7
6 9
1 14
3 12
15 1
11 5
12 4
4 12
8 8
7 9
3 13
2 14
9 7
1 15
10 6
16 0
13 3
9 8
16 1
10 7
17 0
11 6
8 9
15 2
12 5
0 17
14 3
5 12
2 15
3 14
13 4
14 4
15 3
3 15
18 0
13 5
4 14
10 8
0 18
16 2
8 10
17 1
1 17
2 16
11 7
5 13
8 11
16 3
9 10
2 17
12 7
0 19
1 18
10 9
18 1
15 4
5 14
13 6
3 16
17 4
14 5
19 0
17 2
4 15
0 20
19 1
5 15
13 7
16 4
3 17
12 8
14 6
15 5
10 10
6 14
9 11
4 16
17 3
1 19
2 18
6 15
21 0
2 19
15 6
19 2
14 7
10 11
1 20
16 5
3 18
18 3
7 14
0 21
12 9
20 1
13 8
9 12
5 16
4 17
11 10
13 9
22 0
2 20
6 16
15 7
11 11
12 10
19 3
0 22
3 19
16 6
4 18
9 13
1 21
8 14
7 15
21 1
14 8
7 16
16 7
11 12
8 15
17 6
4 19
5 18
3 20
13 10
9 14
12 11
0 23
16 11
6 17
19 4
21 2
15 10
2 21
14 9
10 13
23 0
1 22
22 1
20 3
12 12
23 1
1 23
16 10
0 24
2 22
13 11
15 11
10 14
21 3
24 0
11 13
3 21
8 16
19 5
17 7
6 18
15 9
4 20
22 2
16 8
7 17
5 19
14 10
21 4
6 19
17 8
3 22
23 2
8 17
5 20
7 18
20 5
24 1
1 24
2 23
16 9
22 3
14 11
0 25
4 21
12 13
10 15
13 12
25 0
9 16
19 6
9 17
17 9
19 7
4 22
3 23
2 24
10 16
0 26
21 5
22 4
1 25
26 0
6 20
25 1
12 14
23 3
20 6
7 19
8 18
11 15
14 12
13 13
18 8
27 0
0 27
7 20
3 24
10 17
24 3
5 22
20 7
1 26
18 9
22 5
6 21
26 1
11 16
13 14
4 23
14 13
25 2
23 4
9 18
13 15
28 0
25 3
15 13
4 24
18 10
9 19
7 21
1 27
12 16
10 18
2 26
24 4
27 1
0 28
20 8
19 9
3 25
21 7
11 17
22 6
26 2
6 22
5 23
1 28
15 14
16 13
21 8
11 18
12 17
13 16
9 20
23 6
24 5
7 22
3 26
6 23
5 26
6 27
0 29
10 19
5 24
27 2
25 4
2 27
20 9
26 3
29 0
8 21
17 12
14 15
22 7
28 1
18 11
4 25
20 10
4 26
6 24
24 6
19 11
18 12
14 16
28 2
10 20
0 30
7 27
16 14
26 4
11 19
22 8
30 0
6 26
2 28
23 7
12 18
5 25
7 23
1 29
29 1
27 3
17 13
9 21
6 25
19 12
11 20
31 0
27 4
22 9
7 24
13 18
8 23
12 19
15 16
14 17
4 27
29 2
26 5
7 26
2 29
28 3
1 30
10 21
3 28
23 8
21 10
9 22
30 1
0 31
25 6
20 11
18 13
17 14
24 7
18 14
30 2
29 3
7 25
9 23
31 1
13 19
25 7
0 32
21 11
2 30
32 0
8 26
14 18
15 17
4 28
26 6
1 31
23 9
8 24
24 8
10 22
19 13
12 20
27 5
11 21
17 15
20 12
3 29
22 10
28 4
16 16
14 19
25 8
30 3
2 31
1 32
10 23
28 5
24 9
19 14
26 7
8 25
29 4
0 33
13 20
23 10
4 29
22 11
15 18
32 1
21 12
20 13
3 30
9 24
11 22
16 17
18 15
17 16
31 2
12 21
24 10
29 5
33 1
25 9
30 4
18 16
0 34
14 20
21 13
5 29
1 33
26 8
12 22
9 25
11 23
3 31
16 18
4 30
27 7
32 2
31 3
23 11
10 24
2 32
15 19
28 6
17 17
19 15
34 0
20 15
3 32
4 31
33 2
1 34
31 4
17 18
29 6
14 21
25 10
15 20
23 12
22 13
6 29
32 3
24 11
2 33
26 9
19 16
11 24
35 0
5 30
10 25
12 23
30 5
34 1
16 19
18 17
27 8
13 22
21 14
28 7
18 18
27 9
8 28
35 1
5 31
26 10
34 2
23 13
4 32
36 0
14 22
21 15
22 14
17 19
16 20
6 30
20 16
12 24
24 12
15 21
33 3
31 5
28 8
25 11
9 27
0 36
10 26
1 35
11 25
2 34
3 33
13 23
30 6
29 7
32 4
7 29
19 17
14 23
21 16
4 33
25 12
20 17
0 37
9 28
35 2
13 24
7 30
37 0
5 32
19 18
16 21
23 14
24 13
27 10
33 4
2 35
6 31
30 7
29 8
31 6
28 9
18 19
10 27
8 29
12 25
36 1
11 26
22 15
32 5
1 36
34 3
3 34
12 26
36 2
23 15
24 14
11 27
13 25
33 5
37 1
31 7
21 17
14 24
10 28
38 0
20 18
18 20
27 11
19 19
9 29
34 4
32 6
26 12
15 23
28 10
7 31
25 13
30 8
17 21
6 32
8 30
4 34
1 37
0 38
3 35
29 9
7 32
24 15
31 8
39 0
4 35
22 17
26 13
5 34
30 9
32 7
19 20
17 22
29 10
25 14
3 36
21 18
27 12
14 25
34 5
12 27
28 11
35 4
2 37
33 6
15 24
9 30
6 33
8 31
10 29
11 28
37 2
0 39
9 31
35 5
1 39
5 35
15 25
2 38
21 19
6 34
34 6
33 7
28 12
39 1
23 17
13 27
8 32
3 37
37 3
38 2
40 0
29 11
20 20
18 22
14 26
10 30
17 23
7 33
25 15
36 4
19 21
26 14
11 29
27 13
24 16
31 9
30 10
0 40
16 24
34 7
18 23
1 40
29 12
31 10
21 20
35 6
4 37
33 8
8 33
9 32
39 2
0 41
13 28
20 21
36 5
32 9
14 27
15 26
16 25
3 38
23 18
24 17
27 14
25 16
19 22
7 34
6 35
22 19
2 39
28 13
38 3
12 29
5 36
26 15
30 11
40 1
17 24
37 4
11 30
10 31
24 18
4 38
42 0
20 22
32 10
16 26
41 1
38 4
1 41
22 20
36 6
28 14
0 42
30 12
13 29
23 19
10 32
34 8
15 27
8 34
27 15
14 28
3 39
7 35
21 21
33 9
2 40
40 2
9 33
31 11
35 7
12 30
37 5
39 3
17 25
29 13
19 23
11 31
5 37
25 17
12 31
40 3
14 29
0 43
32 11
18 25
1 42
29 14
25 18
7 36
24 19
5 38
31 12
6 37
28 15
10 33
9 34
20 23
37 6
39 4
33 10
8 35
42 1
30 13
11 32
16 27
19 24
43 0
4 39
17 26
35 8
22 21
26 17
3 40
2 41
15 28
13 30
21 22
41 2
34 9
38 5
18 26
27 17
2 42
3 41
22 22
12 32
17 27
13 31
40 4
37 7
23 21
20 24
10 34
4 40
35 9
24 20
1 43
44 0
31 13
14 30
32 12
26 18
36 8
5 39
15 29
38 6
9 35
30 14
42 2
6 38
21 23
34 10
29 15
16 28
19 25
28 16
7 37
0 44
25 19
43 1
8 36
30 15
3 42
26 19
27 18
10 35
37 8
32 13
5 40
11 34
23 22
36 9
19 26
34 11
21 24
28 17
45 0
1 44
31 14
17 28
39 6
4 41
16 29
29 16
12 33
14 31
40 5
22 23
43 2
18 27
44 1
24 21
9 36
7 38
38 7
2 43
25 20
20 25
15 30
33 12
0 45
42 3
8 37
35 10
21 25
6 40
30 16
5 41
35 13
12 34
37 9
0 46
15 31
3 43
9 37
46 0
35 11
22 24
11 35
2 44
32 14
25 21
34 12
33 13
4 42
43 3
18 28
19 27
1 45
24 22
26 20
16 30
20 26
41 5
28 18
44 2
23 23
31 15
42 4
8 38
38 8
destination
