map
random512-40-8.map
pivot
160 145
agent & start
44 363
94 371
108 415
118 427
20 369
139 428
97 366
141 426
95 370
142 425
46 363
33 364
132 427
32 365
97 368
21 368
140 427
119 426
130 423
46 362
140 426
49 359
32 364
48 358
119 425
109 415
45 363
95 371
108 414
131 427
95 373
142 424
130 426
117 427
94 372
44 362
97 369
131 423
21 367
138 428
98 366
20 368
131 426
109 416
100 367
49 358
115 426
130 425
99 366
108 413
109 418
97 370
140 425
138 427
45 362
117 426
142 423
48 359
96 373
141 424
20 367
132 423
46 361
131 424
95 372
32 363
30 363
96 371
109 414
119 424
109 419
109 417
110 416
132 424
141 423
133 423
97 373
101 367
115 425
116 426
30 362
49 357
28 360
47 359
45 361
142 420
139 425
31 363
137 427
100 366
109 413
96 372
97 371
118 424
98 370
20 366
131 425
139 424
97 372
117 424
destination
