map
random512-40-8.map
pivot
160 145
agent & start
32 365
108 415
118 427
140 427
94 371
97 368
142 425
141 426
33 364
119 426
139 428
21 368
46 363
44 363
132 427
97 366
130 423
95 370
20 369
95 371
44 362
108 414
95 373
119 425
109 415
142 424
48 358
98 366
131 427
97 369
131 423
138 428
94 372
49 359
46 362
21 367
117 427
140 426
32 364
130 426
20 368
45 363
108 413
97 370
95 372
49 358
109 418
138 427
20 367
119 424
131 424
132 423
45 362
142 423
130 425
109 416
117 426
140 425
141 424
96 371
48 359
109 414
131 426
96 373
99 366
100 367
115 426
30 363
46 361
32 363
118 424
96 372
115 425
137 427
30 362
47 359
116 426
133 423
97 371
109 413
132 424
98 370
139 425
28 360
31 363
101 367
109 417
141 423
110 416
109 419
45 361
142 420
97 373
20 366
131 425
100 366
49 357
139 424
98 371
110 417
28 361
136 427
49 356
141 420
20 365
46 359
140 423
132 425
117 424
41 358
97 372
109 412
142 419
98 373
133 424
27 360
101 366
110 419
29 360
138 425
45 360
31 362
137 426
30 361
116 425
41 357
142 418
116 424
31 361
30 360
137 425
48 356
111 419
20 364
139 423
138 424
49 355
45 359
117 409
30 358
27 361
136 426
112 410
102 366
141 421
135 427
110 412
133 425
98 372
100 374
42 358
111 417
111 418
139 422
117 410
138 423
48 355
49 354
135 426
136 425
32 361
31 358
100 373
42 357
112 411
101 374
116 409
116 423
140 421
44 359
99 372
27 362
103 366
134 425
30 359
113 410
111 412
114 409
43 358
20 363
141 418
42 356
139 421
49 353
32 360
47 355
32 358
43 357
113 411
44 358
135 425
116 422
114 410
26 362
139 417
111 413
103 367
140 418
115 409
116 410
27 363
104 366
101 373
112 412
138 422
21 363
31 359
100 372
112 418
113 419
44 357
43 356
33 358
26 363
48 353
135 424
136 423
101 372
113 412
102 373
113 418
116 421
139 418
111 414
105 366
137 422
47 354
32 359
103 368
45 356
138 417
115 410
139 420
114 411
22 363
102 371
104 367
114 419
103 369
23 363
104 368
47 353
44 356
103 371
45 355
138 418
106 366
139 419
114 412
113 413
33 357
102 372
136 422
115 411
110 366
105 367
112 414
135 423
22 362
114 418
25 363
33 359
46 354
138 420
117 421
24 363
110 367
128 415
22 361
104 369
45 354
23 362
106 367
115 412
44 355
114 413
107 366
33 356
103 370
138 419
117 412
118 421
114 417
135 422
113 414
34 359
46 353
109 366
103 372
105 368
130 413
127 415
128 414
45 353
104 370
117 413
44 352
35 359
32 356
24 362
136 420
23 361
107 367
135 421
114 414
115 417
105 369
115 413
44 354
116 412
129 413
118 420
25 361
117 419
109 367
137 419
130 412
104 372
118 419
119 420
136 419
109 368
32 355
128 413
25 360
24 361
108 367
104 373
35 358
116 417
115 414
117 418
44 353
45 352
126 415
36 359
116 413
127 414
47 348
129 412
46 347
105 370
135 420
36 358
105 371
116 416
46 348
25 359
31 355
125 415
46 350
43 353
116 414
24 360
108 368
128 412
135 419
119 419
117 417
45 347
121 419
106 370
105 373
45 351
109 369
127 413
47 349
46 349
134 419
126 413
118 417
42 353
45 350
36 357
30 355
38 355
125 414
24 359
127 412
45 348
107 370
132 419
110 369
116 415
106 371
106 373
120 419
109 370
108 369
121 418
119 418
121 417
126 412
120 418
133 419
118 416
132 418
29 353
110 370
42 352
30 354
107 371
109 371
106 372
24 358
117 415
44 350
36 356
108 370
124 414
45 349
38 354
37 355
125 413
38 353
108 371
29 352
133 418
119 416
118 415
114 373
36 355
120 417
113 372
44 349
125 412
124 413
126 411
43 350
24 357
30 353
110 371
41 352
132 417
107 372
37 353
41 351
132 416
123 413
108 372
133 417
122 414
124 412
119 415
43 349
23 357
114 374
42 350
121 415
120 416
30 352
125 411
112 372
25 355
113 373
111 371
29 351
36 354
122 413
121 414
108 373
133 416
41 350
132 415
23 356
35 354
134 417
123 412
124 411
40 351
24 355
30 351
42 349
134 413
31 352
113 374
43 348
119 414
111 372
120 415
25 354
37 352
36 352
31 351
109 373
25 353
134 414
34 354
42 348
122 412
40 350
124 410
111 373
26 352
134 416
23 355
135 417
112 374
43 347
134 412
133 415
120 414
123 411
16 354
26 350
31 350
112 375
25 350
135 412
120 413
42 347
135 416
122 411
17 354
110 373
25 352
123 410
109 374
34 353
35 352
39 350
121 412
32 351
16 353
134 415
26 351
22 355
24 350
136 410
32 350
25 351
41 347
135 415
136 416
120 412
18 354
112 376
17 353
122 410
121 411
110 374
135 411
123 409
109 375
39 349
42 346
34 352
22 354
18 353
120 411
33 350
136 411
111 376
24 351
137 410
41 346
136 415
39 348
121 410
122 409
21 354
34 351
20 353
110 375
136 414
23 351
137 411
19 353
40 346
39 347
120 410
18 352
110 376
121 409
21 353
34 350
18 351
39 346
35 350
136 413
21 352
137 412
22 351
120 409
110 377
19 352
34 349
121 408
19 351
23 349
34 348
21 351
22 350
137 413
109 377
39 345
35 349
120 408
21 350
138 413
108 377
23 348
38 345
22 349
35 348
20 351
120 407
144 412
139 413
21 349
22 348
106 380
108 378
143 413
37 345
35 347
20 350
119 407
23 347
36 345
145 412
35 346
106 381
22 347
139 412
107 380
142 413
143 412
119 406
21 348
108 379
144 411
20 349
35 344
151 408
142 412
108 380
34 346
146 412
141 413
145 411
21 347
150 408
151 407
35 345
19 349
107 381
34 344
106 382
139 411
119 405
109 380
149 408
120 405
34 345
112 379
107 382
20 347
149 406
33 346
140 411
19 348
108 381
148 409
150 407
146 411
141 412
146 410
33 345
119 401
147 409
109 381
112 380
119 399
149 407
111 379
32 346
19 347
110 380
121 405
148 406
108 382
141 411
148 408
111 380
119 402
121 404
120 399
19 346
119 400
141 410
148 407
32 345
147 408
146 409
31 346
109 382
146 408
31 345
109 383
120 402
145 409
19 345
120 400
147 407
141 409
112 382
142 410
111 381
121 403
121 402
30 345
143 410
142 409
144 409
121 400
112 383
20 345
199 370
110 383
145 408
111 382
146 407
109 384
142 408
110 384
19 341
20 344
19 343
112 384
111 383
145 407
122 402
199 369
109 385
30 344
143 409
121 401
144 408
200 370
110 385
200 371
200 369
20 343
111 384
122 401
20 341
29 344
19 342
144 407
143 408
20 342
143 407
28 344
111 385
123 401
201 371
21 341
110 386
21 343
201 369
28 343
128 397
123 400
205 368
21 342
27 344
111 386
202 369
143 406
22 343
202 371
205 366
210 363
207 365
143 405
127 407
127 397
204 366
204 368
128 398
27 343
202 370
111 387
26 344
210 364
22 342
203 371
123 399
208 364
125 405
126 398
124 400
127 405
209 363
203 369
205 367
27 342
128 407
125 398
128 399
126 405
208 363
203 370
205 364
125 404
127 406
143 404
127 404
111 388
208 365
207 364
204 367
112 387
125 400
127 398
211 364
23 342
123 398
203 368
26 343
206 365
206 364
129 407
156 370
209 359
204 370
23 341
203 367
143 403
126 396
212 364
209 365
207 363
144 404
205 363
208 366
124 398
26 342
126 400
112 388
111 389
125 403
128 406
126 404
127 399
112 389
119 396
125 396
131 408
156 371
144 403
214 367
23 340
126 395
205 362
202 367
206 363
24 341
127 400
209 360
208 359
119 394
213 364
208 361
132 409
129 406
209 366
114 385
205 370
124 397
25 342
157 370
126 403
215 367
133 409
120 394
129 405
201 367
25 341
119 381
202 366
131 407
144 402
127 401
208 360
119 395
158 370
209 367
132 408
213 365
24 340
117 381
214 366
210 366
207 361
156 372
125 395
115 385
113 389
124 396
157 371
120 396
200 366
126 402
114 384
206 370
206 362
146 403
133 408
130 405
210 367
128 401
151 374
114 389
115 384
145 402
200 365
206 361
120 395
25 340
215 366
214 365
207 360
156 373
132 407
124 395
199 364
115 386
123 396
121 396
201 366
131 406
117 382
127 402
206 371
119 382
118 381
158 371
116 387
131 405
128 402
206 360
122 396
151 375
25 339
211 367
118 382
147 403
200 364
116 386
146 402
117 387
158 372
162 374
116 392
155 373
201 365
152 374
116 388
115 389
210 368
198 364
124 394
157 373
117 383
215 365
116 384
121 395
132 406
207 371
26 338
133 407
147 402
154 373
117 392
117 384
122 395
201 364
206 359
116 389
157 374
205 360
205 358
198 363
133 406
118 383
132 405
26 339
152 375
200 363
208 371
162 375
117 386
153 374
151 376
161 374
216 365
211 368
27 338
116 391
129 402
123 394
158 373
117 391
208 372
160 374
154 374
118 392
134 406
202 362
148 402
197 361
27 339
130 402
131 403
117 385
132 404
217 365
212 368
198 362
118 384
205 359
158 374
152 376
122 394
204 358
201 363
161 375
117 389
198 361
122 393
197 360
135 406
118 391
196 359
118 385
154 375
209 372
213 368
132 403
148 401
134 405
153 376
212 369
160 375
202 361
217 366
201 362
27 340
133 404
210 371
119 384
119 392
131 402
204 359
118 389
159 374
197 359
203 359
133 403
133 401
118 390
119 385
211 371
196 358
158 376
120 392
148 400
149 401
159 375
201 361
218 368
28 340
121 393
205 353
154 376
135 405
132 402
209 373
198 360
210 372
153 377
213 369
217 367
119 391
210 373
124 371
119 390
218 369
201 360
211 372
134 401
119 386
136 405
205 352
121 392
120 385
29 340
158 377
159 376
197 358
204 353
135 404
133 402
205 354
214 369
217 368
149 400
202 359
154 377
199 360
134 403
211 373
205 355
212 372
149 399
157 377
29 339
217 369
159 377
135 403
215 369
199 359
123 371
214 370
201 359
210 374
155 377
150 400
136 404
204 354
216 368
119 387
160 378
120 390
204 352
197 357
121 391
124 370
134 402
121 385
122 373
121 390
136 403
213 372
161 378
149 398
202 357
135 402
214 371
211 374
156 377
215 370
204 355
201 358
122 391
121 386
200 359
29 338
211 376
123 372
203 356
155 378
160 377
198 357
150 399
125 370
216 369
120 387
203 354
204 351
123 373
120 388
212 376
286 348
203 351
216 370
121 389
197 355
136 402
213 373
29 337
149 397
202 356
156 378
150 398
214 372
211 375
200 358
122 374
155 379
203 355
121 387
138 402
161 377
215 371
201 357
198 356
126 370
122 390
202 355
214 377
30 337
122 375
202 351
163 378
213 374
152 389
198 355
212 375
286 347
137 402
197 354
139 402
122 387
200 357
123 374
215 372
150 397
155 380
124 373
121 388
287 348
126 371
201 356
122 389
156 379
216 371
162 377
122 388
163 377
202 352
156 380
215 377
33 337
124 374
214 374
214 376
198 354
287 347
213 375
199 355
139 401
200 356
137 401
30 336
201 355
216 372
157 379
152 388
151 397
152 396
152 390
126 372
164 378
122 376
123 389
151 389
199 354
139 400
126 373
151 396
214 375
157 380
293 350
124 389
137 400
33 338
200 355
217 372
215 374
128 375
165 378
123 376
287 346
31 336
202 353
33 336
288 347
198 343
152 387
30 335
152 395
296 345
125 374
151 390
123 388
201 354
164 377
290 349
215 376
198 353
200 346
44 334
199 347
198 344
290 348
166 376
157 381
291 349
124 388
153 387
33 335
288 346
295 347
127 375
292 350
126 374
199 353
165 377
123 377
217 373
296 346
151 395
201 353
34 338
216 374
125 387
157 383
152 394
198 352
293 349
45 337
200 354
295 345
215 375
45 335
128 376
138 400
151 391
197 343
31 335
290 347
291 348
122 381
155 386
288 345
138 399
126 375
44 335
30 333
128 377
125 386
150 395
156 383
217 374
124 387
292 349
166 377
31 334
45 336
123 378
200 347
197 344
200 353
289 346
33 334
45 334
32 335
150 391
152 393
294 347
199 346
35 338
44 337
216 375
153 386
157 382
294 345
167 376
295 346
199 352
201 348
198 346
154 386
291 347
294 346
287 343
167 377
44 336
36 338
150 394
123 379
123 381
153 385
197 345
43 337
32 334
124 386
200 348
168 378
290 346
126 376
30 332
125 385
127 377
122 382
148 396
151 393
35 337
195 345
44 338
138 398
288 344
155 385
150 392
217 375
293 347
196 344
292 348
201 349
156 382
31 333
46 334
149 395
200 352
149 392
36 337
293 346
149 394
148 395
150 393
169 378
46 333
197 346
123 380
32 333
195 346
124 385
147 396
200 351
31 332
288 343
44 339
287 342
168 377
155 382
292 347
138 397
154 385
126 377
196 345
123 384
155 384
122 383
37 338
200 349
291 346
125 384
43 336
218 375
32 332
219 375
124 380
292 346
149 393
169 377
288 340
147 395
200 350
42 336
123 383
45 339
124 384
154 382
139 397
170 376
291 345
288 342
37 337
195 347
197 347
196 346
140 398
47 333
148 394
154 384
126 378
41 336
38 337
147 394
195 348
220 375
154 383
141 398
291 344
171 376
148 393
170 377
197 348
33 332
288 339
48 333
125 380
45 340
154 381
288 341
153 380
126 379
140 397
196 347
292 345
124 383
199 350
40 336
290 342
46 340
172 376
198 350
289 341
221 375
153 381
141 397
153 383
292 344
35 333
126 380
49 333
41 335
124 382
33 331
36 334
146 394
37 335
142 398
127 379
196 348
39 337
171 377
147 393
289 339
152 380
222 376
125 381
222 375
144 395
151 380
172 377
152 383
37 334
34 331
128 379
291 342
152 381
40 335
36 333
47 342
146 391
127 380
49 334
142 397
125 382
196 349
146 393
290 339
223 376
46 341
290 341
39 336
171 378
35 332
38 335
197 350
181 374
289 338
292 343
291 340
39 335
291 341
129 379
49 335
128 380
150 380
181 373
152 382
224 376
172 378
151 381
145 393
146 390
48 342
289 337
223 375
47 341
35 331
146 392
180 374
292 342
144 394
126 382
37 333
143 395
142 396
291 339
196 350
292 341
226 377
180 373
38 333
173 378
225 376
143 394
130 379
150 381
145 392
129 380
147 390
195 350
224 375
145 390
291 338
127 382
291 336
151 382
49 336
128 381
196 351
48 341
39 334
142 395
36 331
290 337
35 330
294 341
294 340
174 378
292 336
227 377
293 341
180 372
50 338
150 382
224 374
39 333
34 328
48 340
226 376
144 390
144 392
128 382
195 351
130 380
36 330
147 389
142 394
179 373
291 337
49 337
176 376
225 373
175 376
293 336
149 382
176 375
143 390
128 383
195 354
39 332
35 328
141 394
130 381
179 372
224 373
174 377
50 337
51 338
293 340
49 340
228 377
50 339
194 351
34 327
129 382
292 337
225 374
178 373
227 376
36 329
144 391
147 388
36 325
36 326
38 324
131 381
194 352
143 391
51 337
148 382
50 340
39 331
132 380
129 383
142 392
178 372
195 355
293 337
144 388
228 376
146 388
35 327
193 351
294 336
174 376
223 369
51 339
147 387
40 332
37 325
177 373
36 328
224 372
195 353
226 374
227 375
293 339
52 338
176 374
141 393
39 324
223 370
36 327
147 382
176 373
227 374
38 325
194 355
144 387
133 380
224 371
174 375
132 381
39 330
50 341
142 391
131 382
141 392
145 388
52 339
146 387
224 369
293 338
228 375
194 353
40 331
37 328
294 337
51 336
130 383
193 352
177 372
39 325
133 381
294 338
51 341
176 372
193 355
38 326
228 374
53 333
40 330
145 387
229 373
224 370
193 353
141 391
306 346
298 344
225 371
37 327
41 331
147 383
52 334
38 328
131 383
173 375
51 335
224 368
227 373
52 340
146 382
295 337
54 334
226 371
225 362
141 390
297 344
193 354
191 352
228 373
175 372
54 333
173 374
40 325
172 373
133 382
145 382
229 372
295 338
146 383
53 334
132 383
145 386
41 330
42 331
305 346
224 367
38 327
52 335
40 329
52 341
306 345
299 344
225 370
228 372
145 383
173 373
174 372
296 338
53 341
225 363
306 344
190 352
227 371
226 370
42 330
145 385
300 344
226 362
41 325
192 354
56 332
224 366
144 382
305 345
55 333
191 353
41 329
53 335
295 339
297 343
172 372
39 327
56 330
299 343
133 383
140 390
141 389
55 332
55 330
174 371
56 331
173 372
134 383
53 342
296 339
41 328
305 344
139 390
144 383
189 352
226 369
191 354
145 384
297 342
227 362
297 338
300 343
144 385
41 326
228 371
42 329
141 388
224 365
306 343
40 327
301 344
53 336
226 363
55 331
229 363
227 363
232 370
42 328
139 389
41 327
226 368
54 336
143 385
307 339
236 360
21 43
19 43
190 354
56 334
225 365
144 384
173 371
228 362
304 344
297 341
297 339
140 388
43 329
134 384
174 370
301 343
189 353
305 343
58 334
54 342
228 370
306 339
189 354
304 343
302 343
19 42
55 342
54 337
298 339
235 360
229 370
307 340
301 342
236 361
226 367
56 335
142 385
43 328
58 335
20 43
229 362
305 342
297 340
228 363
298 341
42 327
21 44
135 384
170 365
139 388
306 341
226 365
54 331
57 334
232 369
231 370
140 387
143 384
173 370
17 45
53 331
136 384
20 44
314 336
56 336
55 341
57 335
170 364
139 387
235 361
298 340
231 361
142 384
18 42
227 367
228 364
173 369
228 368
305 341
303 343
229 369
301 341
169 365
234 360
172 368
140 386
302 342
227 365
306 340
166 364
231 369
299 341
191 357
189 355
43 327
230 362
56 342
304 342
55 337
305 340
167 364
303 342
169 364
141 384
227 366
172 367
20 45
173 368
16 45
313 336
228 367
56 337
21 46
139 386
234 361
314 335
168 365
17 44
191 358
231 362
166 363
229 368
228 365
18 45
235 362
230 369
57 340
52 331
190 357
300 341
57 336
17 42
44 327
231 368
304 341
137 384
189 356
56 341
232 361
299 340
234 362
21 47
173 367
168 364
58 340
44 326
16 44
138 384
140 384
57 337
232 362
300 340
167 363
20 46
242 372
233 361
52 330
303 341
189 357
190 358
57 339
57 341
230 368
228 366
304 340
17 43
314 334
229 367
313 335
19 45
11 41
139 385
167 362
16 43
300 339
229 366
139 384
312 335
58 341
58 339
12 41
233 362
230 367
242 371
243 372
59 340
52 329
174 367
11 42
20 47
58 337
19 46
44 325
173 366
241 372
168 363
303 340
234 363
313 334
314 333
189 358
12 42
300 338
51 329
175 367
59 337
311 335
230 366
302 340
52 328
18 48
135 377
174 366
244 370
168 362
59 339
42 320
167 361
233 363
313 333
19 47
312 334
244 372
59 341
232 364
15 43
188 358
45 325
231 365
11 43
188 360
241 371
139 383
47 321
44 324
167 360
44 321
169 362
176 365
59 338
175 366
232 367
168 361
18 47
59 342
50 329
46 325
301 338
45 324
60 337
232 365
136 379
51 328
43 320
42 319
46 323
245 370
47 322
11 44
244 371
311 336
240 371
302 339
236 371
139 382
135 378
12 43
14 43
17 48
185 362
313 332
231 366
188 359
233 364
137 380
187 360
60 345
47 320
312 333
300 337
299 336
136 377
235 369
232 366
310 336
60 344
237 371
136 378
61 337
175 365
47 323
302 338
43 319
299 335
233 365
301 337
46 324
305 335
245 369
10 44
16 48
137 379
187 359
60 338
12 44
234 368
17 47
300 336
13 43
184 362
168 360
169 361
46 320
176 364
182 360
44 320
233 367
14 44
138 380
185 361
139 381
45 321
236 370
245 371
59 343
50 328
61 345
312 332
305 337
240 370
47 324
239 370
12 45
68 347
173 364
236 369
48 323
235 368
301 336
140 381
44 319
300 335
169 360
170 361
9 44
139 380
49 328
10 45
302 337
311 332
137 378
182 359
45 320
183 360
175 364
138 379
245 368
309 336
304 337
234 365
60 343
186 359
306 335
50 327
142 381
237 370
246 371
233 366
13 44
47 318
61 344
16 47
184 361
64 337
234 367
305 336
61 338
168 359
185 360
237 369
246 368
7 43
49 327
48 324
61 343
307 335
69 347
139 379
308 336
309 335
170 360
184 360
10 46
185 359
301 335
63 337
15 47
141 381
174 364
244 368
140 380
247 371
46 318
234 366
173 363
238 370
68 346
62 344
236 368
9 45
239 369
138 378
171 361
45 319
47 317
62 338
169 359
304 336
181 359
13 45
183 359
64 338
142 380
14 46
302 336
49 323
310 332
46 317
140 379
47 316
303 336
49 326
308 335
63 338
7 44
174 363
247 368
172 361
7 50
9 48
238 369
141 380
14 47
248 371
181 358
8 45
138 377
69 346
244 367
309 334
49 324
142 379
302 335
236 367
62 339
170 359
10 47
62 343
13 46
301 334
235 366
171 360
68 345
310 333
6 43
45 318
184 359
246 366
309 333
9 47
184 358
49 325
6 44
243 365
7 45
67 345
257 373
236 366
302 334
172 360
13 47
181 357
308 334
68 344
69 343
142 378
10 48
7 49
46 316
303 335
8 50
249 371
69 345
243 367
260 370
151 371
247 367
63 343
8 46
9 49
139 377
11 47
91 331
238 368
171 359
185 357
45 317
174 362
63 339
301 333
141 379
71 346
66 345
67 344
13 48
141 378
46 315
184 357
51 326
246 365
63 342
70 345
7 48
140 377
173 360
243 366
247 366
257 372
45 316
174 361
256 373
7 46
258 371
8 47
242 367
65 344
91 330
89 332
181 356
50 325
182 357
15 52
90 331
260 369
302 333
172 359
11 48
249 370
237 366
69 344
303 334
9 50
242 365
10 49
185 356
75 344
74 345
70 343
6 45
238 367
175 362
15 50
150 371
308 333
2 45
151 372
63 340
143 378
259 370
175 361
70 344
66 344
12 48
260 368
14 52
241 367
73 345
303 333
90 330
183 357
143 377
238 366
239 367
64 342
2 46
250 370
251 369
141 377
45 315
72 346
308 332
71 345
247 365
89 331
182 356
255 373
150 372
257 371
15 51
6 46
173 359
52 326
75 343
185 355
258 370
7 47
51 325
184 356
242 366
3 45
14 50
144 378
10 50
74 344
89 333
174 360
63 341
65 343
257 370
175 360
308 331
2 47
251 368
13 50
183 356
89 330
88 337
52 325
89 334
240 367
255 372
250 369
72 345
90 329
77 344
254 371
76 343
6 47
174 359
12 49
143 376
310 325
44 313
77 342
45 310
4 45
184 355
73 344
258 369
88 331
305 332
311 326
173 358
303 332
53 326
241 366
45 314
64 341
256 371
252 369
150 373
259 368
71 344
144 377
65 340
14 51
66 343
248 365
238 365
11 50
149 372
141 376
3 46
88 338
3 47
240 366
12 50
89 329
310 328
78 342
174 358
256 370
144 376
149 373
65 341
239 365
258 368
309 329
73 343
54 326
175 359
66 340
145 377
308 330
45 313
183 355
255 371
254 370
66 342
72 344
142 376
88 330
13 51
148 372
306 332
1 47
307 331
304 332
310 326
0 50
5 47
0 48
45 311
257 369
46 310
89 335
250 368
78 344
141 375
77 343
4 46
293 281
311 327
310 324
292 282
260 366
252 368
253 369
53 325
44 312
248 364
88 336
259 367
249 364
255 370
78 343
258 367
4 47
66 341
304 331
87 330
1 50
147 374
88 339
309 324
145 376
179 356
250 367
54 325
45 312
254 369
142 375
310 327
292 281
257 368
88 335
147 372
1 48
240 365
310 323
309 328
260 365
259 366
175 358
67 342
183 354
47 310
88 329
12 51
5 48
253 368
307 330
308 329
46 313
256 369
306 331
293 282
141 374
0 49
290 281
144 375
148 373
72 343
87 338
292 280
308 328
293 283
71 341
309 323
79 343
80 344
178 356
86 338
309 327
258 366
310 322
1 49
254 368
291 281
306 330
255 369
145 375
304 330
87 329
250 366
46 312
260 364
175 357
146 374
5 49
259 365
142 374
307 329
240 364
146 372
147 373
87 339
67 341
68 342
257 367
179 355
294 282
47 313
297 283
183 353
290 280
72 342
47 311
55 325
250 364
4 48
87 335
12 52
256 368
305 330
296 283
177 354
259 364
85 338
72 341
306 329
48 313
86 339
2 49
256 367
146 373
177 356
255 368
240 361
143 374
307 328
251 366
309 322
293 284
260 363
182 353
291 276
240 363
56 325
47 312
258 365
11 52
308 327
241 364
145 374
310 321
257 366
81 344
87 334
86 329
176 357
71 340
178 355
80 343
294 283
142 373
250 365
4 49
68 341
297 284
291 280
306 328
251 365
258 364
86 332
86 328
48 312
73 341
259 363
241 361
177 355
305 329
49 313
290 276
145 373
83 341
307 327
70 340
297 285
294 284
56 326
291 277
241 363
182 352
255 367
308 322
143 373
85 339
295 283
181 353
252 366
309 321
81 343
84 338
11 53
3 49
240 362
4 50
86 334
84 340
296 284
291 279
69 341
85 329
68 340
176 356
15 71
176 354
256 366
257 365
11 54
74 341
296 285
86 327
181 352
176 355
82 341
257 364
15 70
81 342
255 366
84 339
305 328
252 365
258 363
291 290
16 71
83 340
308 321
180 353
86 333
306 327
144 373
3 50
176 353
177 352
49 312
290 277
69 340
85 332
84 329
242 363
56 327
68 339
291 278
175 354
295 284
241 362
289 276
81 341
295 285
304 328
140 370
253 365
306 326
180 352
69 339
177 351
85 333
254 366
175 351
83 339
12 54
16 70
242 362
292 290
255 365
85 327
305 327
17 71
68 338
178 352
291 289
14 68
175 355
289 277
144 372
176 352
257 363
290 278
17 59
307 321
16 64
84 328
50 312
74 340
258 362
3 51
57 327
184 345
15 68
18 71
144 371
175 350
180 349
140 369
84 333
141 370
292 289
84 327
289 278
174 355
14 67
176 351
81 340
243 362
16 65
306 325
69 338
253 364
256 363
17 60
51 312
257 362
181 350
179 352
180 351
17 70
82 339
258 361
3 52
16 59
307 320
74 339
12 55
57 328
254 365
292 287
304 327
16 69
255 364
295 286
17 64
80 341
291 288
183 345
17 63
301 325
255 363
144 370
303 325
254 364
293 287
18 64
58 328
289 279
180 350
82 338
179 351
143 369
173 355
84 334
15 65
73 339
52 312
3 53
8 54
184 346
70 338
304 326
176 350
257 361
307 319
15 59
4 52
306 324
244 362
17 61
17 65
16 68
141 369
181 349
18 72
140 368
305 325
84 326
17 69
14 66
294 286
80 340
259 361
292 288
81 339
16 66
183 347
12 56
72 339
260 359
3 54
245 362
16 61
301 324
82 337
143 368
84 335
17 62
293 288
9 54
294 287
19 72
60 329
70 337
182 347
306 319
10 55
88 311
14 65
53 312
144 369
18 69
145 370
4 53
142 369
304 325
182 345
17 66
16 67
173 354
59 328
79 340
17 68
259 360
12 57
179 350
84 325
19 64
302 325
176 349
306 323
15 60
288 279
183 346
254 363
141 368
256 361
18 65
80 339
181 348
255 362
8 55
87 311
305 323
10 58
140 366
4 54
254 362
71 337
3 57
18 66
82 336
18 68
288 280
302 324
167 353
16 62
85 325
19 65
60 328
176 348
53 311
3 55
181 347
304 318
305 319
255 361
14 64
245 361
259 359
9 55
88 312
72 338
15 63
83 335
10 56
178 350
182 346
19 73
260 358
172 354
81 337
13 65
303 317
17 67
79 339
304 324
294 288
80 338
61 329
142 368
12 58
15 61
11 57
145 369
10 57
80 337
88 313
140 365
255 360
295 288
86 311
12 59
302 323
3 56
259 358
172 353
4 57
20 73
79 338
255 358
254 361
14 61
62 329
288 281
14 63
302 317
9 58
87 312
9 56
53 310
19 66
181 346
246 361
367 78
81 336
11 58
167 352
85 324
54 311
82 309
168 353
171 354
303 318
61 328
82 335
139 362
72 337
71 336
15 62
18 67
142 367
177 348
10 59
178 349
305 320
4 55
258 359
304 319
13 64
256 359
145 368
304 323
85 312
141 366
9 57
171 353
296 288
54 310
21 73
62 328
367 79
80 336
5 55
368 78
139 361
82 334
302 318
81 335
13 63
72 336
55 311
254 360
19 67
73 337
180 346
258 358
255 357
304 322
79 337
82 310
85 311
84 310
11 59
247 361
14 62
142 366
256 358
141 365
140 362
178 348
85 323
169 353
295 289
86 312
61 327
303 323
288 282
254 358
4 56
304 320
168 352
83 309
145 367
87 313
255 359
87 314
139 360
22 73
142 365
303 322
140 363
143 366
62 327
301 318
169 352
20 67
368 97
11 60
55 310
367 80
365 98
73 336
86 313
304 321
83 310
368 79
144 367
76 337
367 100
256 357
81 334
75 336
257 358
85 322
8 57
12 61
84 311
296 289
141 364
22 77
178 345
5 56
56 311
178 347
302 319
170 353
13 62
254 359
248 361
369 96
295 290
79 336
253 358
288 283
81 310
179 346
140 361
366 102
297 331
77 337
296 290
143 365
23 77
178 346
139 359
25 77
366 80
297 289
295 325
22 76
368 80
368 96
248 360
83 311
170 352
86 314
57 311
369 95
141 363
6 56
288 284
22 74
21 67
364 98
11 61
7 57
296 332
80 310
372 92
144 366
365 99
177 345
80 334
75 335
79 335
74 336
257 357
253 359
140 360
62 326
367 97
303 321
85 321
169 351
20 68
366 98
12 62
301 319
56 310
367 81
76 336
300 318
368 100
367 101
143 364
62 325
257 356
287 284
295 332
63 326
75 334
77 336
177 346
371 92
369 82
297 290
6 57
140 359
142 363
365 102
302 321
58 311
79 334
295 324
169 350
367 102
251 360
25 76
366 81
24 77
21 68
77 312
248 359
80 311
296 325
252 359
85 314
144 365
83 312
85 320
74 335
76 335
22 75
368 95
364 99
300 323
298 291
57 310
296 331
368 81
297 330
301 320
170 351
11 62
300 319
372 91
366 97
78 311
368 101
297 291
249 359
76 334
365 101
85 319
370 92
296 330
301 321
286 284
176 346
78 312
360 100
367 95
250 360
295 331
170 350
296 326
366 96
369 83
143 363
10 62
363 99
144 364
368 94
296 324
258 356
361 99
23 75
298 324
82 312
251 359
77 313
369 93
58 310
281 285
371 91
21 69
79 311
63 325
84 314
75 333
298 292
80 312
368 82
22 68
366 82
370 84
6 58
299 319
297 329
175 345
65 329
364 100
79 333
287 285
141 359
300 320
24 76
368 102
300 322
299 323
74 334
7 59
77 335
369 102
364 101
6 59
360 101
296 323
74 333
367 94
174 345
142 359
68 331
78 333
66 329
370 85
298 323
71 332
369 84
80 313
285 284
366 83
77 334
63 324
83 314
282 285
250 359
363 100
369 92
296 327
10 63
21 70
79 312
81 312
171 350
368 83
23 68
296 329
144 363
7 60
59 310
299 320
297 292
299 322
24 75
258 355
300 321
65 328
175 346
362 99
366 95
9 62
281 286
368 93
297 324
77 314
295 330
82 313
361 100
84 319
287 286
370 91
371 102
173 345
77 333
24 74
69 331
296 328
284 284
7 61
369 87
67 329
72 332
297 293
82 314
369 91
9 63
367 83
297 323
143 361
171 349
371 103
142 360
367 93
23 69
78 332
65 327
259 355
64 324
144 362
81 313
366 84
360 102
281 287
370 102
174 346
21 71
297 299
366 94
287 287
6 60
70 332
362 100
282 286
368 84
363 101
59 309
78 314
250 358
299 321
68 330
369 85
296 292
79 313
298 322
60 310
295 327
74 332
84 318
83 319
295 329
261 352
6 61
77 332
367 84
7 62
79 314
64 323
294 327
69 330
83 318
23 70
368 85
366 93
70 331
297 298
8 63
71 330
283 286
369 90
298 321
284 285
67 328
171 348
281 288
172 345
59 308
145 362
73 332
22 71
364 93
65 326
369 86
369 88
66 327
250 357
367 92
361 102
173 346
370 103
282 287
371 104
259 354
144 361
360 103
143 360
296 293
24 73
296 299
72 331
362 101
287 288
60 309
295 328
81 314
297 294
78 331
297 322
79 315
364 92
81 315
145 361
370 104
171 347
82 318
296 294
172 346
366 92
23 71
66 326
284 286
361 103
260 352
367 85
367 91
6 62
70 330
144 360
82 316
363 93
259 353
78 330
66 324
69 329
285 287
60 308
7 63
251 357
362 102
286 288
171 345
3 61
65 323
295 299
295 293
261 351
294 328
296 298
170 348
67 327
76 332
282 288
365 93
73 331
65 325
297 321
24 72
368 86
369 89
71 329
251 356
259 352
297 320
76 331
362 103
365 92
145 360
146 357
261 350
69 328
260 351
24 71
293 328
368 89
67 324
367 86
295 294
294 299
60 307
68 327
25 72
68 323
4 61
6 63
284 287
363 92
286 289
70 329
170 347
82 317
296 319
80 315
66 323
292 329
66 325
370 105
364 91
361 92
171 346
283 288
71 328
366 91
285 288
3 62
295 298
5 62
169 348
361 104
73 330
38 53
77 330
367 90
81 316
68 322
146 358
146 360
75 331
6 64
68 324
361 91
67 325
4 62
367 89
170 346
28 68
60 306
360 92
292 328
362 92
158 342
365 91
81 317
27 69
297 319
262 350
64 320
295 297
295 295
296 318
294 298
150 364
369 105
80 316
284 288
367 87
363 91
366 86
361 105
147 357
58 304
251 355
70 328
285 289
370 106
169 345
73 329
168 348
151 365
25 71
38 52
37 53
159 341
65 321
291 329
259 351
363 103
66 322
169 347
76 330
362 104
69 327
285 290
4 63
361 106
369 106
366 87
29 68
32 67
74 329
152 365
151 364
147 358
157 342
65 320
26 71
250 355
75 330
365 90
60 305
3 64
67 322
367 88
297 318
168 347
31 68
64 319
58 303
169 346
30 67
146 359
295 296
284 289
364 105
148 357
291 328
168 345
259 350
27 70
263 350
362 105
159 342
5 64
363 104
80 317
59 304
360 91
294 297
160 341
147 360
262 349
293 298
70 327
362 91
68 325
38 51
150 363
66 321
265 348
290 329
28 69
366 89
37 52
363 90
152 364
30 68
290 328
64 318
36 52
148 360
61 305
365 89
362 106
32 66
283 291
36 48
366 88
147 359
284 290
58 302
37 49
157 341
276 336
167 347
79 317
264 348
160 342
80 318
367 105
151 363
3 65
150 362
363 105
75 329
37 51
31 67
293 297
263 349
60 304
28 70
4 64
149 357
69 325
156 342
364 106
67 321
65 319
363 89
281 293
66 320
168 346
361 107
265 347
161 341
285 291
250 354
76 328
362 90
27 71
294 296
259 349
297 317
360 90
29 69
368 106
70 326
264 347
362 89
148 359
249 354
80 319
167 346
151 362
366 105
65 318
36 51
29 70
360 89
31 66
36 49
70 325
157 340
37 48
283 292
363 106
263 348
74 327
152 363
166 345
60 303
277 336
4 65
297 316
163 342
75 328
282 293
361 108
59 302
293 296
65 316
76 327
289 328
259 348
276 335
79 318
30 69
365 88
365 106
149 358
67 320
155 342
162 341
281 294
284 291
161 342
367 106
61 304
32 65
28 71
75 327
367 107
4 66
277 335
150 358
31 65
66 316
79 319
67 319
162 342
274 332
161 343
6 66
364 88
35 51
260 348
293 293
151 361
36 50
166 346
156 340
62 304
60 302
297 315
61 303
361 89
37 47
165 345
282 294
288 328
362 108
284 292
70 324
293 295
65 317
363 107
247 357
263 347
74 326
276 334
366 106
149 359
275 333
29 71
283 295
155 341
152 362
163 343
283 293
275 335
30 70
360 88
248 354
367 108
5 66
297 312
366 107
295 314
364 87
274 335
276 333
247 356
37 46
275 332
75 326
361 88
284 295
71 324
262 347
292 293
283 294
296 315
73 326
78 319
61 302
152 361
6 67
275 334
261 348
277 334
30 71
363 108
35 50
284 293
165 346
71 322
156 339
287 328
66 317
360 87
246 357
62 303
293 294
155 340
34 49
274 333
31 72
30 65
150 359
162 343
248 355
67 318
164 345
363 87
32 72
72 324
153 361
286 328
31 71
273 333
245 357
71 323
277 333
5 67
258 346
33 49
162 344
164 346
296 312
61 301
247 355
257 345
275 331
68 318
246 356
34 50
285 293
4 68
261 347
164 348
72 322
274 334
77 319
30 64
295 315
67 317
361 87
364 108
367 109
73 325
78 320
63 303
366 108
363 109
287 327
152 360
165 347
276 332
151 359
6 68
292 294
284 294
297 311
294 314
75 325
155 339
36 46
294 315
285 294
245 356
363 110
163 348
5 68
4 69
295 312
33 50
77 320
365 108
62 299
287 326
363 86
276 331
361 86
258 345
297 310
68 317
162 345
154 339
70 315
72 323
153 360
256 345
277 332
152 359
73 324
36 45
164 347
366 109
291 294
273 334
261 346
75 324
69 316
30 63
286 327
293 314
246 355
62 301
259 346
63 302
32 71
364 110
34 70
272 334
76 320
163 347
63 299
31 63
75 323
361 85
363 85
71 315
4 70
291 295
293 315
362 86
69 317
296 310
153 339
5 69
54 298
73 323
286 294
277 331
245 355
244 354
33 71
259 345
261 345
255 345
256 346
290 294
36 44
286 326
62 300
365 109
160 356
63 301
33 51
77 321
153 359
294 312
162 346
152 358
70 316
32 50
269 327
6 70
74 324
297 309
151 357
74 323
278 331
32 51
35 70
153 358
37 44
152 339
160 355
64 301
6 71
259 344
70 317
159 356
365 110
76 321
151 356
286 295
255 346
54 297
285 326
286 325
295 310
158 345
245 354
55 298
270 327
71 316
244 353
38 43
5 70
290 295
296 309
255 348
63 300
277 330
162 347
291 296
292 315
34 71
260 345
256 347
31 62
152 357
362 85
269 326
271 334
293 312
153 341
152 340
55 297
5 71
362 84
56 298
291 297
287 295
365 111
67 301
64 300
293 311
291 315
153 357
65 301
271 327
259 343
278 330
158 346
161 347
32 60
255 347
70 318
39 43
245 353
158 356
242 348
75 321
254 348
159 345
270 334
32 52
270 326
32 62
285 325
294 310
71 317
38 44
243 351
367 111
289 295
54 296
151 355
260 344
35 71
160 354
72 316
295 309
74 322
271 335
242 349
270 335
46 89
275 328
45 88
151 340
243 350
293 310
283 326
254 347
294 309
284 325
38 45
158 347
66 301
152 341
290 297
33 60
5 72
271 326
32 61
295 308
152 355
272 327
55 296
57 298
367 112
31 52
72 317
39 44
154 357
278 329
32 53
153 342
159 346
291 316
157 356
47 90
70 319
56 297
244 351
36 71
362 83
291 298
160 347
54 295
288 295
290 315
245 352
366 111
246 353
34 73
259 342
65 300
269 334
271 336
243 348
67 300
160 353
74 321
260 343
273 327
58 298
47 89
39 45
246 352
368 116
276 328
36 62
275 327
156 356
253 347
154 356
295 307
291 299
71 319
160 352
269 335
247 353
72 318
272 326
243 349
259 341
289 317
160 348
283 325
278 328
159 353
294 308
149 341
45 89
290 316
151 341
366 112
293 309
34 74
362 82
31 53
159 347
45 87
260 342
288 296
66 300
152 342
270 336
244 348
33 61
5 73
55 295
72 320
244 350
35 73
73 321
34 62
153 355
48 90
282 326
294 306
36 72
290 298
57 297
157 355
244 349
72 319
152 343
245 350
273 326
56 295
73 320
44 89
157 354
58 297
294 307
66 297
155 356
247 352
36 73
293 306
361 82
67 298
277 328
47 88
48 89
160 349
59 298
151 342
289 316
40 45
66 299
292 309
291 300
246 351
159 352
366 113
288 317
154 355
260 341
282 325
149 342
252 347
368 115
288 297
274 327
367 116
159 348
36 61
34 61
294 305
269 336
35 62
150 341
289 298
35 74
367 114
158 353
293 308
31 54
276 327
253 346
4 73
46 87
252 346
288 316
293 305
260 340
267 337
253 345
36 60
293 307
159 349
366 114
157 353
245 349
291 309
46 86
291 301
73 319
58 296
290 300
281 325
3 73
274 326
160 350
40 46
35 61
289 299
159 351
247 351
246 350
66 298
149 343
251 347
367 115
36 74
360 82
277 327
150 342
268 336
261 341
48 88
155 355
57 295
43 89
151 343
49 89
272 324
292 308
288 298
59 297
67 297
31 55
32 57
65 298
260 339
266 337
292 303
43 88
250 347
159 350
291 308
293 304
277 326
249 348
288 299
252 345
360 81
48 87
31 56
267 336
291 302
47 86
36 75
281 324
33 58
61 296
272 323
156 353
34 59
41 46
247 350
279 326
366 115
59 296
157 352
74 319
3 74
246 349
49 88
261 340
290 309
150 343
155 354
149 344
287 316
158 351
289 300
67 296
274 325
58 295
42 87
35 60
273 324
292 307
37 75
359 81
42 46
261 339
42 86
149 345
157 349
290 302
279 325
158 350
248 348
64 298
155 353
35 59
292 304
63 297
287 315
62 296
251 345
291 305
273 323
277 325
278 326
33 57
265 337
252 344
289 309
48 86
281 323
49 87
59 295
289 301
249 347
365 115
274 324
67 295
291 303
291 307
150 344
75 319
247 349
290 308
34 58
358 80
74 318
2 74
32 56
156 352
43 87
267 335
60 296
288 300
287 301
263 338
266 335
75 318
43 86
280 323
286 301
262 339
250 345
278 325
289 310
289 308
248 347
279 324
274 323
1 74
64 297
284 301
288 301
283 302
364 115
365 116
48 85
156 349
358 81
247 348
60 295
287 302
66 295
38 75
249 346
33 56
154 347
287 314
35 58
264 337
291 304
156 351
49 86
154 353
157 350
290 303
357 80
252 343
150 345
63 296
43 46
291 306
289 307
263 337
66 294
288 308
265 335
153 347
275 323
249 345
247 347
289 311
48 84
287 313
0 74
283 303
252 342
75 317
283 301
364 116
154 352
151 345
43 85
285 301
290 304
362 116
365 117
274 322
357 81
43 45
49 85
64 296
34 56
36 58
60 294
38 76
290 306
279 323
152 346
65 295
155 351
278 324
154 348
284 302
266 334
156 350
358 82
288 302
44 86
262 338
263 336
155 350
36 57
288 303
247 346
61 294
262 337
365 118
284 303
154 349
279 322
356 81
35 56
289 304
275 322
60 293
248 345
285 302
276 323
0 75
266 333
354 81
357 82
288 307
363 116
264 335
64 295
283 300
278 323
65 294
48 83
50 83
75 316
43 84
152 347
288 311
362 117
39 76
364 117
289 306
151 346
44 45
287 312
154 351
49 84
251 342
44 85
153 348
46 45
153 349
38 58
244 346
278 322
44 84
265 333
60 292
262 336
50 82
286 312
263 335
289 305
277 323
46 46
283 299
0 76
363 117
357 83
250 340
288 304
250 342
152 348
37 57
151 347
154 350
49 83
355 81
248 344
246 346
279 321
354 82
40 76
356 82
64 294
72 314
288 306
362 118
74 316
287 311
61 293
36 56
285 303
261 337
45 45
265 331
364 118
251 341
276 322
246 345
51 80
72 313
38 57
264 333
277 322
264 331
286 303
249 342
50 81
286 311
64 293
41 76
43 82
39 58
249 340
250 341
49 82
59 282
0 77
353 82
262 335
357 84
288 305
245 346
285 312
263 334
287 304
46 47
37 56
61 292
355 82
151 348
363 118
265 332
73 314
278 321
152 349
261 336
244 345
153 350
44 83
283 298
74 315
45 46
62 293
248 343
46 48
59 283
346 94
282 314
65 291
248 340
249 341
286 310
39 57
44 48
64 292
356 84
45 47
74 314
355 83
49 81
363 119
264 332
62 292
50 80
73 313
286 304
59 281
44 82
245 345
277 321
51 79
282 298
287 305
261 335
264 330
0 78
42 76
38 56
151 349
263 333
286 308
351 83
150 348
353 83
43 81
60 282
248 342
285 311
152 350
60 283
277 320
38 55
43 76
49 80
150 349
281 298
263 332
248 341
261 334
1 78
74 313
352 83
48 81
246 343
65 290
262 333
64 291
63 292
59 280
44 49
44 81
286 305
355 84
285 310
363 120
351 84
285 308
257 338
281 314
282 313
45 48
151 350
247 342
40 57
286 309
50 79
263 330
245 344
347 94
346 93
285 305
39 55
362 120
356 86
60 284
47 81
53 259
150 350
64 290
355 85
246 340
262 330
285 309
284 306
1 79
60 280
282 312
352 84
281 299
346 92
257 337
284 310
63 291
45 49
48 80
75 313
346 90
43 77
247 341
256 338
245 343
50 78
43 79
53 261
40 56
49 79
347 93
261 333
44 80
149 349
280 314
44 50
262 332
277 319
246 342
284 305
346 89
61 284
60 279
53 258
262 331
246 341
347 92
44 77
54 259
64 289
59 268
41 56
45 50
61 270
276 319
261 332
43 78
279 314
257 336
60 289
280 299
46 245
245 342
47 80
355 86
44 79
149 350
63 290
284 309
245 340
281 312
40 55
346 91
44 51
282 311
2 79
347 90
41 54
48 79
283 310
260 333
75 312
283 306
60 285
54 261
361 120
53 260
255 338
50 77
356 87
352 85
61 269
59 267
60 288
60 278
275 319
62 270
280 312
353 85
281 311
54 260
361 121
63 289
42 54
261 331
244 342
282 310
355 87
149 351
256 336
45 51
347 89
244 340
45 79
46 246
45 245
54 258
283 305
61 285
46 50
47 79
61 279
279 313
348 92
41 55
60 286
44 78
51 77
347 91
283 309
260 332
245 341
61 289
279 299
255 337
60 268
354 86
3 79
62 290
276 318
75 311
62 269
275 318
60 287
42 55
61 286
74 311
43 248
244 341
59 266
243 342
43 54
63 270
72 311
278 311
348 89
45 244
280 311
255 336
149 352
282 305
46 79
355 88
354 87
45 246
260 331
259 330
254 337
54 257
349 92
3 80
348 91
45 78
259 332
282 309
54 255
61 278
46 51
353 86
51 76
47 52
360 121
243 340
55 260
148 351
276 317
62 289
279 312
61 268
281 310
279 300
43 242
46 247
57 262
147 353
64 270
349 89
353 87
43 247
74 310
62 278
258 330
58 262
62 268
359 121
46 78
279 311
242 340
49 55
253 337
255 335
45 247
54 256
278 310
259 331
63 269
43 55
44 248
62 288
62 266
43 245
4 80
354 88
44 244
43 249
281 305
258 332
46 248
51 75
53 255
56 260
61 267
72 310
148 352
45 53
355 89
1 81
46 52
61 287
243 341
57 259
43 243
47 53
42 242
57 261
0 82
73 311
281 309
279 301
60 266
275 317
44 54
59 265
349 91
59 263
59 264
62 267
43 246
49 76
352 87
42 245
73 310
44 55
63 268
62 287
60 263
57 260
350 89
50 75
358 119
4 81
273 318
270 317
353 88
44 249
53 256
49 56
252 337
43 56
242 341
46 77
279 310
280 301
274 317
147 352
48 55
64 269
354 89
0 83
63 278
255 334
61 266
253 336
43 244
2 81
45 248
351 88
46 53
258 331
349 90
351 114
146 353
280 305
41 100
42 243
257 332
280 309
45 54
1 82
60 265
58 259
58 261
352 113
358 121
48 76
44 56
52 256
255 333
270 316
252 336
353 89
40 100
358 118
254 334
351 115
280 304
63 287
352 88
280 302
43 95
272 318
51 257
73 309
0 84
41 99
49 75
45 55
257 331
58 260
357 121
279 309
61 263
354 90
45 249
44 250
253 335
355 115
256 332
49 57
241 341
351 89
59 259
63 279
352 114
350 90
63 267
61 265
42 244
47 55
64 278
64 268
4 82
273 317
60 264
357 119
2 82
41 101
142 344
46 76
46 54
271 317
41 243
353 113
146 352
42 246
357 120
50 257
254 333
51 256
60 259
45 250
279 308
3 82
354 91
40 99
255 332
354 115
41 96
272 317
46 55
48 255
63 280
59 260
64 267
64 287
48 75
46 75
43 94
49 246
47 76
49 256
146 351
42 95
45 56
142 343
2 83
357 118
41 246
240 341
73 308
280 303
143 344
299 2
352 89
355 116
253 334
1 84
273 316
252 335
62 263
351 116
39 98
41 244
40 243
279 304
256 331
64 279
40 101
48 57
271 316
353 114
351 90
61 264
64 286
39 101
48 74
45 251
74 308
351 91
279 307
145 351
353 115
47 75
141 343
50 246
356 120
352 90
49 255
354 92
3 83
255 331
64 266
39 99
40 244
41 95
299 3
42 94
300 2
253 333
278 302
51 255
296 4
67 267
354 116
46 250
47 57
40 246
252 334
46 56
272 316
60 260
2 84
62 264
297 23
48 254
48 248
356 118
63 281
50 256
239 341
42 92
49 247
355 117
279 303
298 4
273 315
64 280
143 345
38 98
73 307
352 116
40 96
46 57
3 84
48 253
272 315
49 254
298 5
39 96
277 302
143 346
354 117
67 266
64 281
61 260
41 72
50 255
73 306
240 339
297 22
252 333
140 343
296 3
63 282
270 313
353 116
38 101
65 266
253 332
254 331
37 98
74 307
65 286
278 307
279 306
355 118
273 314
297 4
38 99
298 23
47 74
42 93
66 267
48 249
300 3
39 246
353 92
278 303
45 58
50 247
41 92
354 93
49 248
144 351
41 94
63 264
239 340
299 4
352 91
39 244
355 120
48 73
46 251
62 258
65 285
38 100
272 314
42 72
299 5
277 307
45 59
74 306
49 249
4 84
303 21
252 332
64 264
47 73
354 118
38 246
299 23
43 73
47 251
277 303
49 253
238 338
253 331
270 312
353 117
297 3
46 58
278 306
62 260
354 94
40 94
41 93
352 92
353 93
144 352
39 245
37 101
354 120
61 261
277 309
139 343
41 71
50 254
239 339
300 4
271 313
39 95
240 338
6 84
65 265
66 266
48 250
37 97
50 248
64 282
143 347
48 252
297 21
37 99
64 257
65 256
40 93
355 96
6 85
37 96
303 20
277 308
67 256
353 118
62 257
354 95
271 312
277 304
36 99
39 94
274 309
240 337
352 93
50 249
42 71
62 259
62 261
44 73
43 72
38 245
143 352
272 313
49 252
65 264
353 94
66 265
237 338
297 2
298 21
46 73
277 306
50 253
63 258
37 100
238 339
5 84
354 119
142 347
300 5
65 282
66 285
139 344
48 251
75 306
36 97
299 22
38 95
276 309
278 305
251 332
302 21
138 343
252 331
46 59
66 256
273 311
276 308
237 339
296 0
66 284
50 252
65 257
299 21
37 245
142 352
141 347
250 332
36 100
75 305
66 264
301 21
138 344
251 331
76 306
45 73
6 86
300 6
64 256
301 7
5 85
49 251
274 310
63 257
277 305
300 22
240 336
67 255
352 94
354 96
275 309
66 282
352 118
355 97
272 312
36 244
63 259
43 71
35 243
276 304
143 349
353 119
50 250
36 96
303 19
271 311
39 93
63 261
46 60
142 348
37 95
297 1
302 14
236 339
237 342
63 256
66 283
33 90
352 95
239 336
303 18
44 71
250 331
275 304
34 243
136 343
50 251
35 100
276 305
138 345
300 21
141 352
45 72
36 95
333 138
355 98
46 61
300 7
334 145
272 311
301 8
43 70
64 259
67 282
141 348
302 19
137 344
302 13
143 350
5 86
64 261
353 96
271 310
296 1
273 310
302 15
351 118
67 264
352 119
142 349
334 141
4 87
295 0
301 20
237 340
66 263
66 255
35 244
36 245
38 93
76 305
23 82
275 308
65 258
333 141
249 331
351 119
235 339
302 12
243 333
239 335
141 351
65 261
90 260
23 83
299 9
290 0
67 263
300 20
141 349
63 255
37 93
43 69
142 350
237 341
272 310
36 94
301 15
248 330
302 16
77 305
22 84
24 82
56 112
333 145
87 259
65 259
332 138
301 9
334 142
236 342
67 283
5 87
295 1
236 340
35 101
135 343
333 139
136 344
132 342
275 305
88 260
45 71
301 19
55 113
34 90
275 307
352 96
66 254
301 13
34 244
352 120
138 346
33 89
302 18
35 245
238 336
294 0
4 88
86 258
351 95
47 61
271 309
354 98
300 8
334 144
51 251
68 263
88 261
275 306
141 350
63 254
136 345
23 84
293 0
68 283
45 70
22 85
132 343
44 69
140 349
133 342
65 254
139 348
238 335
90 259
354 99
301 12
32 89
291 0
137 346
353 98
57 114
35 94
48 61
77 304
243 332
300 13
26 85
52 251
43 68
54 113
331 138
301 18
52 249
24 83
36 93
87 260
274 305
300 9
248 331
134 343
248 329
334 143
66 261
235 342
46 71
84 259
67 262
89 260
35 102
300 19
302 17
56 113
55 112
5 88
58 115
35 92
88 259
332 139
244 333
352 97
351 96
290 1
236 341
33 244
333 140
86 259
59 116
235 340
138 347
54 133
85 258
294 1
66 259
302 11
272 309
351 120
60 121
34 245
301 16
299 8
333 144
34 91
247 331
135 345
300 18
300 10
138 348
300 14
49 61
27 87
23 85
46 70
137 347
69 283
246 332
298 8
77 303
134 344
67 261
66 260
25 85
299 13
79 255
272 308
6 88
5 89
90 258
245 333
59 117
274 306
48 62
85 259
290 2
87 261
45 69
341 91
301 17
53 133
300 12
353 99
294 4
54 112
354 100
56 126
133 343
293 1
300 16
291 1
24 84
350 120
33 245
35 93
59 121
238 334
89 259
53 251
301 11
31 89
67 259
35 103
44 68
57 115
340 92
333 143
26 86
64 254
235 341
53 249
244 332
139 349
84 260
332 140
30 90
351 97
5 91
68 262
56 114
295 5
34 92
331 139
60 120
54 132
140 350
292 0
234 342
58 116
247 329
52 250
43 67
299 19
9 88
272 307
27 88
273 306
246 331
53 248
133 344
34 103
51 132
56 115
234 341
341 122
238 333
52 133
54 249
24 85
47 64
59 120
353 100
46 69
86 261
80 255
32 91
25 86
330 139
54 251
53 250
7 88
295 6
232 333
291 2
85 260
70 283
77 302
32 245
294 5
139 350
26 87
299 16
53 112
294 3
89 258
297 8
299 18
247 328
6 91
31 90
341 92
324 137
293 2
299 12
292 1
34 93
339 122
23 86
79 256
340 91
298 19
300 17
228 345
30 91
64 253
326 139
44 67
67 260
137 352
299 14
300 11
56 127
338 121
5 90
350 97
65 252
332 143
58 117
68 261
298 13
50 61
245 332
349 120
59 122
351 98
55 126
28 89
352 99
49 62
331 140
135 346
59 118
53 132
137 348
77 301
245 331
331 143
295 7
12 86
246 330
134 346
335 83
247 327
349 97
51 131
299 17
349 119
342 92
26 88
330 140
294 6
292 2
232 342
70 284
32 92
341 93
52 112
325 139
50 62
28 90
81 255
338 120
54 126
24 86
49 63
340 122
47 69
47 65
71 285
339 121
58 122
133 345
136 352
54 58
58 120
45 67
57 117
348 120
324 136
350 98
340 90
64 252
56 116
10 88
326 138
85 261
293 3
80 254
298 10
33 103
324 138
327 139
55 247
296 8
238 332
268 302
297 13
137 351
233 333
341 121
299 15
54 248
68 260
138 350
31 91
65 251
27 89
55 127
233 341
69 261
48 64
33 93
352 100
51 61
298 18
299 11
58 118
7 89
34 104
272 306
25 87
228 344
89 257
52 132
229 345
54 250
6 90
232 332
137 349
80 256
31 245
9 89
339 91
12 87
55 128
344 93
13 86
55 124
247 326
27 90
89 256
350 101
32 93
231 342
298 11
56 117
54 125
136 351
339 120
335 84
348 119
233 340
324 139
32 243
9 90
132 345
56 247
325 136
232 341
325 140
268 301
26 89
85 262
8 89
31 92
57 120
297 16
297 12
81 254
32 103
298 15
233 332
88 257
239 330
329 140
52 131
339 90
272 305
52 111
51 130
136 349
238 331
46 67
323 138
81 256
23 88
50 63
326 137
297 10
106 329
54 59
55 58
53 130
350 99
328 139
55 250
297 14
48 65
31 244
107 328
298 17
77 300
47 68
57 118
340 121
55 248
331 144
342 93
229 344
134 347
47 66
295 8
296 13
327 140
51 110
48 69
228 343
137 350
69 260
51 62
7 90
292 3
24 87
349 98
245 330
269 302
53 60
64 251
57 122
71 284
10 89
351 100
294 7
49 64
334 83
72 285
33 104
233 331
56 250
26 90
272 304
296 12
297 11
344 94
82 254
48 66
77 299
13 87
292 4
349 101
234 332
31 103
270 302
343 93
56 118
326 136
56 248
130 346
296 10
323 139
12 88
297 15
136 350
52 62
328 140
55 123
53 129
31 93
70 260
293 7
72 284
32 242
134 348
81 257
49 65
50 110
340 120
50 64
31 101
47 67
57 121
64 250
85 263
56 122
31 243
88 256
51 129
329 141
106 330
240 330
349 99
131 345
238 330
348 118
54 128
30 100
133 347
48 68
24 88
55 117
332 146
75 259
339 87
246 326
132 346
350 100
108 330
331 145
54 124
297 17
78 300
52 130
327 137
49 69
107 327
72 260
235 331
54 60
334 84
25 89
232 340
56 120
229 343
69 259
53 61
350 108
11 89
51 111
228 342
22 92
339 89
296 18
32 104
271 303
269 301
23 89
22 90
62 250
339 119
8 90
107 329
244 330
55 59
336 84
324 140
231 341
295 9
25 90
53 128
52 117
8 91
338 87
295 18
108 331
54 61
347 106
56 249
77 298
70 259
349 108
49 68
31 104
23 90
296 11
336 85
343 94
31 108
78 299
244 329
50 65
327 136
333 84
13 88
107 330
56 119
22 91
233 330
30 101
31 242
296 15
31 102
73 260
52 129
236 331
332 147
81 258
18 91
272 303
88 255
75 260
344 119
133 348
338 89
350 109
273 304
295 10
48 67
241 330
106 325
84 263
230 341
72 259
12 89
85 264
21 92
129 346
327 142
296 17
228 341
245 326
229 342
74 259
72 261
30 99
30 105
83 254
271 302
231 340
347 118
50 111
270 301
134 349
295 14
62 249
19 92
291 4
237 330
63 250
135 350
24 89
87 256
107 326
232 329
346 107
243 330
323 140
293 8
55 60
56 121
55 120
51 64
52 63
339 88
30 93
348 99
130 347
131 346
54 123
331 146
55 118
234 331
292 7
328 141
31 94
340 119
349 100
72 283
348 108
83 253
347 105
346 106
131 347
74 260
231 329
341 119
271 301
73 257
53 117
52 128
332 84
343 119
129 347
51 117
273 303
329 83
229 341
295 15
50 66
77 297
87 255
8 92
234 330
291 19
55 119
73 261
331 147
347 117
107 325
295 11
24 90
336 86
236 330
106 332
290 4
349 109
29 105
30 104
20 92
50 112
29 99
72 282
347 101
340 118
347 99
295 17
345 119
109 325
63 249
83 261
53 127
17 91
57 61
233 329
70 258
343 95
245 327
134 350
31 95
294 10
294 14
13 89
348 100
107 331
73 283
327 135
49 67
53 123
57 249
72 258
344 118
243 329
54 120
292 8
86 256
31 109
323 141
18 92
326 142
23 91
328 142
338 88
55 61
55 121
132 348
232 328
230 340
30 242
228 340
133 349
106 324
345 107
81 259
30 94
32 108
51 65
291 5
84 264
52 64
69 257
30 102
244 328
242 330
79 299
29 242
56 61
344 107
55 62
13 90
33 108
233 328
79 298
82 261
346 101
292 9
53 64
85 254
294 11
346 99
50 113
53 118
292 19
57 62
344 117
329 84
109 324
20 93
131 348
108 325
80 299
73 262
54 119
343 118
347 100
133 350
229 340
30 95
244 327
70 257
16 91
74 261
236 329
293 10
106 333
29 104
293 14
330 149
346 117
30 241
129 348
29 102
294 13
290 5
81 260
86 255
63 248
24 91
8 93
51 66
348 109
78 295
230 329
328 135
294 15
272 301
58 249
52 123
18 93
234 329
291 6
347 108
31 110
330 83
107 324
273 302
50 67
54 121
51 116
294 17
337 88
52 65
327 134
346 103
84 253
69 256
331 148
134 351
231 328
345 118
72 257
77 296
77 280
328 143
73 256
73 282
83 262
342 95
323 142
331 84
76 281
29 98
83 264
107 332
346 105
243 328
134 353
291 20
52 127
53 122
336 87
242 329
341 118
326 143
292 10
75 281
330 84
71 257
346 104
82 262
234 328
109 333
30 96
52 124
29 241
79 295
53 65
74 262
76 280
34 108
29 95
47 111
13 91
324 142
63 247
77 279
242 328
56 62
29 97
243 327
294 12
52 66
53 121
48 112
24 92
53 119
328 144
347 109
293 19
82 264
52 126
329 85
345 99
70 256
346 116
31 111
51 127
25 93
129 349
43 111
292 20
345 103
51 115
27 93
28 104
336 88
230 328
290 6
291 21
108 324
328 134
57 63
133 353
73 281
73 255
20 94
293 13
72 264
342 96
343 117
341 117
8 94
106 334
81 261
49 113
29 103
55 63
54 66
80 298
51 67
74 264
30 240
17 93
78 296
133 351
292 18
345 117
329 149
344 106
325 143
33 109
86 254
330 148
131 349
342 118
293 17
345 105
84 252
229 339
134 352
294 16
235 329
15 91
58 248
346 100
273 301
292 14
107 333
54 64
85 253
50 127
345 116
108 333
54 67
35 108
347 110
72 265
80 297
344 105
293 12
299 28
24 93
28 95
50 115
73 264
73 280
71 256
79 296
328 149
130 349
330 85
327 144
82 263
329 134
230 327
273 300
62 247
23 242
292 15
52 125
33 110
76 279
56 63
341 96
48 113
81 262
16 93
9 94
292 17
14 91
85 252
329 148
324 143
296 25
27 94
335 92
74 263
42 111
133 352
32 111
301 28
52 67
293 16
293 20
242 327
29 96
336 89
44 111
289 6
21 94
53 66
46 111
72 255
75 264
291 10
343 106
28 103
34 109
43 112
22 241
131 350
52 121
346 109
292 21
26 93
47 112
343 116
292 11
108 323
107 334
25 94
342 117
29 240
235 328
74 281
86 253
345 100
345 102
52 119
345 104
58 247
274 301
298 25
61 248
80 261
109 334
55 64
229 338
49 114
344 103
290 10
15 93
341 97
45 111
42 110
51 121
25 95
288 6
273 299
298 26
300 32
43 113
82 292
33 111
47 113
107 335
46 112
325 145
22 240
108 322
330 134
346 110
73 265
35 109
23 241
299 27
41 109
51 119
301 29
132 352
27 239
26 94
335 89
21 95
24 242
229 337
333 87
50 126
345 115
324 144
297 25
289 7
327 145
75 279
274 300
334 92
130 350
106 336
44 112
291 11
344 100
60 248
71 255
131 351
344 102
53 67
228 338
343 105
336 90
328 148
49 115
27 103
81 297
242 326
54 68
235 327
296 24
289 9
55 65
61 247
341 115
86 252
75 263
14 92
330 86
51 125
56 64
293 21
108 334
344 104
28 240
29 239
59 247
28 96
342 116
74 280
292 16
292 12
10 94
335 93
72 266
345 109
81 263
23 93
230 326
24 94
32 112
80 296
79 261
300 28
231 326
82 293
341 114
300 31
23 240
327 148
29 238
26 95
334 89
50 119
297 26
335 90
227 338
341 98
21 96
336 93
326 145
11 94
345 110
324 145
344 115
59 246
28 239
291 16
299 32
342 131
293 22
81 294
300 33
10 95
74 279
88 251
331 134
294 23
71 254
79 262
78 261
77 262
300 29
45 112
27 102
51 120
35 110
337 106
242 325
343 104
82 291
107 336
323 144
333 88
295 24
292 23
27 96
40 109
342 115
33 112
34 111
76 263
44 113
89 250
341 104
290 11
346 111
25 242
334 91
14 93
106 337
330 87
53 68
22 95
343 100
236 327
56 65
341 106
228 337
288 9
291 12
274 299
130 351
241 326
331 86
87 252
80 263
23 94
41 110
289 8
47 114
108 321
50 125
81 296
54 69
332 87
28 101
273 298
298 27
36 109
344 101
288 7
60 247
73 266
108 335
49 116
131 352
27 240
60 246
27 101
332 88
334 90
231 325
227 337
130 352
37 109
299 33
107 321
49 117
35 111
228 322
299 31
34 112
330 88
341 133
78 262
79 263
53 69
26 96
23 95
108 336
81 295
14 94
300 30
54 70
288 10
344 110
28 100
341 99
50 124
44 114
293 23
45 113
40 110
298 32
343 101
74 266
290 16
324 146
28 238
11 95
26 240
342 114
337 107
290 12
288 8
75 267
342 100
46 114
82 294
50 120
83 291
274 298
327 147
331 87
24 240
336 94
297 27
342 104
344 114
83 293
77 263
340 106
291 13
338 106
292 24
341 105
342 132
22 96
241 325
323 145
50 118
52 70
49 121
88 250
12 94
226 338
87 251
236 326
287 9
326 146
342 130
57 65
70 254
340 98
89 249
74 278
232 326
67 253
332 134
294 24
25 241
107 337
345 111
344 111
294 25
341 130
344 113
340 99
293 24
27 100
28 237
83 294
74 277
77 264
241 324
68 253
39 110
70 253
297 34
290 13
227 322
60 245
74 267
129 352
82 295
286 7
326 147
340 107
50 123
226 337
49 122
109 336
49 120
228 323
343 114
338 105
340 133
83 288
231 324
295 26
333 134
287 10
57 66
337 108
330 89
48 121
323 146
299 30
296 27
78 263
342 101
341 132
225 338
297 32
25 240
275 298
45 114
232 325
106 321
298 33
331 88
49 118
336 95
290 15
88 249
76 265
12 95
52 71
107 338
334 95
87 250
76 267
228 319
336 107
298 31
53 70
14 95
49 124
83 296
53 78
23 96
340 105
53 76
67 252
345 112
341 100
83 290
237 326
26 97
342 103
35 112
333 90
229 318
108 337
288 11
287 8
37 110
49 123
26 100
228 318
340 130
37 111
76 266
83 295
105 321
237 325
61 245
341 101
67 251
39 111
107 339
78 264
26 238
325 147
233 325
83 289
225 337
298 30
84 288
276 298
48 118
231 323
333 95
232 324
27 237
48 122
13 95
335 95
23 97
289 13
297 33
286 8
70 252
343 113
340 108
340 100
294 26
84 294
340 132
241 323
295 27
339 133
227 323
53 77
334 94
331 89
226 336
128 352
332 90
15 239
240 324
48 124
296 34
48 120
334 134
54 76
226 322
77 265
106 320
339 105
342 102
72 268
68 252
289 15
77 267
229 319
47 117
54 78
12 96
230 318
293 25
45 115
87 249
286 10
74 268
336 96
24 96
53 71
57 67
36 112
86 250
287 11
109 337
323 147
25 239
344 112
25 97
75 277
336 108
27 99
285 7
296 28
84 296
14 96
25 238
225 322
340 103
14 237
84 289
296 29
288 27
293 26
332 91
318 87
316 89
234 325
73 268
25 100
105 320
231 322
336 109
77 266
37 112
296 33
323 148
340 131
26 99
24 97
48 123
335 96
45 116
74 269
67 250
294 27
339 104
44 117
26 237
108 339
285 8
339 100
295 34
58 67
331 90
340 109
110 337
38 111
106 319
223 320
54 75
39 112
13 96
25 98
333 94
69 252
228 317
222 335
276 297
230 319
341 102
226 323
232 323
227 324
96 319
339 130
54 77
338 133
127 352
325 148
75 276
238 325
46 117
286 11
16 239
53 72
340 101
342 109
85 288
57 68
222 319
47 118
288 13
85 294
240 323
78 265
225 336
15 238
334 133
226 329
48 119
86 249
62 245
14 235
289 14
63 244
84 295
319 86
72 269
297 30
343 112
46 120
225 329
39 113
340 102
110 338
97 319
46 118
86 294
320 86
225 319
316 88
69 251
86 288
239 323
109 339
284 8
222 318
54 74
36 114
14 236
78 266
38 112
15 235
225 323
96 318
62 244
223 319
45 117
47 119
24 98
285 11
339 103
222 334
287 119
295 29
289 119
75 275
296 30
25 237
289 27
339 131
238 324
100 320
73 269
317 87
295 33
318 86
20 98
86 248
338 132
224 322
231 321
24 100
68 250
223 335
341 109
224 320
325 149
25 99
54 72
332 94
104 320
19 97
58 68
276 292
335 133
14 234
16 238
47 123
72 270
63 245
64 244
293 27
226 318
85 249
226 330
37 113
331 91
85 295
288 26
286 26
15 237
231 319
60 68
317 89
284 12
227 317
336 98
276 296
336 110
324 148
126 352
288 14
226 324
337 133
85 289
321 87
342 110
339 101
335 97
291 119
106 318
55 77
13 97
232 322
53 73
332 92
224 336
44 116
342 112
127 351
234 324
98 319
24 99
295 32
292 27
226 317
275 296
330 91
225 324
126 351
85 290
18 97
295 30
86 295
234 323
275 292
24 237
291 118
20 99
224 335
97 318
232 321
336 99
225 318
16 237
58 69
317 86
342 111
283 12
222 317
341 110
37 114
69 250
318 85
104 319
43 116
86 289
337 132
225 328
339 102
99 320
106 317
59 68
62 241
54 73
109 344
100 319
13 98
223 334
286 25
294 29
289 28
336 111
72 271
320 87
287 14
316 87
64 245
288 119
46 119
15 236
224 323
19 98
231 320
15 98
57 70
283 8
287 26
60 69
73 270
85 248
110 339
324 149
238 323
96 317
226 325
14 233
284 9
338 101
62 243
332 93
68 247
55 74
46 123
38 113
45 120
337 100
335 98
287 118
224 319
290 119
296 31
233 322
56 77
45 118
79 266
226 331
276 293
318 89
75 274
105 318
336 133
276 295
317 90
284 11
36 115
321 88
338 131
290 27
45 119
87 289
19 99
294 32
67 247
225 317
97 317
110 344
337 131
288 118
57 71
15 233
289 29
73 271
16 236
100 318
286 116
68 246
237 323
110 340
104 318
18 238
225 325
294 30
85 247
55 73
290 28
225 333
224 324
69 247
23 237
275 293
317 91
23 99
335 99
76 274
287 25
274 292
287 117
287 15
290 118
126 350
86 296
98 318
318 90
292 28
58 70
317 85
224 334
338 102
37 115
14 98
57 77
336 100
38 114
45 123
44 120
14 232
66 246
65 245
295 31
18 98
336 132
331 93
284 10
235 323
320 88
234 322
39 115
79 267
16 98
61 241
86 290
59 69
225 327
226 332
282 8
105 317
223 317
275 295
341 111
62 242
56 74
42 116
276 294
337 101
324 150
226 326
283 11
337 111
99 319
334 98
274 8
233 321
232 320
330 92
224 318
109 343
70 250
316 86
44 124
57 74
338 111
15 232
67 246
337 130
287 16
18 99
19 238
110 341
44 123
329 92
288 117
61 242
294 31
59 70
126 349
225 332
22 99
23 238
224 333
237 322
74 271
275 294
79 268
283 18
84 247
16 99
93 292
70 249
290 117
43 124
104 317
289 30
69 248
275 8
223 324
38 115
235 322
334 99
323 150
39 116
15 100
337 102
274 293
17 98
99 318
76 273
320 89
87 296
336 131
109 342
75 272
94 287
17 236
290 29
319 90
234 321
40 117
224 317
285 18
292 29
42 117
39 118
273 8
44 119
287 116
281 8
263 0
316 85
111 344
335 100
18 237
57 76
287 24
340 111
318 91
225 326
330 93
66 245
121 350
14 231
98 317
233 320
286 115
58 71
283 10
87 290
293 30
88 289
75 270
261 2
56 73
274 7
14 99
274 5
235 321
224 332
84 246
274 294
263 1
78 268
38 118
330 94
322 150
91 293
15 101
336 130
121 349
223 325
275 7
87 297
93 293
317 83
60 80
273 5
290 116
111 343
75 271
110 342
223 315
287 23
339 111
43 119
71 249
293 31
289 31
57 73
60 242
261 3
22 100
40 118
264 0
284 18
282 10
285 17
70 248
15 231
22 238
283 17
57 75
67 245
287 115
316 84
120 350
328 92
115 345
335 103
41 117
76 272
98 316
93 287
335 131
17 99
289 117
59 71
281 9
286 16
43 123
79 269
92 292
19 237
88 290
99 317
90 294
236 322
234 320
335 101
38 116
273 7
334 100
320 90
76 270
116 344
124 348
224 316
117 349
126 348
224 326
103 317
290 30
14 100
336 102
122 348
262 2
94 288
244 320
18 236
318 92
274 6
88 296
340 112
291 29
92 289
60 79
329 94
122 347
262 3
92 293
280 9
18 235
126 347
128 345
294 115
67 244
17 100
87 298
288 115
41 118
61 80
93 288
127 346
116 345
285 16
58 245
224 331
42 119
125 348
60 71
103 316
77 270
289 116
316 83
77 272
16 101
334 101
78 269
59 72
38 117
90 295
263 2
98 315
58 75
15 230
280 11
317 82
115 344
43 122
336 103
21 238
99 316
286 23
112 343
321 150
22 101
236 321
223 326
84 245
276 7
19 236
291 30
243 320
324 93
315 84
40 119
319 92
244 319
223 314
224 315
281 10
284 17
235 320
335 130
115 346
286 35
89 290
273 6
320 91
273 294
290 31
292 31
335 102
118 349
111 342
278 7
330 95
37 118
124 347
120 349
14 101
285 14
71 248
58 73
117 348
89 296
76 271
92 287
129 344
327 92
264 1
121 348
339 112
91 294
333 130
102 317
306 59
56 245
60 243
103 315
99 315
339 113
67 243
90 296
113 343
224 330
334 130
323 93
335 129
126 346
116 346
327 93
289 115
285 15
115 343
83 245
280 10
14 102
315 83
92 288
57 245
59 73
60 72
334 102
112 342
272 6
58 244
15 229
130 342
120 348
41 119
91 295
88 298
325 93
60 78
333 101
129 343
56 244
108 312
224 314
236 320
37 117
71 247
91 289
329 95
102 316
22 102
42 120
325 129
324 94
20 236
336 104
264 2
326 92
328 94
118 348
284 16
314 82
266 2
278 8
59 75
100 316
320 92
121 347
284 14
112 340
19 235
127 345
78 270
18 234
263 3
90 290
242 320
322 92
285 23
223 327
125 347
77 271
321 149
291 31
43 121
316 82
78 272
68 244
314 84
123 347
17 101
272 294
306 60
288 114
281 11
59 243
92 294
21 237
13 101
287 35
333 129
295 115
294 114
243 319
61 79
277 7
305 59
286 36
128 344
107 312
314 83
293 34
101 316
102 315
129 340
123 346
284 15
327 94
223 328
315 82
296 41
91 288
130 341
90 289
105 314
288 35
58 243
60 73
285 22
329 96
336 105
241 320
277 8
128 343
325 94
83 244
22 103
71 246
326 129
328 95
265 2
333 128
125 346
72 247
298 115
305 60
92 295
57 244
295 114
19 232
41 120
225 314
108 311
112 341
320 93
129 342
59 76
78 271
89 298
323 126
334 129
124 345
114 343
91 296
305 58
15 228
264 3
332 101
292 33
309 142
224 313
287 36
67 242
279 10
13 102
127 344
118 347
293 114
270 293
326 93
36 117
56 243
325 128
263 4
338 113
318 149
281 12
119 348
289 114
61 78
270 5
267 2
100 315
104 315
117 346
18 233
333 102
321 92
120 347
16 229
42 121
113 340
320 149
291 32
68 243
272 293
278 9
322 93
284 23
223 330
316 81
20 235
282 13
222 327
17 102
242 319
21 236
126 345
271 6
236 319
313 82
223 329
324 96
267 3
277 9
67 83
318 148
61 73
321 93
296 40
290 114
305 61
292 114
79 271
281 255
92 296
338 114
332 102
315 81
125 345
224 312
241 319
283 15
298 114
60 74
118 346
327 129
300 112
128 340
105 313
62 78
333 127
263 5
305 57
327 95
272 292
270 6
222 328
20 104
319 149
325 127
288 36
326 94
22 236
18 228
323 125
90 288
282 260
123 345
295 113
268 4
304 58
20 234
19 231
313 83
119 347
21 103
120 346
13 103
114 342
335 105
320 94
309 143
129 341
17 229
282 14
20 232
281 13
35 117
20 106
19 105
326 128
291 33
271 293
283 23
278 10
329 97
226 314
324 126
292 34
90 298
295 41
312 82
58 242
280 254
68 242
61 77
127 343
113 341
82 244
320 148
269 5
57 243
270 292
14 128
310 142
304 60
104 314
333 103
289 35
284 22
106 312
19 233
101 315
17 103
334 128
293 35
290 34
294 36
265 3
60 76
23 235
299 113
70 244
297 115
41 121
289 113
240 320
128 342
316 80
16 228
72 246
107 311
237 319
21 104
321 94
312 83
334 105
72 245
22 235
13 104
17 228
304 57
101 314
119 346
61 76
267 4
282 257
90 299
309 144
333 106
331 102
327 128
295 112
67 82
105 312
272 291
300 111
282 25
333 126
263 6
57 242
114 341
325 96
334 127
122 345
17 104
319 148
69 242
326 127
298 113
40 121
23 234
62 73
80 271
222 329
128 341
19 106
61 74
14 127
325 126
21 234
290 35
305 56
91 298
277 10
65 82
311 144
315 80
118 345
310 143
268 5
315 78
328 97
327 96
282 15
62 77
106 311
224 311
125 344
104 313
326 95
295 40
320 147
81 244
229 314
70 243
289 36
324 125
281 260
127 340
226 313
89 288
297 114
292 35
284 21
41 122
283 22
323 96
58 241
290 113
328 129
90 287
269 6
241 318
34 117
20 231
92 297
35 118
18 105
18 229
291 114
20 105
330 129
40 239
294 37
238 319
280 255
293 36
280 13
281 256
303 60
239 320
126 343
279 254
338 115
332 103
71 244
20 233
291 34
282 259
294 41
299 112
265 4
13 128
304 61
283 24
271 292
67 84
319 147
33 119
70 232
291 113
331 103
18 106
227 313
326 96
310 144
314 78
66 82
295 39
281 259
320 146
268 6
40 122
92 298
105 311
71 239
292 36
13 105
12 128
225 311
334 126
325 125
126 340
276 10
332 106
324 124
293 37
21 233
321 95
265 5
309 101
62 74
126 342
337 115
9 107
125 343
239 319
20 228
226 312
53 243
68 84
21 231
264 6
33 117
328 102
241 317
326 126
281 257
297 113
280 14
304 62
20 230
291 35
305 55
19 229
228 314
61 75
315 79
299 111
91 299
221 329
69 241
39 239
71 243
80 244
328 98
104 312
65 81
281 25
294 40
80 272
290 36
322 96
230 314
101 313
281 15
329 129
278 254
17 105
17 227
333 105
115 341
292 112
281 19
89 287
240 318
119 345
122 344
282 258
282 24
57 241
15 127
35 119
327 127
232 314
332 104
22 234
311 83
271 291
238 318
303 61
19 227
304 56
127 341
296 112
330 128
39 121
68 86
13 127
62 76
330 102
283 21
331 107
72 244
63 77
116 342
21 105
267 5
279 255
294 38
41 239
312 144
72 239
20 229
71 238
55 242
9 108
265 6
291 112
334 125
39 122
121 344
17 226
79 244
17 106
68 85
125 342
278 255
326 97
10 107
280 257
39 238
328 127
19 226
312 143
22 105
92 299
56 241
328 103
276 11
67 240
21 228
241 316
313 142
15 126
228 313
20 227
231 314
266 5
41 238
326 125
281 24
239 318
297 112
70 239
54 243
293 38
328 99
232 313
282 21
227 312
277 254
103 312
117 342
70 233
309 102
290 37
116 341
62 75
310 83
33 120
32 117
322 97
101 312
69 232
124 343
89 286
309 100
269 284
330 103
330 107
104 311
303 56
72 243
324 123
281 20
321 98
225 310
304 55
91 300
118 343
69 86
66 81
280 15
13 126
33 116
332 105
299 110
230 313
65 80
325 124
38 121
81 272
73 244
298 111
294 39
53 242
125 340
22 231
126 341
303 62
310 145
11 126
314 79
70 241
337 116
321 96
220 329
279 256
281 258
69 240
331 106
63 76
310 103
13 106
271 284
329 102
336 115
291 36
280 19
271 290
327 98
319 146
117 340
292 111
90 285
12 127
22 233
329 128
119 344
272 289
267 6
34 119
329 127
275 11
318 142
14 106
320 96
70 86
16 106
118 342
31 117
66 80
118 340
302 62
279 257
56 240
272 288
15 125
90 284
281 23
11 107
71 241
67 239
320 98
285 45
70 238
69 233
272 10
38 122
55 241
21 229
265 7
89 285
34 120
120 344
325 123
81 273
68 240
303 55
23 105
336 116
228 312
334 124
11 125
63 75
241 315
70 234
54 242
23 231
291 37
327 99
305 83
227 311
125 341
18 226
270 284
280 16
73 243
240 316
326 124
232 312
103 311
226 310
119 343
71 237
298 110
309 83
314 142
312 98
292 38
39 237
291 111
82 274
9 109
43 237
297 111
239 317
326 98
73 239
310 146
17 225
79 243
329 103
313 143
280 20
32 116
277 255
293 39
92 300
42 238
310 100
310 102
310 104
331 105
269 285
91 301
12 126
271 289
303 63
330 104
22 232
266 6
220 328
69 85
231 313
303 81
271 285
287 41
313 79
321 97
268 284
39 123
124 342
281 21
278 18
102 312
21 227
330 106
117 341
318 146
290 38
22 230
280 258
72 242
279 16
78 243
292 39
71 236
336 117
330 105
239 316
281 22
68 239
67 238
304 81
38 123
313 98
318 143
23 226
231 312
311 146
287 42
72 241
56 239
320 97
303 64
271 286
326 99
326 123
299 62
227 310
334 123
102 311
274 11
272 11
55 240
74 243
303 54
318 145
220 327
267 284
273 10
314 143
23 106
17 224
277 18
285 44
73 242
34 121
64 75
92 301
10 109
270 285
275 12
302 63
308 83
37 122
278 257
124 341
325 98
19 224
42 237
302 55
305 82
14 125
70 85
12 107
15 106
36 121
31 116
280 21
311 104
291 38
66 71
317 142
291 110
43 236
297 110
66 79
311 102
54 241
89 284
88 285
12 125
288 41
277 256
265 8
83 274
329 126
306 69
82 273
118 341
23 224
278 17
18 225
23 232
312 79
271 288
120 343
228 311
300 63
303 80
327 100
312 99
311 100
73 240
266 7
39 236
69 234
286 45
306 83
279 258
22 227
22 229
76 243
278 15
319 96
91 302
290 111
329 104
70 237
30 117
276 255
240 315
70 235
271 13
56 238
312 146
76 242
11 109
65 75
12 124
11 123
35 121
267 285
278 16
297 109
301 63
30 116
319 97
292 40
302 54
73 241
25 107
92 302
70 236
305 69
287 45
68 238
69 235
14 124
270 288
18 224
303 65
277 15
315 143
55 239
231 311
277 17
219 327
102 310
54 240
304 80
271 287
333 123
313 99
276 256
274 12
305 81
74 242
83 273
66 78
287 43
300 64
307 83
24 224
266 8
273 11
23 225
65 73
43 235
288 42
36 122
240 314
308 82
67 71
12 108
93 301
75 243
228 310
120 342
301 55
327 123
311 101
23 107
24 232
329 105
318 144
286 44
15 107
306 70
277 257
69 237
23 227
326 122
275 13
280 22
38 124
78 242
70 84
311 147
326 100
119 341
317 143
311 79
39 235
330 126
290 110
311 105
299 63
84 274
270 286
315 97
88 284
123 341
278 258
68 70
23 229
227 309
325 99
303 53
299 61
316 96
277 23
19 223
239 315
336 118
291 39
42 236
25 223
66 72
211 340
24 227
68 71
25 232
239 314
66 73
300 55
14 123
310 71
326 121
41 236
299 56
68 235
314 99
12 109
296 109
11 122
40 235
55 238
317 96
93 302
291 40
29 116
88 283
309 70
306 81
273 12
86 271
316 143
302 65
324 101
18 223
304 69
315 98
298 61
84 273
24 225
39 234
318 97
313 100
65 74
275 256
102 309
307 82
228 309
77 242
298 63
25 224
328 105
23 108
276 15
19 222
42 235
311 78
317 144
26 223
25 108
312 147
71 78
307 70
12 123
288 43
15 108
332 123
70 83
13 108
35 122
289 42
120 341
267 286
335 118
279 22
302 53
237 312
123 340
69 236
278 23
230 311
23 228
274 13
74 241
304 65
330 125
305 80
75 242
270 287
218 327
312 105
272 13
36 123
66 77
54 239
277 16
70 79
101 310
69 70
312 101
301 64
325 100
287 44
316 97
266 9
328 123
277 258
37 124
24 107
296 107
93 304
271 14
68 237
277 24
288 45
290 109
328 122
25 225
70 82
77 241
14 108
230 310
70 80
308 80
70 78
299 55
291 41
306 80
276 24
310 72
327 105
317 97
239 313
334 118
28 116
274 14
269 287
75 241
315 99
123 339
290 108
296 108
237 311
35 123
330 124
211 339
275 257
311 77
94 304
304 66
277 25
301 53
212 340
327 121
90 282
297 61
218 328
215 335
307 81
26 224
71 77
238 312
26 232
18 222
295 107
13 109
68 236
313 105
93 303
87 271
309 71
218 330
24 228
86 272
297 63
276 16
324 102
98 310
12 122
207 341
279 23
41 235
228 308
40 234
312 148
71 79
310 78
313 101
13 123
68 72
54 238
67 73
66 74
36 124
267 9
229 309
39 233
290 42
295 109
14 122
288 44
213 339
272 14
275 259
275 17
70 70
314 100
101 309
120 340
11 121
24 108
273 13
218 332
315 145
298 56
331 123
316 144
85 273
325 101
66 76
304 68
275 15
316 98
25 231
301 65
278 24
55 237
268 286
308 70
276 258
318 98
88 282
314 105
313 104
299 52
276 25
217 332
212 339
28 115
10 119
316 145
289 44
313 102
40 233
98 303
295 108
101 308
70 81
35 124
75 240
278 25
304 67
275 16
88 281
325 102
275 258
291 42
14 109
226 307
279 24
230 309
36 125
315 146
27 224
97 306
26 231
326 105
275 260
24 109
315 100
94 303
71 80
70 71
97 304
309 78
87 272
206 1
301 66
100 309
89 282
214 335
17 222
206 339
99 310
25 226
273 14
12 121
68 77
334 119
239 312
213 338
309 72
53 238
307 80
66 237
330 123
13 122
214 337
289 108
327 104
317 98
26 227
229 308
218 331
237 310
268 287
68 73
314 101
203 8
16 221
208 341
300 51
308 71
69 78
25 228
308 79
55 236
67 74
218 329
297 62
296 61
290 43
207 340
328 121
77 240
274 17
90 281
86 273
41 234
120 339
300 53
98 309
298 55
67 76
290 107
267 10
331 122
313 148
215 336
123 338
67 236
231 308
70 77
310 77
279 25
240 312
65 237
230 308
229 307
97 305
16 220
316 146
296 62
208 340
294 108
330 122
314 102
36 126
214 336
203 7
88 272
98 302
278 26
206 338
298 54
69 77
88 280
89 281
314 104
238 310
95 303
207 339
11 119
123 337
308 72
309 77
100 308
97 307
316 100
299 53
206 2
326 104
300 66
273 15
80 218
231 307
76 240
314 148
68 76
239 311
329 121
206 0
26 226
24 110
318 100
70 72
73 83
273 263
217 329
26 228
27 227
66 236
41 233
317 99
98 308
273 23
99 309
290 44
291 43
275 25
68 74
313 149
308 78
274 16
12 120
268 288
14 110
26 230
72 82
217 331
53 237
300 50
69 73
212 338
295 63
71 81
276 26
274 258
54 236
307 79
40 232
289 107
299 51
35 125
267 11
280 26
90 280
77 239
98 304
288 108
204 8
237 309
96 304
207 1
333 119
10 118
28 114
275 261
120 338
86 274
25 229
303 67
227 307
306 78
226 306
292 108
97 303
17 221
13 121
325 103
28 224
213 337
231 306
98 305
208 339
332 117
273 16
298 53
332 119
77 238
46 233
87 274
73 82
212 337
302 67
274 261
267 288
239 310
27 226
230 307
294 63
229 306
64 237
299 50
69 74
266 11
295 62
314 149
308 73
272 17
17 220
292 107
279 26
52 237
280 27
205 2
273 262
74 83
68 75
25 112
237 308
27 228
315 102
273 22
299 66
331 116
21 110
14 111
69 76
240 311
22 111
79 218
275 26
27 114
88 273
278 27
316 147
123 336
272 263
224 303
32 125
325 104
306 77
122 337
120 337
76 239
315 104
41 232
29 224
216 331
272 23
98 307
273 258
227 306
225 304
290 45
288 107
13 120
53 236
330 121
205 8
19 220
285 30
213 336
216 329
204 3
241 312
35 126
287 108
23 110
238 309
307 78
70 73
329 120
12 119
11 118
314 103
286 107
96 303
97 302
206 337
42 233
88 279
89 280
26 229
315 148
233 304
318 101
66 235
72 81
99 308
317 100
95 302
203 6
207 0
226 305
291 44
293 108
65 236
81 218
204 7
34 125
308 77
297 54
307 72
99 305
25 113
305 71
266 12
69 75
307 73
23 111
33 125
28 226
266 288
79 219
302 72
19 219
205 3
272 22
272 16
287 107
225 303
207 337
307 77
14 120
273 21
210 338
293 61
298 66
212 336
331 117
226 304
302 68
285 31
45 233
12 118
316 148
78 222
26 114
99 307
216 330
227 305
204 6
21 111
96 302
292 106
273 259
74 82
299 49
65 235
46 232
293 107
123 335
70 74
273 261
294 62
122 336
317 101
232 304
291 45
292 44
284 30
29 225
24 112
230 306
332 118
315 103
215 331
82 218
271 263
17 219
120 336
205 7
315 149
231 305
285 107
76 238
331 119
32 126
330 116
209 339
83 219
88 274
318 102
81 219
88 278
20 110
297 53
14 112
286 106
89 279
215 329
224 302
28 230
239 309
208 0
53 235
73 81
237 307
43 233
64 236
18 220
208 338
241 311
211 337
236 306
330 120
274 26
279 27
233 303
324 104
308 76
21 217
13 119
204 4
34 126
52 236
272 18
42 232
206 8
27 229
89 273
35 127
78 221
324 105
272 259
224 301
270 263
266 287
305 72
21 114
316 103
298 67
323 104
330 119
304 71
206 7
76 237
81 220
269 264
226 303
284 31
231 304
239 308
29 230
215 330
273 260
232 303
14 119
303 72
273 20
44 233
78 219
267 264
120 335
298 49
66 233
96 301
45 232
73 80
52 235
22 113
306 73
330 117
90 273
20 217
317 102
82 219
212 335
293 62
74 81
21 216
29 226
71 74
301 68
237 306
286 105
236 305
266 13
25 114
272 19
318 103
64 235
33 126
28 229
88 275
292 45
315 150
83 220
destination
