map
random512-40-8.map
pivot
160 145
agent & start
130 423
20 369
139 428
142 425
97 366
132 427
140 427
97 368
33 364
21 368
108 415
94 371
46 363
95 370
32 365
118 427
119 426
44 363
141 426
138 428
44 362
140 426
21 367
94 372
95 371
49 359
119 425
97 369
95 373
32 364
45 363
98 366
131 423
20 368
48 358
109 415
108 414
130 426
117 427
142 424
131 427
46 362
96 373
119 424
138 427
96 371
30 363
109 418
99 366
141 424
142 423
97 370
20 367
108 413
48 359
117 426
32 363
115 426
46 361
109 416
140 425
49 358
131 426
130 425
132 423
131 424
100 367
109 414
95 372
45 362
101 367
49 357
118 424
139 425
132 424
97 373
96 372
109 413
133 423
28 360
30 362
31 363
20 366
109 417
109 419
115 425
137 427
100 366
45 361
141 423
131 425
47 359
98 370
110 416
97 371
142 420
116 426
116 425
139 424
30 361
110 417
27 360
98 373
140 423
29 360
41 358
46 359
97 372
98 371
49 356
31 362
101 366
110 419
133 424
142 419
136 427
109 412
137 426
20 365
132 425
117 424
45 360
28 361
138 425
141 420
112 410
48 356
102 366
110 412
138 424
142 418
137 425
45 359
116 424
135 427
31 361
100 374
111 417
98 372
117 409
42 358
133 425
30 358
139 423
111 419
30 360
136 426
41 357
20 364
27 361
141 421
49 355
27 362
112 411
116 409
111 418
117 410
114 409
48 355
134 425
135 426
20 363
140 421
99 372
139 422
30 359
49 354
103 366
138 423
111 412
31 358
101 374
116 423
136 425
44 359
32 361
100 373
42 357
141 418
43 358
113 410
49 353
138 422
32 360
139 417
113 419
111 413
114 410
112 418
113 411
115 409
26 362
112 412
135 425
103 367
139 421
116 422
31 359
42 356
43 357
101 373
21 363
100 372
32 358
44 358
27 363
47 355
116 410
140 418
104 366
44 357
48 353
135 424
116 421
105 366
139 418
26 363
137 422
43 356
102 373
45 356
101 372
32 359
33 358
47 354
22 363
113 412
102 371
103 368
115 410
104 367
114 411
138 417
113 418
136 423
111 414
139 420
114 419
113 413
44 356
136 422
106 366
103 369
115 411
112 414
23 363
135 423
117 421
139 419
25 363
105 367
138 420
33 359
47 353
46 354
110 366
103 371
114 418
45 355
104 368
22 362
114 412
102 372
138 418
33 357
103 370
117 412
138 419
107 366
110 367
135 422
128 415
104 369
115 412
45 354
44 355
106 367
105 368
24 363
103 372
46 353
109 366
33 356
114 417
118 421
113 414
114 413
22 361
23 362
34 359
130 413
117 419
135 421
44 352
25 361
136 420
118 420
32 356
45 353
107 367
105 369
127 415
128 414
116 412
35 359
23 361
104 372
109 367
24 362
137 419
115 413
114 414
117 413
129 413
115 417
104 370
44 354
130 412
35 358
44 353
32 355
117 418
129 412
109 368
116 417
36 359
45 352
135 420
108 367
119 420
46 347
25 360
127 414
47 348
136 419
128 413
116 413
104 373
118 419
105 370
126 415
24 361
115 414
121 419
116 416
105 371
135 419
108 368
46 350
119 419
106 370
46 348
105 373
47 349
25 359
45 347
125 415
109 369
116 414
36 358
117 417
45 351
31 355
127 413
128 412
43 353
24 360
45 348
120 419
46 349
107 370
110 369
38 355
106 373
121 418
127 412
45 350
30 355
118 417
108 369
119 418
42 353
126 413
106 371
132 419
36 357
116 415
125 414
24 359
134 419
109 370
126 412
45 349
132 418
124 414
42 352
107 371
38 354
133 419
110 370
106 372
117 415
120 418
37 355
118 416
108 370
109 371
121 417
29 353
125 413
36 356
24 358
44 350
30 354
44 349
126 411
133 418
108 371
29 352
24 357
107 372
38 353
43 350
113 372
36 355
110 371
120 417
118 415
119 416
124 413
41 352
114 373
132 417
125 412
30 353
132 416
23 357
119 415
36 354
42 350
120 416
37 353
113 373
108 372
133 417
25 355
43 349
122 414
123 413
29 351
121 415
30 352
111 371
112 372
114 374
125 411
41 351
124 412
123 412
111 372
41 350
134 417
133 416
31 352
121 414
23 356
25 354
132 415
122 413
124 411
134 413
113 374
24 355
108 373
42 349
40 351
43 348
30 351
37 352
119 414
120 415
35 354
36 352
34 354
109 373
134 416
123 411
43 347
124 410
112 374
135 417
31 351
122 412
16 354
26 352
134 414
26 350
25 353
111 373
40 350
destination
