map
random512-20-4.map
pivot
446 7
agent & start
119 480
136 497
72 433
91 452
103 464
12 373
102 463
58 419
127 488
5 366
50 407
139 500
133 494
80 441
123 484
34 395
53 414
76 437
82 443
31 392
78 439
142 501
97 456
55 416
52 413
28 389
108 469
143 504
64 425
124 485
90 451
25 386
81 442
19 380
121 482
33 394
14 375
134 495
120 481
106 467
107 468
36 397
109 470
56 417
40 401
149 510
93 454
61 422
15 376
129 490
41 402
141 502
117 478
46 407
88 449
150 511
51 412
38 397
125 486
49 410
110 471
48 409
45 406
113 474
130 491
128 489
2 363
138 499
142 503
16 377
77 438
118 479
22 383
71 432
60 421
57 418
24 385
73 434
112 473
137 498
49 408
100 461
27 388
20 381
18 379
111 472
9 370
145 506
141 500
79 440
144 505
44 405
29 390
68 429
59 420
68 427
148 509
87 448
104 465
67 428
3 364
39 400
131 492
50 411
96 457
62 423
94 455
30 391
74 435
83 444
12 371
126 487
101 462
92 453
132 493
10 371
98 459
122 483
66 427
97 458
54 415
8 369
75 435
25 385
142 502
67 427
10 370
120 480
58 418
135 495
34 394
46 406
121 481
119 479
111 471
97 457
71 431
83 443
93 453
149 509
41 401
132 492
40 400
28 388
14 374
47 407
94 454
87 447
90 450
74 434
128 488
33 389
122 482
125 485
55 415
79 439
36 396
68 428
42 402
62 422
20 380
107 467
105 465
12 372
24 384
13 373
124 484
77 437
52 412
144 504
44 404
99 459
101 461
118 478
54 414
145 503
37 397
19 379
133 493
49 407
4 364
150 510
30 390
139 499
69 429
50 410
73 433
49 409
109 469
137 497
89 449
72 432
21 381
50 408
60 420
127 487
112 472
32 392
131 491
17 377
32 390
3 363
130 490
56 416
136 496
53 413
126 486
5 365
80 440
123 483
18 378
78 438
138 498
11 371
26 386
117 477
9 369
76 436
23 383
15 375
146 506
38 396
81 441
45 405
113 473
48 408
102 462
104 464
110 470
103 463
106 466
92 452
140 500
69 427
61 421
65 425
110 469
99 458
24 383
105 464
82 441
117 476
152 511
102 461
20 379
130 489
53 412
61 420
98 457
78 437
23 382
138 497
57 416
29 388
71 430
54 413
89 448
41 400
32 389
62 421
9 368
94 453
69 428
70 429
45 404
67 426
13 372
112 471
47 406
119 478
16 375
143 502
56 415
87 446
26 385
115 474
124 483
19 378
31 390
122 481
113 472
150 509
146 505
2 359
4 363
30 389
125 484
43 402
145 504
5 364
48 407
111 470
133 492
107 466
72 431
151 510
58 417
108 467
81 440
118 477
101 460
135 494
139 498
73 432
37 396
7 366
50 409
84 443
136 495
140 499
27 386
144 503
132 491
42 401
25 384
17 376
83 442
10 369
128 487
75 434
126 485
32 391
103 462
76 435
11 370
104 463
73 430
56 413
106 465
93 452
121 480
79 438
21 380
123 482
46 405
36 395
148 507
100 459
3 362
33 392
33 390
18 377
15 374
90 449
34 393
6 365
28 387
91 450
66 425
88 447
123 481
14 372
90 448
56 414
130 488
11 369
131 489
152 510
8 366
144 502
62 420
92 450
44 402
79 437
85 443
103 461
149 507
116 474
25 383
95 453
84 442
101 459
113 471
126 484
93 451
132 490
9 367
140 498
82 440
151 509
3 359
65 423
136 494
81 439
10 368
16 374
94 452
128 486
76 434
133 491
41 399
148 504
71 429
115 473
117 475
70 428
26 384
7 365
112 470
18 376
33 391
3 361
73 431
146 504
107 465
148 506
72 430
47 405
51 409
46 404
27 385
22 380
43 401
42 400
127 485
108 466
118 476
21 379
121 477
120 478
48 406
124 482
67 425
119 477
37 395
89 447
129 487
102 460
104 462
42 398
24 382
15 373
2 358
74 432
19 377
55 413
57 415
137 495
34 390
121 479
83 441
77 435
139 497
135 493
29 387
53 411
99 457
105 463
4 362
30 388
153 511
34 392
1 357
114 472
111 469
23 381
5 363
138 496
31 389
17 375
66 424
87 445
58 416
122 480
6 363
122 479
7 364
95 452
141 498
131 488
135 492
27 384
14 371
132 489
19 376
52 409
114 471
29 386
120 477
37 394
21 378
94 451
34 391
43 400
119 476
123 480
86 443
85 442
117 474
22 379
83 440
116 473
76 433
80 437
101 458
107 464
8 363
137 494
100 457
148 505
destination
