map
random512-35-3.map
pivot
362 84
agent & start
2 464
17 467
43 495
17 465
25 469
1 463
4 466
30 490
61 509
42 494
21 475
5 467
65 505
20 470
25 471
22 474
60 508
23 469
41 493
65 507
23 481
51 507
24 470
22 470
62 480
17 463
63 509
29 489
57 511
24 481
56 511
61 480
25 470
30 489
64 507
65 506
5 466
26 469
43 494
21 470
52 507
58 511
18 463
63 508
42 493
64 505
59 510
2 463
1 462
22 475
22 469
60 509
6 465
20 469
4 465
17 466
62 481
29 488
58 510
56 510
22 468
6 464
26 470
30 488
1 461
63 505
35 467
18 466
29 469
24 480
4 464
63 507
25 481
43 493
52 506
22 476
42 492
54 508
64 506
3 463
61 481
55 509
59 509
21 469
5 465
27 469
18 462
29 487
44 494
4 463
21 468
34 467
19 462
43 492
58 509
1 460
24 479
23 476
52 505
30 487
62 505
63 486
29 470
5 464
55 508
56 509
25 480
2 461
27 470
3 462
60 481
63 506
20 467
61 482
54 507
53 506
44 493
19 466
46 491
31 488
35 466
30 469
6 463
4 462
29 471
5 463
46 490
30 486
28 466
20 462
57 509
24 478
55 507
2 460
62 486
47 487
45 491
62 488
32 468
20 466
31 487
26 472
21 467
25 479
62 506
61 483
28 470
33 467
3 461
59 481
63 487
44 492
27 471
31 469
58 508
23 477
53 505
34 466
34 468
30 485
27 472
21 462
62 485
31 468
57 508
46 487
34 469
29 484
25 478
62 487
54 505
60 483
46 489
33 466
56 507
31 486
44 491
26 473
21 466
33 468
28 465
30 467
58 507
59 482
34 489
61 506
55 506
36 489
33 488
5 462
24 477
3 460
61 484
29 466
61 488
28 471
47 488
21 463
4 460
30 484
33 487
61 489
34 470
39 491
29 483
34 488
31 467
60 506
59 483
3 459
30 466
55 505
32 486
28 472
46 488
25 477
45 487
61 485
5 461
44 490
22 466
27 473
60 486
51 489
33 469
35 489
61 487
38 490
29 465
31 485
60 488
58 506
32 466
36 488
57 507
30 483
45 488
5 460
51 490
34 471
61 504
59 484
52 489
59 506
40 491
44 489
38 489
32 485
23 466
60 485
60 487
3 458
31 484
4 459
21 464
22 465
56 505
39 490
59 488
34 487
60 489
33 486
27 474
33 470
25 476
55 504
30 465
57 506
35 488
28 473
31 466
43 490
26 476
60 504
52 502
59 487
33 471
59 485
40 490
28 480
35 473
59 505
35 487
55 503
32 444
24 466
41 491
44 488
59 489
31 483
61 501
27 477
35 475
39 489
42 490
31 465
28 474
51 491
61 503
30 464
56 504
22 464
23 465
4 458
52 490
57 505
28 478
33 485
32 484
5 459
6 459
43 488
28 475
59 490
60 501
59 504
89 506
27 476
58 487
35 486
42 489
55 502
25 466
34 473
31 444
53 490
58 489
23 464
51 492
33 484
60 503
61 502
53 502
52 501
29 474
41 490
51 498
35 474
28 479
39 488
32 445
57 488
58 485
34 475
32 483
29 480
31 464
33 472
28 477
57 504
54 489
34 485
5 458
35 485
58 486
33 483
30 480
53 493
34 484
19 457
41 489
59 501
51 493
55 489
26 464
58 490
29 477
31 445
29 475
59 503
32 482
5 457
52 498
23 449
25 465
32 464
89 505
28 476
31 473
6 458
56 488
29 479
33 473
88 506
34 474
58 504
24 464
32 472
40 488
54 490
39 487
54 502
42 488
52 492
53 501
51 499
31 443
60 502
57 487
33 482
20 457
30 445
57 486
30 479
21 460
40 487
17 456
31 480
59 502
30 441
58 503
88 505
7 458
55 490
29 476
6 457
52 493
23 450
83 508
32 463
34 483
36 485
26 463
5 456
31 474
42 487
19 458
53 492
32 473
33 474
53 500
10 459
25 464
41 488
30 477
89 504
54 491
51 494
53 498
19 454
23 448
54 501
56 487
30 475
20 459
57 490
31 442
87 506
52 499
8 458
22 460
10 458
35 483
30 440
24 448
21 451
26 462
87 505
57 491
27 447
55 487
31 435
5 455
83 509
7 457
29 445
9 459
41 487
34 482
21 459
17 455
28 446
32 462
54 492
31 441
30 478
20 458
16 456
88 504
56 486
52 494
32 440
56 490
82 510
25 463
84 508
53 499
23 451
52 496
27 461
54 500
86 506
30 442
30 476
32 474
53 497
19 453
54 498
31 475
31 479
36 484
18 454
58 502
56 485
37 484
52 495
17 454
31 440
21 458
56 491
7 454
32 439
41 486
24 447
31 478
55 492
20 453
31 436
6 455
22 451
15 456
53 496
18 453
32 479
28 445
21 452
29 444
9 458
81 510
82 509
25 462
55 486
30 435
28 461
85 506
23 460
35 482
57 502
24 461
29 442
26 461
87 504
26 447
86 505
84 507
32 461
32 475
42 485
54 499
27 446
7 456
31 476
42 484
54 486
15 455
81 509
28 460
6 454
84 506
24 446
22 452
31 439
7 455
26 446
9 457
55 499
21 453
29 443
56 492
32 476
55 485
53 495
32 460
35 481
24 460
17 453
27 445
56 484
8 456
28 444
29 435
85 505
57 501
41 485
37 483
38 484
32 478
37 481
16 454
25 461
30 436
86 504
22 458
54 496
23 459
28 443
37 482
39 484
40 485
41 484
36 481
85 504
23 458
56 499
16 453
22 453
57 500
82 507
55 496
24 459
54 485
30 437
54 495
14 453
56 493
86 503
27 444
26 445
83 506
35 480
33 460
33 478
32 477
21 454
28 435
81 508
15 454
55 494
55 484
25 460
9 456
6 453
8 455
31 438
28 459
23 446
40 484
28 436
23 445
26 444
56 494
82 506
34 478
54 484
30 438
24 458
38 482
36 480
56 498
6 452
57 499
22 454
33 459
28 458
53 485
9 455
57 493
33 477
29 437
27 459
16 452
27 443
53 483
58 500
55 495
25 459
13 455
85 503
83 505
81 507
21 455
15 453
14 454
21 446
33 458
40 483
29 458
84 503
26 441
27 442
23 456
26 443
23 444
36 479
27 436
56 495
22 455
82 505
80 507
35 478
57 494
22 445
29 438
57 498
13 454
52 485
9 454
15 452
39 482
27 458
7 452
6 451
34 477
58 499
52 483
81 506
12 455
53 484
25 458
24 457
16 451
85 502
9 453
22 444
30 458
58 498
26 458
24 456
52 484
57 497
40 482
84 502
23 455
16 450
26 436
7 451
12 454
26 442
85 501
25 441
25 443
20 446
27 437
81 505
35 477
36 478
8 452
57 495
59 499
83 499
39 481
28 438
32 458
21 447
51 485
15 451
80 506
25 457
83 503
24 444
41 481
12 453
40 481
83 500
79 506
58 495
20 445
24 443
8 451
84 501
13 452
19 448
25 454
58 497
19 446
83 502
59 498
41 482
24 455
20 447
25 442
9 452
46 485
31 458
36 477
15 450
57 496
81 504
51 484
21 444
14 451
27 438
26 437
26 457
82 499
31 457
26 438
46 484
43 483
82 500
18 446
12 452
83 501
25 437
62 500
63 501
14 450
25 453
36 476
13 451
59 497
81 503
19 445
18 448
19 447
25 455
37 477
50 484
9 451
40 480
20 444
26 456
24 442
47 485
80 504
78 506
42 482
58 496
15 449
26 455
63 500
59 496
82 501
13 450
18 447
10 451
31 456
43 482
12 451
48 485
80 503
25 452
37 476
62 499
77 506
50 483
19 444
3 448
6 449
1 446
14 449
24 437
9 450
40 479
25 438
65 500
79 504
45 482
44 483
78 505
23 442
64 501
46 483
27 456
1 445
11 451
26 452
23 437
6 448
60 496
79 503
30 456
48 484
50 482
44 482
63 499
2 446
13 449
66 500
40 478
81 501
14 448
77 505
10 450
23 441
78 504
2 444
18 444
47 483
3 447
7 449
62 494
80 502
27 455
46 482
12 450
38 476
64 500
4 448
45 481
24 438
17 447
62 495
41 478
63 494
29 456
39 476
64 499
1 444
28 455
12 449
4 447
26 451
11 450
80 501
17 444
66 499
14 447
7 448
10 449
63 498
46 481
67 500
8 449
44 481
77 504
48 483
47 482
5 448
2 443
61 496
18 443
16 447
43 480
23 440
22 441
79 502
23 438
50 481
42 479
62 493
3 446
28 454
46 480
63 493
62 496
18 442
5 447
22 440
68 500
79 501
7 447
48 482
40 476
64 498
41 477
27 451
76 504
29 455
63 497
23 439
15 447
43 479
69 499
0 442
50 480
1 443
8 448
12 448
16 446
66 498
11 449
3 445
4 446
42 478
77 503
17 445
49 481
67 499
44 480
47 481
13 447
11 448
49 480
79 500
0 441
12 445
28 451
8 447
43 478
41 476
44 479
16 445
28 453
69 500
48 481
22 439
15 446
67 498
4 445
68 499
77 502
5 446
63 496
64 491
29 454
69 498
9 448
64 497
64 493
destination
