map
random512-35-3.map
pivot
362 84
agent & start
2 464
42 494
24 470
23 481
43 495
57 511
62 480
17 465
41 493
25 469
4 466
22 474
25 471
61 509
23 469
5 467
20 470
65 505
63 509
21 475
1 463
17 463
65 507
22 470
60 508
17 467
29 489
51 507
30 490
22 469
5 466
56 511
61 480
29 488
18 463
4 465
2 463
6 465
59 510
63 508
30 489
64 505
52 507
60 509
58 511
25 470
62 481
26 469
17 466
22 475
21 470
20 469
64 507
65 506
42 493
24 481
1 462
43 494
56 510
63 507
18 462
30 488
1 461
58 510
35 467
25 481
42 492
18 466
27 469
61 481
29 469
64 506
59 509
5 465
21 469
55 509
52 506
4 464
44 494
24 480
63 505
22 476
29 487
6 464
3 463
22 468
43 493
54 508
26 470
43 492
52 505
21 468
5 464
3 462
30 469
35 466
55 508
24 479
58 509
2 461
29 470
61 482
4 463
60 481
34 467
19 466
56 509
20 467
62 505
25 480
46 491
63 506
27 470
23 476
30 487
63 486
19 462
6 463
31 488
44 493
54 507
53 506
1 460
26 472
24 478
5 463
31 487
3 461
23 477
33 467
28 470
45 491
47 487
53 505
62 488
25 479
21 467
44 492
63 487
59 481
20 466
34 468
46 490
62 506
62 486
31 469
58 508
57 509
28 466
2 460
30 486
29 471
34 466
27 471
55 507
61 483
20 462
4 462
32 468
36 489
62 485
21 462
24 477
34 489
47 488
44 491
25 478
62 487
5 462
29 484
33 466
56 507
55 506
30 485
33 488
26 473
54 505
33 468
61 488
3 460
46 487
60 483
61 484
31 468
28 471
29 466
21 466
31 486
59 482
34 469
61 506
58 507
30 467
28 465
27 472
46 489
57 508
39 491
61 485
35 489
destination
