map
random512-40-7.map
pivot
260 88
agent & start
490 243
489 243
490 244
488 243
489 244
488 244
486 244
490 247
487 244
489 246
486 245
491 248
488 245
489 247
489 249
486 246
487 245
488 250
490 248
488 246
492 248
489 250
488 247
487 250
489 248
492 249
487 246
487 249
492 250
489 251
488 248
487 247
490 250
491 250
486 249
492 251
490 251
489 252
487 248
498 224
510 222
508 222
486 248
491 251
490 252
485 247
485 248
507 222
499 224
490 253
506 223
498 223
508 221
484 247
491 252
509 222
510 223
483 247
491 253
509 223
498 222
499 223
490 254
484 248
506 222
507 221
505 223
507 219
500 223
506 219
498 221
491 254
509 224
507 218
481 248
505 222
499 222
483 246
506 221
483 244
508 215
483 248
507 220
508 213
505 212
507 217
491 255
482 244
508 216
505 213
509 225
481 247
483 245
507 213
482 248
501 223
506 212
508 214
499 221
506 220
505 219
483 249
505 221
482 246
510 226
506 217
446 263
500 221
509 226
483 250
510 227
507 214
501 222
482 245
481 246
447 264
505 220
492 255
505 218
507 216
506 213
482 249
448 264
483 251
482 250
506 214
504 220
445 263
481 245
483 253
503 221
505 217
506 216
500 220
479 243
502 222
493 255
509 227
501 221
447 263
493 254
446 259
479 244
478 243
482 251
506 215
482 253
509 228
501 220
448 263
480 245
483 252
505 216
508 227
447 262
446 261
509 244
503 220
445 262
503 222
494 254
503 219
509 245
447 261
508 244
507 227
450 264
502 220
478 244
446 260
445 259
508 228
505 215
482 252
445 261
449 263
508 242
504 216
479 245
503 223
450 263
508 243
503 224
444 261
445 260
448 261
507 228
494 253
481 252
507 242
504 225
479 246
478 245
502 219
506 227
504 215
449 260
451 264
509 246
507 229
destination
