map
random512-40-7.map
pivot
260 88
agent & start
490 243
490 244
489 243
488 243
489 244
486 244
488 244
488 245
486 245
487 244
490 247
489 246
491 248
488 250
490 248
489 249
489 247
488 246
492 248
487 245
486 246
489 250
488 247
487 250
492 249
487 246
489 248
487 249
490 250
487 247
488 248
489 251
492 250
491 250
492 251
486 249
490 251
487 248
489 252
498 224
508 222
490 252
491 251
486 248
485 247
510 222
506 223
507 222
490 253
491 252
499 224
510 223
509 222
498 223
485 248
484 247
508 221
506 222
507 219
499 223
490 254
491 253
498 222
483 247
509 223
505 223
484 248
507 221
505 222
506 219
483 246
508 215
507 220
491 254
505 212
509 224
507 218
498 221
483 244
481 248
506 221
500 223
483 248
499 222
508 213
505 213
509 225
505 221
491 255
508 216
506 212
482 246
483 249
505 219
508 214
507 217
483 245
506 220
507 213
499 221
482 244
482 248
510 226
481 247
501 223
482 249
505 218
501 222
509 226
500 221
505 220
507 214
481 246
506 213
446 263
506 217
492 255
507 216
510 227
447 264
482 245
483 250
501 221
505 217
502 222
481 245
445 263
482 250
506 214
509 227
493 255
448 264
503 221
483 251
447 263
483 253
506 216
500 220
504 220
479 243
482 251
445 262
448 263
505 216
447 262
478 243
508 227
479 244
506 215
503 220
483 252
503 222
501 220
480 245
509 228
493 254
509 244
446 261
482 253
446 259
508 244
450 264
508 228
494 254
503 219
504 216
445 261
502 220
447 261
445 259
449 263
478 244
507 227
508 242
479 245
505 215
446 260
509 245
482 252
503 223
502 219
478 245
506 227
507 228
450 263
449 260
503 224
508 243
504 215
479 246
481 252
444 261
445 260
494 253
451 264
504 225
507 242
509 246
448 261
452 264
507 229
495 253
443 259
444 260
450 260
503 215
502 218
503 225
478 246
449 261
506 242
450 262
507 243
508 246
504 226
506 228
480 252
450 261
480 251
453 264
507 246
502 215
442 259
505 228
506 243
443 260
502 217
478 247
501 218
495 252
477 246
506 229
503 226
506 244
453 263
474 248
439 261
480 250
506 246
501 217
502 214
441 261
477 247
505 229
503 227
504 228
495 251
479 249
507 245
442 260
476 246
451 261
504 247
478 249
440 261
503 228
502 227
474 249
501 214
475 248
441 260
479 250
506 245
495 250
452 261
501 216
504 229
439 260
505 246
477 248
503 248
453 262
500 217
476 247
500 214
496 250
501 213
474 250
452 260
499 215
500 216
499 217
440 260
502 248
499 249
456 260
476 248
505 245
455 261
451 259
504 246
453 261
503 247
439 259
504 230
502 228
478 250
440 259
452 259
451 258
475 250
504 245
496 249
498 249
477 250
497 250
503 246
450 257
455 260
501 248
500 213
503 230
498 217
502 229
499 216
476 249
499 214
499 248
454 261
456 259
498 216
476 250
498 248
452 258
502 246
503 231
502 230
499 247
455 259
451 257
503 245
497 249
450 256
440 258
500 248
454 260
499 213
452 257
503 232
501 230
497 216
499 212
440 257
476 251
451 256
502 245
500 247
453 258
454 259
501 246
497 248
440 256
476 252
500 246
454 258
501 245
452 256
502 232
497 215
496 216
497 247
501 231
498 212
475 252
493 216
497 214
454 257
496 215
500 245
453 256
455 254
495 216
497 246
501 232
454 255
441 256
497 212
501 244
497 245
497 213
454 256
455 253
454 254
501 233
475 253
499 245
496 246
494 216
453 255
500 232
441 255
493 215
496 212
501 243
455 257
495 215
454 253
499 244
496 213
495 212
495 214
499 236
495 246
500 235
498 245
475 254
500 233
455 256
384 205
474 253
494 215
453 254
500 243
496 245
442 255
497 244
441 254
384 207
474 255
500 242
495 245
498 244
473 253
385 205
496 244
385 207
473 255
384 206
456 256
443 255
463 261
495 213
453 253
416 206
442 254
417 209
500 234
454 252
494 214
444 256
499 243
499 233
499 235
418 210
498 236
474 254
498 243
459 258
452 253
500 241
385 206
496 243
445 256
457 256
442 253
473 254
417 208
453 252
444 255
498 233
443 254
495 244
462 261
418 211
463 260
494 213
498 235
417 210
419 216
386 207
415 206
416 205
499 234
443 253
464 260
451 253
415 205
495 243
445 255
386 206
498 242
415 207
462 260
387 207
444 254
452 252
497 233
415 209
499 241
498 234
460 258
419 217
458 256
416 208
459 257
414 206
493 213
472 254
418 216
417 211
461 258
460 257
438 253
415 208
414 205
414 209
417 212
451 252
462 259
471 254
497 234
413 206
444 253
443 252
387 206
418 217
464 259
498 241
416 213
492 213
494 243
445 254
459 256
416 211
443 251
444 252
413 209
496 236
495 233
414 208
416 212
388 206
491 213
418 218
412 204
438 252
492 214
459 255
464 258
415 213
493 243
496 234
470 256
462 258
419 219
470 254
450 252
445 253
461 257
447 251
417 217
498 240
413 205
437 253
387 205
436 252
438 251
465 258
498 239
437 252
411 204
447 250
415 212
470 255
416 219
464 257
436 251
449 252
495 234
463 256
414 213
417 218
389 206
461 256
413 208
462 257
496 235
445 252
388 205
443 248
450 251
469 254
412 215
442 249
469 256
495 236
444 251
460 255
446 251
422 221
413 210
491 214
448 251
419 220
418 219
492 243
494 233
497 240
495 232
391 196
412 205
411 205
438 250
495 235
494 236
403 239
439 251
445 251
444 250
491 215
492 242
469 255
420 220
443 247
412 214
464 256
450 250
388 204
437 251
496 240
413 211
390 206
443 249
495 231
436 250
462 256
389 205
393 197
461 255
494 232
448 250
497 239
411 215
495 229
442 248
417 219
422 222
414 212
465 257
449 251
412 208
392 196
391 197
421 221
460 254
416 220
411 214
420 221
493 232
399 238
403 238
450 249
457 250
496 239
444 249
449 250
465 256
390 205
441 246
410 215
442 247
412 207
440 245
404 237
494 231
412 213
389 204
439 250
495 240
495 228
489 236
417 220
437 250
491 216
492 241
393 196
421 222
445 250
411 206
494 229
402 239
388 203
413 212
468 255
487 236
461 254
422 223
391 206
392 197
462 255
438 249
494 235
451 248
392 198
439 249
410 214
440 246
493 231
454 248
490 236
492 240
403 237
465 255
493 235
494 228
391 205
495 227
457 249
449 249
411 207
399 237
402 238
441 247
467 255
458 250
411 211
422 224
487 235
404 236
440 244
417 221
437 249
400 238
492 234
412 212
445 249
450 248
389 203
491 217
442 246
495 239
452 248
462 254
390 204
394 196
488 236
420 222
449 248
410 207
494 239
394 195
440 247
459 250
390 199
490 235
410 213
465 254
492 233
494 227
454 247
442 245
492 235
445 248
421 224
417 222
392 199
453 248
398 237
390 203
462 253
400 237
493 240
437 248
392 205
452 247
419 222
411 212
441 244
404 235
418 221
491 218
439 248
493 230
410 211
467 254
488 235
402 237
458 249
491 234
457 248
403 235
448 248
493 225
444 246
391 203
409 207
419 223
453 247
490 218
462 252
420 224
491 219
492 220
410 212
390 200
401 237
409 211
466 244
437 247
392 204
491 233
494 226
418 222
459 249
488 234
397 237
394 194
493 227
490 234
466 254
404 234
391 199
465 253
492 230
458 248
390 184
442 244
493 239
460 250
492 236
390 202
439 247
445 247
493 226
390 201
397 236
438 247
445 246
404 233
391 184
393 204
403 206
447 248
453 246
389 184
418 223
462 251
466 253
443 242
455 242
460 249
446 247
489 218
409 212
444 245
461 250
492 227
493 238
454 245
393 192
392 203
489 234
465 244
420 225
464 249
437 246
390 183
448 247
391 200
442 243
492 229
459 248
443 244
491 228
395 194
454 241
394 193
402 235
492 237
457 246
491 220
408 207
456 243
492 221
401 236
492 225
466 245
491 232
457 245
444 242
492 238
455 243
491 221
443 243
454 242
421 227
466 246
466 252
393 203
405 233
407 207
401 235
438 246
404 206
446 246
453 245
453 241
397 235
408 212
406 208
491 237
420 226
394 204
458 246
388 184
489 233
490 228
422 228
447 247
490 232
463 249
395 193
387 183
394 192
461 249
391 201
460 248
391 183
492 222
462 250
402 206
491 229
418 224
489 219
464 248
405 207
490 220
492 226
456 244
464 244
491 227
393 191
454 244
445 245
421 228
467 252
453 242
489 220
402 205
404 207
436 243
491 222
395 192
457 244
401 206
394 191
400 235
490 231
422 229
464 245
438 245
406 233
492 223
461 248
489 228
462 249
420 227
406 207
402 207
387 182
464 247
463 248
405 208
489 232
491 238
407 206
391 182
491 226
407 212
453 244
454 243
394 203
388 183
458 245
392 201
447 246
398 235
465 246
490 229
405 206
408 227
446 245
444 243
418 225
490 221
419 226
453 243
462 248
489 221
436 242
489 231
402 204
445 243
490 238
446 244
437 241
405 209
489 229
405 205
409 227
490 230
490 226
418 226
438 244
399 235
395 191
406 228
403 203
407 211
394 202
394 190
393 201
406 232
447 245
421 229
464 246
400 206
491 239
407 227
491 223
401 205
420 228
468 252
404 208
406 206
458 244
437 243
452 244
392 182
402 208
388 182
416 226
490 239
408 233
406 205
447 244
395 190
406 227
488 231
417 226
416 227
410 227
400 205
463 246
489 222
410 229
438 243
436 241
405 204
407 232
446 243
437 242
415 226
405 228
403 208
458 243
403 202
389 182
404 203
418 227
490 225
490 223
394 201
406 211
399 234
394 189
404 209
451 244
401 204
489 230
468 251
462 247
402 203
407 204
452 243
388 181
469 252
420 229
459 244
488 221
393 182
401 233
490 224
406 226
488 230
404 200
489 223
486 230
399 233
410 228
447 243
436 240
405 227
489 239
389 181
394 188
405 213
459 241
417 227
420 230
402 232
395 201
469 251
405 203
485 229
395 189
404 214
400 204
487 221
406 204
404 202
462 246
411 229
487 231
408 232
418 228
415 227
416 228
405 211
403 209
468 250
486 242
407 203
448 244
378 206
401 203
451 243
459 243
393 183
438 242
409 233
395 200
406 225
487 230
405 200
486 241
488 239
400 233
401 232
460 241
404 211
399 186
400 211
404 201
459 242
485 228
402 231
436 239
405 212
393 184
462 245
439 242
409 232
417 228
400 203
448 243
379 206
405 202
405 226
486 229
404 213
390 181
485 242
405 214
418 229
406 203
411 228
489 224
470 251
468 249
487 222
450 243
403 210
419 230
395 188
378 207
469 250
415 228
406 202
394 184
402 210
405 201
396 200
405 225
404 224
487 239
462 244
486 228
401 231
390 180
488 224
450 242
412 228
395 187
414 228
436 238
487 229
399 211
461 241
470 250
399 187
419 231
400 202
487 223
400 212
379 207
400 232
410 232
469 249
417 229
460 242
405 215
401 211
399 185
448 242
378 208
485 241
404 212
439 241
440 241
399 188
398 185
470 249
404 225
448 241
405 216
399 202
449 242
439 240
485 222
403 212
482 217
410 231
484 241
418 231
396 211
488 225
399 212
436 237
486 239
401 212
396 199
486 223
485 240
461 242
413 228
391 180
397 186
462 243
402 211
417 230
398 211
487 228
395 186
406 201
400 231
487 224
403 224
394 185
414 229
379 208
404 216
399 231
403 225
418 232
449 241
380 208
397 185
482 218
485 239
379 209
481 217
487 225
398 212
437 237
424 244
486 224
485 221
395 211
440 240
463 243
470 248
413 229
485 223
462 242
407 201
448 240
396 186
392 180
417 231
402 212
411 231
450 240
397 211
401 213
395 185
399 189
484 240
399 213
436 236
397 199
487 227
447 241
399 201
412 230
423 244
399 190
403 216
484 223
398 213
486 225
399 230
393 180
470 247
447 240
417 232
394 211
487 226
437 236
412 231
481 218
413 230
407 200
448 239
450 239
436 235
485 220
380 209
398 199
402 213
439 238
403 226
438 237
483 218
397 212
484 239
440 239
424 243
442 239
416 233
396 185
397 184
449 240
463 242
399 200
402 200
470 246
376 214
380 210
417 233
483 219
399 199
443 239
402 214
397 213
394 212
413 231
424 242
377 213
481 219
393 211
394 180
395 183
403 227
403 199
439 237
436 234
407 199
447 239
399 191
442 238
483 239
486 226
375 215
397 231
480 218
440 238
484 220
415 233
398 190
403 215
483 223
450 238
398 230
398 214
463 241
423 243
398 198
449 239
396 184
402 216
441 239
437 235
381 209
393 213
422 244
441 238
377 214
381 210
390 217
463 240
403 198
402 215
442 237
417 234
392 213
483 220
380 211
424 241
406 199
402 199
444 239
422 243
398 191
482 239
376 215
397 230
378 213
480 219
479 220
399 198
443 238
438 235
375 216
403 228
395 180
396 183
396 231
423 242
439 236
413 232
415 234
451 236
449 238
397 214
394 213
392 211
395 182
393 212
437 234
485 226
483 222
471 246
446 239
464 241
393 214
401 200
400 199
392 212
445 239
378 214
406 198
423 241
396 180
471 245
402 228
437 233
381 211
398 192
380 212
393 215
443 237
439 235
421 243
482 238
483 221
414 234
465 241
376 216
375 217
418 234
451 235
396 214
450 236
382 210
442 236
480 220
399 197
405 197
422 242
413 233
391 217
402 198
484 226
441 237
401 199
400 198
479 221
440 236
390 218
481 239
482 220
396 230
394 214
449 237
464 240
438 234
401 215
396 182
398 193
445 238
421 242
391 212
466 237
465 238
440 235
395 214
483 226
480 239
378 215
400 215
480 221
420 235
394 215
420 243
401 198
449 236
392 217
391 218
438 233
472 245
419 234
446 237
413 234
396 229
380 213
393 216
400 197
482 221
377 216
441 236
376 217
401 228
412 233
450 235
422 241
406 197
465 240
397 180
482 227
482 237
443 236
382 211
405 196
396 181
439 234
437 232
444 237
420 242
394 216
396 228
449 235
473 245
481 221
404 196
397 181
465 239
377 217
440 234
479 241
467 237
419 235
480 240
479 239
438 232
421 241
420 236
422 240
393 217
481 237
412 234
445 237
392 218
395 215
439 233
481 227
444 236
399 215
441 235
399 193
466 238
382 212
482 226
406 196
383 211
379 215
380 214
446 236
390 212
401 227
411 233
398 180
401 197
480 238
466 239
478 241
449 234
401 196
400 193
473 244
438 231
381 214
429 252
445 236
479 240
406 195
444 235
419 242
441 234
404 195
481 222
394 217
395 216
390 213
393 218
399 216
380 215
419 236
478 239
378 217
411 234
397 228
480 237
481 236
481 226
398 183
398 181
467 238
396 227
401 226
383 212
400 227
439 232
393 220
421 240
482 225
377 218
447 236
403 196
378 218
473 243
382 214
467 239
481 225
439 231
445 235
389 213
428 252
420 240
377 219
419 241
398 228
449 233
411 235
419 237
381 215
429 251
380 216
482 224
440 232
398 216
407 195
444 234
395 217
442 234
406 194
397 227
479 237
384 212
403 195
448 234
393 219
394 220
481 223
399 227
396 216
394 218
398 182
401 195
399 183
402 196
447 235
400 226
399 217
478 240
400 194
480 236
477 236
440 231
396 217
388 213
378 219
444 233
475 222
427 252
428 251
385 212
447 234
398 227
418 241
481 224
389 214
407 194
409 236
448 233
468 239
419 238
381 216
402 195
445 234
382 215
398 217
394 219
442 233
473 242
380 217
479 236
411 236
401 194
480 225
477 240
399 182
420 239
408 195
419 240
399 226
383 215
447 233
396 218
388 214
418 238
426 252
476 222
386 212
380 218
446 234
444 232
440 230
478 236
469 239
480 224
423 253
385 213
409 237
395 219
419 239
410 236
427 251
477 235
398 226
400 182
475 223
381 217
473 241
402 194
443 233
407 193
398 218
445 233
476 240
382 216
428 250
472 242
418 240
379 219
409 195
479 235
410 237
422 253
417 238
472 241
417 240
479 224
426 251
476 239
470 239
396 219
476 223
446 233
407 192
440 229
398 225
443 232
386 213
478 235
427 250
380 219
409 238
402 193
381 218
471 240
401 182
400 181
411 194
424 253
382 217
447 232
410 195
418 239
409 194
478 223
397 218
384 215
442 231
473 240
388 215
441 230
446 232
386 214
417 239
409 187
424 252
409 193
421 253
479 231
471 239
398 224
402 192
381 219
478 234
380 220
408 192
476 224
401 181
382 218
414 236
443 231
410 194
411 193
426 250
410 238
477 223
384 216
473 239
472 240
478 224
442 230
441 229
475 239
398 220
383 217
425 251
397 219
388 216
480 231
387 216
386 215
385 216
380 221
442 229
478 225
398 223
475 238
411 238
446 231
409 188
425 250
381 220
384 217
410 187
408 191
382 219
410 193
424 251
402 191
388 217
397 224
402 179
472 239
420 253
478 231
416 239
421 254
479 232
397 220
478 233
414 237
398 221
413 236
408 189
477 224
476 225
443 230
407 190
401 180
385 217
411 187
410 192
403 179
387 217
380 222
476 226
420 254
424 250
446 230
409 189
478 226
381 221
402 180
386 216
443 229
480 228
413 237
477 225
412 238
444 230
382 220
384 218
408 190
414 238
471 237
425 249
406 190
397 223
474 238
383 221
402 190
472 238
478 232
480 230
397 221
411 239
415 239
398 222
384 221
444 229
445 230
425 248
403 180
397 222
381 222
383 220
412 239
405 190
387 218
478 227
479 228
412 187
477 226
382 221
411 240
442 221
413 238
471 236
474 237
410 191
403 190
419 254
477 232
472 237
386 217
385 218
424 249
415 240
396 221
409 190
480 229
414 239
386 218
418 254
442 222
395 223
477 227
385 219
476 232
413 239
412 188
384 220
396 222
479 229
414 240
419 251
382 222
478 228
411 241
411 189
424 248
412 240
398 248
404 190
403 181
410 190
473 237
405 189
415 241
445 229
443 221
403 189
444 222
395 221
472 236
443 220
413 240
411 190
398 249
444 227
403 188
412 241
382 223
399 248
destination
