map
random512-40-7.map
pivot
260 88
agent & start
490 243
490 244
489 243
489 244
488 243
488 244
486 244
490 247
489 246
491 248
486 245
488 245
487 244
488 250
488 246
489 249
490 248
489 247
492 248
486 246
487 245
487 246
487 250
488 247
489 250
489 248
492 249
487 247
487 249
490 250
489 251
492 250
488 248
489 252
487 248
486 249
492 251
491 250
490 251
490 252
486 248
491 251
510 222
485 247
498 224
508 222
509 222
485 248
490 253
491 252
510 223
484 247
498 223
499 224
507 222
508 221
506 223
507 221
499 223
483 247
505 223
491 253
498 222
507 219
484 248
506 222
490 254
509 223
500 223
505 222
505 212
506 219
483 246
509 224
508 215
498 221
506 221
499 222
481 248
483 248
491 254
483 244
507 220
507 218
508 213
483 249
481 247
508 214
506 212
506 220
508 216
491 255
507 217
483 245
509 225
501 223
482 248
482 244
482 246
507 213
510 226
505 213
505 221
505 219
499 221
506 217
481 246
507 216
500 221
510 227
505 218
501 222
506 213
483 250
505 220
492 255
507 214
482 249
482 245
509 226
446 263
447 264
482 250
505 217
479 243
506 214
503 221
502 222
500 220
481 245
448 264
506 216
483 251
504 220
445 263
509 227
501 221
447 263
493 255
483 253
509 244
446 261
509 228
506 215
447 262
479 244
446 259
501 220
480 245
503 220
493 254
503 222
508 227
445 262
483 252
505 216
448 263
478 243
482 251
482 253
445 259
503 219
508 228
505 215
447 261
508 244
482 252
502 220
450 264
503 223
479 245
494 254
509 245
504 216
508 242
449 263
507 227
478 244
445 261
446 260
448 261
478 245
504 225
504 215
444 261
445 260
509 246
506 227
507 228
450 263
479 246
451 264
502 219
508 243
494 253
481 252
507 242
503 224
449 260
449 261
480 252
503 225
495 253
508 246
504 226
506 228
450 262
452 264
443 259
503 215
506 242
450 260
478 246
507 243
502 218
444 260
507 229
503 226
453 264
506 243
502 215
450 261
443 260
502 217
442 259
495 252
507 246
506 229
501 218
505 228
480 251
477 246
478 247
439 261
476 246
502 214
480 250
477 247
503 227
451 261
479 249
506 244
506 246
474 248
501 217
453 263
442 260
505 229
507 245
495 251
441 261
504 228
477 248
501 216
504 247
453 262
479 250
506 245
495 250
503 228
476 247
441 260
501 214
440 261
478 249
500 217
474 249
503 248
504 229
502 227
505 246
439 260
452 261
475 248
452 260
474 250
505 245
451 259
478 250
501 213
440 260
456 260
503 247
499 249
500 216
500 214
502 228
455 261
439 259
499 215
504 230
499 217
496 250
476 248
504 246
502 248
453 261
452 259
450 257
455 260
503 246
454 261
503 230
500 213
499 214
475 250
504 245
501 248
496 249
477 250
498 249
502 229
451 258
440 259
497 250
499 248
498 217
456 259
499 216
476 249
502 230
452 258
497 249
502 246
499 213
454 260
503 245
500 248
450 256
498 216
455 259
440 258
498 248
499 247
503 231
476 250
451 257
499 212
440 257
454 259
451 256
501 230
502 245
452 257
501 246
497 248
453 258
503 232
476 251
497 216
500 247
454 258
476 252
502 232
500 246
496 216
452 256
497 247
501 231
440 256
497 215
498 212
501 245
496 215
441 256
453 256
501 244
495 216
454 255
475 252
497 212
497 246
501 232
500 245
497 214
454 257
493 216
455 254
475 253
495 215
499 245
500 232
494 216
454 256
501 243
455 253
455 257
497 245
453 255
441 255
496 246
493 215
501 233
454 254
496 212
497 213
474 253
441 254
442 255
474 255
495 214
495 212
494 215
453 254
497 244
496 213
499 244
499 236
495 246
500 243
500 235
496 245
455 256
498 245
384 207
475 254
500 233
454 253
384 205
456 256
443 255
499 233
498 244
496 244
453 253
500 234
463 261
499 243
454 252
474 254
444 256
442 254
417 209
495 213
385 207
418 210
384 206
416 206
498 236
473 255
385 205
494 214
499 235
500 242
473 253
495 245
444 255
385 206
463 260
473 254
418 211
499 234
443 254
498 243
494 213
452 253
457 256
462 261
417 210
500 241
386 207
498 233
416 205
496 243
442 253
453 252
417 208
498 235
445 256
459 258
415 206
419 216
495 244
416 208
418 216
414 206
460 258
493 213
497 233
419 217
387 207
443 253
415 205
472 254
452 252
499 241
462 260
459 257
417 211
386 206
498 242
451 253
415 209
495 243
458 256
445 255
464 260
415 207
444 254
498 234
462 259
494 243
459 256
471 254
464 259
414 205
413 206
418 217
492 213
387 206
417 212
444 253
445 254
443 252
438 253
414 209
415 208
416 211
416 213
461 258
460 257
498 241
451 252
497 234
416 212
464 258
413 205
436 252
443 251
470 254
417 217
461 257
491 213
496 234
418 218
462 258
414 208
495 233
447 251
492 214
498 240
459 255
470 256
388 206
387 205
413 209
438 252
415 213
445 253
412 204
496 236
493 243
419 219
437 253
450 252
444 252
415 212
417 218
498 239
449 252
491 214
422 221
495 232
495 234
389 206
445 252
414 213
470 255
438 251
463 256
462 257
413 210
448 251
412 215
418 219
496 235
443 248
492 243
416 219
446 251
494 233
450 251
460 255
411 204
391 196
469 256
497 240
436 251
461 256
388 205
465 258
412 205
437 252
495 236
444 251
442 249
413 208
464 257
447 250
469 254
419 220
444 250
450 250
460 254
495 231
436 250
495 229
412 214
448 250
411 205
462 256
416 220
449 251
461 255
439 251
390 206
422 222
491 215
443 247
469 255
465 257
443 249
393 197
464 256
496 240
388 204
411 215
420 220
413 211
492 242
437 251
445 251
412 208
442 248
494 236
497 239
391 197
421 221
414 212
403 239
438 250
417 219
392 196
494 232
389 205
495 235
494 235
412 207
391 206
449 250
465 256
442 247
489 236
494 231
402 239
422 223
399 238
437 250
445 250
410 215
412 213
420 221
389 204
421 222
487 236
450 249
392 197
462 255
411 214
411 206
413 212
468 255
388 203
493 232
439 250
444 249
495 228
492 241
496 239
417 220
393 196
390 205
403 238
441 246
495 240
438 249
451 248
440 245
494 229
457 250
404 237
461 254
491 216
465 255
420 222
493 235
440 244
394 196
452 248
392 198
439 249
410 214
412 212
467 255
411 207
400 238
445 249
450 248
458 250
389 203
492 240
411 211
402 238
437 249
492 234
488 236
390 204
391 205
495 227
495 239
441 247
490 236
404 236
440 246
422 224
487 235
442 246
457 249
399 237
494 228
462 254
449 249
417 221
493 231
491 217
454 248
403 237
404 235
492 235
493 230
459 250
439 248
492 233
400 237
437 248
418 221
411 212
441 244
491 218
440 247
445 248
419 222
392 199
410 213
488 235
490 235
454 247
465 254
494 239
394 195
493 240
458 249
398 237
453 248
467 254
390 203
449 248
410 207
402 237
417 222
462 253
421 224
452 247
392 205
494 227
491 234
442 245
390 199
457 248
410 211
491 233
409 207
458 248
490 234
494 226
492 230
390 200
397 237
488 234
490 218
418 222
444 246
401 237
493 227
403 235
453 247
493 239
466 254
465 253
390 202
420 224
459 249
394 194
391 203
491 219
390 184
448 248
445 247
493 225
492 236
410 212
391 199
419 223
439 247
392 204
460 250
409 211
437 247
462 252
442 244
466 244
404 234
492 220
443 242
492 227
459 248
389 184
391 200
437 246
393 204
454 241
466 245
448 247
401 236
393 192
492 237
442 243
418 223
447 248
404 233
391 184
493 238
460 249
403 206
491 220
397 236
492 221
489 234
457 246
492 229
493 226
453 246
445 246
466 253
395 194
491 228
456 243
461 250
408 207
455 242
390 183
464 249
443 244
462 251
465 244
491 232
392 203
444 245
390 201
492 225
454 245
394 193
489 218
409 212
402 235
438 247
446 247
420 225
391 183
460 248
491 221
466 246
455 243
438 246
464 244
458 246
454 242
406 208
422 228
490 232
462 250
456 244
453 241
492 226
405 233
489 233
395 193
401 235
444 242
408 212
407 207
492 238
492 222
447 247
387 183
445 245
489 219
418 224
404 206
421 227
394 204
446 246
463 249
391 201
490 228
394 192
461 249
491 229
490 220
393 191
464 248
466 252
402 206
405 207
397 235
443 243
491 237
388 184
453 245
491 227
457 245
393 203
454 244
420 226
490 231
463 248
462 249
391 182
489 232
406 233
406 207
419 226
492 223
490 229
401 206
490 221
457 244
408 227
418 225
400 235
438 245
489 220
394 203
444 243
421 228
489 228
491 226
420 227
491 238
398 235
458 245
465 246
388 183
402 207
464 247
461 248
467 252
453 242
407 206
491 222
402 205
464 245
387 182
395 192
405 206
392 201
454 243
422 229
453 244
446 245
404 207
405 208
394 191
407 212
436 243
447 246
490 230
406 228
405 205
406 232
464 246
453 243
420 228
407 227
402 208
388 182
406 206
462 248
405 209
416 226
407 211
394 190
489 231
437 241
393 201
400 206
490 238
409 227
489 229
447 245
399 235
458 244
468 252
402 204
446 244
452 244
491 223
401 205
404 208
395 191
489 221
437 243
421 229
491 239
403 203
418 226
392 182
490 226
436 242
394 202
438 244
445 243
401 204
418 227
410 229
400 205
420 229
405 204
403 202
415 226
462 247
489 230
399 234
488 231
468 251
406 205
436 241
407 232
490 223
417 226
388 181
407 204
452 243
463 246
408 233
490 225
488 221
451 244
404 209
447 244
394 201
395 190
446 243
489 222
438 243
393 182
416 227
389 182
410 227
459 244
405 228
490 239
469 252
402 203
437 242
403 208
406 211
394 189
404 203
406 227
458 243
393 183
459 243
401 233
417 227
399 233
447 243
405 213
436 240
404 214
489 223
406 204
485 229
408 232
416 228
451 243
404 202
487 231
389 181
490 224
402 232
415 227
395 189
469 251
378 206
420 230
489 239
405 211
486 230
468 250
405 203
411 229
487 221
405 227
438 242
486 242
404 200
400 204
403 209
410 228
394 188
462 246
407 203
406 226
488 230
409 233
401 203
448 244
459 241
395 201
418 228
469 250
405 202
390 181
405 226
462 245
404 211
485 242
378 207
393 184
404 201
400 211
419 230
405 214
406 203
404 213
395 200
399 186
395 188
439 242
485 228
450 243
403 210
402 231
459 242
405 200
470 251
489 224
468 249
401 232
418 229
486 229
448 243
488 239
379 206
400 233
487 222
436 239
415 228
486 241
417 228
487 230
460 241
400 203
409 232
406 225
411 228
405 212
470 250
436 238
404 224
450 242
487 239
390 180
410 232
399 211
461 241
400 232
485 241
401 231
412 228
469 249
395 187
399 187
487 223
486 228
448 242
394 184
404 212
405 201
402 210
414 228
417 229
462 244
487 229
405 215
488 224
400 212
399 185
401 211
400 202
419 231
405 225
406 202
460 242
378 208
396 200
439 241
379 207
379 208
399 212
396 211
404 225
405 216
449 242
485 240
440 241
413 228
402 211
461 242
399 188
439 240
418 231
396 199
395 186
436 237
401 212
406 201
488 225
414 229
398 185
394 185
399 202
484 241
403 224
448 241
462 243
398 211
486 239
482 217
487 224
403 212
487 228
397 186
486 223
410 231
470 249
391 180
485 222
417 230
400 231
397 199
403 225
450 240
418 232
380 208
397 185
440 240
436 236
407 201
399 213
399 231
484 240
399 201
398 212
417 231
481 217
424 244
397 211
482 218
485 239
396 186
447 241
462 242
449 241
395 185
395 211
437 237
404 216
401 213
470 248
392 180
399 189
411 231
486 224
463 243
412 230
487 225
402 212
485 221
448 240
487 227
379 209
413 229
485 223
485 220
483 218
436 235
463 242
447 240
393 180
487 226
399 190
449 240
417 232
424 243
399 230
407 200
484 223
394 211
481 218
399 200
486 225
402 213
442 239
403 216
380 209
403 226
396 185
440 239
438 237
437 236
398 199
423 244
397 212
448 239
450 239
416 233
484 239
412 231
439 238
413 230
470 247
397 184
398 213
447 239
449 239
437 235
398 214
377 213
399 191
480 218
402 216
393 211
394 212
381 209
484 220
394 180
439 237
403 227
481 219
399 199
393 213
376 214
450 238
440 238
441 239
402 214
424 242
483 239
443 239
483 223
436 234
415 233
398 198
407 199
402 200
403 199
422 244
396 184
470 246
442 238
398 230
483 219
397 231
413 231
423 243
403 215
417 233
395 183
380 210
398 190
375 215
397 213
463 241
486 226
399 198
377 214
480 219
437 234
401 200
441 238
392 213
380 211
424 241
451 236
483 222
402 215
376 215
446 239
422 243
397 214
479 220
449 238
394 213
400 199
390 217
402 199
464 241
444 239
397 230
398 191
443 238
439 236
417 234
396 183
423 242
406 199
403 228
442 237
381 210
393 214
392 211
393 212
395 180
438 235
395 182
483 220
413 232
471 246
375 216
485 226
463 240
396 231
415 234
403 198
482 239
378 213
381 211
421 243
400 198
441 237
396 230
393 215
422 242
413 233
390 218
391 217
375 217
450 236
406 198
398 192
480 220
376 216
401 199
440 236
464 240
418 234
437 233
396 182
405 197
449 237
439 235
482 238
394 214
484 226
414 234
423 241
465 241
483 221
481 239
382 210
402 228
438 234
471 245
443 237
392 212
380 212
479 221
378 214
445 239
401 215
402 198
451 235
399 197
482 220
396 180
442 236
396 214
400 197
443 236
420 235
444 237
449 236
446 237
441 236
376 217
480 239
380 213
480 221
392 217
440 235
483 226
391 218
482 221
482 227
465 240
405 196
465 238
466 237
377 216
394 215
412 233
401 198
450 235
472 245
438 233
382 211
422 241
397 180
396 181
395 214
396 229
437 232
393 216
400 215
419 234
413 234
439 234
391 212
421 242
445 238
398 193
482 237
420 243
401 228
378 215
406 197
465 239
439 233
467 237
481 227
377 217
406 196
380 214
396 228
466 238
383 211
412 234
438 232
479 241
480 240
421 241
419 235
398 180
399 193
392 218
479 239
449 235
379 215
401 197
480 238
482 226
399 215
420 236
411 233
445 237
444 236
394 216
481 221
404 196
382 212
446 236
420 242
440 234
481 237
393 217
422 240
441 235
397 181
395 215
401 227
390 212
473 245
439 232
401 196
377 218
395 216
445 236
399 216
421 240
383 212
482 225
396 227
429 252
401 226
441 234
479 240
419 236
380 215
403 196
438 231
467 238
478 239
390 213
378 217
449 234
444 235
394 217
481 222
393 218
398 181
397 228
393 220
406 195
447 236
419 242
473 244
480 237
478 241
411 234
400 193
481 226
481 236
381 214
466 239
398 183
404 195
400 227
440 232
393 219
482 224
467 239
394 218
448 234
419 241
449 233
389 213
397 227
395 217
445 235
407 195
406 194
403 195
399 183
419 237
447 235
399 227
411 235
480 236
479 237
399 217
378 218
481 223
394 220
401 195
400 226
396 216
439 231
429 251
420 240
398 228
377 219
442 234
381 215
402 196
478 240
380 216
384 212
398 182
382 214
444 234
428 252
481 225
400 194
398 216
473 243
440 231
381 216
418 241
388 213
409 236
385 212
394 219
442 233
420 239
378 219
419 238
419 240
411 236
444 233
477 240
382 215
427 252
479 236
448 233
407 194
447 234
480 225
380 217
399 182
428 251
477 236
399 226
398 217
475 222
445 234
398 227
396 217
481 224
402 195
401 194
389 214
468 239
473 242
408 195
476 240
398 226
383 215
402 194
426 252
379 219
476 222
473 241
478 236
380 218
388 214
440 230
446 234
418 240
381 217
423 253
385 213
479 235
396 218
382 216
427 251
445 233
443 233
410 236
395 219
447 233
386 212
477 235
418 238
469 239
475 223
472 242
428 250
398 218
407 193
409 195
419 239
480 224
444 232
400 182
409 237
476 223
418 239
411 194
380 219
382 217
476 239
478 223
422 253
440 229
381 218
441 230
398 225
400 181
427 250
446 233
407 192
471 240
384 215
388 215
470 239
443 232
426 251
410 195
410 237
401 182
442 231
397 218
472 241
478 235
473 240
409 194
409 238
447 232
424 253
417 240
479 224
402 193
417 238
386 213
396 219
424 252
398 224
476 224
382 218
426 250
410 194
410 238
384 216
414 236
478 224
402 192
479 231
409 187
409 193
411 193
425 251
472 240
381 219
471 239
446 232
473 239
408 192
417 239
421 253
477 223
386 214
380 220
397 219
383 217
478 234
388 216
442 230
443 231
401 181
441 229
475 239
398 220
446 231
478 233
421 254
443 230
413 236
425 250
478 231
384 217
381 220
411 238
397 220
387 216
386 215
476 225
416 239
442 229
414 237
478 225
475 238
398 221
408 191
477 224
479 232
401 180
385 216
407 190
472 239
409 188
380 221
402 191
410 187
424 251
480 231
408 189
402 179
420 253
397 224
388 217
398 223
382 219
410 193
398 222
381 221
476 226
380 222
402 190
477 225
412 238
408 190
411 187
410 192
413 237
478 226
397 221
444 230
406 190
386 216
397 223
411 239
383 221
415 239
387 217
425 249
385 217
480 230
443 229
446 230
403 179
384 218
424 250
409 189
420 254
414 238
480 228
382 220
471 237
474 238
478 232
472 238
402 180
409 190
444 229
384 221
471 236
385 218
405 190
397 222
472 237
445 230
474 237
424 249
478 227
414 239
403 180
480 229
479 228
415 240
412 239
410 191
477 226
425 248
413 238
396 221
412 187
386 217
383 220
442 221
381 222
419 254
411 240
387 218
477 232
382 221
403 190
410 190
424 248
444 222
413 239
411 189
418 254
405 189
443 221
414 240
395 221
382 222
404 190
442 222
445 229
412 188
384 220
398 248
403 181
473 237
385 219
403 189
478 228
395 223
479 229
419 251
411 241
472 236
477 227
386 218
396 222
412 240
415 241
476 232
394 223
444 221
398 249
395 222
443 220
404 189
444 227
412 241
478 229
386 219
445 228
413 188
399 248
423 248
477 228
473 236
413 240
415 242
385 220
420 251
417 254
403 188
403 182
477 230
443 222
412 189
418 251
382 223
476 231
411 190
442 223
420 250
421 249
413 193
394 222
413 189
412 190
405 183
386 220
400 248
415 243
476 230
443 223
444 226
412 192
417 251
444 220
404 182
422 248
413 241
477 229
412 242
404 188
445 227
403 187
398 250
382 224
473 235
383 225
416 254
474 231
444 225
401 248
421 248
413 192
386 221
405 182
400 247
476 229
413 190
420 247
383 224
417 252
448 219
447 226
414 193
404 187
393 222
389 220
420 249
384 225
413 242
443 224
473 234
414 243
387 220
475 230
446 219
412 191
415 254
416 253
445 220
398 251
406 183
445 226
388 220
386 222
446 226
387 221
415 253
407 181
472 234
401 247
416 252
399 251
405 187
444 224
419 247
385 225
447 225
474 232
420 248
414 244
447 219
389 221
413 243
473 233
474 230
384 224
385 223
448 220
413 191
392 222
400 246
406 182
446 220
419 249
475 229
415 193
419 248
406 187
474 229
401 246
429 192
446 221
416 193
385 224
408 181
471 234
447 220
410 245
402 247
446 225
413 244
415 192
431 190
388 221
407 182
445 224
387 222
389 222
415 252
473 232
414 191
386 225
386 223
392 223
400 251
475 228
473 229
446 224
411 245
430 192
429 191
471 233
406 186
411 247
431 193
447 221
416 250
387 223
431 191
415 251
432 190
431 189
392 224
415 191
416 192
412 244
409 245
386 224
418 248
472 232
445 223
408 182
417 247
402 246
474 228
401 251
388 222
416 191
437 184
447 222
410 247
416 249
388 223
429 190
408 245
412 245
416 247
472 231
432 191
406 185
446 223
473 228
391 224
432 193
387 224
472 229
415 250
430 189
402 251
408 183
411 246
417 248
470 233
403 246
431 192
436 182
416 248
403 251
429 189
471 229
415 247
432 192
417 191
408 184
448 222
471 231
452 232
412 246
409 247
404 246
433 191
408 246
428 190
415 249
436 184
454 232
407 245
407 185
433 193
437 183
388 224
472 228
390 224
470 232
461 233
391 225
447 223
471 230
435 182
453 232
470 229
428 189
408 247
449 222
472 227
417 190
471 228
408 185
451 232
462 233
389 224
433 192
404 251
469 232
461 232
406 245
413 246
470 231
390 225
405 246
415 248
414 247
436 183
448 223
454 231
417 189
389 225
470 230
406 246
434 182
414 248
434 192
469 231
436 192
449 223
463 233
468 232
409 185
413 247
390 226
435 183
405 251
451 223
461 231
450 230
470 228
404 250
450 222
451 231
471 227
453 231
448 224
428 188
407 247
460 232
454 230
435 192
405 248
407 178
460 231
468 231
405 250
406 247
410 185
449 224
458 231
469 230
433 182
436 193
433 184
450 223
434 183
453 230
389 226
413 248
404 249
467 232
451 230
470 227
451 224
454 229
417 188
428 187
450 229
463 232
435 193
388 226
427 187
432 184
433 183
460 230
413 249
449 227
407 177
469 227
467 231
451 229
405 249
407 179
468 230
417 187
450 224
458 230
428 186
457 231
411 185
413 251
406 248
463 231
453 229
449 225
409 176
418 187
449 226
467 230
459 230
432 183
457 230
408 177
451 228
469 226
419 188
468 229
426 189
452 229
413 250
458 229
450 225
412 185
435 194
406 249
460 229
431 184
412 251
427 186
388 227
463 230
409 180
450 227
408 179
419 186
435 195
412 250
468 226
431 183
407 249
425 189
420 188
410 180
419 187
450 226
388 228
409 177
426 188
420 186
459 229
409 179
410 176
430 184
458 228
468 224
452 228
464 230
457 229
468 228
390 228
467 229
451 227
412 184
469 225
427 185
407 250
425 188
420 187
434 195
423 188
467 224
412 183
389 228
464 229
390 229
427 184
411 250
467 228
468 225
429 184
430 183
459 228
452 227
457 228
451 226
410 181
452 225
456 229
410 177
410 179
411 177
410 178
413 183
410 250
411 181
411 179
459 227
407 251
424 188
466 228
452 226
412 180
467 227
425 187
456 228
389 229
464 228
423 187
421 187
429 183
453 225
428 184
422 188
467 225
453 227
434 196
457 227
430 182
408 250
466 225
434 197
429 182
409 250
465 228
412 179
463 228
457 226
410 251
412 181
459 226
461 228
453 226
423 186
412 177
439 214
425 186
408 251
422 187
466 227
428 183
389 230
411 178
424 187
456 227
458 225
413 182
434 198
462 228
461 227
466 226
440 214
459 225
413 181
457 225
416 182
425 185
463 227
441 213
413 177
439 213
413 179
389 231
442 212
424 186
465 227
428 182
429 181
388 230
456 226
454 226
433 197
422 186
412 178
460 226
409 251
465 226
461 226
428 181
435 212
423 184
424 185
388 231
432 197
462 227
414 177
459 224
441 212
460 225
416 181
433 198
417 182
427 182
442 213
441 214
425 184
463 226
455 226
422 185
409 252
414 181
417 184
413 178
456 225
438 213
437 213
443 209
460 224
427 181
388 232
432 198
435 211
417 183
409 253
444 208
414 178
418 184
440 212
442 214
455 225
424 184
444 206
462 226
443 207
443 213
436 212
461 225
414 180
464 226
415 181
422 184
443 208
418 183
459 222
437 212
438 211
415 180
425 182
443 206
455 224
464 225
426 181
424 183
432 199
436 211
444 209
445 206
408 253
435 210
462 225
426 179
415 178
409 254
388 233
443 210
443 214
440 211
444 207
460 223
442 209
445 208
422 183
442 207
444 205
454 223
462 224
446 206
444 210
431 201
442 208
421 183
440 210
455 223
444 216
439 211
422 182
437 211
419 183
408 254
446 208
388 234
426 180
464 224
432 200
447 209
436 210
443 205
443 215
445 207
425 181
424 182
454 222
442 206
445 209
461 219
459 221
441 207
460 222
438 210
425 179
415 179
462 223
461 222
394 241
444 215
425 180
431 202
447 208
432 201
437 210
439 210
423 182
460 221
416 179
445 210
440 209
446 207
419 182
388 235
464 223
441 208
438 209
455 222
460 219
442 205
408 255
447 210
420 183
445 216
446 209
461 220
447 207
389 237
420 182
424 180
446 216
394 242
436 208
387 237
432 202
463 223
418 180
446 210
440 208
388 236
416 176
407 255
423 181
419 181
439 209
393 241
417 179
455 221
461 221
435 207
445 215
441 205
445 211
459 219
437 209
446 215
448 207
463 222
417 176
389 238
420 181
432 203
433 202
406 255
416 177
445 212
423 180
393 242
439 208
435 206
436 207
446 211
458 219
394 243
388 237
462 221
386 237
433 204
437 208
440 205
455 220
445 214
418 179
419 180
420 180
421 181
455 219
439 207
394 244
418 178
403 253
457 219
447 215
448 216
388 238
393 243
436 206
406 258
418 176
446 214
434 202
389 239
449 207
450 216
463 221
386 238
406 256
446 212
422 180
434 204
440 206
417 177
433 203
437 207
437 206
419 176
422 179
386 239
464 221
439 206
403 254
455 218
434 203
405 256
405 258
448 215
447 214
418 177
394 245
421 180
420 179
402 253
435 202
458 217
450 215
446 213
450 207
406 257
388 239
389 240
435 204
387 240
449 216
447 212
392 243
456 219
420 176
436 202
435 203
438 206
388 240
402 254
451 207
419 177
458 216
386 240
405 257
393 245
464 220
389 241
391 243
457 217
387 241
449 215
447 213
456 218
421 179
403 255
437 202
458 215
459 216
456 217
452 207
402 255
404 257
388 241
393 246
464 219
420 177
391 244
457 216
451 208
403 256
386 241
436 203
449 214
438 205
384 243
421 178
437 204
448 213
421 177
437 203
386 242
457 215
403 257
385 243
402 256
391 245
388 242
453 207
449 213
389 243
384 244
392 246
452 210
456 216
463 219
390 248
389 249
401 255
460 216
438 204
451 209
389 250
390 247
462 217
390 245
422 177
388 243
438 203
454 207
385 244
404 259
390 249
391 246
460 215
452 209
463 218
452 211
439 204
403 258
389 244
455 216
451 214
452 215
450 213
456 215
461 216
402 257
464 217
386 243
400 255
453 208
388 244
390 246
402 258
451 213
399 255
390 250
439 203
453 209
455 207
386 244
389 251
389 245
401 257
464 216
461 215
403 259
455 215
400 256
404 260
453 215
452 214
422 176
462 216
389 247
452 212
463 217
453 214
423 176
463 216
440 203
454 209
398 255
455 208
389 246
401 258
461 214
452 213
403 260
387 244
400 257
397 256
388 247
388 245
455 214
390 251
391 250
453 213
387 245
397 257
455 209
454 214
388 246
424 176
400 258
401 259
391 251
463 215
399 257
402 260
462 214
398 256
441 203
425 176
455 210
401 260
463 214
398 257
387 246
424 169
431 178
391 252
441 202
399 258
400 259
454 213
442 203
429 177
400 260
401 261
386 246
424 170
425 169
430 178
391 253
425 175
442 202
455 211
427 177
454 212
463 213
456 210
398 258
431 177
424 171
456 211
464 213
455 212
426 169
426 175
398 259
428 177
430 177
400 261
385 246
427 176
425 168
443 202
390 253
385 247
390 254
383 245
398 260
428 176
400 262
456 212
426 168
427 169
427 175
399 261
384 246
430 176
397 259
464 212
443 201
425 171
384 247
397 260
444 201
463 210
427 170
382 245
428 175
399 264
427 166
383 246
427 174
464 211
456 213
430 175
426 167
399 262
390 255
425 172
445 201
398 262
396 260
384 248
427 173
457 213
429 175
444 196
399 265
389 255
427 171
463 211
427 167
398 264
382 246
426 172
428 166
464 210
382 247
464 209
427 172
383 248
399 266
397 262
396 261
383 254
388 255
428 173
428 167
458 213
465 210
398 263
462 211
429 174
444 197
445 200
445 196
395 261
387 255
465 209
388 256
383 253
397 263
429 167
399 267
395 265
380 256
379 257
378 258
429 173
445 199
428 172
458 212
428 168
383 255
382 248
461 211
445 197
461 210
378 259
429 172
394 261
445 198
383 252
384 255
382 249
396 263
389 258
382 253
387 256
430 173
380 257
394 265
429 168
459 212
446 197
383 256
379 256
399 268
378 257
465 208
395 264
382 252
399 269
466 208
389 259
388 258
383 257
393 261
429 171
459 211
386 256
458 210
394 264
387 257
460 210
468 208
378 256
395 263
388 260
429 169
430 172
379 255
393 265
379 259
382 250
381 257
384 256
461 209
446 198
459 210
467 208
383 258
390 259
393 264
382 257
381 252
378 255
398 269
447 198
389 260
382 251
460 209
384 257
393 262
385 256
430 171
468 207
394 263
386 257
429 170
399 272
387 258
458 209
379 260
388 259
390 260
386 258
385 257
381 251
459 209
451 201
392 262
447 199
397 269
387 259
458 208
398 272
389 261
377 255
383 259
467 207
382 258
431 171
399 271
398 270
397 273
430 170
380 252
380 260
393 263
380 250
380 251
449 200
398 271
458 207
431 170
396 269
459 208
396 273
392 263
382 259
397 270
379 250
378 253
377 254
450 201
381 260
451 200
397 272
385 258
386 259
448 199
467 206
390 261
378 252
385 259
467 205
379 251
459 207
449 199
397 271
435 167
396 272
391 263
467 203
382 260
436 166
383 261
395 269
450 200
384 260
431 169
376 254
377 253
390 262
394 268
395 273
377 252
385 260
460 207
378 251
459 206
395 272
436 165
450 199
466 203
435 166
390 263
449 198
384 261
395 270
467 204
396 271
434 167
393 268
382 261
394 269
376 253
431 168
460 206
377 251
392 268
466 204
394 270
375 253
436 164
450 198
389 263
395 271
431 167
385 261
459 205
376 252
432 166
382 262
434 166
465 203
394 271
461 206
431 166
447 190
392 269
448 189
376 291
393 270
386 261
382 263
460 205
385 262
433 166
448 187
388 263
451 198
376 251
389 264
375 252
435 164
465 204
434 165
454 199
448 188
447 191
433 165
375 251
376 290
452 198
448 190
386 262
461 205
382 264
434 164
453 199
454 198
371 247
375 291
388 264
431 165
363 287
393 271
364 288
449 187
449 189
464 204
392 270
383 264
375 250
386 263
448 191
376 289
392 271
453 198
463 204
431 164
391 272
390 277
375 290
373 248
434 163
374 249
388 265
433 164
449 188
452 197
363 286
450 187
390 269
462 205
372 247
452 187
365 288
385 264
461 204
391 276
371 248
382 265
364 287
391 270
374 250
451 193
371 249
461 203
433 163
391 271
450 188
386 264
375 289
390 270
432 164
453 197
385 265
453 195
449 191
451 187
389 277
391 275
389 269
373 249
372 248
382 266
452 188
374 290
390 272
364 286
365 287
383 265
462 204
363 285
390 276
387 265
461 202
388 277
364 285
374 289
365 286
383 266
452 193
453 194
390 275
453 196
386 265
432 163
371 250
373 290
389 270
390 271
389 274
372 249
387 266
373 250
363 284
451 188
451 192
375 288
450 191
454 195
487 186
462 203
389 275
389 271
388 276
454 196
432 162
364 284
389 273
490 186
373 289
375 287
461 201
372 288
451 189
368 288
365 285
384 266
371 251
487 187
386 266
453 193
452 192
450 190
464 202
388 270
451 191
487 189
488 186
462 202
372 250
462 201
388 273
451 190
366 285
489 186
487 188
486 187
384 267
486 189
368 287
371 288
369 288
372 287
372 251
374 287
373 288
490 185
388 271
386 267
365 284
464 201
453 192
455 196
463 202
387 268
432 161
452 191
388 275
456 196
369 287
388 272
485 189
431 161
452 190
386 268
463 201
386 276
489 185
385 267
457 197
387 271
490 184
486 188
453 191
384 268
372 252
387 269
366 284
373 287
387 275
371 287
454 191
472 191
380 281
387 272
458 197
457 196
371 286
385 268
370 287
366 283
387 274
460 197
380 277
373 286
372 253
459 198
485 188
489 184
367 284
453 190
386 269
463 200
430 161
456 195
386 275
385 276
369 286
386 272
371 253
472 194
457 195
380 276
379 281
381 277
460 198
379 277
454 190
463 199
471 191
426 146
380 280
430 162
370 286
367 283
427 145
484 188
384 276
385 269
369 283
459 197
373 285
472 192
488 184
366 282
386 274
426 147
379 278
483 188
373 284
381 276
427 144
368 283
380 279
470 195
384 275
385 270
454 189
367 282
375 284
374 285
461 198
427 146
471 194
370 285
382 277
459 196
378 281
385 272
429 162
472 193
462 199
471 192
458 195
369 284
371 254
487 184
385 274
459 195
370 254
373 283
381 275
384 272
469 195
428 162
367 281
428 144
383 269
370 284
486 184
382 276
483 187
427 161
468 196
484 186
374 284
458 194
378 280
383 275
427 147
471 193
385 271
379 279
470 194
455 189
375 283
385 273
371 255
466 196
368 282
462 198
462 197
371 284
465 196
384 273
371 256
368 281
383 270
484 185
466 195
460 195
428 161
485 184
427 160
382 269
372 283
491 178
427 148
456 189
469 194
489 178
382 275
383 272
373 282
467 196
429 144
458 193
468 195
459 194
375 282
470 193
378 279
483 186
384 271
374 283
370 255
372 257
485 183
464 196
374 282
480 186
489 177
382 274
370 256
377 279
428 160
369 257
460 194
461 195
370 282
383 271
429 143
427 149
469 193
369 281
491 177
459 193
488 178
382 270
457 189
482 186
466 194
467 195
382 272
371 283
484 184
371 257
368 280
381 269
468 194
490 178
456 190
372 258
383 273
373 281
463 197
372 282
482 185
376 279
489 176
462 195
460 193
483 184
466 193
463 196
458 189
457 190
372 259
381 270
370 281
469 192
375 258
428 159
430 143
374 281
479 186
488 177
490 177
480 185
369 258
370 257
382 273
375 280
372 281
369 280
382 271
484 183
459 192
461 194
371 282
467 194
426 149
370 258
375 279
481 185
484 182
459 191
374 258
381 273
369 259
469 191
482 184
381 271
428 158
463 195
491 173
483 183
431 143
426 150
487 177
467 193
478 186
370 280
373 259
458 190
374 280
425 149
380 272
462 194
460 192
375 259
461 193
490 176
371 281
374 259
379 272
467 192
468 191
490 173
429 158
463 194
376 275
380 273
490 175
370 259
491 174
374 279
459 190
425 150
481 184
477 184
371 280
485 180
460 191
462 193
369 260
478 185
483 182
431 142
486 177
482 183
380 271
484 181
477 183
370 260
432 142
374 260
461 191
482 180
483 181
425 151
485 179
377 263
463 193
467 191
480 178
481 179
378 274
376 262
430 158
484 180
481 183
376 274
478 184
473 175
475 183
482 182
373 261
379 271
377 275
375 275
486 178
490 174
371 279
460 190
374 278
379 273
474 175
480 183
378 273
485 178
425 152
374 261
373 278
476 183
466 191
433 142
481 178
461 190
473 176
482 179
434 141
480 177
375 262
477 182
431 158
371 260
462 191
372 279
460 189
463 192
489 174
482 181
377 274
484 179
372 261
377 264
479 184
378 271
375 276
376 263
474 177
475 182
481 181
481 177
475 181
463 191
460 188
371 261
461 189
372 278
462 190
372 262
377 271
465 191
376 264
431 157
430 156
373 277
474 176
374 262
435 141
374 276
433 143
474 178
479 183
488 174
476 182
484 178
426 152
434 142
377 273
459 187
474 180
429 155
483 179
429 154
377 270
462 189
438 155
377 272
476 181
461 188
427 152
440 143
435 142
434 145
430 155
460 187
433 144
482 177
475 180
479 182
371 262
373 276
373 264
374 263
480 181
372 277
459 186
483 178
463 190
375 264
431 156
487 174
475 176
464 191
474 179
436 141
461 185
476 176
375 265
428 150
464 190
486 174
479 181
438 156
437 155
435 143
427 151
436 142
374 264
432 156
461 187
433 157
439 143
375 273
487 173
376 272
376 270
373 265
429 153
430 154
476 180
372 276
482 176
475 179
433 145
437 157
434 144
431 155
440 144
436 158
462 188
371 263
460 186
370 262
483 177
374 265
485 174
431 154
430 153
436 157
435 144
461 186
483 176
375 270
437 142
433 156
464 189
429 150
463 188
428 151
433 146
431 148
372 275
477 180
462 187
375 268
440 145
486 173
429 152
369 262
374 273
439 144
434 157
370 263
476 179
436 143
432 155
437 156
374 269
476 177
479 180
435 158
462 185
375 272
478 180
437 143
370 264
434 156
483 175
374 272
430 152
465 189
431 149
373 269
375 271
479 179
372 274
435 157
371 275
464 188
374 266
432 148
429 151
433 147
368 262
462 186
485 171
374 270
374 268
430 150
436 156
436 144
375 267
373 273
485 173
432 154
369 263
438 144
477 179
439 145
476 178
369 264
432 153
370 275
438 145
484 171
430 151
372 269
484 173
483 174
373 272
374 267
434 147
431 150
463 186
432 149
485 172
477 178
478 179
372 273
435 156
439 146
465 188
373 270
464 187
436 145
437 144
373 268
368 263
374 271
368 274
478 178
464 186
465 187
469 185
484 172
372 268
372 272
432 152
369 275
482 174
373 267
368 264
438 146
370 274
431 151
434 148
373 271
435 155
372 266
433 149
483 173
371 273
437 145
434 149
370 273
469 184
483 172
437 146
478 177
433 152
368 273
432 151
482 173
372 267
371 272
486 167
367 264
366 261
372 271
371 266
369 274
435 154
465 186
468 185
365 261
485 169
370 272
435 149
371 271
465 185
366 264
482 172
469 183
435 153
478 176
467 185
371 267
434 152
437 147
369 273
485 167
366 262
436 154
486 168
433 151
434 150
370 266
369 272
436 153
364 261
370 267
467 184
484 169
435 152
436 149
370 271
483 170
469 182
437 148
478 175
365 262
482 165
435 150
466 185
482 171
483 166
434 151
441 148
485 168
366 263
441 149
484 168
482 166
369 267
483 169
370 270
435 151
483 167
370 268
469 181
466 184
436 152
365 263
478 174
369 271
477 175
438 148
436 150
364 262
440 148
481 165
482 170
369 268
481 170
478 173
437 150
439 148
466 183
436 151
363 262
440 149
369 270
482 167
469 180
483 168
364 263
481 166
477 174
365 269
481 169
469 179
466 182
481 167
482 168
477 173
439 149
437 151
363 263
369 269
476 174
362 262
364 264
478 172
438 151
476 173
362 263
480 167
468 179
363 264
365 270
477 172
481 168
439 150
368 269
467 180
475 174
465 182
366 269
475 173
367 269
466 180
438 152
470 174
476 172
439 151
362 264
479 169
361 263
469 173
366 270
467 179
465 181
468 178
480 168
465 180
468 177
469 174
479 168
438 153
360 263
362 265
470 173
478 169
361 264
439 152
475 172
466 179
367 270
478 168
476 170
475 171
466 178
360 264
468 176
367 271
439 153
468 174
359 265
470 172
362 266
463 179
464 180
463 178
439 154
466 177
361 266
360 265
359 266
467 176
468 175
477 168
367 272
475 170
464 179
470 171
476 169
466 176
470 170
361 267
469 171
360 266
441 155
464 178
353 265
475 169
476 168
467 175
440 154
366 272
354 265
465 176
466 175
440 155
359 268
366 273
475 168
353 266
469 170
360 267
464 177
471 170
461 176
441 156
474 169
358 268
464 176
465 175
353 267
357 267
461 175
364 272
471 169
360 268
440 156
468 170
359 269
473 169
474 168
366 274
355 265
462 176
365 273
354 266
465 174
355 266
361 270
357 268
365 274
472 169
463 176
356 267
360 269
460 173
468 169
364 273
473 168
354 267
461 174
363 272
440 157
460 172
360 270
461 173
364 274
463 175
467 169
440 158
462 174
472 168
473 167
356 268
363 273
355 267
354 268
361 271
439 157
464 174
466 169
439 158
463 174
461 172
363 274
360 271
440 159
355 268
472 167
362 273
473 166
362 274
355 269
462 172
473 165
358 272
466 170
471 167
360 272
361 273
439 159
463 173
440 160
439 160
466 171
361 274
359 272
463 172
360 273
355 270
470 167
472 165
358 271
465 171
355 271
470 166
464 8
468 166
359 273
472 164
358 274
360 274
357 271
439 161
463 171
469 166
359 274
468 165
464 9
439 162
356 271
464 171
465 8
471 164
355 272
358 275
470 165
361 277
359 275
465 9
440 162
355 273
469 165
356 272
360 276
470 6
464 170
470 164
439 163
465 10
359 276
469 164
440 163
466 9
356 273
441 162
360 277
470 163
470 7
441 164
464 169
471 6
461 168
361 278
359 277
356 274
466 10
470 8
462 168
464 168
472 6
469 163
442 164
361 279
441 163
470 162
465 11
460 168
360 278
471 8
356 275
463 168
469 162
468 11
358 277
465 12
471 12
473 6
460 167
462 167
466 11
360 279
470 9
359 278
442 163
467 163
360 280
463 167
443 163
469 11
510 18
471 9
359 279
356 276
467 11
472 8
458 166
357 277
473 7
465 13
471 11
472 12
468 162
462 166
460 166
470 12
472 11
509 18
510 19
467 12
467 162
355 276
473 8
469 12
459 166
458 165
472 9
356 277
444 163
358 279
473 12
463 166
466 13
466 163
443 162
359 280
360 281
462 165
467 161
355 277
469 13
508 18
462 164
474 8
466 162
470 14
444 162
473 9
510 20
357 279
359 281
473 11
459 165
509 19
465 163
466 14
467 13
463 165
355 278
469 14
468 13
444 161
463 164
474 9
358 281
464 163
466 161
459 164
501 42
445 162
470 15
509 20
475 8
356 279
467 14
473 10
467 160
507 18
507 19
468 14
358 282
501 41
502 42
445 161
511 23
465 161
466 158
355 279
475 9
508 20
474 10
507 23
469 15
463 163
460 164
459 163
467 159
356 280
465 160
446 161
510 23
466 159
463 162
511 24
502 41
508 21
465 158
357 282
354 279
506 19
501 40
507 22
460 163
358 283
355 280
468 17
475 10
356 281
508 23
468 15
475 11
462 162
460 162
355 281
356 282
506 20
502 16
510 24
467 17
511 25
507 21
476 10
354 280
468 16
465 159
352 278
503 41
501 39
353 279
509 23
463 161
446 160
357 283
462 161
356 283
447 160
506 21
355 282
503 40
506 41
467 16
501 38
476 11
511 26
446 159
352 279
464 159
351 278
505 20
501 16
353 280
502 17
460 161
509 24
504 41
354 281
353 281
463 159
504 40
500 16
352 280
443 157
509 25
502 18
451 161
355 283
505 21
351 279
510 26
466 16
354 282
447 159
476 12
461 161
350 278
498 16
506 40
509 37
505 41
502 38
502 37
505 22
498 15
499 16
504 21
491 10
444 157
350 279
462 159
503 20
461 160
492 15
452 161
353 282
508 25
354 283
509 26
443 156
351 280
509 36
508 37
465 16
476 13
500 17
505 40
448 159
502 19
451 160
444 156
502 20
505 39
476 14
443 155
351 281
491 11
508 36
505 23
492 14
452 160
507 25
448 158
499 17
487 9
465 17
497 15
508 26
486 8
352 284
489 9
350 280
504 22
353 283
477 13
509 27
504 38
490 10
507 37
451 159
503 21
491 15
461 159
503 37
477 14
496 15
508 27
491 14
445 156
506 37
503 22
464 17
504 37
493 14
492 13
503 36
352 283
507 26
504 23
488 9
509 28
505 38
506 25
486 9
499 18
452 159
350 281
502 21
505 24
461 158
453 160
444 155
448 157
489 10
351 284
485 8
476 15
491 12
478 13
508 35
484 10
507 27
490 12
506 36
488 10
444 154
491 13
446 156
507 35
461 157
503 23
504 24
453 159
455 159
487 11
476 16
499 19
494 14
463 17
485 9
502 22
509 29
489 11
496 16
506 26
505 25
351 283
481 11
447 157
478 14
504 36
477 15
505 37
349 281
454 159
489 12
446 155
488 11
444 153
485 10
506 35
478 15
479 14
350 283
503 24
349 282
484 11
502 23
500 23
509 30
505 36
495 16
486 11
494 15
504 25
506 27
508 29
453 158
477 16
463 18
455 158
482 11
507 28
481 12
490 13
499 20
447 156
459 158
505 26
460 157
507 29
481 13
353 291
485 11
503 25
506 28
508 30
447 155
500 24
454 158
489 13
499 21
499 23
478 16
349 283
444 152
488 12
505 35
504 26
494 16
495 17
479 15
459 157
458 158
453 157
446 154
482 12
456 158
463 19
505 27
506 34
502 24
506 31
454 157
353 292
501 24
481 14
504 27
349 284
506 29
458 157
483 12
505 32
507 30
479 16
505 34
506 33
448 155
502 25
462 19
478 17
488 13
352 291
485 12
499 22
447 154
484 13
445 152
494 17
498 21
457 158
457 157
494 18
482 14
483 13
461 19
479 17
505 29
485 13
448 154
501 25
503 27
502 26
498 22
506 30
454 156
505 33
352 292
505 31
349 285
351 291
504 34
487 13
346 284
481 15
446 152
348 284
460 19
483 14
457 156
348 285
347 284
482 15
447 148
486 13
351 292
446 151
501 26
504 33
502 27
351 290
487 14
454 155
503 34
350 291
497 22
480 17
346 285
494 19
505 30
448 153
449 153
447 149
502 28
503 33
446 150
457 155
446 148
493 19
500 26
456 156
447 147
459 19
481 17
486 14
350 292
347 285
483 15
497 23
448 152
348 286
494 20
454 154
502 34
350 290
455 155
504 30
486 15
454 153
483 16
457 154
484 15
347 286
destination
