map
random512-40-1.map
pivot
468 399
agent & start
224 221
388 119
335 94
150 435
259 208
304 155
350 83
258 209
156 333
336 97
168 343
221 224
308 205
386 117
137 440
223 222
430 115
308 163
341 86
289 192
336 93
136 441
288 193
428 115
219 216
351 234
306 203
167 344
315 178
422 121
349 82
320 205
224 209
146 435
353 236
148 489
350 231
171 344
264 217
145 436
335 112
159 306
152 483
302 201
158 337
289 190
424 119
303 152
307 206
352 235
172 343
151 436
183 336
151 482
387 118
316 177
368 83
149 480
264 219
307 204
260 211
226 207
227 206
224 223
163 338
335 96
225 208
350 233
135 442
134 443
160 339
288 189
149 488
162 339
303 200
148 435
180 341
149 434
221 220
161 340
385 116
157 334
169 344
179 342
170 345
155 332
342 85
222 221
147 490
171 343
183 335
159 337
342 86
425 119
179 341
303 201
159 307
161 339
153 483
349 231
303 153
150 436
385 117
223 223
304 154
146 436
320 206
153 481
166 342
170 344
156 332
429 115
149 489
337 93
156 484
150 480
135 443
424 120
222 220
264 218
227 207
350 234
288 190
152 482
336 112
172 342
351 235
352 236
157 335
220 216
221 225
148 490
368 84
162 338
137 441
305 203
288 192
384 116
135 451
259 209
180 340
136 452
265 219
307 205
160 306
387 125
430 116
145 437
225 209
306 206
336 96
309 163
350 236
341 87
265 217
423 121
422 122
349 83
337 97
167 343
149 435
387 119
169 343
336 94
343 85
168 342
260 210
315 177
160 338
223 221
150 479
150 437
226 209
178 341
137 452
386 119
149 490
227 208
315 176
348 83
183 334
384 117
172 341
158 335
308 165
306 205
346 85
154 483
320 207
160 337
156 483
337 96
341 88
343 86
223 220
351 236
135 450
342 87
160 307
425 120
155 484
148 491
223 224
151 480
304 203
429 116
344 85
338 97
146 437
350 235
137 442
303 202
156 331
428 117
170 343
266 219
221 226
260 209
161 338
153 480
136 451
305 204
424 123
387 124
388 125
426 119
385 118
288 191
152 481
136 443
304 153
161 306
149 436
423 122
182 335
171 342
337 94
221 216
265 218
287 190
287 192
348 231
349 234
166 341
222 227
367 84
349 236
336 111
179 340
167 342
162 337
225 210
222 219
310 163
223 225
367 85
305 205
170 342
182 334
386 124
426 120
348 234
137 443
226 210
342 88
319 207
222 226
309 147
154 482
149 437
223 219
319 209
309 165
286 190
266 218
152 480
349 235
161 307
346 86
337 111
304 204
160 336
338 96
387 123
177 341
159 335
429 117
162 306
345 85
305 153
173 341
425 123
139 443
178 340
427 119
308 166
159 331
336 110
424 122
155 483
314 176
166 340
320 208
428 118
160 308
338 94
261 209
167 341
386 120
303 203
149 491
311 163
348 232
147 437
344 86
161 337
351 237
222 216
157 331
151 479
137 451
318 206
136 450
348 84
223 227
287 191
315 175
228 208
388 126
384 118
222 218
286 191
223 226
345 86
425 122
384 119
318 207
309 146
305 152
385 124
303 204
155 482
224 225
139 444
148 437
304 205
268 219
427 120
160 309
343 88
229 208
347 232
181 334
159 334
161 308
160 335
224 219
161 336
426 121
337 110
137 444
388 127
430 119
163 306
228 209
137 450
150 491
348 85
318 209
319 208
152 479
386 123
339 96
351 238
158 331
338 95
138 443
170 341
166 339
314 175
159 332
149 492
366 85
222 217
167 340
386 121
352 243
338 111
317 206
311 164
309 148
348 235
315 174
262 209
227 210
162 307
429 118
177 340
306 149
307 148
310 145
267 218
309 166
147 438
136 449
174 341
348 233
151 478
310 165
316 206
151 491
428 120
268 218
152 478
166 338
311 145
314 174
149 493
225 225
352 242
227 211
309 167
429 119
161 335
176 340
223 217
308 148
383 119
150 492
228 210
160 310
138 444
136 448
339 95
156 480
224 226
163 307
427 121
426 122
285 191
180 332
263 209
160 332
155 481
351 239
167 339
225 219
169 341
349 85
315 205
174 340
162 308
365 85
180 334
344 88
269 219
430 120
281 191
310 146
386 122
165 339
137 449
385 125
262 210
337 107
148 438
283 191
306 150
307 149
158 330
345 235
366 86
346 234
161 309
225 227
311 165
351 243
305 151
345 87
181 333
347 233
338 110
385 123
160 334
303 205
346 232
347 235
389 127
229 209
318 208
340 94
262 211
314 173
337 106
283 192
180 333
150 493
340 95
262 213
152 489
138 449
310 169
224 217
226 225
385 126
366 87
154 479
161 332
169 340
314 205
175 340
284 191
163 308
229 210
281 192
315 206
160 311
162 309
341 94
346 235
285 192
345 88
338 105
158 329
384 125
389 128
344 89
263 210
282 191
303 206
225 226
270 217
311 146
345 236
166 337
339 104
226 227
160 333
155 480
338 107
384 127
384 123
430 121
346 233
350 243
179 332
351 240
306 151
383 120
311 166
136 447
176 339
365 86
428 121
349 86
174 339
350 239
310 167
140 451
339 110
168 339
228 211
139 450
427 122
159 316
308 149
148 439
164 337
429 120
385 122
165 338
153 490
162 335
230 209
225 218
138 445
151 492
137 448
227 212
317 208
269 218
152 477
156 479
351 242
165 337
150 494
148 440
162 310
383 127
158 324
225 217
159 329
179 333
345 89
160 312
340 104
384 122
160 316
312 146
227 213
312 166
228 212
344 236
161 333
338 106
228 214
140 450
230 210
350 242
314 206
150 440
311 167
345 233
303 207
169 339
344 90
161 311
226 226
383 123
154 478
430 122
141 451
263 211
316 208
159 315
339 109
350 240
341 95
263 213
382 120
178 332
310 168
155 479
163 309
428 122
153 489
307 151
164 336
175 339
349 87
166 336
339 105
427 123
154 490
139 449
384 126
152 488
429 121
174 338
365 87
151 493
285 193
162 334
383 121
224 216
231 209
338 108
346 236
158 328
311 169
349 239
138 446
308 150
389 129
270 216
262 212
282 192
269 217
351 241
153 477
137 447
390 128
284 192
163 335
232 210
342 104
314 172
349 88
345 90
312 167
162 333
430 123
383 126
341 104
159 328
308 151
166 335
178 333
349 240
311 148
149 440
339 108
343 232
161 312
155 490
342 105
159 324
158 327
350 241
312 169
346 237
232 211
341 238
163 310
314 171
151 494
390 129
307 152
154 491
340 109
342 95
177 332
339 106
141 450
170 339
311 168
264 213
282 193
344 233
428 123
138 447
174 337
231 210
228 213
227 226
158 323
355 82
153 488
142 451
164 309
139 448
285 194
263 212
309 150
155 478
312 147
154 489
313 206
152 493
160 315
429 122
225 216
154 477
175 338
139 446
165 336
140 449
176 337
169 338
383 122
269 216
381 120
342 237
163 334
343 236
150 441
229 214
227 214
160 313
315 208
340 105
303 208
349 242
364 87
382 121
158 325
160 317
230 211
427 124
284 193
343 233
229 213
341 239
340 108
228 226
341 105
157 473
265 213
155 489
381 121
304 208
382 126
163 333
176 332
382 122
159 325
349 89
340 106
139 447
230 212
429 123
150 442
177 333
344 234
226 216
164 334
170 338
349 241
154 492
390 130
169 337
427 125
342 236
342 232
346 238
346 90
343 95
165 335
160 314
315 209
312 168
350 90
176 336
149 441
348 242
140 448
308 152
141 449
348 240
166 334
155 477
364 88
354 82
313 207
175 337
227 215
341 237
268 216
343 237
309 151
154 488
343 235
153 487
161 317
142 450
153 493
282 194
314 170
342 238
231 211
161 313
152 494
363 87
303 209
143 451
264 212
159 327
284 194
158 322
381 127
356 82
311 149
164 310
312 148
310 151
157 474
227 216
160 323
390 131
156 489
308 153
342 235
161 314
143 450
347 242
265 212
381 126
268 215
162 313
341 236
140 447
346 93
165 334
159 326
312 149
313 148
166 305
350 91
341 106
303 210
342 239
154 493
381 122
283 194
343 234
158 473
382 125
345 238
170 337
156 477
347 90
142 449
160 493
175 332
154 487
354 83
356 83
141 448
230 213
309 152
228 225
351 90
159 322
162 317
363 88
342 231
380 127
159 492
155 488
314 169
428 125
313 168
345 92
348 241
149 442
349 90
160 325
313 208
176 333
175 336
343 238
342 233
153 494
231 212
318 147
429 124
427 126
161 492
315 210
305 208
163 332
167 334
164 311
343 94
340 107
161 323
346 92
429 125
343 239
428 126
229 225
345 239
314 210
341 235
165 311
389 131
283 195
148 442
317 147
347 241
382 124
352 86
167 333
348 90
344 94
157 475
362 88
342 234
266 212
352 90
356 84
310 152
161 491
381 123
313 149
231 213
161 493
166 306
306 208
156 488
160 322
149 443
347 91
309 153
143 449
163 331
267 215
158 492
160 326
164 312
312 208
314 168
345 93
228 216
166 312
354 84
159 321
165 333
229 217
351 91
380 126
318 148
342 230
349 91
162 314
153 495
159 493
304 210
157 489
162 316
161 325
156 476
175 333
171 337
305 209
154 494
170 336
175 335
315 211
167 305
155 487
141 447
341 107
230 226
158 474
352 91
306 209
165 332
162 493
317 148
430 125
230 217
361 88
163 314
162 491
166 313
153 496
229 216
164 313
155 494
345 240
162 325
158 475
316 149
352 87
346 97
356 85
148 443
156 493
340 235
341 234
345 94
164 331
342 107
345 96
314 149
165 312
161 326
168 305
158 493
381 124
380 125
157 488
231 214
341 230
346 241
429 126
283 196
267 214
344 239
311 208
231 226
314 211
160 321
174 333
160 319
143 448
314 167
318 149
341 228
161 322
164 491
160 491
310 153
388 131
315 168
267 212
282 197
142 447
159 320
163 330
230 225
159 490
163 316
347 92
313 212
353 86
175 334
305 210
157 476
166 307
348 91
354 85
171 336
167 332
156 487
345 107
164 490
160 490
162 326
314 150
353 91
232 226
161 321
311 209
283 197
345 97
160 320
166 332
165 331
313 211
317 149
340 234
343 107
161 489
313 151
156 486
163 491
387 131
359 87
345 241
344 240
158 476
353 87
155 495
157 493
172 336
231 215
164 330
156 494
348 92
314 166
430 126
230 216
315 167
354 86
311 153
352 88
355 85
147 443
267 213
154 496
380 124
341 229
306 210
164 316
230 224
307 209
315 149
312 212
157 487
163 493
345 95
282 198
318 150
159 489
379 121
167 307
161 319
340 228
164 314
165 313
169 305
163 315
174 334
360 88
346 96
158 494
143 447
173 335
161 320
154 497
345 98
346 95
167 308
163 326
354 91
378 121
312 211
232 215
160 489
164 315
166 331
170 305
162 321
268 213
172 335
386 131
345 106
231 224
168 307
359 88
343 106
232 225
353 88
315 166
317 150
430 127
379 122
163 494
355 86
354 87
340 233
165 316
157 494
344 107
311 210
164 493
165 330
162 489
163 490
173 334
347 94
157 486
314 151
155 496
231 216
313 152
348 93
158 477
379 124
285 200
283 198
147 444
307 210
315 150
171 334
344 241
269 214
312 153
340 229
339 234
165 314
358 87
164 489
143 446
339 229
358 88
163 327
311 211
172 334
163 489
353 89
165 325
285 201
162 320
166 330
339 233
170 306
344 98
348 94
344 106
432 126
379 123
165 317
156 496
313 153
345 105
339 231
232 224
347 95
386 130
164 488
317 151
144 446
284 200
159 477
159 487
166 316
378 122
355 87
169 307
168 308
430 128
279 215
354 88
164 328
164 494
158 486
308 210
171 333
270 214
315 151
146 444
344 242
231 223
384 132
165 315
269 213
283 199
160 488
155 497
232 216
153 499
354 90
165 329
163 321
316 166
157 495
383 132
155 498
154 499
284 201
354 89
172 333
159 486
158 479
378 123
357 88
384 131
170 307
348 95
165 328
159 478
157 496
315 152
376 123
163 320
167 486
164 487
164 327
164 325
232 217
343 244
344 99
431 128
433 126
344 105
283 200
338 229
316 151
308 211
279 214
310 211
145 446
171 306
385 130
167 330
339 232
430 129
166 315
160 495
268 211
163 488
356 87
165 326
314 153
233 216
355 88
432 127
164 495
274 215
317 152
160 487
269 212
309 210
166 317
169 308
278 215
343 242
153 500
164 321
317 166
146 445
384 129
271 214
232 223
339 230
160 477
158 496
278 214
165 327
146 446
384 130
233 223
167 485
356 88
160 496
355 89
164 496
344 100
283 201
309 211
159 485
316 152
171 307
165 321
277 215
383 131
169 309
383 129
233 217
273 215
172 306
166 326
343 243
172 332
376 124
433 127
431 129
314 154
160 478
163 487
272 214
164 324
159 495
155 499
310 212
338 232
164 320
342 244
377 123
338 230
158 480
167 317
166 328
154 500
167 315
282 200
166 486
275 215
434 126
274 214
318 166
316 164
268 210
269 211
159 479
344 104
161 487
167 329
432 128
160 486
164 322
348 96
162 487
382 129
337 232
382 131
166 485
167 484
317 164
148 445
269 210
160 485
273 214
277 214
275 214
233 222
159 480
281 204
167 318
348 97
336 233
315 154
233 218
234 217
337 230
316 163
356 89
434 127
172 331
164 323
172 307
309 212
433 128
271 212
167 326
161 486
156 499
163 496
316 153
159 496
166 327
159 484
376 125
160 479
344 103
167 328
318 165
168 317
282 201
346 99
173 306
272 213
377 124
383 130
345 100
170 309
171 308
165 320
281 200
147 446
270 211
342 243
341 244
155 500
310 213
234 223
276 215
432 129
167 314
340 244
170 310
433 129
166 484
272 212
270 210
432 130
277 213
169 329
341 243
273 213
335 233
172 308
434 128
167 319
377 125
167 327
281 201
316 162
234 218
312 222
317 163
312 214
174 308
382 130
336 232
280 204
166 320
161 485
281 203
311 213
337 231
160 484
348 98
356 90
276 214
163 497
309 213
318 164
148 446
234 222
158 500
146 450
165 323
162 486
172 330
156 500
169 317
166 322
165 485
174 306
271 211
168 314
159 497
149 445
160 480
158 498
381 129
168 328
169 325
316 154
344 102
349 97
346 100
168 326
347 99
433 130
172 309
169 314
317 162
173 308
234 219
279 204
160 481
156 501
311 222
149 446
162 485
437 130
311 214
273 212
174 307
157 500
335 232
277 212
147 450
438 131
336 231
334 233
381 130
171 310
378 127
147 448
166 323
341 242
159 500
272 211
345 102
169 318
280 203
169 328
169 316
170 329
160 483
167 320
340 243
357 90
158 499
307 214
312 223
161 484
312 221
340 245
162 497
235 218
377 126
281 202
167 322
318 163
168 327
235 222
167 324
159 498
146 449
271 210
351 98
172 329
170 317
148 447
276 213
434 129
380 131
347 100
317 154
169 326
308 213
349 98
175 306
168 325
165 484
312 215
172 310
160 482
171 317
318 162
279 201
342 246
170 318
170 316
235 221
435 129
438 132
318 154
339 243
307 215
179 307
434 130
162 484
347 101
169 315
276 212
148 448
162 498
308 214
173 309
147 449
335 231
334 232
351 99
340 242
348 100
272 210
161 481
280 202
379 131
175 307
340 246
164 484
160 498
377 127
149 447
157 501
171 329
316 156
159 499
346 102
311 215
168 324
273 211
236 222
235 219
176 306
169 313
349 99
311 223
165 483
161 483
167 323
171 319
169 327
317 155
170 328
313 221
378 128
379 129
437 131
167 321
163 511
279 203
380 130
350 98
436 130
312 216
358 90
307 216
435 130
316 157
379 132
337 248
236 221
348 101
319 162
349 100
274 211
276 201
276 211
308 215
317 156
313 220
377 128
338 243
378 131
165 508
379 130
278 201
171 328
347 102
288 215
311 216
177 306
163 484
178 307
157 502
171 312
438 133
171 320
273 210
170 319
168 321
318 155
334 231
170 313
239 222
306 215
279 202
171 316
358 91
176 307
237 222
340 241
275 202
162 499
164 483
341 246
163 510
149 448
172 311
164 511
378 129
350 99
170 315
437 132
160 499
354 107
162 511
310 223
161 482
179 308
310 215
338 247
335 230
173 310
164 509
342 247
170 327
148 449
168 323
235 220
316 159
339 242
158 502
317 159
274 210
169 321
377 131
171 313
162 482
275 203
376 128
353 107
288 216
319 161
170 320
318 156
289 215
379 133
178 308
236 220
338 246
162 500
350 100
334 230
275 211
158 506
238 222
304 212
277 201
278 202
316 158
337 247
150 450
378 130
310 224
239 221
309 215
378 134
169 323
313 219
435 131
166 508
349 101
377 129
338 242
308 216
358 92
163 483
173 311
165 511
339 241
319 155
163 509
341 247
165 509
171 327
172 312
337 249
159 509
310 216
276 202
162 510
354 106
338 248
161 499
305 215
176 308
437 133
149 449
171 315
348 102
237 221
177 307
377 134
339 248
274 209
178 309
169 322
163 482
318 157
354 105
378 133
318 159
436 133
353 106
341 248
166 509
277 202
158 503
172 327
303 212
165 510
177 308
276 203
161 500
377 130
309 216
275 210
376 131
150 449
166 511
305 214
304 213
290 215
312 219
357 92
163 508
171 324
289 216
309 224
319 160
162 509
291 214
333 230
305 216
435 132
358 93
159 508
158 505
151 450
237 220
239 220
337 242
170 321
338 241
173 312
319 156
338 249
349 102
159 502
350 101
337 246
317 158
376 129
238 221
171 314
158 507
160 509
307 224
334 229
333 229
290 216
341 249
354 104
277 203
274 208
237 219
289 217
351 103
166 510
327 231
318 158
172 324
353 105
238 220
308 224
434 132
159 503
174 312
291 215
311 219
162 508
275 209
171 323
377 133
178 310
309 217
435 133
336 246
338 250
337 245
159 505
161 501
337 241
319 157
376 134
172 314
303 213
376 130
151 449
237 215
307 223
160 508
167 509
375 129
352 104
305 217
310 218
332 230
350 102
177 309
340 248
292 214
357 93
163 481
173 313
170 322
159 507
173 327
172 326
276 204
304 214
319 159
311 220
168 509
328 231
332 229
355 96
354 97
290 217
331 230
171 322
163 480
336 241
175 314
351 102
305 218
306 217
335 246
174 313
319 158
237 216
237 218
289 218
374 129
304 217
327 230
339 250
151 448
352 103
276 209
172 325
308 223
173 314
340 249
161 502
376 133
356 95
292 215
434 133
309 218
310 219
357 94
277 204
177 310
336 245
160 503
173 326
238 217
375 130
320 157
161 508
321 160
162 507
159 504
375 134
303 214
176 311
353 104
174 327
238 215
238 219
275 208
167 510
160 507
341 251
303 217
175 327
277 209
176 312
303 215
308 222
328 230
353 103
291 217
333 247
356 96
238 218
292 216
175 313
335 245
164 480
172 322
321 159
173 325
290 218
334 246
434 134
276 208
176 328
160 504
335 241
277 205
357 95
174 314
309 219
309 221
151 447
322 160
168 510
160 506
238 216
330 230
374 130
310 220
352 102
354 98
162 502
174 326
161 507
355 97
320 158
173 315
375 133
340 250
331 229
152 448
293 215
177 311
306 218
173 316
175 326
354 99
162 503
330 229
239 216
276 207
340 251
321 158
328 229
243 316
322 159
309 220
177 312
335 244
308 221
333 246
435 144
293 216
362 99
291 218
277 206
152 447
375 132
161 506
174 325
278 209
307 218
301 214
173 322
174 315
334 245
161 504
176 327
176 313
277 208
353 102
177 328
357 96
374 131
151 446
239 218
335 240
434 135
302 217
329 230
356 97
302 215
332 247
169 510
341 252
165 480
177 313
363 99
435 143
437 145
174 510
361 99
334 244
173 321
240 216
178 312
322 158
330 228
171 511
165 481
166 480
279 209
434 136
162 504
340 252
170 510
436 144
176 326
335 243
177 327
341 253
291 219
293 217
353 101
374 132
329 229
300 214
357 97
152 446
175 509
333 245
335 239
174 316
307 219
354 102
331 247
354 100
301 215
243 315
173 323
294 216
240 218
308 220
278 208
323 159
242 316
175 325
277 207
161 505
359 99
302 216
166 481
174 323
162 505
363 100
278 207
292 219
167 480
307 220
331 246
434 137
340 253
334 239
329 246
354 101
357 98
179 312
169 506
176 325
243 314
436 143
358 99
329 228
294 217
307 228
177 326
172 511
173 320
175 510
301 216
175 316
279 208
174 509
241 216
242 315
175 324
360 99
437 144
361 100
330 227
341 254
171 510
300 215
334 243
438 145
178 313
174 317
153 446
323 158
359 100
373 132
173 510
241 218
295 216
242 215
333 244
178 314
293 219
355 101
294 218
331 245
436 142
323 157
169 507
333 239
333 243
177 325
241 217
300 216
171 509
175 323
176 316
174 318
364 102
356 100
163 505
170 508
329 227
299 215
173 509
373 133
165 505
242 314
167 481
363 101
295 217
174 320
332 244
279 207
330 246
170 506
243 215
179 313
438 144
358 100
357 99
306 220
176 324
437 143
175 511
153 445
307 227
331 227
372 132
434 140
242 216
434 138
172 510
329 245
180 312
339 253
360 100
341 255
306 228
293 220
154 445
168 481
169 480
364 103
357 100
298 215
171 508
306 227
329 244
180 311
372 133
334 253
365 102
299 216
329 226
153 444
333 240
339 260
173 508
371 132
343 112
434 139
360 101
243 216
323 156
435 140
362 101
330 245
178 315
175 320
241 314
295 218
361 102
306 221
305 228
242 313
242 217
437 142
164 505
176 511
175 318
177 316
176 317
170 507
436 137
332 243
340 255
338 253
279 206
356 101
165 504
177 324
438 143
179 314
176 323
172 509
331 226
332 240
175 505
179 315
330 244
329 225
371 133
177 323
296 218
181 311
164 504
169 481
154 444
340 256
339 255
435 139
343 113
339 257
331 243
363 103
323 155
362 102
177 317
178 316
338 260
331 225
170 480
337 253
243 217
177 511
335 253
172 508
365 103
294 220
280 206
299 217
357 101
438 142
298 216
171 507
440 142
437 137
242 312
436 138
334 254
302 220
305 221
324 156
180 310
344 112
304 220
240 314
360 102
339 259
305 227
297 217
165 503
175 319
359 102
175 506
180 309
299 218
439 142
170 481
339 256
436 139
176 319
330 225
331 242
155 444
297 218
305 226
360 103
301 220
330 243
294 221
357 102
334 255
343 114
304 221
178 317
365 104
281 206
335 254
181 308
371 134
178 511
438 141
295 222
362 103
179 316
176 505
172 507
243 218
177 318
178 323
331 240
437 138
181 310
304 227
240 315
298 217
241 312
169 482
164 503
345 112
338 259
339 258
303 220
440 141
324 155
336 253
178 510
365 105
329 153
357 103
176 506
156 444
297 219
298 218
174 506
177 505
330 224
325 155
359 103
180 316
440 140
338 256
178 322
330 242
346 114
438 140
330 240
362 104
300 220
304 226
303 221
177 319
244 218
337 255
345 113
182 308
329 223
179 317
239 315
296 222
295 221
241 311
338 258
439 141
360 104
240 316
347 115
164 502
240 312
176 504
437 139
170 482
335 255
336 254
181 309
342 114
370 134
305 225
281 207
172 506
172 505
178 319
329 152
239 310
230 307
347 116
298 219
282 207
347 114
179 318
299 220
156 443
171 482
358 103
357 104
178 321
347 112
341 114
359 104
297 220
296 221
326 237
157 444
164 501
330 241
337 256
178 509
337 258
244 219
240 311
365 106
368 133
303 222
362 105
369 134
336 255
177 504
328 153
328 239
182 309
329 242
330 223
326 155
439 140
177 506
180 317
176 503
303 226
239 316
438 139
329 222
238 317
231 308
173 506
304 225
346 113
179 321
368 132
230 306
157 443
178 506
364 106
173 505
283 207
348 114
439 139
230 308
178 504
179 319
363 105
337 257
244 220
336 258
172 480
326 154
331 223
340 114
236 308
347 117
369 133
336 256
328 152
302 222
348 112
358 104
237 317
237 307
347 113
164 500
185 311
231 307
181 317
239 311
329 241
178 508
172 484
238 310
171 483
357 105
298 220
297 221
362 106
329 221
183 309
327 153
172 504
330 222
303 225
246 218
185 501
327 239
328 240
232 308
176 502
165 501
326 238
238 316
325 237
348 116
246 219
369 132
245 220
358 105
158 443
332 223
339 114
232 307
302 223
174 501
348 113
181 318
324 237
348 117
186 311
230 309
180 321
173 480
173 484
328 241
236 307
179 320
347 118
238 225
338 115
283 208
230 305
326 153
351 112
349 112
330 221
178 507
439 138
237 226
363 106
175 502
326 239
328 219
327 240
237 306
237 310
237 316
231 306
173 482
184 309
179 504
329 220
298 221
357 106
184 501
236 309
172 481
172 483
327 152
239 224
247 218
238 311
336 257
185 310
165 500
186 501
303 224
244 221
362 107
302 225
173 504
252 218
180 320
326 152
331 221
183 501
180 506
302 224
180 504
185 309
335 257
349 113
301 223
327 241
325 153
232 306
330 220
184 502
231 305
173 481
240 224
284 208
329 219
230 310
322 238
173 503
346 118
179 505
247 219
350 112
237 305
332 222
174 502
358 106
246 220
346 120
323 237
179 507
186 502
173 501
348 118
165 499
239 225
360 106
298 222
283 209
186 310
182 318
338 116
326 240
347 119
237 227
369 131
237 315
439 137
236 306
351 113
363 107
237 311
186 306
328 218
339 115
235 309
238 226
245 221
159 443
173 483
324 238
233 307
235 307
361 107
236 316
181 319
284 209
345 118
236 305
187 306
301 224
350 113
174 481
339 116
329 218
183 502
238 227
325 152
159 442
237 228
232 305
236 315
346 119
440 137
234 309
323 238
180 507
248 219
326 241
322 237
330 219
359 106
237 314
236 311
181 320
325 240
182 319
360 107
186 503
231 310
338 117
299 222
439 136
348 119
346 121
186 307
252 219
247 220
240 225
230 311
235 310
174 483
334 257
370 131
319 236
326 243
363 108
166 499
300 223
167 500
234 307
186 309
180 505
175 484
351 114
182 321
249 218
251 218
327 242
173 502
235 306
333 222
331 220
246 221
239 228
187 307
331 219
333 257
181 505
249 219
257 219
348 120
440 136
339 117
239 229
345 119
342 116
183 503
247 221
319 237
175 481
333 221
235 305
167 499
334 258
370 130
252 220
189 305
350 114
323 239
321 237
330 218
186 308
241 225
238 228
320 236
236 312
325 151
325 241
234 310
351 115
188 306
300 224
359 107
175 483
186 504
240 226
187 309
335 221
324 240
284 210
234 306
236 314
360 108
251 219
172 502
182 320
340 116
235 231
253 219
181 507
250 218
325 243
299 223
246 222
231 311
160 442
283 211
326 242
183 321
168 500
235 315
281 213
183 319
344 118
363 109
347 121
326 244
233 305
176 484
325 242
324 149
190 305
256 219
235 312
341 116
232 311
319 238
161 442
362 109
234 305
283 212
340 117
188 307
189 306
186 505
359 108
250 219
371 130
299 224
182 505
241 226
183 320
360 109
373 128
257 220
325 150
334 259
281 214
441 136
235 314
372 129
231 312
320 237
324 245
284 211
339 118
233 304
176 483
187 308
234 311
331 218
333 220
238 229
325 244
342 117
176 481
249 220
253 220
323 240
191 306
168 499
333 258
348 123
282 213
350 115
369 114
236 231
344 119
182 507
336 221
171 502
236 313
348 121
334 221
247 222
184 319
175 482
183 504
235 232
171 501
238 230
233 311
232 312
190 306
281 215
282 214
320 238
177 483
348 122
321 239
248 222
335 219
280 216
162 436
369 115
191 305
235 313
234 312
257 221
185 505
176 482
359 109
242 226
247 223
177 481
236 232
323 247
334 260
299 225
340 118
284 212
243 225
372 128
324 242
324 244
325 149
373 127
331 217
189 307
371 129
250 220
237 231
323 241
183 505
188 308
184 320
361 109
168 498
332 218
233 303
254 220
368 114
349 123
333 259
161 441
336 220
334 220
182 508
324 246
442 136
192 304
234 304
324 148
169 499
341 117
256 220
343 119
350 116
333 219
334 261
169 498
171 500
329 150
253 222
192 305
265 302
373 126
324 147
163 436
255 220
237 232
190 307
178 481
361 110
193 304
350 117
258 221
283 214
335 218
248 223
238 231
349 122
170 499
321 240
249 222
322 247
282 215
323 244
162 441
161 440
234 313
342 119
234 303
189 308
334 219
371 128
333 260
326 149
242 227
359 110
233 312
333 218
323 246
280 217
184 505
177 482
341 118
257 222
244 225
243 226
321 134
254 221
323 242
250 221
442 137
320 239
325 148
337 220
178 483
367 114
183 508
185 320
256 221
332 217
298 225
281 216
369 116
284 213
162 437
248 224
184 506
321 241
372 126
250 222
327 149
317 239
331 265
329 149
341 119
332 216
284 214
244 226
352 116
333 217
351 117
334 218
245 225
361 111
264 302
320 240
243 227
367 115
297 225
359 111
442 138
366 114
247 225
350 122
338 220
321 135
321 133
325 147
283 215
162 438
371 127
172 500
186 320
342 120
162 440
282 216
316 240
179 481
164 436
178 482
253 223
322 244
238 232
161 439
237 233
233 313
235 303
184 508
281 217
163 437
328 150
171 499
193 305
333 261
190 308
373 125
194 304
251 221
332 260
322 242
265 303
263 301
170 498
322 246
252 222
368 116
255 221
258 222
186 319
334 217
322 135
318 239
359 112
168 493
253 224
353 120
185 508
284 215
317 240
264 307
163 438
263 302
367 116
321 132
328 149
248 225
332 263
443 138
245 226
326 147
361 112
352 121
321 246
315 240
329 148
332 261
371 126
193 306
168 491
353 116
338 219
255 222
191 308
331 264
322 243
341 120
162 439
372 125
296 225
179 482
319 240
321 244
351 122
233 314
251 222
194 305
171 498
322 245
239 232
172 499
366 115
321 242
330 265
246 225
184 507
265 304
164 437
259 222
244 227
333 216
238 233
352 117
444 139
282 217
264 303
368 119
262 301
362 111
235 302
180 481
371 125
236 302
263 303
244 228
262 302
323 135
341 121
246 226
353 117
283 217
264 304
321 243
168 492
354 116
338 218
337 123
353 121
332 262
185 507
367 117
326 146
248 226
320 244
170 496
264 306
180 482
173 499
239 233
315 241
187 317
194 308
263 307
352 122
328 126
318 240
338 124
334 216
169 493
368 118
321 245
362 112
164 438
195 305
365 115
254 224
251 223
322 132
353 119
367 119
327 147
255 223
444 138
331 261
260 222
169 491
360 112
233 315
186 508
361 113
328 148
168 494
320 246
284 216
240 232
194 306
187 319
330 264
314 240
334 214
172 498
191 309
265 305
186 318
445 139
163 439
344 124
320 242
331 263
296 224
360 113
341 122
320 247
334 215
338 217
260 223
325 130
164 439
336 123
337 218
331 262
169 494
295 224
323 132
193 308
327 146
236 301
191 310
262 307
337 124
187 318
248 227
329 126
233 316
320 245
264 305
171 490
353 122
354 121
335 214
262 303
344 125
170 495
366 119
370 125
169 492
173 498
361 114
255 224
171 496
353 118
362 113
246 227
258 225
281 220
186 507
445 138
172 497
365 116
254 225
318 241
338 123
245 228
180 483
354 117
294 223
320 243
340 121
195 306
240 233
343 124
328 127
194 307
284 217
285 218
314 241
328 147
324 135
335 216
367 118
188 317
330 263
251 224
232 316
325 143
327 129
320 248
171 495
329 143
326 130
180 484
324 132
172 490
294 226
170 494
366 118
319 243
240 234
230 314
237 301
245 229
195 307
330 262
165 439
270 224
192 310
328 128
285 219
325 131
281 221
197 305
336 124
324 134
328 144
354 122
177 485
257 225
342 124
262 226
319 247
260 224
173 497
318 242
340 122
271 225
337 217
262 304
362 114
259 225
319 245
365 117
361 115
263 305
344 126
293 223
330 126
246 228
326 144
354 118
247 227
284 218
171 491
339 123
341 123
170 492
255 225
353 123
294 224
360 114
328 146
251 225
261 225
231 315
355 117
335 215
196 306
282 220
188 508
261 307
314 242
187 507
327 145
193 309
369 125
188 318
446 138
193 310
273 228
269 224
337 216
293 226
314 243
319 248
172 495
363 116
231 316
325 132
179 484
198 305
331 126
447 138
329 262
328 129
260 225
196 307
171 494
258 309
360 115
329 146
356 117
354 123
171 492
190 317
283 220
199 306
318 245
342 125
274 229
362 115
197 306
368 125
257 226
166 439
327 130
191 320
189 508
262 227
242 233
270 225
272 227
329 144
330 143
247 228
293 224
189 318
355 118
365 118
261 226
173 496
327 144
364 119
350 125
326 259
229 314
336 125
238 301
242 239
341 124
260 307
165 440
241 234
326 143
256 225
343 126
251 226
340 123
177 486
167 438
285 220
351 126
246 229
328 145
178 485
325 258
364 117
329 128
230 315
188 507
172 491
325 142
259 308
173 490
344 127
324 133
204 305
190 319
284 219
245 242
262 305
286 221
336 215
353 124
294 225
271 226
330 127
282 221
318 243
337 215
258 308
328 262
326 260
343 127
165 441
350 126
173 491
285 221
273 227
447 137
363 117
273 225
257 309
168 438
269 225
245 241
368 124
286 222
203 305
272 228
197 307
364 118
263 229
191 317
172 492
318 244
327 263
327 143
315 243
198 306
167 439
260 306
200 306
171 493
326 142
272 226
318 248
196 310
368 126
250 228
342 126
349 125
196 308
354 124
328 130
330 144
173 495
256 226
178 486
243 239
270 226
262 228
271 227
261 305
231 317
353 125
229 315
363 119
331 127
335 125
359 115
284 220
190 318
326 132
189 507
243 233
283 221
265 231
201 353
324 258
347 125
242 234
204 350
352 126
259 307
260 226
330 128
230 316
362 116
192 320
355 119
325 259
367 121
177 487
316 250
340 124
273 229
200 358
191 319
242 238
193 311
325 133
239 301
274 228
246 242
247 229
356 118
317 249
293 225
329 145
205 305
275 229
179 485
251 227
325 260
256 309
197 308
192 319
203 306
259 306
179 486
326 133
214 315
194 311
274 225
330 129
330 145
205 306
192 317
317 248
323 260
356 119
269 226
316 243
316 249
168 439
271 228
362 117
193 320
201 358
368 123
195 310
251 228
276 229
348 125
327 262
328 131
249 228
257 308
200 357
229 316
201 354
202 353
274 223
275 228
329 130
248 229
166 441
197 310
243 238
230 317
323 258
367 122
260 227
258 307
203 352
285 222
262 229
198 307
272 235
315 250
173 492
324 259
366 121
273 230
260 305
243 234
284 221
367 126
240 301
204 351
274 227
363 118
347 126
205 350
317 244
448 137
354 125
244 235
340 125
326 141
273 226
263 230
178 487
331 128
353 126
327 132
265 230
326 261
349 126
337 214
191 318
327 142
341 126
246 241
335 126
270 227
359 116
264 231
172 493
247 242
331 144
173 494
190 507
201 306
326 263
244 239
292 225
355 124
342 127
256 227
243 236
318 266
324 260
291 225
202 306
341 127
193 319
357 119
276 228
203 353
331 129
195 311
247 241
259 305
337 213
246 240
201 357
273 231
329 131
274 226
272 234
202 354
168 440
258 306
327 133
338 214
323 259
340 126
205 307
198 308
191 507
354 126
204 352
192 318
213 315
331 145
327 141
261 229
270 228
269 227
263 231
274 224
243 237
197 309
167 441
253 227
255 227
322 258
316 244
448 136
262 230
173 493
244 238
201 307
257 307
229 317
214 314
244 234
241 301
326 262
174 494
356 120
271 235
260 304
179 487
366 126
366 122
260 228
212 318
249 229
367 123
362 118
240 302
327 137
244 236
339 127
359 117
230 318
256 308
202 358
335 127
275 227
275 223
348 126
252 228
315 249
317 247
205 351
316 248
206 350
266 230
355 125
284 222
258 305
275 226
316 245
204 353
253 228
348 127
211 318
254 227
267 230
244 237
230 321
319 266
206 307
272 231
213 314
271 234
331 130
275 224
198 309
246 239
325 262
262 231
358 119
242 301
448 135
241 302
201 356
261 230
202 357
269 228
327 138
284 223
356 121
316 247
192 507
195 312
276 223
193 318
230 319
202 307
202 355
318 265
180 487
366 123
323 264
256 307
255 228
206 351
327 140
361 118
276 227
270 235
247 240
339 128
259 304
337 128
354 127
355 126
245 234
207 352
229 318
340 127
331 146
338 213
263 232
212 317
322 259
174 493
168 441
366 125
336 127
327 134
329 132
324 261
327 136
212 315
249 230
359 118
290 225
255 308
365 122
328 137
357 120
360 117
257 306
315 248
245 236
203 360
260 229
338 130
246 236
203 357
268 230
229 319
193 507
339 129
338 212
170 440
247 239
206 352
336 128
194 318
202 308
259 303
245 237
318 264
202 356
361 119
205 353
359 119
332 146
254 308
290 226
340 128
212 316
355 127
321 259
328 136
348 128
322 264
257 305
260 302
365 123
175 493
337 129
328 140
211 317
169 441
206 308
180 488
328 138
450 134
276 224
324 262
343 215
269 229
319 267
284 224
230 320
247 233
254 228
354 128
276 226
259 229
323 263
286 226
207 351
315 247
340 134
196 312
262 232
358 120
249 231
199 309
357 121
271 233
212 314
364 122
329 137
329 133
203 361
316 246
255 307
204 358
229 321
331 131
193 509
360 118
246 234
328 134
242 302
315 245
203 359
365 125
260 230
449 135
271 231
270 234
208 352
170 441
319 264
204 357
357 122
321 264
270 233
289 226
342 215
338 211
259 230
254 307
284 225
202 361
206 309
315 246
347 128
365 124
322 261
260 301
254 229
247 234
228 321
343 214
248 233
319 268
246 235
258 303
180 489
197 312
277 226
195 318
336 129
211 350
205 354
246 237
339 130
243 302
175 492
454 133
203 356
259 302
269 230
250 233
229 320
337 130
323 262
211 316
340 129
211 314
457 134
277 224
450 135
285 226
204 359
331 132
202 309
256 305
171 440
212 351
363 122
193 508
333 146
260 231
286 227
329 134
451 134
340 133
208 351
360 119
200 309
214 351
358 121
248 239
271 232
194 509
196 317
228 319
329 136
247 238
355 128
249 232
321 260
261 232
339 134
328 135
328 139
329 140
364 123
314 247
207 310
361 120
259 300
199 310
203 308
283 224
206 353
322 263
242 303
330 138
178 494
195 509
451 135
321 261
170 442
456 134
261 233
339 133
210 314
356 128
202 310
250 234
209 351
247 235
205 359
359 121
211 351
346 128
204 310
197 317
283 225
277 225
206 354
320 264
329 135
269 233
270 232
341 213
199 311
209 313
358 122
362 122
254 306
338 132
212 352
336 130
342 214
363 123
310 282
318 268
322 262
364 124
330 140
329 139
314 246
278 226
457 135
202 362
213 351
210 316
207 311
360 120
278 224
203 309
256 304
214 352
284 226
340 130
257 303
198 312
321 263
196 318
338 134
258 302
363 125
331 133
227 319
210 350
249 239
334 146
228 320
179 489
204 356
258 300
453 133
243 303
285 227
259 301
259 231
171 441
200 310
248 238
269 231
343 213
289 227
254 230
247 237
194 508
339 211
361 121
455 133
176 492
206 310
249 233
321 262
209 316
331 140
310 281
196 319
269 232
330 135
332 133
304 281
317 268
345 212
320 263
342 129
253 232
337 132
318 269
253 306
331 134
455 134
177 492
210 351
201 310
284 227
346 129
210 315
204 311
206 311
203 310
361 122
290 229
244 303
198 507
207 354
341 130
177 490
248 235
258 301
341 212
343 144
211 352
358 123
453 134
206 357
249 234
278 225
313 246
338 133
206 359
343 212
283 226
342 145
248 237
197 318
303 280
205 310
258 231
209 314
205 356
456 135
195 508
339 210
311 280
199 312
309 282
357 128
305 282
200 311
256 303
360 121
202 363
179 494
171 442
452 135
227 320
334 145
342 213
259 232
208 313
255 304
254 231
196 509
205 364
260 233
256 231
363 124
362 125
330 139
317 274
249 238
178 489
289 228
331 138
336 131
213 352
178 493
358 124
208 316
226 320
342 144
305 281
312 246
206 358
290 230
331 139
178 490
361 123
317 273
195 507
337 133
207 355
205 311
320 262
336 132
208 314
357 127
331 135
343 129
304 280
197 507
254 232
201 311
207 313
283 227
339 209
455 135
341 211
345 211
332 138
198 506
317 267
342 212
180 494
177 491
254 304
259 233
268 232
312 248
316 274
248 236
256 302
303 279
338 208
335 145
362 124
196 508
209 315
171 443
203 311
200 312
249 235
255 231
344 212
311 279
206 364
205 365
279 225
453 135
213 353
255 303
253 305
253 233
317 269
202 364
289 229
306 282
309 281
456 136
210 352
360 122
257 231
249 237
206 356
332 140
310 280
341 145
179 493
341 131
245 303
252 306
197 319
309 275
332 134
342 130
343 143
345 129
257 301
305 280
283 228
198 319
342 211
210 353
319 260
358 127
359 124
196 507
309 280
245 304
339 208
311 278
310 279
255 232
342 143
316 267
316 273
344 211
282 227
316 269
195 506
253 304
225 320
455 136
304 279
206 365
338 207
197 506
341 210
207 356
345 130
312 247
312 277
335 132
280 225
332 139
252 305
213 354
332 135
319 262
310 275
197 322
205 366
357 126
454 135
254 303
179 492
336 133
207 314
344 129
172 443
249 236
256 301
178 491
342 131
207 358
361 124
288 229
205 312
309 274
289 230
267 232
306 281
281 226
226 321
203 312
358 125
201 312
340 145
180 493
258 233
311 248
360 123
284 229
343 130
336 145
333 138
255 302
208 315
453 136
340 209
257 232
341 144
202 365
207 366
335 144
208 367
254 233
207 315
311 247
316 270
454 136
254 234
341 209
180 492
225 321
212 354
333 135
315 273
197 321
283 229
173 443
201 367
337 145
318 260
255 233
196 506
254 302
202 312
455 137
310 240
205 313
203 367
250 236
339 207
305 279
358 126
208 356
311 277
306 280
336 144
207 367
198 320
200 314
198 500
341 143
253 235
344 210
360 124
258 234
257 233
311 275
309 279
343 131
319 261
208 358
246 304
252 304
344 130
316 272
267 233
281 227
334 138
206 314
206 366
342 210
179 491
335 133
288 230
198 322
255 301
333 139
198 504
285 229
310 248
316 266
202 366
310 274
340 144
210 354
333 137
199 323
280 226
209 367
312 276
310 277
339 144
181 492
198 321
306 279
335 134
204 367
197 504
251 304
318 261
360 125
310 241
201 314
211 354
206 367
281 228
344 131
256 233
198 501
454 137
173 444
309 278
180 491
315 272
334 135
334 139
209 358
334 137
339 206
308 279
204 313
205 314
282 229
209 356
201 368
253 302
209 368
254 301
206 315
280 227
257 234
285 230
287 230
312 243
200 315
340 143
247 304
223 322
181 490
200 323
309 240
337 144
312 275
311 274
225 322
359 126
455 138
344 209
202 367
202 313
254 235
315 266
343 132
251 236
333 136
310 247
172 445
267 234
199 322
196 505
252 235
198 503
316 271
197 500
309 248
305 278
311 242
342 209
182 490
334 140
203 369
172 446
285 231
308 278
281 229
196 504
309 241
206 316
201 323
311 243
211 355
204 368
262 238
181 491
340 206
197 503
201 315
309 277
286 230
360 126
252 236
202 314
210 358
334 136
344 208
197 501
317 261
310 246
452 140
312 244
311 273
282 232
266 234
225 323
341 207
339 143
337 143
310 242
173 445
209 369
204 314
202 368
305 277
341 205
344 132
254 300
315 271
314 266
342 208
455 139
223 323
224 322
306 278
210 356
255 235
280 228
256 234
206 368
314 272
309 247
247 303
265 235
312 274
251 303
281 233
454 138
252 302
248 304
199 321
335 135
207 370
209 370
280 229
200 321
343 202
467 136
454 139
205 316
339 142
261 238
252 237
286 231
204 369
203 314
197 502
308 277
252 301
174 445
309 246
310 245
341 206
248 303
307 278
196 503
212 361
250 303
196 501
281 232
342 207
265 236
200 317
306 277
201 316
316 261
182 491
309 242
336 135
311 244
314 271
343 208
211 356
173 446
183 490
206 369
338 143
335 136
452 141
201 322
344 133
253 300
313 266
224 323
263 238
335 140
342 205
211 358
313 272
280 233
314 269
256 235
262 239
346 133
337 142
210 357
312 273
453 140
310 243
202 369
266 235
202 315
249 304
204 315
282 233
361 126
342 206
205 369
201 317
345 133
204 370
280 232
468 136
196 502
195 503
200 318
204 316
309 243
280 230
246 300
452 142
250 302
201 371
200 320
206 370
281 231
453 141
202 370
336 140
209 371
256 236
454 140
184 490
174 446
286 232
314 270
308 242
283 233
361 127
265 237
266 236
268 238
260 238
211 357
261 239
343 203
313 269
346 134
211 375
313 271
343 207
183 491
201 321
212 360
310 244
208 370
309 245
211 359
467 137
213 361
253 237
337 141
338 142
316 262
202 316
252 300
344 202
307 277
312 272
336 136
249 303
313 265
224 324
264 238
203 315
468 137
268 239
187 454
256 237
336 139
284 233
286 233
212 375
174 447
264 239
337 136
338 141
224 325
260 239
203 316
212 359
247 300
265 238
211 374
345 134
202 371
280 231
307 276
204 317
259 238
279 230
254 237
206 371
308 243
251 300
345 202
266 237
209 372
destination
