map
random512-10-0.map
pivot
254 254
agent & start
511 511
511 510
510 511
511 509
510 510
509 511
508 511
0 511
511 508
511 0
510 509
509 510
1 511
507 511
509 509
510 508
0 510
511 507
510 0
511 1
508 510
506 511
0 509
509 508
507 510
510 1
511 506
509 0
511 2
1 510
2 511
510 507
508 509
2 510
509 507
509 1
511 3
508 0
0 508
1 509
506 510
3 511
508 508
0 0
505 511
510 506
510 2
511 505
507 509
507 508
506 509
4 511
504 511
509 506
0 507
0 1
510 505
507 0
509 2
511 504
3 510
510 3
1 0
2 509
1 508
2 508
511 503
510 504
507 507
0 506
0 2
506 0
2 0
509 3
507 1
506 508
510 4
511 5
1 1
508 2
504 510
508 506
3 509
1 507
4 510
502 511
6 511
1 2
511 6
506 507
506 1
509 504
4 509
2 1
1 506
3 0
508 3
3 508
505 0
510 5
5 510
0 505
509 4
507 2
503 510
510 503
507 506
511 502
501 511
508 4
4 508
506 2
3 1
507 505
508 504
6 510
505 507
511 7
2 506
502 510
505 1
506 506
1 505
7 511
511 501
4 0
3 507
5 509
0 504
1 3
509 503
503 509
510 6
504 0
510 502
507 3
8 511
511 8
511 500
4 507
509 502
500 511
503 0
1 504
2 505
506 3
508 503
0 503
6 509
5 0
1 4
510 7
509 6
507 4
505 506
507 504
501 510
0 5
2 3
3 506
5 508
510 501
504 1
503 508
3 2
506 505
7 510
4 1
508 5
500 510
9 511
505 3
0 502
506 4
6 0
503 1
508 6
509 7
506 504
505 505
3 505
511 9
510 500
504 506
2 504
502 0
1 5
511 499
510 8
503 507
4 506
6 508
499 511
509 501
1 503
502 508
501 509
5 507
0 6
2 4
504 2
507 503
3 3
5 1
7 509
0 7
505 504
7 0
499 510
502 507
0 501
509 500
502 1
505 4
1 502
7 508
510 499
501 0
501 508
5 506
508 501
503 2
2 5
511 498
4 505
8 509
507 6
504 505
1 6
511 10
3 504
504 3
4 3
6 507
506 503
3 4
498 511
9 510
506 5
10 511
508 7
2 503
509 8
5 2
500 509
506 6
502 2
8 508
502 506
506 502
8 0
510 10
1 501
500 0
497 511
508 500
504 4
509 499
511 497
5 3
507 501
5 505
511 11
0 500
499 509
1 7
7 1
510 498
504 504
505 5
498 510
505 503
6 506
4 4
3 5
9 509
7 507
503 3
507 7
2 502
4 504
0 8
508 8
503 505
10 510
2 6
509 11
501 507
11 511
7 2
508 9
506 501
510 11
501 2
5 4
505 6
505 502
511 496
4 5
12 511
7 506
2 501
496 511
497 510
501 506
1 8
504 503
500 507
507 8
510 497
503 4
509 10
509 498
500 1
504 5
0 9
507 500
9 0
502 3
9 508
6 505
3 502
499 508
6 3
5 504
4 503
3 6
506 7
8 1
502 505
499 0
1 500
2 7
503 504
10 509
11 510
498 509
498 0
7 505
499 507
504 6
6 504
505 501
506 500
6 4
498 508
10 0
502 4
1 499
9 1
5 503
505 7
511 495
502 504
4 502
501 505
501 3
510 12
2 8
12 510
4 6
509 497
0 10
9 507
8 506
5 5
13 511
3 7
507 9
503 503
507 499
11 509
500 506
495 511
500 2
503 5
510 496
8 2
10 508
1 9
496 510
0 498
504 502
499 1
497 509
508 10
506 8
511 13
2 500
3 501
501 504
509 14
506 499
501 4
504 7
13 510
503 6
3 500
1 498
502 5
10 507
5 502
496 509
8 3
12 509
499 2
510 13
504 501
500 505
511 494
511 14
2 9
10 1
9 506
2 499
509 496
6 503
7 4
499 506
494 511
507 498
9 2
3 8
0 497
507 10
14 511
503 502
497 0
1 10
500 3
502 503
8 505
5 6
498 1
6 5
506 9
505 8
495 510
505 500
498 507
497 508
510 495
7 504
11 508
1 11
494 510
2 10
505 499
510 494
10 506
7 5
11 507
502 6
509 13
504 8
503 501
496 508
8 504
5 7
0 12
507 11
1 497
14 510
5 501
8 4
501 503
498 2
510 14
499 505
15 511
497 1
3 499
504 500
6 6
12 0
502 502
9 3
501 5
11 1
500 4
495 509
498 506
509 495
13 509
500 504
507 497
4 500
505 9
497 507
9 505
493 511
499 3
508 12
7 503
511 15
0 496
4 8
511 493
506 10
508 496
6 502
12 508
496 0
504 9
505 498
501 6
509 494
495 0
494 509
10 3
1 12
0 495
498 5
9 4
4 9
504 499
5 8
502 7
499 504
16 511
506 497
502 501
8 5
0 13
501 502
7 6
2 497
11 506
13 0
508 13
511 492
493 510
10 505
505 10
7 502
498 3
496 1
11 2
510 493
6 501
497 506
3 10
497 2
503 500
2 11
8 503
500 503
15 510
508 493
4 499
9 504
14 509
511 16
503 8
6 7
1 496
499 4
498 505
500 5
492 511
13 508
507 496
508 495
506 11
507 12
510 15
12 1
496 507
495 508
3 498
498 4
7 7
499 503
11 503
492 510
502 8
2 12
13 507
1 13
505 497
500 6
6 500
499 5
0 14
497 5
16 510
9 5
497 505
14 508
11 505
3 11
1 495
8 6
503 9
14 0
9 503
3 497
506 496
502 500
6 8
510 492
509 493
500 502
5 499
12 506
506 12
12 2
8 502
0 494
496 504
4 10
507 13
494 0
498 504
5 9
494 508
503 499
496 2
7 501
497 3
4 498
491 511
495 507
504 10
510 16
495 1
10 4
498 6
501 501
10 504
493 509
13 1
511 17
507 495
511 491
2 496
508 494
11 3
504 498
505 11
501 7
9 6
509 16
507 14
494 507
508 15
491 510
503 498
501 8
5 10
15 508
499 500
505 496
17 510
501 500
496 3
505 12
12 3
7 8
0 493
8 501
4 497
497 504
498 7
2 13
511 490
493 508
492 509
510 491
0 15
7 500
18 511
507 494
10 503
11 504
502 9
509 492
497 8
504 497
498 503
500 7
3 12
13 2
499 6
506 495
506 13
14 1
1 14
3 496
493 0
10 5
5 498
495 506
511 18
503 10
2 495
504 11
490 511
497 4
15 0
9 502
8 7
495 2
11 4
6 9
4 11
502 499
12 505
494 1
499 502
496 505
13 506
498 8
490 510
497 503
14 2
12 504
489 511
16 0
19 511
498 500
13 505
505 495
499 7
493 1
497 7
499 499
9 501
8 500
500 8
493 507
511 19
505 13
496 4
509 17
5 11
3 13
1 15
7 9
15 1
13 3
1 493
491 509
12 4
2 14
11 5
4 12
501 9
495 505
16 508
17 509
3 495
494 2
506 14
510 490
0 16
492 0
10 502
504 12
494 506
498 502
9 7
506 494
502 10
5 497
510 18
509 491
6 10
6 498
14 506
10 6
504 496
502 498
0 492
499 501
508 16
503 497
15 507
501 499
507 15
492 508
8 8
503 11
511 489
2 494
495 3
18 510
491 0
2 493
508 17
13 504
501 10
500 499
8 9
494 3
497 502
4 495
488 511
15 506
505 494
489 510
501 498
13 4
493 506
502 11
16 507
4 13
503 12
491 508
497 500
15 2
0 17
20 511
503 496
1 492
7 10
505 14
5 12
17 508
19 510
494 505
12 5
498 9
11 6
504 13
504 495
509 18
6 497
10 7
506 493
2 15
18 509
507 492
493 2
8 499
3 14
508 491
5 496
492 507
6 11
495 4
506 15
3 494
496 7
498 501
0 491
17 0
510 19
499 8
500 9
7 498
10 501
14 3
507 16
511 488
9 500
492 1
510 489
490 0
509 19
13 5
499 9
16 506
505 15
10 8
507 491
11 501
7 497
508 18
510 488
18 508
18 0
11 7
490 508
489 509
506 492
4 494
496 502
19 509
487 511
12 6
488 510
9 499
14 504
494 4
497 501
493 3
14 4
0 490
504 494
1 491
2 492
9 9
492 506
511 21
8 498
0 18
4 14
7 11
503 495
495 503
21 511
507 17
491 1
496 6
504 14
8 10
502 12
494 504
509 489
501 497
501 11
491 507
495 5
510 20
16 2
506 16
2 16
508 490
17 507
511 487
5 495
505 493
492 2
15 3
19 507
502 496
20 510
1 17
6 12
500 10
5 13
13 503
500 498
3 493
493 505
15 4
4 493
505 16
10 9
11 8
19 508
509 20
500 497
490 507
504 15
510 487
492 3
488 509
12 501
8 11
0 19
12 7
0 489
5 494
495 502
487 510
6 13
506 19
496 501
499 10
489 508
14 503
13 6
494 5
3 492
1 18
7 496
502 13
9 498
18 507
502 495
507 18
3 16
501 12
1 490
500 11
489 0
13 502
2 491
7 12
21 510
22 511
508 489
504 493
509 488
491 2
8 497
507 490
494 503
2 17
495 6
11 500
493 504
493 4
506 491
19 0
4 15
6 495
511 486
destination
