map
random512-25-5.map
pivot
375 367
agent & start
130 14
25 117
126 16
15 127
67 75
47 97
46 96
69 73
46 104
50 110
132 12
65 77
108 34
124 18
88 54
8 134
31 111
83 59
6 136
55 87
58 84
142 0
4 138
129 13
60 82
59 83
98 46
92 50
76 66
100 42
13 129
119 23
61 81
98 44
91 51
23 121
116 26
36 106
133 9
127 15
93 49
119 25
5 137
56 86
131 11
125 17
16 128
49 101
40 102
140 2
50 92
75 67
47 95
90 52
20 122
89 53
62 80
47 103
19 123
126 20
102 40
47 99
33 109
121 21
38 104
43 101
114 28
23 119
73 69
48 94
99 43
128 14
64 78
109 33
44 102
113 29
0 144
118 24
84 58
24 118
7 135
141 1
106 36
94 48
124 20
142 4
110 32
112 30
45 103
132 10
11 131
16 126
96 48
3 139
54 88
41 101
35 107
2 142
66 76
22 122
48 102
37 105
81 61
123 19
82 60
53 89
141 3
26 116
27 115
10 132
115 28
114 29
26 117
82 61
49 108
32 111
54 89
113 30
62 81
49 102
91 52
33 110
40 103
99 44
1 144
133 12
41 102
8 135
23 124
141 2
11 132
108 35
112 31
51 102
99 46
14 129
85 58
44 103
49 100
37 106
21 122
0 145
50 93
132 11
129 14
75 68
48 103
35 108
110 33
119 24
126 19
48 107
22 123
134 9
15 128
86 57
123 20
50 109
47 96
47 98
88 55
128 15
34 111
4 139
125 20
43 102
116 27
69 74
50 101
84 59
17 126
94 49
125 18
142 3
24 119
122 21
25 118
68 75
18 125
45 104
127 16
48 95
51 110
133 10
121 22
20 123
101 42
9 134
74 69
73 70
143 0
2 143
6 137
106 37
98 47
36 107
90 53
81 62
56 87
103 40
107 36
83 60
76 67
48 99
93 50
67 76
19 124
77 66
47 104
61 82
59 84
65 78
110 35
27 116
38 105
97 48
24 121
123 21
92 52
51 101
120 24
103 41
37 107
47 107
68 76
107 37
126 18
73 71
15 129
93 51
51 103
85 59
12 132
82 64
121 23
62 82
111 35
78 66
59 85
33 111
56 88
49 107
49 99
100 44
23 125
99 45
86 58
66 78
35 111
18 126
9 135
11 133
133 11
25 119
108 36
41 103
125 21
51 93
115 31
82 62
48 106
50 102
90 54
21 123
14 130
143 1
98 48
5 139
49 95
143 3
102 42
4 142
28 116
100 46
88 56
0 146
112 32
113 31
134 12
3 143
142 2
70 74
24 120
129 15
76 68
87 57
114 30
127 19
115 29
122 22
44 104
60 84
84 60
40 104
81 63
91 53
7 137
128 16
27 117
55 89
116 28
50 100
22 124
144 0
38 106
74 70
50 108
2 144
35 109
48 104
127 17
48 96
19 125
48 98
51 109
99 47
104 40
89 55
34 112
6 138
43 103
134 10
34 110
109 35
111 33
49 109
81 65
48 108
94 50
13 131
101 43
39 105
128 19
51 108
8 137
88 57
143 2
78 67
105 40
28 117
26 119
71 74
115 30
14 131
27 118
85 60
90 55
40 105
74 71
48 109
129 16
7 138
108 37
84 61
116 31
19 126
147 0
61 84
56 89
44 105
10 135
99 48
38 107
63 82
91 54
50 99
5 142
101 44
125 22
4 143
20 125
69 76
13 132
103 42
107 38
134 11
77 68
12 133
49 98
128 17
3 144
116 29
93 52
89 56
82 63
0 147
127 18
145 0
112 35
83 64
6 139
50 103
42 103
1 146
102 43
39 106
51 100
36 109
111 34
67 78
79 66
86 59
25 120
49 106
112 33
22 125
60 85
49 96
75 70
94 51
113 32
47 108
43 104
15 130
95 50
73 72
36 111
11 134
52 93
144 3
68 77
35 110
100 45
73 74
59 86
37 108
87 58
49 104
123 22
81 66
80 65
70 75
33 112
21 124
144 1
45 106
92 53
62 83
121 24
109 36
16 130
26 120
76 70
40 106
73 75
63 83
6 140
3 145
51 107
87 59
80 66
49 97
21 125
109 37
53 93
61 85
129 17
5 143
29 117
90 56
0 148
116 30
43 105
41 105
36 110
79 67
51 99
84 64
1 149
135 11
1 147
83 65
28 118
99 49
2 146
59 87
125 23
9 137
57 89
50 96
7 139
50 104
14 132
50 98
95 51
145 1
122 24
68 78
27 119
47 109
70 76
117 29
93 53
88 58
42 104
85 65
112 36
123 23
130 16
107 39
52 100
84 62
71 75
128 18
112 34
62 86
102 44
101 45
72 74
63 87
104 42
39 107
20 126
62 84
74 72
37 111
94 52
45 107
85 61
91 55
121 25
131 15
52 108
15 131
100 48
70 78
127 21
146 0
11 135
13 133
78 68
38 108
124 22
100 50
83 63
113 33
103 43
46 108
105 41
128 20
96 50
33 113
37 109
44 106
75 71
50 106
144 2
147 1
58 88
108 39
87 60
53 94
11 136
129 18
63 84
102 45
8 139
29 118
7 140
3 146
4 145
76 71
94 53
59 88
26 121
57 90
100 49
41 106
109 38
120 27
33 114
69 78
121 26
51 98
128 21
2 147
15 132
97 50
27 120
71 76
117 30
60 87
131 16
86 61
80 67
85 64
46 109
21 126
85 62
100 51
70 77
123 24
1 148
7 142
146 1
43 106
62 85
47 110
73 76
61 86
106 41
39 108
17 130
136 11
95 52
112 37
58 89
91 56
124 23
88 59
96 51
8 143
77 70
127 22
44 107
30 117
0 149
99 50
9 138
105 42
52 107
110 37
53 100
125 24
50 105
104 43
79 68
62 87
83 68
28 119
148 1
113 34
74 73
5 144
52 95
78 69
14 133
20 127
145 2
37 110
86 65
84 65
63 86
10 137
72 75
132 15
45 108
102 51
122 25
93 54
84 63
101 50
50 97
42 105
7 143
71 77
27 121
75 73
92 56
8 140
103 45
0 150
83 67
106 42
10 138
149 1
86 64
118 30
100 52
16 132
97 51
88 60
8 144
21 127
52 106
15 133
46 110
99 51
52 98
62 88
30 118
85 63
45 109
9 139
101 49
5 145
78 72
114 34
132 16
3 147
52 104
102 50
2 148
39 109
124 24
53 99
109 39
137 11
14 134
80 68
64 86
28 120
34 114
86 62
60 88
17 131
33 115
72 76
32 116
119 29
120 28
29 119
41 107
61 87
131 17
53 95
52 96
129 23
12 136
98 50
55 93
8 142
2 152
76 72
121 27
54 94
64 84
146 2
6 144
57 91
95 53
108 40
20 128
44 108
82 68
113 37
77 71
63 85
51 105
87 61
68 80
94 54
123 25
147 3
128 22
38 110
13 135
59 89
91 57
84 66
130 18
51 97
104 44
106 44
4 146
96 52
93 55
110 38
42 106
127 23
78 70
103 51
69 79
138 11
1 152
122 27
99 52
131 18
40 109
53 96
39 110
33 118
34 115
53 106
95 56
13 136
18 131
0 151
76 73
32 117
107 42
96 53
147 4
68 81
98 51
35 114
53 104
61 88
42 107
58 91
28 121
104 51
108 41
22 127
7 144
123 26
5 146
3 148
113 38
130 23
93 56
55 94
11 138
78 71
121 28
29 120
45 110
6 145
53 98
129 22
86 63
102 49
41 108
146 3
8 141
56 93
110 39
114 35
92 57
124 25
2 151
65 84
52 105
9 140
25 124
25 126
15 134
17 132
114 37
97 52
72 77
27 122
52 97
60 89
106 43
65 86
77 72
130 19
79 70
133 16
120 29
88 61
59 90
103 50
118 31
84 67
80 69
81 68
104 45
43 108
119 30
30 119
117 32
87 62
21 128
116 33
132 17
149 0
64 85
127 24
33 116
69 80
14 135
109 40
12 137
105 44
95 54
94 55
29 121
114 36
130 22
11 139
39 111
34 118
9 141
123 27
121 29
146 4
72 78
96 54
109 41
150 0
69 81
118 32
103 49
58 92
16 134
102 48
27 123
113 39
95 57
138 12
53 97
36 114
0 152
127 25
21 129
55 107
105 45
115 37
41 109
2 150
98 52
31 119
132 18
116 34
37 113
104 46
20 130
85 67
7 145
4 148
115 35
28 122
25 127
110 40
107 43
54 96
55 95
117 33
42 108
120 30
66 86
35 115
26 126
18 132
136 14
122 28
131 19
79 71
65 87
8 146
124 26
87 63
25 125
45 111
144 6
143 7
68 82
71 79
54 106
57 93
77 73
92 58
19 131
111 39
22 128
86 68
12 138
30 120
33 119
65 85
94 56
108 42
40 110
103 47
26 124
133 17
3 151
34 116
6 146
67 83
13 137
53 105
32 118
91 59
70 80
81 69
137 13
89 61
139 11
97 53
61 89
54 104
60 90
95 55
23 127
134 16
80 70
33 117
104 50
15 135
10 143
23 128
55 106
115 36
110 41
88 63
39 112
56 95
104 49
4 149
151 0
75 76
16 135
9 146
56 107
133 18
57 94
132 19
destination
