map
random512-25-7.map
pivot
248 201
agent & start
511 507
510 508
509 508
511 506
506 511
510 507
511 505
509 507
505 511
506 510
505 510
508 507
510 505
509 506
511 504
504 511
510 504
509 505
511 503
507 507
504 510
508 506
505 509
511 502
510 503
504 509
506 507
509 504
507 506
508 505
506 505
507 505
511 501
504 508
508 504
501 509
505 507
506 504
503 509
510 502
505 505
506 506
509 502
511 500
507 504
500 509
501 508
505 506
502 509
503 508
504 507
510 500
502 508
503 507
500 510
509 501
511 499
499 511
507 503
504 506
507 502
503 506
499 510
502 507
509 500
498 511
511 498
510 499
502 506
510 498
508 500
507 501
511 497
496 510
509 499
497 511
498 510
505 502
0 509
509 498
499 508
503 504
498 509
511 496
501 506
500 507
502 505
496 511
497 510
507 500
0 511
510 497
506 500
0 508
510 496
499 507
503 503
498 508
1 511
0 510
destination
