map
random512-30-1.map
pivot
15 231
agent & start
255 485
340 390
331 53
292 454
319 41
399 313
385 157
398 210
387 151
399 299
403 293
364 344
338 392
360 364
312 32
372 132
387 181
343 77
391 235
397 315
403 307
324 414
338 72
385 161
288 456
393 187
396 248
384 158
400 290
392 200
301 21
375 169
233 509
336 60
353 373
398 212
386 162
344 384
398 218
359 363
389 283
392 240
347 379
337 399
404 306
314 40
285 459
358 94
374 170
381 173
386 160
370 122
390 268
312 424
383 173
356 370
390 270
391 281
368 106
371 117
352 88
394 318
383 171
297 17
402 302
258 484
336 400
402 292
382 330
357 369
398 222
368 108
380 140
378 170
346 80
288 458
385 287
390 272
385 165
299 19
391 197
353 89
255 487
376 170
402 294
377 335
283 463
385 159
385 325
383 329
355 371
371 129
367 341
400 310
391 185
328 404
398 312
390 274
386 148
367 109
destination
