map
random512-30-1.map
pivot
15 231
agent & start
279 467
391 243
390 282
402 292
313 33
393 187
404 304
342 388
397 207
340 390
378 170
380 174
338 72
399 311
306 28
358 362
233 509
332 404
380 140
323 415
399 289
393 235
394 188
397 217
378 138
374 134
346 80
385 325
371 129
372 132
385 169
396 300
326 412
288 458
385 161
357 93
315 423
402 308
403 293
398 254
331 405
347 81
385 175
351 87
366 342
394 192
390 272
393 241
273 473
361 365
336 66
373 171
353 373
395 191
385 147
258 484
396 250
352 88
234 508
397 251
321 417
368 108
297 17
388 284
370 112
384 176
296 16
387 181
369 339
312 424
339 391
312 38
387 163
390 274
396 216
321 45
255 485
322 416
387 151
337 399
391 273
340 74
382 328
398 222
383 329
391 281
383 143
382 326
395 247
371 113
379 333
396 290
394 236
288 456
386 164
293 15
324 414
375 337
403 307
393 189
337 65
374 170
386 286
348 378
389 271
293 453
384 174
328 404
400 300
358 94
316 422
357 369
231 509
375 169
292 454
398 298
384 158
381 331
356 92
392 200
278 468
371 131
386 160
397 315
377 335
365 341
337 391
289 455
312 34
386 326
399 299
359 95
364 344
391 185
398 218
389 283
397 227
335 401
359 363
245 495
365 343
383 157
353 89
370 126
276 470
358 368
385 157
338 62
356 370
301 21
391 321
367 109
280 466
328 410
329 409
386 148
395 193
381 327
314 40
398 314
368 120
285 459
329 405
396 256
398 312
392 240
369 107
391 197
347 379
367 341
398 212
345 383
336 60
394 194
352 374
287 455
370 122
321 43
299 19
385 159
397 299
283 463
362 98
354 372
392 186
391 269
399 313
395 205
382 142
390 278
386 162
398 220
355 371
322 44
399 209
344 384
343 77
385 153
319 41
371 117
368 340
400 310
337 67
370 130
398 252
394 206
391 233
349 375
380 332
385 165
331 53
349 85
385 167
348 84
255 487
341 75
397 223
390 184
262 482
402 294
377 169
263 481
398 210
394 230
271 475
378 334
381 173
237 505
368 106
343 387
254 488
400 290
338 392
404 306
386 178
235 507
336 64
384 170
382 330
396 228
390 322
298 18
390 268
371 127
332 54
364 340
360 364
295 15
402 302
390 270
396 248
394 318
237 503
397 289
336 400
312 32
387 149
290 456
376 170
390 320
386 154
229 511
385 287
385 177
398 208
365 345
382 172
387 179
391 235
383 173
387 155
383 171
399 309
371 339
369 111
365 340
356 93
234 507
386 285
373 174
377 334
341 388
397 212
356 369
305 28
387 182
371 132
314 41
385 324
353 372
273 470
340 75
391 242
397 312
372 133
396 221
401 294
338 73
403 304
402 303
289 454
396 315
366 341
398 311
284 459
397 290
338 391
300 21
346 83
347 378
382 173
396 223
320 43
368 107
299 20
396 215
362 99
385 148
387 272
337 62
367 120
380 331
368 111
397 314
369 338
396 255
382 143
367 340
392 187
385 168
390 233
392 241
393 236
342 387
377 138
386 151
285 460
399 300
391 234
378 333
365 342
389 322
287 456
337 72
334 67
370 113
381 174
398 213
384 157
385 164
245 494
271 474
335 400
388 271
370 117
368 123
396 207
384 161
331 54
273 472
393 240
397 300
345 84
332 55
390 281
357 368
329 404
288 457
390 321
364 345
328 409
368 121
292 453
386 325
254 487
313 424
290 455
369 122
270 475
381 330
375 336
384 323
385 178
379 332
306 27
390 277
354 91
350 87
344 79
348 85
390 185
366 125
262 481
399 310
395 224
311 38
336 67
373 172
396 251
312 33
383 324
381 142
298 19
386 181
319 42
278 467
385 160
343 384
295 16
232 509
392 235
388 283
395 248
389 270
236 503
293 16
332 403
402 293
345 382
391 244
349 86
396 291
369 130
321 416
394 317
395 206
374 135
367 108
398 219
371 338
398 253
354 371
402 307
385 152
286 459
358 363
352 373
324 413
328 407
374 171
364 341
384 175
399 290
377 170
335 66
370 127
396 217
342 77
389 268
351 374
397 218
261 482
398 209
400 291
397 220
357 94
391 232
393 194
395 250
396 227
360 365
333 400
329 408
403 306
328 405
385 162
339 74
385 286
367 110
390 269
336 61
379 174
384 153
386 179
259 482
256 485
384 169
350 375
386 163
347 84
390 243
398 313
398 299
311 32
283 462
382 157
236 505
373 134
344 381
397 222
272 469
382 329
348 375
329 54
382 325
353 90
394 191
336 399
296 17
325 412
400 301
397 252
386 155
226 511
321 44
391 260
323 414
394 193
257 484
389 272
389 320
279 466
379 140
336 65
370 129
386 149
389 278
375 170
234 503
394 229
390 273
390 197
383 158
314 423
391 200
331 404
401 302
395 228
301 22
258 483
351 88
396 301
228 511
343 78
282 463
389 282
381 326
257 480
346 81
280 465
292 15
276 469
315 422
322 415
383 170
358 95
393 188
339 390
397 208
343 79
272 470
371 133
345 85
292 16
394 256
291 453
391 241
282 22
384 152
374 174
396 218
381 325
377 171
396 222
383 175
370 132
374 172
347 85
402 306
386 234
395 251
391 259
338 74
395 225
321 415
352 372
397 213
319 43
346 84
389 321
257 481
335 67
395 227
335 65
348 88
276 468
298 20
363 345
295 17
313 423
350 374
395 207
383 323
246 494
373 135
367 121
381 143
375 171
397 209
336 72
377 139
344 80
315 41
395 221
366 340
367 107
337 397
361 101
373 173
277 467
350 88
394 316
357 367
358 96
310 38
382 170
227 511
356 368
328 408
322 414
315 421
382 174
396 302
388 320
380 330
385 285
328 406
253 487
384 156
259 481
397 311
381 157
346 378
331 403
401 293
361 99
391 187
236 502
274 470
310 34
396 220
343 381
366 108
390 260
232 508
365 339
358 364
397 219
335 61
367 119
363 101
396 212
393 239
233 507
353 371
329 403
390 200
334 66
389 233
257 483
362 100
388 278
394 248
286 456
345 81
393 191
304 28
333 401
369 113
359 365
383 159
271 469
390 234
396 208
355 93
348 376
257 479
234 506
391 231
368 112
270 474
384 322
366 110
366 126
326 410
398 300
390 258
343 383
384 168
305 27
329 55
345 83
327 405
382 324
327 407
378 140
388 272
385 181
364 342
394 250
369 129
390 198
290 454
330 54
323 413
311 33
235 503
353 91
385 163
377 333
286 458
393 193
366 124
287 457
344 382
336 398
389 273
339 75
280 464
389 281
396 314
386 180
367 125
278 466
387 183
390 242
300 22
273 469
395 255
385 179
338 390
376 138
386 324
369 127
367 339
272 472
392 188
262 480
397 253
314 42
342 384
394 224
397 313
398 310
374 336
389 197
336 62
293 17
368 338
256 484
371 337
389 199
395 215
379 331
385 149
348 86
393 229
235 505
385 155
387 271
226 510
335 399
331 55
390 186
390 276
317 41
387 283
310 32
388 270
369 115
394 228
379 141
370 336
395 315
382 158
388 282
396 254
373 337
356 94
403 305
386 150
283 461
341 387
318 42
234 504
325 411
384 160
297 19
378 174
354 92
392 236
357 95
368 126
367 123
397 291
392 244
399 291
296 18
320 44
369 117
372 134
391 189
258 482
380 156
368 122
389 269
336 68
245 493
385 151
399 301
332 56
284 460
271 473
282 462
342 78
311 37
363 341
396 312
337 73
401 303
351 373
334 400
381 329
261 481
396 226
303 26
387 234
322 413
402 305
235 502
394 249
385 150
376 333
388 277
351 90
304 27
383 268
379 330
400 293
351 372
399 292
286 457
271 468
390 241
283 460
377 332
386 271
378 141
297 20
233 504
339 388
386 283
331 56
317 42
367 122
375 138
295 18
392 229
394 217
350 373
379 156
383 168
390 195
389 242
398 301
384 149
313 422
396 311
327 406
385 322
299 22
400 303
232 507
347 376
256 483
394 227
334 65
258 479
390 189
360 99
253 486
392 257
397 302
381 144
325 410
234 505
395 226
385 180
345 82
338 75
320 415
310 35
326 409
395 208
396 313
337 396
314 421
387 278
323 412
389 186
282 461
336 397
389 276
340 77
369 128
371 336
279 464
321 414
252 487
277 466
260 481
358 365
367 126
317 418
353 92
396 219
330 55
341 78
385 182
309 38
354 369
356 363
367 338
352 371
234 501
388 281
335 62
338 389
257 482
335 68
318 43
329 402
377 172
384 151
368 115
272 471
362 341
324 411
379 142
285 456
395 254
316 41
343 80
367 112
378 331
391 188
387 270
384 163
306 43
334 399
392 237
396 213
393 316
366 127
395 220
309 32
362 101
377 140
333 66
390 201
292 17
393 238
343 382
262 479
298 21
347 86
350 89
368 127
388 279
386 183
382 169
290 453
381 158
398 291
310 37
374 335
336 71
391 230
380 329
394 221
389 200
336 73
384 321
281 22
332 401
370 335
378 173
389 234
355 94
342 379
373 336
367 118
392 193
372 337
282 21
372 135
327 408
390 259
363 342
383 160
360 101
370 133
380 143
261 480
362 345
357 96
392 245
397 310
361 352
387 184
388 233
315 42
365 118
388 197
366 123
349 88
330 403
291 16
396 253
365 110
369 116
393 228
346 377
388 269
366 107
383 322
344 81
365 338
396 209
296 19
319 44
341 386
342 385
366 339
394 251
375 172
363 102
388 321
270 467
371 134
389 198
256 481
394 225
365 120
246 493
381 324
382 175
395 222
300 23
389 280
331 402
401 304
394 315
392 191
274 469
354 93
342 383
342 79
386 323
384 155
278 465
390 187
310 33
374 173
301 24
368 113
393 256
355 368
380 157
356 367
391 194
384 181
391 258
276 467
346 85
394 215
389 196
270 473
388 273
384 179
347 88
348 87
358 97
384 285
353 370
369 336
227 510
386 233
394 255
382 323
399 302
395 218
366 338
367 117
305 43
344 82
388 280
392 238
395 213
370 134
383 179
374 334
394 254
393 249
376 140
330 402
396 210
401 305
309 33
357 365
388 198
306 42
334 398
393 217
302 26
373 335
312 416
371 335
384 284
378 158
364 120
335 397
316 418
308 34
381 323
324 410
383 155
278 20
383 167
385 271
335 71
347 87
388 274
338 388
386 278
362 102
397 309
362 342
282 460
365 121
372 136
395 313
256 482
387 269
349 89
395 311
398 292
361 349
393 221
393 215
360 100
365 119
342 380
378 142
309 35
342 382
392 256
295 19
338 76
330 56
269 473
297 21
384 180
391 237
279 21
389 241
255 483
270 472
382 268
317 417
368 128
365 337
348 90
241 499
386 322
385 321
387 281
337 75
393 251
276 464
248 490
384 200
246 492
366 122
371 135
399 303
331 57
383 163
392 192
367 115
394 222
318 44
350 90
393 227
343 379
381 159
394 226
336 74
391 191
247 491
387 277
352 370
356 96
329 401
313 417
387 233
339 77
366 118
326 406
389 195
269 467
390 188
375 139
319 415
320 414
322 412
351 91
310 36
382 182
298 22
379 157
349 373
358 98
388 276
227 509
388 186
389 187
252 486
353 93
346 376
362 344
395 209
281 21
340 78
340 386
399 293
341 383
276 0
356 364
380 158
303 27
375 173
393 255
317 43
235 501
346 86
316 42
231 507
271 471
385 183
391 193
372 336
386 270
381 285
351 371
334 64
359 99
377 173
393 315
309 39
297 23
384 182
364 338
313 421
270 468
389 201
380 144
334 76
232 506
392 228
260 480
390 194
395 253
233 505
271 467
331 401
339 387
387 321
382 160
346 88
387 199
360 352
333 397
392 246
300 24
276 466
391 257
280 22
376 332
301 25
290 452
387 279
384 150
400 304
279 463
275 463
352 92
385 283
341 79
388 234
383 321
291 17
361 343
336 396
368 116
274 468
388 232
389 259
318 416
387 185
341 385
259 479
292 18
396 310
353 369
383 151
382 176
364 110
285 457
392 316
366 106
309 37
367 113
394 216
381 145
391 229
357 97
334 62
275 467
355 363
242 498
355 367
398 302
234 500
377 331
354 368
367 127
261 479
395 219
278 464
365 123
369 335
389 231
382 168
355 95
383 269
326 408
343 81
361 351
379 329
333 65
335 69
389 189
341 379
304 44
248 489
366 117
387 268
391 256
386 321
335 70
387 230
332 67
388 231
389 194
269 472
356 97
366 113
353 368
389 236
340 379
381 160
335 76
280 21
290 451
345 88
367 128
301 26
390 237
241 498
356 365
284 11
392 227
388 195
349 372
388 189
340 385
384 271
360 351
317 44
342 81
377 142
390 203
267 474
360 343
364 119
246 491
307 40
351 370
318 415
384 183
296 23
388 201
351 92
275 464
242 497
381 268
334 397
377 144
382 285
339 386
392 249
392 255
355 96
230 507
349 90
363 120
227 508
278 463
399 304
355 366
367 142
388 267
363 110
382 151
378 159
391 192
362 103
381 284
292 19
291 18
307 32
362 349
336 75
383 150
365 106
261 478
362 333
276 463
385 272
363 338
313 420
382 321
341 380
316 43
370 135
392 315
364 121
389 240
387 186
338 77
296 21
385 200
308 35
368 335
309 36
382 163
386 279
317 416
337 76
375 140
237 500
386 199
313 416
400 305
383 164
399 294
387 232
362 119
352 369
392 217
389 202
270 471
350 91
390 191
304 43
387 274
386 281
324 55
358 99
361 344
394 311
276 1
383 180
391 228
369 134
331 58
396 309
383 182
372 335
366 337
361 350
387 280
381 322
284 457
300 25
282 459
306 41
393 252
276 465
343 82
379 158
333 68
381 200
234 499
331 60
393 220
378 329
240 499
318 45
359 352
255 482
387 198
394 209
371 334
272 467
393 254
346 87
334 71
393 314
252 485
381 176
354 367
394 313
391 316
254 481
392 247
377 330
372 137
369 334
330 57
311 416
247 490
380 145
274 467
295 20
281 20
333 398
383 284
385 270
353 96
354 363
279 20
316 417
269 468
376 331
387 276
235 500
367 116
392 221
395 210
353 94
394 219
398 293
384 269
348 91
333 64
393 216
382 179
384 201
250 487
321 410
302 27
297 24
341 382
359 100
374 333
297 22
284 13
232 505
382 161
388 259
340 79
324 409
393 222
249 488
382 177
308 33
389 230
320 413
388 235
319 414
352 93
390 193
380 159
386 269
366 115
352 97
357 98
325 406
308 39
334 75
361 342
382 181
335 74
383 178
275 0
392 215
330 401
385 282
395 310
345 376
338 387
394 253
260 479
383 154
347 90
386 277
364 111
365 122
346 89
375 332
333 62
373 178
343 378
391 238
325 408
303 44
373 334
275 466
394 213
298 23
381 162
389 188
335 396
382 167
391 214
371 136
376 173
278 19
393 226
321 412
334 69
398 303
313 418
385 269
296 22
389 239
301 27
381 181
352 368
313 415
389 257
388 188
392 206
334 74
364 106
334 70
316 416
331 59
250 486
307 37
388 258
360 344
368 334
375 331
388 240
274 0
395 309
373 333
387 319
332 398
330 60
343 85
390 192
382 178
283 11
338 386
374 140
356 98
363 333
386 280
374 178
352 96
353 363
360 342
359 343
382 164
392 226
389 203
299 25
345 87
334 72
363 337
392 314
382 186
275 1
385 273
389 193
235 499
374 268
306 34
393 253
230 506
389 237
306 40
361 103
343 377
350 370
357 343
314 416
324 408
320 412
349 371
329 57
374 176
365 113
388 194
282 458
280 20
381 161
278 462
237 499
354 366
392 220
321 411
396 308
352 94
392 214
370 136
390 238
284 10
378 328
347 373
377 145
308 36
398 294
393 209
361 333
372 334
302 28
381 177
269 471
391 249
357 99
273 467
241 497
389 229
390 204
294 20
390 316
366 114
276 462
393 219
335 77
332 68
344 376
387 231
311 417
318 46
386 200
240 498
392 252
246 490
334 396
332 62
390 214
248 488
367 129
367 143
340 382
338 78
376 144
324 56
389 191
363 109
312 418
384 202
298 24
243 495
387 267
393 313
382 150
388 266
397 293
251 485
349 91
293 19
353 97
376 142
341 381
399 305
387 195
355 365
375 141
342 82
373 177
388 236
305 41
266 474
381 163
394 212
351 369
385 201
394 210
391 247
350 92
278 18
375 175
391 315
339 79
305 31
312 420
254 480
369 141
383 183
368 134
284 12
392 248
306 32
231 505
363 121
229 507
279 19
379 145
386 274
391 251
381 321
394 312
339 379
338 80
381 199
386 276
380 176
391 221
307 33
364 122
261 477
358 352
252 484
275 465
360 350
385 199
384 184
307 39
236 500
348 372
362 334
363 119
330 400
390 256
333 69
393 223
340 80
371 137
391 215
260 478
364 112
385 277
366 336
283 13
362 348
377 329
291 19
249 487
283 9
380 200
331 67
376 330
383 271
362 120
315 417
269 469
368 142
386 198
358 100
387 187
386 320
381 179
366 116
316 44
382 284
382 166
253 481
381 269
242 496
276 2
312 414
394 310
267 473
318 414
391 255
392 216
226 508
260 474
303 43
370 140
361 119
384 282
352 98
388 202
379 159
320 410
362 332
329 399
345 89
355 97
353 367
392 254
325 55
382 180
290 450
340 380
354 364
346 90
398 304
279 461
319 413
380 146
341 81
376 174
361 111
333 63
380 160
371 139
295 21
382 154
317 45
362 110
378 144
344 86
325 407
283 457
339 385
388 230
336 76
254 482
391 227
392 313
330 59
281 458
364 113
379 160
370 141
380 269
350 93
366 135
345 90
361 112
277 462
293 20
382 165
368 143
388 257
319 410
389 192
351 96
358 343
268 471
387 202
357 344
371 140
362 109
314 415
273 466
363 106
388 229
283 10
310 417
301 28
327 56
388 193
363 332
389 316
382 273
307 38
228 505
316 45
391 206
341 82
343 376
313 414
330 399
317 46
274 465
386 187
276 3
305 34
382 153
239 498
333 72
383 282
351 94
286 15
375 268
391 254
235 498
304 31
362 331
338 79
263 476
392 213
368 133
302 29
369 140
343 84
362 347
386 319
339 380
375 178
destination
