map
random512-15-8.map
pivot
186 227
agent & start
498 415
463 450
502 411
468 9
471 12
498 39
503 410
417 496
460 1
455 458
416 493
493 34
431 480
500 41
487 426
480 21
488 29
423 490
434 479
506 47
422 491
490 31
511 402
482 23
467 446
457 456
481 22
475 438
470 443
508 49
466 7
415 498
432 479
475 16
489 30
425 488
483 430
509 50
472 13
495 418
483 24
437 476
424 489
484 429
450 463
440 473
507 48
480 433
403 510
470 11
477 436
499 414
488 425
427 486
411 502
446 467
433 480
485 26
492 33
464 5
486 27
454 459
493 420
476 437
408 505
504 409
492 421
476 17
459 454
509 404
449 464
404 509
504 45
511 52
507 406
501 412
467 8
491 32
442 471
406 507
447 466
451 462
431 482
419 494
462 3
430 483
426 487
465 6
502 43
464 449
418 493
473 440
407 506
438 475
452 461
486 427
510 51
497 416
501 42
468 445
497 38
478 435
472 441
421 492
439 474
474 15
474 439
414 499
477 18
463 4
508 405
458 455
405 508
413 500
505 408
490 423
435 478
420 493
503 44
473 14
417 492
461 2
500 413
445 468
481 432
444 469
418 495
429 484
479 20
443 470
416 497
453 460
402 511
482 431
461 452
469 444
456 456
503 409
485 27
476 436
490 422
492 420
433 479
416 494
502 44
472 440
492 34
457 455
477 435
473 15
467 445
511 401
447 465
483 25
468 12
444 468
401 511
509 51
454 458
496 38
452 460
478 434
468 10
489 423
472 14
419 493
484 428
430 482
429 483
449 463
421 491
464 6
469 443
507 405
508 404
495 37
404 508
430 480
476 18
499 41
480 432
417 495
511 53
440 472
475 437
420 492
500 412
487 425
431 481
443 469
434 478
411 501
459 451
423 489
501 43
464 448
459 1
405 507
474 438
491 33
448 464
414 498
473 439
497 415
478 20
481 431
493 35
470 442
403 509
461 3
462 4
410 502
510 52
499 413
438 474
437 475
406 506
435 477
407 505
504 46
494 36
495 417
506 48
508 50
458 454
505 47
453 459
418 492
428 484
475 17
490 32
471 441
484 26
415 497
500 42
466 446
470 12
497 39
465 7
467 9
451 461
450 462
427 485
469 11
445 467
491 421
468 444
455 457
509 403
489 31
481 23
496 416
425 487
483 429
498 414
498 40
502 410
488 30
402 510
461 451
426 486
413 499
462 450
504 408
441 471
460 2
480 22
479 21
408 504
446 466
507 49
422 490
482 430
458 0
485 427
458 1
454 457
437 474
406 505
467 10
474 17
466 445
503 46
473 20
443 468
466 9
411 500
483 26
491 34
458 449
492 35
508 403
429 482
504 47
503 408
442 469
506 49
418 491
506 405
427 484
407 504
413 498
479 22
510 53
471 440
502 45
480 23
422 489
428 483
501 44
433 478
448 463
463 448
405 506
479 432
484 27
490 33
426 485
452 459
457 0
502 409
446 465
495 416
495 38
444 467
462 5
496 39
445 466
501 410
473 438
507 404
480 431
430 481
400 511
457 454
469 12
468 11
404 507
434 477
478 21
499 412
416 495
486 29
491 420
453 458
463 6
441 470
470 13
468 443
415 496
482 429
498 413
505 48
415 494
462 449
435 476
419 492
461 450
481 430
472 439
486 425
414 497
497 40
451 460
507 50
440 471
511 54
483 428
465 446
500 411
498 41
493 36
470 441
469 442
438 473
409 502
485 28
496 415
489 422
474 19
481 24
460 3
487 30
499 42
455 456
490 421
497 414
476 19
425 486
401 510
421 490
476 435
485 426
487 424
436 475
412 499
461 4
500 43
456 455
473 16
475 436
477 434
471 14
493 418
488 31
459 450
465 8
475 18
494 37
511 400
494 417
403 508
402 509
509 52
489 32
464 7
450 461
472 15
459 452
478 433
482 25
465 9
406 504
460 450
495 415
410 500
415 495
478 432
506 404
413 497
433 477
484 28
470 14
422 488
440 470
463 447
485 425
501 45
477 21
409 501
489 421
471 15
505 405
412 498
478 22
453 457
492 418
419 491
472 438
402 508
465 445
483 427
511 399
404 506
420 490
421 489
414 496
504 406
446 464
482 28
401 509
497 413
456 0
468 442
464 8
489 33
500 410
462 6
434 476
452 458
493 37
499 411
461 449
495 39
472 16
502 408
400 510
484 426
481 25
485 29
425 485
474 20
498 412
435 475
407 503
470 440
508 52
480 430
439 471
473 19
469 13
443 467
458 2
491 35
459 449
437 473
444 466
423 487
476 20
476 434
456 454
490 420
429 481
475 19
480 24
486 30
408 502
457 453
503 47
455 455
438 472
427 483
424 486
493 417
510 54
500 44
467 11
482 428
481 429
454 456
505 49
510 400
497 41
488 422
506 50
479 23
450 460
503 407
486 424
499 43
504 48
442 468
426 484
462 448
448 462
464 446
477 433
498 42
449 461
467 443
474 436
411 499
479 431
509 53
511 55
501 409
492 36
494 38
483 27
460 4
436 474
399 511
482 26
466 10
405 505
458 452
441 469
479 25
473 437
490 34
502 46
508 402
458 450
491 419
403 507
488 32
474 18
473 17
462 7
494 415
460 449
489 420
490 419
497 42
482 27
503 48
475 434
500 409
433 476
509 54
442 467
496 413
436 473
476 433
414 495
487 32
428 481
422 487
506 403
446 463
455 454
463 446
403 506
411 498
471 438
491 418
451 458
449 460
459 4
410 499
431 478
488 421
474 21
476 21
438 471
435 474
486 31
499 410
494 39
491 36
409 500
503 406
423 486
509 400
465 10
511 56
407 502
499 48
470 15
493 416
507 402
499 44
440 469
478 23
406 503
477 432
425 484
473 18
456 1
511 398
502 47
483 426
485 30
447 462
452 457
472 437
479 24
484 425
461 448
400 509
504 49
474 435
421 488
461 6
488 33
466 443
467 442
473 436
483 28
480 429
434 475
495 414
489 34
432 477
478 25
480 25
478 431
500 47
497 412
469 440
508 53
468 441
471 16
496 41
482 427
457 452
470 439
441 468
448 461
427 482
492 37
455 0
504 405
404 505
419 490
456 453
465 444
477 22
405 504
469 14
462 447
498 411
510 55
485 424
463 8
457 450
464 445
458 3
444 465
505 404
498 43
472 17
453 456
490 35
466 11
500 45
505 50
420 489
426 483
475 20
408 501
487 422
398 511
399 510
492 417
402 507
506 51
507 52
502 407
413 496
454 455
445 464
460 5
464 9
443 466
468 14
472 18
475 433
433 475
464 444
492 416
498 410
459 5
509 55
470 18
409 499
403 505
441 467
412 496
493 415
411 497
468 440
499 47
462 8
423 485
506 402
485 423
491 37
486 422
493 39
466 12
429 479
475 21
497 43
496 42
448 460
501 407
469 15
505 51
410 498
452 456
443 465
420 488
458 4
465 11
487 33
508 54
460 6
436 472
462 446
481 427
466 442
494 414
461 447
497 411
450 458
507 401
456 2
499 45
502 406
438 470
424 484
495 413
509 399
502 48
422 486
476 432
425 483
492 38
501 47
485 31
467 441
504 404
500 48
476 22
471 17
455 453
477 25
484 30
457 451
407 501
430 478
398 510
472 436
406 502
482 426
494 40
483 29
489 419
500 46
402 506
419 489
463 445
457 3
496 412
467 13
473 435
481 27
480 428
456 452
477 431
400 508
444 464
440 468
435 473
455 1
511 397
397 511
428 480
503 405
449 459
480 26
447 461
456 450
454 454
503 49
488 420
478 430
431 477
510 56
486 32
504 50
463 9
505 403
491 417
490 36
413 495
460 448
432 476
479 429
478 24
500 408
399 509
453 455
488 34
446 462
498 44
506 52
465 443
470 16
454 0
470 438
484 424
426 482
464 10
408 500
487 421
404 504
471 437
495 41
490 418
499 49
427 481
504 403
397 510
408 499
506 53
485 422
502 49
490 37
470 19
493 40
449 458
504 51
396 511
495 42
477 24
451 456
437 470
501 406
483 30
462 9
511 396
477 430
490 417
469 16
469 438
484 31
502 405
475 22
480 27
420 487
400 507
505 52
493 414
485 32
487 34
496 43
492 39
433 474
406 501
418 489
428 479
448 459
465 442
453 0
501 48
405 502
503 50
463 10
460 447
495 412
411 496
468 439
455 2
459 6
482 425
498 409
507 54
427 480
499 46
446 461
467 14
508 55
436 471
407 500
421 486
402 505
464 11
500 49
488 35
489 36
509 398
456 3
497 44
499 408
497 410
435 472
462 445
491 416
461 446
471 18
467 440
454 453
403 504
468 15
492 415
434 473
506 401
494 413
461 8
500 407
429 478
473 434
447 460
453 454
455 452
425 482
466 441
444 463
438 469
439 468
445 462
491 38
442 465
414 493
481 426
430 477
440 467
426 481
424 483
494 41
423 484
410 497
431 476
409 498
443 464
456 451
510 57
463 444
471 436
466 13
398 509
510 397
474 433
412 495
476 23
509 56
486 421
498 47
484 423
441 466
450 457
458 5
413 494
454 1
496 411
419 488
422 485
452 455
488 419
475 432
472 435
417 490
479 428
470 17
489 418
457 6
468 438
461 445
485 33
468 16
440 466
483 33
447 459
500 406
486 420
486 34
437 469
453 1
495 43
424 482
480 28
465 441
431 475
511 59
501 405
493 413
508 398
463 11
491 39
494 412
492 40
479 427
502 50
418 488
487 419
403 503
499 407
429 477
397 509
419 487
457 5
495 411
463 443
474 432
421 485
433 473
488 36
478 428
477 427
400 506
460 446
407 499
475 431
460 8
484 32
491 415
497 45
409 497
477 429
497 409
498 46
459 7
454 452
408 498
496 44
498 408
404 502
459 447
435 471
471 435
509 57
503 51
505 53
502 404
470 436
503 403
483 423
469 437
406 500
448 458
462 444
396 510
438 468
420 486
476 24
482 30
423 483
466 440
507 55
456 4
472 434
494 42
405 501
499 405
411 495
458 6
399 507
422 484
443 463
483 31
508 56
475 23
505 401
454 2
466 14
427 479
430 476
452 0
471 19
504 402
413 493
401 505
428 478
439 467
441 465
402 504
450 456
482 424
416 490
469 17
449 457
501 49
489 37
510 396
473 433
480 426
414 492
506 400
484 422
461 9
465 13
452 454
455 451
467 439
490 416
489 417
426 480
487 35
488 418
490 38
479 27
485 421
445 461
497 47
432 474
442 464
451 455
462 10
417 489
492 414
504 53
503 52
478 427
398 507
488 417
446 459
495 44
453 452
494 43
453 4
460 9
473 22
508 397
506 399
429 476
459 446
414 491
479 28
492 413
467 438
501 50
456 5
485 420
482 423
428 477
461 444
497 408
461 10
420 485
509 58
511 394
452 1
479 426
431 474
424 481
508 57
455 4
472 433
485 34
467 16
425 480
468 437
405 500
492 41
511 60
449 456
397 508
483 32
421 484
510 61
475 430
471 20
490 415
418 487
493 42
510 59
469 436
466 15
486 419
415 490
478 27
408 497
451 454
401 504
411 494
462 443
489 38
436 469
462 11
487 36
466 439
452 453
465 14
438 467
502 51
399 506
404 501
463 442
506 55
445 460
430 475
437 468
477 428
486 35
459 8
441 464
447 458
403 502
473 24
510 395
480 29
440 465
473 432
407 498
501 404
474 23
499 406
489 416
483 422
453 2
468 17
498 407
406 499
482 33
457 448
443 462
412 493
475 24
504 401
402 503
410 495
483 34
490 39
480 425
497 46
458 7
507 56
495 410
450 455
470 435
400 505
494 411
396 509
432 473
463 12
496 409
503 402
419 486
444 461
454 451
493 412
496 45
472 21
435 470
481 30
442 463
465 440
509 396
484 421
487 418
491 414
433 472
423 482
413 492
434 471
500 405
422 483
505 400
427 478
476 429
454 3
488 37
417 488
448 457
505 54
464 441
421 483
509 59
424 480
416 488
511 393
482 422
452 2
461 443
453 3
507 57
496 46
471 21
489 39
473 431
451 1
498 406
436 468
476 26
486 418
454 450
487 37
437 467
467 17
511 61
445 459
492 412
464 440
404 500
441 463
482 32
412 492
504 400
465 15
454 4
501 51
460 444
435 469
465 439
462 12
490 414
469 435
481 423
503 401
491 413
405 499
502 52
457 447
423 481
426 478
464 14
444 460
474 24
478 426
480 30
422 482
486 36
443 461
408 496
452 452
494 410
484 34
451 453
488 416
496 408
463 441
491 41
402 502
495 409
505 55
461 11
508 396
407 497
474 430
492 42
419 485
488 38
409 495
399 505
503 53
506 56
432 472
479 29
485 419
455 5
475 25
477 27
490 40
413 491
396 508
473 23
417 487
468 436
401 503
480 424
458 8
415 489
470 434
448 456
500 404
462 442
467 437
456 448
472 22
485 35
476 428
502 54
459 445
397 507
502 402
449 455
450 0
487 417
425 479
440 464
427 477
494 44
400 502
410 494
510 394
406 498
497 407
483 421
429 475
508 58
507 397
506 398
450 454
493 411
433 471
439 465
466 438
510 60
504 54
428 476
446 458
509 395
395 509
489 415
505 399
431 473
460 10
420 484
472 432
481 31
495 45
414 490
442 462
510 393
463 440
419 484
461 12
459 10
474 429
423 480
488 39
454 5
399 504
480 31
456 7
396 505
400 503
406 497
487 38
483 420
426 477
467 436
405 496
457 8
464 439
395 508
436 467
455 6
403 500
507 58
508 395
478 425
476 27
411 492
421 482
489 40
470 433
410 493
503 400
503 54
450 453
452 451
469 434
511 392
428 475
407 496
494 409
504 399
413 490
501 402
502 53
504 55
471 22
402 501
464 15
479 424
404 499
396 507
472 431
495 408
416 487
508 59
497 406
429 474
458 445
473 430
493 44
485 36
437 466
487 416
493 410
458 9
492 411
484 419
472 23
506 57
466 437
432 471
409 494
418 485
434 469
451 2
401 502
431 472
509 60
481 422
441 462
465 438
492 43
490 413
474 25
445 458
507 396
466 17
501 52
491 42
453 450
433 470
457 446
422 481
509 394
448 455
486 37
450 1
435 468
456 447
462 441
500 403
446 457
417 486
490 41
398 505
461 442
438 465
481 32
449 0
475 26
459 444
412 491
460 11
511 62
486 417
506 397
495 46
488 415
402 499
439 464
468 435
449 454
477 28
482 421
500 51
491 412
452 3
424 479
430 473
475 428
471 432
408 495
427 476
478 29
496 407
415 488
414 489
443 460
485 418
480 423
451 452
454 449
444 459
494 45
484 35
405 498
465 437
395 507
405 497
458 10
499 403
425 477
490 412
459 11
475 427
494 46
493 45
417 485
403 499
475 27
460 12
501 53
438 464
454 448
451 3
453 449
449 453
467 435
468 434
474 428
485 37
510 392
478 30
511 391
450 2
504 398
456 8
471 23
423 479
503 399
446 456
433 469
401 501
494 408
414 488
455 447
465 17
476 28
420 482
462 14
439 463
404 498
491 411
488 40
391 511
480 32
444 458
460 442
492 410
499 51
435 467
500 402
492 44
430 472
503 55
464 438
507 395
434 468
474 26
461 441
484 418
447 455
408 494
402 500
452 450
421 481
500 52
422 480
437 465
491 43
472 430
509 393
506 58
506 396
502 400
480 422
508 60
477 425
417 483
440 462
484 36
507 59
478 424
448 454
457 445
498 50
479 31
445 457
487 415
489 413
396 506
511 63
477 29
412 490
495 407
493 409
505 397
394 508
427 475
463 15
424 478
473 429
410 492
476 426
501 401
455 7
418 484
406 496
457 9
450 452
441 461
459 443
432 470
449 1
415 487
409 493
407 495
489 41
398 504
397 505
495 47
451 451
487 39
416 486
428 474
469 433
442 460
426 476
462 440
399 503
436 466
471 431
496 406
486 416
411 491
466 18
454 6
458 444
482 420
470 432
419 483
461 13
452 5
485 416
466 435
418 483
445 456
425 476
511 64
462 15
457 10
499 402
470 431
505 396
488 41
448 453
437 464
486 415
481 420
451 4
485 38
489 412
511 390
390 511
417 484
495 48
456 445
491 410
465 436
394 507
458 11
474 427
493 408
416 485
482 35
476 425
458 443
453 6
469 22
463 16
408 493
503 56
486 39
496 405
467 434
503 398
423 478
432 469
414 487
477 424
419 482
439 462
454 447
459 12
492 409
466 19
497 50
461 14
479 422
494 47
478 423
426 475
468 21
442 459
398 503
490 411
409 492
412 489
415 486
480 421
495 50
406 495
495 406
484 37
504 397
424 477
431 470
487 414
468 433
501 400
421 480
473 26
438 463
482 419
450 451
460 441
505 58
441 460
397 504
492 45
401 500
475 28
471 24
481 34
404 497
446 1
476 29
472 429
506 395
450 3
487 40
493 46
490 43
480 33
452 449
502 399
510 391
488 413
460 13
506 59
446 455
448 1
391 510
475 426
434 467
433 468
498 403
478 31
454 7
465 18
464 437
420 481
479 32
410 489
422 479
457 444
428 473
464 17
499 52
491 44
484 417
489 42
403 498
508 61
469 432
508 393
509 62
455 8
500 53
449 452
411 490
443 458
413 488
470 23
474 27
476 423
472 25
477 30
444 457
429 472
395 506
461 440
447 454
507 394
483 418
483 36
498 51
473 428
435 466
456 9
451 450
423 477
492 46
483 37
505 59
451 449
456 12
486 40
474 28
508 392
489 411
503 397
481 35
510 390
453 7
508 62
485 415
476 30
495 49
456 10
466 20
481 419
421 479
428 472
450 450
471 429
486 414
461 439
459 441
473 27
452 448
453 447
415 485
475 425
414 486
422 478
389 511
440 460
458 442
471 25
470 24
444 456
496 50
452 6
463 17
398 502
509 391
447 453
484 416
511 389
511 65
489 43
495 51
457 443
425 475
439 461
467 21
413 487
498 402
473 427
465 435
424 476
507 61
477 423
480 420
469 431
476 424
410 490
429 471
408 492
493 407
487 43
434 466
480 34
394 506
482 418
427 473
420 480
448 2
390 510
493 47
494 48
470 430
487 413
391 509
469 23
468 22
420 478
458 12
467 433
492 408
477 31
501 399
466 434
510 64
450 4
454 8
460 14
431 469
433 467
495 405
483 417
497 51
451 5
479 421
446 0
485 39
478 32
438 462
479 33
502 56
449 451
478 422
504 396
499 401
455 9
407 493
411 489
416 484
506 394
446 454
465 19
448 452
475 29
464 436
433 465
491 45
437 463
472 428
400 500
498 52
499 53
456 444
397 503
442 458
460 440
491 409
484 38
393 507
506 60
443 457
485 413
504 58
488 412
505 395
488 42
447 1
426 474
501 55
430 470
419 481
461 15
445 455
432 468
490 410
435 465
474 426
406 494
472 26
457 11
509 63
482 36
468 432
409 491
403 497
418 482
409 489
432 467
446 453
405 494
457 12
490 409
429 470
450 449
487 44
479 34
421 478
426 473
459 440
432 465
415 484
493 406
506 61
413 486
457 442
453 446
454 9
503 396
494 49
475 30
412 487
471 428
430 469
465 20
494 405
459 14
458 13
485 414
509 64
511 388
468 431
442 457
434 465
451 448
409 490
484 415
480 419
510 389
449 4
479 420
404 495
499 400
502 57
470 429
498 401
491 408
451 6
407 492
435 464
428 471
508 63
480 35
465 434
447 2
492 47
423 476
414 485
395 504
461 438
393 506
453 8
488 411
507 62
504 395
489 44
477 32
469 430
472 27
427 472
490 45
425 474
424 475
420 479
400 499
473 426
468 23
394 505
419 480
402 497
439 460
478 421
389 510
487 412
489 410
471 26
463 18
403 496
499 54
444 455
467 22
501 56
511 66
411 488
464 435
505 394
462 437
466 21
401 498
406 493
388 511
482 37
460 15
452 7
449 450
472 427
482 417
392 507
485 40
447 452
475 424
509 390
500 55
508 391
396 503
476 31
501 398
492 407
470 25
486 41
391 508
484 413
448 451
488 43
418 481
466 433
462 17
506 393
484 39
464 19
493 48
433 466
498 53
495 404
456 11
397 502
455 444
473 28
500 399
485 412
497 402
477 422
440 459
431 468
469 24
452 447
505 60
456 443
510 65
408 491
467 432
437 462
503 58
477 420
496 51
474 425
455 10
463 436
436 463
390 509
507 392
483 416
443 456
445 0
504 59
478 33
422 477
458 441
483 38
486 42
408 490
470 26
415 483
432 466
460 16
505 393
506 62
416 482
493 49
457 13
418 480
431 465
501 397
466 22
502 58
456 442
422 476
427 471
465 433
417 481
463 19
450 448
401 497
471 27
403 495
465 21
458 14
452 446
461 437
466 432
503 59
469 429
421 477
400 498
509 389
451 447
442 456
477 421
388 510
511 67
495 403
393 505
445 453
473 425
451 7
468 430
497 401
473 29
483 415
453 445
434 464
499 55
458 440
459 15
441 457
423 475
475 31
464 20
407 491
444 452
480 418
481 37
411 487
389 509
474 424
419 479
504 394
467 431
500 398
467 23
457 441
499 399
444 454
396 502
479 419
392 506
479 35
477 33
449 449
470 428
464 434
426 472
394 504
413 485
506 392
510 388
486 412
390 508
507 391
478 34
499 57
490 408
454 10
468 24
455 11
460 438
387 511
459 439
503 395
492 406
404 494
488 410
424 474
447 3
509 65
452 8
492 48
428 470
406 492
491 407
480 36
448 4
472 426
482 38
489 45
439 459
448 450
405 493
502 396
494 404
449 5
490 46
425 473
469 25
447 451
455 443
481 417
493 405
436 462
474 30
505 61
484 414
498 54
468 26
462 434
443 455
485 41
511 387
471 427
482 416
476 32
484 40
487 411
488 44
446 452
510 66
508 64
440 458
498 400
429 469
395 503
496 52
491 47
478 420
501 57
397 501
444 0
412 486
399 499
497 53
454 444
435 463
431 467
496 402
462 436
461 17
480 37
463 20
492 405
427 470
430 467
403 494
459 16
443 0
388 509
402 495
460 437
414 483
479 36
497 400
446 3
454 11
398 499
468 429
390 507
482 415
392 505
443 454
508 389
471 426
467 24
499 398
477 34
476 33
472 29
465 432
386 511
479 418
504 61
437 460
493 50
496 401
444 453
450 7
501 58
505 62
406 491
471 28
405 492
474 31
459 438
389 508
491 48
396 501
453 10
484 41
489 408
393 504
483 414
508 65
482 39
415 482
502 395
424 473
452 9
457 14
395 502
422 475
421 476
450 447
475 32
463 434
474 423
451 446
500 397
510 387
412 485
407 490
445 452
487 410
438 459
449 6
428 469
423 474
488 45
467 430
391 506
426 471
435 462
503 60
455 442
451 8
478 419
439 458
458 439
473 424
510 67
436 461
401 496
490 407
448 5
498 55
397 500
506 63
502 59
488 409
491 406
497 54
506 391
476 421
507 64
399 498
458 15
461 436
499 56
416 481
509 66
448 449
454 443
444 1
462 435
453 444
468 25
464 21
470 427
485 42
486 411
441 456
449 448
387 510
456 441
493 404
429 468
447 4
490 47
460 17
475 422
400 497
511 386
495 402
511 68
447 450
430 465
465 22
425 472
472 423
498 399
483 40
501 396
507 390
470 27
505 392
496 53
464 433
457 440
492 49
498 57
472 425
404 493
446 451
503 394
418 479
442 455
440 457
417 480
478 35
410 487
509 388
413 484
434 463
469 26
480 417
431 466
454 12
508 388
455 13
469 427
465 431
482 40
503 61
507 65
497 55
459 437
418 478
391 505
457 439
412 484
447 5
472 422
395 501
405 491
393 503
507 389
509 387
430 466
451 445
467 25
453 443
466 430
494 402
435 461
501 59
429 467
400 496
489 407
388 508
481 39
434 462
482 414
456 440
427 469
473 423
474 32
428 468
485 43
386 510
465 23
479 37
403 493
458 16
442 454
508 66
425 471
510 68
451 9
468 428
421 475
439 457
385 511
398 498
478 418
450 446
396 500
484 42
433 463
488 46
506 390
444 2
467 429
483 41
472 424
493 403
423 473
469 27
505 63
464 22
471 425
487 409
446 4
502 394
500 58
460 436
501 395
442 0
387 509
471 423
420 476
505 391
492 404
503 393
502 60
491 49
504 62
464 432
473 31
475 33
471 29
474 422
506 64
486 410
459 17
477 35
454 442
466 24
445 451
480 38
407 489
441 455
415 481
410 486
409 487
510 386
446 450
452 444
438 458
490 48
492 50
495 53
422 474
504 392
470 28
449 447
456 14
416 480
481 415
463 21
406 490
436 460
447 449
458 438
511 69
479 417
489 47
419 477
437 459
495 401
417 479
490 406
453 11
500 396
511 385
491 405
470 426
426 470
461 19
443 1
472 30
449 7
496 400
480 416
413 483
498 398
397 499
463 433
460 18
461 435
443 453
390 506
450 8
414 482
389 507
401 495
497 399
475 421
498 56
478 36
502 393
477 36
415 480
410 485
443 2
484 43
464 431
503 62
445 4
412 483
399 496
466 429
460 435
394 501
442 453
390 505
448 7
506 389
435 460
424 471
455 14
460 19
480 415
406 489
489 48
496 55
411 484
454 441
459 436
419 476
458 437
426 469
428 467
456 439
477 418
500 59
414 481
471 30
407 488
408 487
432 463
480 39
463 22
409 486
493 402
450 9
491 50
401 494
418 477
465 430
487 46
469 28
449 446
500 395
429 466
489 404
504 391
434 461
509 68
502 61
455 440
501 60
453 442
479 416
446 449
470 29
488 407
462 21
437 458
511 384
395 500
498 397
481 414
458 17
469 426
396 499
461 20
468 427
484 411
447 6
427 468
416 479
417 478
496 399
386 509
445 450
472 31
451 10
397 498
475 420
404 491
505 64
466 25
464 23
490 49
485 410
510 69
400 495
478 37
457 438
402 493
471 424
485 44
463 432
504 63
421 474
476 35
507 66
441 454
457 16
499 396
451 444
482 41
393 502
483 42
510 385
453 12
481 40
423 472
497 56
494 53
447 448
384 511
388 507
444 3
433 462
449 8
452 443
398 497
507 388
478 417
450 445
448 447
420 475
441 0
473 422
446 5
479 38
511 70
508 387
488 47
490 405
486 409
454 13
508 67
482 413
438 457
489 406
483 412
440 455
492 403
442 1
422 473
475 34
473 32
494 401
389 506
487 408
501 394
407 487
468 28
477 417
401 493
455 15
483 411
480 414
493 53
481 413
504 390
394 500
498 396
434 460
497 397
500 60
402 492
420 468
502 392
505 65
460 434
457 437
384 510
480 40
472 32
462 432
385 509
419 475
439 455
485 409
459 19
421 471
421 473
488 406
470 30
458 436
441 1
476 36
510 384
506 388
453 441
397 497
505 389
494 400
404 490
443 3
467 427
509 69
420 474
437 457
414 480
502 62
477 37
489 405
462 22
466 428
449 445
469 425
461 21
432 462
387 507
408 486
469 29
423 471
453 13
463 23
433 461
440 0
471 31
446 6
506 66
428 466
488 404
412 482
461 433
386 508
392 502
452 442
446 448
415 479
464 430
451 443
410 484
456 438
496 56
479 39
416 478
510 70
491 403
405 489
409 485
455 439
492 402
435 459
424 470
479 415
442 2
400 494
492 52
496 398
450 10
478 38
491 51
482 42
465 25
485 45
481 41
454 440
501 61
464 24
507 387
501 393
448 446
417 477
438 456
495 55
395 499
508 68
487 407
398 496
451 11
442 452
390 504
398 494
484 410
406 488
490 404
511 71
465 429
466 26
494 54
426 468
411 483
473 421
441 453
470 424
445 5
445 449
489 49
511 383
474 34
482 412
487 47
509 385
444 4
427 467
503 63
500 394
388 506
475 419
463 431
440 454
450 444
503 391
456 16
483 43
447 7
403 491
393 501
425 469
452 12
449 9
490 50
475 35
444 450
499 59
507 67
436 458
396 498
399 495
422 472
467 27
383 511
457 17
460 20
423 470
486 47
498 59
484 45
452 441
457 18
492 53
456 437
478 415
387 506
422 471
502 391
432 461
500 393
410 483
439 454
406 487
403 490
395 498
436 457
446 447
433 460
440 1
437 456
384 509
438 455
382 509
482 43
502 63
464 25
417 476
382 511
505 66
497 58
465 428
485 46
399 494
418 475
428 465
468 29
507 68
421 472
451 12
448 9
476 37
402 491
449 10
391 502
511 382
477 38
495 56
420 469
494 55
456 17
443 4
460 21
501 392
510 383
397 494
488 49
440 453
496 57
496 397
429 464
475 418
510 71
416 477
393 500
504 389
490 403
400 493
426 467
461 22
461 432
464 429
463 430
397 496
471 32
497 396
449 444
495 398
453 440
396 497
439 0
454 15
474 419
447 8
494 399
485 408
453 14
401 492
483 410
386 507
457 436
463 428
421 470
505 388
383 510
467 28
414 479
419 474
486 407
473 420
446 7
404 489
483 44
435 458
500 61
479 414
455 16
489 50
482 411
445 448
490 51
479 40
488 405
441 2
506 387
458 19
469 424
459 20
448 445
481 42
430 463
469 30
487 48
511 72
478 39
460 433
481 412
476 417
452 13
424 469
504 65
415 478
503 64
442 3
431 462
450 443
493 398
413 480
491 52
475 36
458 435
503 390
445 6
407 486
444 5
474 35
408 485
466 427
458 433
493 54
441 452
491 402
466 27
508 69
501 62
443 450
444 449
420 473
506 67
454 439
388 505
506 69
462 431
462 23
419 468
412 481
455 438
394 499
493 400
498 395
434 459
389 504
427 466
509 384
484 409
450 11
451 441
473 419
412 480
455 17
462 430
483 45
481 411
448 10
421 469
466 426
440 452
478 414
496 58
387 505
381 511
439 453
417 475
404 488
467 425
509 383
465 27
443 449
482 410
466 28
474 36
408 484
509 71
405 487
467 29
397 495
430 462
492 54
422 470
450 442
433 459
438 0
464 428
473 35
437 455
494 56
458 20
389 503
476 416
471 33
445 447
486 406
457 435
468 30
458 434
483 409
447 9
485 407
411 481
420 470
394 498
472 420
479 413
501 63
440 2
494 398
510 72
469 423
403 489
500 392
413 479
484 408
490 402
386 506
508 384
472 34
383 509
461 23
385 507
460 432
485 47
506 386
487 49
453 439
441 451
434 458
476 38
460 22
436 456
392 500
435 457
441 3
459 21
504 388
498 394
486 48
495 57
459 433
479 41
385 505
464 26
489 51
415 477
447 445
454 16
488 50
423 469
446 446
492 400
462 428
501 391
491 53
407 485
480 42
496 396
487 405
429 463
396 496
419 471
409 483
391 501
390 502
443 5
456 18
455 437
505 387
475 37
499 61
448 444
490 52
420 472
482 44
497 395
503 65
478 40
453 15
475 417
471 421
451 13
439 1
506 68
511 381
497 59
503 389
446 8
470 422
493 55
426 466
495 397
462 24
450 12
500 62
470 32
382 508
456 436
502 64
504 66
400 492
444 6
399 493
382 510
402 490
469 31
432 460
452 440
419 473
449 443
406 486
454 438
461 431
463 427
395 497
507 69
498 60
477 39
428 464
505 67
457 19
468 424
418 468
414 478
431 461
511 73
444 448
493 399
480 412
510 382
418 474
445 7
491 401
442 450
424 468
502 390
465 427
458 21
509 382
416 475
459 432
389 502
498 61
411 480
439 2
473 418
419 472
423 468
451 14
490 401
489 402
510 381
500 63
449 442
466 425
457 434
489 52
441 450
474 415
461 24
480 43
478 41
452 15
409 482
464 27
470 421
499 392
467 30
491 54
447 444
448 443
505 386
483 408
501 64
472 419
501 390
485 406
415 476
435 456
477 40
492 399
438 1
498 393
384 507
485 48
418 469
447 10
422 469
508 71
476 39
491 400
439 452
417 474
443 6
408 483
502 389
460 23
495 58
394 497
503 66
456 435
455 436
445 446
470 33
381 510
467 424
433 458
476 415
472 35
438 453
474 37
511 380
440 451
462 429
442 5
410 481
475 38
452 439
469 422
392 499
440 3
504 67
493 56
488 51
445 8
450 13
428 463
483 46
454 17
496 59
510 73
507 70
508 383
418 473
434 457
395 496
471 34
468 423
454 437
386 505
480 411
464 427
459 22
497 60
492 55
443 448
496 395
468 31
482 45
413 478
455 18
486 49
486 405
457 20
469 32
479 42
446 445
506 385
441 4
453 438
393 498
482 409
402 489
449 12
465 426
507 384
431 460
427 464
453 16
500 391
403 488
499 62
478 413
450 441
448 11
474 417
380 511
399 492
407 484
461 430
460 431
504 387
426 465
503 388
444 7
451 440
477 414
388 503
383 508
396 495
384 505
436 455
419 470
495 396
387 502
385 506
387 504
404 487
418 471
414 477
461 26
462 25
412 479
390 501
444 447
481 410
494 57
405 486
465 28
400 491
456 19
437 454
471 420
429 462
484 47
442 449
479 412
484 407
505 68
494 397
432 459
511 74
437 0
468 32
462 26
411 479
454 18
439 3
476 40
504 386
456 434
487 403
497 393
469 33
406 484
475 39
453 437
451 15
415 475
481 409
425 465
446 444
443 447
395 495
482 46
389 501
486 50
474 414
405 485
499 63
434 456
473 417
418 470
485 405
451 439
461 429
455 435
402 488
398 492
428 462
441 449
497 61
408 482
433 457
464 28
416 474
495 59
410 480
404 486
484 48
510 380
423 467
511 75
386 502
422 468
455 19
417 471
491 399
499 391
470 34
508 72
388 502
386 504
453 17
500 390
485 49
486 404
467 31
477 413
473 37
438 452
452 16
438 2
407 483
494 58
469 421
478 42
403 487
472 418
442 448
483 47
494 396
443 7
380 510
465 29
458 22
426 464
477 41
460 24
464 426
491 55
391 499
503 387
495 395
489 401
482 408
442 6
463 27
432 458
498 392
488 402
498 62
450 440
439 451
449 441
487 51
509 381
501 65
383 507
399 491
504 68
431 459
412 478
385 501
478 412
500 64
459 23
417 469
475 415
496 60
507 383
418 472
448 12
437 1
459 431
460 430
450 14
511 379
471 35
413 477
440 450
449 13
493 57
392 498
390 500
483 407
505 385
480 410
503 67
447 11
430 460
417 473
508 382
489 53
510 74
445 9
474 416
465 425
496 394
509 73
507 71
387 503
440 4
454 436
379 511
436 454
490 400
435 455
394 496
492 56
461 25
488 52
471 419
395 493
474 38
456 20
479 43
444 446
429 461
479 411
501 389
414 476
467 423
490 54
472 36
448 442
470 420
436 0
384 506
427 463
437 453
457 21
466 30
503 68
500 389
430 459
451 438
410 479
385 500
501 388
481 46
509 380
438 451
505 70
472 37
442 447
464 29
476 413
383 506
489 54
495 60
452 437
478 411
440 449
436 1
497 62
492 57
471 36
485 404
426 463
404 485
485 50
385 502
451 16
415 474
402 487
389 500
428 461
468 419
445 10
455 434
484 405
488 53
438 3
498 391
379 510
504 69
478 43
444 445
510 75
470 35
486 403
498 63
506 71
459 430
473 38
437 2
462 27
495 394
511 378
483 48
394 495
458 431
431 458
449 14
435 454
487 402
464 425
490 399
401 488
479 44
463 28
405 484
407 482
490 55
509 74
414 475
448 441
467 32
477 44
474 39
470 419
468 421
390 499
508 381
488 401
494 395
479 410
473 416
409 480
491 398
469 34
398 491
447 12
502 387
384 501
440 5
457 22
442 7
469 420
395 494
503 386
425 464
439 4
433 456
506 383
422 467
508 73
475 414
396 493
454 19
511 76
452 17
424 465
490 57
416 471
399 490
441 448
475 40
416 473
397 492
487 52
406 483
448 13
466 423
496 61
500 65
388 501
427 462
483 406
435 0
445 444
497 392
496 393
501 66
499 390
493 58
456 433
417 470
491 56
486 51
450 439
476 41
423 466
460 25
466 31
465 30
408 481
412 477
429 460
380 509
458 23
403 486
460 429
386 503
437 452
452 19
456 21
507 382
386 501
481 408
394 493
453 436
493 396
446 11
441 6
378 511
455 20
480 45
450 15
482 47
436 453
434 455
467 422
504 385
477 412
417 472
391 498
472 417
494 59
503 69
455 21
464 30
471 37
478 410
459 429
467 33
386 500
472 416
449 15
493 59
479 409
488 400
498 64
485 403
481 47
508 380
446 442
500 388
464 424
429 457
466 32
435 1
510 378
393 495
427 461
433 455
436 452
509 75
478 44
443 445
439 449
487 53
391 497
469 35
377 511
507 73
506 72
422 466
382 506
448 14
490 58
490 56
477 411
476 412
451 17
402 486
469 419
480 408
426 462
508 74
493 395
482 48
413 475
408 480
448 440
424 464
502 68
462 28
490 398
453 19
405 483
406 482
401 487
491 57
443 9
465 31
499 389
423 465
381 507
470 418
510 76
434 454
451 437
457 23
438 450
415 469
482 406
431 457
410 478
486 402
492 58
453 435
403 485
483 405
445 11
475 41
465 423
397 491
440 448
407 481
466 422
494 394
409 479
416 472
471 417
390 498
507 381
477 43
497 63
456 22
441 447
449 439
444 10
501 387
509 379
505 383
428 460
511 77
396 492
425 463
487 401
479 45
496 392
455 433
505 71
488 54
452 436
404 484
440 6
484 50
475 413
460 428
495 393
438 4
421 467
484 404
414 474
499 65
474 40
446 12
389 499
459 25
485 51
430 458
504 70
411 477
473 39
378 510
483 49
506 382
379 509
450 16
442 8
486 52
416 470
497 391
442 446
454 22
467 421
399 489
468 420
436 2
439 5
385 503
511 377
415 471
452 18
457 431
491 397
445 443
380 508
388 500
437 451
456 432
454 20
437 3
470 36
480 46
441 7
458 430
394 494
481 407
415 473
463 29
489 55
412 476
432 456
458 24
384 502
454 434
501 67
468 34
503 385
494 60
504 384
495 61
476 42
490 397
415 468
499 66
475 412
493 60
397 490
500 67
465 32
391 496
439 448
476 43
501 68
487 400
405 482
438 5
480 407
510 377
494 61
495 392
392 495
476 411
413 474
461 28
377 510
433 454
443 10
409 478
489 56
431 456
491 58
399 488
447 440
382 505
390 497
422 465
498 65
491 396
460 427
467 420
384 503
454 433
503 384
436 3
508 75
447 14
474 41
464 423
459 428
380 507
439 6
407 480
442 9
511 78
468 35
429 458
488 55
466 421
425 462
443 444
486 53
483 50
446 13
440 7
510 77
434 453
511 376
403 484
484 51
460 27
484 403
449 16
499 388
386 499
478 45
473 40
414 469
414 473
481 406
487 54
451 18
471 416
502 385
451 436
458 25
492 59
446 441
444 11
495 62
506 381
408 479
391 494
472 39
489 398
435 452
411 476
478 409
450 17
464 31
376 511
427 460
401 486
388 499
438 449
482 49
455 432
462 29
453 434
415 472
507 380
504 71
428 457
485 402
465 422
502 69
509 378
400 487
488 399
456 23
423 464
472 415
506 73
508 379
430 457
497 390
404 483
406 481
389 498
477 410
457 430
470 417
441 8
440 447
424 463
449 438
500 387
396 491
504 383
426 461
483 404
457 24
459 26
463 30
469 418
455 22
393 494
453 20
505 72
469 36
402 485
437 450
507 74
467 34
509 76
454 21
481 48
434 1
497 64
421 466
492 395
415 470
498 389
480 47
448 15
381 506
493 394
445 442
479 408
470 37
432 455
437 4
378 509
471 38
412 475
452 435
485 52
441 446
505 382
486 401
435 2
485 53
465 421
434 2
455 23
507 379
469 417
493 393
379 507
478 46
406 478
451 435
439 7
455 431
426 460
400 486
472 40
442 444
409 477
383 503
458 26
440 8
411 475
431 455
508 378
510 376
492 60
475 411
484 52
468 36
391 495
484 402
456 24
508 76
420 466
459 27
443 11
380 506
499 67
475 43
457 429
471 39
436 4
435 451
479 47
398 488
390 494
502 384
407 479
466 420
466 34
396 490
443 443
479 407
444 442
465 33
434 452
405 481
382 504
491 395
397 489
506 74
377 509
486 400
460 28
464 32
433 1
481 49
503 71
458 428
461 29
378 508
480 48
376 510
504 382
482 50
498 66
416 468
454 432
441 9
463 423
511 79
494 392
404 482
432 0
390 496
502 70
427 459
491 59
459 427
444 12
506 380
450 436
414 472
445 13
476 410
495 63
474 412
406 480
471 415
401 485
473 41
470 416
430 456
474 42
456 430
497 389
487 55
453 433
391 493
510 78
440 446
448 438
435 3
381 505
447 439
437 449
395 491
485 401
403 483
503 383
448 16
497 65
505 381
389 497
442 10
438 448
449 437
489 397
504 72
501 69
486 54
462 30
425 461
509 377
392 494
494 62
414 470
436 450
469 37
477 409
481 405
449 17
496 390
483 403
452 434
478 408
487 399
488 398
437 5
464 422
433 453
467 35
387 499
480 406
450 18
412 474
457 25
423 463
499 387
483 51
428 458
453 21
399 487
445 441
488 56
422 464
388 498
446 14
408 478
424 462
460 426
505 73
498 388
375 510
491 60
503 382
402 483
498 67
437 448
393 492
441 10
485 400
467 418
484 53
413 470
474 43
433 452
499 68
455 26
483 52
479 406
446 439
376 509
488 57
401 484
380 505
400 485
477 408
504 73
435 4
451 20
485 54
451 434
458 27
382 503
448 17
416 467
434 3
490 395
409 476
498 387
463 422
443 12
482 403
421 464
389 496
438 7
390 495
484 401
438 447
506 75
431 454
408 477
455 24
443 442
462 31
464 33
410 475
511 80
495 64
470 39
470 415
479 48
445 440
466 419
487 398
413 472
412 473
480 49
455 430
392 493
439 8
499 386
448 437
492 393
473 42
439 446
462 423
422 463
509 376
450 435
459 426
460 29
488 397
489 396
497 66
473 412
457 428
497 388
396 489
456 25
440 445
431 0
378 507
450 19
432 1
468 37
465 34
452 21
495 390
435 450
406 479
460 425
387 498
481 404
459 28
427 458
424 461
377 508
493 62
404 481
483 402
426 459
467 36
478 47
502 383
471 40
496 65
381 504
447 438
503 72
395 490
511 374
449 18
454 431
432 453
506 379
425 460
480 405
379 506
434 451
494 391
501 70
468 417
486 399
430 455
452 433
436 5
475 44
407 478
492 61
456 429
469 416
505 380
508 77
445 14
510 79
478 407
464 421
444 441
437 6
411 474
493 392
461 30
436 449
474 411
471 414
482 51
403 482
500 69
508 377
420 465
465 420
486 55
475 410
399 486
441 444
405 480
440 9
476 409
477 46
502 71
481 50
397 488
509 78
457 26
447 16
442 443
394 491
481 51
504 380
509 79
458 426
510 374
482 402
474 44
456 428
380 504
465 35
462 422
506 378
422 462
488 396
393 491
447 437
498 386
508 78
464 420
382 502
446 16
452 432
491 393
501 71
430 454
423 461
438 8
462 32
490 60
472 42
411 473
485 55
449 435
373 511
392 492
434 450
467 417
407 477
489 59
493 391
509 375
432 2
479 405
413 471
459 425
504 74
441 443
394 490
468 416
463 33
426 458
489 395
404 480
481 403
440 10
429 455
469 39
450 434
444 14
450 20
453 431
473 43
470 414
500 382
402 482
488 58
511 373
455 25
442 12
470 40
424 460
418 466
486 56
451 433
490 394
417 467
502 72
482 52
479 49
496 66
459 29
473 411
445 439
493 63
465 419
379 505
431 453
487 57
505 379
401 483
433 3
443 441
425 459
510 80
503 381
443 13
409 475
511 81
400 484
484 54
480 50
497 67
494 390
499 69
435 449
467 37
454 430
502 382
458 28
430 0
508 376
452 22
438 446
398 486
497 387
466 418
503 73
477 47
376 508
478 48
428 454
437 447
457 427
431 1
377 507
499 385
477 407
433 449
387 497
495 65
448 436
492 392
419 465
491 61
420 464
451 21
436 6
476 46
446 438
507 377
436 448
461 31
480 404
461 423
378 506
440 444
434 4
475 409
395 489
375 509
405 479
432 452
476 408
474 410
506 76
484 400
483 53
460 30
507 77
454 24
492 62
496 388
478 406
389 495
448 18
435 5
433 451
457 27
485 399
498 68
439 9
466 36
408 476
381 503
500 70
463 421
469 415
494 64
444 440
456 26
442 442
487 397
464 34
421 463
403 481
439 445
396 488
410 474
487 58
509 374
510 373
449 20
375 508
430 453
473 410
431 452
440 443
492 391
469 40
468 39
479 404
462 33
444 15
437 8
429 0
441 442
481 52
435 448
467 416
489 60
473 44
465 36
482 53
479 50
488 59
470 413
445 438
401 482
472 43
475 408
395 488
420 463
500 383
500 71
458 29
444 17
492 63
462 421
491 62
436 7
463 420
474 45
494 389
461 32
424 457
399 484
454 429
501 72
408 475
464 35
480 51
410 473
488 395
373 510
446 437
496 387
457 426
383 500
459 30
423 460
499 384
466 417
477 406
403 480
441 12
419 464
490 61
432 3
449 434
411 472
511 82
394 489
495 66
433 4
412 471
471 412
429 454
387 496
438 9
434 5
483 396
507 78
437 446
467 38
448 435
446 17
381 502
510 81
435 6
400 483
440 11
444 439
451 432
426 457
494 65
484 55
487 396
442 441
459 424
491 392
407 476
425 458
505 378
472 411
499 382
460 423
489 394
379 504
421 462
382 501
452 431
511 372
376 507
498 385
417 466
451 22
438 445
457 28
433 450
398 485
478 49
439 10
392 491
442 13
484 399
386 497
428 455
409 474
434 449
450 433
463 34
448 19
481 402
504 379
509 80
454 25
461 422
483 400
499 70
496 67
471 42
495 388
490 393
439 444
422 461
445 16
404 479
388 495
483 54
486 397
436 447
482 401
424 459
476 47
374 509
502 73
456 27
468 415
485 398
464 419
498 69
486 57
460 31
450 21
469 414
431 2
506 77
466 37
418 465
378 505
502 381
402 481
507 376
430 1
443 14
372 511
478 405
493 390
497 68
485 56
501 382
447 436
474 409
504 75
455 428
465 418
508 79
478 404
482 400
484 56
458 30
446 436
388 494
474 46
439 11
472 44
421 461
418 464
477 49
451 431
382 500
508 374
372 510
498 384
509 373
397 485
445 437
462 34
509 81
441 441
480 52
453 429
431 3
431 451
490 62
394 488
473 45
507 375
475 47
377 505
504 378
404 478
501 381
417 465
481 53
419 463
375 507
465 37
426 456
450 432
470 412
376 506
385 497
433 5
398 484
500 72
499 73
475 405
460 422
449 433
491 63
435 447
483 399
503 75
442 440
425 457
510 82
463 419
493 65
493 389
489 61
429 453
455 427
481 401
378 504
487 395
469 413
491 391
387 495
476 406
480 402
486 396
507 79
479 51
381 501
508 80
485 397
484 398
472 410
452 430
391 491
511 83
369 511
488 60
468 40
432 4
427 455
476 48
430 2
506 78
0 510
467 39
448 434
492 390
458 424
485 57
471 411
459 423
395 487
497 69
374 508
468 414
490 392
437 9
456 426
423 459
411 471
448 20
499 71
482 54
430 452
495 67
371 511
428 0
504 76
410 472
487 59
474 408
375 505
475 407
441 13
401 481
400 482
470 42
456 28
463 35
483 55
373 509
434 6
488 394
478 50
409 473
486 58
454 428
429 1
446 18
460 32
407 475
389 493
511 371
495 387
467 415
444 438
461 33
505 377
489 393
457 29
444 16
466 38
502 380
420 462
453 25
379 503
436 446
408 474
494 66
438 10
450 22
440 12
465 417
496 68
435 7
443 15
434 448
462 420
392 488
461 421
437 445
459 31
403 479
439 443
424 458
496 386
422 460
432 450
471 43
436 8
492 64
503 379
469 41
497 385
402 480
510 372
501 73
447 19
383 499
483 395
499 383
444 18
483 397
464 418
383 498
481 400
377 504
449 22
506 375
480 401
471 44
370 511
491 64
489 62
484 395
459 32
476 405
454 29
487 60
474 407
410 471
454 427
498 73
442 15
474 47
391 490
469 42
511 84
481 54
428 1
470 43
434 447
441 14
399 482
418 463
1 510
461 34
462 419
499 74
402 479
455 426
475 406
430 3
427 0
436 445
464 37
385 496
491 390
457 424
452 25
496 69
462 35
458 31
469 412
393 488
382 499
388 493
466 39
443 438
450 23
506 79
409 472
373 508
495 386
404 477
457 30
369 510
422 459
482 399
395 486
501 74
473 408
471 410
505 376
508 373
507 374
392 489
445 18
379 502
381 500
398 483
425 456
507 80
494 387
421 460
456 29
490 63
446 435
374 507
499 72
478 51
498 71
0 509
394 487
511 370
375 506
437 10
480 53
413 468
441 440
435 446
414 467
378 503
423 458
411 470
443 16
508 81
453 428
455 28
439 442
408 473
475 48
444 437
432 5
372 509
467 40
488 61
479 52
477 404
510 371
454 27
417 464
498 383
438 11
460 33
386 495
426 455
401 480
479 402
483 398
466 415
435 8
446 19
407 474
437 444
509 82
472 45
485 58
447 20
485 396
429 452
465 38
416 465
430 451
497 70
431 450
493 66
433 6
434 7
484 57
397 484
459 422
483 56
476 49
451 430
468 41
503 76
463 36
496 385
460 421
501 380
453 26
458 423
477 50
376 505
482 55
448 433
489 392
468 413
503 378
438 443
486 395
463 418
478 403
420 461
439 12
461 420
419 462
400 481
488 393
406 475
509 372
495 68
486 59
482 397
472 409
483 394
500 73
452 429
473 46
502 75
502 379
442 439
450 431
490 391
464 417
389 492
429 2
494 67
487 394
493 388
431 4
504 77
467 413
446 20
437 11
508 82
502 378
387 493
495 385
510 370
467 41
428 452
448 430
426 454
439 13
482 56
452 26
453 27
0 508
464 38
510 84
491 65
436 444
395 485
497 383
421 459
426 0
410 470
401 479
442 438
470 410
428 2
472 408
466 42
413 467
477 51
448 432
378 502
453 427
475 49
497 71
438 442
507 81
419 461
385 495
490 390
456 424
474 406
506 374
381 499
3 511
473 47
441 439
396 484
495 69
422 458
457 423
405 475
445 19
386 494
506 80
483 57
487 393
435 9
492 388
437 443
453 29
500 74
374 506
435 445
484 394
485 395
434 8
486 60
485 59
470 44
452 428
488 62
434 444
474 48
384 496
504 376
488 392
440 14
494 68
431 449
496 384
471 45
376 504
505 375
477 403
462 418
493 387
433 447
403 477
420 460
502 76
473 407
492 66
430 450
414 466
460 34
397 483
390 490
458 422
505 79
478 402
439 441
461 419
461 35
411 469
444 436
479 401
449 431
504 78
440 440
503 77
481 399
441 15
406 474
459 421
468 42
447 433
388 492
425 455
507 373
418 462
480 400
442 16
443 437
466 414
454 426
1 509
408 472
463 37
469 411
509 83
508 372
431 7
476 50
480 54
430 4
372 508
472 46
409 471
501 379
370 510
455 29
398 482
382 498
498 72
429 451
455 425
416 464
383 497
448 22
436 10
509 371
393 487
391 489
501 75
463 417
433 7
438 12
454 28
431 5
394 486
457 31
465 415
445 435
459 33
490 64
489 391
379 501
489 63
429 3
450 430
458 32
389 491
446 434
471 409
478 52
500 380
415 465
482 398
466 40
449 23
373 507
427 453
412 468
399 481
511 369
428 450
434 446
380 500
464 416
377 503
476 404
496 70
491 389
429 450
430 5
501 76
438 13
499 380
449 24
489 390
465 40
471 46
444 435
472 47
487 392
424 455
434 9
464 43
445 434
3 510
425 0
386 491
503 78
376 503
389 490
505 374
440 439
418 461
502 377
399 480
430 449
461 36
417 462
463 416
401 478
442 17
419 460
420 459
379 500
456 31
469 44
448 431
436 443
506 81
449 430
481 56
385 494
423 456
462 37
406 473
407 472
454 425
487 62
380 499
510 369
395 484
501 378
432 447
464 39
476 51
425 454
410 469
504 79
500 379
485 60
447 432
428 3
453 28
439 440
435 444
426 1
488 63
467 412
483 58
433 446
480 399
458 33
452 27
459 34
384 495
0 507
381 498
426 453
451 428
467 42
445 20
431 6
494 69
485 394
377 502
441 438
371 508
481 398
493 386
437 12
479 400
411 468
413 466
400 479
453 426
442 437
468 411
421 458
470 45
396 483
387 492
465 42
415 464
491 388
461 418
398 481
404 475
509 84
502 77
2 509
458 421
475 50
382 497
412 467
488 391
405 474
434 445
482 57
478 401
492 67
437 442
435 10
441 16
477 52
447 22
470 409
4 511
476 403
408 471
507 82
402 477
508 371
474 49
500 75
463 38
427 452
506 373
448 23
479 54
489 64
468 43
386 493
492 387
470 47
452 427
455 424
496 383
473 48
440 15
466 41
511 368
496 71
428 451
469 410
503 376
511 86
422 457
459 420
471 408
390 489
439 14
494 385
508 83
498 381
450 429
443 436
466 413
438 441
504 375
393 486
455 30
464 415
432 7
465 414
507 372
373 506
414 465
490 65
403 476
409 470
497 382
477 402
460 419
456 423
495 70
497 72
451 26
472 407
370 509
436 11
433 8
505 80
495 384
429 4
473 406
510 85
388 491
421 457
456 422
500 76
423 455
446 432
444 20
502 78
502 376
463 39
456 32
370 508
464 42
432 8
372 506
461 417
495 383
399 479
424 0
488 390
465 41
486 62
435 443
433 9
385 493
440 438
485 61
476 402
414 464
430 6
498 380
487 63
427 451
486 392
386 492
393 485
473 49
479 55
387 491
384 494
511 367
436 442
395 483
452 28
419 459
462 38
445 433
460 36
479 399
379 499
424 454
447 431
444 434
489 389
397 481
445 21
458 34
505 83
448 24
467 43
509 85
427 3
406 472
2 508
495 71
426 452
471 47
492 386
454 424
505 373
434 10
471 407
449 429
490 388
450 428
469 409
472 48
457 33
466 44
507 371
478 400
506 372
452 426
493 385
497 381
411 467
468 410
388 490
426 2
478 54
451 427
464 40
418 460
417 461
3 509
489 65
442 18
504 80
429 5
467 411
462 416
400 478
474 404
510 368
487 391
491 67
435 11
386 490
436 12
505 81
371 507
503 79
500 378
488 64
496 72
443 435
470 408
480 56
501 377
506 82
490 66
440 16
477 53
470 46
413 465
408 470
463 43
377 501
509 369
420 458
438 14
465 413
494 384
401 477
415 463
480 398
458 420
459 419
468 44
0 506
409 469
416 462
508 84
407 471
447 23
381 497
442 436
499 379
507 83
405 473
482 58
4 510
432 446
433 445
430 448
452 30
412 466
367 511
425 453
390 488
475 51
504 374
466 412
380 498
464 414
373 505
494 70
472 406
404 474
476 52
403 475
376 502
459 35
391 487
451 27
396 482
1 507
422 456
429 449
383 495
510 86
485 393
465 45
503 375
438 440
5 511
469 45
511 87
474 50
481 57
455 31
455 423
508 370
441 17
428 4
439 15
431 447
487 64
477 400
451 28
413 464
502 79
435 442
410 467
441 18
398 479
432 9
457 420
443 20
471 406
428 5
486 63
503 374
454 31
6 511
476 53
419 458
411 466
396 481
392 485
445 432
444 21
485 392
424 1
436 441
387 490
481 58
452 31
501 374
444 433
479 56
494 383
485 62
469 408
425 452
393 484
489 388
420 457
477 54
457 34
472 405
390 487
432 445
469 46
490 387
456 421
438 439
495 382
383 494
478 399
508 85
438 15
459 418
497 380
505 82
462 39
443 434
484 61
454 423
439 16
422 455
437 440
440 437
4 509
491 386
455 32
491 68
406 471
384 493
509 368
3 508
472 49
461 38
499 378
470 407
463 40
511 366
441 436
382 495
505 372
481 396
500 377
462 415
448 25
1 506
508 369
431 446
380 497
487 390
475 52
367 510
458 35
412 465
394 483
414 463
453 424
480 57
404 471
430 447
501 78
489 66
403 474
506 371
370 507
377 500
467 410
425 2
504 81
424 453
459 36
510 367
376 501
426 3
437 14
499 76
494 71
442 435
450 427
474 51
399 478
436 13
458 419
464 41
429 6
423 454
381 496
492 385
421 456
509 86
490 67
496 381
510 87
385 492
482 59
2 507
465 46
446 431
456 33
449 428
405 472
467 44
463 42
511 88
475 402
473 404
451 30
395 482
451 426
435 12
418 459
402 475
407 470
371 506
452 425
417 460
442 19
366 511
498 379
372 505
439 438
433 10
447 24
507 370
502 375
409 468
501 376
388 489
506 83
466 45
429 448
507 84
426 451
476 401
471 48
463 414
486 391
460 417
408 469
461 416
423 0
378 499
495 72
0 505
391 486
401 476
465 412
416 461
460 37
404 473
397 480
473 50
478 55
5 510
379 498
488 389
474 403
480 397
449 427
422 454
384 492
369 507
380 496
498 76
485 391
490 68
504 372
470 406
447 25
448 426
500 376
508 86
489 67
440 18
428 448
441 19
408 468
497 377
448 26
507 85
486 390
438 438
473 51
439 437
472 404
451 425
389 487
474 402
430 446
409 467
505 371
387 489
489 387
374 502
479 57
471 405
511 89
472 50
424 2
391 485
381 495
455 421
412 464
511 365
449 27
425 3
483 61
463 41
395 481
367 509
477 399
366 510
371 505
423 1
474 52
502 374
464 412
475 401
398 478
503 373
443 433
414 462
401 475
478 398
487 389
509 87
461 39
475 53
373 503
451 31
382 494
378 498
491 385
422 0
450 426
502 80
376 500
476 400
462 42
439 17
501 375
455 33
453 31
443 21
499 377
445 431
501 79
471 49
425 451
430 8
411 465
5 509
450 28
459 37
466 46
437 439
375 501
459 417
500 78
456 420
508 368
3 507
379 497
503 81
458 36
494 382
434 442
490 386
410 466
397 479
510 366
476 54
488 388
394 482
403 473
396 480
420 456
442 434
4 508
454 32
426 450
392 484
488 66
415 461
436 14
423 453
435 441
485 63
435 13
477 55
437 15
504 82
436 440
416 460
405 471
506 370
372 504
447 429
433 443
1 505
407 469
457 419
506 84
428 6
492 384
496 74
496 380
468 408
467 45
462 414
365 511
370 506
494 72
444 22
498 378
487 65
442 20
432 10
480 58
433 11
486 64
468 46
469 407
509 367
484 62
413 463
462 40
454 422
440 436
507 369
497 379
429 447
446 430
460 416
419 457
481 59
368 508
481 395
390 486
484 392
480 396
441 435
434 12
418 458
491 69
461 415
6 510
479 397
2 506
400 476
404 472
393 483
495 381
499 77
431 9
479 395
456 34
429 7
402 474
453 423
467 409
431 445
463 413
388 488
497 376
376 499
374 501
433 12
434 13
432 443
371 504
390 485
498 77
380 495
474 401
483 62
478 397
439 18
477 398
494 381
507 368
509 366
495 76
463 412
417 458
413 462
487 66
364 511
416 459
461 42
479 58
466 409
444 431
403 472
388 487
498 377
457 36
476 399
437 16
423 2
449 426
412 461
511 90
431 10
452 423
400 475
476 55
436 15
475 54
447 428
481 60
445 430
446 25
425 450
441 434
435 440
405 470
437 438
468 407
470 49
461 40
502 373
425 4
480 59
428 447
508 367
409 466
486 65
492 71
472 403
471 404
502 81
443 432
415 460
381 494
456 35
468 47
377 498
487 388
427 6
455 34
382 493
479 394
504 371
474 53
442 433
391 484
368 507
462 41
2 505
426 449
506 369
422 453
6 509
495 74
7 510
418 457
383 492
450 425
494 77
495 380
432 11
473 52
505 370
477 56
4 507
412 463
507 86
392 483
482 61
457 418
500 79
493 72
462 413
491 384
436 439
433 442
470 405
434 441
397 478
478 57
373 502
469 406
429 446
499 376
430 445
424 451
438 437
369 506
511 364
496 75
458 37
492 383
490 69
408 467
459 38
503 372
503 82
484 65
475 400
491 70
493 382
449 28
447 26
496 379
454 421
384 491
467 408
460 39
450 31
367 508
424 3
455 420
472 51
488 67
461 414
496 377
3 506
479 396
375 500
406 469
509 88
1 504
445 24
473 402
448 27
421 0
500 375
488 387
485 64
411 464
467 46
453 32
421 454
440 19
401 474
370 505
378 497
456 419
435 14
419 456
459 416
379 494
485 390
430 9
489 386
499 78
501 80
393 482
510 365
494 73
439 436
443 22
387 488
372 503
497 378
469 48
431 444
429 8
480 395
395 480
422 1
402 473
441 20
442 21
490 385
484 391
453 422
451 424
450 29
458 417
365 510
448 427
438 17
506 85
508 87
489 68
444 429
446 429
396 479
484 63
446 428
411 463
380 494
483 63
480 60
445 429
499 375
497 77
473 401
510 90
441 21
499 79
462 412
3 505
439 19
498 78
449 29
1 503
476 56
474 400
427 447
385 489
443 429
455 35
469 405
470 400
493 73
458 38
435 439
461 413
427 7
495 379
478 396
397 477
482 392
457 417
491 383
457 37
507 367
394 480
437 17
447 427
505 369
492 382
487 387
446 26
508 88
420 0
494 74
421 453
396 478
466 408
387 487
398 476
418 456
422 452
395 479
374 500
453 421
490 70
425 449
480 394
502 372
436 438
472 402
465 409
445 25
503 83
0 502
484 64
423 3
485 65
6 508
4 506
488 386
388 486
451 423
381 493
481 393
471 51
454 420
484 66
472 52
498 376
489 385
509 365
408 466
440 434
511 363
438 436
424 450
8 510
432 442
505 85
428 446
488 68
364 510
416 458
2 504
386 488
455 419
434 440
501 81
464 410
504 370
496 378
483 391
481 61
502 82
367 507
485 389
437 437
449 425
428 8
442 22
491 71
409 465
413 461
401 473
369 505
410 464
422 2
509 89
506 86
470 50
417 457
450 32
405 469
495 77
452 422
440 20
420 454
486 66
495 75
471 401
425 447
482 62
378 496
384 490
414 460
389 485
432 12
426 6
383 491
494 76
443 431
470 404
391 483
507 87
492 72
454 34
489 69
365 509
438 18
444 430
503 371
415 459
400 474
467 47
433 441
424 4
434 14
471 403
459 39
461 41
379 495
468 406
477 57
490 384
436 16
476 398
431 443
467 407
447 27
463 411
375 499
475 55
453 33
439 435
419 455
450 424
468 48
494 380
5 507
368 506
402 472
487 67
477 397
366 508
421 1
441 433
429 445
442 432
458 416
479 59
376 498
459 415
460 414
473 53
430 10
469 49
412 462
392 482
448 28
406 468
431 11
456 418
371 503
372 502
511 91
484 390
444 24
390 484
400 473
375 498
472 53
464 409
487 68
474 399
505 368
423 4
440 433
371 502
0 501
411 462
414 459
442 431
419 0
477 396
389 484
477 58
493 74
441 22
458 39
439 434
466 407
509 90
483 390
456 37
427 8
472 401
451 422
420 453
378 495
470 403
426 447
429 442
432 13
433 440
429 444
483 64
428 9
469 404
493 76
479 60
439 20
484 389
383 490
493 380
445 428
428 445
490 383
385 488
420 1
486 387
467 48
381 492
402 471
500 81
502 83
422 3
450 423
370 503
498 375
465 408
407 466
467 406
424 5
452 421
406 467
448 29
417 456
486 67
449 424
434 439
488 385
435 16
415 458
447 28
473 400
498 79
499 80
393 480
5 506
397 476
446 427
457 416
507 366
471 402
453 34
458 415
364 509
427 446
480 393
494 75
461 412
377 496
468 49
424 449
376 497
492 73
495 378
485 388
478 59
426 7
470 51
373 500
421 2
432 441
468 405
431 442
471 52
501 372
443 430
460 41
425 6
494 379
506 87
386 487
429 10
384 489
456 417
428 441
491 382
454 35
440 21
491 72
459 414
460 413
511 362
391 482
438 435
405 468
430 443
508 89
476 57
487 386
470 401
8 509
446 27
463 410
481 390
387 486
409 464
398 475
503 84
413 460
404 469
467 404
457 38
492 381
495 78
6 507
443 24
476 397
441 432
422 451
502 371
508 365
455 418
450 33
481 392
480 61
410 463
395 478
482 63
436 437
401 472
366 507
418 455
444 25
509 364
454 419
469 50
475 398
477 60
367 506
433 14
485 66
437 18
471 400
501 84
505 86
431 12
499 374
462 411
382 491
490 71
421 452
474 55
489 384
475 56
2 503
501 82
500 373
504 369
363 510
3 504
481 62
368 505
489 70
459 40
408 465
403 470
496 77
430 11
380 493
510 91
369 504
394 479
473 54
388 485
507 88
425 448
1 502
511 92
399 474
452 33
453 420
390 483
438 19
506 367
482 391
491 73
400 472
9 509
391 481
459 41
447 29
511 361
369 503
472 54
455 417
5 505
362 510
442 430
507 365
493 75
506 88
2 502
365 507
468 50
441 431
376 496
478 60
438 434
486 386
487 385
494 378
386 486
427 445
407 465
422 450
451 33
7 507
426 446
453 35
426 8
433 15
496 78
438 20
397 475
479 61
504 86
375 497
377 495
420 2
445 27
474 56
361 511
510 362
464 408
6 506
503 369
395 477
476 58
409 463
363 509
374 498
442 24
473 55
499 373
489 383
389 483
408 464
484 388
393 479
392 480
449 423
399 473
505 367
500 82
421 451
457 39
431 441
413 459
505 87
506 366
474 398
481 391
441 23
421 3
456 416
451 421
470 402
485 67
467 49
383 489
437 435
463 409
398 474
435 17
475 397
508 90
503 85
488 70
447 425
419 453
428 444
417 455
465 407
371 501
482 64
498 374
427 441
469 403
428 10
493 379
367 505
434 438
467 403
431 13
500 372
504 368
498 80
440 22
454 418
434 16
418 454
424 448
387 485
460 412
422 4
381 491
401 471
380 492
470 52
432 440
473 399
511 93
404 468
458 40
510 92
459 413
446 28
452 420
509 363
466 406
454 36
364 508
10 510
414 458
482 390
370 502
424 6
462 410
477 59
428 442
403 469
410 462
384 488
390 482
477 395
430 442
425 7
452 34
419 1
453 419
433 439
382 490
487 69
497 79
446 426
423 5
388 484
402 470
445 427
491 381
8 508
440 432
415 457
468 404
503 367
485 387
420 452
450 422
429 443
436 436
507 89
1 501
509 91
472 400
457 415
423 449
466 48
432 14
462 44
439 433
467 405
490 72
444 26
492 74
489 71
427 9
3 503
501 83
502 370
458 414
372 500
436 18
373 499
456 38
455 37
405 467
486 68
480 392
418 0
488 384
501 371
502 84
396 476
481 63
492 380
4 504
480 62
428 440
461 411
430 12
448 424
480 391
453 36
503 368
438 433
508 91
420 3
403 468
10 509
380 491
466 49
501 370
491 380
469 402
455 38
483 388
423 448
443 26
393 478
440 23
500 83
502 85
488 71
454 417
2 501
415 456
479 62
401 470
408 463
7 506
386 485
420 451
418 453
504 367
509 362
426 9
487 384
458 41
6 505
468 403
428 11
472 399
447 30
451 34
423 6
381 490
485 386
362 509
465 406
489 72
396 475
377 494
424 7
421 4
509 92
371 500
494 377
397 474
383 488
404 467
491 74
506 365
454 37
364 507
498 81
416 455
510 93
457 414
464 47
479 392
410 461
460 411
444 27
399 472
406 465
432 15
392 479
382 489
390 481
475 58
505 88
385 486
446 29
375 496
444 427
411 460
428 443
462 45
398 473
436 19
412 459
507 90
434 17
459 412
450 421
459 42
11 510
8 507
368 501
473 56
376 495
492 75
427 442
499 372
429 440
475 396
453 418
433 438
402 469
419 2
458 413
367 504
482 65
441 430
472 55
488 383
427 10
460 43
446 425
365 506
466 405
411 458
434 437
457 40
511 94
492 379
391 480
389 482
506 89
379 492
476 59
510 361
370 501
394 477
361 510
436 435
368 503
432 439
4 503
452 419
471 54
366 505
481 64
439 22
363 508
425 8
478 61
431 440
426 445
507 364
360 511
487 70
503 86
429 12
430 441
498 373
448 31
489 382
421 450
1 500
427 444
493 378
463 46
497 80
461 44
395 476
496 79
451 420
422 5
447 424
414 457
422 449
373 498
448 423
502 369
465 48
476 395
480 63
490 73
485 68
388 483
417 454
467 50
509 94
463 408
384 487
461 410
442 25
440 431
474 57
372 499
490 381
435 18
500 371
413 458
486 69
495 376
430 13
405 466
469 52
474 397
439 432
473 398
374 497
12 511
417 0
452 35
482 389
400 471
418 1
369 502
499 82
449 422
455 416
407 464
437 20
438 21
433 16
409 462
465 405
467 51
395 475
489 73
488 382
3 501
443 27
459 411
471 55
430 440
444 28
413 457
454 38
424 8
427 443
500 368
1 499
459 43
376 494
385 485
475 59
426 442
388 482
5 503
426 444
7 505
424 446
442 428
425 9
11 509
398 472
500 370
416 454
374 496
399 471
464 406
452 36
446 30
443 427
401 469
365 505
383 487
493 377
491 379
476 394
485 69
426 10
427 11
437 433
504 88
448 422
429 439
465 49
422 6
402 468
479 391
432 16
360 510
451 35
375 495
464 48
369 501
406 464
392 478
503 87
434 436
404 466
470 54
457 413
437 21
423 447
391 479
364 506
504 366
382 488
390 480
497 373
466 50
509 361
510 94
425 445
455 39
509 93
363 507
428 12
441 429
472 398
370 500
474 58
474 396
506 364
361 509
379 491
491 75
431 15
431 439
463 47
456 40
461 409
420 450
405 465
453 417
457 41
484 386
486 384
368 502
456 414
386 484
444 426
445 425
499 371
453 37
400 470
436 434
362 508
421 5
423 7
410 460
440 430
508 362
372 498
384 486
389 481
485 385
436 20
483 387
421 449
409 461
394 476
381 489
481 65
502 368
490 380
480 64
10 508
482 388
489 381
447 423
478 62
412 458
505 365
507 91
483 67
451 419
475 395
462 46
441 25
9 507
455 415
495 375
12 510
498 372
411 459
2 500
417 453
408 462
414 456
439 23
366 504
13 511
438 432
478 392
418 452
422 448
477 63
420 4
445 29
508 92
393 477
435 435
473 57
429 13
484 68
442 26
418 2
468 402
447 31
511 95
460 44
498 82
416 0
433 17
490 74
458 412
472 56
496 80
6 504
479 63
487 383
396 474
438 22
461 45
462 408
434 18
450 420
377 493
449 421
502 86
494 376
433 437
440 24
371 499
452 418
448 32
380 490
8 506
359 511
510 360
458 42
367 503
469 53
506 90
468 52
460 410
473 397
472 396
499 83
373 497
439 431
482 66
430 14
463 407
435 19
501 369
487 71
432 438
415 455
487 382
371 498
427 12
443 28
492 377
475 394
494 375
504 365
501 86
505 90
458 411
478 391
399 470
489 74
409 460
433 18
450 35
464 49
490 75
425 10
496 373
484 69
439 24
451 36
465 50
468 399
434 435
7 504
359 510
481 66
462 47
470 55
508 361
478 63
474 59
377 492
425 444
439 430
419 4
489 380
456 413
466 51
452 37
458 43
494 79
403 466
453 38
461 46
397 472
405 464
499 370
497 82
401 468
484 385
365 504
384 485
416 453
445 424
3 500
500 85
500 367
404 465
452 417
367 502
503 88
455 40
436 21
433 436
414 455
396 473
375 494
360 509
421 448
475 60
11 508
477 62
468 401
481 388
456 41
497 372
10 507
454 413
446 31
509 360
364 505
385 484
485 70
358 511
441 428
461 408
363 506
486 71
422 7
457 42
413 456
446 423
507 362
431 438
508 93
486 383
435 434
13 510
392 477
488 73
502 87
430 15
6 503
483 68
395 474
501 368
511 358
490 379
506 363
382 487
441 26
506 91
472 57
424 9
498 83
421 6
491 76
410 459
483 386
430 439
435 20
447 422
431 16
415 0
418 3
476 393
12 509
429 14
468 53
444 425
482 67
408 461
376 493
455 414
437 432
436 433
491 378
473 58
462 407
444 29
400 469
390 479
499 368
448 33
496 81
2 499
480 65
510 95
449 420
423 446
463 406
460 409
388 481
442 427
471 56
423 8
391 478
485 384
412 457
465 404
402 467
380 489
434 19
495 80
426 443
493 78
432 17
386 483
381 488
488 381
372 497
417 452
370 499
379 490
450 419
493 376
361 508
472 397
459 410
420 5
453 416
448 421
442 27
383 486
416 1
474 395
422 447
495 374
473 396
369 500
504 89
393 476
374 495
499 84
479 64
9 506
8 505
417 2
463 48
454 415
507 92
424 445
378 491
454 39
443 426
406 463
469 54
505 364
14 511
476 61
498 371
420 449
387 482
460 45
437 22
453 39
466 402
393 475
484 70
470 56
420 448
483 385
443 29
3 499
404 464
467 53
392 476
504 364
455 41
506 362
482 386
381 487
379 489
481 387
486 382
443 425
448 420
376 492
475 393
378 490
364 504
460 46
451 417
385 483
475 61
499 369
423 445
360 508
425 443
441 427
464 50
454 40
500 86
505 91
446 32
396 472
419 5
459 409
493 79
6 502
470 398
496 82
407 461
445 31
382 486
499 85
362 506
435 21
431 17
477 391
418 4
491 377
375 493
444 424
508 360
480 388
462 48
440 428
414 454
473 59
471 397
420 6
449 419
476 392
485 383
4 496
423 443
421 447
483 69
488 74
492 78
414 0
398 470
416 452
490 378
494 374
429 15
494 80
454 414
11 507
359 509
489 75
401 467
384 484
380 488
433 19
422 8
394 474
397 471
399 469
388 480
457 43
413 455
373 493
439 25
497 83
463 49
430 438
421 7
417 3
451 37
463 405
0 496
433 435
461 47
405 463
482 68
363 505
390 478
409 459
478 64
447 421
369 499
488 380
435 433
366 502
504 90
453 415
450 36
358 510
501 367
4 500
391 477
13 509
438 430
487 381
434 20
498 370
492 376
497 371
491 77
502 366
511 97
503 365
3 497
501 87
412 456
428 14
484 384
361 507
505 363
386 482
461 407
458 44
485 71
402 466
2 498
446 422
458 410
9 505
424 10
415 1
498 84
417 451
455 413
442 28
365 503
480 66
465 51
419 449
374 494
371 497
432 436
456 42
457 411
406 462
510 358
493 375
437 431
15 511
370 498
387 481
357 511
440 26
474 60
452 416
468 400
469 55
464 404
12 508
431 437
511 357
506 92
389 479
481 67
416 6
436 432
400 468
495 81
8 504
449 35
510 96
373 495
456 412
425 11
445 423
436 22
403 465
474 394
450 418
418 450
495 373
503 89
10 506
447 33
473 395
471 57
442 426
5 501
469 399
437 23
507 93
466 52
487 73
427 13
498 368
430 16
459 45
502 88
476 62
490 76
7 503
439 429
460 47
417 6
461 48
372 495
501 88
416 3
478 389
443 30
485 382
428 15
384 483
451 38
410 457
470 57
406 461
490 377
509 96
435 432
484 71
487 74
505 362
372 493
361 506
364 503
438 429
492 375
413 0
422 445
449 36
505 92
397 470
432 435
474 61
486 73
16 511
358 509
490 77
495 372
437 24
472 59
479 388
379 488
417 4
495 82
455 42
451 416
467 400
459 46
436 23
466 401
457 44
402 465
9 504
476 391
0 495
491 376
415 452
368 499
446 421
498 85
503 90
381 486
493 80
496 371
483 384
418 449
463 50
423 10
509 358
365 502
414 453
444 423
493 374
416 451
377 490
457 410
504 91
7 502
14 509
426 13
448 35
455 412
360 507
462 405
388 479
393 474
409 458
10 505
383 484
486 381
506 93
421 446
392 475
369 498
466 53
435 22
450 37
470 397
363 504
456 411
464 51
380 487
502 365
465 52
362 505
11 506
3 498
430 437
496 83
427 14
381 484
507 360
510 97
507 94
511 98
4 497
401 466
386 481
445 422
440 427
3 496
447 420
475 62
497 370
480 67
5 500
421 8
417 450
376 491
501 366
482 385
385 482
414 1
452 415
1 496
487 380
439 428
500 87
380 483
12 507
387 480
431 436
453 40
511 356
474 393
370 497
389 478
489 76
462 49
400 467
420 7
357 510
443 422
447 34
453 414
433 434
465 402
488 379
481 386
485 72
405 462
445 32
415 2
429 16
390 477
492 79
2 497
371 496
399 468
367 500
473 394
473 60
424 443
491 78
497 368
469 398
359 508
373 494
502 89
478 65
449 418
404 463
477 390
408 459
448 419
378 489
484 383
441 28
434 433
497 84
420 447
450 417
454 41
412 455
469 56
508 359
411 456
499 86
396 471
460 407
444 31
459 408
458 45
416 7
442 29
424 11
504 363
506 361
15 510
418 5
425 12
463 404
416 5
480 387
481 68
510 357
442 425
431 18
494 81
375 492
434 21
436 431
498 369
443 424
475 392
403 464
6 501
432 19
439 26
488 75
4 499
374 493
356 511
422 9
373 492
458 409
423 444
482 69
508 358
501 89
465 53
419 447
382 484
357 509
436 24
447 419
409 457
458 408
430 18
456 410
475 391
496 84
509 97
454 42
433 433
508 96
474 62
444 32
442 424
461 405
437 25
511 99
511 355
450 416
478 388
406 460
377 489
429 437
486 380
460 48
507 95
487 75
4 498
489 77
411 455
8 502
444 422
484 382
2 496
497 85
420 8
455 43
443 31
483 71
480 68
486 74
469 57
479 387
360 506
369 497
426 440
424 442
394 472
470 396
439 427
374 492
451 415
395 471
422 444
398 468
402 464
490 78
472 60
422 10
485 73
459 47
427 15
455 411
471 59
495 83
428 436
404 462
426 14
441 29
465 401
432 20
490 376
380 482
488 76
488 378
441 425
16 510
491 79
362 504
13 507
388 478
399 467
418 448
448 36
478 66
439 27
447 35
505 93
379 487
464 52
368 498
401 465
372 494
381 483
413 453
393 473
456 44
6 500
431 19
367 499
495 371
424 12
510 356
481 69
497 369
0 494
443 423
440 426
507 359
410 456
435 431
492 80
430 436
503 91
356 510
400 466
417 7
483 383
459 49
482 384
425 441
412 454
446 34
442 30
414 452
366 500
384 482
446 420
416 450
397 469
463 403
440 28
502 364
429 17
431 435
10 504
462 404
15 509
407 459
370 496
364 502
498 86
421 445
494 372
469 397
433 21
506 360
471 395
427 439
417 449
474 392
375 491
449 417
391 475
385 481
449 37
510 98
458 46
414 2
7 501
438 26
459 407
466 54
451 39
450 38
437 429
489 377
445 33
390 476
466 400
491 375
378 488
17 511
453 41
380 486
461 49
476 390
435 23
421 9
501 365
462 50
432 434
509 357
389 477
445 421
376 490
504 362
361 505
484 72
11 505
480 386
413 1
452 414
358 508
415 451
418 6
500 88
457 45
506 94
463 51
468 56
1 495
412 0
448 418
499 87
434 432
3 495
419 7
396 470
416 4
479 67
371 495
425 13
472 394
423 11
355 511
392 474
386 480
457 409
492 374
438 428
477 389
415 3
482 70
475 63
428 16
359 507
494 82
463 52
440 425
490 79
354 511
457 408
432 21
500 89
18 511
445 420
430 435
15 508
502 363
398 467
359 506
469 58
365 500
496 85
358 507
470 395
446 419
2 495
477 66
467 398
413 452
414 451
472 393
383 482
427 438
477 388
502 91
510 101
419 446
451 40
376 489
459 48
494 371
392 473
435 430
421 444
428 437
416 449
387 478
386 479
504 361
395 470
370 495
442 31
498 87
409 454
461 404
413 2
9 502
508 97
5 498
463 402
431 20
494 83
449 38
434 431
417 448
462 51
454 43
6 499
446 35
424 441
472 61
493 372
509 98
418 7
401 464
400 465
470 59
465 54
479 68
374 491
506 95
485 74
495 370
448 37
355 510
511 100
469 396
411 454
503 92
397 466
415 450
458 407
464 53
397 468
458 47
471 394
11 504
511 354
403 462
439 28
444 421
420 9
451 414
496 369
453 42
12 505
491 80
423 12
1 494
391 474
480 69
465 400
430 19
418 447
390 475
394 471
491 374
478 67
500 365
475 390
499 88
488 77
436 25
450 39
434 23
369 496
452 41
489 376
426 15
485 380
384 481
487 76
363 502
428 17
368 497
501 90
492 81
402 463
382 483
10 503
481 384
432 433
492 373
505 94
7 500
441 424
407 458
507 358
389 476
457 46
362 503
478 387
433 432
509 356
371 494
357 508
464 401
364 501
454 411
17 510
442 423
507 96
505 360
437 428
437 26
438 427
439 426
466 399
412 1
493 82
378 487
393 472
476 389
379 486
483 382
455 410
459 406
488 377
415 4
425 440
438 27
490 375
466 55
422 11
448 417
456 45
486 75
441 30
429 436
455 44
377 488
411 0
474 63
388 477
405 460
506 357
460 49
356 509
489 78
444 33
447 418
381 482
480 385
426 439
399 466
13 506
504 93
495 84
0 493
462 403
475 64
435 24
473 392
484 381
431 434
468 397
482 383
424 13
481 70
409 456
510 355
483 72
375 490
449 416
414 3
360 505
410 455
408 457
484 73
366 499
445 34
468 57
396 469
473 62
479 386
461 50
497 86
503 362
429 18
474 391
419 8
370 494
374 490
498 366
19 511
467 397
507 357
13 505
435 429
426 16
12 504
422 442
508 98
449 415
2 494
445 35
14 506
489 375
440 424
463 53
436 428
442 32
418 8
480 70
401 463
434 430
465 55
455 45
426 438
507 97
367 497
493 83
362 502
437 27
506 356
511 101
480 384
434 24
475 65
500 90
488 376
485 379
358 506
504 94
470 394
409 455
447 417
429 435
479 69
375 489
489 79
421 11
466 398
398 466
363 501
17 509
510 354
501 363
499 89
0 492
462 402
458 406
412 2
492 82
6 498
477 387
11 503
377 487
449 39
453 43
415 449
488 78
467 57
410 454
430 434
440 30
494 370
417 447
475 389
438 28
490 80
445 419
446 36
16 508
376 488
466 56
473 63
503 93
388 476
484 74
1 493
469 59
481 71
469 395
502 92
390 474
355 509
479 385
451 41
412 452
460 50
450 414
413 451
505 359
508 356
7 499
378 486
391 473
454 410
408 456
483 73
394 470
432 432
495 369
419 9
437 427
460 404
386 478
486 378
456 408
441 423
410 0
393 471
360 504
399 465
495 85
429 19
476 66
464 54
487 77
353 511
9 501
476 388
411 1
400 464
493 371
385 479
387 477
492 372
451 413
502 362
506 358
404 460
395 469
425 439
452 412
498 88
430 20
10 502
470 60
490 374
454 44
407 457
452 42
501 91
493 85
392 472
482 382
491 373
473 391
424 440
491 81
365 499
369 495
472 392
383 481
444 420
474 390
457 47
484 380
361 503
432 22
461 51
414 4
416 448
364 500
468 58
503 361
368 496
459 405
474 64
18 510
425 15
382 482
356 508
505 95
413 3
455 409
448 38
456 46
436 26
482 72
391 471
468 396
447 37
414 450
477 67
485 75
420 10
448 416
427 437
427 17
359 505
402 462
418 446
497 87
487 377
481 383
464 400
439 425
444 34
397 467
471 393
478 386
435 25
439 29
486 76
462 52
443 33
465 399
471 61
483 381
441 31
478 68
446 418
499 365
354 510
423 13
494 84
509 101
21 511
384 480
421 443
458 48
453 411
433 23
504 360
431 21
507 356
416 447
419 10
499 90
458 405
439 30
433 430
488 375
455 408
465 56
432 431
445 36
417 446
461 52
498 365
486 77
447 416
500 91
17 508
491 372
412 451
444 419
470 393
400 463
388 475
425 438
508 355
469 60
462 53
431 22
354 509
478 69
358 505
494 369
489 80
491 82
511 352
413 4
10 501
471 62
402 461
499 364
372 491
418 9
407 456
496 367
415 448
454 409
382 481
429 20
421 442
425 16
450 41
467 58
502 93
480 383
371 492
492 85
387 476
362 501
390 473
439 424
493 370
403 460
361 502
484 379
15 506
438 425
414 449
457 48
378 485
436 29
18 509
449 414
503 94
451 412
420 11
384 479
424 15
396 467
0 491
434 25
426 17
359 504
429 434
418 445
479 384
468 59
422 13
441 422
410 453
363 500
445 418
414 5
438 29
11 502
474 389
456 407
442 33
409 0
13 504
448 415
8 499
412 3
391 472
21 510
394 469
478 385
467 396
14 505
368 495
423 440
481 382
430 21
469 394
468 395
383 480
497 88
434 429
466 397
504 359
475 66
509 354
473 64
392 471
421 12
501 92
459 404
422 441
6 497
464 55
457 406
485 378
9 500
503 360
511 102
497 366
356 507
437 426
495 368
484 75
488 79
393 470
376 487
436 427
461 402
492 371
496 87
447 38
374 489
490 373
406 457
462 401
440 31
453 44
12 503
483 74
476 67
423 14
16 507
498 89
485 76
389 474
437 28
482 73
411 2
510 353
408 455
367 496
385 478
427 18
2 493
377 486
465 398
352 511
455 46
428 19
399 464
482 381
470 61
410 1
433 24
398 465
493 84
463 400
360 503
477 386
452 411
504 95
369 494
453 410
489 374
475 388
490 81
502 361
494 85
355 508
420 443
413 450
386 477
357 506
1 492
456 47
477 68
373 490
364 499
483 380
479 70
473 390
452 43
505 358
495 86
509 100
480 71
454 45
435 428
460 403
508 99
460 51
463 54
472 391
450 413
472 63
395 468
501 362
444 35
432 23
375 488
449 40
426 437
20 511
506 97
424 439
481 72
476 387
486 377
436 27
411 452
353 509
2 492
476 386
374 488
467 395
352 510
488 80
390 472
508 354
442 420
436 28
431 431
511 103
439 423
488 374
480 382
367 495
4 494
511 351
486 78
436 426
467 59
378 484
441 421
415 447
9 499
437 29
451 411
510 352
358 504
471 391
400 462
433 429
437 425
501 93
410 452
413 449
460 402
419 11
416 446
5 495
13 503
471 63
461 53
376 486
368 494
366 496
369 493
449 413
482 74
479 71
412 4
464 56
442 34
450 412
384 478
481 73
405 457
428 434
392 470
360 502
425 437
395 467
426 436
12 502
456 48
401 461
454 46
468 60
501 361
466 58
399 463
383 479
443 419
491 85
478 70
493 369
465 397
475 387
422 440
428 20
451 43
17 507
490 82
507 99
486 376
382 480
460 52
361 501
441 33
420 442
477 69
484 76
446 38
491 83
453 45
6 496
356 506
19 509
495 367
385 477
0 490
449 41
372 490
475 67
377 485
375 487
421 441
483 75
351 511
472 390
418 10
412 450
409 1
447 39
20 510
468 394
432 430
448 414
413 5
456 406
507 355
425 17
427 19
506 98
403 459
445 37
429 433
462 400
463 55
477 385
3 493
439 31
438 424
363 499
431 23
497 89
495 87
414 6
462 54
480 72
473 65
459 403
494 86
481 381
414 448
386 476
417 445
388 474
457 405
424 16
453 409
424 438
407 455
491 371
455 47
452 44
503 359
503 95
490 372
470 392
434 26
446 416
411 3
498 90
370 492
459 51
420 12
447 415
410 2
489 81
371 491
417 9
16 506
406 456
508 100
440 32
484 378
500 92
15 505
440 422
487 375
504 358
476 68
394 468
461 401
485 77
429 21
395 465
18 508
499 363
492 370
433 25
408 0
454 408
452 410
463 399
418 444
464 398
8 498
354 508
430 22
362 500
434 428
444 36
357 505
1 491
497 365
14 504
485 377
435 27
457 49
496 366
426 18
422 14
393 469
398 464
444 418
430 432
11 501
469 61
500 362
458 50
355 507
10 500
482 380
469 393
448 40
423 439
359 503
492 84
389 473
494 368
473 389
432 24
478 384
405 456
474 387
426 435
399 462
501 94
469 392
438 423
504 357
385 476
495 88
469 62
502 359
510 351
457 402
461 400
499 362
440 33
479 72
360 501
457 50
409 452
465 58
420 13
423 16
471 64
355 506
1 490
395 466
350 511
418 443
444 37
425 18
443 418
470 63
433 26
436 425
489 82
17 506
481 380
476 385
444 417
407 454
443 36
421 440
402 459
410 451
445 38
13 502
375 486
470 391
413 448
456 405
16 505
477 70
452 45
372 489
9 498
468 393
494 367
2 491
368 493
392 469
422 15
497 90
490 83
441 34
374 487
415 8
364 497
377 484
495 366
459 402
488 81
10 499
432 429
504 97
398 463
450 411
503 358
497 364
473 66
480 73
507 100
414 447
426 19
479 382
487 80
419 12
407 0
463 56
458 51
474 67
416 445
370 491
510 103
4 493
386 475
362 499
464 57
467 60
478 383
352 509
356 505
458 403
396 465
369 492
449 412
351 510
463 398
397 464
455 406
466 59
496 365
18 507
412 7
451 44
410 3
6 495
454 47
411 450
12 501
432 25
0 489
509 352
412 449
360 499
496 89
447 414
416 9
490 371
439 422
413 6
511 104
493 368
354 507
425 436
462 399
421 14
481 74
409 2
435 28
501 360
448 41
14 503
467 394
387 474
480 381
400 461
393 468
475 68
511 350
473 388
507 354
478 71
357 504
440 421
417 10
451 410
446 415
5 494
465 396
453 408
461 54
462 55
411 4
441 420
486 375
451 408
388 473
486 79
414 7
424 17
384 477
19 508
431 24
472 65
366 495
430 23
446 39
15 504
437 424
430 431
502 95
468 61
420 441
439 32
442 419
508 353
476 69
494 87
471 390
491 370
506 99
389 472
488 373
418 11
359 502
489 372
431 430
429 432
454 407
448 413
477 384
450 43
429 22
353 508
485 78
401 460
505 98
491 84
382 479
456 49
437 30
434 27
449 42
487 374
460 53
503 96
492 369
475 386
406 455
11 500
498 363
484 377
433 428
8 497
452 409
394 467
427 20
457 404
408 1
438 31
434 427
428 433
373 488
459 52
383 478
363 498
419 442
424 437
20 509
484 77
403 458
417 444
365 496
7 496
485 376
482 75
500 93
412 5
423 438
498 91
445 415
414 446
403 457
415 9
20 508
360 500
3 491
2 490
481 379
424 436
4 492
471 389
474 386
420 14
433 427
445 39
449 411
456 404
381 479
19 507
434 28
459 53
465 59
467 393
508 102
365 495
356 504
447 413
477 383
386 474
510 350
410 450
462 56
17 505
458 52
473 387
10 498
450 410
509 103
449 43
441 35
502 358
506 102
469 391
462 398
503 97
453 407
387 473
478 72
489 371
432 428
407 1
9 497
480 380
494 88
479 73
475 385
438 32
353 507
505 99
446 40
417 11
485 375
457 403
401 459
373 487
393 467
461 55
420 440
383 477
425 435
507 353
504 98
443 37
415 445
407 453
426 20
460 54
15 503
414 10
495 365
496 90
475 69
429 431
502 96
375 485
498 362
476 384
444 416
409 451
419 441
392 468
423 437
0 488
486 80
443 417
452 46
447 41
destination
