map
random512-15-8.map
pivot
186 227
agent & start
484 429
417 496
468 445
472 441
418 493
450 463
454 459
511 402
473 14
498 39
486 427
507 48
440 473
478 435
417 492
482 431
500 413
461 452
474 15
407 506
505 408
416 493
510 51
501 412
435 478
474 439
507 406
470 11
449 464
509 404
466 7
442 471
470 443
481 22
499 414
461 2
493 420
411 502
482 23
483 430
414 499
464 449
405 508
406 507
432 479
480 433
502 43
488 425
447 466
464 5
434 479
490 31
418 495
497 416
443 470
508 405
416 497
480 21
430 483
429 484
403 510
438 475
495 418
404 509
492 421
498 415
491 32
427 486
492 33
463 450
483 24
469 444
473 440
504 409
485 26
477 436
421 492
457 456
503 410
431 480
476 437
511 52
426 487
475 438
460 1
477 18
433 480
425 488
502 411
472 13
415 498
468 9
445 468
488 29
459 454
497 38
452 461
462 3
509 50
506 47
489 30
471 12
476 17
504 45
420 493
402 511
475 16
486 27
479 20
444 469
437 476
463 4
508 49
413 500
424 489
439 474
446 467
408 505
500 41
419 494
423 490
481 432
467 446
487 426
467 8
453 460
490 423
465 6
455 458
431 482
458 455
493 34
422 491
501 42
451 462
503 44
414 498
508 404
489 423
478 20
490 422
495 37
488 30
473 439
493 35
502 44
510 52
495 417
511 53
441 471
435 477
498 40
505 47
471 441
504 46
476 18
421 491
434 478
478 434
477 435
410 502
475 17
402 510
507 49
462 4
483 429
468 12
481 23
416 494
437 475
406 506
492 420
404 508
430 482
459 1
465 7
479 21
444 468
467 9
469 443
473 15
455 457
446 466
443 469
459 451
481 431
418 492
438 474
484 26
484 428
472 14
497 39
485 27
423 489
430 480
474 438
507 405
449 463
425 487
453 459
405 507
408 504
451 461
475 437
476 436
499 413
419 493
470 12
501 43
500 412
503 409
452 460
491 33
440 472
506 48
429 483
466 446
497 415
413 499
487 425
464 6
415 497
491 421
500 42
496 416
426 486
454 458
450 462
462 450
480 432
502 410
496 38
498 414
509 51
458 0
431 481
494 36
504 408
447 465
411 501
460 2
427 485
469 11
485 427
407 505
489 31
468 10
403 509
467 445
492 34
508 50
422 490
499 41
490 32
433 479
470 442
472 440
458 454
456 456
483 25
480 22
428 484
461 451
511 401
482 430
468 444
509 403
448 464
464 448
445 467
417 495
401 511
420 492
457 455
461 3
489 422
406 505
481 430
469 12
498 413
448 463
486 425
469 442
453 458
502 409
458 1
426 485
506 405
442 469
403 508
491 34
509 52
463 448
491 420
459 450
446 465
482 25
412 499
415 496
504 47
462 449
503 408
495 416
487 424
429 482
500 411
510 53
478 433
466 9
497 40
486 29
490 421
452 459
482 429
430 481
418 491
451 460
465 8
409 502
500 43
508 403
456 455
458 449
507 50
483 428
438 473
460 3
507 404
488 31
471 14
440 471
413 498
487 30
443 468
455 456
404 507
441 470
415 494
496 39
480 23
457 0
502 45
481 24
428 483
479 22
506 49
471 440
463 6
436 475
495 38
421 490
475 436
494 37
470 13
457 454
475 18
497 414
474 19
499 412
473 438
416 495
474 17
476 435
503 46
465 446
433 478
470 441
473 20
435 476
490 33
501 410
494 417
468 443
419 492
483 26
489 32
437 474
492 35
427 484
480 431
511 400
422 489
493 418
461 4
400 511
462 5
478 21
476 19
479 432
466 445
499 42
498 41
434 477
444 467
401 510
461 450
472 439
511 54
425 486
402 509
454 457
485 28
405 506
477 434
467 10
411 500
414 497
450 461
496 415
485 426
473 16
501 44
484 27
459 452
493 36
505 48
468 11
472 15
445 466
464 7
407 504
502 46
501 45
483 427
485 425
461 449
453 457
412 498
483 27
435 475
458 452
508 52
404 506
438 472
471 15
470 440
439 471
458 2
486 424
481 25
467 11
497 413
500 44
486 30
405 505
434 476
458 450
462 6
401 509
423 487
492 418
477 21
503 47
456 454
484 426
449 461
510 400
479 431
427 483
406 504
491 419
499 411
440 470
429 481
510 54
490 420
457 453
433 477
480 24
492 36
420 490
424 486
495 39
436 474
498 412
402 508
478 22
502 408
466 10
479 25
400 510
489 421
476 434
494 38
443 467
441 469
460 4
498 42
419 491
482 428
482 26
463 447
446 464
500 410
444 466
469 13
505 405
488 422
495 415
464 8
destination
