map
random512-25-2.map
pivot
465 483
agent & start
71 81
94 54
106 44
24 124
70 80
121 29
58 90
37 111
134 16
76 76
72 84
103 45
128 20
89 59
147 3
133 15
4 144
116 32
53 95
147 1
146 4
110 38
104 44
129 19
47 101
122 28
148 0
32 120
127 21
134 14
7 141
54 94
65 83
117 31
18 130
25 123
90 60
123 29
5 143
70 82
36 112
107 45
144 6
30 118
124 26
46 102
52 96
38 110
84 64
28 120
69 81
85 63
49 99
135 13
1 147
140 8
34 116
112 36
26 122
39 109
9 139
73 75
81 67
111 37
77 71
72 76
51 97
75 75
139 9
16 132
135 17
148 2
123 27
10 146
77 77
125 31
55 93
88 60
109 39
59 89
6 142
45 103
3 145
71 77
90 58
11 137
139 11
126 22
137 11
35 117
33 121
12 136
57 91
136 12
20 128
0 148
118 30
17 131
63 85
60 88
destination
