map
random512-25-2.map
pivot
465 483
agent & start
13 135
6 142
110 38
136 12
1 147
118 30
39 109
107 41
72 84
85 63
0 148
90 60
9 139
78 70
70 80
86 62
10 146
90 58
20 128
4 144
60 88
12 136
148 0
26 122
145 7
122 28
77 77
78 76
134 16
128 20
10 138
25 123
55 93
30 118
137 11
117 31
107 45
57 91
53 95
112 36
125 31
139 9
103 45
147 1
51 97
16 132
140 8
48 100
124 26
58 90
144 6
84 64
135 13
3 145
148 2
28 120
35 117
134 14
81 67
72 76
123 27
106 44
31 119
38 110
146 4
93 55
109 39
88 60
111 37
34 116
54 94
59 89
37 111
47 101
5 143
70 82
121 29
49 99
77 71
76 76
89 59
126 22
139 11
52 96
71 83
36 112
116 32
18 130
42 106
24 124
69 81
75 75
71 81
7 141
104 44
44 104
17 131
94 54
71 77
32 120
73 75
65 83
45 103
147 3
127 21
11 137
135 17
63 85
129 19
133 15
33 121
123 29
46 102
93 56
81 68
32 121
57 92
35 116
135 14
147 4
71 80
134 15
128 21
85 64
71 84
10 139
44 105
43 106
54 101
148 1
117 32
3 146
17 132
16 133
52 97
112 37
10 145
137 12
28 121
9 146
148 3
88 61
31 120
12 137
20 129
11 138
7 142
122 29
25 124
111 38
65 84
9 140
127 22
58 91
135 16
36 113
53 100
19 130
76 75
33 122
136 13
7 144
72 77
66 83
37 112
129 20
15 134
70 83
6 143
14 135
86 65
8 145
29 120
139 10
26 123
146 5
18 131
94 55
126 31
149 0
98 53
124 27
123 30
140 9
49 100
86 63
107 44
13 136
74 75
1 148
77 76
116 33
146 7
124 31
39 110
30 119
38 111
104 45
69 82
4 145
90 59
64 85
48 101
149 2
56 93
46 103
95 54
89 60
119 30
53 96
60 89
108 41
27 122
145 6
110 39
78 71
123 28
0 149
55 94
66 84
56 94
98 52
20 130
146 8
17 133
140 10
5 145
53 97
36 114
129 21
135 15
18 132
32 122
8 146
12 138
83 67
10 140
9 141
136 14
112 38
29 121
150 0
89 61
9 145
26 124
11 139
77 75
86 64
128 22
147 7
93 57
67 83
39 111
3 147
124 32
82 68
145 9
81 69
57 95
7 143
59 91
124 28
98 54
108 42
85 65
123 31
55 95
30 120
7 145
84 66
19 131
72 78
137 13
54 102
74 76
78 72
14 136
52 100
50 100
94 56
104 46
38 112
110 40
51 101
117 33
44 106
146 6
49 101
109 41
13 137
113 37
15 135
45 105
1 149
127 31
72 80
61 89
70 84
8 144
36 116
47 103
57 93
148 4
6 144
122 30
119 31
87 63
108 44
149 3
18 134
53 99
16 134
22 130
120 30
149 1
58 96
80 70
99 51
71 85
119 33
118 32
65 85
53 101
2 148
69 83
8 142
75 77
31 121
37 115
96 54
91 59
58 92
37 113
27 123
85 66
37 114
68 83
88 63
80 71
111 40
4 147
37 116
147 8
148 5
9 144
8 143
124 33
51 102
118 33
150 1
22 131
92 59
83 68
136 15
27 124
13 138
78 73
82 69
137 14
49 102
96 55
138 13
149 4
62 89
130 21
54 97
145 10
77 74
115 36
55 96
126 29
2 149
9 142
58 93
28 123
64 87
100 51
147 6
52 101
47 104
125 28
21 130
57 96
148 7
57 94
46 105
11 140
108 43
94 57
109 42
56 95
81 70
63 88
6 145
59 92
58 95
113 38
110 41
97 54
141 10
129 22
119 34
45 106
19 132
20 131
53 98
66 85
72 79
1 150
31 122
74 77
117 34
93 58
38 113
10 141
87 64
53 102
15 136
73 78
17 134
119 32
39 112
7 146
32 123
122 31
75 78
120 31
3 148
30 121
8 147
89 62
50 101
151 0
67 84
84 67
128 23
105 46
106 49
65 86
99 52
18 133
16 135
44 107
114 37
127 30
70 85
123 32
29 122
104 47
146 9
90 62
63 89
75 79
74 78
83 69
84 68
120 32
100 52
60 92
49 103
109 43
146 10
107 49
2 150
126 28
151 1
38 116
96 56
116 36
52 102
48 104
142 10
118 34
128 30
79 73
148 6
39 113
14 138
88 64
30 122
4 148
68 84
31 123
64 88
10 142
80 72
89 63
59 93
53 103
65 87
115 37
122 32
47 105
152 0
19 133
58 94
54 98
123 33
106 48
38 114
117 35
81 71
149 5
110 42
56 96
7 147
29 123
6 146
37 117
92 60
45 107
73 79
101 51
138 14
15 137
111 41
9 143
66 86
148 8
137 15
78 74
95 57
121 31
21 131
153 15
46 106
93 59
127 29
3 149
16 136
129 23
69 85
127 27
113 39
62 90
85 67
11 141
28 124
50 102
12 140
105 47
82 70
17 135
97 55
145 11
130 22
94 58
116 37
68 85
139 16
145 12
10 143
95 58
153 0
92 61
23 132
131 22
129 30
93 60
39 116
152 15
83 70
149 6
133 22
89 64
40 113
142 11
69 86
30 123
122 33
97 56
12 141
79 74
63 90
86 67
117 36
23 134
2 151
146 11
7 148
106 47
38 117
137 16
55 98
111 42
82 71
17 136
128 27
65 88
147 10
48 105
29 124
118 35
4 149
59 94
130 23
47 106
84 69
60 93
115 38
153 14
114 39
127 28
90 63
50 103
14 139
6 147
85 68
101 52
39 114
107 48
52 103
74 79
94 59
112 41
66 87
107 50
15 138
49 104
11 142
21 132
67 86
46 107
81 72
121 32
3 150
110 43
20 133
151 2
96 57
143 10
13 140
152 13
45 108
147 12
129 24
100 53
16 137
148 9
138 15
56 97
47 108
153 1
17 141
149 11
85 69
90 64
131 23
39 117
101 53
66 88
129 27
80 74
129 25
152 16
99 55
28 126
144 12
110 44
132 22
11 151
19 135
148 10
60 94
21 133
55 99
47 109
81 73
102 52
130 30
49 105
143 11
97 57
18 136
24 132
145 13
109 45
118 36
140 14
11 143
83 71
20 134
95 59
96 58
67 87
22 134
82 72
40 114
13 141
138 16
128 28
17 137
108 50
154 0
92 62
86 68
79 75
112 42
151 5
16 138
3 151
151 13
64 90
4 150
74 80
150 12
111 43
147 13
110 50
56 98
12 142
142 12
52 104
152 14
150 6
115 39
47 107
24 134
152 2
94 60
29 125
103 51
91 63
133 23
98 56
146 12
45 109
87 67
23 133
134 20
27 127
15 139
108 46
50 104
117 37
84 70
68 86
148 12
61 93
6 148
139 17
63 91
30 124
137 17
116 38
39 115
121 33
107 47
16 140
93 61
38 118
152 5
149 10
25 130
10 149
130 29
88 67
118 37
49 106
21 134
104 51
101 54
11 144
10 151
68 87
24 133
100 55
90 65
146 13
131 30
5 150
19 136
141 14
20 135
27 128
110 45
98 57
51 104
154 1
64 91
140 15
150 11
39 118
150 13
84 71
62 93
22 135
83 78
129 28
38 119
28 127
83 72
24 131
143 12
67 88
82 73
111 44
2 153
50 105
103 52
12 143
25 134
13 142
89 66
149 12
17 140
16 141
151 6
46 109
40 115
151 16
87 68
108 47
41 114
130 27
55 100
115 40
109 46
131 24
48 107
66 89
142 13
80 75
85 70
3 152
94 61
99 56
6 149
14 141
121 34
109 50
5 152
45 110
129 26
116 39
91 64
63 92
74 81
18 137
81 74
110 51
151 14
134 21
29 126
130 25
153 2
96 59
11 150
132 23
61 94
144 13
138 17
97 58
135 20
117 38
102 53
30 125
16 139
112 43
57 98
92 63
95 60
153 3
46 110
118 38
149 13
58 98
15 141
5 151
6 150
5 153
151 7
21 135
100 56
144 14
4 152
18 138
103 53
83 73
62 94
68 88
84 78
130 28
2 154
151 11
17 139
116 40
109 49
64 92
30 126
109 47
12 144
90 66
82 74
115 43
121 35
85 71
95 61
141 17
25 133
132 24
56 100
152 6
138 18
92 64
74 82
89 67
99 57
45 111
26 130
84 72
104 52
83 77
3 153
49 107
152 4
109 51
42 114
50 106
10 150
98 58
41 115
39 119
67 89
59 97
61 95
14 142
31 125
19 137
132 30
40 118
27 129
13 143
43 113
51 105
9 149
82 78
16 142
81 75
150 16
130 26
101 55
131 25
146 14
96 60
112 44
150 10
25 131
88 68
29 127
111 45
155 1
150 14
86 70
20 136
141 15
143 13
131 29
135 21
117 39
56 101
149 14
67 90
30 127
26 133
153 6
116 41
111 46
14 143
135 22
70 87
21 136
155 2
114 43
15 142
9 150
136 21
67 92
109 48
99 58
44 113
98 59
7 150
89 68
104 53
87 70
120 37
81 78
132 27
74 83
31 126
118 39
90 67
6 151
42 115
39 120
60 97
100 57
65 92
62 95
150 9
82 75
70 89
132 29
102 55
96 61
41 116
89 70
156 1
20 137
154 7
12 145
109 52
151 8
49 108
152 11
121 36
143 14
27 130
151 10
131 26
18 139
138 19
84 73
26 131
32 125
154 3
86 71
3 154
28 129
113 44
84 77
13 144
45 112
43 114
40 119
83 76
64 93
29 128
59 98
146 15
51 106
41 118
157 0
141 18
110 47
137 20
58 99
93 64
63 96
152 7
95 62
117 40
88 69
112 45
153 4
69 88
85 72
8 149
115 42
150 15
141 16
4 153
131 28
101 56
122 35
83 74
46 111
142 15
132 25
70 88
66 92
133 29
86 72
74 84
31 127
87 71
60 98
88 70
152 8
148 14
63 97
64 94
89 69
42 116
92 66
151 9
135 23
140 18
27 131
75 83
8 150
117 41
138 20
40 120
123 35
114 44
83 75
119 39
145 15
142 16
154 12
154 4
133 27
106 52
158 0
110 48
157 1
132 28
56 102
139 19
68 90
85 73
96 62
13 145
34 124
43 115
33 125
122 36
81 79
156 2
147 15
149 15
152 10
84 76
7 151
116 42
121 37
133 25
91 67
143 15
67 91
100 58
15 143
99 59
146 16
93 65
58 100
50 108
137 21
120 38
111 47
113 45
19 139
136 22
132 26
118 40
35 123
104 54
108 52
41 117
153 7
84 74
52 106
26 132
57 101
45 113
71 87
134 24
28 130
71 89
21 137
105 53
4 154
46 112
30 128
63 95
32 126
102 56
42 118
59 99
29 129
154 6
103 55
44 114
80 79
44 115
66 93
71 88
36 123
23 136
39 122
22 137
102 57
99 60
8 151
76 83
154 11
28 133
152 9
106 53
19 140
135 24
139 20
73 86
14 145
158 1
134 27
30 129
143 16
90 69
46 113
157 2
94 67
34 125
53 106
155 6
60 99
40 121
134 25
75 84
101 58
47 112
140 19
31 128
88 71
21 138
114 45
159 0
4 155
52 107
105 54
145 16
120 39
148 15
28 131
133 26
62 97
118 41
57 102
15 144
117 42
51 108
50 109
58 101
141 20
133 28
42 117
33 126
153 10
94 65
84 75
123 36
137 22
138 21
43 116
136 23
121 38
73 90
93 66
147 16
122 37
103 56
35 124
92 67
85 74
69 90
107 52
68 91
29 130
32 127
111 48
72 87
97 62
77 82
81 80
155 12
87 72
86 73
134 29
37 122
46 115
104 55
74 85
155 4
119 40
27 132
64 95
153 8
28 132
41 121
118 42
91 69
148 16
140 20
136 24
74 90
97 63
23 137
93 67
13 147
57 103
102 58
157 3
73 87
73 89
74 86
43 117
34 126
37 123
94 66
135 25
85 75
137 23
14 146
77 83
20 140
154 10
50 110
128 32
47 115
59 101
114 46
122 38
35 125
5 155
155 5
18 142
120 40
47 113
98 62
72 88
33 127
44 116
29 131
52 108
159 1
21 139
134 28
123 37
28 134
61 99
100 60
115 45
76 84
15 145
105 55
107 53
40 122
92 68
62 98
145 17
156 12
103 57
134 26
121 39
141 21
15 147
51 109
135 27
38 122
46 116
95 65
31 129
66 94
86 74
156 4
95 67
147 17
24 136
143 17
78 82
153 9
8 152
16 144
91 71
87 73
144 16
138 22
111 49
80 80
88 72
119 41
29 133
65 95
69 91
155 11
53 107
158 2
46 114
60 100
160 0
32 128
31 130
5 156
122 39
136 25
101 60
92 69
69 92
23 138
45 116
58 103
73 88
74 87
129 32
96 67
43 122
42 121
90 71
22 139
105 56
78 83
16 145
103 58
107 54
40 123
24 137
135 28
160 3
77 84
61 100
52 109
14 147
74 89
51 110
80 81
53 108
50 111
104 57
161 0
52 111
157 4
145 18
112 49
44 123
128 33
65 96
60 101
95 66
88 73
86 75
115 46
113 48
135 26
159 2
138 23
102 59
8 153
30 131
63 100
29 134
116 45
13 148
15 146
154 9
28 135
119 42
21 140
87 74
44 117
37 124
148 17
67 94
97 64
62 99
137 28
34 127
98 63
18 143
59 102
140 21
89 72
79 82
70 91
156 11
47 114
149 18
144 17
41 122
35 126
75 86
96 65
33 128
29 132
32 129
19 142
139 22
156 5
66 95
124 37
120 41
93 68
92 71
157 12
38 123
123 38
59 103
140 22
137 25
48 114
28 136
8 154
60 102
136 28
123 39
78 84
63 101
102 60
26 136
44 122
33 129
155 9
121 41
92 72
86 76
101 61
17 145
35 127
16 146
138 24
31 131
23 139
63 99
161 1
6 156
137 29
149 19
157 11
93 69
66 98
22 140
32 130
30 132
70 92
25 137
130 32
113 49
159 3
44 118
89 73
100 62
97 65
66 96
41 123
45 117
67 95
71 91
20 142
37 125
144 18
52 110
19 143
125 37
51 111
77 85
43 123
161 3
38 124
18 144
114 48
115 47
96 66
86 78
105 57
87 75
53 109
14 148
9 153
24 138
36 126
61 101
107 55
92 70
75 87
69 93
64 98
34 128
99 63
124 38
90 72
14 150
136 26
148 18
106 56
79 83
162 0
21 141
129 33
91 73
80 82
104 58
117 45
50 112
157 5
160 2
120 42
75 89
42 122
116 46
29 135
119 43
103 59
74 88
45 122
118 45
79 84
69 94
66 97
97 66
32 131
38 125
35 128
112 51
61 102
17 146
125 38
58 105
36 127
45 118
92 73
86 77
33 130
106 57
113 50
107 56
29 136
132 33
77 86
137 30
32 137
126 37
111 52
6 157
144 19
26 137
161 2
82 81
98 65
21 142
148 19
102 61
20 143
31 136
90 73
139 24
70 93
42 123
68 95
101 62
59 104
14 149
25 138
22 141
120 43
113 52
137 26
157 6
104 59
50 113
87 76
163 0
67 98
93 70
93 72
54 109
156 9
64 99
9 154
114 49
27 136
79 86
81 82
31 132
44 121
65 98
7 156
49 114
34 129
18 145
78 85
140 23
121 42
117 46
75 88
124 39
62 101
116 47
83 80
24 139
87 78
71 92
158 11
5 158
28 137
136 29
33 140
51 112
105 58
15 150
159 4
51 114
30 135
37 126
100 63
8 157
130 33
53 110
117 47
89 75
68 96
157 9
112 52
81 83
144 20
59 105
42 124
54 110
7 157
45 119
6 158
99 65
98 66
139 25
17 147
62 102
93 73
61 103
47 117
50 114
87 77
119 45
36 128
147 19
82 82
114 50
88 78
31 137
33 131
9 155
138 26
60 104
79 85
104 60
80 84
76 88
125 39
133 31
131 33
72 92
121 43
113 51
107 57
80 86
158 6
95 69
5 161
77 87
32 138
88 76
39 125
49 117
23 141
44 120
157 7
65 99
58 106
18 146
83 81
32 132
94 70
8 156
101 63
115 49
84 80
79 87
90 74
51 113
70 94
31 133
108 56
163 1
130 34
25 139
105 59
164 0
35 129
37 127
19 145
159 5
20 144
21 143
33 139
16 148
127 37
103 61
142 22
22 142
148 20
136 30
162 2
5 159
34 140
27 137
102 62
67 97
141 23
71 93
10 154
106 58
137 31
132 32
3 161
45 121
49 115
111 53
158 10
118 46
38 126
15 149
26 138
30 136
52 113
72 93
127 38
115 50
5 162
114 51
39 126
69 96
36 131
17 148
131 34
46 121
143 22
18 147
50 115
157 8
78 87
93 74
68 97
80 85
62 103
159 6
9 156
54 113
33 132
136 31
55 110
54 111
163 2
45 120
32 133
89 76
125 40
48 117
109 56
65 100
6 159
26 139
138 27
16 149
25 140
116 49
134 31
111 54
165 2
24 141
165 0
103 62
70 95
147 20
42 125
33 138
27 138
160 5
81 84
50 117
90 75
59 106
96 69
77 88
60 105
106 59
101 64
23 142
61 104
85 80
34 131
36 129
126 39
130 35
122 43
123 42
10 155
145 20
141 24
117 48
84 81
31 138
119 46
102 63
158 9
104 61
37 128
4 161
139 26
98 67
3 162
108 57
135 30
133 32
21 144
100 65
34 139
79 88
112 53
19 146
22 143
32 139
146 19
31 134
38 127
35 130
107 58
158 7
71 94
95 70
94 71
142 23
82 83
46 119
7 158
30 137
88 77
47 118
165 3
165 1
131 35
78 88
55 113
126 40
46 120
36 130
59 107
130 36
122 44
158 8
101 65
89 77
73 93
40 126
109 57
77 89
143 23
160 6
96 70
60 106
95 71
75 93
23 145
99 67
117 49
47 119
166 2
82 84
135 31
91 75
72 94
10 156
48 118
139 27
30 138
19 147
33 133
33 135
80 88
18 148
35 131
103 63
34 132
4 162
6 160
100 66
66 100
102 64
112 54
111 55
34 138
142 24
107 59
110 56
27 139
5 163
81 85
37 131
146 20
69 97
159 7
166 0
163 3
50 116
134 32
25 141
24 142
21 145
32 134
17 149
23 143
31 139
38 128
119 47
103 65
121 45
7 159
55 111
123 43
41 125
124 42
70 96
62 104
127 39
53 113
104 62
56 110
145 21
83 83
20 146
164 2
3 163
98 68
115 51
54 114
85 81
22 144
93 75
53 114
71 96
87 80
115 52
122 45
132 35
81 88
109 58
66 103
105 62
34 133
112 55
68 99
74 93
1 166
96 71
27 140
141 26
142 25
63 104
12 155
163 4
47 120
4 163
35 132
102 65
104 63
159 8
0 167
83 84
120 47
133 34
115 54
128 39
75 94
124 43
93 76
25 142
52 115
17 150
101 66
167 0
33 134
60 107
22 145
70 97
106 61
40 127
113 54
160 7
30 139
118 51
146 21
24 143
135 32
61 106
55 114
134 33
18 149
8 159
67 100
3 164
23 144
37 130
164 3
121 46
103 64
166 1
34 137
29 138
118 49
28 139
143 24
26 141
101 68
116 51
117 50
69 98
84 83
82 85
13 154
92 75
100 67
130 37
85 82
48 119
90 77
19 148
98 69
33 136
126 41
51 116
57 110
145 22
62 105
72 95
10 157
66 101
107 60
21 146
39 128
2 165
144 23
11 156
131 36
55 112
20 147
78 89
7 160
111 56
123 44
41 126
34 135
119 48
139 28
40 128
18 150
27 141
92 76
20 148
98 70
71 97
10 158
64 104
41 127
67 101
74 94
26 142
63 107
107 61
113 55
143 25
65 103
102 66
19 149
34 136
25 143
116 52
69 99
73 95
134 34
122 46
85 83
133 35
22 146
131 37
67 103
146 22
106 62
34 134
7 161
87 81
3 165
107 63
12 156
21 147
29 139
101 67
56 112
68 100
35 133
124 44
70 98
160 8
78 90
53 115
142 26
57 113
11 157
57 111
97 71
88 80
128 40
104 64
145 23
135 33
2 166
167 1
102 68
83 85
144 24
4 164
35 135
168 0
127 41
90 78
116 54
103 69
164 4
0 168
140 28
48 120
141 27
121 47
24 144
82 88
91 77
8 160
120 48
63 105
1 167
163 5
52 116
38 130
14 154
110 58
111 57
15 153
61 107
72 96
13 155
117 51
9 159
93 77
56 114
82 86
119 51
114 54
161 7
105 63
39 129
119 49
79 90
146 23
104 69
19 150
36 135
112 57
117 52
30 141
25 144
4 165
125 44
102 67
18 151
111 58
134 35
141 28
92 77
142 27
52 117
22 147
8 161
131 38
99 70
96 73
91 78
161 8
69 100
57 118
136 33
83 88
155 14
0 169
107 62
14 155
124 45
68 101
97 72
1 168
48 121
145 24
106 63
98 71
63 108
128 41
16 153
11 158
89 80
41 128
72 97
39 130
2 167
13 156
155 16
45 124
123 46
168 1
40 129
135 34
83 86
62 107
84 85
114 55
147 22
70 99
67 102
144 25
132 39
65 104
122 47
35 136
126 43
113 56
116 53
103 70
121 48
86 83
36 133
71 98
64 105
105 64
58 111
132 37
164 5
56 115
87 82
57 114
133 36
103 68
21 148
143 26
74 95
169 0
119 50
35 134
15 154
102 69
10 159
28 141
12 157
53 116
140 29
36 137
57 112
27 142
29 140
14 156
11 159
162 8
100 70
20 150
108 62
145 25
5 165
65 105
46 124
142 28
152 18
18 152
132 38
58 118
131 39
57 115
164 6
136 34
43 127
105 69
102 70
45 125
69 101
4 166
143 27
19 151
98 72
54 116
84 88
123 47
23 147
1 169
72 98
154 16
3 167
120 50
36 136
58 112
38 132
89 83
68 102
163 7
31 143
8 162
28 142
59 111
53 117
165 5
113 57
169 1
57 117
48 122
164 8
153 17
29 141
129 41
96 74
22 148
80 90
52 118
147 23
17 153
161 9
144 26
44 126
170 0
2 168
135 35
134 36
103 67
106 64
49 121
109 61
128 42
156 14
13 157
84 86
137 33
127 43
21 149
51 119
104 66
50 120
140 30
125 45
148 22
166 4
64 106
124 46
15 155
122 48
62 108
37 137
41 129
126 44
36 134
92 78
74 96
42 128
40 130
114 56
97 73
111 59
117 53
70 100
86 84
71 99
155 15
168 2
12 158
89 81
88 82
149 21
87 83
26 144
30 142
54 117
169 2
105 68
149 22
126 45
74 97
161 10
2 169
10 161
37 134
115 56
89 82
129 44
12 159
16 155
162 9
171 0
38 133
152 19
76 97
109 62
75 96
166 5
58 117
3 168
60 111
20 153
125 46
9 162
141 30
134 37
47 124
106 65
118 53
123 48
69 102
99 72
66 105
41 130
89 84
80 91
1 170
110 61
46 125
29 142
111 60
130 41
59 112
121 50
124 47
50 121
127 44
19 152
163 8
52 119
37 136
129 42
79 92
154 17
156 15
101 70
30 143
39 132
58 115
72 99
157 14
45 126
62 109
70 101
38 137
135 36
4 167
146 25
65 106
22 149
57 116
5 166
43 128
87 84
133 38
131 40
102 71
167 4
98 73
114 57
0 171
122 49
73 98
143 28
31 144
128 43
21 154
23 148
153 18
145 26
20 151
136 35
97 74
142 29
147 24
100 71
81 90
53 118
84 87
18 153
105 66
170 1
71 100
167 6
13 158
104 67
26 145
42 129
137 34
49 122
148 23
150 21
92 79
164 7
15 156
51 120
44 127
22 154
26 146
38 136
54 118
4 168
48 124
28 144
10 162
27 145
74 98
23 149
51 121
169 3
87 85
1 171
80 92
171 1
121 51
137 35
22 150
97 75
21 153
79 93
141 31
154 18
67 105
59 113
5 167
18 154
92 80
167 5
114 58
168 4
70 102
163 9
20 152
118 54
122 50
61 111
127 45
85 87
136 36
11 161
99 73
6 166
90 82
81 91
45 127
3 169
2 170
40 132
75 97
111 61
131 41
146 26
172 0
128 44
60 112
167 7
44 128
153 19
77 97
106 66
109 63
72 100
65 107
90 84
66 106
76 98
134 38
62 110
69 103
47 125
144 28
135 37
129 45
165 7
166 6
168 6
101 71
130 42
148 24
16 156
41 131
29 143
152 20
157 15
151 21
38 134
53 119
123 49
159 15
96 76
107 65
50 122
162 10
149 23
30 144
115 57
170 2
24 148
98 74
142 30
12 160
125 47
0 172
15 157
145 27
119 53
49 123
110 62
52 120
150 22
43 129
14 158
86 86
73 99
105 67
58 116
110 64
160 16
135 38
5 168
172 1
13 160
159 16
147 26
169 4
135 40
15 158
66 107
106 67
143 30
159 14
116 57
49 124
50 123
92 81
42 131
156 17
158 17
119 54
151 22
146 27
46 127
22 153
108 65
52 121
91 84
132 41
73 100
63 110
163 10
138 35
62 111
0 173
123 50
55 118
86 87
133 40
26 147
149 24
21 152
7 166
91 82
148 25
48 125
45 128
93 80
14 159
87 86
17 156
166 7
29 144
90 85
1 172
157 16
145 28
19 154
115 58
99 74
81 92
11 162
3 170
25 148
47 126
111 62
168 5
69 104
130 43
65 108
74 99
153 20
137 36
100 73
121 52
59 116
43 130
38 135
122 51
107 66
24 149
22 151
41 132
131 42
59 114
4 169
60 113
23 150
70 103
141 32
80 93
161 16
39 136
98 75
110 65
117 56
173 0
126 47
61 112
155 18
30 145
162 11
16 157
64 109
170 3
75 98
109 64
128 45
139 34
39 134
67 106
101 72
96 77
136 37
53 120
127 46
160 15
111 66
28 145
18 155
12 161
138 37
78 95
51 122
77 96
6 167
97 76
154 19
49 125
90 86
100 76
10 164
171 3
18 158
117 57
162 12
110 66
169 5
122 52
47 127
155 19
1 173
55 119
60 116
4 170
42 132
99 75
93 81
2 172
94 80
52 122
46 128
109 65
147 27
173 1
18 156
27 147
131 43
166 8
123 51
146 28
160 14
65 109
125 49
134 40
60 114
136 40
71 103
75 99
157 17
48 126
100 74
13 161
148 26
63 111
44 130
104 72
145 29
124 50
116 58
80 94
138 36
23 151
126 48
78 96
92 82
79 95
11 163
91 85
24 150
7 167
159 17
53 121
128 46
54 120
156 18
162 18
19 155
140 34
66 108
136 38
17 157
50 124
87 87
112 62
69 105
121 53
81 93
64 110
29 145
5 169
139 35
161 15
92 84
22 152
170 4
120 54
45 129
161 13
97 77
61 113
67 107
133 41
144 30
30 146
73 101
164 10
107 67
132 44
3 171
142 32
52 124
137 37
12 162
39 135
0 174
72 102
150 24
161 17
143 31
28 146
111 65
82 92
25 149
98 76
26 148
154 20
101 73
68 106
86 88
174 0
15 159
127 47
152 22
172 2
162 16
70 104
91 83
118 56
165 9
135 39
43 133
102 76
111 63
8 166
69 106
101 74
82 93
2 173
49 126
162 17
170 5
92 87
149 26
141 34
19 156
172 3
112 63
118 57
75 100
124 51
46 129
102 77
9 166
3 172
157 18
0 175
5 170
171 4
92 85
155 20
45 130
80 95
90 87
82 95
87 88
40 135
164 11
163 16
10 165
152 23
52 123
93 82
63 112
66 109
99 76
126 49
120 55
151 24
96 79
110 67
1 174
44 133
165 10
73 102
55 120
67 108
11 164
169 8
145 30
109 66
134 41
18 157
25 150
8 167
48 127
162 13
128 47
123 52
64 111
148 27
166 9
146 29
136 39
51 124
101 76
14 161
144 31
102 73
65 110
43 132
161 18
44 131
70 105
50 125
89 86
173 2
161 14
47 128
72 103
137 38
29 146
54 121
26 149
116 59
125 50
53 122
121 54
79 96
15 160
71 104
93 84
163 18
13 162
147 28
61 114
112 65
156 19
94 81
18 159
97 78
143 32
60 115
163 12
92 83
83 92
81 94
28 147
122 53
142 33
74 101
103 72
139 36
150 25
107 68
174 1
175 0
127 48
154 21
131 44
159 18
133 44
104 73
12 163
108 67
20 155
23 152
7 168
63 113
89 87
2 174
55 121
16 160
170 6
162 14
26 150
0 176
93 83
121 55
169 7
154 22
5 173
123 53
172 4
160 18
46 130
3 173
127 49
112 64
108 68
48 128
92 86
51 125
170 8
71 105
1 175
83 93
8 170
66 110
45 133
80 96
88 88
155 21
14 162
94 82
20 156
126 50
47 129
78 98
146 32
171 5
80 100
118 58
125 51
122 54
82 94
163 13
25 151
19 157
12 164
99 77
50 126
62 114
153 23
174 2
96 80
98 78
119 57
75 101
61 115
93 85
143 33
95 81
67 109
173 3
74 102
92 88
64 112
103 73
167 9
163 17
102 74
145 31
5 171
81 95
142 34
68 108
157 19
109 67
73 103
141 35
163 15
164 12
29 147
134 42
156 20
176 0
137 39
17 159
140 36
41 135
6 170
7 169
97 79
65 111
131 45
13 163
82 96
151 25
150 26
117 59
27 149
44 132
110 68
148 28
10 166
79 99
146 30
70 106
166 10
147 29
101 77
91 87
53 123
24 152
124 52
79 97
72 104
45 131
8 168
133 43
128 48
73 104
95 82
55 122
170 7
45 132
142 35
171 6
148 33
7 170
94 85
148 29
151 26
175 2
176 1
51 126
140 37
134 43
6 171
67 110
149 28
152 25
47 130
156 21
121 56
108 69
94 83
49 128
122 55
26 151
80 99
130 47
81 96
155 22
68 109
41 136
4 173
97 80
124 53
48 129
103 74
147 30
160 19
109 68
83 94
46 131
29 148
127 50
146 31
89 88
173 4
139 38
101 78
84 93
145 32
164 17
3 174
88 89
9 168
118 59
157 20
29 150
17 160
123 54
14 163
70 107
113 64
110 69
24 153
177 0
128 49
126 51
2 175
150 27
98 79
10 167
138 39
79 98
129 48
32 147
93 86
135 42
1 176
0 177
154 23
21 156
147 32
69 108
64 113
99 78
143 34
153 24
63 114
167 10
8 171
119 58
72 105
131 48
166 11
39 138
62 115
78 99
8 169
164 13
120 57
165 12
158 19
163 14
131 46
27 150
91 88
74 103
144 33
15 162
20 157
13 164
174 3
75 102
81 100
28 149
5 174
54 123
66 111
131 49
130 48
166 12
178 0
95 83
16 162
145 33
40 138
101 79
141 37
30 148
125 53
64 114
151 35
78 100
132 46
8 172
28 150
157 21
174 4
48 130
140 38
127 51
33 147
39 139
167 11
91 89
148 32
150 34
149 33
138 40
89 89
61 117
139 39
68 110
10 168
153 37
84 94
7 171
25 153
30 150
131 47
74 104
97 81
147 33
176 2
15 163
106 74
53 125
149 35
31 147
148 34
77 101
15 165
49 129
66 112
158 20
71 107
67 111
9 169
128 50
42 136
95 85
94 86
26 152
96 82
123 55
11 167
17 161
14 164
0 178
118 60
103 75
173 5
6 172
4 174
50 128
150 28
171 7
20 158
106 72
75 103
70 108
153 25
175 3
132 48
73 105
168 10
121 57
2 176
3 175
80 98
51 127
65 113
21 157
62 116
143 35
13 165
160 20
100 78
149 29
52 126
115 63
144 34
81 99
155 23
164 14
47 131
36 142
147 31
57 121
29 149
152 26
81 97
56 122
98 80
129 49
142 36
27 151
114 64
165 13
135 43
152 36
109 69
46 132
133 49
124 54
165 17
119 59
54 124
126 52
99 79
39 140
70 109
42 137
40 139
67 112
149 30
7 172
28 151
136 43
149 32
66 113
131 50
139 42
168 11
151 34
109 70
34 147
3 176
73 106
126 55
159 20
24 155
177 2
148 31
108 71
107 72
138 41
154 37
96 85
165 14
77 102
105 74
154 25
15 166
119 60
20 159
115 64
152 27
61 118
17 162
76 103
127 52
151 36
175 4
142 37
78 101
117 62
124 55
147 34
145 34
129 50
148 35
150 33
97 82
75 104
179 0
123 56
38 141
18 161
94 87
98 81
116 63
140 39
54 125
150 35
14 165
114 65
10 169
96 83
90 89
157 22
11 168
72 107
30 149
37 142
151 28
165 16
36 143
139 40
99 80
2 177
63 116
137 42
27 152
26 153
130 49
95 84
106 73
43 136
173 6
155 24
144 35
158 21
64 115
15 164
153 26
128 51
133 46
141 38
81 98
60 119
51 128
153 36
25 154
69 110
1 178
121 58
120 59
48 131
174 5
100 79
22 157
53 126
132 47
58 121
178 1
57 122
133 48
85 94
166 13
101 80
21 158
172 7
47 132
91 90
12 167
104 75
112 67
31 148
50 129
126 53
4 175
16 163
62 117
113 66
133 50
52 127
17 163
100 80
12 168
47 133
4 176
119 61
60 120
139 41
138 42
154 34
129 51
130 50
64 116
68 112
114 66
72 108
108 72
154 26
28 152
77 103
48 132
105 75
63 117
22 158
55 125
79 101
126 54
168 12
85 95
78 102
124 58
51 129
140 40
20 160
95 87
41 139
73 107
37 143
131 51
153 29
178 2
90 90
116 64
7 173
107 73
98 82
158 22
44 136
3 177
96 86
153 27
151 37
124 56
50 130
35 147
154 36
96 84
71 109
46 134
39 141
179 1
82 98
2 178
83 97
113 67
99 81
150 36
40 142
54 126
153 35
61 119
137 43
49 131
142 38
121 59
67 113
19 161
75 105
133 47
109 71
155 25
152 34
150 32
149 31
38 142
18 162
144 36
150 30
45 135
122 58
89 91
69 111
174 6
11 169
151 29
152 28
173 7
123 57
43 137
21 159
117 63
74 106
13 167
143 37
180 0
16 164
147 35
146 34
14 166
58 122
169 11
159 21
53 127
134 48
166 16
26 154
70 110
112 68
31 149
175 5
118 62
172 8
166 14
25 155
125 55
136 44
127 53
65 115
24 156
132 50
154 35
28 153
119 62
7 174
25 156
133 52
150 31
3 178
46 135
42 139
60 121
78 103
100 81
145 36
52 129
151 38
113 68
130 51
79 102
159 22
75 106
144 37
56 125
108 73
154 27
125 56
17 164
45 136
155 36
65 116
175 6
21 160
68 113
140 41
155 26
143 38
29 152
95 88
59 122
64 117
153 34
151 32
153 28
132 51
103 78
5 176
12 169
32 149
14 167
20 161
137 44
180 1
125 58
166 15
167 14
76 105
73 108
172 9
43 138
40 141
167 16
134 47
150 37
114 67
84 97
168 13
136 45
35 146
87 94
77 104
153 40
41 140
173 8
110 71
22 159
109 72
127 54
50 131
19 162
122 59
153 42
29 154
6 175
48 133
138 43
66 115
39 142
71 110
44 137
174 7
152 29
18 163
58 123
51 130
105 76
69 112
44 139
70 111
86 95
156 25
58 125
169 12
96 87
135 46
142 39
146 35
134 53
83 98
38 143
36 145
27 154
99 82
61 120
116 65
47 134
13 168
97 84
124 57
117 64
179 2
54 127
55 126
90 91
89 92
104 77
58 126
23 159
150 38
68 114
103 79
79 103
59 123
142 40
90 92
154 28
181 1
179 3
49 133
134 52
128 54
173 9
135 47
83 99
160 22
38 144
111 71
27 155
17 165
12 170
129 53
46 136
128 56
167 15
168 16
175 7
24 158
99 83
125 57
117 65
69 113
36 146
171 11
100 82
77 105
152 40
155 35
78 106
119 63
153 33
74 108
28 154
152 42
75 107
138 44
45 137
41 141
51 133
156 26
149 37
66 116
67 115
76 106
50 132
73 109
51 131
152 32
18 164
178 4
145 37
8 174
16 168
14 168
7 175
109 73
157 25
72 110
168 14
104 78
108 74
44 138
143 39
4 178
152 30
88 94
54 128
3 179
5 177
44 140
61 121
20 162
22 160
114 68
169 13
13 169
174 8
85 97
53 129
80 102
65 117
141 41
151 31
64 118
30 152
177 5
59 125
87 95
55 127
39 143
29 153
56 126
118 64
155 27
86 96
6 176
176 6
71 111
42 140
116 66
98 84
137 45
115 67
96 88
43 139
33 149
37 145
136 46
133 53
25 157
95 89
121 61
130 52
153 41
48 134
105 77
146 36
47 135
123 59
84 98
132 52
9 173
32 150
111 72
39 144
32 151
120 63
178 5
156 27
106 77
14 169
49 134
128 55
7 176
42 141
151 40
118 65
18 165
47 136
46 137
115 68
56 127
140 43
119 64
177 6
70 117
146 37
135 52
78 105
105 78
182 1
123 60
145 38
37 146
57 126
89 94
51 134
170 17
10 173
8 175
67 116
110 73
97 88
152 31
161 22
113 70
72 111
74 109
25 158
83 100
129 54
139 44
90 93
101 82
80 103
160 23
103 80
155 28
95 90
169 16
149 38
51 132
130 53
179 4
153 32
171 12
30 153
117 66
22 161
122 61
176 7
65 118
116 67
28 155
88 95
170 13
77 106
157 26
109 74
121 62
60 123
15 168
33 150
62 121
180 3
24 159
73 110
68 115
175 8
156 35
126 57
142 41
180 5
48 135
43 140
84 99
6 177
4 179
134 51
13 172
9 174
174 9
143 40
55 128
172 11
71 112
2 181
168 15
86 97
148 37
99 84
114 69
59 124
81 102
152 41
38 145
138 45
13 170
53 130
75 108
26 157
12 173
61 122
45 138
69 114
132 53
79 104
66 117
102 81
150 39
96 89
3 180
104 79
16 167
173 10
127 56
50 133
20 163
17 166
136 47
77 107
72 112
71 117
70 118
68 116
154 30
144 40
132 54
71 113
97 89
180 4
86 98
46 138
37 147
174 10
87 97
90 94
66 118
76 108
140 44
56 128
2 182
34 150
32 152
120 64
110 74
67 117
156 34
49 135
15 169
135 49
170 16
0 184
119 65
31 153
149 39
181 3
9 175
131 53
100 84
117 67
109 75
137 47
182 2
157 27
5 179
170 14
73 111
3 181
161 23
63 121
11 173
179 5
65 119
17 167
145 39
43 141
84 100
25 159
116 68
115 69
89 95
18 166
14 172
52 132
79 105
171 17
61 123
57 127
156 28
51 135
106 78
123 61
102 82
53 131
69 115
14 170
50 134
143 41
121 63
173 11
141 43
118 66
98 88
146 38
4 180
74 110
70 114
77 109
135 51
21 163
40 144
23 161
155 29
169 15
114 70
113 71
96 90
81 103
142 42
136 48
28 156
26 158
178 6
151 41
158 26
82 102
47 137
129 55
171 13
103 81
138 46
22 162
42 142
6 178
24 160
27 157
13 173
159 25
153 31
175 9
150 40
177 7
124 60
148 38
105 79
21 165
60 124
117 69
38 146
8 176
10 174
64 120
127 57
183 1
112 72
100 86
160 24
88 96
62 122
20 164
61 124
130 55
181 4
25 160
90 95
14 173
175 10
158 27
171 16
88 97
122 63
15 170
131 54
116 69
155 32
40 145
141 44
6 179
46 139
99 88
64 121
126 59
115 70
101 86
136 51
121 66
117 68
89 96
91 96
155 30
38 147
57 128
87 98
137 48
97 90
110 75
1 184
47 138
100 85
84 101
15 172
31 154
142 43
48 137
107 78
3 182
170 15
80 105
127 58
7 178
160 25
135 50
39 146
156 33
33 152
82 103
119 66
85 100
28 157
157 28
173 12
62 123
162 23
70 115
114 71
26 159
118 69
43 142
65 120
136 49
81 104
154 31
71 116
76 109
147 38
10 175
69 118
49 136
143 42
174 11
71 114
125 60
86 99
138 47
146 39
111 74
159 26
11 174
98 89
14 171
102 83
106 79
4 181
179 6
41 144
148 39
178 11
113 72
77 108
21 164
20 165
23 162
121 64
56 129
68 117
182 3
185 0
150 41
75 110
18 167
139 46
124 61
140 45
0 185
8 177
73 112
103 82
53 132
183 4
5 180
183 2
145 40
34 151
19 166
67 118
178 7
171 14
91 94
66 119
104 81
50 135
27 158
4 182
184 2
62 124
163 23
65 121
23 163
47 139
113 73
19 167
34 152
186 0
140 46
121 65
156 32
131 55
104 82
15 175
178 8
114 72
86 100
35 151
174 12
66 120
11 175
178 10
116 70
44 142
138 48
67 119
149 41
72 114
122 64
142 44
137 49
175 11
64 122
69 119
148 40
42 144
101 85
108 78
32 154
103 83
90 96
76 110
16 176
157 29
112 74
40 146
15 171
106 80
120 66
41 145
99 89
53 133
118 68
185 1
143 43
147 39
39 147
17 179
128 58
171 15
61 125
75 111
27 159
141 45
124 62
88 98
83 103
105 81
91 95
1 185
89 97
2 184
97 91
48 138
80 106
3 183
127 61
179 11
73 113
91 97
26 160
78 108
82 104
156 30
33 153
182 4
179 7
158 28
136 50
123 63
14 174
56 130
125 61
71 115
155 31
144 42
29 157
160 26
16 170
5 181
111 75
68 118
127 59
24 162
84 102
177 11
43 143
146 40
8 178
85 101
15 173
22 164
92 94
98 90
20 166
110 76
115 71
55 131
178 12
50 136
159 27
7 179
130 56
28 158
58 128
126 60
183 3
18 168
74 112
81 105
75 112
24 163
20 167
41 146
184 3
16 173
180 11
79 108
41 148
74 113
80 107
157 30
174 13
86 101
45 142
2 185
15 176
145 42
143 44
140 47
115 74
159 28
55 132
182 5
42 145
173 14
49 138
63 124
128 59
125 62
163 24
109 78
177 12
172 15
112 75
94 93
16 171
34 153
162 25
38 149
116 73
4 183
72 115
1 186
40 147
48 139
58 129
7 180
87 100
15 174
35 152
10 177
19 168
43 144
28 159
68 119
31 156
179 8
124 63
16 179
187 0
89 98
122 65
131 56
186 1
148 41
120 67
106 81
126 61
100 89
16 177
99 90
29 158
137 50
103 84
156 31
61 126
81 106
82 105
179 10
27 162
85 102
116 71
175 12
26 161
17 170
113 74
3 184
76 111
110 77
25 162
33 154
141 46
27 160
114 73
32 155
102 85
23 164
17 178
64 123
108 79
97 92
161 26
39 148
83 104
59 128
37 150
160 27
92 95
11 176
9 178
50 137
119 68
185 2
147 40
142 45
157 32
144 43
5 182
127 60
139 48
47 140
66 121
178 9
62 125
53 134
180 7
90 97
56 131
115 72
105 82
30 157
25 163
43 145
101 89
58 130
7 181
174 14
55 135
132 56
133 55
41 147
106 82
39 149
186 2
16 178
2 186
111 77
73 115
18 170
63 125
109 79
52 136
181 7
123 65
159 29
37 151
64 124
131 59
12 176
188 0
87 101
138 50
61 127
9 179
75 113
146 42
78 110
93 95
105 83
31 157
140 48
15 177
84 104
147 41
41 153
88 100
187 1
157 31
45 143
53 135
95 93
65 123
48 140
38 150
46 142
131 57
173 15
50 138
120 68
30 158
182 6
142 46
117 71
108 80
103 85
107 81
23 165
29 159
114 74
17 171
175 13
10 178
24 164
56 132
34 154
179 9
158 30
94 94
5 185
128 60
99 91
11 177
126 62
80 108
180 10
176 12
124 64
185 3
82 106
16 174
8 180
14 176
161 27
32 156
47 141
5 183
36 152
54 134
6 186
144 44
77 111
17 173
104 84
27 161
100 90
33 155
96 92
60 128
67 121
57 131
62 126
35 153
116 74
162 26
90 98
40 148
97 93
141 47
68 120
81 107
26 162
19 169
21 167
49 139
76 112
4 184
116 72
85 103
148 42
163 25
110 78
113 75
48 141
86 103
38 151
96 93
183 6
9 180
106 83
21 168
42 147
111 78
77 112
36 153
39 150
64 125
50 139
185 4
28 161
8 181
51 138
120 69
55 134
57 132
10 179
100 91
110 79
146 43
82 107
52 137
56 133
12 177
54 135
42 153
114 75
139 50
161 28
163 26
186 3
4 185
43 146
18 171
131 60
22 167
37 152
136 53
103 86
164 25
141 48
135 54
159 30
40 149
68 121
17 174
182 7
134 55
33 156
140 49
76 113
7 182
46 143
158 31
13 176
53 136
35 154
129 60
124 65
62 127
174 15
47 142
80 109
41 152
162 27
59 130
6 183
88 101
24 165
101 88
145 44
90 99
143 46
188 1
44 145
173 16
165 26
102 89
15 178
189 0
117 74
187 2
87 102
20 169
73 116
138 51
133 56
19 170
126 63
93 96
147 42
175 14
85 104
3 186
117 72
32 157
108 81
176 13
5 184
26 163
23 166
144 45
78 111
132 59
118 71
105 84
130 59
160 29
34 155
65 124
119 70
99 92
181 8
109 80
180 9
121 68
95 94
6 185
67 122
104 85
45 144
60 129
79 110
66 123
31 158
83 106
181 10
132 57
131 58
5 186
101 90
30 159
147 43
101 91
127 63
51 139
106 84
85 105
6 184
86 104
66 124
63 127
175 15
103 87
69 121
33 157
163 27
185 5
141 49
32 158
181 9
96 94
19 171
13 177
102 88
9 181
114 76
82 108
26 164
43 147
105 85
119 71
94 96
108 82
143 47
18 172
48 142
160 30
130 60
83 107
140 50
77 113
95 95
24 166
52 138
10 180
91 99
110 80
146 46
136 54
129 61
12 178
104 86
112 78
159 31
70 120
57 133
41 151
84 106
18 174
182 8
20 170
40 152
134 56
90 100
186 4
34 156
123 67
113 79
21 169
31 159
62 128
182 10
131 61
60 130
138 52
14 178
5 187
161 29
25 165
139 51
46 144
165 27
135 55
37 153
73 117
23 167
88 102
121 69
126 64
54 136
190 0
47 143
56 134
44 146
61 129
132 58
188 2
121 71
80 110
17 175
78 112
165 25
7 183
40 150
120 70
111 79
38 152
22 168
162 28
137 53
117 75
79 111
87 103
66 126
59 131
35 155
183 7
174 16
164 26
42 152
89 101
76 114
128 62
53 137
124 66
68 122
99 93
50 140
29 161
118 72
4 186
39 151
176 14
11 179
145 45
65 125
0 190
142 48
58 132
52 139
89 102
11 180
173 18
146 45
26 165
161 30
7 184
125 66
182 9
127 64
42 151
48 143
191 0
133 58
184 7
77 114
96 95
80 111
86 105
49 142
126 65
190 1
50 141
134 57
186 5
3 188
175 16
95 96
37 154
159 32
4 187
189 2
117 76
131 62
137 54
24 167
33 158
19 172
121 70
109 82
63 128
101 92
65 126
147 46
44 147
60 131
104 87
88 103
124 67
141 50
174 17
130 61
187 4
69 122
82 111
70 121
111 82
41 150
129 62
163 28
18 175
71 120
20 171
61 130
45 146
105 86
75 118
39 152
143 48
8 183
35 156
103 88
164 27
177 14
58 133
74 117
25 166
100 93
27 164
147 44
30 161
31 160
68 123
83 108
119 72
66 125
13 178
84 107
85 106
128 63
94 97
185 6
113 78
46 145
112 79
122 69
160 31
106 85
53 138
73 118
1 190
92 99
43 148
78 113
23 168
136 55
166 25
38 153
0 191
99 94
2 191
62 129
2 189
54 137
79 112
36 155
114 77
22 169
120 71
43 152
176 15
123 68
9 182
51 140
138 53
57 134
75 116
135 56
140 51
91 100
183 8
59 132
110 81
64 127
38 154
135 57
176 16
22 170
50 142
127 65
177 15
160 32
161 31
26 166
28 164
44 148
88 104
126 66
143 49
64 128
33 159
131 63
1 191
74 118
149 43
19 173
57 135
174 18
10 182
39 153
19 175
189 3
96 96
9 183
76 116
105 87
63 129
107 85
104 88
35 157
36 156
134 58
67 125
110 82
137 55
106 86
141 51
82 112
65 127
92 100
0 192
70 122
130 62
13 179
107 93
183 9
20 172
84 108
8 184
94 98
69 123
103 91
139 53
54 138
21 171
138 54
190 2
114 78
37 155
142 50
175 17
168 24
86 106
77 115
58 134
49 143
112 80
80 112
122 70
76 118
75 117
91 101
192 0
20 174
124 68
173 19
164 28
60 132
117 77
42 150
72 120
136 56
27 165
18 176
109 83
87 105
43 151
186 6
97 95
81 111
129 63
79 113
179 13
2 190
101 93
162 30
2 192
101 95
188 4
3 189
11 181
191 1
125 67
116 76
55 137
178 14
45 147
147 45
140 52
184 8
23 169
47 145
100 94
52 140
31 161
98 94
71 121
111 81
102 92
51 141
59 133
24 168
62 130
120 72
4 188
163 29
115 77
159 33
85 107
12 180
89 103
93 99
167 25
98 95
64 129
28 165
36 157
93 100
81 112
48 145
176 17
29 164
101 94
12 181
162 31
110 83
143 50
51 142
192 1
168 25
47 146
44 149
159 34
91 102
137 56
65 128
125 68
60 133
130 63
55 138
134 61
68 125
89 104
105 92
187 6
163 30
94 99
181 12
134 59
105 88
103 92
13 180
22 171
32 161
25 168
3 190
107 86
63 130
24 169
149 44
175 18
145 48
76 117
179 14
108 85
184 9
38 155
193 0
169 24
120 73
39 154
73 120
102 93
74 119
49 144
96 97
174 19
21 174
144 49
107 94
106 87
185 8
136 57
190 3
161 32
191 2
18 177
87 106
116 77
52 141
26 167
43 150
115 78
128 65
80 113
112 81
78 115
164 29
71 122
35 158
77 116
102 95
85 108
129 66
54 139
56 137
157 36
90 103
19 176
26 169
31 162
148 45
160 33
20 173
127 66
20 175
123 70
100 95
9 184
4 189
106 93
104 91
70 123
11 182
88 105
45 148
129 64
58 135
126 67
124 69
119 74
103 90
140 53
34 159
142 51
139 54
189 4
150 43
186 7
1 192
33 160
21 172
104 89
50 143
180 13
178 15
79 114
51 145
88 106
135 61
108 86
106 92
77 117
185 9
97 97
10 184
134 62
134 60
187 7
170 24
13 181
81 113
176 18
116 78
92 102
35 159
169 25
11 183
130 66
137 57
68 126
157 37
44 150
34 160
193 1
50 144
146 48
158 36
141 53
90 104
61 133
165 29
45 149
58 136
105 91
32 162
64 130
63 131
36 158
29 165
28 166
189 5
91 103
51 143
163 31
48 146
55 139
37 157
49 145
19 177
20 176
125 69
107 87
114 80
191 3
139 55
181 13
98 96
184 10
143 51
175 19
1 193
103 93
102 94
86 108
21 173
182 12
24 172
145 49
123 71
24 170
135 59
124 70
4 190
39 155
161 33
188 6
65 131
79 115
94 100
106 94
119 75
52 142
38 156
60 134
180 14
72 122
14 180
142 52
109 87
71 123
31 163
57 137
100 96
104 90
186 8
65 129
178 16
56 138
85 109
80 114
23 171
93 101
162 32
87 107
129 67
78 116
120 74
159 35
110 84
96 98
12 182
192 2
74 120
150 44
73 121
57 139
0 194
33 161
105 89
21 175
27 167
22 172
146 50
26 168
151 43
95 99
25 169
113 81
149 45
129 65
115 79
121 73
138 56
127 67
130 64
91 104
46 149
12 183
120 75
122 73
52 143
135 60
189 6
145 50
160 35
183 12
31 164
9 186
36 159
137 58
39 156
16 181
22 173
14 181
62 133
158 37
180 15
28 167
110 85
37 158
111 84
93 102
163 32
4 191
45 150
78 117
73 122
65 130
115 80
32 163
86 109
139 56
90 105
8 187
69 126
170 25
151 44
116 79
15 180
197 0
106 89
71 124
59 136
60 135
185 10
146 49
182 13
19 178
130 65
98 97
50 145
25 170
162 33
49 146
88 107
48 147
33 162
97 98
30 165
114 81
190 5
178 17
58 137
105 90
121 74
144 51
176 19
64 131
131 66
10 185
134 63
106 91
87 108
38 157
75 120
106 95
29 166
34 161
21 176
70 125
124 71
199 2
103 94
164 31
166 29
104 93
192 3
24 171
109 86
57 140
126 69
23 172
92 103
165 30
27 168
0 195
95 100
81 114
128 67
142 53
177 18
74 121
127 68
148 47
51 144
1 194
119 76
56 139
105 94
125 70
186 9
108 87
143 52
188 7
194 1
99 96
175 20
159 36
150 45
94 101
80 115
147 48
79 116
140 55
47 148
4 192
75 121
181 15
131 65
85 111
128 68
140 56
84 112
46 150
49 147
3 193
36 160
150 46
198 2
35 161
2 194
143 53
145 51
187 9
72 124
75 123
190 6
110 86
17 181
8 188
132 64
79 117
88 108
197 1
25 171
97 99
119 77
125 71
114 84
32 164
169 27
164 32
166 30
120 76
108 88
48 148
27 171
91 105
11 185
136 60
81 115
60 136
13 183
52 144
116 80
172 24
123 73
23 173
33 163
53 143
96 100
31 165
163 33
58 138
122 74
12 186
194 2
56 140
30 166
149 47
177 19
9 187
94 102
188 8
147 49
28 168
83 113
185 11
111 85
175 21
34 162
133 63
74 122
137 59
126 70
71 125
64 132
19 179
106 90
112 84
93 103
107 89
165 31
162 34
193 3
70 126
68 128
176 20
98 98
15 181
16 182
87 109
1 195
171 25
186 10
37 159
173 23
45 151
66 130
199 3
148 48
160 36
69 127
196 0
142 54
144 52
104 94
174 22
59 137
50 146
127 69
21 177
105 95
95 101
192 4
121 75
38 158
39 157
12 184
99 97
159 37
170 26
10 186
161 35
63 133
47 149
152 44
144 54
183 13
178 18
115 81
162 35
113 84
152 45
97 100
171 26
191 6
4 193
126 71
99 98
108 89
138 59
151 46
31 166
133 64
56 141
198 3
34 163
75 122
89 108
16 183
165 34
20 179
120 77
13 184
21 178
26 171
49 148
35 162
53 144
45 152
40 157
111 86
60 137
33 164
183 14
174 23
177 20
85 112
88 109
115 82
182 15
160 37
39 158
194 3
175 22
107 90
167 30
149 48
48 149
54 143
30 167
27 170
69 128
164 33
148 49
173 24
114 85
94 103
144 53
86 111
92 105
166 31
84 113
12 185
169 28
189 8
91 108
83 114
91 106
72 125
119 78
165 32
104 95
185 12
127 70
64 133
3 194
112 85
82 115
9 188
178 19
1 196
196 1
142 55
32 165
158 41
36 161
118 79
0 197
96 101
123 74
193 4
150 47
71 126
132 65
7 190
47 150
145 52
18 183
141 56
46 151
128 69
37 160
122 75
176 21
38 159
29 168
124 73
172 25
23 174
76 123
12 187
137 60
186 11
14 183
187 10
10 187
18 181
116 81
197 2
50 147
68 129
17 182
121 76
76 121
36 163
143 54
95 102
59 138
163 34
195 2
15 182
8 189
114 83
5 192
80 117
67 130
170 27
6 192
84 114
119 79
109 89
164 34
173 25
117 81
21 179
64 134
8 190
187 11
128 70
31 167
110 88
143 55
108 90
94 104
23 175
175 23
36 164
137 61
148 50
63 135
73 125
56 142
19 181
159 41
162 36
151 47
4 194
192 6
167 31
183 15
165 33
73 127
18 182
39 159
184 14
93 105
121 77
122 76
118 80
33 165
145 53
47 151
54 144
35 163
174 24
22 178
7 191
91 107
158 40
85 113
38 160
70 128
172 26
86 112
169 29
116 82
72 126
65 135
50 148
83 115
32 166
9 189
48 150
126 74
138 60
1 197
53 145
95 103
166 32
125 73
115 83
120 80
69 131
178 20
176 22
170 28
196 2
124 74
43 155
160 38
51 147
29 169
171 27
120 78
60 138
37 163
146 52
136 62
111 87
11 187
195 3
97 101
40 158
71 127
17 183
45 153
141 57
152 46
88 110
159 39
150 48
24 174
186 12
14 184
90 108
126 72
194 4
80 118
142 56
191 7
68 130
15 183
113 85
96 102
13 185
5 193
34 164
189 9
0 198
41 157
123 75
104 96
77 121
69 129
30 168
92 106
89 109
37 161
10 188
76 122
163 35
127 71
182 16
28 170
197 3
133 65
98 100
100 98
188 10
65 133
190 8
20 180
26 172
3 195
98 101
6 193
89 110
56 143
194 5
65 134
167 32
153 46
133 66
164 35
10 189
118 81
177 22
85 114
70 129
77 122
63 136
0 199
31 168
151 48
168 31
103 96
41 158
127 72
179 20
11 188
136 63
29 170
160 39
110 89
97 102
69 130
120 81
146 53
180 19
162 37
68 131
121 78
49 150
2 197
108 91
17 184
200 5
37 162
7 192
86 113
195 4
43 156
111 88
173 26
33 166
172 27
72 127
52 147
8 191
3 196
183 16
32 167
159 40
126 73
23 178
190 9
128 71
166 33
176 23
187 12
94 105
188 11
44 155
90 109
87 114
142 57
137 62
193 6
138 61
73 126
152 47
139 60
22 179
116 83
92 107
120 79
113 86
196 3
5 194
24 175
121 80
35 164
95 104
21 180
4 195
131 70
184 15
132 67
143 56
119 80
192 7
45 154
161 38
81 118
1 198
71 128
129 70
67 132
112 87
55 144
57 142
51 148
141 58
148 51
150 49
15 184
50 149
64 135
14 185
171 28
34 165
189 10
100 99
30 169
170 29
66 133
134 65
93 106
96 103
26 173
99 100
19 182
48 151
54 145
101 98
61 138
38 161
186 13
123 76
163 36
84 115
39 160
125 74
174 25
48 152
66 134
193 7
135 65
100 100
122 78
93 107
117 83
164 36
195 5
44 156
86 114
22 180
90 110
29 173
186 14
26 174
23 181
31 169
71 129
131 71
148 52
96 104
62 138
72 128
176 24
70 130
30 174
190 10
175 25
189 11
88 112
3 197
147 53
2 198
160 40
8 192
28 172
180 20
187 13
0 200
34 166
153 49
68 132
173 27
177 23
32 168
10 190
152 48
94 106
39 161
146 54
124 76
125 75
179 21
119 81
40 160
139 61
127 73
57 143
151 49
132 68
138 62
35 165
128 72
5 195
64 136
55 145
56 144
20 182
118 82
15 185
9 191
74 126
84 116
101 99
98 102
153 47
121 79
6 194
141 59
113 87
161 39
50 150
95 105
142 58
169 31
45 155
133 67
199 5
99 101
192 8
102 98
112 88
67 133
25 175
54 146
144 56
78 122
11 189
85 115
31 175
111 89
185 15
130 70
27 173
83 117
4 196
103 97
42 158
168 32
53 147
21 181
87 113
181 19
41 159
129 71
14 186
194 6
170 30
163 37
82 118
162 38
18 186
200 6
33 167
184 16
47 153
109 91
29 171
46 154
23 177
38 162
81 119
137 63
171 29
196 4
51 149
167 33
17 185
108 92
89 111
133 68
173 28
47 154
173 30
62 139
124 77
9 192
125 76
166 37
140 61
190 11
90 111
144 57
75 126
78 123
100 101
30 175
30 171
152 49
186 15
76 125
171 30
48 153
184 17
196 5
42 159
91 110
135 66
27 174
92 109
72 129
59 142
30 173
71 130
114 87
137 64
5 196
149 52
82 119
122 79
89 112
169 32
40 161
199 6
84 117
31 174
180 21
56 145
164 37
68 133
195 6
19 184
187 14
33 168
103 98
0 201
88 113
141 60
134 67
148 53
97 104
52 149
172 29
179 22
102 99
51 150
170 31
21 182
11 190
109 92
83 118
185 16
198 5
58 143
20 183
138 63
10 191
167 34
67 134
31 170
3 198
6 195
94 107
22 181
99 102
154 47
41 160
86 115
118 83
129 74
128 73
181 20
176 25
54 147
39 162
147 54
161 40
153 48
193 8
79 122
29 172
7 194
143 58
77 124
15 186
130 71
50 151
95 106
110 91
16 185
18 185
44 157
34 167
35 166
165 36
113 88
25 176
119 82
17 186
139 62
23 180
146 55
28 173
24 177
45 156
177 24
4 197
2 199
12 189
129 72
23 182
64 137
111 90
29 174
96 105
163 38
93 108
123 78
74 128
54 148
8 194
142 60
50 152
186 16
117 85
20 184
28 174
161 41
60 142
174 32
4 198
10 192
85 117
172 30
183 19
139 63
103 99
2 200
57 145
126 76
62 140
194 8
81 121
177 25
130 72
83 119
163 39
149 53
86 116
125 77
147 55
190 12
46 156
72 130
197 5
130 74
193 13
30 176
100 102
128 74
134 68
56 146
150 52
138 64
64 138
17 187
164 38
71 131
91 111
169 33
181 21
32 170
114 88
30 172
49 153
25 181
198 6
47 155
129 75
15 187
11 191
187 15
154 48
44 158
137 65
135 67
166 36
59 143
55 147
41 161
33 169
16 186
63 139
39 163
69 133
109 93
123 79
3 199
36 166
95 107
67 135
178 24
48 154
182 20
25 177
31 173
35 167
7 195
99 103
188 14
68 134
104 98
76 126
12 190
40 162
80 122
148 54
70 132
24 180
119 83
196 6
152 50
112 90
77 125
51 151
96 106
184 18
97 105
2 202
92 110
19 185
145 59
179 23
37 165
127 75
20 186
38 164
9 193
185 17
124 78
66 136
173 31
173 29
162 40
94 108
58 144
156 48
53 149
144 58
174 30
52 150
45 157
118 84
111 91
110 92
22 182
1 201
143 59
145 57
14 188
155 47
89 113
170 32
79 123
13 189
167 35
6 196
195 7
168 34
82 120
93 109
78 124
0 202
140 62
180 22
27 175
65 137
167 37
42 160
14 189
167 36
100 103
169 34
39 164
174 31
114 89
57 146
74 129
54 149
85 120
12 191
190 13
183 20
172 31
125 78
16 187
81 122
37 166
126 77
186 17
8 195
9 194
27 176
146 59
65 138
4 199
146 57
99 104
78 125
164 39
87 116
92 111
151 52
31 172
76 127
128 75
88 115
118 85
109 94
25 180
26 181
174 33
150 53
43 160
45 158
162 41
24 179
20 187
155 48
63 140
136 67
17 188
93 110
144 59
0 203
68 135
48 155
84 119
59 144
53 150
7 196
75 128
44 159
194 9
180 23
42 161
112 91
94 109
188 15
25 178
32 173
71 132
66 137
184 19
67 136
13 190
185 18
119 84
148 55
15 188
60 143
69 134
115 88
98 105
178 25
89 114
123 80
11 192
135 68
143 60
127 76
47 156
138 65
22 183
64 139
34 169
140 63
40 163
46 157
35 168
122 81
121 82
182 21
28 175
145 58
6 197
20 185
83 120
108 95
3 200
38 165
195 8
61 142
137 66
142 61
73 130
79 124
177 26
105 98
156 49
100 105
197 6
72 131
21 184
50 153
49 154
171 32
21 186
3 202
193 14
52 151
130 73
170 33
36 167
77 126
191 12
117 86
161 42
29 176
141 62
159 44
181 22
56 147
55 148
97 106
110 93
152 51
10 193
41 162
192 13
96 107
32 171
70 133
111 92
174 29
90 113
104 99
196 7
173 32
85 118
2 201
82 121
113 90
21 185
63 141
22 184
33 171
184 20
190 14
81 123
85 119
155 49
151 53
147 57
160 44
13 191
197 7
50 154
54 150
4 200
62 142
143 61
168 36
172 32
75 129
154 50
111 93
18 188
55 149
17 189
29 181
137 67
122 82
175 29
51 153
80 124
90 114
179 25
39 165
126 78
99 105
83 121
114 90
108 96
164 40
103 101
46 158
160 54
5 199
139 65
94 110
123 81
183 21
86 120
177 27
73 131
138 66
188 16
128 76
175 31
26 180
195 9
68 136
53 151
43 161
37 167
192 14
6 198
117 87
49 155
56 148
16 188
173 33
136 68
89 115
181 23
161 43
7 197
186 18
110 94
91 113
149 55
27 177
58 146
3 201
95 109
26 178
109 95
86 118
189 15
104 100
153 51
71 133
9 195
35 169
14 190
32 172
67 137
115 89
131 73
191 13
64 140
105 99
53 153
79 125
70 134
176 32
78 126
121 83
10 194
169 35
106 98
28 182
47 157
0 204
125 79
66 138
159 45
162 42
52 152
59 145
45 159
34 170
8 196
38 166
178 26
97 107
76 128
144 60
113 91
127 77
100 104
88 116
146 58
11 193
171 33
25 179
187 17
182 22
20 188
36 168
150 54
28 176
44 160
170 34
118 86
148 56
57 147
93 111
77 127
141 63
142 62
4 202
116 88
40 164
41 163
60 144
33 173
82 122
152 52
194 10
120 84
9 196
139 66
27 180
112 93
11 194
110 95
26 179
79 126
123 82
91 114
20 189
104 101
149 56
152 53
33 172
27 178
97 108
171 34
189 16
187 18
136 71
161 44
28 183
44 161
176 29
94 111
0 205
22 185
6 199
48 157
101 104
102 103
16 189
150 55
57 148
181 24
155 50
141 64
58 147
37 168
56 149
95 110
45 160
196 9
55 150
153 52
50 155
143 62
67 138
40 165
23 184
49 156
132 73
191 14
59 146
69 136
19 188
106 99
52 153
4 201
10 195
114 91
103 102
151 54
137 68
93 112
41 164
195 10
207 2
183 22
72 133
154 51
78 127
66 139
47 158
105 100
178 27
142 63
163 42
80 125
197 8
63 142
147 58
42 163
136 69
122 83
90 115
188 17
172 33
120 85
53 152
43 162
190 15
71 134
65 140
108 97
177 32
148 57
60 145
117 88
194 11
99 106
29 182
61 144
14 191
182 23
13 192
77 128
62 143
160 45
39 166
86 119
159 54
7 198
18 189
169 36
128 77
164 41
109 96
162 43
176 31
180 25
38 167
8 197
83 122
138 67
115 90
76 129
28 181
144 61
126 79
35 170
89 116
118 87
28 177
51 154
160 53
73 132
184 21
127 78
82 123
111 95
181 25
157 53
109 97
51 155
151 55
138 68
103 103
8 198
159 55
28 178
37 169
34 172
71 135
79 127
55 151
123 83
94 112
40 166
46 160
112 94
54 152
20 190
27 179
6 200
102 104
153 53
113 93
42 164
35 171
139 67
81 125
92 114
177 31
12 194
154 52
58 148
131 77
144 62
170 36
56 150
50 156
209 3
90 116
36 170
128 78
172 34
82 124
78 128
76 130
171 35
73 133
77 129
18 190
66 140
91 115
127 79
129 77
195 11
116 90
191 15
188 18
67 139
59 147
108 98
98 108
169 37
189 17
178 28
43 163
52 154
44 162
92 116
48 158
185 21
60 146
159 53
106 100
180 26
130 76
93 113
131 75
68 138
158 54
163 43
16 190
126 80
88 118
132 74
63 143
197 9
183 23
104 102
110 96
107 99
137 69
152 54
142 64
39 167
121 85
156 52
65 141
29 183
17 191
124 82
149 57
207 1
1 205
15 191
5 201
42 166
168 38
204 2
160 46
19 189
83 123
176 30
72 134
13 193
41 165
164 42
115 91
117 91
7 199
10 196
190 16
119 87
196 10
95 111
49 157
135 71
70 136
80 126
179 27
162 44
148 58
87 119
118 88
194 12
23 185
198 8
145 61
123 85
47 159
207 3
136 70
165 41
61 145
28 180
62 144
99 107
140 66
57 149
64 142
155 51
199 8
23 186
76 131
89 118
81 126
35 172
109 98
204 3
180 27
40 167
172 35
91 116
144 63
137 70
28 179
163 44
142 65
209 2
6 201
11 196
38 169
66 141
8 199
169 38
37 170
59 148
130 77
71 136
164 43
123 84
123 86
42 167
195 12
161 46
58 149
103 104
29 184
49 158
145 62
24 185
183 24
98 109
16 191
181 26
155 52
190 17
102 105
151 56
41 166
118 91
107 100
111 96
206 3
12 195
118 89
112 95
93 114
117 90
51 156
70 137
68 139
48 159
170 37
129 78
197 10
61 146
128 79
57 150
146 61
100 107
43 164
82 125
208 1
188 19
13 194
44 163
132 75
94 113
201 8
122 85
106 101
153 54
56 151
105 102
178 29
126 81
45 162
60 147
152 55
74 133
120 87
168 39
150 57
140 67
17 192
104 103
178 31
55 152
210 3
117 92
171 36
159 56
156 51
19 190
64 143
1 206
78 129
0 207
99 108
73 134
72 135
2 205
154 53
77 130
108 99
67 140
65 142
179 28
83 124
18 191
79 128
119 88
156 53
80 127
158 53
177 30
185 22
160 47
78 131
96 111
52 155
88 119
139 68
205 2
135 72
191 16
182 25
143 64
189 18
149 58
95 112
47 160
127 80
125 82
165 42
9 198
15 192
115 92
184 23
46 161
92 115
131 76
63 144
113 94
124 83
202 9
181 27
9 199
97 111
150 58
80 128
59 149
51 157
68 140
35 173
37 171
2 206
112 96
90 118
65 143
162 46
72 136
47 161
60 148
197 11
155 53
128 82
188 20
104 104
161 47
113 95
74 134
46 162
79 129
13 195
173 35
12 196
91 117
165 43
29 185
120 88
40 168
61 147
96 112
70 138
185 23
5 203
128 80
145 63
101 107
157 55
152 56
202 6
29 179
88 120
201 7
18 192
132 76
6 202
169 39
82 128
110 98
24 186
105 103
163 45
116 92
119 89
201 9
93 115
78 130
107 101
56 152
84 124
139 69
94 114
158 52
34 174
38 170
205 3
146 62
121 87
153 55
130 78
158 56
57 151
138 70
135 73
178 30
115 93
58 150
182 26
82 126
43 165
111 97
209 1
1 207
160 48
144 64
127 81
17 193
53 155
62 146
200 8
45 163
19 191
199 9
66 142
189 19
48 160
151 57
140 68
89 119
16 192
109 99
64 144
7 201
122 86
114 94
4 204
185 25
25 185
196 12
180 28
30 178
108 100
63 145
99 109
126 82
41 167
210 2
157 51
103 105
203 9
129 83
0 208
39 169
50 158
203 11
191 17
129 79
98 110
184 24
8 200
49 159
149 59
147 61
52 156
77 131
141 67
44 164
125 83
75 133
179 29
142 66
3 205
195 13
171 37
124 84
156 54
118 90
188 21
73 136
36 173
125 84
161 48
8 201
172 37
59 150
136 73
99 110
184 25
5 204
27 186
122 87
129 80
129 82
140 69
82 127
192 17
84 125
149 60
203 6
145 64
133 76
151 58
0 209
72 137
165 44
34 175
56 153
152 57
6 203
189 20
158 51
18 193
163 46
10 199
138 71
114 95
16 193
157 56
170 39
195 14
128 83
166 43
50 159
91 118
97 112
203 10
53 158
111 98
58 151
64 145
70 139
15 194
153 56
126 83
205 4
81 128
83 126
120 89
77 132
179 30
75 134
57 152
13 196
169 40
108 101
130 79
210 1
203 8
31 178
193 16
150 59
116 93
139 70
185 24
60 149
28 185
148 61
141 68
25 186
190 19
142 67
45 164
194 15
180 29
61 148
96 113
62 147
155 54
115 94
22 189
66 143
41 168
137 72
173 36
191 18
181 28
35 174
26 185
200 9
64 147
127 82
110 99
109 100
112 97
90 119
55 154
113 96
156 55
202 7
95 114
100 109
48 161
147 62
197 12
69 140
89 120
79 130
44 165
9 200
53 156
105 104
119 90
74 135
38 171
183 26
49 160
171 38
182 27
160 49
168 41
19 194
101 108
47 162
201 10
80 129
104 105
19 192
37 172
204 11
128 81
52 157
144 65
30 179
94 115
4 205
40 169
121 88
2 207
164 45
102 110
30 180
195 15
143 67
133 77
74 136
77 133
59 151
35 175
72 138
19 193
204 10
62 148
156 56
126 84
31 179
13 197
169 41
66 144
153 57
139 71
101 111
90 120
148 64
92 118
88 122
52 158
152 58
25 187
150 60
2 208
46 164
116 94
1 209
198 12
183 27
186 24
130 80
22 190
0 210
182 28
95 115
104 106
51 159
54 158
159 51
168 42
44 166
146 64
26 186
38 172
204 6
163 47
137 73
197 13
55 155
93 119
103 107
107 103
108 102
155 55
184 26
36 174
131 79
11 199
141 69
129 81
80 130
28 186
106 104
57 153
47 163
115 95
64 146
111 99
40 170
175 35
193 17
94 116
75 135
174 36
167 43
121 89
190 20
63 147
132 78
99 111
76 134
48 162
144 66
3 207
136 74
4 206
96 114
10 200
140 70
21 191
84 126
45 165
138 72
110 100
12 198
105 105
70 140
192 18
203 7
43 169
7 203
205 5
171 39
120 90
83 127
73 137
5 205
173 37
191 19
196 14
189 21
181 29
23 189
8 202
20 194
122 88
188 22
97 113
199 11
53 157
65 145
69 141
60 150
53 159
101 109
166 44
113 97
24 188
32 178
81 129
135 75
125 85
149 61
148 62
41 169
56 154
71 139
180 30
49 161
16 194
15 195
200 10
128 84
50 160
161 49
165 45
127 83
102 108
210 0
194 16
14 196
170 40
91 119
9 201
162 48
154 56
144 67
166 47
155 56
85 126
78 133
72 139
21 194
12 199
84 127
55 156
88 123
80 131
55 158
36 175
192 19
188 23
40 171
179 32
46 165
141 70
9 202
181 30
160 51
147 64
76 135
41 170
24 189
116 95
154 57
151 60
133 78
205 10
142 69
91 120
65 146
135 76
168 43
108 103
57 154
56 155
102 109
176 35
25 188
146 65
59 152
164 47
97 114
49 162
1 210
71 140
111 100
165 46
13 198
98 113
96 115
81 130
63 150
28 187
32 179
61 150
33 178
153 58
45 166
10 201
145 66
131 80
89 122
211 0
47 164
70 141
195 16
5 206
102 113
197 14
66 145
130 81
35 176
196 15
93 120
120 91
4 207
95 116
21 192
175 36
113 98
94 117
8 203
205 6
187 24
162 49
139 72
137 74
167 48
103 110
184 27
172 39
11 200
53 160
44 167
54 157
99 112
132 79
37 174
126 85
150 61
127 84
92 119
138 73
43 168
14 197
180 31
15 196
167 44
104 107
102 111
60 151
2 209
38 173
20 193
200 11
22 191
106 105
100 111
63 148
114 97
170 41
204 7
52 159
43 170
16 195
121 90
105 106
190 21
123 88
171 44
74 137
143 68
103 108
174 37
148 63
107 104
163 48
122 89
31 180
183 28
26 187
180 33
170 43
199 12
109 102
58 153
50 161
206 5
194 17
148 65
136 75
23 190
119 92
62 149
47 165
102 112
75 137
9 203
140 72
36 176
148 66
197 15
52 160
142 70
78 134
149 63
186 26
167 47
133 79
103 109
56 158
188 24
73 139
60 152
12 200
66 146
180 32
123 89
169 43
170 42
199 13
113 101
206 6
182 30
11 201
84 128
205 9
105 107
57 155
107 105
104 108
81 131
28 188
173 39
56 156
21 193
151 61
45 167
22 192
59 153
171 43
26 188
170 44
120 92
32 180
206 8
69 143
8 204
2 210
174 38
165 47
71 141
172 40
74 138
109 103
181 31
136 76
98 114
62 150
131 81
97 115
51 161
76 136
115 97
196 16
70 142
14 198
106 106
112 100
119 93
49 163
198 16
42 170
92 120
91 121
179 33
209 11
63 149
143 69
190 22
67 145
150 62
121 91
116 96
193 19
44 168
55 157
100 112
25 189
94 120
31 181
68 144
61 151
168 44
16 196
137 75
147 65
114 98
103 113
162 50
46 166
72 140
58 154
205 7
50 162
134 78
40 172
108 104
145 67
176 36
164 48
94 118
184 28
24 190
127 85
167 49
161 51
139 73
38 174
163 49
122 90
155 57
154 58
33 179
172 44
194 18
5 207
3 209
185 27
166 48
85 127
88 124
214 0
89 123
153 59
93 121
212 0
95 117
13 199
141 73
144 68
200 12
132 81
167 46
104 109
112 101
12 201
74 139
213 0
100 113
116 97
122 91
45 168
94 121
121 92
77 136
32 181
187 26
144 69
92 121
215 0
110 103
135 78
57 156
82 131
182 31
185 28
8 207
198 17
164 49
147 66
168 49
52 161
73 140
207 10
173 40
146 67
33 180
208 11
7 206
169 44
39 174
189 24
118 95
72 141
174 39
186 27
77 138
207 6
171 42
22 193
16 197
209 10
56 157
8 205
88 125
15 198
89 124
155 58
31 182
109 104
212 1
69 144
194 19
193 24
81 132
138 75
200 13
142 73
172 43
137 76
136 77
62 151
192 23
42 171
111 102
59 154
175 38
178 35
3 210
0 215
49 164
150 63
86 127
24 191
197 16
87 126
107 106
115 98
119 94
143 70
108 105
27 188
98 115
25 192
195 18
172 41
179 34
151 62
168 45
4 209
13 200
78 135
28 189
5 208
9 204
163 50
214 1
38 175
64 149
133 80
193 22
25 190
168 51
140 73
29 190
60 153
181 32
66 147
206 7
51 164
67 146
80 133
26 189
50 163
176 37
36 177
131 82
139 74
65 148
68 145
105 108
166 49
165 48
113 102
190 23
37 176
154 59
11 202
41 172
152 61
85 128
48 165
120 93
103 112
40 173
84 129
95 118
93 122
123 90
127 86
97 116
206 9
51 162
162 51
188 25
47 166
75 138
70 143
65 149
156 58
207 9
31 183
61 153
104 112
4 210
28 190
173 43
132 82
168 46
191 23
118 96
173 41
6 208
87 127
196 18
107 107
40 174
7 207
169 51
135 79
79 135
152 62
137 77
47 167
155 59
178 36
24 192
10 204
74 140
23 193
46 168
12 202
147 67
136 78
88 126
133 81
175 39
89 125
144 70
189 25
163 51
38 176
25 191
97 121
112 102
17 197
168 50
68 146
207 11
76 138
57 157
96 118
0 216
115 99
1 215
153 61
124 90
73 141
164 50
109 105
70 144
145 69
176 38
66 148
59 155
182 32
179 35
213 1
116 98
111 103
207 7
138 76
37 177
80 134
45 169
194 20
216 0
52 162
172 42
62 152
98 116
192 24
121 95
67 147
81 133
122 92
77 137
119 95
27 189
29 189
197 17
105 109
151 63
95 121
208 10
39 175
5 209
200 14
16 198
177 37
71 143
121 93
82 132
51 163
100 114
110 104
92 122
9 205
195 19
150 64
14 200
139 75
99 115
146 68
96 120
169 45
35 179
165 49
8 206
188 26
186 28
49 165
193 23
140 74
42 172
8 208
3 211
108 106
174 40
69 145
85 129
127 87
199 17
30 190
208 6
32 182
142 72
33 181
50 164
143 71
29 191
194 22
48 166
134 80
37 178
169 46
97 120
72 143
195 20
53 162
155 60
45 170
30 189
170 51
68 147
14 201
140 75
86 129
96 121
97 118
54 161
83 132
178 37
34 181
144 71
200 17
8 209
197 22
163 52
183 32
46 169
209 6
36 179
180 35
70 145
0 217
6 209
173 42
208 9
109 106
67 148
192 25
4 211
105 110
207 12
12 203
7 208
32 183
214 3
40 175
74 141
197 18
71 144
90 125
35 180
151 64
95 122
123 96
164 51
88 127
145 70
28 191
42 173
118 97
63 152
156 59
110 105
5 210
61 154
177 38
76 139
24 193
182 33
208 7
33 182
187 28
87 128
15 200
58 157
48 167
137 78
211 4
176 39
69 146
217 0
174 41
2 215
75 140
13 204
117 98
73 142
44 171
66 149
122 95
175 40
17 198
1 216
124 91
26 191
120 95
188 27
10 205
111 104
50 165
65 150
189 26
115 100
41 174
78 137
179 36
49 166
143 72
92 123
47 168
60 155
31 184
133 82
134 81
121 94
116 99
152 63
79 136
139 76
150 65
52 163
98 117
157 58
127 88
194 23
101 114
154 61
108 107
23 194
191 24
62 153
38 177
136 79
112 103
201 14
123 92
196 21
122 93
147 68
215 2
169 50
27 190
132 83
135 80
100 115
153 62
82 133
9 206
80 135
165 50
85 130
213 2
104 111
49 167
149 67
86 130
136 80
61 155
211 5
134 82
96 122
157 59
156 60
105 111
139 77
127 89
85 131
186 30
108 108
118 98
116 100
31 185
17 199
147 69
5 211
13 205
100 116
91 125
181 35
83 133
178 38
7 209
141 75
201 15
97 119
164 52
53 163
33 183
215 3
62 154
112 104
15 201
101 115
4 212
110 106
16 200
123 97
92 124
34 182
45 171
128 88
67 149
144 72
213 3
217 1
74 142
165 51
210 6
175 41
212 4
87 129
125 91
69 147
88 128
153 63
170 50
202 14
120 96
187 29
60 156
3 213
6 210
27 191
163 53
98 118
201 17
46 170
65 151
3 217
36 180
140 76
191 25
123 93
177 39
151 67
189 27
109 107
55 161
3 215
2 214
99 117
39 177
70 146
216 2
2 216
119 97
169 47
79 137
82 134
126 92
31 189
122 96
50 166
12 204
146 70
68 148
133 83
185 31
145 71
64 152
48 168
132 84
208 8
47 169
218 0
4 218
13 203
196 20
214 4
197 21
182 34
209 7
84 132
175 43
155 61
54 162
117 99
197 19
195 23
58 158
81 135
151 65
1 217
196 22
76 140
122 94
37 179
73 143
174 42
35 181
188 28
180 36
10 206
44 172
207 13
11 205
137 79
41 175
42 174
200 16
115 101
63 153
183 33
24 194
71 145
88 129
210 7
160 57
74 143
137 80
159 60
70 147
133 84
120 97
61 156
114 103
25 194
187 30
164 53
127 90
166 51
152 65
45 174
126 91
170 47
201 16
109 108
113 104
84 133
101 116
115 102
48 169
67 150
3 214
163 56
71 146
186 31
154 63
56 161
170 49
68 149
196 23
125 92
3 216
46 171
135 82
3 218
176 43
206 13
110 107
112 105
171 46
65 152
178 39
188 29
12 205
54 163
53 164
139 78
77 140
26 193
47 170
82 137
142 75
18 199
55 162
96 123
6 211
44 173
216 3
58 159
4 215
175 42
66 151
35 182
126 93
71 148
183 34
217 2
150 67
148 69
218 1
156 61
80 137
145 72
16 201
50 169
141 76
45 172
32 185
15 202
7 210
14 203
151 66
111 106
117 100
129 88
182 35
5 212
209 8
215 4
177 40
179 38
62 155
190 27
180 37
94 125
138 79
212 5
41 176
42 175
52 165
87 130
153 64
140 77
191 26
40 177
2 217
85 132
37 180
128 89
92 125
89 128
83 134
49 168
4 217
67 154
124 93
123 94
100 117
157 60
198 19
78 139
185 32
24 195
11 206
27 192
189 28
33 184
143 74
176 41
147 70
39 178
51 166
75 142
159 58
116 101
106 111
64 153
10 207
163 54
203 14
4 213
144 73
60 157
136 81
102 115
59 158
167 52
38 179
122 97
213 4
31 188
149 68
134 83
119 98
82 135
197 20
36 181
98 119
139 79
48 170
153 65
127 91
110 108
142 76
66 152
134 84
27 193
68 150
88 130
64 154
148 70
218 2
83 137
97 123
53 165
135 83
171 49
50 168
187 31
56 162
213 5
211 7
90 128
83 135
77 141
124 94
51 169
24 196
191 27
205 13
61 157
3 219
45 175
196 24
99 119
79 141
152 66
219 1
35 183
36 182
113 105
101 117
86 132
42 176
119 99
210 8
146 72
67 153
181 37
93 125
128 90
33 185
102 116
144 74
106 112
140 78
80 138
117 101
217 3
34 184
121 97
5 213
143 75
39 179
52 166
149 69
59 159
32 188
48 172
37 181
40 178
79 139
141 77
47 171
183 35
41 177
60 158
189 29
199 19
7 211
100 118
18 200
204 14
76 142
154 64
12 206
25 195
51 167
70 148
212 6
4 214
164 54
4 216
162 56
114 104
161 57
19 201
15 203
179 39
177 41
98 122
202 16
63 155
105 113
167 53
6 212
136 82
89 129
120 98
216 4
55 163
112 106
11 207
2 218
190 28
45 173
72 146
115 103
66 154
81 137
166 52
130 88
82 136
84 134
184 34
63 157
125 93
159 59
203 15
67 151
26 194
172 46
160 58
71 147
176 42
116 102
137 81
62 156
92 126
74 144
198 20
150 68
16 202
78 140
87 131
107 111
19 199
49 169
32 186
17 201
171 47
165 53
158 60
138 80
95 125
164 56
186 32
182 36
156 62
189 30
60 159
25 196
12 207
2 219
205 14
36 183
196 25
187 32
220 1
107 112
203 16
109 110
164 55
80 141
144 75
104 115
17 202
79 140
41 178
28 193
191 30
172 47
34 185
165 54
133 86
55 164
117 102
8 211
110 109
63 158
105 114
157 62
80 139
194 25
101 118
70 149
141 78
7 212
65 154
90 129
183 36
75 144
106 113
140 79
68 153
32 187
48 171
102 117
140 81
190 29
112 107
115 104
53 166
100 119
142 77
89 130
94 127
136 83
135 84
19 202
216 5
42 177
182 37
134 85
19 200
215 6
20 199
26 195
150 69
179 40
210 9
5 214
84 135
199 20
119 100
146 73
186 33
139 80
121 98
56 163
77 142
137 82
161 58
98 123
213 6
131 88
22 197
97 124
69 150
46 173
218 3
78 141
166 53
217 4
188 31
92 127
57 162
52 167
54 165
211 8
88 131
40 179
83 136
204 15
185 34
81 138
154 65
27 194
114 105
120 99
147 72
219 2
47 172
184 35
99 122
180 39
178 41
68 151
39 180
200 19
21 198
51 168
129 90
6 213
87 132
181 38
84 137
158 61
62 157
91 128
125 94
191 28
153 66
86 133
177 42
61 158
49 170
116 103
160 59
162 57
11 208
96 125
130 89
148 71
93 126
15 204
63 156
128 91
44 175
5 216
108 111
37 182
212 7
72 147
171 48
67 152
95 127
61 159
101 119
102 118
189 31
0 220
165 55
103 117
69 151
14 208
40 180
195 25
65 155
142 78
76 144
17 203
138 82
125 95
205 15
137 83
6 216
153 67
11 209
28 196
12 208
34 186
49 171
107 113
35 185
93 127
204 16
28 194
214 6
117 103
27 195
97 125
73 147
156 64
120 100
47 173
44 176
139 81
7 213
149 71
18 202
26 196
154 66
115 105
178 42
152 68
144 76
114 106
181 39
68 152
14 206
184 36
88 132
52 168
8 212
218 4
108 112
161 59
85 135
186 34
131 89
199 21
155 65
112 108
58 162
21 199
86 134
140 80
185 35
96 126
217 5
130 90
95 129
148 72
98 124
84 136
77 143
179 41
15 205
215 7
221 1
121 99
192 28
158 62
90 130
191 29
20 200
2 220
151 69
119 101
56 164
110 110
212 8
190 30
222 0
172 48
133 87
62 158
42 178
146 74
22 198
141 79
113 107
166 54
203 17
211 9
38 182
92 128
187 33
111 109
99 125
200 20
70 150
136 84
157 63
75 145
94 128
64 156
81 139
23 197
99 121
109 111
140 82
213 7
219 3
105 115
104 116
162 58
78 142
202 18
33 187
129 91
37 183
134 86
118 102
145 75
182 38
80 140
194 26
141 81
54 166
6 214
166 55
50 171
108 113
6 215
135 86
87 134
37 184
36 185
18 203
119 102
121 100
99 126
8 213
69 152
92 129
95 128
96 127
145 76
78 143
150 71
112 109
13 208
61 160
98 125
200 21
81 140
159 62
130 91
179 42
222 1
39 182
187 34
139 82
202 19
181 40
192 29
146 75
109 112
86 135
2 221
40 181
76 145
85 136
161 60
212 9
106 115
62 161
12 209
101 120
216 7
160 61
142 79
217 6
58 163
138 83
136 85
214 7
141 80
131 90
188 33
211 10
41 180
120 101
130 93
114 107
218 5
153 68
102 119
204 17
55 166
65 156
97 126
182 39
28 195
157 64
149 72
42 179
118 103
115 106
62 159
59 162
73 148
89 132
11 210
15 206
147 74
151 70
56 165
206 15
71 152
44 177
221 2
116 105
75 146
53 168
180 41
9 212
23 198
38 183
71 150
203 18
34 187
21 200
43 178
213 8
1 220
184 37
223 0
173 48
91 130
110 111
93 128
77 144
100 121
158 63
156 65
134 87
104 117
201 20
60 161
186 35
155 66
148 73
28 197
22 199
0 221
219 4
99 124
17 206
193 28
195 26
126 95
190 31
14 207
152 69
47 174
27 196
94 129
174 49
183 38
105 116
163 58
143 79
41 181
154 68
146 76
173 49
93 129
97 127
152 70
205 17
147 75
94 130
0 222
127 95
166 56
103 119
157 65
86 136
74 148
33 189
29 195
72 150
190 32
201 21
162 60
15 207
49 173
40 182
17 205
150 72
122 100
198 24
37 185
161 61
209 13
90 132
96 128
148 74
24 198
91 133
131 91
164 58
213 9
183 39
76 146
156 66
78 144
88 134
12 210
1 221
119 103
35 187
105 119
116 106
11 211
188 34
114 108
45 177
70 152
139 83
92 130
221 3
195 27
203 19
34 188
101 121
82 140
163 59
100 124
51 171
42 180
121 101
75 147
34 190
62 160
36 186
8 214
104 118
16 206
27 197
179 43
208 14
204 18
56 166
106 116
223 1
44 178
211 11
135 87
52 170
210 12
60 162
113 109
181 41
13 209
155 67
23 199
160 62
132 90
206 16
153 69
138 84
66 156
214 8
71 151
110 112
54 168
119 111
117 105
144 82
159 63
172 50
130 92
50 172
39 183
151 71
145 77
189 33
87 135
102 120
43 179
224 0
193 29
18 204
149 73
219 5
187 35
58 164
218 6
38 184
142 80
61 161
21 201
89 133
137 85
163 61
9 213
109 113
7 215
91 131
98 126
129 93
167 55
207 15
71 153
182 40
59 163
120 102
57 165
174 50
184 38
48 174
200 22
194 28
217 7
112 110
111 111
194 29
31 192
129 94
8 215
59 164
181 42
214 9
87 136
67 156
131 92
107 116
191 32
76 147
118 105
143 80
136 87
116 107
124 99
64 159
78 145
94 131
12 211
40 183
150 73
112 111
71 154
160 63
35 188
198 25
136 89
91 132
223 2
186 37
23 200
189 34
43 180
9 214
114 109
48 175
13 210
146 77
102 121
144 81
148 75
27 198
179 44
143 82
210 13
108 115
155 68
119 110
135 88
152 71
105 120
35 190
57 166
117 106
70 153
113 110
173 50
89 134
190 33
157 66
98 127
100 123
58 165
1 224
75 148
104 119
93 130
116 109
138 85
209 14
23 202
187 36
72 151
196 27
0 223
24 199
219 6
44 179
54 169
68 155
206 17
52 171
151 72
69 154
167 56
25 198
161 62
111 112
103 120
74 149
34 189
61 162
127 96
224 1
10 213
218 7
50 173
193 30
51 172
38 185
16 207
178 45
153 70
109 114
101 122
183 40
149 74
201 22
90 133
204 19
63 160
144 79
60 163
86 137
46 177
97 128
199 24
211 12
105 118
185 38
19 204
109 116
115 108
66 157
37 186
200 23
164 59
162 61
73 150
122 101
39 184
147 76
1 222
destination
