map
random512-10-0.map
pivot
254 254
agent & start
1 7
4 4
500 0
1 501
507 501
510 498
0 8
508 500
502 506
7 1
501 507
503 505
497 511
507 7
0 500
7 507
4 504
509 499
503 3
8 508
511 497
504 504
6 506
510 10
2 502
10 510
509 11
511 11
11 511
5 3
505 5
508 8
3 5
504 4
499 509
8 0
505 503
9 509
5 505
498 510
506 6
506 502
502 2
2 6
508 9
1 8
501 2
12 511
4 5
500 1
7 2
9 0
1 500
11 510
503 4
501 506
504 5
504 503
6 505
502 505
507 8
7 506
3 502
510 497
503 504
505 6
499 0
8 1
506 7
511 496
5 4
2 501
510 11
509 498
5 504
4 503
9 508
6 3
499 508
3 6
498 509
505 502
497 510
509 10
10 509
500 507
0 9
496 511
507 500
502 3
506 501
2 7
498 0
495 511
504 6
497 509
507 499
501 3
503 503
3 7
8 2
9 507
4 502
499 507
500 2
2 8
498 508
1 9
507 9
10 508
0 498
505 7
501 505
502 504
12 510
0 10
511 13
503 5
4 6
6 504
11 509
6 4
505 501
511 495
10 0
1 499
496 510
502 4
7 505
510 12
508 10
510 496
2 500
506 500
3 501
13 511
504 502
499 1
509 497
5 503
506 8
500 506
9 1
8 506
5 5
511 14
14 511
498 507
496 509
500 3
6 5
510 495
7 4
499 506
12 509
8 3
505 8
9 506
504 501
507 498
503 6
502 503
10 507
498 1
501 504
3 8
1 498
11 508
6 503
2 9
497 0
1 10
0 497
9 2
504 7
509 14
10 1
506 9
505 500
494 511
2 499
499 2
501 4
503 502
5 502
497 508
3 500
511 494
495 510
500 505
8 505
507 10
502 5
509 496
5 6
13 510
7 504
506 499
510 13
498 2
507 497
14 510
4 8
0 496
502 502
8 4
11 507
504 8
504 500
509 13
497 507
508 12
0 12
7 503
508 496
495 509
1 11
499 505
506 10
493 511
500 4
1 497
7 5
498 506
9 3
500 504
497 1
503 501
11 1
6 502
505 499
507 11
4 500
505 9
511 493
6 6
496 0
10 506
15 511
494 510
511 15
8 504
501 503
12 508
502 6
5 7
9 505
496 508
509 495
13 509
5 501
499 3
12 0
501 5
3 499
510 494
510 14
2 10
505 498
494 509
506 497
8 5
1 12
506 11
3 498
9 4
8 503
2 497
502 501
498 5
507 496
510 15
12 1
501 502
498 3
497 2
503 500
0 495
15 510
6 501
0 13
7 502
503 8
511 16
14 509
504 499
499 4
492 511
16 511
498 505
7 6
496 1
500 5
504 9
496 507
11 506
2 11
493 510
507 12
505 10
502 7
4 499
13 508
508 493
509 494
5 8
11 2
495 508
10 3
508 13
508 495
1 496
13 0
10 505
501 6
500 503
511 492
510 493
495 0
4 9
499 504
6 7
3 10
9 504
497 506
10 504
497 3
510 492
495 1
14 0
6 8
508 494
506 12
13 1
1 13
11 3
494 508
510 16
507 495
4 498
8 502
503 499
496 504
498 4
511 491
506 496
7 501
500 6
500 502
495 507
494 0
12 506
502 500
502 8
504 498
9 5
497 5
498 6
5 9
501 7
504 10
11 505
499 503
2 12
12 2
491 511
497 505
498 504
5 499
16 510
2 496
492 510
7 7
505 497
1 495
511 17
14 508
13 507
493 509
10 4
3 11
507 13
505 11
3 497
499 5
501 501
0 14
8 6
4 10
0 494
503 9
9 503
496 2
11 503
509 493
6 500
9 502
501 500
11 504
506 495
500 7
498 7
490 511
505 12
9 6
2 13
17 510
493 0
5 498
15 0
11 4
511 18
511 490
7 500
503 498
492 509
504 11
8 7
5 10
4 497
498 503
12 3
3 12
3 496
497 4
10 503
8 501
493 508
509 492
497 8
509 16
499 500
1 14
13 2
507 14
15 508
496 3
6 9
499 502
13 506
505 496
0 15
14 1
507 494
510 491
506 13
496 505
4 11
499 6
0 493
502 9
495 2
501 8
494 507
504 497
508 15
491 510
12 505
7 8
502 499
2 495
18 511
495 506
497 504
494 1
10 5
503 10
5 497
503 497
12 504
502 10
492 0
490 510
501 9
3 13
493 1
506 14
499 499
505 13
504 496
10 6
507 15
15 507
18 510
506 494
492 508
1 15
7 9
510 18
509 17
17 509
497 503
16 508
511 19
0 492
13 505
509 491
16 0
496 4
493 507
11 5
489 511
495 505
495 3
15 1
497 7
499 7
501 499
508 16
502 498
8 500
505 495
510 490
10 502
498 500
503 11
491 509
12 4
14 506
4 12
8 8
494 506
1 493
5 11
19 511
511 489
13 3
6 498
0 16
9 7
9 501
6 10
504 12
2 14
3 495
2 494
498 502
494 2
500 8
498 8
14 2
499 501
17 508
491 508
10 7
1 492
505 14
492 1
2 493
511 488
507 492
6 497
16 507
15 506
8 499
500 499
5 12
501 498
10 501
506 15
13 4
501 10
504 495
4 13
502 11
509 18
488 511
498 501
493 2
508 17
18 509
14 3
12 5
491 0
17 0
4 495
494 505
13 504
5 496
503 12
493 506
11 6
2 15
508 491
506 493
0 17
3 494
500 9
7 10
3 14
510 489
0 491
504 13
15 2
492 507
494 3
6 11
498 9
510 19
505 494
497 502
19 510
495 4
507 16
496 7
20 511
503 496
489 510
7 498
497 500
9 500
8 9
499 8
7 497
492 2
13 5
18 0
16 506
504 494
497 501
511 487
4 14
490 508
509 489
2 16
20 510
504 14
11 501
8 10
506 492
6 12
501 11
3 493
505 493
500 10
1 17
1 491
499 9
5 13
489 509
501 497
495 503
511 21
8 498
490 0
0 490
488 510
493 3
510 20
0 18
507 17
505 15
21 511
15 3
496 6
510 488
14 504
4 494
5 495
7 11
13 503
496 502
507 491
18 508
9 9
508 18
502 496
14 4
495 5
2 492
502 12
509 19
17 507
487 511
11 7
508 490
506 16
492 506
9 499
491 507
12 6
16 2
503 495
500 498
19 507
491 1
493 505
10 8
494 4
19 509
494 504
501 12
13 6
495 502
2 491
509 488
487 510
2 17
493 4
3 492
511 22
6 13
19 508
496 501
0 489
506 19
511 486
489 508
4 493
19 0
16 3
488 509
495 6
17 506
4 15
11 500
506 491
5 494
494 503
8 11
492 505
503 14
509 20
492 3
491 2
505 16
507 490
508 489
13 502
502 13
15 4
7 12
6 495
494 5
489 0
12 7
504 15
502 495
1 490
14 503
11 8
9 498
21 510
490 1
499 10
510 21
10 9
507 18
490 507
3 16
493 504
22 511
8 497
12 501
0 19
510 487
500 497
18 507
504 493
1 18
500 11
7 496
6 494
20 508
15 503
507 19
508 20
16 504
5 493
5 15
501 495
503 493
489 1
491 3
493 5
493 503
6 14
510 486
12 500
2 18
490 506
499 497
504 16
506 20
17 505
11 9
10 10
488 0
494 502
13 501
505 491
10 498
16 4
511 485
18 506
19 1
3 17
510 22
511 23
4 16
2 490
21 509
509 487
17 3
492 504
13 7
500 496
505 19
8 494
11 499
1 19
494 6
23 511
507 489
502 494
8 496
12 8
488 508
499 11
7 495
14 502
14 6
491 505
500 12
22 510
9 497
506 490
0 20
9 11
505 17
1 489
4 492
501 13
3 491
508 488
15 5
7 13
506 18
492 4
502 14
503 15
498 498
487 509
0 488
490 2
20 0
495 501
504 17
3 490
488 1
503 492
10 11
13 500
21 0
508 21
500 495
507 488
510 23
4 17
4 491
492 5
9 494
2 19
6 15
7 14
17 504
21 508
510 485
511 24
487 0
15 502
9 12
0 487
22 509
8 495
0 21
497 498
509 22
504 491
492 503
7 494
490 3
511 484
501 14
498 11
501 494
509 486
12 9
14 7
23 510
506 489
2 489
486 509
490 505
15 6
495 500
503 16
17 4
507 20
494 501
3 18
505 18
8 13
484 511
500 13
10 497
18 505
497 10
508 487
1 20
491 504
498 497
5 492
14 501
502 493
505 490
502 15
493 6
19 2
6 493
489 506
499 496
16 503
12 499
11 498
489 2
488 507
496 499
1 488
5 16
24 511
20 1
487 508
11 10
491 4
2 20
14 500
489 505
5 491
490 504
17 5
511 483
496 498
488 2
3 489
505 489
499 495
497 11
17 503
511 25
6 16
494 8
507 21
494 500
506 488
20 2
9 13
6 492
12 10
19 505
12 498
487 1
2 488
18 4
501 15
509 485
20 506
21 507
11 11
490 4
496 10
504 490
495 499
492 6
486 0
486 508
8 14
22 0
488 506
7 493
7 15
15 501
0 486
504 18
502 16
502 492
491 503
9 495
0 22
508 22
489 3
500 494
13 9
25 511
503 17
492 502
498 496
1 21
5 17
487 507
15 7
491 5
1 487
493 501
510 484
500 14
485 509
23 509
509 23
483 511
10 494
21 1
16 502
18 504
19 3
16 6
4 18
11 497
4 490
13 499
22 508
484 510
10 496
499 13
3 19
507 487
26 511
507 486
503 490
490 5
20 3
488 505
496 11
1 22
22 507
482 511
510 25
486 1
497 496
3 20
506 487
501 492
13 10
15 8
21 506
489 4
490 503
15 500
6 17
497 12
1 486
12 11
511 26
13 498
22 1
487 2
510 483
4 19
6 491
511 482
16 7
18 5
491 6
25 510
5 490
7 16
498 13
17 6
16 501
12 497
491 502
503 18
19 504
494 499
19 4
4 489
508 23
8 15
20 505
485 0
14 9
500 15
483 510
487 506
10 495
492 7
499 494
489 504
509 484
504 489
2 21
18 503
500 493
3 488
502 491
496 497
499 14
494 9
495 10
485 508
495 498
501 16
507 22
11 496
493 8
492 501
484 509
0 485
11 12
23 508
5 18
7 492
24 509
17 502
9 14
488 3
509 483
488 504
495 11
502 18
506 486
13 11
4 488
494 10
483 509
12 496
492 500
508 484
497 13
23 507
485 507
508 24
9 15
496 496
10 14
507 485
17 7
11 495
21 505
486 2
487 505
23 1
21 3
498 14
490 502
14 498
482 510
503 489
489 503
2 486
11 13
18 6
8 16
6 490
2 22
27 511
16 8
24 508
20 4
1 23
12 12
490 6
488 4
505 487
493 9
26 510
0 484
16 500
7 491
499 493
494 498
20 504
14 10
18 502
5 19
481 511
502 490
509 25
5 489
496 12
1 485
501 491
487 3
501 17
15 9
489 5
19 503
495 497
506 22
511 27
13 497
511 481
492 8
0 24
4 20
7 17
510 482
3 487
485 1
503 19
486 506
510 26
484 0
484 508
22 2
3 21
500 492
499 15
493 499
485 2
485 506
504 21
489 502
482 509
4 487
8 17
491 8
495 12
511 480
16 9
14 11
6 19
487 4
24 507
507 24
494 497
483 508
18 7
21 504
506 485
23 506
484 1
0 483
3 486
507 484
506 23
493 10
491 500
505 22
5 488
502 19
510 27
508 483
27 510
18 501
14 497
9 16
509 482
7 18
508 25
16 499
5 20
503 20
19 6
26 509
10 15
481 510
490 7
486 3
503 488
501 490
500 491
492 499
17 500
509 26
1 24
20 503
505 486
486 505
488 503
7 490
9 492
2 485
22 505
28 511
496 13
499 492
8 491
490 501
2 23
12 495
13 12
22 3
21 4
498 15
499 16
19 502
495 496
484 507
493 498
11 14
504 487
497 14
13 496
488 5
492 9
480 511
4 21
15 10
3 22
483 0
6 489
7 488
501 18
1 484
23 2
20 5
494 11
0 25
19 501
4 486
502 488
11 493
25 507
14 12
494 496
5 487
22 4
507 25
481 509
23 3
490 8
15 11
503 487
11 15
14 496
24 2
499 17
498 16
7 19
493 11
486 504
9 491
505 485
500 490
486 4
26 508
3 485
505 23
23 505
18 500
506 484
504 22
482 0
1 25
2 24
9 17
508 26
13 13
10 492
498 492
7 489
17 499
509 27
12 14
509 481
25 1
497 493
495 495
507 483
485 3
24 506
20 6
489 7
501 19
494 12
12 494
511 479
489 501
492 498
500 18
502 20
0 26
486 502
18 8
488 502
499 491
490 500
13 495
483 507
491 9
488 6
17 9
29 511
1 483
8 490
479 511
6 20
16 498
497 15
491 499
9 19
487 5
3 23
26 0
20 502
27 509
5 21
483 1
2 484
6 488
484 506
10 16
492 10
485 505
504 486
28 510
4 22
510 480
21 5
495 13
508 482
21 503
503 21
506 24
496 14
484 2
8 18
22 504
12 493
511 478
502 21
5 22
13 14
509 480
505 24
8 489
1 482
479 510
488 7
503 486
486 5
17 498
507 482
14 495
502 487
491 498
24 3
505 484
483 2
482 507
487 502
26 507
480 509
24 505
11 492
503 22
26 1
7 20
506 483
482 1
6 21
506 25
9 18
486 503
484 3
493 12
508 481
489 500
492 497
12 15
25 2
510 479
21 6
484 505
3 24
11 16
20 7
501 20
16 497
6 487
492 11
2 483
495 14
20 501
500 19
485 4
3 484
10 491
490 9
491 10
1 26
4 485
488 501
490 499
498 491
27 508
13 494
30 511
499 18
507 26
481 0
19 500
16 11
8 19
487 6
28 509
4 23
5 486
501 488
0 27
489 8
14 13
17 10
22 503
2 25
29 510
19 8
21 502
497 492
509 28
494 495
485 504
9 490
483 506
478 511
508 27
18 499
496 493
23 504
500 489
27 0
481 508
496 15
15 496
494 13
498 17
23 4
488 500
481 1
491 11
6 22
501 21
500 488
493 13
12 16
482 2
492 496
13 493
22 502
503 485
25 3
495 493
510 478
506 482
486 6
502 22
28 508
20 8
26 2
502 486
485 503
16 12
25 505
483 505
496 492
500 20
26 506
487 501
480 508
506 26
484 4
493 495
14 494
14 14
20 500
8 20
9 489
16 496
15 495
3 483
17 497
2 482
27 507
499 489
1 481
11 17
5 485
497 491
498 490
498 18
22 6
480 0
507 481
491 497
479 509
509 479
492 12
28 0
505 483
23 5
487 7
494 14
490 498
21 7
499 19
23 503
1 27
24 504
5 23
31 511
488 8
19 499
495 15
13 15
12 492
478 510
6 486
29 509
485 5
24 4
10 490
6 484
511 477
504 24
490 10
489 499
489 9
503 23
18 498
27 1
7 21
2 26
486 500
481 507
3 25
15 13
507 27
508 480
17 11
501 487
10 18
505 25
484 504
497 17
482 506
0 28
11 491
483 3
508 28
504 484
496 16
511 31
15 494
508 29
16 495
509 478
494 493
490 497
6 485
20 9
30 509
29 508
12 17
509 30
27 2
499 20
486 7
14 15
5 484
2 481
20 499
25 4
497 18
13 16
1 28
487 8
22 7
493 494
506 481
481 506
499 488
478 509
28 507
486 499
479 508
2 27
3 26
7 486
6 23
506 27
494 15
32 511
28 1
476 511
14 493
1 480
24 503
24 5
11 490
489 498
507 480
11 18
31 510
511 476
483 4
510 31
26 505
501 22
507 28
503 484
488 499
492 495
500 21
485 6
15 14
480 507
7 22
502 23
493 14
8 487
491 12
479 0
8 21
510 477
21 500
25 504
508 479
502 485
12 491
495 492
489 10
4 483
23 502
496 491
13 492
480 1
505 482
490 11
9 488
497 490
511 32
3 482
496 17
484 503
18 497
21 8
10 489
498 489
504 483
483 504
0 29
477 510
19 498
501 486
17 12
27 506
505 26
17 496
504 25
491 496
488 9
23 6
481 2
5 24
482 3
492 13
484 5
487 500
503 24
26 3
0 479
30 1
29 0
22 501
509 477
497 489
22 500
508 478
8 486
498 488
18 496
33 511
492 494
494 16
498 20
493 493
32 510
508 30
26 4
19 497
481 505
16 14
481 3
509 31
31 509
21 499
10 488
476 510
11 19
1 479
489 11
4 482
511 33
503 483
0 30
511 475
505 481
480 506
28 2
16 494
14 492
482 504
15 493
7 485
501 485
510 32
5 25
11 489
483 503
503 25
8 22
475 511
7 23
12 490
26 504
17 13
14 16
29 1
505 27
486 8
490 12
485 7
15 15
488 498
21 9
510 476
495 17
496 18
9 487
477 509
506 480
13 491
483 5
488 10
495 491
500 22
4 26
487 9
479 1
13 17
504 26
30 0
27 505
500 486
9 21
23 7
20 498
30 508
496 490
18 12
499 487
24 6
3 481
494 492
499 21
497 19
24 502
504 482
2 480
5 483
490 496
479 507
478 0
1 29
20 10
502 24
491 495
29 507
489 497
0 478
22 8
10 20
25 503
28 506
506 28
25 5
491 13
507 479
493 15
487 499
484 502
507 29
23 501
2 28
13 18
488 497
507 30
0 477
2 29
501 484
499 486
481 504
27 4
507 478
496 489
31 0
476 509
5 26
17 494
488 11
500 23
16 493
13 490
482 5
34 511
1 30
474 511
491 494
480 3
509 32
492 493
23 8
504 27
497 488
503 482
19 496
25 6
497 20
12 19
498 21
496 19
3 480
510 33
478 507
11 488
26 5
17 14
9 22
30 507
501 24
489 496
511 474
18 13
10 21
9 486
23 500
15 492
510 475
478 1
484 501
21 498
5 482
491 14
481 4
8 23
493 492
14 17
505 28
2 479
20 497
3 28
4 481
7 24
12 489
14 491
484 7
33 510
31 508
499 22
32 509
490 495
24 7
22 9
502 483
490 13
511 34
483 6
502 25
29 2
19 12
480 505
8 485
495 18
21 10
500 485
498 487
494 17
506 479
505 480
0 31
487 498
16 15
22 499
509 476
16 491
486 9
24 501
4 27
487 10
493 16
10 487
27 504
477 508
477 0
492 15
483 502
14 19
28 3
1 478
495 490
11 20
485 8
28 505
6 25
15 16
25 502
489 12
479 506
507 31
25 7
485 9
483 7
498 22
4 480
504 480
477 1
479 3
483 501
511 35
497 487
484 500
27 5
29 3
13 19
8 24
495 19
478 506
26 6
493 491
3 29
30 506
503 27
508 476
475 509
493 17
506 478
15 19
476 0
509 475
22 10
489 13
15 17
482 502
506 30
473 511
14 490
488 496
33 509
32 508
18 494
480 504
35 511
4 28
8 484
28 504
494 18
500 484
502 26
17 15
500 24
474 510
477 507
29 505
492 492
9 485
5 27
28 4
1 477
495 489
24 500
5 481
505 29
502 482
486 10
494 490
25 501
21 497
20 496
26 502
507 477
23 9
11 21
501 25
508 32
487 497
12 20
492 16
503 481
15 491
481 503
13 489
14 18
3 479
490 494
1 31
20 12
476 508
487 11
31 507
0 32
11 487
22 498
7 483
510 34
2 30
501 483
7 25
491 15
17 493
498 486
482 6
6 482
481 5
478 2
509 33
19 13
0 476
505 479
499 485
24 8
9 23
504 28
499 23
511 473
480 4
23 499
6 26
496 20
2 478
34 510
12 488
490 14
484 8
21 11
489 495
16 492
510 474
32 0
497 21
479 505
10 22
27 503
16 16
506 31
32 507
15 18
19 14
484 9
481 6
473 510
17 492
23 496
486 11
16 17
28 5
10 485
15 490
8 25
36 511
488 13
492 491
506 477
479 504
485 498
13 20
22 497
3 30
472 511
496 487
6 27
477 506
495 488
23 10
20 495
490 493
32 1
491 16
480 5
483 8
28 503
3 478
498 23
5 480
11 22
476 1
27 502
20 13
499 484
7 482
492 17
10 23
501 482
478 505
507 476
504 479
510 473
503 28
481 502
485 10
488 495
4 479
476 507
504 29
5 28
495 20
477 2
24 499
505 478
497 486
35 510
29 4
482 501
474 509
509 34
510 35
508 475
12 21
13 488
511 472
493 490
503 480
9 24
484 499
14 489
6 481
480 503
33 508
25 500
27 6
1 476
34 509
12 487
33 0
479 4
22 11
489 14
494 19
24 9
507 32
497 22
502 27
494 489
491 492
505 30
487 12
498 485
23 498
478 3
489 494
500 483
4 29
17 16
486 497
19 494
499 24
29 504
31 506
493 18
7 26
0 475
475 0
500 25
2 477
509 474
501 26
25 8
11 486
9 484
26 7
511 36
1 32
490 15
8 483
487 496
2 31
485 497
480 6
478 4
6 30
495 487
31 505
0 474
8 482
504 478
475 507
501 481
497 485
18 16
489 493
506 32
33 507
480 502
11 23
25 9
494 20
16 18
500 482
22 12
1 475
36 510
20 14
28 6
27 7
30 4
32 2
4 30
492 18
13 21
490 492
484 498
3 31
13 487
6 28
499 25
493 489
474 0
474 508
485 11
481 7
492 490
33 1
486 12
19 15
478 504
7 27
500 26
35 509
8 26
507 475
508 34
5 29
29 503
495 21
488 14
30 504
32 506
25 499
20 494
505 31
482 500
479 5
10 484
490 16
498 484
491 17
2 32
481 501
21 13
472 510
483 9
484 10
511 471
476 2
502 480
497 23
15 489
22 496
509 473
508 474
17 17
473 509
499 483
12 22
5 479
502 28
3 477
23 497
26 500
7 481
509 35
506 476
503 29
498 24
34 508
9 483
488 492
28 502
2 476
19 493
489 15
4 478
496 486
23 11
488 494
471 511
477 505
34 0
37 511
486 496
494 488
491 491
493 19
11 485
482 8
27 501
505 477
29 5
9 25
487 495
475 1
24 10
507 33
503 479
477 3
496 22
501 27
510 36
18 492
27 8
26 9
16 489
26 499
471 510
35 0
485 496
474 507
22 495
500 27
485 12
6 479
5 30
13 486
492 19
506 33
11 24
5 478
506 475
6 29
12 23
473 508
19 492
24 11
476 505
4 477
482 9
504 31
19 16
499 482
494 21
491 18
7 28
32 505
33 506
505 32
31 504
481 500
1 34
483 498
20 493
484 497
11 484
28 7
487 494
482 499
501 28
472 509
14 21
486 13
490 491
477 504
22 13
495 22
3 32
3 476
24 497
486 495
488 15
14 487
9 482
9 26
2 33
37 510
506 473
38 511
34 507
34 1
480 7
509 36
487 14
489 492
509 472
15 488
495 486
473 0
10 483
503 30
502 479
494 487
489 16
507 474
480 501
10 25
491 490
484 11
2 475
498 483
475 506
25 498
1 474
481 8
475 2
483 10
29 6
493 20
36 509
18 17
20 15
498 25
499 26
492 489
496 23
500 481
478 5
13 22
474 1
511 470
505 476
21 14
8 481
7 480
29 502
503 478
8 27
488 493
27 500
33 2
35 508
0 473
502 29
507 34
504 477
12 485
508 473
17 18
30 5
25 10
479 6
470 511
508 35
30 503
497 484
478 503
476 3
501 480
35 507
502 478
27 499
3 33
481 9
506 474
27 9
511 469
19 491
496 24
497 483
29 7
495 485
511 39
13 23
16 20
480 8
489 17
34 2
483 497
482 10
5 477
30 6
9 27
494 486
14 486
0 36
486 494
493 487
498 482
479 7
13 485
36 508
33 3
26 10
8 480
1 473
473 1
505 473
31 5
473 507
10 26
495 23
35 1
505 33
3 475
507 473
485 495
492 488
18 490
16 488
476 4
18 18
29 501
498 26
2 34
478 6
489 491
499 481
11 25
494 22
15 487
26 498
12 484
499 27
485 13
4 476
470 510
31 503
509 37
505 475
510 470
507 35
477 503
477 5
9 481
22 14
4 32
39 511
502 30
7 29
23 13
15 21
33 505
486 14
472 508
6 478
34 506
497 25
25 497
11 483
471 509
484 496
12 24
19 17
25 11
503 31
14 22
490 490
20 492
0 472
476 504
5 31
496 484
482 498
493 21
487 493
17 19
503 477
474 506
37 509
487 15
30 502
474 2
7 479
483 11
484 12
501 29
492 20
480 500
472 0
1 35
32 4
475 505
500 480
508 472
504 32
21 493
469 511
38 510
10 482
24 12
21 15
509 471
481 499
491 489
28 8
491 19
22 494
24 13
500 479
495 484
10 27
27 10
39 510
25 496
28 9
480 499
481 10
503 476
0 37
487 16
3 34
31 6
491 488
505 34
16 487
468 511
482 11
22 15
11 482
479 8
496 483
501 30
27 498
29 500
30 501
497 482
497 26
474 505
479 500
485 494
31 502
3 474
19 490
502 31
5 32
475 6
495 24
507 36
488 17
37 0
472 1
18 489
505 474
2 473
486 493
5 476
491 20
19 18
489 490
4 475
500 29
4 33
492 21
480 9
17 20
508 37
475 504
483 496
511 468
12 25
499 28
493 486
510 469
16 21
484 495
15 486
20 17
20 491
477 6
9 480
478 501
37 508
1 472
494 23
506 35
510 39
9 28
482 497
33 4
11 26
2 35
28 499
508 471
38 509
504 33
473 2
35 506
33 504
493 22
509 470
8 479
511 40
24 495
502 477
478 7
486 15
30 7
10 481
471 0
494 485
492 487
35 2
476 5
473 506
34 505
15 22
14 23
36 1
29 8
40 511
507 472
13 24
490 489
481 498
472 507
6 477
498 481
8 29
26 497
501 478
484 13
32 503
470 509
0 471
490 19
504 475
25 12
477 502
7 478
474 3
469 510
13 484
14 485
21 492
485 14
32 5
1 36
12 483
499 480
22 493
18 19
12 482
478 8
17 21
472 2
12 26
35 3
502 32
507 471
484 14
13 25
21 491
467 511
3 35
487 491
489 19
6 32
499 29
502 476
471 507
487 17
0 38
506 36
3 473
482 496
25 495
511 41
501 477
7 477
23 493
493 485
26 496
488 490
472 506
22 492
511 467
496 482
479 9
480 498
31 501
4 34
495 25
498 480
1 471
469 509
16 22
13 483
505 35
479 499
481 497
37 1
1 37
508 470
507 37
16 486
488 18
497 481
28 498
20 490
492 22
489 489
473 3
11 481
4 474
41 511
10 480
32 6
33 503
468 510
18 488
11 27
495 483
510 468
493 23
28 10
8 30
499 479
5 33
480 10
482 12
486 16
24 14
24 494
30 500
470 0
478 500
483 13
30 8
491 21
494 24
474 4
20 18
34 504
15 23
510 40
483 495
26 12
17 487
8 478
509 469
477 7
473 505
509 39
27 497
2 36
22 16
500 478
18 20
492 486
27 11
490 20
486 492
19 19
33 5
494 484
476 6
7 31
504 474
14 24
14 484
501 31
490 488
476 502
31 7
9 29
5 475
503 33
25 13
23 15
508 38
10 28
471 1
504 34
475 5
485 15
0 470
477 501
496 26
37 507
21 17
474 504
38 0
475 503
9 479
36 506
29 499
19 489
40 510
38 508
36 2
2 472
497 27
485 493
15 24
13 26
30 499
40 509
11 28
507 470
484 15
508 39
503 474
476 7
22 17
502 475
22 491
473 504
28 11
11 480
474 5
510 467
499 478
481 12
474 503
482 495
14 483
38 1
7 476
484 493
12 27
494 483
15 484
8 477
17 486
37 506
501 476
2 471
500 31
3 472
489 20
7 32
486 17
506 471
33 6
1 38
29 10
35 4
34 5
2 37
510 41
476 501
500 477
480 497
494 25
5 34
472 3
0 469
19 488
28 497
507 38
27 496
478 499
492 485
495 26
497 480
10 29
41 510
467 510
24 15
3 36
21 490
4 35
25 494
498 479
502 33
6 475
18 487
31 8
509 468
475 502
31 500
32 7
485 16
486 491
29 498
508 469
472 505
482 13
480 11
12 481
470 507
468 509
501 32
20 489
497 28
9 478
42 511
496 27
32 501
23 16
488 489
506 37
39 508
493 484
490 487
469 508
34 503
36 505
6 33
37 2
495 482
485 492
10 479
36 3
35 504
505 36
33 502
41 508
511 466
477 8
24 493
479 10
504 35
8 31
20 19
483 494
471 506
471 2
491 486
39 0
14 25
16 23
5 474
470 1
25 14
489 488
18 21
503 34
17 22
13 482
466 511
491 22
487 490
492 23
9 30
498 29
511 42
4 473
477 500
26 13
483 14
21 18
487 18
488 19
507 469
3 37
510 466
11 29
26 494
471 3
19 487
4 36
483 15
21 19
32 8
485 491
508 40
491 23
14 26
13 27
28 12
490 22
486 18
39 507
508 468
478 498
4 472
40 0
496 480
18 486
498 478
18 22
39 1
502 34
5 35
488 488
5 473
492 24
486 490
30 10
496 28
11 479
24 492
36 504
498 30
494 482
26 14
471 505
479 11
509 41
24 16
17 485
467 509
497 479
503 35
472 504
484 16
27 495
25 493
31 9
16 484
497 29
477 499
481 495
465 511
511 465
25 15
38 2
490 486
0 40
483 493
487 19
479 497
482 494
475 501
489 487
33 501
501 33
37 3
2 38
35 5
476 500
482 14
500 476
500 32
489 21
511 43
33 7
488 20
13 481
470 506
473 5
19 21
10 478
40 508
35 503
492 484
470 2
499 31
20 20
37 505
484 492
38 506
506 470
1 39
30 498
34 6
10 30
9 31
3 471
480 12
28 496
476 8
22 490
495 27
480 496
504 472
36 4
481 13
479 495
495 481
493 483
9 477
1 469
494 26
16 24
42 510
509 467
12 480
12 28
15 483
477 9
22 18
34 502
23 17
6 474
29 497
466 510
29 11
31 499
8 32
504 36
478 10
20 488
505 471
14 482
7 33
493 25
41 509
507 39
503 473
485 17
506 38
2 470
501 475
473 503
469 507
8 476
472 4
502 474
6 34
17 23
474 502
491 485
493 27
487 489
27 13
11 478
22 489
480 13
30 497
3 470
27 14
498 31
28 495
42 509
16 483
504 471
1 468
19 486
499 476
24 491
510 465
503 472
0 41
497 478
509 42
493 482
479 12
14 481
496 29
38 3
21 20
17 484
9 476
12 479
2 39
467 0
5 472
36 503
479 496
32 499
470 3
37 4
491 24
20 487
505 470
26 493
36 5
10 477
31 498
500 33
494 481
8 33
480 495
5 36
482 15
10 31
32 9
481 494
17 24
511 44
12 29
27 494
2 469
485 490
25 16
29 496
6 473
486 19
37 504
511 464
44 511
31 10
41 0
1 40
488 487
483 492
495 28
499 32
477 10
18 485
28 13
506 39
500 475
472 503
468 1
510 43
494 27
504 37
26 15
0 467
475 500
502 473
474 7
13 480
478 497
485 18
34 501
21 488
491 484
18 23
35 6
33 8
468 507
495 480
496 479
483 16
507 40
6 35
23 490
502 35
19 22
484 491
470 505
7 34
22 19
474 501
13 28
505 38
33 500
489 22
16 25
4 471
498 477
14 27
34 7
475 8
492 25
482 493
509 466
477 498
476 499
472 5
39 2
473 6
38 505
471 504
501 34
487 488
508 41
43 510
490 23
4 37
24 17
486 489
471 4
493 26
25 492
473 502
488 21
506 469
8 475
3 38
508 467
501 474
465 510
497 30
11 30
15 482
35 502
490 485
29 12
476 9
30 11
40 1
469 2
467 508
466 509
489 486
7 474
481 14
484 17
464 511
9 32
40 507
487 20
486 488
495 29
2 468
10 32
490 24
504 38
2 40
6 472
16 26
24 18
487 21
14 28
466 0
509 43
469 505
0 466
32 10
37 503
483 17
502 36
40 506
482 16
18 484
0 42
503 37
8 474
467 1
506 40
493 481
471 503
487 487
491 483
464 510
472 6
488 486
7 35
25 17
9 33
503 471
511 463
506 468
28 14
35 7
511 45
4 38
15 27
6 38
472 502
494 28
43 509
466 508
18 24
491 25
505 469
485 19
29 13
504 470
17 483
481 15
27 493
471 5
480 494
497 31
19 23
11 477
489 485
500 34
36 502
13 479
502 472
496 30
15 481
13 29
42 0
473 501
33 499
6 36
490 484
484 18
470 4
474 8
505 39
26 492
12 30
10 476
484 490
14 480
9 475
24 490
477 497
20 22
489 23
39 3
44 510
463 511
495 479
30 12
3 39
467 507
17 25
476 498
498 32
37 5
31 11
507 41
480 14
499 33
510 44
30 496
25 491
21 487
28 494
31 497
32 498
41 1
481 493
22 20
3 469
19 485
489 483
473 7
485 489
23 19
8 34
1 467
508 42
510 464
11 31
475 9
494 480
21 21
508 466
496 478
509 465
468 2
476 10
33 9
38 504
26 16
477 11
12 478
16 482
29 495
483 491
468 506
40 2
34 8
500 474
492 26
465 509
478 496
27 15
498 476
22 488
23 489
492 482
482 492
501 473
7 473
479 13
1 41
5 37
34 500
45 511
4 470
474 500
475 499
36 6
507 467
29 14
488 23
480 493
467 2
0 465
21 22
35 500
23 20
506 467
486 21
14 479
24 489
1 42
17 482
494 479
478 13
9 34
476 497
500 35
477 12
7 472
501 36
497 32
505 468
32 497
25 490
503 38
498 475
507 42
19 24
11 32
37 502
42 507
495 30
30 495
472 7
40 505
4 469
16 27
1 466
462 511
499 34
468 3
22 21
497 476
487 22
485 488
501 472
29 494
8 35
508 43
481 16
5 470
466 507
488 485
8 473
502 471
473 8
43 0
510 463
34 9
499 474
5 38
480 15
471 502
15 28
23 488
17 26
502 37
479 14
509 464
494 29
27 492
7 36
484 19
19 484
30 13
41 2
466 1
463 510
28 493
474 9
490 483
38 503
475 10
16 481
509 44
9 474
18 483
506 41
469 504
27 16
0 43
40 3
482 491
476 11
505 40
511 46
504 469
491 26
33 498
485 20
492 481
15 480
496 31
495 478
31 496
4 39
46 511
6 471
13 478
481 492
508 465
39 504
468 505
25 18
465 0
12 477
488 483
43 508
470 503
503 470
474 499
498 33
33 10
12 31
26 17
18 25
22 487
464 509
3 468
490 25
483 18
475 498
21 486
24 19
32 11
491 482
500 473
487 486
37 6
504 467
28 15
469 4
10 33
31 12
510 45
45 510
473 500
36 501
472 501
41 506
483 490
486 487
42 1
6 37
36 7
13 30
496 477
10 475
38 5
489 24
34 499
39 4
477 496
26 491
3 40
470 5
465 508
25 19
467 3
26 490
490 26
31 495
14 478
45 509
479 15
5 39
507 465
511 47
496 32
471 501
464 0
475 497
474 10
493 479
472 8
499 35
461 511
465 1
499 473
16 28
8 36
47 511
35 499
7 37
510 462
464 508
6 470
500 472
11 475
489 25
480 16
505 467
476 496
44 508
477 495
40 4
32 496
38 502
490 482
24 488
21 485
467 505
483 19
12 476
17 481
509 45
20 24
470 6
485 487
495 477
505 41
498 474
0 464
18 26
22 22
501 471
2 42
487 23
13 477
28 492
5 469
11 33
474 498
495 31
42 506
483 489
17 27
27 17
467 5
25 489
468 4
473 499
481 491
466 506
40 504
480 492
1 43
2 466
15 479
14 30
503 469
43 507
29 493
9 473
38 6
506 466
500 36
493 29
1 465
23 487
488 484
37 7
26 18
34 498
478 494
36 500
13 31
34 10
504 468
473 9
488 24
18 482
9 35
508 464
33 497
487 485
29 15
31 13
28 16
478 14
23 21
486 22
503 39
468 504
462 510
42 2
501 37
41 505
511 461
12 32
497 33
43 1
39 5
22 486
502 470
35 9
479 493
497 475
36 8
510 46
20 484
471 7
10 34
476 12
21 23
494 478
469 503
466 2
485 21
44 0
3 41
498 34
484 20
46 510
508 44
33 11
503 467
472 500
7 471
491 481
4 468
482 490
494 476
8 472
507 43
469 5
39 503
19 25
482 18
27 491
477 13
496 476
465 507
502 38
470 502
475 11
504 40
484 488
41 3
32 12
0 44
4 467
26 489
467 4
17 480
499 472
38 501
474 497
43 2
15 30
477 14
35 10
25 20
24 487
485 22
23 22
13 476
3 42
497 34
37 8
39 502
469 6
6 469
502 469
39 6
500 471
504 41
491 480
495 476
2 465
489 26
498 473
480 17
28 17
473 10
508 45
478 15
493 478
471 8
16 29
13 32
482 19
510 47
16 479
461 510
506 43
10 473
7 470
470 501
25 486
507 464
44 507
488 25
477 494
35 498
475 496
41 4
508 463
480 491
9 472
12 475
474 11
500 37
486 485
40 503
45 0
471 500
494 477
467 504
21 484
502 39
505 42
493 30
14 477
468 5
27 18
509 46
476 495
463 508
11 34
501 470
482 489
463 0
464 507
465 506
478 493
11 474
479 16
24 21
44 1
3 466
20 25
19 482
479 492
29 492
509 462
34 497
481 490
510 461
18 27
483 488
492 29
22 23
501 38
473 498
45 508
491 28
487 484
43 506
503 468
18 481
33 496
5 468
487 24
12 33
27 490
485 486
42 3
32 495
8 471
19 26
0 463
42 505
498 35
10 35
507 44
9 36
1 464
486 23
472 499
469 502
23 486
505 466
32 13
511 48
468 503
17 28
460 511
472 9
5 40
46 509
464 1
495 32
8 37
506 465
47 510
492 479
22 485
33 12
36 9
483 20
470 7
38 7
466 3
15 478
496 475
31 494
484 487
511 460
4 41
26 19
462 509
490 27
481 18
37 500
465 2
30 493
29 16
0 45
21 24
1 44
499 36
476 13
490 481
13 33
6 468
498 472
8 38
29 17
510 460
480 18
16 30
478 492
470 8
492 30
17 29
43 505
481 19
510 48
501 469
505 43
482 488
23 485
471 9
497 473
15 31
15 477
467 503
46 508
487 25
474 12
39 7
0 46
476 494
473 11
461 509
41 503
500 38
40 502
36 498
32 14
26 20
40 6
7 469
468 6
466 4
489 27
465 505
42 504
498 36
475 13
48 510
493 477
20 482
39 501
2 44
24 486
499 471
35 11
2 464
18 480
495 475
472 498
501 39
483 21
509 461
506 44
37 9
37 499
483 487
480 490
466 504
481 489
475 495
30 16
469 501
44 2
460 510
22 24
16 478
29 491
46 0
3 43
484 486
464 2
21 25
506 464
7 39
28 18
14 476
491 29
3 463
41 5
3 465
0 462
505 465
31 493
23 23
35 497
482 20
496 34
34 12
25 487
478 16
490 28
503 41
477 493
33 495
504 42
24 22
465 3
36 10
502 40
38 8
47 509
488 26
468 502
463 1
485 23
9 37
469 7
9 471
464 506
495 33
5 467
43 3
1 463
11 35
8 470
471 499
486 484
45 507
470 500
462 0
6 40
44 506
34 496
5 41
49 511
463 507
489 481
473 497
33 13
13 475
511 49
20 26
21 483
31 15
476 14
502 468
18 28
42 4
27 19
500 470
28 490
462 508
472 10
16 32
492 478
11 473
4 466
1 45
19 27
30 492
32 494
14 32
4 42
19 481
511 459
10 36
491 479
507 45
496 474
508 462
10 472
508 46
507 463
27 489
485 485
459 511
474 496
504 43
26 21
0 461
49 510
459 510
510 459
6 41
36 497
464 3
488 481
8 39
38 9
28 489
26 487
41 6
469 500
492 31
483 486
462 507
36 11
22 483
17 478
44 3
499 38
498 37
471 498
16 477
465 504
474 13
24 23
482 487
2 463
499 470
484 25
480 19
31 492
1 46
489 480
30 491
40 7
13 474
39 8
37 10
14 475
38 499
473 12
501 468
28 19
476 15
23 484
472 11
12 35
469 8
3 464
470 499
492 477
16 31
506 463
13 34
487 482
490 29
485 484
463 506
19 480
486 25
14 33
482 21
479 490
11 472
15 476
20 27
504 465
15 32
464 505
50 511
32 15
6 467
484 485
478 491
43 4
5 466
481 20
31 16
498 471
7 40
35 12
1 462
463 2
48 509
33 494
465 4
488 27
497 36
4 465
46 507
10 37
18 479
503 42
7 468
505 464
491 30
47 508
21 482
19 28
467 502
479 18
468 7
10 471
30 17
500 469
496 35
502 41
511 458
461 0
474 495
4 43
35 496
45 2
32 493
484 23
0 47
462 1
491 478
9 470
2 45
24 485
487 26
47 0
475 494
478 17
499 40
493 32
489 28
39 500
27 488
485 24
37 498
18 29
505 44
481 488
41 502
466 503
471 10
500 39
44 505
506 45
509 48
17 30
460 509
45 506
495 474
27 20
12 473
22 25
468 501
508 461
33 14
497 472
507 46
477 16
470 9
3 462
23 24
480 489
25 22
29 490
9 38
46 1
11 36
477 492
34 13
476 493
494 33
501 40
458 511
461 508
20 481
21 26
508 47
511 50
472 497
495 34
496 473
43 504
3 44
34 495
480 488
12 36
475 15
33 493
18 478
8 40
15 475
485 25
498 38
13 35
19 29
460 508
480 20
42 500
508 460
35 13
496 472
14 34
45 3
34 14
17 477
478 18
32 492
46 2
38 498
43 5
507 47
466 6
494 474
502 42
48 0
0 48
483 23
484 24
2 462
36 12
472 12
47 507
15 33
37 11
16 476
31 17
489 29
50 510
12 472
34 494
45 505
506 46
24 24
511 457
18 30
509 49
490 478
486 26
502 466
461 507
10 38
459 509
23 25
510 50
479 489
476 492
36 496
503 43
505 463
469 499
6 466
42 6
473 13
511 51
17 31
477 491
23 483
467 501
481 487
462 506
3 45
29 489
464 4
11 471
505 45
43 503
5 465
476 16
13 473
20 28
48 508
484 26
28 488
496 36
44 504
25 23
39 9
475 493
46 506
38 10
32 16
22 26
10 470
2 46
28 20
41 501
510 458
467 7
492 32
497 471
488 480
507 461
479 19
458 510
9 469
506 462
463 505
493 475
1 461
488 28
37 497
42 502
503 465
40 500
461 1
30 490
487 481
8 468
472 496
460 506
24 484
470 498
468 500
487 27
483 485
466 502
499 469
508 48
468 8
474 14
490 30
1 47
469 9
44 4
504 44
495 473
509 459
471 11
30 18
6 42
0 460
49 509
500 468
462 2
14 474
473 495
4 44
457 511
47 1
497 37
477 17
22 482
51 511
26 22
27 487
499 39
489 479
21 481
506 460
484 484
481 21
482 486
486 482
501 41
500 40
491 477
501 467
491 31
494 34
40 8
29 19
492 476
33 15
19 479
498 470
7 467
465 503
20 480
493 33
7 41
21 27
503 45
4 464
463 3
471 497
41 7
464 504
500 41
496 37
13 36
41 8
494 35
10 469
484 483
495 472
12 37
6 465
37 12
504 45
485 482
492 33
28 487
483 484
35 494
459 508
464 503
15 34
473 14
486 481
487 28
459 506
510 457
23 482
507 460
502 465
490 31
32 491
478 19
504 463
480 487
456 511
483 24
461 2
5 464
467 8
35 14
18 477
465 6
465 502
475 16
42 499
480 21
501 42
468 9
36 13
48 1
491 32
471 12
498 469
492 475
490 477
49 0
509 50
469 10
14 35
34 493
506 47
16 475
10 39
41 500
472 495
22 481
51 510
487 480
471 496
43 6
475 492
23 26
50 509
493 34
27 486
19 478
32 17
463 504
468 499
49 508
459 0
45 4
15 474
2 47
30 489
48 507
11 38
486 27
8 467
0 459
1 48
466 7
479 20
463 4
506 461
498 39
460 1
460 507
472 13
505 46
2 461
29 20
507 48
477 18
478 489
21 28
34 15
491 476
497 470
506 459
464 5
476 17
496 471
42 501
462 505
503 44
38 11
22 27
511 52
38 497
489 30
20 479
495 36
482 485
29 488
11 40
27 22
510 51
488 479
26 23
502 43
466 501
477 490
43 8
28 21
470 497
509 458
47 2
40 499
8 41
6 43
0 49
39 10
33 492
462 3
474 15
499 468
511 456
505 458
482 23
489 478
457 510
25 484
18 31
47 506
40 9
24 483
43 502
479 488
33 16
44 5
36 495
5 44
493 474
43 500
481 22
503 464
508 49
476 491
31 18
17 476
497 38
46 3
501 466
31 490
14 473
7 42
505 462
470 11
20 29
25 24
11 470
485 26
7 466
500 467
30 19
45 504
13 472
1 460
9 40
508 459
3 46
19 31
490 476
460 2
16 474
33 491
506 48
483 483
477 489
503 463
36 494
504 46
500 42
488 30
459 507
31 19
34 16
504 462
42 8
497 39
489 477
470 496
481 485
508 458
13 37
11 39
493 473
501 43
48 506
477 19
7 43
473 15
29 487
461 505
17 475
48 2
8 466
478 488
49 507
7 465
18 32
510 456
508 50
22 28
463 503
5 463
19 477
465 7
46 504
20 478
5 45
12 470
43 7
9 467
488 478
52 510
478 20
25 25
495 471
468 10
487 479
502 44
465 501
30 20
505 461
49 1
37 495
493 35
467 9
458 506
50 508
491 33
24 482
467 499
497 469
511 455
495 37
484 482
32 18
462 4
45 503
47 3
47 505
1 49
50 0
473 493
502 464
6 44
474 492
26 484
41 499
21 29
39 497
486 28
25 483
480 22
9 41
474 16
468 498
23 27
490 32
10 40
28 486
464 6
505 47
1 459
14 36
45 5
28 22
8 42
6 464
469 497
506 458
46 4
464 502
480 486
494 36
487 29
471 495
37 13
459 1
40 10
4 46
496 38
44 6
485 27
476 490
15 473
472 494
507 49
30 488
472 14
499 467
38 496
23 481
469 11
462 504
13 471
505 457
476 18
471 13
26 24
482 484
456 510
0 458
500 466
485 481
509 51
492 34
11 469
475 491
494 472
510 52
39 11
466 500
498 468
478 486
491 475
489 31
479 21
479 487
457 509
21 479
496 470
507 459
455 511
2 460
51 509
486 480
15 35
2 48
32 490
466 8
0 50
14 472
482 24
470 12
12 38
458 0
10 468
27 23
492 474
481 23
20 30
43 501
475 17
36 14
41 9
34 492
461 3
503 462
458 507
32 489
14 471
30 487
42 9
20 477
494 37
506 457
470 495
509 456
44 7
477 20
23 28
470 13
507 458
29 22
487 30
54 511
37 494
25 26
41 10
493 472
31 488
40 11
18 475
23 480
16 35
45 502
483 482
496 39
10 41
501 44
49 2
25 480
460 3
17 474
467 498
22 479
471 14
37 14
46 5
26 25
506 49
12 469
459 2
48 505
481 484
463 502
1 50
30 21
502 463
50 1
9 42
491 34
47 4
6 463
17 34
462 5
22 29
490 475
500 43
24 481
475 18
8 465
9 466
469 496
19 476
40 497
477 488
34 17
50 507
51 0
39 496
473 492
497 468
0 457
461 4
462 503
15 472
38 13
487 478
457 0
13 38
33 490
465 500
480 485
0 51
455 510
15 36
476 489
479 486
34 491
4 47
36 493
499 42
28 485
500 465
478 21
491 474
492 35
10 467
49 506
2 459
6 45
468 497
488 477
474 17
490 33
454 511
466 9
508 51
19 32
3 48
496 469
504 47
466 499
5 462
467 10
28 23
45 6
26 483
12 39
458 1
494 471
2 49
476 19
489 32
473 16
489 476
465 8
51 508
27 484
52 509
484 481
495 38
3 460
511 454
505 48
35 16
36 15
31 20
486 479
46 503
468 11
501 464
507 50
16 473
485 480
509 52
27 24
479 22
461 504
493 36
7 44
485 28
464 7
508 457
25 482
48 3
41 498
471 494
457 508
13 470
475 490
463 6
482 25
5 46
33 18
488 31
504 461
21 30
20 31
472 15
486 29
8 43
477 486
510 455
480 23
498 41
29 486
495 470
47 504
472 493
482 483
499 466
24 27
44 501
28 24
475 19
474 490
466 10
36 16
497 467
12 468
48 504
7 45
41 11
22 30
478 22
461 5
27 483
53 509
457 1
3 49
52 508
480 24
491 35
42 10
30 22
500 44
1 457
19 475
477 21
27 25
463 501
468 12
465 499
504 48
35 17
22 478
483 481
37 15
499 465
498 466
49 3
496 468
4 460
45 7
32 20
35 491
470 16
50 506
457 507
16 36
52 0
54 510
493 471
470 494
2 458
496 40
29 485
464 8
50 2
463 7
38 14
21 477
31 21
462 6
4 48
492 36
484 480
24 480
1 51
17 473
469 495
33 489
487 31
23 29
26 480
47 5
481 25
0 52
13 469
10 466
494 470
503 47
505 49
24 28
38 494
490 474
500 464
480 484
25 27
41 497
499 43
40 12
18 34
26 26
21 31
14 38
462 502
490 34
455 509
2 50
8 464
20 476
0 456
498 42
507 51
15 471
511 453
486 478
482 482
55 511
466 498
461 503
464 500
492 472
20 32
495 469
473 491
3 459
511 55
487 477
470 14
502 46
39 495
23 479
479 485
504 460
472 16
510 54
453 511
454 510
46 6
8 44
509 53
477 487
472 492
471 493
495 39
45 501
479 23
48 4
11 467
9 43
34 18
506 50
34 490
37 493
488 476
485 479
497 41
484 28
6 46
469 13
510 454
489 475
29 23
6 462
468 496
31 487
508 454
486 30
47 503
30 486
13 39
25 481
33 19
485 29
476 20
458 2
32 488
507 457
471 15
475 489
15 37
501 463
49 505
51 1
467 11
509 455
51 507
489 33
501 45
456 0
456 508
502 462
467 497
474 18
476 488
17 35
488 32
28 484
9 465
508 456
473 17
39 13
481 483
494 38
14 470
19 33
491 467
460 4
25 479
10 42
467 496
487 32
507 52
41 12
455 0
501 462
475 20
510 55
25 28
49 504
454 509
17 472
20 475
15 470
466 11
504 49
46 7
469 14
479 24
42 11
51 506
502 461
6 461
490 467
496 41
37 16
493 470
466 497
465 10
508 53
485 30
483 28
481 26
2 457
470 493
497 42
4 459
54 509
23 30
12 467
21 32
456 507
38 15
41 496
31 486
499 44
30 23
19 474
462 501
458 3
40 495
21 476
52 507
507 456
472 17
14 39
13 40
500 463
504 459
29 484
47 502
40 13
1 456
503 48
495 40
27 482
43 10
39 494
488 33
509 454
484 29
10 43
0 455
510 453
511 56
492 37
46 501
509 54
23 478
461 6
489 474
488 475
22 31
12 41
476 21
472 491
3 50
476 487
8 463
482 481
483 480
13 468
473 490
480 483
473 18
44 499
30 485
34 19
5 460
480 25
48 503
457 2
502 47
35 490
56 511
503 460
459 504
486 31
481 482
491 472
26 27
471 16
495 468
45 8
24 479
16 37
465 498
31 22
32 487
463 8
8 45
1 52
500 45
38 493
462 7
15 38
45 500
50 505
489 34
491 468
496 467
53 508
14 469
491 36
452 511
33 488
494 39
469 494
468 495
479 484
9 44
460 5
49 4
53 0
28 25
501 46
7 46
5 48
10 465
497 466
50 3
508 455
470 15
467 12
44 9
463 500
490 473
28 483
36 17
475 488
4 49
9 464
486 477
474 19
36 19
32 21
474 489
18 35
498 43
51 2
43 498
55 510
459 4
22 477
505 50
485 478
11 42
511 452
24 29
34 489
453 510
35 18
455 508
478 23
48 5
506 51
19 34
52 1
2 51
27 26
3 458
16 471
494 469
464 499
471 492
460 503
33 20
39 14
47 6
7 462
484 479
11 466
498 465
490 35
18 473
26 481
492 469
487 476
32 486
28 26
30 484
45 9
17 471
20 474
453 509
467 495
496 42
49 503
460 502
456 2
480 26
465 497
27 27
43 11
47 501
8 46
20 34
491 37
507 455
52 506
488 34
466 496
499 45
497 43
43 497
44 498
492 470
38 492
459 5
16 38
52 2
469 493
457 505
31 485
40 494
53 507
480 482
503 459
34 20
49 5
40 14
478 24
458 4
495 41
18 472
479 483
7 461
455 507
462 8
4 458
21 33
509 55
492 38
10 44
493 39
475 487
486 32
7 47
497 465
5 49
29 483
468 14
501 47
489 35
491 469
461 7
42 496
471 491
503 49
3 51
25 29
35 19
474 488
491 471
25 31
28 482
465 11
485 31
510 452
0 454
472 490
12 466
42 12
473 19
451 511
471 17
484 478
490 468
53 1
464 10
57 511
505 51
5 459
13 467
494 468
21 475
23 477
19 473
500 46
501 461
12 42
15 469
54 0
474 20
39 15
50 4
504 50
11 43
0 54
500 462
6 48
14 40
466 12
36 490
484 30
33 487
498 464
48 502
16 470
459 503
31 23
56 510
24 478
470 492
48 6
34 488
483 29
481 481
46 500
17 37
487 33
496 466
11 465
1 53
41 13
44 10
37 17
469 15
452 510
463 499
487 475
14 468
457 3
489 473
468 494
16 468
499 463
4 50
9 45
51 505
481 27
36 18
454 508
458 504
482 480
46 8
511 451
30 24
24 30
494 40
498 44
23 31
509 453
47 7
6 460
486 476
22 32
493 469
10 464
50 504
9 463
510 56
2 456
460 6
477 23
473 489
8 462
35 489
483 479
55 509
472 18
19 35
1 455
51 3
15 39
45 499
467 13
490 472
507 53
38 16
478 484
506 52
26 28
18 36
13 41
54 508
3 457
485 477
37 491
476 22
455 1
511 57
479 25
462 500
502 48
456 506
490 36
502 460
492 468
27 481
33 21
466 495
44 497
502 459
4 457
29 482
41 14
484 477
466 13
25 30
472 489
6 49
3 456
509 452
6 459
476 485
41 494
494 41
467 494
495 466
12 43
42 13
0 453
18 37
468 493
474 21
9 462
461 8
14 467
475 22
485 476
507 54
21 474
499 462
7 48
42 495
506 53
11 44
3 52
467 14
13 466
10 463
43 12
493 40
52 505
452 509
19 472
477 24
8 47
459 502
464 11
495 42
2 455
499 46
22 33
453 508
491 38
50 7
22 475
25 32
450 511
33 22
50 503
501 48
35 20
454 507
490 37
32 23
5 50
496 465
489 468
460 7
482 479
458 5
28 27
488 473
481 480
30 483
493 468
55 508
508 55
50 501
473 20
53 2
19 36
21 34
497 44
480 27
58 511
17 38
23 476
18 471
48 501
469 492
505 52
492 39
472 19
45 498
463 10
39 492
1 454
454 1
40 15
485 32
20 35
26 31
504 51
16 469
49 502
457 504
470 491
487 34
37 490
56 509
486 475
26 29
501 460
17 470
34 487
8 461
457 4
15 468
464 497
49 6
490 469
478 25
51 504
1 54
471 18
31 484
479 482
475 486
478 483
491 470
489 472
486 33
43 496
5 458
2 53
9 46
451 510
481 28
488 35
474 487
29 26
476 23
14 41
480 481
47 8
44 11
54 1
36 489
38 491
455 506
12 465
53 506
462 9
500 461
30 25
479 26
473 488
458 503
483 30
52 3
465 496
477 484
20 473
46 9
468 15
471 490
32 485
4 51
40 493
498 463
37 18
48 7
483 478
0 55
506 455
35 488
46 499
494 467
511 58
57 510
33 486
16 39
510 57
50 5
13 42
482 29
28 481
55 0
503 50
23 32
24 31
54 507
34 21
459 6
51 4
38 17
7 460
502 49
45 10
11 464
455 2
503 458
500 47
487 474
24 477
462 499
456 505
511 450
45 11
28 28
30 482
458 502
456 504
46 10
53 3
476 24
477 25
489 469
484 476
27 479
467 493
507 55
464 12
34 486
503 51
51 503
57 509
24 476
502 458
52 4
486 34
460 500
49 501
20 36
53 505
55 1
3 455
471 19
43 13
489 37
459 7
45 497
468 16
450 510
494 466
33 23
470 490
35 487
47 499
23 33
456 4
500 460
463 497
50 502
2 454
492 40
472 486
32 24
509 451
36 488
25 477
476 484
482 478
21 35
6 458
501 49
21 473
24 32
459 499
40 492
504 52
493 41
39 17
50 500
480 28
48 8
38 18
454 2
35 21
46 498
451 509
483 477
465 495
11 45
56 508
468 492
15 467
4 456
43 495
26 478
19 471
471 489
497 45
29 481
486 474
9 461
479 27
5 51
18 38
465 13
460 8
48 500
14 466
482 30
17 469
455 3
12 464
14 42
495 465
498 462
463 11
26 30
7 49
501 459
457 503
467 15
497 463
54 506
494 42
462 498
44 496
505 53
16 40
49 7
58 510
464 496
56 0
8 48
22 474
2 54
489 471
483 31
458 6
452 0
480 480
478 482
502 50
496 44
1 55
475 485
37 489
511 449
31 483
510 58
40 16
9 47
27 29
41 15
51 5
488 472
491 39
52 504
466 494
459 501
470 18
487 35
59 511
508 56
1 453
490 470
488 36
54 2
15 41
466 14
28 480
453 507
500 48
484 32
481 29
508 452
473 21
493 467
29 27
13 465
4 52
499 461
3 53
472 488
506 454
33 485
449 511
473 487
7 459
50 6
490 38
498 46
475 23
13 43
42 14
8 460
47 9
455 505
30 26
454 506
495 43
18 470
6 50
472 20
496 464
22 34
474 486
44 12
31 25
0 56
32 484
485 475
19 37
55 507
38 490
20 472
485 33
481 479
41 493
469 491
461 9
10 462
482 477
44 495
463 496
499 460
49 500
507 452
30 481
453 506
478 481
499 48
2 55
507 56
452 507
501 50
485 34
510 59
52 503
457 502
461 498
37 20
458 7
470 489
459 8
488 37
55 2
461 10
462 11
39 490
454 505
505 454
1 452
465 14
29 480
487 36
33 24
14 465
34 23
481 30
4 455
495 464
5 52
460 9
5 456
511 60
490 39
39 18
53 504
59 510
457 6
35 486
7 458
28 29
12 463
469 18
1 56
508 451
7 50
51 6
0 57
488 471
494 43
33 484
464 13
42 493
494 465
2 453
505 54
497 46
464 495
20 37
504 53
31 26
11 462
488 469
470 19
483 32
462 497
473 486
451 0
47 498
509 58
45 496
453 2
27 478
40 17
10 47
455 4
54 505
503 52
484 475
12 45
492 41
452 1
487 472
498 47
489 38
21 472
47 10
43 14
498 461
448 511
472 21
49 8
57 508
473 22
504 455
481 478
449 510
484 33
489 470
493 42
25 476
38 19
459 500
9 48
28 479
40 491
15 42
472 487
465 494
478 27
479 28
52 5
486 35
451 508
509 450
55 506
510 449
13 44
483 476
22 473
463 12
32 25
486 473
467 492
19 470
476 25
4 53
480 29
42 15
41 16
8 49
45 12
476 483
35 24
6 51
36 21
493 466
20 471
466 493
31 482
450 509
51 502
13 464
474 23
3 54
34 485
60 511
38 489
10 461
21 36
467 16
18 469
19 38
495 44
46 497
471 20
506 55
501 458
18 39
500 49
16 41
27 30
35 22
502 457
455 504
32 483
41 492
23 474
11 46
497 462
8 459
56 507
471 488
48 9
48 499
24 33
454 3
58 509
26 477
6 457
456 503
24 475
496 45
491 40
23 34
479 480
474 485
57 0
458 499
3 454
37 488
54 3
508 57
46 11
29 28
482 31
477 482
475 24
53 4
15 466
30 27
469 490
460 499
466 15
500 459
56 1
491 41
496 46
56 506
35 23
497 459
30 28
37 21
450 0
5 53
499 459
451 507
42 16
18 40
28 30
4 454
3 55
42 492
55 505
36 486
38 488
505 55
468 18
454 504
5 455
12 462
9 49
43 493
503 455
15 465
10 48
61 511
474 24
27 477
487 37
0 450
34 24
467 491
19 469
55 3
474 484
26 476
6 456
509 449
23 35
21 471
495 45
52 6
37 487
511 447
49 9
508 450
456 6
24 474
451 1
35 485
21 37
479 479
49 499
492 42
460 498
44 14
32 482
479 29
500 50
14 464
455 503
475 483
57 1
45 495
464 494
493 465
34 484
475 25
498 48
31 481
54 4
17 467
41 17
28 478
1 451
482 32
469 489
31 27
473 23
52 502
490 40
0 58
470 488
499 49
25 475
456 502
504 54
45 13
476 482
465 493
510 60
502 456
13 45
451 3
494 44
461 497
33 483
22 36
482 476
40 18
15 43
506 56
453 505
495 463
471 21
14 44
57 507
40 490
22 472
39 19
509 59
32 26
468 490
483 475
29 29
18 468
19 39
16 466
47 497
488 470
486 36
480 478
470 20
20 38
58 0
466 16
9 459
448 510
7 51
455 5
508 58
453 3
11 47
485 37
13 463
484 34
458 8
507 57
452 2
492 466
48 498
60 510
467 17
500 458
463 13
460 10
503 53
477 481
504 454
46 12
41 491
511 61
498 460
478 480
463 495
487 471
47 11
497 47
43 15
488 38
505 453
497 461
46 496
6 52
29 479
501 51
480 30
53 5
16 42
461 11
38 20
493 43
496 462
10 460
507 451
450 508
486 472
457 7
484 474
3 453
23 473
2 452
459 9
20 470
502 52
7 457
471 487
54 504
462 496
510 448
464 14
59 509
24 34
449 509
481 477
53 503
466 492
4 54
2 56
17 41
462 12
48 10
489 39
457 501
11 461
39 489
485 35
469 19
452 506
478 28
506 452
458 500
8 458
473 485
472 22
36 22
12 46
46 13
10 49
453 504
35 482
474 483
45 494
54 5
11 48
507 450
5 54
13 46
485 472
12 47
37 486
465 16
31 28
479 30
451 2
493 464
40 19
501 456
496 47
449 508
20 469
449 0
8 457
53 6
493 44
460 497
480 31
47 496
473 482
455 6
26 475
10 459
461 12
496 461
5 454
463 14
485 36
59 0
470 21
482 33
452 3
503 54
495 462
60 509
508 59
454 503
28 477
7 52
49 498
489 40
12 461
488 39
454 5
509 60
51 8
29 30
57 2
498 459
468 489
455 502
43 16
510 447
24 35
502 455
32 27
461 496
456 501
20 39
56 505
463 494
466 17
465 492
55 4
15 464
482 475
504 453
467 490
483 34
34 25
466 491
502 53
19 40
21 38
487 38
494 45
491 42
4 55
498 49
22 471
472 23
508 449
40 489
486 471
8 51
53 502
477 28
475 482
6 53
470 487
483 474
14 45
458 9
503 454
487 470
45 14
39 20
499 458
511 446
16 43
39 488
36 23
477 480
476 29
3 452
476 27
457 8
29 478
486 37
44 493
56 3
48 11
473 24
0 59
2 451
2 57
30 479
18 467
11 460
36 485
457 500
456 7
25 474
469 488
22 37
492 465
499 50
481 32
494 463
507 58
0 449
32 481
38 21
35 484
37 22
504 55
511 62
500 457
58 1
484 35
9 50
448 509
54 503
478 479
450 1
464 491
48 497
459 10
4 453
52 501
497 48
21 470
464 493
47 12
6 455
501 52
61 510
447 510
17 42
478 29
42 491
19 468
467 18
25 34
28 31
484 473
49 10
27 476
44 15
50 9
451 506
59 508
62 511
23 36
473 484
17 466
469 20
14 463
475 26
16 465
496 459
23 472
43 492
479 478
58 507
450 507
1 450
18 41
480 477
506 451
33 482
52 7
481 476
462 495
34 483
505 452
462 13
505 56
500 51
41 18
57 506
492 43
33 27
476 28
19 467
466 18
501 455
478 30
34 26
495 47
16 44
46 494
511 445
44 16
510 62
58 2
498 50
450 2
496 48
17 43
60 0
23 471
453 503
498 458
52 500
18 42
501 53
503 55
51 9
50 10
454 6
0 60
48 496
453 5
56 504
446 510
447 509
25 473
39 21
484 36
493 463
7 53
54 502
507 449
507 59
473 25
13 47
465 491
38 22
11 459
3 57
508 60
463 493
2 450
465 17
502 454
504 56
40 20
488 40
42 490
6 454
499 457
10 50
454 502
493 45
462 14
5 55
12 460
48 12
477 29
462 494
47 13
62 510
469 21
463 491
13 461
7 455
46 14
25 35
0 448
499 51
61 509
509 61
474 26
470 22
502 54
19 41
22 470
472 484
460 496
22 38
54 6
469 487
450 506
448 0
464 490
38 486
472 24
32 480
448 508
471 485
506 58
23 37
53 501
473 483
28 476
2 58
42 18
6 54
451 505
486 470
467 489
1 449
39 487
14 46
467 19
21 39
463 15
449 507
56 4
478 478
475 27
3 451
487 39
8 52
466 490
32 28
24 36
4 56
59 507
455 501
21 469
28 32
26 474
480 476
505 451
44 492
477 479
508 448
29 477
491 43
16 464
461 13
45 493
459 11
510 446
494 46
468 488
58 506
481 33
468 20
461 495
9 51
53 7
18 466
481 475
483 35
494 462
60 508
17 465
27 475
31 29
485 471
20 40
496 460
45 15
452 4
37 23
490 42
51 499
475 481
456 8
15 463
489 41
470 486
486 38
473 481
482 34
57 505
57 3
1 59
41 489
506 450
40 488
504 452
459 497
47 495
43 491
24 472
474 482
491 465
482 474
30 30
20 468
34 482
503 453
55 503
63 511
471 23
455 7
495 461
41 19
456 500
43 17
480 32
59 1
483 473
5 453
36 484
29 31
476 480
35 483
457 9
49 11
50 498
12 48
458 10
49 497
31 479
52 8
9 457
497 49
33 481
484 472
2 449
44 17
471 24
466 489
462 493
58 3
456 9
11 458
508 61
506 59
486 39
38 23
57 6
56 503
448 1
462 15
461 494
453 6
486 469
49 12
491 464
16 45
479 476
457 498
481 34
38 485
40 487
9 52
36 483
6 55
62 509
504 451
31 30
463 16
454 501
5 56
472 481
54 501
23 470
46 493
33 480
478 477
477 30
12 49
500 455
64 511
20 41
59 2
491 44
14 461
2 59
500 53
34 481
446 509
508 447
467 20
32 479
472 25
22 39
45 16
464 17
57 504
448 507
493 46
454 7
455 500
6 453
489 466
480 475
505 450
13 460
467 488
493 462
25 36
1 448
15 46
506 449
21 40
494 47
28 475
503 452
36 25
44 491
510 63
480 33
487 40
463 492
484 471
450 505
489 42
55 6
3 450
48 495
494 461
19 466
50 11
466 19
33 28
505 58
12 459
39 486
444 511
452 5
476 479
8 455
507 448
29 32
474 27
469 22
41 488
30 477
468 21
34 29
507 60
3 58
47 14
459 496
50 497
503 56
41 20
511 444
46 15
482 473
52 9
488 467
492 45
5 452
490 465
48 13
1 60
479 32
37 484
488 41
10 51
61 508
15 462
7 54
51 10
453 502
17 44
483 36
498 457
19 42
459 12
52 499
54 7
25 472
43 490
458 497
457 10
55 502
498 51
23 38
474 481
471 484
63 510
32 29
26 35
472 483
34 27
51 498
60 1
59 506
28 33
483 472
40 21
4 57
449 2
496 49
510 445
61 0
42 19
0 61
468 487
487 468
485 470
10 457
490 43
27 474
477 478
16 463
469 486
39 22
499 456
17 464
31 478
20 467
18 465
501 454
37 24
473 26
461 14
460 495
49 496
451 504
495 460
60 507
470 485
475 480
47 494
478 31
11 50
447 508
21 468
473 480
501 54
460 13
499 52
502 453
509 62
492 463
456 499
22 469
26 473
24 37
475 28
57 4
58 505
24 471
452 503
458 11
495 48
449 506
13 48
14 47
7 454
465 490
478 476
27 35
17 463
449 3
10 52
22 40
479 33
29 33
450 504
56 502
22 468
446 508
42 488
470 24
32 30
61 507
34 480
51 497
26 472
466 20
458 496
467 21
26 36
44 18
47 493
466 488
462 16
6 452
489 465
476 476
487 467
497 51
16 46
510 444
62 0
459 13
58 4
475 479
18 44
456 10
471 483
6 58
486 40
508 62
12 50
453 7
48 14
452 502
9 455
489 43
469 23
477 477
484 470
455 9
457 497
64 510
39 485
50 496
53 9
455 499
3 449
54 8
51 13
37 483
20 466
45 17
500 454
5 57
34 478
45 491
19 43
488 466
491 463
7 453
449 505
41 487
500 54
447 507
498 52
6 56
34 28
24 470
458 12
0 62
9 53
486 468
56 6
483 37
471 481
459 495
41 21
467 487
54 500
481 35
509 63
30 32
20 42
490 464
62 508
485 469
7 55
18 464
55 7
505 59
44 490
504 450
493 47
15 47
452 6
31 477
463 17
2 448
460 494
14 460
48 494
482 472
495 49
30 476
488 42
507 61
37 25
43 489
38 24
464 18
496 50
49 495
471 25
507 447
503 57
445 509
33 479
55 501
504 58
52 498
31 31
460 14
457 11
13 459
446 0
508 446
12 458
472 26
27 473
503 451
53 499
63 509
14 48
35 27
484 38
51 11
498 456
483 471
485 39
468 22
16 462
479 475
470 484
462 492
490 44
17 45
24 38
474 480
473 27
15 461
1 61
60 2
60 506
443 511
474 30
451 503
29 475
33 29
468 486
501 453
502 56
461 15
11 51
506 446
494 48
506 448
59 505
474 28
477 31
46 492
61 1
480 34
3 59
8 54
36 26
465 19
38 484
491 45
444 510
505 449
456 498
57 503
57 5
492 462
482 36
23 469
13 49
1 447
10 456
28 474
50 12
46 16
40 22
487 41
481 473
47 15
451 5
497 457
461 493
454 500
494 460
453 501
511 443
448 2
495 51
65 511
493 461
448 506
509 445
501 55
58 504
454 8
476 478
21 41
478 32
23 39
42 20
502 452
25 471
32 478
506 60
25 37
19 465
21 467
465 489
4 450
2 447
12 51
22 41
51 496
14 49
507 446
50 13
484 469
475 478
21 42
493 460
49 494
62 507
24 39
12 457
510 65
444 509
20 465
38 483
466 487
453 8
33 478
483 470
63 508
442 511
26 39
491 462
471 26
60 505
507 62
473 28
468 485
41 22
496 457
61 2
18 463
481 472
17 462
19 44
460 493
51 12
450 5
33 30
457 12
455 498
7 452
477 476
23 40
474 479
491 46
36 27
44 489
52 497
57 502
502 57
456 11
470 25
0 445
25 38
481 36
461 16
46 17
469 24
482 471
446 507
506 447
66 511
26 37
446 1
63 0
443 510
25 470
506 61
483 38
46 491
38 25
493 48
59 4
19 464
34 479
45 490
465 488
3 60
58 503
490 45
459 14
60 3
21 466
461 492
1 62
50 495
15 460
455 10
450 503
452 501
477 32
499 454
55 8
449 504
11 52
501 56
64 509
20 43
37 26
53 498
463 18
44 19
30 475
492 47
39 26
48 493
508 63
54 499
37 482
504 59
479 34
468 23
8 55
65 510
508 445
49 14
505 448
511 66
445 508
447 506
9 454
27 472
43 488
500 55
40 23
16 47
6 57
494 459
45 18
478 33
451 502
489 464
42 21
445 0
451 6
39 484
510 443
453 500
470 483
28 35
17 46
54 9
501 452
495 50
448 505
505 60
497 52
62 1
469 484
32 31
4 59
457 496
475 30
497 456
41 486
474 29
16 461
500 453
499 54
498 53
503 450
24 469
35 28
58 5
487 466
458 495
4 449
494 49
2 61
459 494
10 53
504 449
496 51
456 497
61 506
29 34
10 455
509 444
467 486
482 37
486 41
3 448
485 40
22 467
464 19
476 31
503 58
511 442
490 463
472 27
56 501
478 475
5 450
488 465
447 2
476 477
52 11
458 13
31 476
448 3
48 15
56 7
6 451
7 56
43 20
471 482
449 4
462 17
15 48
39 24
488 43
8 453
452 7
486 467
454 9
26 471
47 492
480 35
29 474
11 456
467 22
487 42
28 473
9 54
5 58
32 477
14 459
484 39
30 33
23 468
42 487
485 468
31 32
454 499
466 21
502 451
48 492
62 506
480 472
59 5
478 34
477 475
486 42
10 54
37 27
42 486
40 24
496 456
466 486
482 38
452 500
510 442
494 50
459 15
500 452
461 491
507 445
36 28
453 499
456 12
503 59
29 35
56 500
24 468
456 496
45 19
48 16
468 484
460 492
55 499
64 508
56 8
44 488
510 66
27 37
5 59
65 509
459 493
30 34
40 484
60 4
475 31
490 46
483 39
13 457
31 475
41 23
12 456
506 62
495 457
7 57
39 25
499 453
499 55
460 16
469 483
28 36
17 461
488 464
445 507
21 43
443 509
445 1
449 5
448 504
63 1
474 478
33 477
7 451
465 487
457 13
42 22
457 495
55 9
467 485
22 466
15 459
481 37
19 463
447 3
33 475
15 49
480 36
505 447
466 22
9 55
3 447
462 490
32 476
455 497
458 494
30 474
18 46
39 483
20 464
46 18
66 510
482 470
11 53
504 60
470 482
1 445
498 54
509 443
47 491
53 497
24 40
502 450
43 21
14 50
446 2
17 47
49 493
54 498
6 450
49 15
46 490
508 444
54 10
492 460
497 455
38 26
502 58
511 441
476 32
4 448
504 448
14 458
53 11
511 67
463 489
62 2
64 0
51 495
455 11
481 39
509 65
488 44
505 61
479 473
446 506
1 63
454 10
487 465
58 502
447 505
5 449
508 64
464 20
35 479
25 39
8 452
484 40
33 31
9 453
485 41
449 503
496 52
468 24
2 446
20 44
21 465
487 43
471 27
61 3
23 467
461 17
492 48
489 463
503 449
52 12
22 42
451 501
0 64
472 28
38 482
29 473
50 14
0 444
451 7
491 47
442 510
3 61
4 60
28 472
490 462
13 51
444 0
491 461
26 38
458 14
47 17
23 41
8 56
27 471
2 444
52 496
25 469
473 29
485 467
500 56
464 488
31 33
444 508
470 26
67 511
38 480
493 459
11 455
493 49
61 505
454 498
501 57
16 48
452 8
465 21
41 485
486 466
10 454
484 468
63 507
477 33
479 35
498 454
59 503
32 32
462 18
501 451
489 45
475 477
481 471
453 9
454 497
479 472
64 1
54 497
495 456
503 60
9 452
500 451
56 9
502 59
49 492
486 45
34 31
24 41
41 484
443 0
457 14
51 494
37 28
484 467
11 454
464 487
500 57
3 62
470 27
507 444
486 43
493 458
480 471
508 443
41 24
505 62
504 447
448 503
496 53
451 8
482 39
32 475
460 17
509 66
457 494
62 505
483 468
461 490
7 450
504 61
39 480
446 3
2 445
53 12
468 25
455 496
445 506
459 492
63 506
471 28
43 22
479 36
485 466
12 53
440 511
66 509
21 44
506 63
511 440
8 451
487 464
23 466
10 453
449 6
498 55
501 450
488 45
18 47
65 508
509 442
447 504
8 57
13 456
68 511
47 490
469 26
31 474
476 33
6 449
501 58
482 469
5 448
478 35
19 462
510 441
463 20
451 500
61 4
502 449
472 479
50 493
452 499
441 510
491 460
55 498
466 485
456 495
468 483
474 477
478 473
18 461
63 2
27 470
50 15
22 43
57 500
44 487
36 29
59 502
507 64
4 447
490 461
463 488
33 476
19 46
477 474
466 23
503 448
453 10
481 38
465 22
472 29
25 468
473 478
14 457
57 8
9 56
458 15
2 63
29 472
490 47
46 19
38 27
67 510
42 485
11 54
47 18
455 12
48 491
15 458
505 444
58 7
458 493
446 505
462 19
13 52
53 496
0 65
497 454
469 482
483 40
5 60
444 507
493 50
29 36
61 504
65 0
48 17
452 9
55 10
14 51
0 443
462 489
62 3
60 503
64 507
52 495
28 37
30 473
481 470
494 457
445 2
30 35
484 41
36 479
456 13
27 38
450 7
23 42
450 501
40 483
44 21
460 491
15 50
4 61
508 65
454 11
12 455
43 486
17 460
60 5
33 32
45 20
497 54
487 44
58 501
16 49
25 40
28 471
499 452
31 34
486 465
10 55
475 32
499 56
496 455
488 463
480 37
465 486
17 48
42 23
492 49
485 42
26 469
21 464
40 25
449 502
489 462
491 48
20 463
32 33
56 499
39 482
24 467
459 16
59 6
498 453
510 67
1 444
20 45
477 34
38 481
453 498
16 459
442 509
54 11
49 16
511 68
448 5
1 64
452 10
461 489
507 65
6 448
490 48
470 28
455 495
51 493
451 499
499 451
33 33
477 473
500 450
8 450
469 27
448 502
483 41
510 440
52 494
462 20
439 511
487 463
478 36
510 68
493 457
480 470
468 26
22 44
9 57
29 471
459 491
59 7
469 481
466 484
17 49
36 478
461 19
25 41
466 24
69 511
503 61
491 459
4 446
41 483
15 51
34 476
56 10
508 66
508 442
13 455
479 37
473 477
457 493
20 462
53 13
0 442
446 504
476 474
465 485
43 485
39 481
24 42
495 53
52 14
454 496
21 45
453 11
9 451
495 455
18 460
454 12
458 492
453 497
441 509
463 487
456 14
7 449
55 11
449 7
57 9
451 9
475 475
50 16
504 446
479 471
6 60
49 491
30 36
471 29
36 30
22 464
29 37
59 501
500 58
48 18
64 2
47 19
51 15
492 458
64 506
38 28
20 46
497 55
506 444
3 63
24 466
41 25
458 16
496 54
42 24
68 510
13 53
452 498
11 453
47 489
460 18
478 472
67 509
501 59
494 456
442 508
470 480
509 441
32 34
12 54
0 66
445 3
26 468
58 500
482 40
447 503
12 454
440 510
504 62
484 42
65 1
14 52
61 503
45 21
498 56
472 478
25 467
487 45
450 500
489 47
503 447
483 467
3 445
16 458
498 452
56 498
456 494
486 44
55 497
505 63
40 482
443 1
444 506
505 445
509 67
464 22
61 5
17 459
446 4
4 62
471 479
449 501
57 499
7 59
468 482
1 65
27 469
475 33
472 30
62 504
465 23
450 8
507 443
497 453
19 461
44 22
10 452
11 55
44 486
502 60
490 460
28 38
464 486
459 17
28 470
18 48
23 465
476 34
455 13
48 490
5 447
489 461
60 6
21 463
480 38
501 449
442 0
484 466
31 473
499 57
511 439
50 492
62 4
491 49
496 454
31 35
42 484
54 496
66 508
58 8
53 495
511 69
467 25
485 43
8 58
66 0
457 15
37 29
60 502
447 5
45 487
46 20
462 488
49 17
482 468
63 505
492 50
486 464
474 476
460 490
32 474
14 456
481 469
448 6
19 47
35 31
502 448
444 2
493 51
15 457
10 56
30 472
1 443
443 507
485 465
488 46
65 507
25 466
56 497
24 43
501 60
444 505
69 510
48 19
63 4
65 506
60 7
507 66
481 468
474 33
32 473
40 27
484 465
16 457
11 452
473 32
461 20
1 442
471 30
457 492
66 1
26 467
474 475
3 64
469 28
496 55
68 509
487 462
497 56
456 493
499 450
449 8
482 467
467 482
19 460
52 15
477 36
37 478
25 42
50 17
490 459
55 12
4 445
498 57
461 488
27 40
57 498
17 458
468 481
450 9
448 501
55 496
448 7
504 445
64 505
54 495
67 508
33 34
35 476
20 461
5 446
10 57
57 10
44 25
4 63
53 14
6 447
446 5
63 504
35 32
21 462
494 455
17 50
59 8
28 39
447 502
15 52
442 1
442 507
470 29
460 19
510 439
498 451
37 30
486 463
38 29
470 479
62 503
31 472
507 442
501 448
506 65
62 5
22 463
465 24
60 501
66 507
9 58
444 3
502 447
451 10
32 35
446 503
480 469
11 56
496 453
64 3
450 499
458 491
67 0
479 38
478 471
494 53
469 480
46 21
50 491
504 63
54 13
1 66
36 477
70 511
59 500
13 54
41 26
491 50
57 496
485 44
452 497
28 469
460 489
9 450
10 451
509 68
48 489
36 31
475 474
454 495
511 438
473 476
49 18
65 2
42 483
39 28
466 25
46 487
493 456
456 15
495 54
465 484
8 449
18 49
487 46
500 449
20 47
29 470
443 2
447 6
462 21
463 486
22 45
0 67
476 473
463 22
439 510
503 62
51 16
478 37
509 440
457 16
495 454
12 453
52 493
476 35
455 14
452 11
459 18
458 17
12 55
23 464
61 502
484 43
44 23
44 485
472 477
453 12
492 51
14 53
505 64
453 496
506 443
499 58
445 4
56 11
475 34
58 499
508 441
41 482
490 49
483 466
464 23
30 471
51 492
468 27
15 456
508 67
510 69
438 511
13 454
500 59
34 33
451 498
45 22
61 6
19 48
7 60
489 48
443 506
441 508
441 0
58 9
445 504
49 490
42 25
459 490
492 457
464 485
485 464
454 13
503 446
31 36
26 41
488 47
45 486
18 459
0 441
23 44
466 483
2 65
488 461
489 460
8 59
492 455
7 448
40 481
455 494
477 472
462 487
53 494
29 38
16 51
471 478
482 41
39 29
486 462
33 35
487 47
454 494
441 507
8 448
54 14
37 31
68 0
58 498
478 470
50 18
509 439
32 472
60 500
457 17
47 21
505 65
6 446
448 8
483 43
53 15
477 471
454 14
473 475
450 10
57 11
440 0
508 68
470 30
65 3
36 476
57 497
472 32
69 509
71 511
462 486
469 29
51 491
47 487
20 48
67 1
474 474
22 462
445 503
478 38
54 494
55 495
31 471
498 58
45 23
487 461
475 35
66 506
437 511
477 37
471 477
51 17
58 10
453 13
17 457
457 491
468 28
493 455
64 504
10 450
458 18
459 19
482 42
17 51
41 27
42 26
56 12
498 450
463 485
59 499
67 507
442 2
15 53
49 19
24 44
41 481
50 490
494 54
66 2
28 40
60 8
501 61
21 461
21 47
52 492
484 464
13 453
489 49
511 437
447 501
2 442
44 24
458 490
507 67
62 6
439 509
20 460
503 63
34 34
32 36
491 457
481 467
448 498
464 24
63 503
27 41
1 67
12 56
480 40
56 496
499 449
59 9
459 489
492 456
466 482
24 464
33 473
473 33
481 41
456 16
502 62
35 475
466 26
16 52
508 440
26 466
462 22
451 497
34 474
19 459
506 66
13 55
463 23
18 50
451 11
491 51
479 469
9 59
447 7
65 505
506 442
444 504
471 31
499 59
11 57
438 510
465 483
441 1
502 446
448 500
509 69
474 34
62 502
476 472
5 445
497 451
64 4
14 454
23 463
446 502
476 36
35 33
16 456
495 453
485 463
9 449
456 492
453 495
482 466
61 501
488 460
468 480
31 37
472 476
488 48
18 458
7 447
2 66
11 451
23 45
450 498
445 5
45 485
497 57
1 441
25 43
452 12
43 25
496 452
475 473
12 452
15 455
37 477
444 4
14 54
489 459
443 505
43 483
461 487
496 56
30 38
40 28
55 13
48 488
46 486
48 20
460 20
455 493
29 39
3 65
27 467
38 30
479 39
490 458
501 447
29 469
61 7
52 16
26 42
8 60
504 64
19 49
5 63
460 488
443 3
446 6
484 44
25 465
455 15
70 510
449 499
0 440
30 470
470 478
68 508
483 465
503 445
495 55
500 448
4 64
492 52
465 25
10 58
461 21
44 484
462 23
16 455
54 493
467 28
441 506
452 495
486 461
1 440
497 58
42 27
69 0
442 3
446 7
67 506
489 50
7 446
505 66
441 2
487 460
11 58
461 22
454 493
25 464
445 6
439 508
30 469
62 501
25 44
10 59
9 448
502 63
464 483
474 473
462 485
32 37
475 472
5 64
37 476
22 461
480 467
458 19
453 14
444 503
503 64
504 65
3 66
473 34
508 69
31 470
64 503
511 436
450 11
457 490
468 29
500 447
478 39
471 476
490 457
38 477
463 484
39 30
35 474
9 60
2 441
439 0
483 44
480 41
19 458
475 36
456 491
473 474
436 511
54 15
478 469
42 481
65 504
459 20
497 450
465 482
45 24
63 6
34 473
4 65
500 61
483 464
499 448
10 449
41 480
72 511
465 26
6 445
41 28
470 477
449 10
71 510
61 8
472 33
56 495
507 68
20 459
448 499
19 50
477 38
493 54
454 15
459 488
50 19
446 501
3 442
14 453
66 3
57 12
14 55
461 486
51 18
447 8
505 442
463 24
469 478
7 62
33 472
479 40
8 447
13 452
489 458
463 26
499 60
469 30
472 475
60 9
36 33
37 32
494 55
448 9
43 482
507 440
55 494
447 500
477 470
455 492
495 56
486 47
474 35
8 61
2 67
64 5
40 479
43 26
21 460
482 43
506 441
437 510
484 463
487 48
482 465
484 45
66 505
502 445
0 439
1 68
15 454
49 488
493 454
38 31
58 497
444 5
471 32
70 509
501 446
46 485
11 450
18 457
48 21
458 489
17 52
440 1
496 57
61 500
52 17
481 466
24 463
59 10
455 16
450 497
40 29
496 451
69 508
6 63
18 51
443 504
453 494
467 480
452 13
0 69
46 23
504 443
33 36
468 479
494 453
449 498
485 46
68 507
509 438
27 42
438 509
479 468
464 25
35 34
53 492
445 502
481 42
16 53
491 52
492 53
58 11
68 1
49 20
26 43
34 35
457 18
24 45
470 31
440 507
58 495
48 487
456 17
53 16
29 40
490 51
508 439
20 49
12 57
442 505
26 465
503 444
21 48
45 484
12 451
27 466
443 4
451 12
63 502
52 491
509 70
491 456
506 67
28 41
59 498
23 462
13 56
56 13
466 27
51 490
31 38
62 7
498 449
454 16
68 2
482 464
20 458
0 70
31 469
446 500
455 17
6 64
18 52
5 443
480 42
484 46
498 448
58 494
65 503
10 448
48 22
59 497
458 488
28 42
0 438
502 64
61 499
52 18
54 16
1 439
489 51
507 69
4 442
34 36
38 476
478 40
41 29
467 29
466 480
494 452
462 24
19 457
494 450
438 0
55 15
44 482
488 50
499 447
497 59
12 58
505 67
8 446
467 479
54 492
461 23
457 19
503 443
23 461
41 479
36 34
444 6
10 60
449 11
58 12
489 457
479 467
500 446
51 489
495 57
468 30
46 484
30 40
39 31
40 30
3 67
469 31
64 502
509 71
462 484
458 20
443 503
63 7
436 510
17 53
496 450
504 442
486 48
9 445
482 44
7 65
61 9
437 509
4 66
466 28
441 505
505 441
67 3
47 23
59 495
461 485
43 27
455 491
8 62
445 7
451 495
48 486
459 21
474 472
16 454
477 39
450 496
11 59
464 482
2 440
66 504
510 436
435 511
465 481
507 439
7 63
465 27
62 8
481 43
20 50
492 54
501 445
70 508
14 56
452 494
49 487
17 455
477 469
25 463
440 506
24 462
485 461
473 473
3 441
52 490
450 12
5 65
470 476
42 28
38 32
73 511
471 33
50 488
60 10
501 63
478 468
439 1
68 506
439 507
9 447
1 69
487 459
472 34
53 17
23 47
40 478
482 462
31 39
491 53
11 449
33 471
502 444
456 490
16 54
486 460
12 450
35 473
473 35
42 480
56 494
469 477
63 501
506 68
71 509
447 499
503 65
511 73
13 57
67 505
441 3
487 49
26 464
69 507
463 483
442 4
485 47
29 467
454 492
15 453
475 471
55 493
476 470
57 13
53 491
24 46
444 502
21 459
25 45
66 4
65 5
499 61
69 1
480 466
470 32
509 437
59 11
449 497
21 49
72 510
490 52
27 43
12 448
29 41
2 68
32 470
45 483
496 58
7 445
464 26
490 456
471 475
453 493
460 486
15 55
19 51
483 45
453 15
510 72
60 498
27 465
64 6
484 462
13 451
456 18
468 478
443 5
493 453
495 451
504 66
37 475
51 19
62 500
14 452
483 463
32 38
47 485
476 38
18 456
493 55
448 10
488 458
447 9
22 48
457 489
474 36
43 481
497 449
472 474
452 14
438 508
46 24
498 60
50 20
463 25
475 37
6 444
33 37
440 2
459 487
56 14
511 435
30 468
52 19
14 57
439 2
468 31
479 466
504 441
510 435
42 479
15 56
479 42
449 494
56 493
34 471
31 40
480 43
6 65
477 40
30 467
40 31
18 455
435 510
25 46
481 44
470 33
495 58
7 64
57 14
502 443
73 510
62 499
28 465
486 459
36 473
2 69
458 487
468 477
12 59
70 1
469 476
483 46
460 485
498 447
440 3
455 18
67 4
11 60
451 14
21 50
46 483
466 29
493 56
500 445
503 66
59 12
440 505
39 474
5 442
446 9
449 496
475 38
12 447
31 468
71 508
461 24
444 501
478 41
7 444
59 496
492 55
68 505
449 12
487 50
17 54
452 15
9 62
51 488
443 502
49 486
13 58
53 18
447 10
464 481
65 6
494 57
24 47
438 1
437 0
40 477
476 39
494 451
16 453
450 13
57 494
50 21
488 457
5 66
25 462
41 478
28 43
74 511
456 19
438 507
482 461
493 452
10 447
507 438
437 508
20 51
37 34
4 67
501 64
19 52
46 25
27 464
503 442
467 478
434 511
481 464
3 68
38 33
51 20
11 448
10 61
487 458
453 492
63 500
488 51
444 7
483 462
48 23
53 490
0 437
60 497
511 74
443 6
44 27
18 53
489 456
24 461
21 458
48 485
452 493
471 474
471 34
473 472
456 489
485 48
69 2
22 49
35 472
441 4
26 463
454 17
30 41
504 67
8 63
60 11
496 59
509 72
1 70
505 440
68 3
42 29
17 454
505 68
61 498
9 446
34 37
484 461
442 5
70 507
8 445
508 437
486 49
454 491
37 474
445 8
33 470
458 21
19 456
54 491
38 475
441 504
490 53
465 480
467 30
495 450
56 15
492 453
463 482
1 438
500 63
36 35
32 39
484 47
45 482
29 466
52 489
496 449
43 480
459 486
62 9
462 25
23 48
12 449
474 37
13 450
509 436
4 441
439 506
485 460
506 69
23 460
63 8
2 439
32 469
462 483
482 463
457 20
480 465
55 16
65 502
446 499
499 62
450 495
67 504
58 13
49 22
64 501
20 457
39 476
15 452
6 443
476 469
39 32
464 27
470 475
64 7
445 500
461 484
69 506
472 473
497 60
489 52
43 28
436 509
477 468
466 479
0 71
45 26
497 448
472 35
72 509
502 65
475 470
455 490
29 42
508 71
510 73
490 455
478 467
442 503
66 503
498 61
451 494
501 444
14 451
482 46
31 41
469 475
476 468
2 438
17 453
448 496
460 484
442 6
24 48
32 40
502 66
455 19
20 52
39 33
506 438
11 447
38 34
475 39
504 440
474 470
68 4
497 447
500 444
492 56
461 483
35 471
510 74
75 511
471 473
72 0
14 450
28 464
437 507
52 488
440 4
458 22
60 12
453 17
70 2
63 9
18 454
469 33
51 487
451 15
509 73
5 441
446 498
21 457
49 23
19 455
58 14
48 484
66 6
474 38
2 70
42 30
1 437
49 485
63 499
42 478
486 458
50 486
72 508
16 452
17 55
480 464
34 470
destination
