map
random512-10-0.map
pivot
254 254
agent & start
498 510
10 510
509 11
4 4
6 506
501 507
507 501
3 5
7 507
510 498
503 3
508 500
0 8
504 4
506 6
2 502
502 506
507 7
2 6
506 502
497 511
7 1
500 0
504 504
510 10
508 8
511 11
1 501
8 508
505 503
1 7
502 2
8 0
4 504
505 5
11 511
0 500
503 505
511 497
499 509
9 509
5 3
509 499
5 505
501 2
506 501
4 503
500 507
0 9
501 506
4 5
7 506
505 502
507 500
507 8
503 4
502 3
12 511
1 500
9 0
2 501
510 497
496 511
5 504
2 7
499 508
3 502
499 0
6 505
3 6
509 10
502 505
508 9
504 5
500 1
6 3
498 509
8 1
11 510
511 496
5 4
506 7
503 504
509 498
505 6
504 503
9 508
7 2
497 510
510 11
1 8
10 509
4 6
6 504
510 496
0 498
1 9
3 501
496 510
6 4
8 506
2 8
505 501
11 509
5 503
503 5
497 509
507 9
503 503
507 499
10 0
506 500
501 505
10 508
500 2
9 507
502 504
510 12
504 502
13 511
9 1
498 508
495 511
502 4
511 495
499 1
511 13
0 10
1 499
12 510
501 3
3 7
4 502
5 5
8 2
500 506
2 500
499 507
498 0
506 8
505 7
508 10
509 497
504 6
7 505
6 5
498 507
499 2
498 1
507 498
502 5
496 509
510 13
511 494
7 504
500 505
497 0
2 9
500 3
504 501
506 499
5 6
507 10
511 14
11 508
505 500
504 7
509 14
1 498
8 3
5 502
506 9
502 503
10 507
503 6
501 504
2 499
9 506
503 502
499 506
3 500
509 496
6 503
12 509
495 510
510 495
3 8
14 511
7 4
1 10
0 497
8 505
9 2
497 508
10 1
505 8
501 4
494 511
13 510
497 507
5 501
510 14
498 506
7 5
511 493
9 505
1 497
12 0
496 0
11 507
498 2
505 9
3 499
509 495
499 3
2 10
8 504
6 6
505 499
1 11
507 11
5 7
508 12
500 504
499 505
4 500
506 10
6 502
8 4
0 12
504 500
510 494
509 13
502 502
0 496
14 510
493 511
13 509
7 503
502 6
4 8
495 509
15 511
507 497
496 508
508 496
10 506
511 15
500 4
501 5
11 1
494 510
503 501
9 3
12 508
497 1
501 503
504 8
0 13
511 16
9 504
13 508
13 0
3 10
501 6
492 511
501 502
505 10
10 505
508 495
0 495
12 1
4 499
11 506
8 5
500 503
3 498
505 498
508 13
506 497
503 8
504 9
508 493
7 502
496 507
500 5
493 510
16 511
507 496
510 15
502 501
502 7
499 4
7 6
4 9
498 3
497 2
11 2
506 11
2 497
9 4
2 11
6 7
498 5
15 510
503 500
509 494
496 1
510 493
14 509
494 509
495 0
504 499
10 3
1 496
495 508
497 506
511 492
1 12
507 12
498 505
5 8
6 501
8 503
499 504
506 12
2 12
2 496
0 14
3 497
13 507
0 494
498 504
501 501
504 498
14 0
492 510
507 13
3 11
7 7
495 507
505 11
4 498
508 494
494 508
10 4
7 501
500 502
493 509
4 10
10 504
496 2
505 497
497 5
5 499
497 3
5 9
491 511
8 502
494 0
11 505
8 6
11 503
511 491
502 500
495 1
1 495
12 506
6 500
502 8
498 4
16 510
499 5
13 1
11 3
497 505
1 13
504 10
14 508
503 499
498 6
9 503
500 6
12 2
499 503
503 9
496 504
510 16
501 7
9 5
507 495
511 17
506 496
6 8
510 492
509 493
10 503
494 507
493 508
498 7
509 492
5 498
11 504
503 498
12 505
15 508
509 16
497 8
4 11
495 506
495 2
493 0
498 503
511 18
15 0
497 504
502 9
508 15
499 502
4 497
8 7
13 2
0 15
7 500
0 493
1 14
5 10
500 7
502 499
2 13
507 14
2 495
501 8
9 502
6 9
503 10
3 496
12 3
13 506
17 510
8 501
505 12
501 500
511 490
497 4
510 491
490 511
14 1
496 505
9 6
11 4
491 510
7 8
505 496
496 3
10 5
506 495
492 509
504 11
504 497
499 500
3 12
507 494
18 511
506 13
494 1
499 6
8 500
509 491
5 11
2 494
499 501
505 495
6 498
509 17
6 10
502 10
508 16
14 2
4 12
11 5
493 1
3 495
503 497
1 493
8 8
19 511
502 498
13 505
491 509
498 500
1 15
18 510
505 13
511 489
504 12
501 499
9 501
3 13
9 7
5 497
0 16
504 496
503 11
511 19
495 505
15 507
498 8
507 15
12 504
499 499
10 502
7 9
500 8
16 508
497 7
12 4
495 3
510 490
16 0
493 507
490 510
494 506
501 9
2 14
506 494
496 4
15 1
510 18
10 6
497 503
492 508
14 506
506 14
499 7
489 511
17 509
13 3
492 0
0 492
494 2
498 502
6 497
491 0
6 11
7 498
504 13
500 9
19 510
15 506
505 14
491 508
8 9
503 12
504 495
498 9
502 11
494 505
505 494
15 2
488 511
495 4
5 12
2 493
507 492
17 0
13 504
503 496
508 491
509 18
18 509
17 508
10 501
10 7
20 511
0 17
9 500
506 493
501 498
2 15
492 507
3 494
14 3
506 15
497 502
1 492
497 500
0 491
5 496
7 10
489 510
11 6
510 489
498 501
493 2
493 506
508 17
510 19
511 488
12 5
4 13
507 16
13 4
4 495
501 10
494 3
492 1
3 14
8 499
499 8
500 499
16 507
496 7
494 504
506 492
8 10
19 507
14 504
17 507
499 9
508 18
1 491
495 503
507 491
503 495
0 490
491 1
13 5
8 498
509 19
490 508
507 17
4 14
16 2
11 7
500 10
494 4
508 490
492 2
504 494
493 3
505 15
487 511
506 16
501 11
0 18
504 14
9 9
488 510
18 508
3 493
9 499
495 5
11 501
2 16
5 13
16 506
505 493
493 505
502 496
13 503
510 488
10 8
510 20
501 497
500 498
19 509
511 487
1 17
496 502
12 6
2 492
502 12
497 501
492 506
14 4
7 11
490 0
511 21
7 497
18 0
15 3
5 495
489 509
491 507
496 6
509 489
6 12
20 510
21 511
4 494
1 490
505 16
6 495
490 1
9 498
13 6
13 502
490 507
509 488
11 8
8 497
1 18
7 496
504 15
6 13
489 0
21 510
12 501
22 511
506 19
510 21
495 502
488 509
494 5
501 12
8 11
4 15
506 491
507 18
496 501
508 489
18 507
507 490
500 497
499 10
2 491
3 492
19 508
0 489
15 4
502 13
492 505
504 493
494 503
5 494
12 7
7 12
493 4
511 486
487 510
492 3
16 3
511 22
2 17
11 500
4 493
489 508
0 19
509 20
503 14
17 506
491 2
502 495
19 0
3 16
500 11
493 504
10 9
510 487
495 6
14 503
503 493
503 15
3 491
2 18
20 0
490 2
6 494
505 17
499 11
13 501
491 3
5 15
14 502
487 509
4 16
0 488
491 505
6 14
19 1
494 502
3 17
8 496
499 497
15 503
506 490
7 495
489 1
490 506
506 20
501 495
504 16
11 499
510 22
492 4
1 19
511 485
5 493
508 20
502 494
20 508
4 492
10 10
493 503
493 5
8 494
501 13
13 7
10 498
21 509
495 501
12 500
18 506
492 504
507 19
507 489
498 498
500 12
2 490
17 505
505 19
502 14
9 11
16 4
505 491
9 497
488 0
488 508
17 3
506 18
0 20
1 489
16 504
23 511
11 9
12 8
508 488
22 510
15 5
7 13
500 496
510 486
511 23
509 487
14 6
494 6
5 16
22 509
6 493
19 2
15 502
491 4
489 506
1 20
492 5
16 503
490 505
11 498
13 500
10 11
493 6
496 499
2 489
488 1
8 495
24 511
4 17
509 22
495 500
487 508
0 21
3 18
501 494
0 487
508 487
15 6
502 15
18 505
14 7
491 504
6 15
9 494
492 503
497 498
3 490
4 491
21 0
505 18
497 10
503 492
500 495
501 14
12 499
21 508
510 23
9 12
494 501
1 488
504 17
5 492
490 3
7 494
509 486
10 497
23 510
507 20
489 2
487 0
510 485
17 504
12 9
498 497
2 19
17 4
505 490
502 493
500 13
498 11
499 496
507 488
488 507
20 1
486 509
511 484
504 491
14 501
8 13
11 10
484 511
508 21
503 16
506 489
7 14
511 24
511 25
507 21
492 502
504 18
12 10
14 500
4 18
16 6
507 487
499 13
7 15
490 504
508 22
1 487
9 13
5 17
497 11
498 496
489 505
18 504
501 15
491 5
493 501
490 4
489 3
500 494
17 503
0 486
0 22
20 2
504 490
483 511
488 2
2 488
1 21
491 503
494 8
9 495
496 498
20 506
15 501
10 496
496 10
12 498
25 511
486 508
11 497
503 17
11 11
500 14
495 499
13 499
10 494
487 507
505 489
3 489
510 484
5 491
502 16
511 483
509 23
19 505
487 1
484 510
3 19
destination
