map
random512-10-4.map
pivot
93 46
agent & start
438 201
396 243
283 356
268 371
414 225
295 344
334 305
172 467
152 487
329 310
486 153
434 205
180 459
37 488
163 476
429 210
316 323
51 498
288 351
64 507
102 509
444 195
207 432
373 266
410 229
113 508
433 206
215 424
318 321
247 392
179 460
280 359
145 494
191 448
185 454
162 477
262 377
435 204
254 385
325 314
302 337
212 427
52 499
382 257
272 367
490 149
281 358
311 328
412 227
406 233
301 338
394 245
39 488
314 325
297 342
222 417
451 188
56 503
138 499
454 185
303 336
448 191
211 428
277 362
165 474
20 473
77 508
501 138
173 466
298 341
166 473
59 504
304 335
376 263
115 506
31 482
495 144
245 394
491 148
238 401
357 282
317 322
294 345
358 281
24 477
378 261
432 207
74 511
415 224
58 503
337 302
291 348
43 494
409 230
323 316
11 464
407 232
177 462
236 403
130 501
469 170
232 407
30 483
42 493
422 217
276 363
261 378
369 270
459 180
204 435
125 506
408 231
39 490
227 412
478 161
381 258
47 494
472 167
139 500
144 495
468 171
473 166
407 230
217 422
417 222
34 485
209 430
471 168
503 136
234 405
476 163
44 493
4 457
50 497
260 379
485 154
157 482
183 456
206 433
224 415
213 426
335 304
421 218
361 278
449 190
402 237
38 489
289 350
132 503
94 511
186 453
103 508
69 510
6 459
393 246
502 137
12 465
428 211
13 466
119 506
168 471
131 502
241 398
158 481
250 389
405 234
32 483
347 292
150 489
258 381
199 440
28 481
195 444
46 495
437 202
386 253
440 199
53 500
233 406
339 300
313 326
67 508
404 235
400 239
509 130
84 511
296 343
362 277
45 494
242 397
72 511
461 178
160 479
146 493
120 507
275 364
196 443
279 360
500 139
278 361
375 264
439 200
231 408
356 283
133 502
312 327
345 294
41 492
104 509
328 311
286 353
381 256
363 276
110 507
237 402
493 146
164 475
118 507
360 279
26 479
492 147
269 370
223 416
193 446
511 128
95 510
81 510
76 509
54 501
300 339
344 295
136 499
494 145
467 172
420 219
184 455
153 486
431 208
265 374
107 506
464 175
307 332
148 491
9 462
488 151
355 284
230 409
416 223
418 221
142 497
108 501
21 474
40 491
255 384
293 346
292 347
441 198
453 186
197 442
82 509
156 483
159 480
109 506
3 456
346 293
455 184
282 357
446 193
508 131
332 307
105 508
466 173
480 159
377 262
210 429
96 511
380 259
365 274
174 465
395 244
340 299
285 354
458 181
270 369
352 287
367 272
246 393
374 265
134 501
106 507
419 220
477 162
447 192
353 286
100 511
229 410
7 460
151 488
23 476
205 434
322 317
507 132
253 386
342 297
333 306
306 333
216 423
364 275
141 498
427 212
257 382
460 179
126 505
424 215
127 504
326 313
350 289
154 485
256 383
203 436
22 475
70 511
147 492
389 250
19 472
349 290
48 495
465 174
114 507
171 468
243 396
35 486
175 464
341 298
60 505
443 196
457 182
321 318
167 472
155 484
108 505
208 431
271 368
240 399
273 366
79 510
75 510
192 447
359 280
135 500
462 177
239 400
399 240
274 365
436 203
65 506
338 301
111 508
387 252
482 157
327 312
188 451
388 251
226 413
397 242
481 158
61 506
320 319
62 507
263 376
426 213
68 509
201 438
370 269
264 375
351 288
354 285
25 478
252 387
487 152
15 468
284 355
112 509
182 457
36 487
324 315
330 309
496 143
14 467
489 150
218 421
194 445
220 419
445 194
390 249
371 268
225 414
498 141
460 177
10 463
143 496
123 506
463 176
55 502
343 296
506 133
392 247
366 273
383 256
221 418
403 236
348 291
391 248
308 331
190 449
450 189
310 329
504 135
479 160
385 254
497 142
169 470
57 504
244 395
299 340
83 510
430 209
40 489
309 330
8 461
214 425
137 500
503 134
248 391
18 471
5 458
116 507
319 320
178 461
251 388
187 452
475 164
290 349
425 214
0 453
259 380
499 140
200 439
423 216
49 496
181 458
129 502
33 484
266 373
303 335
159 479
251 387
304 334
429 209
216 422
59 503
62 506
382 256
494 144
359 279
57 503
356 282
27 479
411 227
99 511
78 508
436 202
497 141
459 179
413 225
183 455
28 480
430 208
105 507
100 510
164 474
21 473
393 245
370 268
5 457
166 472
236 402
49 495
385 253
30 482
300 338
392 246
434 204
200 438
506 132
208 430
500 138
250 388
297 341
224 414
destination
