map
random512-40-2.map
pivot
207 165
agent & start
473 75
474 74
470 68
474 76
470 66
470 67
474 77
473 76
471 68
473 74
469 66
471 74
472 81
475 70
472 69
474 73
471 82
471 75
472 74
474 70
469 67
471 81
470 82
475 69
472 70
472 80
468 66
473 69
472 68
473 73
473 77
473 72
472 77
472 71
471 76
472 73
474 69
472 79
470 81
473 68
466 67
468 67
475 68
489 49
470 80
488 46
474 68
471 71
466 68
469 81
472 72
467 67
475 67
471 77
471 79
489 48
458 83
467 68
487 46
488 49
469 70
469 80
488 47
470 71
470 79
471 78
474 67
468 81
471 72
463 84
483 51
470 78
469 79
467 69
470 72
485 51
486 50
468 70
456 74
458 82
462 84
474 66
487 47
456 78
469 71
457 83
488 48
463 83
467 81
483 50
486 49
474 65
473 66
456 79
485 50
484 51
457 80
468 79
461 84
487 48
458 81
467 70
467 80
457 74
459 82
462 83
456 75
469 78
457 78
469 72
482 49
482 51
457 82
486 47
486 48
461 85
468 72
481 49
485 49
459 81
467 71
482 50
469 77
484 50
457 81
458 80
455 79
462 82
457 79
467 79
474 64
473 65
457 75
468 77
458 79
456 81
485 48
460 85
458 75
460 81
472 65
455 84
474 63
467 72
483 48
484 49
457 76
468 73
467 78
481 50
461 82
455 80
455 83
484 48
465 63
467 77
459 85
458 76
472 64
455 81
473 63
468 74
459 75
467 73
483 47
454 84
475 63
480 50
459 79
461 81
485 46
459 86
453 84
466 63
459 76
454 81
486 45
460 79
483 46
472 63
466 77
461 80
480 51
459 78
476 63
465 62
484 47
454 83
458 85
455 82
467 74
467 75
465 61
486 44
453 83
476 62
483 45
471 63
485 45
464 78
466 62
453 81
465 77
459 77
454 82
484 46
461 79
479 51
458 86
460 76
462 79
465 60
486 43
478 51
468 63
452 83
464 77
463 78
476 61
458 87
460 77
467 62
470 63
485 44
466 61
461 78
465 76
453 82
457 86
484 45
466 75
470 62
465 59
482 34
475 61
457 87
462 78
463 77
484 44
485 35
485 43
479 53
452 82
467 61
478 52
456 86
469 63
468 62
465 75
461 77
485 36
484 43
466 59
486 37
484 35
463 76
462 77
438 73
456 87
478 53
483 34
485 42
475 60
464 75
469 62
482 35
467 60
479 54
477 52
451 82
447 82
484 42
477 53
443 75
486 38
462 76
485 41
451 81
448 82
439 73
469 61
455 87
485 37
468 60
438 74
479 55
483 35
475 59
463 75
444 84
476 52
447 81
485 39
467 59
484 37
444 83
439 74
440 73
448 81
485 40
474 59
483 42
455 88
443 86
476 53
483 36
445 84
485 38
462 75
443 82
478 55
467 58
447 80
469 60
477 54
443 84
444 85
442 75
444 75
441 74
450 81
446 80
476 54
468 58
476 56
477 55
474 58
444 76
484 38
475 53
441 75
483 41
469 59
443 87
440 74
442 86
462 74
454 88
449 81
475 57
483 37
453 93
442 82
443 83
446 84
484 40
444 86
443 88
475 54
452 93
444 77
462 73
474 57
449 80
483 40
473 58
453 92
475 56
444 87
442 87
441 84
453 88
440 75
469 58
442 83
445 86
446 79
476 55
470 59
442 77
446 85
483 38
475 55
449 79
446 86
445 77
440 84
441 87
441 83
452 88
372 122
473 57
453 91
469 57
441 77
453 89
482 38
471 59
483 39
445 87
442 78
452 92
446 78
451 93
462 72
482 40
440 76
484 192
442 88
441 88
452 91
482 39
470 57
446 77
373 122
452 89
451 92
461 72
484 191
471 58
481 40
462 71
473 56
449 78
474 55
372 121
453 90
483 192
448 79
440 77
436 67
441 78
447 86
445 88
440 83
481 38
481 39
373 121
374 122
440 88
440 82
484 188
482 192
440 78
484 190
447 77
473 55
460 70
436 68
447 87
435 67
452 90
372 120
481 193
461 71
483 191
448 78
446 88
483 187
451 91
471 57
450 91
480 193
459 70
483 186
440 79
484 189
447 88
372 117
460 71
448 77
437 72
434 67
436 91
471 56
483 188
451 90
439 78
440 81
446 89
480 39
439 88
482 191
372 119
373 120
435 68
481 192
375 122
374 121
472 55
483 190
437 92
437 91
447 89
440 80
435 69
455 35
446 90
372 118
439 79
432 68
448 76
436 70
373 119
479 193
438 90
482 186
459 71
375 121
482 190
450 90
436 92
479 39
437 71
473 195
436 72
480 192
449 89
439 89
483 189
434 68
471 55
439 81
373 117
373 118
449 90
430 71
481 186
455 34
435 92
438 81
448 89
436 71
473 196
456 35
437 90
447 90
433 68
439 80
430 73
435 70
437 88
470 39
478 39
458 71
470 55
375 120
438 89
482 189
474 195
376 121
478 193
449 76
479 192
432 69
450 76
433 69
431 73
480 186
437 89
477 39
473 197
437 81
377 121
438 80
478 192
481 189
435 71
457 35
468 54
431 71
376 120
432 70
463 35
475 195
456 34
430 72
436 88
448 90
471 39
374 118
472 40
375 119
470 54
470 38
434 92
457 71
434 91
480 187
476 193
458 69
468 35
476 39
469 54
472 39
480 189
481 188
477 192
470 37
457 34
450 75
463 34
457 70
437 80
431 92
473 198
376 119
468 53
475 194
456 33
434 71
462 35
432 71
375 118
431 72
436 89
473 40
433 70
377 120
448 91
479 189
433 91
375 117
377 119
457 33
462 34
473 39
376 118
463 33
480 188
458 68
472 198
432 92
458 34
467 35
470 52
448 92
433 71
472 38
468 34
437 79
475 193
435 89
457 69
434 72
450 74
466 34
469 53
471 51
464 34
475 39
432 72
467 33
471 37
431 91
476 192
431 90
476 191
468 33
471 198
463 32
459 34
434 73
469 194
471 50
449 94
464 45
451 74
464 33
477 190
458 33
474 39
457 32
433 90
479 188
475 192
469 52
376 117
448 93
457 68
434 89
462 33
470 193
433 72
446 93
457 30
437 78
466 33
470 51
432 91
466 35
467 32
472 199
461 34
472 37
377 118
475 38
456 68
469 51
461 33
449 95
376 116
471 197
451 73
473 191
465 35
471 199
478 188
435 73
464 46
459 33
468 32
475 175
446 94
457 31
433 89
377 115
434 74
477 189
457 67
458 30
476 190
470 50
466 36
377 117
473 37
433 73
465 33
474 38
464 44
469 193
478 186
476 176
474 192
462 32
432 90
472 36
447 93
464 32
437 77
448 94
470 194
451 72
468 31
474 177
477 186
475 190
475 176
463 30
465 46
465 36
376 115
424 89
458 31
469 192
469 50
474 175
461 32
437 76
476 175
448 97
474 191
466 37
465 44
474 37
436 75
468 191
466 43
468 51
455 68
457 66
465 32
464 31
472 35
456 67
473 36
435 74
475 174
460 33
473 190
378 117
466 45
470 199
448 95
432 89
433 74
447 94
377 116
478 187
471 196
468 193
470 195
477 188
448 96
476 188
460 32
455 67
452 72
467 51
474 176
434 62
475 179
378 116
451 71
468 50
474 36
469 47
466 46
459 31
462 30
463 29
474 190
475 189
447 97
424 88
467 45
468 192
379 117
473 35
476 174
456 66
468 30
473 177
380 116
465 31
466 42
476 186
477 187
469 201
435 75
466 38
376 112
465 37
436 76
479 175
467 191
474 178
447 95
470 196
433 75
432 88
433 87
376 114
467 193
425 89
454 70
465 43
470 200
424 87
434 83
376 113
465 42
467 46
379 116
464 29
469 48
455 66
473 176
432 87
428 89
465 38
433 86
475 180
468 47
435 62
446 97
474 35
460 31
465 30
456 65
467 50
435 76
467 30
469 200
478 175
454 67
468 49
467 192
453 70
477 174
469 196
474 189
454 69
437 66
479 174
377 112
425 88
476 187
427 54
433 76
462 29
452 71
466 193
474 179
466 39
380 115
447 96
381 116
468 201
466 31
455 64
433 60
472 177
434 61
473 178
462 28
438 66
446 96
427 53
427 89
478 174
433 77
428 54
465 39
379 115
377 113
435 61
474 180
465 41
475 35
474 188
453 69
433 83
432 86
426 88
475 187
381 115
466 30
428 88
445 95
454 64
464 192
468 200
474 34
434 60
466 50
454 66
469 197
473 179
476 34
455 65
468 48
382 114
466 192
434 82
429 89
437 65
467 47
460 30
465 29
433 59
435 77
472 176
452 70
425 87
382 116
428 87
435 60
381 114
460 29
429 88
379 114
438 65
431 86
468 199
452 69
434 81
467 48
463 38
425 86
478 173
472 175
433 84
434 77
378 113
436 61
473 180
467 200
426 87
469 198
464 27
466 49
476 33
427 52
461 28
427 88
466 29
465 192
433 58
474 181
464 41
464 191
437 64
475 34
444 95
478 171
445 96
454 65
461 46
465 40
473 188
382 115
474 187
428 53
474 33
428 52
435 59
434 80
381 113
460 28
435 57
444 96
427 51
431 85
451 69
473 181
427 47
432 84
462 46
472 174
434 58
468 198
478 172
464 26
428 46
465 191
437 61
462 38
466 28
453 65
476 32
439 65
434 78
383 115
464 40
463 39
427 87
477 171
466 48
461 47
438 64
461 27
379 113
452 68
467 199
434 56
430 46
426 86
465 27
475 33
473 187
429 87
430 47
444 97
428 85
443 96
463 40
428 51
434 55
435 58
379 112
452 65
435 56
460 27
465 26
465 190
475 32
472 173
433 56
427 48
429 86
431 84
434 79
474 183
443 98
467 198
462 47
427 86
436 57
477 172
466 27
461 38
429 52
438 63
465 48
473 186
427 50
476 31
451 68
429 46
384 115
380 113
428 47
437 62
439 64
473 182
473 174
464 48
430 84
428 84
379 111
473 183
429 47
427 49
462 40
466 26
426 84
433 79
466 196
459 27
472 186
473 185
452 66
428 48
463 47
442 98
439 63
462 48
461 39
436 58
441 95
467 197
438 62
464 24
429 85
475 31
380 112
436 56
472 172
465 189
473 173
451 67
428 50
427 85
430 52
476 172
443 97
460 38
474 184
433 55
385 115
465 188
465 196
461 40
467 188
430 53
473 172
466 197
437 56
428 49
437 58
440 95
459 38
429 84
379 110
459 26
450 67
380 111
451 66
474 173
427 84
475 172
465 24
432 79
426 83
464 23
439 62
466 25
432 55
442 97
460 39
430 83
441 96
382 111
428 83
431 54
463 48
472 185
472 171
386 115
475 30
468 187
473 184
429 48
392 114
465 197
458 26
440 96
429 49
466 188
450 66
464 196
381 111
429 83
427 83
467 25
471 185
466 24
432 78
383 111
438 58
460 40
473 171
432 54
459 25
432 80
463 49
382 110
431 77
475 171
475 29
472 184
467 187
474 172
459 39
468 186
438 56
387 115
465 23
379 109
431 53
441 97
440 62
441 100
430 49
391 114
381 110
470 185
450 65
439 56
471 184
384 111
467 24
429 82
458 25
467 186
466 187
431 80
375 102
475 28
380 109
463 50
427 82
474 171
375 104
382 109
466 23
440 97
468 25
465 198
464 197
430 77
388 115
460 25
475 170
438 59
432 53
440 61
459 40
387 114
379 108
431 78
392 113
440 56
380 108
468 24
431 49
429 81
390 114
392 112
474 28
388 114
432 52
466 186
474 170
441 99
439 97
431 51
430 80
375 101
458 40
458 24
375 103
382 108
467 185
427 81
376 104
440 100
464 198
467 23
470 184
449 65
469 185
385 111
475 169
430 78
439 59
440 58
462 50
460 24
430 50
440 60
389 115
381 109
466 185
458 23
462 51
376 103
376 101
457 40
441 56
440 57
474 169
431 50
475 168
469 184
390 113
377 102
439 98
389 114
440 99
436 95
382 107
449 64
440 59
465 186
391 112
474 27
386 111
467 184
440 55
430 79
428 81
468 23
460 23
377 104
437 96
439 100
444 63
464 199
432 51
388 113
462 181
381 108
437 97
463 199
388 112
469 23
474 26
384 106
469 183
438 98
463 183
462 182
461 51
470 24
449 63
465 185
471 25
385 107
435 95
441 57
383 107
461 181
390 112
472 26
445 63
380 106
444 62
428 80
439 99
456 18
377 101
436 96
429 79
441 55
377 103
386 110
464 184
466 184
441 59
457 41
432 50
459 23
389 113
379 105
474 168
381 107
442 60
445 62
389 112
463 184
459 22
457 18
470 23
456 41
458 21
378 103
437 100
433 50
385 106
473 26
464 185
461 182
465 184
457 42
428 79
444 61
379 104
384 105
386 107
471 24
464 183
443 60
387 110
474 167
468 183
434 95
442 57
441 54
378 101
436 97
380 105
435 52
472 25
381 106
438 99
442 59
462 183
383 106
460 51
456 19
462 199
449 62
379 101
460 50
459 21
461 183
385 105
474 166
383 105
436 100
473 25
437 99
457 19
458 20
448 62
435 51
441 53
468 182
381 105
461 199
436 98
458 18
465 183
389 107
445 61
436 52
463 185
472 24
380 104
456 42
387 107
443 59
471 23
442 58
428 78
389 111
434 96
379 103
434 50
388 110
432 95
460 49
383 104
389 110
387 106
462 185
388 107
386 105
465 182
437 46
435 98
380 101
445 60
473 24
428 75
459 18
381 104
382 105
471 22
441 104
447 62
380 103
435 50
459 20
461 200
441 52
427 78
458 19
436 47
436 99
443 58
389 106
473 166
437 52
435 48
456 43
433 96
468 181
446 61
461 184
444 59
444 58
438 46
437 47
388 106
461 187
445 59
461 185
398 100
461 201
387 105
436 48
441 105
473 23
433 97
440 104
428 76
427 77
427 75
459 47
459 19
380 102
440 52
468 180
435 49
435 99
432 96
460 48
472 166
455 43
465 181
456 44
447 61
472 22
437 51
431 95
390 110
382 104
442 104
381 103
432 97
466 181
390 103
460 187
460 201
442 105
431 96
437 50
455 44
456 45
445 58
458 47
447 60
382 103
474 23
446 59
381 102
439 104
437 48
434 99
459 48
427 76
438 47
388 105
387 104
439 52
467 180
436 49
397 100
460 19
391 110
473 22
444 57
459 188
389 104
441 106
461 186
398 101
438 51
457 46
472 167
460 186
439 105
443 105
390 102
446 58
437 49
467 179
397 99
458 188
457 47
391 103
462 20
440 106
439 47
391 109
448 60
396 100
438 104
426 76
441 107
432 98
460 202
456 46
433 99
438 48
442 106
447 59
455 45
471 167
445 57
382 102
390 104
461 19
431 97
474 22
439 51
459 187
388 104
466 180
458 48
436 104
397 101
434 100
430 97
439 106
437 104
445 106
440 107
388 103
460 203
391 104
461 18
457 48
462 17
459 186
438 105
455 46
392 109
439 48
389 102
436 105
456 53
396 101
457 188
463 20
474 21
397 102
390 101
462 19
392 103
433 100
444 105
445 56
471 168
435 106
448 59
456 47
434 107
443 106
391 108
382 101
396 99
456 51
398 103
425 76
438 49
439 50
466 179
447 58
432 99
392 104
424 80
455 47
463 19
434 108
397 103
439 49
425 77
469 167
395 99
456 52
459 203
392 108
398 104
462 16
458 186
474 20
391 101
471 169
463 177
444 106
429 97
446 108
456 50
443 107
436 106
445 107
465 179
388 102
396 102
448 58
470 168
456 48
455 51
459 185
440 48
430 98
424 76
434 104
390 100
392 102
460 204
383 101
432 100
431 99
437 105
446 56
439 107
435 107
455 53
462 18
463 17
457 187
463 16
424 77
388 101
391 100
460 205
455 52
392 107
439 108
433 104
397 104
445 108
459 204
392 101
446 55
423 80
437 106
395 98
464 177
432 101
463 18
456 49
449 58
444 107
473 20
465 178
470 169
463 176
429 98
457 186
393 104
469 168
396 103
435 108
438 107
430 99
440 49
434 105
384 101
389 100
468 167
446 109
458 185
455 48
424 79
396 104
449 57
394 98
473 19
457 185
441 49
423 79
464 18
433 105
460 206
454 50
392 100
391 99
431 101
388 100
465 177
467 177
430 100
432 104
395 97
469 169
394 104
459 205
468 168
436 108
464 176
437 107
445 109
464 16
447 55
393 105
438 108
470 170
455 49
424 78
435 109
393 107
444 108
384 100
429 99
454 52
385 100
428 99
468 169
466 177
470 173
431 102
442 49
423 78
471 20
443 52
455 184
457 208
472 17
448 55
445 110
436 109
466 19
447 54
458 207
392 99
452 51
394 105
430 101
473 18
459 206
449 56
465 176
387 100
467 176
453 50
432 105
472 19
388 99
422 79
394 95
422 99
444 109
395 96
465 16
454 49
394 97
457 184
469 170
453 52
465 18
437 108
396 105
450 55
421 100
393 106
430 105
456 208
453 49
393 97
452 52
443 51
471 17
395 105
442 48
468 170
456 184
392 98
436 110
432 106
448 54
452 50
450 54
466 176
470 172
467 175
465 15
470 20
467 19
458 206
449 55
451 51
421 101
457 207
430 102
472 18
465 175
444 52
442 50
429 101
455 181
423 99
427 99
444 110
431 105
437 109
443 109
393 95
455 183
394 106
422 78
394 96
430 104
445 111
386 100
469 171
430 106
387 99
422 100
471 19
466 18
469 173
467 174
457 206
430 103
470 19
431 106
437 110
393 96
450 53
444 51
456 181
466 15
468 171
427 100
456 207
468 19
428 101
421 102
387 96
430 107
421 78
456 183
471 18
442 109
443 48
466 175
429 104
451 52
423 100
469 172
392 97
467 18
455 182
395 106
444 111
429 102
386 99
449 54
452 49
443 50
395 107
429 103
437 111
392 96
468 172
424 100
468 18
457 205
444 48
450 52
421 77
387 97
442 110
386 98
466 174
422 102
456 182
386 96
444 50
420 78
428 102
456 206
443 111
470 18
431 107
449 53
451 49
430 108
427 101
444 112
421 103
423 101
467 17
467 15
445 50
453 206
421 76
426 101
466 173
391 96
386 97
467 172
428 103
444 49
424 101
441 110
442 111
469 18
450 49
444 113
396 107
457 182
456 205
385 98
449 52
431 108
423 102
444 47
419 78
422 103
467 16
438 111
404 94
424 102
442 112
422 104
446 50
452 206
421 75
438 112
449 51
444 46
397 107
440 110
425 101
385 97
427 103
441 111
455 205
443 113
431 109
420 76
468 16
450 50
391 95
453 205
384 98
419 77
403 95
458 182
444 114
456 204
469 17
466 172
445 49
426 102
455 204
465 170
420 75
402 95
425 102
384 97
391 94
403 94
456 159
465 172
424 103
449 50
442 113
426 103
422 105
454 161
443 114
452 205
397 108
458 181
431 110
419 76
404 93
423 104
441 112
469 16
458 159
439 112
398 107
446 49
393 92
448 51
444 45
440 111
454 205
447 50
403 93
458 160
384 96
465 171
464 170
448 50
455 161
456 160
419 75
393 91
454 204
404 92
425 103
452 204
455 163
457 179
432 110
402 94
458 180
457 159
390 94
399 107
454 162
430 112
398 108
445 45
423 105
392 92
440 112
455 203
397 109
418 76
442 114
470 16
446 48
403 92
446 47
402 93
392 91
448 49
447 48
397 110
431 112
456 161
391 92
424 105
399 108
464 171
441 114
432 111
419 74
390 93
458 179
393 90
455 162
454 203
455 164
446 45
451 164
457 160
418 75
452 203
457 178
440 113
470 15
425 104
430 113
384 95
404 91
458 161
454 164
447 45
446 46
458 178
451 165
417 75
463 171
440 114
402 92
392 88
430 114
447 47
459 177
418 74
432 112
456 162
390 92
404 90
457 161
399 109
448 48
425 105
398 110
453 203
389 93
452 164
392 90
384 94
470 14
390 79
450 47
459 176
390 91
432 113
392 89
454 165
457 162
431 114
451 46
471 14
470 13
453 202
458 177
439 114
403 90
417 74
440 115
389 92
449 48
399 110
448 47
453 164
462 171
384 93
425 106
391 88
391 90
447 46
401 92
452 165
472 13
433 113
389 91
439 115
432 114
452 46
457 163
400 110
458 176
453 201
470 12
390 80
472 12
425 107
403 89
449 47
448 46
453 165
401 91
438 114
431 115
450 46
391 89
402 90
399 111
416 74
462 170
454 200
389 79
385 93
471 13
416 73
425 108
452 45
385 92
386 93
413 72
390 89
400 111
454 199
458 165
452 199
387 92
386 83
462 167
389 80
388 81
384 83
438 115
461 170
389 90
433 114
453 166
457 176
414 73
388 91
471 12
453 200
401 110
402 89
390 81
401 90
472 11
431 116
449 46
428 107
457 164
434 114
402 88
387 83
432 118
387 91
427 107
472 10
389 81
454 198
437 115
449 45
433 115
438 116
388 90
428 108
401 111
415 73
425 109
384 84
461 169
471 11
439 117
461 167
452 198
426 108
453 167
413 71
414 72
389 89
386 92
457 165
453 199
458 166
456 176
462 168
388 84
385 83
400 90
452 44
388 82
431 117
415 72
426 109
388 83
456 165
402 111
453 198
461 168
471 10
434 115
385 84
389 82
436 115
452 197
386 91
460 167
457 166
401 88
449 44
459 166
454 167
387 90
458 167
438 117
388 89
389 84
400 89
439 118
452 43
427 108
455 176
433 118
414 71
455 166
432 117
387 89
460 168
397 89
385 85
416 70
402 112
389 83
414 70
459 167
437 117
386 90
455 167
436 116
433 117
455 177
438 118
435 115
386 86
449 43
400 88
451 43
472 6
415 71
427 109
456 166
453 197
471 9
454 177
456 167
391 84
397 88
415 70
399 88
386 87
417 70
427 110
472 7
435 116
450 43
398 89
434 117
386 89
436 117
471 6
390 83
385 86
471 8
385 90
402 113
414 69
437 118
400 87
459 168
453 196
417 69
386 88
384 90
391 83
471 7
453 177
451 179
459 169
401 113
399 87
436 118
385 89
398 88
415 69
453 195
414 68
396 88
418 68
392 84
469 5
456 168
385 87
418 66
427 111
450 42
435 117
393 84
470 7
468 5
449 178
435 118
451 40
469 8
453 194
454 195
384 89
452 177
451 178
383 90
401 114
450 41
428 111
418 65
436 119
399 86
457 168
458 169
450 179
385 88
396 87
391 82
426 113
418 67
415 68
437 122
457 172
417 68
469 6
392 83
398 87
455 193
393 83
452 36
427 113
417 67
398 86
468 8
415 67
457 169
469 7
392 82
468 6
400 114
454 194
437 123
418 64
451 39
383 89
435 119
396 86
436 122
452 38
457 171
450 40
450 178
426 114
449 177
456 172
384 88
428 112
452 176
449 176
457 170
450 39
468 7
383 88
449 40
416 67
436 123
435 120
400 115
467 6
451 176
452 175
451 38
452 37
455 172
454 193
456 193
382 89
396 85
446 41
427 114
398 85
450 177
451 36
437 124
393 82
428 113
417 64
435 125
447 41
394 82
416 66
451 37
398 84
446 40
454 192
435 123
396 84
450 38
466 8
382 88
400 116
436 124
467 7
448 176
455 171
448 40
434 120
454 172
449 39
428 114
456 192
447 175
446 174
456 170
453 173
451 175
450 176
416 64
452 173
433 120
435 124
431 128
397 84
454 171
465 8
450 37
394 81
428 115
431 130
449 38
396 83
450 175
446 173
447 174
453 172
400 117
466 7
447 40
382 87
448 175
455 170
416 65
454 191
456 191
434 125
434 123
448 174
449 37
447 173
434 124
452 172
415 65
433 121
454 170
456 190
448 38
431 129
455 191
395 81
381 87
430 130
450 174
429 115
397 83
396 82
430 128
401 117
447 39
465 7
453 171
434 122
453 170
433 122
402 117
429 116
451 172
447 38
432 121
397 82
396 81
429 130
448 173
448 37
414 65
462 7
455 190
380 87
455 188
432 125
450 173
381 86
464 7
430 129
433 124
448 172
380 86
446 38
432 122
432 124
461 5
452 170
463 7
461 7
429 117
428 130
413 65
462 6
402 116
431 121
378 86
455 187
414 64
455 189
448 34
451 171
431 125
450 172
429 129
448 36
397 81
446 37
379 86
431 124
449 172
460 5
402 115
450 171
454 189
448 171
414 63
413 64
429 126
447 34
451 170
429 118
398 81
463 8
448 35
461 6
455 186
427 130
428 129
431 122
378 85
429 127
399 81
460 6
453 189
412 62
429 119
431 123
397 77
447 35
413 63
446 36
412 64
454 186
428 128
429 125
427 129
450 170
379 85
414 62
448 170
455 31
464 10
457 5
449 171
403 115
430 124
463 9
397 78
446 35
403 114
428 119
398 77
454 185
427 128
444 35
458 5
411 62
450 169
398 79
428 127
430 123
452 189
454 31
464 11
459 6
455 30
412 63
453 188
453 186
429 124
457 6
399 80
379 84
413 62
463 10
449 170
449 189
379 83
460 8
459 7
449 169
452 188
454 30
404 114
458 6
429 123
463 11
451 189
453 185
413 61
411 63
444 34
412 60
399 77
455 29
427 119
453 187
427 127
445 35
398 78
399 79
428 120
428 124
449 188
459 8
426 127
445 34
452 185
427 120
427 126
455 28
399 78
400 77
412 69
462 11
379 82
413 60
452 187
460 9
449 168
461 14
429 122
458 7
404 113
453 30
405 114
410 63
451 188
412 59
444 33
450 189
428 123
425 127
411 69
428 122
379 81
445 33
413 59
460 14
450 182
411 65
450 188
427 125
454 28
410 64
400 78
453 29
427 121
405 113
461 11
461 15
451 187
449 167
414 60
456 26
451 31
451 185
401 81
412 70
452 184
454 26
458 8
459 9
411 68
434 149
425 126
402 81
431 148
453 28
401 78
426 125
446 33
454 25
403 82
459 14
422 129
457 8
456 25
407 78
405 112
455 26
414 59
448 181
454 27
448 167
401 80
411 66
460 13
459 10
451 184
411 78
450 187
411 70
447 166
460 15
456 7
417 54
449 182
451 186
410 65
380 81
450 31
450 183
427 122
461 12
451 30
408 78
450 30
452 28
407 79
416 54
448 182
401 79
450 184
447 181
459 13
411 71
417 53
408 112
449 185
455 7
434 150
421 129
446 32
424 126
433 149
410 78
447 167
431 149
403 81
456 8
450 186
451 29
422 128
453 27
445 31
425 125
402 78
426 124
406 112
459 11
410 70
426 122
411 67
460 16
405 81
455 25
402 80
460 12
380 80
432 148
411 77
449 31
404 82
446 166
410 66
414 58
451 28
459 12
408 113
455 8
449 186
416 53
421 128
458 13
380 79
445 30
459 16
423 126
402 79
446 181
444 31
405 80
410 71
434 151
447 32
446 31
446 167
408 63
414 57
447 182
409 78
450 29
403 80
433 150
407 112
449 26
425 124
410 67
425 122
456 9
410 77
414 53
455 24
426 123
422 127
432 149
448 185
406 79
450 27
445 168
415 54
411 76
404 81
448 31
449 30
452 27
449 184
458 12
455 9
408 114
450 26
405 79
434 152
409 77
433 151
425 123
458 16
407 63
424 122
447 31
444 30
445 167
449 27
453 11
414 54
452 26
410 76
424 124
446 188
432 150
409 71
455 23
414 56
408 72
454 10
422 126
444 168
415 53
448 186
407 113
403 79
408 64
448 30
421 127
411 75
448 184
409 67
447 183
450 28
379 79
446 182
404 80
413 54
447 184
406 63
444 29
410 75
408 67
379 78
453 10
445 188
424 123
447 186
434 153
423 124
446 185
445 182
407 64
409 76
419 120
415 52
451 26
458 15
457 12
454 9
432 151
447 30
414 55
454 11
421 126
448 29
444 167
413 56
409 72
408 71
407 114
409 114
446 187
449 28
404 79
453 24
446 183
454 23
443 168
410 73
451 5
409 73
421 125
446 186
431 151
409 75
410 116
455 11
443 167
454 12
433 153
423 123
421 121
422 124
433 155
434 154
408 66
407 115
409 115
406 64
447 29
419 121
444 28
404 78
408 70
457 15
453 9
415 51
410 74
456 12
407 65
411 117
445 183
452 24
446 184
378 78
420 120
453 23
413 55
407 67
454 22
444 188
451 25
412 56
448 28
411 118
377 78
445 184
454 13
442 167
415 50
432 155
420 121
406 65
451 24
407 116
431 152
455 12
447 28
409 116
404 77
456 13
407 66
421 124
453 22
411 56
375 78
430 151
400 59
452 9
444 27
457 14
434 155
409 74
452 23
450 5
432 153
444 187
407 70
445 186
416 51
431 156
451 6
422 123
412 55
410 117
421 122
405 64
444 183
435 154
444 186
456 14
430 152
444 184
452 20
435 155
411 119
439 167
376 78
431 153
451 9
432 156
399 59
411 55
408 74
410 118
418 50
434 156
444 26
375 77
449 5
453 21
452 22
406 66
421 123
408 116
442 166
440 168
400 60
447 27
451 23
405 77
432 154
405 65
416 50
455 13
451 7
407 117
407 69
431 155
420 122
408 117
443 186
446 27
430 155
436 155
455 14
407 74
435 156
451 8
451 20
440 167
439 168
410 119
441 166
418 49
449 6
410 55
376 77
405 66
445 26
406 69
417 50
405 76
430 153
452 21
400 61
438 167
432 157
448 5
399 60
444 185
431 154
420 123
451 22
405 69
419 123
409 119
406 68
448 6
436 156
418 48
443 185
410 54
405 67
450 22
432 158
405 75
430 154
446 26
398 60
439 169
451 21
376 76
449 9
399 61
450 8
455 15
440 166
408 118
438 168
406 74
426 152
409 55
417 49
449 7
425 151
449 8
426 151
448 7
377 76
405 68
427 150
440 165
428 153
439 164
431 158
408 119
429 154
405 74
396 61
454 15
442 185
407 54
397 60
404 69
417 48
448 9
418 123
436 157
438 169
450 21
409 54
398 61
417 122
425 150
426 153
446 25
427 152
403 69
409 53
408 54
417 47
405 73
438 170
453 15
438 164
427 149
442 184
426 150
396 62
446 24
408 120
436 158
449 21
378 76
427 153
416 122
404 68
407 53
428 154
448 8
407 119
439 165
430 158
397 61
417 123
404 73
404 71
440 171
417 46
407 120
452 15
446 23
436 159
396 63
409 52
426 149
416 47
403 68
407 52
416 123
429 158
427 154
430 157
438 171
397 62
428 155
438 165
447 8
435 158
441 184
408 53
448 21
379 76
404 72
408 52
445 23
415 123
399 63
441 183
440 172
416 46
449 13
434 158
448 14
397 63
439 171
448 20
427 155
407 121
428 156
436 160
426 148
437 165
400 64
441 173
446 8
428 158
429 157
407 51
451 15
438 172
379 75
403 73
403 71
403 67
402 68
401 70
416 45
441 182
448 13
426 147
434 159
439 172
449 14
441 174
415 46
435 160
403 72
427 156
380 75
402 67
440 173
397 64
416 125
398 63
446 9
402 73
440 183
416 127
399 64
415 124
427 146
414 47
447 20
449 12
426 155
398 125
414 49
428 157
400 65
406 51
408 51
436 165
445 22
450 15
406 121
413 47
399 65
450 16
427 145
400 124
399 125
414 124
415 127
415 45
416 44
434 160
440 0
398 64
414 48
426 158
448 12
427 157
402 72
444 22
446 10
381 75
401 67
400 70
439 173
449 15
406 122
401 71
408 50
440 174
413 49
405 51
397 65
445 21
414 46
415 125
398 126
426 146
440 182
436 164
447 19
436 162
425 155
440 4
416 126
436 163
400 127
424 155
448 17
413 48
399 70
446 11
447 18
401 72
415 126
440 5
426 157
433 160
445 20
401 124
414 125
409 50
424 143
447 12
426 145
400 125
425 144
442 5
439 0
414 45
399 66
425 158
404 51
381 74
415 44
404 123
439 174
399 126
441 4
412 47
444 21
435 162
398 65
406 123
440 181
449 16
400 67
446 19
400 71
440 1
381 73
412 48
446 18
447 17
398 66
425 157
433 161
401 127
401 125
424 144
434 162
439 1
439 181
399 67
400 126
442 6
425 145
398 70
404 124
438 174
444 20
407 125
424 156
414 44
410 50
406 124
411 49
400 72
423 143
404 52
417 137
440 2
414 126
448 16
445 11
399 71
441 5
418 136
435 163
405 123
446 12
403 52
424 145
380 73
439 2
445 18
409 48
422 143
423 144
424 157
432 161
410 49
405 124
446 17
441 6
447 16
445 12
406 125
444 19
416 137
434 163
413 126
413 44
411 48
445 14
417 136
399 72
444 11
418 135
446 13
408 125
438 181
398 71
398 67
401 126
442 7
438 175
381 72
407 126
415 208
402 125
437 1
422 144
442 8
406 126
444 18
423 145
377 69
415 209
416 136
445 15
414 208
410 48
415 137
398 72
402 52
406 230
438 180
441 7
438 176
409 47
439 3
443 9
412 126
437 181
398 68
423 157
438 2
445 13
402 126
417 135
444 10
431 161
380 72
405 125
416 210
409 125
397 67
403 125
445 17
433 163
446 16
437 177
432 162
412 44
417 210
416 135
411 46
414 137
412 45
413 208
412 127
422 157
443 10
378 69
416 211
402 51
436 1
415 138
415 212
444 15
415 210
445 16
442 9
431 162
410 47
438 3
432 163
405 126
397 68
407 230
422 145
409 126
437 178
437 176
436 177
397 72
376 69
444 17
437 2
380 71
441 8
423 158
406 229
403 126
423 212
436 181
437 180
444 13
414 210
413 209
423 159
415 135
396 72
411 45
415 211
380 70
436 2
415 139
431 163
422 156
412 128
436 180
376 68
426 0
405 127
401 51
407 229
409 127
397 69
436 176
404 126
423 211
410 210
437 3
379 69
375 67
414 212
437 179
442 10
403 127
410 46
414 136
422 158
441 9
406 228
430 162
381 69
443 13
444 16
421 145
422 212
435 1
402 50
418 210
407 228
435 176
409 128
396 69
442 11
381 68
423 210
416 159
375 66
420 147
426 1
419 210
441 10
421 156
420 211
376 67
436 179
403 50
380 69
396 71
422 159
428 1
435 180
418 159
424 1
443 12
406 227
420 157
435 2
410 45
401 50
427 0
420 145
430 163
443 16
414 211
411 128
411 210
436 3
434 1
409 210
408 129
404 127
422 211
416 139
421 158
418 209
413 210
414 135
419 147
412 210
403 49
421 159
417 139
424 2
433 1
434 2
409 129
373 55
429 163
411 211
406 226
429 1
441 11
419 209
419 145
434 180
416 158
396 70
408 130
421 155
419 157
404 128
418 158
418 140
407 227
420 156
435 3
419 143
421 211
434 176
407 129
417 159
410 128
376 66
407 131
420 210
413 135
435 179
401 49
422 210
420 146
442 12
375 65
409 211
380 68
413 211
409 45
420 148
425 1
421 153
427 1
442 16
412 211
373 56
430 1
420 209
419 148
428 163
435 4
409 212
418 157
413 134
420 155
428 183
434 177
376 65
408 131
407 130
441 16
421 210
411 212
409 44
420 153
406 225
441 12
418 143
416 157
421 152
442 15
423 2
418 141
410 129
421 160
417 158
406 223
408 45
395 70
374 55
409 130
435 178
417 140
434 179
419 142
418 147
419 156
419 146
404 129
425 2
404 49
427 2
408 227
380 67
401 48
424 3
433 2
426 162
428 164
410 130
422 4
401 47
425 3
441 13
408 44
408 132
394 70
419 155
418 156
376 64
421 161
404 48
405 129
419 153
412 212
374 56
416 156
429 183
409 213
405 225
418 146
409 43
427 3
427 163
405 133
431 181
432 176
407 225
423 3
417 157
413 133
434 4
427 183
430 182
418 142
434 178
433 177
433 3
430 2
420 154
379 67
422 208
421 209
407 223
441 15
420 152
406 224
417 141
420 208
377 65
406 130
432 2
375 55
409 227
418 148
400 46
426 4
432 3
417 156
422 207
412 213
421 208
409 226
426 5
416 141
375 56
423 4
407 44
408 223
417 146
418 155
378 65
421 162
430 181
417 142
401 46
419 154
431 2
426 183
422 5
418 153
379 66
428 3
409 132
394 69
407 224
427 4
412 133
393 70
441 14
405 224
433 178
425 4
408 43
404 47
405 132
434 5
425 162
420 151
419 152
418 149
429 182
410 213
431 176
377 64
431 180
410 131
427 164
404 133
405 130
426 163
402 225
432 177
400 45
421 207
427 5
416 142
418 152
431 3
424 162
426 182
401 225
417 155
394 68
423 5
409 225
404 132
432 178
377 63
378 64
404 224
403 225
410 132
431 177
408 224
432 4
404 46
431 179
417 153
418 150
402 46
434 6
375 57
429 181
425 163
440 14
405 45
405 131
379 65
439 15
401 45
425 5
428 4
412 214
407 43
417 149
393 69
419 151
417 145
410 214
433 5
422 162
376 56
418 154
426 164
411 133
422 206
430 180
427 165
402 45
403 224
392 69
423 162
426 181
378 63
416 145
430 179
404 131
399 222
418 151
436 9
411 214
426 165
380 65
404 223
413 222
429 4
424 163
428 181
428 5
406 43
404 45
424 5
417 150
416 143
375 58
438 15
417 154
423 6
410 133
422 205
405 44
417 152
407 42
394 67
401 224
421 206
433 6
409 224
411 224
376 57
431 178
439 14
400 223
377 62
410 215
431 4
425 164
399 221
412 222
410 224
435 9
378 62
406 42
376 58
427 181
425 165
401 223
416 152
411 223
416 144
420 206
436 12
417 151
410 134
393 67
403 131
411 215
404 44
413 221
402 44
381 65
404 222
424 6
416 154
415 155
438 14
430 174
428 6
424 164
421 205
430 4
431 5
400 222
430 178
398 132
427 23
405 43
392 68
432 6
415 143
416 150
423 163
436 10
403 223
414 220
412 217
405 42
423 164
415 144
425 166
415 150
413 220
429 6
427 180
392 67
377 60
430 5
404 43
429 178
428 7
411 222
430 173
378 61
415 154
424 165
414 143
404 221
429 176
427 22
424 7
428 175
428 21
402 131
399 220
431 6
409 134
382 65
399 132
435 12
414 219
377 58
376 59
410 135
420 205
436 11
402 43
398 133
402 223
403 44
416 151
412 221
429 174
379 62
426 23
434 9
410 223
435 10
411 216
414 155
437 14
393 66
401 222
429 7
414 146
393 65
403 43
436 14
422 164
402 222
410 222
401 221
427 179
403 35
428 8
415 151
378 60
409 135
428 176
398 134
383 65
429 177
412 220
428 174
428 178
434 10
428 20
402 42
392 66
434 12
430 6
424 8
424 166
429 173
412 218
399 133
402 132
426 22
400 220
423 165
420 204
421 165
408 134
435 11
403 221
404 42
427 21
377 59
379 61
411 217
413 219
415 153
414 154
414 144
429 21
428 173
423 166
421 166
427 176
379 60
424 9
420 203
428 177
413 146
427 178
402 133
426 21
403 42
378 59
422 165
431 8
435 16
419 204
393 64
402 221
434 11
410 217
398 135
414 153
412 219
384 65
414 151
423 8
407 134
427 174
409 222
400 219
414 145
392 65
430 7
433 10
436 15
429 20
408 135
424 167
404 35
429 8
400 133
403 36
394 63
411 220
400 134
418 204
433 11
430 8
407 135
390 66
394 62
427 173
412 144
427 177
413 153
404 36
403 41
405 35
421 167
414 152
409 221
409 217
410 218
399 135
392 64
413 145
424 168
384 64
429 19
410 220
426 178
432 10
403 39
430 20
406 134
393 63
419 203
434 16
402 220
379 59
401 219
422 166
426 20
385 65
431 9
411 219
391 65
435 15
402 134
423 9
429 18
410 219
413 152
430 19
406 135
402 219
404 37
409 218
419 202
392 63
412 145
432 11
418 203
422 167
411 144
405 36
380 59
393 60
379 56
431 10
433 16
404 39
427 172
401 134
430 9
426 177
403 40
434 15
408 221
409 220
403 38
425 178
426 19
412 153
385 64
402 217
379 58
400 135
390 65
393 62
423 168
389 66
423 10
386 64
418 202
389 65
379 57
402 218
404 38
405 135
422 168
423 169
400 136
404 40
401 135
403 217
433 15
417 203
405 37
393 61
409 219
412 152
431 11
432 12
392 62
380 56
392 60
426 18
430 18
430 10
425 177
403 219
426 172
380 58
411 145
423 11
407 221
431 13
416 204
430 17
410 145
424 11
405 38
404 135
431 12
422 169
431 16
403 218
429 10
426 17
389 64
431 14
411 152
408 219
417 202
416 203
380 57
415 204
411 150
387 64
381 58
407 220
388 65
400 137
432 15
392 61
405 136
401 136
425 172
424 177
405 40
421 169
410 150
390 62
405 137
410 152
407 219
411 151
381 57
388 64
406 40
406 220
424 172
391 61
431 15
416 202
427 17
429 11
404 218
406 138
382 58
426 10
430 12
409 145
406 38
430 16
414 204
404 136
425 11
402 136
424 176
401 137
430 14
403 135
422 171
389 62
405 138
390 61
430 15
424 175
406 219
388 63
429 12
408 149
406 139
410 151
401 138
409 146
423 172
405 218
413 204
407 218
427 16
404 137
426 11
409 152
407 40
406 39
416 201
428 11
382 57
415 202
429 16
403 136
427 10
421 170
382 56
414 202
421 171
394 218
395 219
404 138
423 173
427 11
428 12
407 39
409 151
403 137
428 16
406 218
426 12
408 40
388 62
405 139
429 15
415 201
420 170
412 204
408 148
407 149
409 147
402 138
389 61
408 146
423 175
422 172
408 150
419 171
419 172
413 202
405 140
428 15
407 146
395 218
421 172
412 203
408 151
394 217
420 171
406 217
423 174
408 39
414 201
406 149
427 12
382 55
388 61
403 138
408 147
396 219
427 13
414 200
405 141
407 151
395 217
412 202
396 218
409 39
406 148
403 139
420 172
397 219
428 14
387 61
406 216
422 174
407 147
382 54
414 199
421 174
404 141
382 53
427 14
398 219
397 218
395 216
413 200
403 140
412 201
396 217
404 215
407 152
405 148
420 173
410 39
406 147
406 215
387 60
406 143
412 200
409 37
411 201
395 215
397 217
414 198
406 152
410 38
405 147
402 140
406 144
398 218
426 14
420 174
405 215
411 199
403 141
387 59
406 214
404 214
383 53
403 215
405 143
421 175
404 142
413 198
409 36
408 37
384 53
398 217
395 214
402 143
403 142
420 175
387 58
412 199
410 201
406 145
393 212
402 141
403 212
399 218
405 144
405 152
410 37
405 214
405 146
425 14
411 200
402 215
406 213
410 200
398 216
402 142
419 177
402 214
395 213
404 152
400 216
408 36
402 212
412 198
425 13
393 211
420 176
405 145
394 212
404 212
403 143
401 141
386 58
405 213
406 212
384 52
410 36
399 217
400 215
403 152
424 13
419 176
401 142
403 144
399 216
385 52
418 177
394 211
407 36
409 200
401 214
410 35
385 58
404 145
401 212
395 212
406 211
384 57
404 151
405 212
412 197
384 56
410 34
395 211
403 147
408 198
418 176
403 151
411 197
407 201
386 52
399 215
396 212
385 57
410 198
407 207
406 206
401 213
400 214
408 206
405 211
423 13
406 210
403 145
400 142
407 35
402 152
409 199
397 212
420 17
408 205
387 52
385 56
417 176
410 197
400 213
395 210
407 34
409 198
399 214
396 211
407 206
408 199
407 200
409 34
402 151
422 13
406 207
406 201
400 143
402 147
405 210
401 144
408 203
407 202
418 175
416 17
403 146
416 16
388 52
396 210
397 211
408 34
399 213
405 201
402 146
407 205
406 208
402 198
409 197
408 204
421 13
417 175
401 145
400 144
401 151
422 14
420 16
407 199
417 17
419 17
405 207
398 212
407 203
387 53
405 209
386 56
421 15
398 211
417 174
401 146
400 145
405 208
402 197
409 196
408 33
396 209
403 198
389 52
406 203
386 55
399 144
399 212
420 13
405 200
421 14
417 16
407 204
388 53
418 17
401 150
420 15
406 199
402 195
419 16
387 54
400 150
400 146
404 208
416 174
420 14
402 196
398 210
408 32
406 198
396 208
399 211
408 196
407 197
403 195
405 203
399 145
389 53
403 197
418 16
397 209
387 55
406 204
398 144
405 199
404 198
405 198
409 32
388 55
410 31
399 210
398 145
417 170
419 14
400 149
403 196
389 54
416 169
406 197
403 208
402 209
407 196
399 146
418 15
399 148
398 209
405 204
399 150
408 189
416 173
397 208
400 147
413 28
397 151
406 196
397 207
390 56
398 208
398 150
396 206
399 209
416 170
407 189
415 173
415 169
389 55
417 171
403 207
411 181
399 149
401 209
402 208
404 196
410 30
408 188
418 14
405 197
398 146
397 145
413 27
399 147
409 31
411 29
412 28
404 204
413 26
415 172
411 28
411 180
407 188
411 182
410 183
416 171
405 196
396 205
397 204
390 55
407 178
398 149
397 150
415 170
412 27
409 30
398 147
397 206
409 184
403 204
414 173
399 208
403 206
406 189
410 29
418 13
401 208
402 207
391 56
406 195
396 151
396 145
398 207
401 207
402 204
402 206
405 195
396 150
415 171
398 204
397 147
392 52
398 206
392 56
409 29
409 183
397 205
414 172
395 145
407 185
399 207
406 178
407 179
411 27
406 190
406 188
417 13
397 149
391 55
410 180
408 184
414 170
412 26
406 194
403 205
410 182
400 208
405 194
400 207
394 145
397 148
407 186
410 27
407 180
406 193
393 52
396 147
417 12
408 29
413 170
406 179
392 53
408 181
409 182
398 205
402 205
405 190
392 55
395 150
406 187
407 184
408 183
401 206
410 179
411 26
414 171
391 54
396 148
401 205
407 29
409 177
402 188
395 149
406 192
408 182
393 145
413 171
405 191
410 178
406 186
405 193
407 183
395 147
417 11
400 206
406 180
412 170
408 28
392 54
393 53
407 181
394 150
403 189
399 205
410 26
402 187
400 205
406 183
405 180
403 190
410 177
405 186
406 181
402 189
395 148
407 182
409 26
404 193
393 150
392 145
409 176
408 27
393 54
411 170
410 25
403 188
412 171
407 28
417 10
405 192
392 146
406 182
394 148
411 21
404 186
400 204
407 27
404 192
410 176
403 187
402 190
410 24
405 181
416 10
411 171
408 26
394 54
393 149
402 186
404 180
403 193
403 191
407 26
401 202
408 25
410 23
393 148
400 203
403 186
411 22
410 21
410 175
404 181
392 147
395 54
405 182
401 190
410 171
392 149
416 9
403 192
408 24
409 21
410 174
409 23
402 192
410 22
392 148
400 202
415 9
403 185
401 191
409 171
404 182
396 54
407 25
401 201
400 177
404 183
391 148
396 53
401 192
409 172
412 9
406 25
409 174
409 22
414 9
400 201
403 184
408 23
410 173
407 24
408 172
392 50
409 173
414 10
406 24
413 9
412 10
403 177
399 201
390 148
400 192
396 52
403 183
391 151
401 177
408 22
400 176
407 22
402 177
407 174
400 175
393 50
407 172
399 200
390 149
402 183
400 193
408 173
413 10
404 177
398 191
399 192
390 151
391 150
398 201
392 49
396 51
405 24
395 51
404 24
406 22
407 173
397 191
400 194
413 11
398 200
405 23
396 50
406 174
399 193
392 48
401 183
393 49
401 175
390 150
402 176
404 176
398 192
399 181
413 12
406 21
395 50
402 175
400 195
398 199
394 49
393 48
406 173
398 181
396 191
389 150
398 193
397 200
400 183
404 23
404 175
399 182
405 173
398 194
409 1
399 183
403 175
387 151
388 150
397 47
394 48
395 49
402 174
403 23
398 182
397 199
393 47
396 48
395 191
405 21
400 196
404 174
412 12
398 195
397 198
395 48
399 196
395 192
404 173
409 2
411 4
403 174
387 152
398 183
404 21
388 151
412 13
403 22
397 46
396 47
408 1
394 47
402 173
403 173
409 5
404 20
387 153
403 21
395 193
398 184
407 1
388 152
396 46
393 185
411 5
398 196
409 3
395 47
397 197
410 4
411 13
403 172
410 13
409 4
402 21
406 1
394 185
404 19
388 153
405 18
395 46
387 154
409 14
397 196
403 170
393 184
397 184
410 5
407 2
408 3
396 193
396 194
401 21
405 17
408 14
390 154
402 170
393 43
410 6
406 2
388 154
396 196
395 185
399 15
402 20
396 184
395 45
409 13
401 159
393 183
403 171
408 4
404 18
410 7
404 17
401 16
407 14
394 45
406 3
395 184
407 4
396 195
404 165
400 169
401 20
400 15
388 155
389 154
400 159
392 43
402 17
409 12
399 14
408 13
405 2
390 155
393 182
402 171
401 160
393 44
394 196
394 182
403 17
400 16
407 5
408 6
398 14
401 17
389 155
395 195
400 170
400 172
392 44
400 14
409 11
402 16
402 18
399 169
399 159
395 183
408 12
393 45
404 164
388 156
407 13
403 163
405 3
401 19
401 171
404 16
409 7
403 165
400 160
392 182
402 15
401 18
394 195
399 160
407 12
403 16
403 166
392 45
398 169
406 5
389 156
400 17
399 170
407 6
400 173
402 167
391 182
408 7
405 4
406 13
397 14
401 14
395 182
409 10
393 196
400 171
400 161
403 164
402 163
399 158
388 157
400 19
398 158
393 195
401 163
391 183
405 13
398 170
399 19
400 18
389 47
397 15
400 162
405 5
399 161
389 157
406 12
402 164
408 10
401 167
399 171
399 173
392 196
394 194
392 46
402 14
396 182
397 157
407 7
395 181
403 15
402 166
390 183
399 162
389 46
398 171
399 18
401 166
407 8
392 195
397 16
398 19
405 6
393 194
398 173
397 158
396 181
403 14
391 184
391 46
396 157
400 163
397 170
406 11
404 13
390 157
392 193
390 47
395 180
408 9
401 164
397 17
395 157
398 18
407 9
405 7
398 172
397 179
391 185
396 158
396 170
390 184
403 13
391 193
391 157
392 194
396 180
399 163
401 165
390 46
406 10
397 18
390 45
406 9
395 158
399 164
405 8
403 12
391 158
396 171
377 202
392 157
390 185
397 172
396 163
397 178
396 179
396 159
404 7
405 10
391 194
400 165
397 163
404 8
396 172
392 158
377 201
396 160
390 186
403 11
396 18
399 165
397 177
376 202
396 162
402 12
396 178
394 158
390 44
398 164
393 157
405 9
390 194
398 165
375 202
403 8
402 11
397 164
389 194
395 160
390 187
396 19
397 176
393 158
396 173
404 9
377 200
388 197
389 44
397 20
396 161
397 166
395 162
392 159
396 177
403 10
397 21
376 200
389 187
374 202
375 201
393 159
396 176
397 175
394 160
396 174
403 9
396 166
396 20
388 196
402 8
388 44
395 161
397 165
402 10
387 197
389 195
396 21
396 175
396 165
395 176
387 196
376 199
402 9
399 10
374 201
386 197
393 160
387 44
389 188
397 22
394 161
388 195
376 198
399 9
393 161
386 44
401 9
385 197
400 10
394 176
395 165
373 199
388 188
386 196
387 195
374 200
395 175
396 22
393 162
373 198
395 22
378 197
394 175
395 164
385 196
375 198
385 44
386 195
384 197
377 198
392 161
374 199
400 9
387 188
388 191
400 8
394 22
375 197
374 198
388 192
393 163
392 162
386 194
385 43
387 189
377 197
388 190
384 196
394 164
391 161
393 175
385 195
378 196
387 192
387 190
377 196
393 174
386 193
400 7
374 197
393 22
392 173
385 42
391 162
393 164
386 189
384 195
383 194
386 42
386 192
385 41
383 195
377 195
392 172
374 196
392 164
385 193
391 163
399 7
400 6
392 22
384 194
386 190
393 173
386 191
386 41
382 195
399 6
391 164
390 163
385 190
376 195
393 172
373 196
385 192
392 165
384 193
392 21
393 171
386 30
386 40
373 195
381 195
399 5
389 163
398 4
385 191
375 195
388 160
384 190
372 196
384 192
391 165
376 194
392 20
391 20
386 29
387 30
384 191
388 163
388 161
379 192
398 5
373 194
388 29
375 194
397 4
386 39
390 23
384 161
387 160
381 194
393 170
372 195
391 166
373 193
391 169
381 193
382 192
387 29
384 162
389 23
378 192
375 193
372 194
379 191
390 20
390 22
380 192
392 170
388 28
387 161
385 39
385 161
390 166
397 5
388 162
383 191
390 16
391 167
386 38
390 17
386 161
387 36
396 5
391 170
390 21
382 191
374 193
381 192
387 24
384 177
390 167
390 169
389 16
385 38
389 22
378 191
391 168
387 162
388 27
388 23
385 162
397 6
387 28
372 193
387 179
385 21
389 21
388 16
384 178
373 191
372 192
377 191
384 38
386 178
389 169
387 25
391 171
386 22
387 27
386 162
390 172
387 35
388 26
385 187
386 36
385 163
381 191
385 177
374 192
396 6
382 190
390 168
389 17
387 23
388 22
390 18
388 177
384 37
389 172
386 163
376 191
385 22
396 7
388 167
385 176
387 34
386 23
385 186
385 178
390 171
388 17
384 21
388 21
386 179
386 35
374 191
380 189
381 190
384 187
386 25
387 164
385 164
387 22
389 168
387 178
386 177
372 191
385 36
388 165
389 18
387 26
387 177
382 188
386 180
388 176
380 188
384 22
388 166
388 168
372 190
389 173
389 171
385 185
386 164
388 18
387 21
395 7
386 26
385 27
385 179
384 36
386 176
375 191
381 189
386 34
384 186
387 165
385 23
388 20
387 176
386 181
394 7
387 166
385 26
388 171
382 187
388 19
387 18
381 188
384 23
384 35
380 187
383 36
384 185
385 180
389 174
385 184
376 189
387 172
387 20
383 22
384 27
387 168
385 34
372 189
375 190
386 165
375 189
383 35
383 185
387 173
384 34
384 26
386 182
393 7
377 189
385 181
382 186
386 166
372 188
384 184
386 20
386 168
387 171
376 188
388 174
379 187
383 23
387 19
388 170
387 175
381 187
386 172
387 169
390 3
391 4
379 24
384 183
372 187
393 6
385 168
385 182
384 25
386 167
382 23
374 189
386 19
382 185
381 186
377 188
381 24
385 166
386 169
387 170
378 187
379 186
383 24
373 188
386 173
386 171
383 34
387 174
385 169
390 4
382 24
392 6
382 34
380 24
383 183
389 3
373 187
386 174
386 170
385 173
385 171
381 25
385 167
384 166
384 182
377 187
381 185
381 23
385 19
379 23
391 5
374 188
383 25
379 185
384 172
383 182
385 170
377 186
381 32
385 174
391 6
384 173
384 19
374 187
383 32
389 4
381 34
384 171
382 25
380 185
383 166
379 40
390 5
384 169
384 167
379 22
382 183
380 23
374 186
376 186
388 4
383 167
382 26
383 31
378 40
382 166
383 19
382 182
382 32
380 22
389 5
390 6
384 170
381 31
384 174
379 39
380 184
381 35
383 28
375 186
380 183
380 21
389 6
388 5
383 174
381 166
382 167
379 38
382 181
382 31
380 35
383 18
383 170
383 30
382 27
376 185
378 39
382 168
388 6
382 180
381 167
383 175
389 7
379 37
379 181
383 17
382 170
382 28
382 174
382 30
383 29
381 181
380 182
379 35
373 39
378 38
380 20
375 185
382 29
378 19
378 37
375 184
378 181
373 38
382 175
388 7
381 180
379 20
379 36
379 182
381 168
382 169
383 16
380 19
374 39
382 179
380 180
375 183
387 7
381 29
379 19
377 37
376 38
378 18
381 179
383 15
381 169
378 182
382 176
374 38
377 183
375 39
374 0
378 36
369 2
380 179
380 17
382 177
375 182
387 8
376 183
371 0
377 36
370 1
380 169
379 18
386 7
378 17
381 178
374 1
382 15
375 38
376 37
373 0
377 182
380 29
369 3
373 1
376 182
380 16
382 14
379 29
378 16
380 174
370 2
379 169
372 0
376 36
379 17
371 1
374 36
375 37
386 8
381 177
375 181
380 178
380 30
379 174
378 169
385 8
375 36
380 15
386 9
376 35
369 4
374 35
380 177
379 30
380 175
372 1
371 2
376 181
379 16
381 14
372 2
378 14
379 175
378 30
375 35
377 169
380 14
380 176
385 9
376 180
371 3
379 15
370 4
385 10
376 179
379 176
378 13
371 4
375 34
377 30
378 171
379 14
376 33
372 3
377 170
375 179
376 178
376 30
373 3
384 10
379 13
377 31
378 172
377 171
371 5
376 32
378 176
375 33
377 172
374 179
372 5
375 32
374 177
375 178
377 176
379 12
374 3
376 177
383 10
376 31
373 179
375 31
376 172
375 177
379 11
382 10
374 178
373 5
375 3
376 176
373 178
375 4
380 11
372 179
376 173
372 177
381 10
381 8
375 176
372 35
374 31
373 6
380 10
376 174
372 178
381 9
371 179
379 7
375 175
362 180
375 5
371 35
378 6
371 177
380 8
373 31
373 7
372 34
370 179
363 180
380 9
374 173
378 7
379 8
361 180
371 178
373 32
377 6
362 183
373 172
370 177
375 6
374 175
372 33
374 7
371 34
375 174
372 32
371 33
362 182
373 175
361 183
374 174
379 9
377 7
373 173
369 179
375 7
370 178
364 180
361 181
372 172
371 32
372 173
378 9
369 178
376 7
360 183
365 180
373 174
375 8
360 181
361 182
368 179
367 179
372 174
371 169
366 180
372 30
378 10
360 182
359 183
368 178
376 8
371 31
377 10
367 178
371 170
372 29
376 9
369 176
366 179
371 30
371 174
359 182
370 169
368 176
370 30
358 182
370 174
369 175
370 170
376 10
377 11
371 29
367 177
366 178
371 171
370 29
367 176
369 174
369 170
357 182
370 173
376 11
370 171
375 10
366 177
368 175
369 29
368 30
375 11
365 177
357 181
350 182
369 171
374 10
370 172
349 183
374 12
368 174
366 176
351 181
374 11
356 181
365 176
368 171
357 180
373 12
352 181
367 30
348 183
368 173
366 175
364 177
369 172
368 29
349 182
350 181
352 180
364 176
348 182
365 175
373 11
353 181
367 171
355 181
367 29
349 181
358 180
368 12
356 180
366 174
368 172
350 180
367 28
348 181
365 174
367 172
349 180
372 11
354 181
353 180
368 13
364 175
369 12
359 180
366 171
366 173
355 180
366 172
370 12
347 181
369 13
366 28
354 180
353 179
371 11
365 173
359 179
365 29
363 175
348 180
364 173
349 178
365 28
354 179
359 178
370 13
371 12
365 172
363 174
347 180
364 29
350 178
359 177
362 174
348 178
354 178
363 173
371 13
364 172
347 179
364 28
347 178
363 172
371 14
364 171
359 176
362 173
350 177
349 176
351 178
363 28
354 177
361 169
353 177
362 172
347 177
352 178
371 15
348 176
362 28
361 27
363 171
359 175
350 176
351 177
361 172
347 176
361 28
358 175
371 16
352 177
360 27
360 169
362 171
359 28
361 170
350 175
370 15
351 176
347 175
351 175
352 176
346 176
360 170
361 171
370 16
358 174
360 28
359 29
371 17
351 174
352 175
370 17
359 170
347 174
360 171
369 16
344 175
361 30
346 175
370 19
371 18
358 173
360 29
361 31
345 175
359 171
368 16
358 170
352 174
357 173
351 173
360 30
369 19
369 17
358 172
346 174
370 18
344 174
351 172
357 172
345 174
358 171
367 16
361 32
360 31
352 173
355 174
369 18
360 32
355 173
368 18
352 172
354 174
367 17
345 173
357 171
363 35
353 173
359 31
353 172
362 35
345 172
359 32
354 173
363 36
367 18
356 171
360 33
360 34
366 18
344 172
363 37
354 172
361 35
366 20
359 33
355 171
356 170
362 36
365 20
362 37
362 15
355 170
342 171
365 18
363 38
359 34
343 172
360 35
354 171
366 19
365 19
361 15
361 37
362 18
362 16
362 38
342 170
359 35
363 17
354 170
343 171
360 36
361 38
360 37
362 17
364 19
343 170
363 18
342 169
359 36
361 16
354 169
353 170
365 25
359 37
344 168
361 39
358 36
360 38
361 17
343 169
363 19
353 169
358 37
344 169
352 169
359 16
363 26
345 168
360 39
365 24
360 17
359 38
363 20
364 25
371 160
345 169
355 17
359 17
346 168
370 160
371 159
360 18
358 38
364 24
368 162
363 21
364 22
358 16
351 169
362 26
360 40
362 20
363 25
356 17
360 19
366 163
359 18
358 39
362 25
364 23
346 169
359 40
368 161
360 41
357 38
358 17
362 21
363 22
351 168
367 162
355 18
369 160
370 159
363 23
365 163
347 169
357 17
368 160
360 42
358 40
369 159
356 18
359 19
366 162
357 39
369 157
362 22
359 41
370 158
362 24
351 167
366 161
368 157
361 22
366 155
350 167
365 162
349 168
357 18
367 154
369 158
359 42
358 19
368 159
348 169
357 40
358 41
362 23
348 168
364 162
366 160
356 40
368 152
361 23
366 154
357 19
365 161
368 158
367 153
358 42
360 22
367 159
365 155
358 20
349 167
357 20
355 40
348 167
359 22
365 160
366 159
359 44
368 151
363 162
356 41
360 23
365 154
367 158
358 43
367 152
358 22
357 21
358 44
355 41
366 158
365 153
363 161
356 48
359 23
362 162
366 152
368 150
359 45
364 160
347 167
352 41
354 41
362 161
355 48
356 47
364 153
357 22
367 150
347 166
365 158
365 152
361 162
364 159
356 21
358 45
358 23
355 42
361 161
356 46
354 42
367 149
352 42
364 158
353 41
355 43
364 152
365 151
357 45
362 160
355 21
347 165
357 23
355 47
366 150
355 44
363 152
352 43
356 23
350 41
363 158
365 150
284 241
367 144
346 165
285 242
355 22
367 148
361 160
353 42
356 45
336 169
360 151
359 150
355 46
360 161
358 149
355 23
361 151
348 20
355 45
354 46
284 240
359 161
349 41
350 40
362 152
367 147
360 150
358 160
364 150
337 169
360 160
366 144
336 168
345 165
362 158
284 242
289 241
358 148
359 149
352 20
366 148
353 43
285 241
367 145
354 44
353 44
350 21
360 149
361 152
349 20
364 149
338 169
289 240
354 45
365 148
348 21
350 39
366 147
281 244
352 21
366 145
288 241
348 41
362 157
345 164
337 168
359 148
284 243
300 53
363 150
362 151
285 240
358 159
360 159
361 158
286 241
351 20
359 160
354 23
362 150
283 243
299 53
340 168
365 145
339 169
349 21
360 158
353 45
275 215
354 24
365 147
351 21
359 159
361 153
286 240
361 149
287 241
348 22
282 244
351 39
270 216
350 38
300 54
360 148
362 156
366 146
288 240
364 148
344 164
352 22
338 168
354 26
348 42
281 243
353 24
354 25
270 217
353 48
361 156
353 26
361 154
365 146
344 163
288 239
360 157
299 54
361 148
364 147
349 22
352 45
351 38
352 23
281 242
282 243
351 22
287 240
289 238
343 164
340 167
360 153
271 216
359 158
286 239
300 55
274 215
339 168
348 43
362 149
275 216
293 235
340 166
285 237
351 45
351 37
351 23
288 238
353 25
274 216
362 148
272 216
299 55
353 47
287 239
270 218
352 46
343 163
363 147
275 217
292 236
364 146
352 48
349 23
360 154
282 242
359 157
349 43
342 164
289 237
339 167
360 156
298 54
291 237
349 44
273 216
351 48
274 217
339 166
269 234
342 163
359 156
298 55
286 237
351 46
360 155
348 53
352 25
290 237
340 165
297 56
352 47
285 236
287 238
272 217
271 218
351 24
283 236
275 218
350 23
362 147
284 237
282 241
363 146
299 56
276 223
291 236
349 24
293 234
351 36
292 235
292 234
349 45
347 53
350 24
351 25
351 35
282 236
270 234
348 52
285 235
297 57
275 219
341 163
290 236
291 235
339 165
272 218
362 146
298 56
273 217
275 223
359 155
338 166
351 47
287 237
269 233
283 237
349 25
282 240
276 222
293 233
338 165
292 233
271 234
275 222
346 53
274 223
290 235
270 235
338 161
362 145
347 52
282 239
297 58
351 26
291 234
350 35
329 64
348 45
350 47
271 236
286 235
287 236
340 163
275 220
284 235
358 155
350 25
275 224
281 240
268 233
348 51
351 34
298 57
272 231
273 218
282 237
350 26
362 144
278 240
337 161
349 47
275 225
290 234
286 234
337 165
339 163
350 34
268 232
346 52
272 230
274 222
347 51
338 162
271 231
272 236
281 239
348 46
284 234
330 64
282 238
357 155
292 232
298 58
297 59
275 227
329 65
275 221
287 235
271 235
273 219
272 234
348 34
281 237
269 231
338 164
298 60
292 231
273 236
298 59
329 66
357 154
274 225
290 233
348 33
271 230
349 34
273 234
328 65
331 64
272 235
337 164
299 60
278 239
283 234
268 231
270 231
279 240
337 162
350 27
273 220
348 47
291 232
274 221
299 58
287 234
281 238
274 227
326 67
280 239
338 163
361 144
330 65
347 50
346 51
275 226
336 164
290 232
279 239
349 33
280 238
270 230
328 66
271 229
300 58
273 221
288 234
325 67
357 153
283 233
361 143
292 230
299 59
291 231
356 154
350 28
337 163
335 165
331 65
329 67
327 67
274 226
289 233
282 234
300 60
273 235
268 230
346 50
272 228
345 51
348 48
326 68
330 66
334 165
350 29
328 67
270 229
357 152
349 32
274 235
319 72
361 142
346 49
356 153
272 221
347 48
291 230
279 238
350 31
331 66
335 164
271 228
327 68
290 231
283 232
336 163
325 68
273 226
302 61
288 233
300 59
319 70
349 28
268 229
272 227
359 142
356 151
289 232
330 67
301 60
281 234
345 50
359 141
302 62
345 49
320 72
344 50
319 71
324 68
328 68
350 30
267 229
361 141
320 70
352 154
288 232
355 151
281 235
336 70
354 154
356 152
302 60
330 68
349 29
334 164
327 69
335 163
348 28
336 68
289 231
279 237
349 31
284 232
346 48
333 165
301 59
340 74
271 221
275 235
360 142
290 230
270 228
272 226
339 71
291 229
331 67
354 153
337 70
303 60
324 69
279 236
275 234
334 163
344 49
339 72
349 30
335 68
267 228
280 235
361 140
353 154
271 226
321 70
328 69
320 69
290 229
303 62
336 69
346 47
289 230
355 152
320 71
287 232
269 228
333 164
270 221
284 231
340 75
288 231
360 141
270 227
331 68
266 229
343 50
339 74
330 69
351 154
348 29
338 71
302 59
285 232
270 226
334 68
339 75
343 49
337 71
344 48
346 46
330 70
351 153
270 222
322 70
334 162
324 70
335 43
304 62
348 30
266 228
269 227
329 69
360 140
345 47
285 231
279 235
303 63
354 152
321 71
321 69
290 228
287 231
332 68
339 73
303 59
277 235
276 234
331 69
323 69
353 153
333 163
347 29
289 229
335 69
329 70
323 70
320 67
362 133
333 162
333 68
335 44
345 46
286 231
304 59
360 135
322 71
332 69
347 30
276 233
353 152
321 68
353 146
331 70
338 73
278 235
287 230
337 72
350 153
343 48
304 63
330 71
303 64
277 234
334 69
268 227
332 163
336 43
360 139
288 229
270 223
342 49
265 228
352 145
270 225
269 226
289 228
338 75
322 67
333 69
303 65
353 145
287 229
331 71
322 66
342 48
304 64
334 70
323 75
277 233
268 226
331 163
341 49
330 162
270 224
352 146
337 75
288 228
361 133
286 230
332 162
336 44
265 227
352 152
278 234
343 47
349 153
362 132
345 45
321 67
360 138
336 46
346 30
320 66
351 145
329 71
359 135
337 73
323 71
358 134
360 136
269 223
305 59
276 232
322 65
328 71
286 229
342 47
354 145
341 48
306 59
286 227
268 225
336 73
359 134
267 226
349 154
303 66
332 161
338 47
269 224
277 232
353 150
336 75
330 161
323 74
363 132
288 227
323 72
321 66
337 46
351 146
352 151
278 233
361 132
304 65
331 162
360 137
345 30
358 135
352 147
364 131
345 44
265 226
333 70
353 148
337 44
332 71
324 75
268 223
336 45
305 67
307 59
266 226
304 66
355 131
278 232
363 131
342 46
323 73
341 47
321 65
338 46
345 31
345 43
364 130
344 44
285 229
339 47
349 155
288 226
268 224
352 148
353 149
336 74
354 144
332 72
333 71
337 45
360 132
324 72
277 231
287 227
267 225
331 161
324 74
359 133
351 147
332 160
358 136
344 30
359 137
352 150
330 160
327 71
286 228
352 149
344 43
282 231
330 159
345 42
344 31
348 155
345 32
307 58
324 73
278 231
355 144
305 66
266 225
338 45
284 229
358 137
355 130
306 67
327 72
359 132
267 224
341 46
360 131
331 160
285 228
340 47
355 128
356 131
287 226
321 64
335 74
350 147
333 72
339 46
363 130
358 132
307 57
355 143
320 64
357 131
307 67
278 230
266 224
347 155
359 131
331 159
356 130
356 128
355 129
325 73
357 137
284 228
351 149
362 130
340 46
334 74
281 231
333 73
350 148
326 72
344 32
287 225
308 58
282 230
339 45
306 66
344 42
262 223
343 42
357 140
286 225
281 230
356 129
282 229
344 39
340 45
265 224
333 74
326 73
357 130
358 131
350 149
346 155
319 64
308 57
278 229
357 128
339 44
347 154
356 137
287 224
283 228
357 142
318 65
343 32
279 230
362 129
350 151
307 66
356 143
331 158
287 223
332 74
285 225
349 151
340 44
342 32
356 138
343 41
362 128
332 158
358 130
263 223
326 76
346 154
278 228
326 74
339 43
264 224
308 66
361 129
334 158
309 57
356 142
357 141
357 129
356 140
317 65
282 228
331 73
279 229
350 150
331 149
333 149
331 157
262 222
344 38
281 229
343 39
318 64
333 158
326 75
310 57
286 223
281 228
343 40
349 150
333 150
341 32
343 38
332 149
285 224
318 63
280 229
361 128
317 64
334 157
356 141
331 74
344 37
355 138
339 42
332 157
279 228
264 223
284 223
358 129
342 39
331 156
362 127
340 43
341 42
330 73
345 154
316 65
327 76
263 222
331 150
309 66
264 222
285 223
331 151
341 41
332 150
284 222
280 228
355 139
327 75
279 227
343 35
310 66
344 36
283 221
332 156
315 65
310 58
317 63
333 157
359 129
342 40
330 74
360 128
341 33
340 42
361 127
345 153
355 141
348 150
281 227
329 73
342 38
316 64
280 227
343 152
341 40
265 222
340 41
332 151
329 74
354 139
315 64
342 37
283 222
285 222
342 35
347 150
311 66
333 156
331 152
343 36
328 75
359 128
332 155
340 33
330 75
284 221
311 58
360 127
279 226
354 141
345 152
316 63
329 75
285 221
346 150
311 67
308 72
282 224
344 152
315 63
333 155
343 151
282 222
354 140
342 36
332 152
340 34
316 62
353 139
341 35
278 224
339 33
265 221
359 127
280 226
340 40
312 58
333 154
358 127
315 62
332 153
339 40
311 68
308 71
313 58
344 151
266 221
352 139
278 223
341 36
279 224
309 72
319 60
343 150
285 220
282 223
329 76
333 152
345 150
353 140
280 225
281 224
339 34
280 224
358 126
333 153
310 72
340 36
310 70
311 69
329 77
344 150
281 223
318 60
339 39
313 59
285 219
320 76
352 140
339 35
309 71
279 223
338 40
330 78
345 149
331 79
319 59
315 61
266 220
351 140
311 70
329 78
317 72
317 60
337 40
267 220
310 71
344 149
331 80
330 79
345 148
318 59
268 219
339 36
357 126
280 223
339 38
340 37
284 219
346 147
314 59
358 125
321 76
315 60
334 153
319 76
329 79
328 78
318 74
345 147
317 73
321 77
357 125
347 143
316 72
346 146
315 59
266 218
318 58
316 60
311 71
344 146
317 59
268 218
344 148
319 75
351 141
332 82
356 126
267 219
338 38
339 37
283 219
331 81
335 153
337 39
280 222
318 76
330 80
348 137
346 145
344 147
349 142
347 144
327 78
347 142
343 148
338 37
330 81
317 58
336 153
280 221
329 80
312 71
356 125
267 218
335 152
318 75
321 78
328 79
318 57
337 38
332 83
331 84
266 217
315 72
316 59
314 71
283 218
350 141
317 74
345 146
331 82
336 38
348 142
331 83
341 147
336 152
345 145
346 144
330 84
330 82
356 124
329 81
349 137
317 75
267 217
343 147
328 80
316 74
335 151
349 141
327 79
316 58
337 37
283 217
313 71
314 72
279 221
322 78
317 57
348 136
313 72
330 83
356 123
319 52
323 78
342 147
284 217
316 57
267 216
316 75
280 219
348 135
301 48
336 37
337 152
336 151
347 136
345 144
327 80
349 138
348 141
349 140
341 146
279 220
328 81
318 52
301 47
329 85
346 136
285 217
335 147
313 73
349 139
320 52
342 146
325 79
328 82
337 151
314 74
329 83
315 57
344 144
319 55
302 48
348 140
280 218
279 219
335 149
336 36
327 81
324 78
357 123
316 76
323 53
268 216
347 135
316 56
278 219
300 45
315 56
336 35
285 216
337 150
335 148
322 53
336 149
336 33
327 84
316 77
348 139
334 147
357 122
329 86
326 81
313 74
312 49
279 218
314 75
328 51
319 54
301 46
318 53
328 83
347 134
327 82
325 80
346 137
312 73
328 89
302 47
328 85
324 79
318 55
267 214
280 217
268 215
346 135
347 140
347 138
321 52
345 136
343 144
323 52
342 145
317 55
279 217
344 136
314 76
346 140
338 148
313 75
313 49
302 46
346 134
328 50
301 45
323 51
326 84
278 218
312 50
337 149
286 216
333 147
327 89
342 144
336 148
300 44
357 121
329 87
318 54
322 52
327 83
335 33
328 88
346 138
315 55
327 51
343 143
315 77
347 139
314 54
326 82
327 49
327 85
336 34
267 213
268 214
324 80
312 74
345 138
326 89
322 51
302 45
328 49
324 81
343 142
323 50
345 140
338 147
327 90
278 217
341 144
337 148
344 137
345 134
286 215
317 54
335 34
285 214
343 136
323 80
346 133
342 143
327 86
314 77
269 214
328 87
357 120
313 76
325 82
346 139
339 146
327 50
268 213
327 88
312 75
301 44
314 49
326 85
312 51
326 83
287 214
333 146
314 53
315 54
341 143
313 51
326 86
343 141
345 133
328 48
287 213
316 54
334 34
323 81
322 50
343 137
303 45
326 50
283 213
285 213
333 145
286 214
269 213
339 145
314 78
315 53
278 216
345 139
356 120
314 50
337 147
344 140
314 52
302 44
325 83
326 88
325 89
327 87
344 138
312 76
326 90
338 146
339 144
282 213
283 212
304 45
303 44
332 35
326 87
322 49
325 90
338 145
333 34
314 51
328 47
337 146
341 142
334 145
322 81
316 53
325 86
342 141
324 83
312 77
278 215
324 85
343 138
329 44
344 133
356 119
270 213
313 78
343 140
325 50
286 213
344 139
325 49
312 78
324 84
341 137
338 134
311 77
286 212
335 145
283 211
316 52
341 141
325 87
271 213
284 212
322 48
344 132
337 145
280 214
355 119
334 144
328 46
270 212
329 45
324 90
303 43
325 91
343 139
332 36
279 215
342 138
340 142
322 82
342 140
328 44
339 143
332 34
324 86
304 44
323 85
272 214
281 213
313 79
356 118
315 51
338 144
272 213
283 210
341 138
280 213
305 44
279 214
324 49
273 214
321 82
337 144
281 212
337 134
340 137
344 131
286 211
322 47
340 141
325 92
331 36
310 77
324 87
271 212
323 86
339 142
324 91
303 42
341 140
342 139
355 118
322 83
312 79
327 46
322 85
323 84
356 117
284 211
328 45
331 34
338 133
323 48
311 84
339 134
335 144
316 51
330 36
285 211
322 86
279 213
330 34
325 47
322 94
339 137
339 133
273 213
353 111
321 85
355 117
321 95
323 47
305 43
304 42
322 90
331 33
317 51
311 83
327 45
323 87
324 48
339 141
335 143
326 44
323 89
341 139
306 44
338 142
280 212
354 118
343 131
312 84
310 78
324 92
312 80
320 82
281 211
323 91
283 209
322 84
272 212
284 210
337 133
337 143
342 131
283 208
355 116
339 140
329 34
320 85
324 47
323 92
317 50
312 83
330 35
340 133
353 112
304 41
355 114
280 209
322 91
326 45
339 132
279 212
281 210
331 32
311 82
335 142
337 142
352 111
326 43
306 43
321 90
310 79
340 139
336 143
311 80
322 93
280 211
325 46
285 210
336 133
321 94
320 95
339 138
354 117
321 84
323 88
305 42
337 132
322 87
273 212
338 141
320 83
322 89
321 91
310 82
325 45
322 88
354 116
269 209
273 211
284 208
307 43
309 79
352 112
285 209
339 139
338 140
320 84
326 42
322 92
307 79
313 81
329 33
279 209
336 142
341 131
353 113
312 82
340 132
355 115
320 86
280 210
341 129
354 114
319 83
330 32
319 95
329 35
320 90
320 94
279 211
336 132
324 46
318 50
305 41
311 81
309 38
313 82
312 37
321 88
314 81
341 130
318 49
321 92
337 140
306 41
270 209
278 209
267 206
354 115
338 139
340 131
308 43
340 129
328 35
353 116
329 32
325 42
268 209
285 208
269 208
307 42
319 86
320 89
335 132
279 210
278 211
308 79
319 84
353 114
320 93
320 91
268 207
319 94
274 211
307 80
320 87
336 141
336 131
284 207
324 45
310 81
351 112
309 39
319 49
335 131
277 211
268 206
351 113
320 88
318 94
343 107
285 207
328 32
352 114
324 42
320 92
270 208
346 112
318 84
287 209
353 115
336 140
308 42
315 81
312 38
309 81
327 35
275 211
319 87
286 208
340 130
311 37
337 139
317 83
269 207
268 208
267 209
278 210
307 41
323 45
314 82
308 80
267 207
309 43
347 111
310 38
352 115
316 83
324 43
345 108
311 38
346 113
287 208
288 209
346 111
334 141
319 92
339 130
277 210
319 48
286 207
308 81
267 208
327 34
319 88
317 84
334 139
275 210
309 40
315 82
322 45
327 32
318 93
335 130
337 138
308 41
351 114
269 206
344 107
351 118
347 112
343 108
270 207
346 109
336 139
314 83
309 42
266 209
326 35
271 207
309 41
327 33
338 130
318 92
289 209
266 208
345 109
336 138
308 82
326 34
334 140
323 43
311 39
347 113
276 210
344 108
315 83
318 90
316 84
333 141
318 88
270 206
351 117
317 89
287 207
334 138
313 47
346 110
351 115
350 118
322 44
319 47
317 85
335 129
317 93
271 206
316 89
317 88
311 40
316 85
333 140
336 129
308 83
265 208
351 116
310 41
317 92
345 110
272 207
350 117
322 43
344 109
312 47
317 90
335 138
347 114
289 208
318 47
276 209
315 84
288 207
338 129
314 47
336 137
337 130
326 33
318 91
276 208
316 90
316 88
288 206
337 129
336 128
273 205
349 115
317 91
316 92
315 47
335 137
315 85
350 116
312 46
311 41
289 207
322 42
324 32
308 84
344 110
272 206
264 208
317 47
312 40
332 140
325 33
348 114
263 208
308 85
316 47
312 45
312 41
316 91
324 33
314 85
321 40
289 206
311 44
348 115
322 41
336 127
273 206
274 205
349 116
315 88
343 110
332 139
311 42
310 85
335 136
337 128
275 208
309 84
323 32
321 39
263 207
275 207
289 205
312 42
348 116
314 88
337 127
320 42
323 33
334 136
310 86
315 91
321 41
312 44
274 206
311 43
332 138
290 206
342 110
316 46
309 85
262 208
314 86
313 42
347 116
316 45
341 110
289 202
309 86
332 137
323 34
320 41
314 87
289 204
290 205
322 33
314 91
333 136
312 43
334 135
262 207
348 117
275 206
321 38
338 127
291 206
319 40
342 111
319 42
313 87
347 117
314 44
322 34
290 202
319 41
332 136
314 90
318 40
313 43
313 91
276 206
343 115
341 111
262 206
327 139
331 135
278 206
339 127
321 37
309 87
333 135
291 205
289 203
316 44
317 42
314 43
333 134
340 111
277 206
313 90
321 36
290 203
330 135
345 116
326 139
342 125
340 127
343 114
327 138
315 44
308 87
321 34
332 135
346 117
276 205
262 205
343 116
312 87
278 205
318 41
331 136
346 119
291 204
341 125
308 88
291 203
292 204
342 124
276 204
346 120
277 205
342 114
327 137
340 112
346 118
299 205
330 136
341 115
344 116
317 41
333 133
339 125
325 139
320 34
340 126
345 117
326 138
332 134
321 35
315 43
340 116
313 89
316 42
261 205
312 88
316 41
299 204
312 89
345 120
277 204
326 137
329 136
293 204
278 203
325 138
298 205
340 113
341 116
323 138
310 89
345 118
292 203
340 115
315 42
341 114
276 203
320 35
311 88
341 124
332 133
260 205
308 89
339 124
344 117
297 206
340 125
331 133
340 114
322 138
273 201
309 89
319 35
315 41
311 89
344 118
271 197
308 90
260 206
339 123
277 203
328 136
259 205
297 205
344 120
341 117
325 137
275 201
324 138
307 91
298 204
293 203
296 206
323 137
340 124
278 202
318 35
319 36
315 40
275 200
297 204
277 202
274 201
273 200
311 90
296 205
324 137
330 133
272 197
322 139
339 114
295 204
328 135
294 203
342 121
308 91
342 117
271 198
271 196
309 90
329 132
343 118
319 38
340 123
307 92
276 201
259 206
344 119
328 130
295 203
258 206
338 114
342 118
343 119
311 91
308 92
324 136
271 195
327 135
315 39
341 121
321 139
274 200
330 132
277 201
272 198
318 38
318 36
275 199
296 204
329 131
309 91
342 120
319 37
322 140
340 122
271 194
328 129
330 131
311 92
277 200
318 37
324 135
338 115
342 119
328 131
321 140
315 38
327 134
326 135
274 199
340 121
273 198
296 203
309 92
295 202
257 206
317 38
272 192
327 131
321 141
277 199
271 193
315 37
340 120
274 198
317 37
329 129
331 131
296 202
326 134
311 93
256 206
324 134
281 201
341 119
279 201
338 116
278 200
340 118
339 117
309 93
280 201
274 195
278 199
326 133
273 194
273 192
325 134
274 197
296 201
281 200
316 37
339 118
340 119
279 200
321 142
323 132
331 130
338 117
329 128
256 205
312 93
310 93
327 132
272 193
274 194
316 36
278 198
310 94
339 119
280 200
338 118
274 192
325 133
329 127
312 94
331 129
296 200
315 35
255 205
273 193
324 132
323 131
326 132
322 142
274 196
281 199
254 206
279 199
323 130
254 205
275 192
297 200
315 34
332 129
249 204
310 95
331 128
274 193
275 196
247 202
253 206
275 194
325 132
280 199
279 198
338 119
316 35
324 131
312 95
330 127
323 142
250 205
253 205
317 33
280 198
324 130
338 122
311 95
248 202
316 34
276 196
297 199
323 143
337 123
308 36
310 96
337 125
338 120
247 201
331 127
249 203
332 128
250 204
275 193
251 205
325 131
336 123
298 199
338 121
250 203
276 193
277 196
334 127
280 197
337 122
299 198
248 201
311 96
310 97
332 127
308 35
325 130
317 32
337 124
316 33
252 205
309 36
251 204
323 144
336 125
311 97
311 35
277 193
278 196
337 121
332 126
310 36
335 125
325 129
299 197
324 96
251 203
308 34
280 196
334 126
323 145
248 200
253 203
298 198
325 97
333 127
316 32
249 201
309 35
252 204
336 124
308 33
323 96
336 121
324 97
315 32
298 197
312 35
335 124
322 145
323 146
253 202
332 125
311 34
280 195
325 98
278 195
326 129
249 200
333 126
252 203
299 196
312 97
277 194
310 35
248 199
325 128
279 195
278 194
333 125
312 98
313 97
311 99
320 146
323 97
334 124
312 34
326 128
248 198
310 34
309 33
260 202
252 202
321 97
324 98
297 197
314 32
322 146
335 121
298 196
250 200
320 98
260 201
321 146
321 98
333 124
259 202
298 195
299 194
319 98
279 194
312 99
334 123
320 99
313 98
311 100
323 98
322 97
326 127
312 33
313 32
250 199
251 200
297 196
310 33
252 201
320 147
249 198
334 121
335 122
322 147
260 200
314 30
324 104
279 193
314 98
310 32
297 195
298 194
261 199
333 123
334 122
313 25
313 31
322 98
318 98
323 99
299 193
250 198
312 100
317 97
321 99
327 127
312 32
249 197
320 148
259 201
321 147
252 200
313 26
314 99
316 97
320 149
314 29
260 199
323 100
250 197
280 193
313 30
311 32
317 98
261 198
258 201
321 148
252 199
312 25
259 200
279 192
332 123
283 192
298 193
312 31
296 195
322 99
324 105
323 104
325 106
284 191
333 122
251 198
313 100
327 126
260 198
322 100
280 192
253 197
248 194
251 197
284 190
312 26
315 99
298 192
315 101
323 105
296 194
314 100
297 193
313 27
249 195
323 151
313 29
314 28
321 149
328 126
311 25
283 191
322 150
258 200
257 201
332 122
316 98
312 30
311 31
323 103
282 192
325 107
259 199
333 119
253 199
324 106
310 25
253 198
250 195
254 197
296 193
251 196
328 125
312 29
315 100
283 190
321 150
316 101
248 193
322 151
333 120
297 192
284 189
323 106
324 107
332 119
281 192
323 152
311 30
259 198
252 197
331 122
249 194
322 101
323 102
312 27
316 99
313 28
257 200
251 195
321 101
259 197
283 189
312 28
281 191
307 23
250 194
258 198
254 198
310 30
323 107
316 100
249 193
280 190
252 196
331 119
332 120
321 151
310 26
311 27
322 102
257 199
323 153
322 152
328 124
295 193
330 122
296 192
321 102
322 153
253 194
321 152
306 23
256 199
257 198
258 197
310 29
317 100
322 107
327 124
282 189
307 24
323 110
326 125
310 27
311 28
329 122
255 198
319 100
331 120
250 193
331 118
330 121
330 119
295 192
280 189
252 195
251 194
281 190
320 101
330 118
328 122
321 107
248 180
319 101
315 103
250 192
281 189
256 198
309 27
322 110
322 108
309 29
318 100
252 194
321 153
330 120
293 193
310 28
321 103
294 192
323 109
306 24
257 197
325 125
329 121
326 124
278 186
319 153
253 193
327 123
322 154
307 26
317 102
293 192
321 108
252 193
322 109
250 189
298 17
256 197
316 103
249 180
327 122
328 121
306 25
248 181
308 29
319 152
326 123
329 120
321 154
309 28
329 118
325 124
292 193
278 185
281 188
321 104
315 104
318 101
320 153
284 177
322 155
255 196
250 191
279 186
305 24
250 190
299 31
297 19
256 196
284 178
320 108
251 191
278 184
304 24
279 185
321 109
255 195
306 26
318 152
326 122
316 104
324 124
251 189
328 120
283 177
249 181
320 154
328 118
307 27
308 28
252 192
320 104
321 155
281 187
305 27
292 192
318 102
317 103
299 17
298 18
247 181
256 195
298 19
299 30
281 178
296 19
301 20
283 178
245 180
318 103
299 18
328 119
320 109
307 28
250 181
279 184
319 104
327 120
306 27
291 192
252 191
304 25
317 104
252 189
280 185
246 181
300 19
324 123
300 31
325 122
297 20
281 186
282 177
251 190
317 152
305 26
255 194
320 155
326 121
318 156
245 179
252 190
285 193
325 121
320 110
253 191
306 28
253 189
281 179
300 20
251 181
256 194
250 182
304 26
282 178
280 184
318 104
318 154
254 192
327 119
296 20
301 21
299 19
301 29
295 19
290 192
286 194
324 122
319 155
301 31
317 153
300 30
281 185
246 180
325 120
253 190
306 29
299 20
296 21
285 192
302 29
324 121
286 193
318 105
254 191
251 182
317 156
257 194
280 183
254 189
301 30
282 179
295 20
246 179
303 26
281 180
287 194
317 154
281 184
319 110
255 192
300 21
290 193
326 119
318 155
282 185
322 120
306 30
302 30
318 106
317 155
303 29
282 180
289 193
252 186
251 183
247 179
258 194
316 154
281 183
296 22
286 192
255 191
317 111
303 27
256 180
256 192
325 119
287 193
302 28
254 190
282 184
299 21
318 110
281 181
326 118
295 21
324 120
253 186
302 27
257 192
315 156
256 181
297 22
288 193
296 23
299 22
316 155
255 190
303 30
246 177
286 191
305 30
282 183
316 111
325 118
324 119
247 178
317 110
317 106
257 180
323 120
252 183
315 154
322 119
258 193
252 185
294 21
282 181
316 110
246 176
298 22
253 183
315 111
315 155
299 23
323 119
282 182
246 174
304 30
287 191
317 109
283 181
286 190
303 31
297 23
314 156
288 192
294 22
247 177
257 191
252 184
256 190
314 154
301 27
285 181
316 106
324 118
258 192
255 181
258 180
253 185
325 117
297 24
300 27
314 111
305 32
324 117
253 184
283 182
315 114
313 156
246 175
315 110
285 182
256 189
312 113
316 109
311 112
286 189
322 115
304 31
313 154
298 23
285 188
258 191
287 190
284 181
323 118
299 24
321 114
301 26
294 23
288 191
316 107
248 177
255 182
247 174
259 180
313 112
314 155
310 157
290 188
293 23
311 157
258 190
247 175
256 188
298 24
316 108
259 179
260 192
284 182
313 155
305 33
261 193
322 116
312 156
260 178
299 25
320 114
313 111
312 112
285 187
286 188
314 110
287 189
311 111
257 189
300 26
304 32
310 156
255 183
294 24
323 117
314 114
321 115
254 184
288 190
259 191
248 176
315 115
312 114
298 25
255 184
261 178
260 179
310 155
311 156
256 187
299 26
260 191
313 114
289 188
312 111
291 188
304 33
288 189
320 115
261 192
284 183
262 193
287 188
290 187
293 24
305 34
315 108
312 155
322 117
321 116
314 109
314 115
258 189
248 175
249 176
286 187
259 190
289 187
314 108
290 186
292 188
291 185
257 185
261 179
249 175
313 109
320 116
256 184
263 193
288 188
312 110
261 191
311 155
293 25
321 117
313 115
257 187
285 185
284 184
298 26
287 187
259 189
262 190
304 34
291 187
313 116
262 191
261 180
288 187
290 185
298 27
311 154
288 19
258 185
293 26
312 109
264 193
249 174
257 184
303 34
311 152
260 189
292 187
285 184
257 186
252 179
262 189
313 108
319 116
286 185
254 179
320 117
291 186
261 189
252 178
265 193
319 117
294 26
289 19
286 184
260 188
292 186
313 107
311 153
262 188
261 181
302 34
250 174
313 117
318 116
259 185
312 108
288 186
263 191
253 179
254 178
287 19
297 27
290 184
258 186
258 184
310 152
287 185
253 178
261 188
312 107
252 177
293 186
301 34
289 20
294 27
286 183
259 184
251 174
310 153
321 122
264 191
296 27
313 118
286 19
265 192
297 28
317 116
259 186
261 182
287 184
313 106
318 117
302 35
289 184
254 177
288 185
289 183
287 183
252 174
261 183
321 121
321 123
301 35
253 177
302 36
288 184
254 172
313 105
265 191
294 186
297 29
260 184
destination
