map
random512-40-2.map
pivot
207 165
agent & start
470 68
474 76
474 74
470 66
473 75
473 76
470 67
474 73
473 74
472 69
471 74
471 68
475 70
472 81
471 82
474 77
469 66
468 66
473 69
470 82
471 75
472 68
474 70
475 69
472 80
472 70
471 81
473 77
469 67
472 74
473 73
472 73
475 68
473 72
474 69
470 81
472 79
468 67
473 68
472 71
471 76
466 67
472 77
472 72
471 79
471 71
474 68
467 67
469 81
475 67
470 80
471 77
488 46
489 49
466 68
489 48
467 68
471 72
488 47
469 80
488 49
468 81
487 46
474 67
471 78
469 70
458 83
470 79
463 84
470 71
462 84
487 47
486 50
469 71
470 78
470 72
456 74
463 83
469 79
456 78
457 83
458 82
483 51
467 81
488 48
485 51
467 69
468 70
474 66
486 49
473 66
458 81
485 50
469 78
467 70
469 72
483 50
484 51
468 79
467 80
487 48
456 79
457 82
457 78
457 74
461 84
482 49
482 51
462 83
456 75
474 65
457 80
486 47
459 82
468 72
459 81
458 80
473 65
485 49
481 49
462 82
457 81
461 85
467 79
474 64
469 77
467 71
482 50
457 79
457 75
484 50
486 48
455 79
481 50
460 81
460 85
472 65
467 78
485 48
483 48
461 82
468 73
484 49
455 84
458 79
467 72
468 77
457 76
456 81
474 63
455 80
458 75
483 47
467 73
468 74
484 48
459 75
472 64
454 84
459 79
475 63
467 77
458 76
473 63
459 85
465 63
480 50
455 81
455 83
461 81
459 86
465 62
483 46
466 77
459 78
455 82
486 45
467 74
459 76
485 46
484 47
453 84
472 63
466 63
476 63
461 80
454 83
460 79
454 81
480 51
458 85
459 77
471 63
453 81
454 82
465 61
483 45
484 46
464 78
458 86
destination
