map
random512-30-1.map
pivot
15 231
agent & start
424 68
421 61
381 457
469 319
473 297
474 230
462 180
476 192
471 299
369 469
481 239
420 402
453 357
433 77
465 339
466 182
460 180
407 55
445 359
416 410
404 430
473 265
430 72
429 393
449 113
436 76
447 107
461 161
444 98
393 443
475 191
427 71
367 469
463 177
395 419
479 251
473 211
368 470
463 163
383 5
351 493
434 378
443 85
338 508
461 127
440 362
387 449
471 307
411 49
385 451
464 176
364 474
431 385
473 205
475 257
471 225
473 295
480 252
399 427
472 262
453 121
471 333
400 436
444 96
471 273
433 383
458 144
481 249
379 1
446 88
470 284
377 461
457 353
455 119
382 452
445 105
374 464
435 373
335 511
398 438
483 247
470 276
465 175
455 157
445 87
431 73
424 398
478 194
411 59
420 60
336 510
429 387
423 397
471 277
470 334
474 260
446 90
347 499
442 82
460 126
destination
