map
random512-20-6.map
pivot
217 427
agent & start
499 9
503 13
505 15
492 2
508 18
493 3
504 14
509 19
496 6
506 16
507 17
502 12
495 5
491 1
500 10
498 8
494 4
506 18
501 12
510 21
495 6
493 4
499 10
490 1
505 16
496 7
500 11
491 2
498 9
508 19
503 14
492 3
506 17
509 20
493 6
504 15
497 8
511 22
505 17
498 10
490 2
492 6
491 3
510 22
508 20
509 21
503 15
511 23
499 11
504 16
496 8
502 14
492 4
501 13
495 7
493 5
509 22
507 20
490 3
489 2
495 8
502 15
511 24
491 4
504 17
508 21
492 5
491 6
503 16
510 23
501 14
497 10
498 11
509 23
507 21
488 4
502 16
489 3
491 5
488 2
495 9
501 15
503 17
511 25
504 18
496 10
486 0
508 22
506 20
497 11
507 22
494 9
496 11
497 12
488 5
495 10
511 26
485 0
503 18
493 8
502 17
506 21
508 23
486 1
510 25
500 15
501 16
498 13
490 5
489 4
487 2
509 24
499 15
493 9
489 5
500 16
511 27
502 18
506 22
492 8
507 23
487 3
488 6
509 25
497 13
508 24
498 14
485 1
484 0
496 12
494 10
503 19
486 2
501 17
507 24
502 19
485 2
486 3
495 12
498 15
501 18
511 28
491 8
494 11
509 26
489 6
508 25
497 14
510 27
484 1
499 16
500 17
505 22
492 9
493 10
504 21
496 13
490 7
483 1
501 19
508 26
511 29
489 7
497 15
500 18
510 28
496 14
499 17
509 27
504 22
505 23
503 21
491 9
494 12
507 25
495 13
484 2
498 16
482 0
490 8
485 3
493 11
506 25
504 23
498 17
508 27
507 26
494 13
505 24
499 18
501 20
492 11
509 28
502 21
490 9
482 1
511 30
486 5
495 14
493 12
503 22
510 29
485 4
500 19
481 0
496 15
489 8
483 2
484 3
511 31
489 11
498 18
496 16
505 25
484 4
500 20
491 11
499 19
509 29
501 21
502 22
481 1
480 0
488 8
490 10
507 27
504 24
486 6
493 13
483 3
494 14
485 5
492 12
482 2
497 17
495 16
492 13
494 15
500 21
488 11
478 1
490 11
501 22
481 2
483 4
509 30
482 3
489 10
499 20
479 0
498 19
506 27
487 8
496 17
508 29
491 12
511 32
484 5
507 28
493 14
485 6
510 31
480 1
488 9
504 25
486 7
509 31
507 29
510 32
478 2
499 21
491 13
483 5
488 10
506 28
509 33
490 12
495 17
492 14
477 1
481 3
496 18
498 20
483 7
504 26
497 19
482 4
485 7
505 27
479 1
503 27
487 9
501 23
503 25
493 15
506 30
478 0
511 33
486 8
484 6
508 30
496 19
493 16
492 15
504 27
486 9
503 26
482 5
502 25
506 29
499 22
494 17
482 7
508 33
484 7
483 6
501 24
510 33
500 23
480 3
477 0
502 29
498 21
479 2
490 13
507 30
503 28
495 18
505 28
491 14
508 31
509 32
487 10
497 21
476 0
510 34
484 8
493 17
479 3
486 10
499 23
507 31
482 6
480 4
503 29
501 29
479 5
500 24
511 35
498 22
494 18
490 14
496 20
502 30
481 5
499 25
492 16
505 29
502 26
504 28
508 32
489 13
495 19
485 10
511 36
474 1
484 9
500 25
501 26
481 6
496 23
490 15
503 30
496 21
480 5
475 0
497 22
507 32
498 23
492 17
488 13
510 35
479 4
504 29
499 24
501 28
494 19
493 20
489 14
474 0
475 1
496 22
501 27
493 19
497 23
477 3
492 18
478 4
488 14
510 36
500 28
506 32
504 30
483 9
494 20
487 13
498 24
493 21
509 35
500 26
489 15
491 17
480 6
503 31
484 10
492 19
504 31
508 35
486 13
473 0
494 21
485 12
489 16
506 33
488 15
484 13
475 2
497 24
483 10
484 11
507 34
490 17
477 4
499 28
509 36
495 22
487 14
476 3
480 7
500 27
491 18
486 16
497 25
489 19
484 12
487 15
488 16
498 28
507 35
486 14
508 36
476 4
477 5
499 27
483 11
475 3
498 26
504 32
505 33
472 0
485 13
491 19
480 8
490 18
494 22
506 34
479 7
511 40
494 23
504 33
495 24
496 25
482 11
497 26
471 0
489 18
476 5
485 14
506 35
505 34
487 16
510 39
479 8
498 27
507 36
472 1
508 37
483 12
488 17
490 19
474 3
480 9
486 15
495 25
504 36
508 38
475 5
471 1
472 2
497 27
482 12
490 20
479 9
505 35
491 21
485 15
473 3
507 37
509 39
494 24
503 33
473 5
488 18
506 36
487 17
502 32
476 6
504 34
510 40
480 10
511 41
470 0
503 34
487 20
491 22
506 37
490 21
495 26
476 7
472 3
493 24
473 4
481 12
510 41
505 36
508 39
474 5
475 6
504 35
501 32
511 42
496 27
487 18
484 15
494 25
502 33
483 16
480 11
470 1
479 10
484 16
470 2
507 39
495 27
494 26
472 4
509 41
480 12
493 25
479 11
506 38
489 21
486 20
487 21
491 23
492 24
475 7
474 6
478 10
487 19
471 3
488 20
505 37
483 17
486 18
496 28
490 22
500 32
469 1
476 8
501 33
511 43
503 35
497 29
469 2
479 12
470 3
502 35
495 28
481 14
502 37
494 27
511 44
500 33
480 13
497 30
486 19
511 48
474 7
490 23
505 38
509 42
471 4
468 1
491 24
489 22
484 17
506 39
475 8
496 29
492 25
477 10
499 32
478 11
488 21
485 18
501 37
474 8
511 45
496 30
484 18
471 5
481 15
505 39
502 36
469 3
494 28
480 14
506 40
495 29
485 19
489 23
477 11
476 10
492 26
510 44
502 38
470 4
504 38
509 43
490 24
493 27
488 22
499 33
511 47
508 42
503 37
510 48
507 41
479 13
467 1
473 7
489 24
473 8
510 47
493 28
484 19
504 39
510 45
490 25
499 34
509 44
501 36
476 11
472 7
500 35
503 38
477 12
468 3
474 11
505 40
492 27
475 10
507 42
496 31
478 13
491 26
467 2
498 33
506 41
480 15
481 16
471 6
488 23
469 4
479 14
474 9
511 46
494 29
500 37
508 43
480 16
506 42
474 10
468 4
505 41
508 44
500 36
478 14
499 37
491 27
492 28
494 30
482 18
467 3
472 8
471 7
489 25
509 45
490 26
469 5
479 15
510 46
464 2
485 21
487 23
503 39
470 6
475 11
507 43
483 19
493 29
504 40
498 34
481 17
495 31
477 13
476 12
466 2
496 32
499 35
484 20
498 35
497 34
464 1
506 43
465 6
463 0
503 40
466 3
468 5
477 14
484 21
485 22
479 16
493 30
491 28
509 46
475 12
487 24
481 18
489 26
508 45
496 33
499 36
488 25
505 42
476 13
470 7
490 27
473 10
478 15
486 23
465 2
469 6
483 20
466 5
472 9
507 44
495 32
482 19
471 8
494 31
467 4
492 30
466 6
485 23
498 36
487 25
468 6
483 21
501 39
470 8
489 27
477 15
496 34
506 44
490 28
469 7
480 18
478 16
475 13
505 43
504 42
467 5
465 3
476 14
503 41
482 20
494 32
502 40
466 4
488 26
465 5
497 35
481 19
508 46
472 10
462 0
495 33
463 1
493 31
476 15
467 6
483 22
471 10
469 8
506 45
497 36
489 28
485 24
487 26
461 0
473 12
469 10
482 21
480 19
481 20
462 1
492 31
494 33
477 16
495 34
464 5
501 40
474 13
503 42
470 9
500 39
479 18
502 41
496 35
507 46
484 23
472 11
465 4
504 43
508 47
488 27
505 49
491 31
484 24
493 33
488 28
480 20
506 46
476 16
471 11
511 51
487 27
481 21
469 9
460 0
490 32
495 35
503 43
468 8
478 18
492 32
463 3
483 23
502 42
497 37
472 12
473 13
501 41
506 48
494 34
489 29
500 40
461 1
507 47
504 44
505 45
467 7
470 10
464 4
460 1
501 42
479 20
486 27
496 39
462 3
500 41
482 23
463 4
474 15
478 19
496 37
473 14
505 48
492 33
493 34
504 49
467 8
491 32
504 45
494 35
510 51
477 18
481 22
502 43
476 17
490 33
499 40
470 11
505 50
488 29
459 0
497 38
506 47
475 16
468 9
471 12
483 24
487 28
467 10
505 46
511 52
480 21
507 48
489 30
498 39
500 42
497 39
458 0
476 18
507 49
509 51
482 24
501 43
471 13
481 23
462 4
491 33
493 35
470 12
475 17
488 30
473 15
506 50
483 25
480 22
486 28
474 16
494 36
460 2
495 37
504 46
492 34
510 52
479 21
499 41
495 39
498 40
496 40
459 1
467 11
502 44
504 48
496 38
477 19
505 47
487 29
461 3
466 8
467 9
471 14
486 29
488 31
483 26
500 43
507 50
480 23
510 53
474 19
495 38
476 19
475 18
501 44
493 36
473 16
458 1
498 41
474 17
464 7
482 25
503 46
461 4
494 39
destination
