map
random512-20-6.map
pivot
217 427
agent & start
507 17
495 5
499 9
504 14
505 15
509 19
500 10
494 4
492 2
506 18
498 8
502 12
496 6
493 3
508 18
506 16
491 1
503 13
500 11
498 9
490 1
496 7
506 17
510 21
504 15
509 20
499 10
495 6
511 22
505 16
501 12
491 2
497 8
508 19
493 6
503 14
493 4
492 3
502 14
503 15
511 23
509 21
492 6
501 13
496 8
508 20
493 5
504 16
490 2
492 4
495 7
498 10
505 17
491 3
499 11
510 22
511 24
491 4
498 11
509 22
510 23
492 5
497 10
489 2
504 17
503 16
502 15
495 8
491 6
501 14
507 20
490 3
508 21
504 18
511 25
502 16
501 15
488 2
506 20
497 11
496 10
508 22
495 9
509 23
486 0
507 21
489 3
491 5
488 4
503 17
494 9
498 13
507 22
493 8
502 17
503 18
496 11
485 0
508 23
510 25
500 15
497 12
509 24
506 21
490 5
488 5
489 4
487 2
495 10
501 16
511 26
486 1
509 25
486 2
496 12
497 13
485 1
508 24
498 14
493 9
501 17
489 5
500 16
511 27
503 19
502 18
492 8
506 22
494 10
488 6
484 0
499 15
487 3
507 23
494 11
493 10
511 28
501 18
495 12
509 26
499 16
484 1
491 8
492 9
505 22
486 3
510 27
507 24
504 21
489 6
490 7
496 13
502 19
497 14
500 17
508 25
485 2
498 15
510 28
483 1
509 27
485 3
496 14
491 9
493 11
505 23
503 21
500 18
489 7
511 29
494 12
501 19
490 8
499 17
495 13
484 2
508 26
507 25
497 15
498 16
504 22
482 0
499 18
486 5
500 19
504 23
496 15
492 11
509 28
501 20
506 25
498 17
507 26
494 13
510 29
481 0
483 2
503 22
482 1
495 14
485 4
490 9
502 21
489 8
508 27
493 12
505 24
511 30
484 3
501 21
486 6
502 22
482 2
507 27
492 12
481 1
498 18
493 13
483 3
499 19
504 24
488 8
496 16
511 31
484 4
509 29
497 17
491 11
489 11
494 14
505 25
480 0
500 20
485 5
490 10
481 2
498 19
507 28
501 22
490 11
484 5
510 31
495 16
508 29
494 15
488 9
488 11
504 25
480 1
493 14
511 32
489 10
509 30
478 1
479 0
482 3
496 17
506 27
487 8
499 20
500 21
491 12
492 13
483 4
486 7
485 6
499 21
509 31
501 23
479 1
486 8
495 17
482 4
511 33
497 19
485 7
492 14
508 30
506 30
493 15
478 0
506 28
504 26
503 25
483 7
491 13
509 33
483 5
503 27
490 12
477 1
488 10
496 18
507 29
484 6
498 20
487 9
481 3
478 2
510 32
505 27
491 14
477 0
484 7
505 28
508 31
499 22
498 21
482 7
494 17
507 30
496 19
509 32
479 2
495 18
503 28
486 9
492 15
493 16
501 24
510 33
480 3
506 29
502 29
490 13
487 10
503 26
502 25
500 23
483 6
482 5
508 33
504 27
500 24
508 32
490 14
494 18
481 5
497 21
502 26
499 23
479 5
504 28
507 31
482 6
495 19
503 29
501 29
486 10
510 34
492 16
484 8
476 0
502 30
498 22
480 4
505 29
499 25
479 3
496 20
493 17
489 13
511 35
510 35
511 36
501 26
498 23
504 29
485 10
479 4
474 1
481 6
488 13
507 32
501 28
490 15
484 9
497 22
493 20
489 14
492 17
503 30
496 21
494 19
500 25
499 24
480 5
496 23
475 0
478 4
474 0
492 18
509 35
488 14
480 6
500 26
477 3
500 28
498 24
494 20
506 32
483 9
475 1
504 30
501 27
496 22
493 21
484 10
487 13
510 36
491 17
503 31
497 23
493 19
489 15
483 10
484 13
488 15
492 19
495 22
507 34
494 21
508 35
491 18
473 0
480 7
499 28
485 12
489 16
506 33
490 17
477 4
476 3
487 14
497 24
475 2
504 31
500 27
486 13
509 36
484 11
507 35
494 22
488 16
508 36
476 4
486 16
498 26
498 28
483 11
489 19
487 15
505 33
499 27
486 14
479 7
497 25
472 0
485 13
477 5
504 32
506 34
480 8
475 3
490 18
491 19
484 12
494 23
487 16
489 18
504 33
510 39
507 36
479 8
508 37
482 11
471 0
483 12
480 9
495 24
485 14
474 3
505 34
472 1
511 40
488 17
506 35
496 25
498 27
486 15
490 19
497 26
476 5
487 17
505 35
507 37
510 40
472 2
509 39
504 34
476 6
491 21
490 20
473 3
502 32
494 24
479 9
470 0
482 12
511 41
488 18
495 25
503 33
497 27
485 15
480 10
506 36
475 5
473 5
504 36
471 1
508 38
503 34
493 24
502 33
470 1
479 10
495 26
504 35
476 7
491 22
510 41
480 11
473 4
511 42
508 39
506 37
483 16
496 27
475 6
490 21
472 3
501 32
484 15
481 12
487 20
487 18
474 5
505 36
494 25
480 12
484 16
492 24
478 10
479 11
483 17
469 1
500 32
496 28
474 6
487 19
507 39
503 35
501 33
486 20
493 25
488 20
472 4
509 41
491 23
487 21
489 21
490 22
505 37
471 3
486 18
494 26
495 27
511 43
506 38
476 8
475 7
497 29
470 2
496 29
509 42
511 48
488 21
502 37
497 30
481 14
484 17
469 2
490 23
474 7
470 3
506 39
475 8
499 32
478 11
486 19
471 4
492 25
505 38
480 13
511 44
500 33
485 18
494 27
489 22
495 28
502 35
477 10
491 24
479 12
468 1
494 28
499 33
488 22
484 18
508 42
473 7
506 40
492 26
476 10
470 4
502 36
471 5
489 23
504 38
495 29
496 30
510 44
469 3
511 45
503 37
509 43
474 8
511 47
479 13
485 19
477 11
480 14
510 48
493 27
467 1
507 41
490 24
481 15
502 38
501 37
505 39
490 25
510 45
488 23
474 9
473 8
501 36
511 46
468 3
477 12
467 2
491 26
492 27
506 41
509 44
480 15
484 19
500 35
508 43
478 13
500 37
504 39
496 31
475 10
493 28
489 24
474 11
507 42
498 33
503 38
472 7
494 29
471 6
499 34
505 40
481 16
476 11
479 14
469 4
510 47
481 17
505 41
480 16
498 34
468 4
470 6
475 11
474 10
504 40
483 19
467 3
484 20
482 18
495 31
491 27
494 30
466 2
509 45
499 37
477 13
508 44
469 5
500 36
472 8
479 15
464 2
499 35
471 7
496 32
487 23
493 29
489 25
507 43
506 42
492 28
490 26
510 46
485 21
503 39
478 14
476 12
467 4
466 5
486 23
469 6
493 30
507 44
496 33
477 14
466 3
465 2
509 46
478 15
468 5
464 1
473 10
489 26
476 13
479 16
487 24
488 25
470 7
494 31
463 0
471 8
506 43
485 22
499 36
491 28
483 20
498 35
472 9
481 18
482 19
508 45
497 34
505 42
495 32
490 27
503 40
475 12
465 6
484 21
493 31
472 10
501 39
505 43
466 6
483 21
465 5
475 13
470 8
463 1
468 6
478 16
487 25
503 41
485 23
469 7
488 26
504 42
476 14
489 27
477 15
462 0
482 20
496 34
490 28
467 5
492 30
506 44
508 46
494 32
495 33
498 36
502 40
480 18
465 3
481 19
497 35
466 4
462 1
465 4
482 21
469 10
473 12
467 6
500 39
502 41
495 34
483 22
471 10
484 23
479 18
494 33
461 0
470 9
481 20
469 8
472 11
488 27
476 15
508 47
504 43
492 31
496 35
507 46
506 45
485 24
501 40
489 28
474 13
477 16
480 19
464 5
497 36
487 26
503 42
492 32
495 35
480 20
506 48
472 12
473 13
501 41
494 34
461 1
507 47
491 31
506 46
504 44
493 33
505 49
487 27
471 11
476 16
505 45
484 24
478 18
490 32
464 4
481 21
489 29
463 3
502 42
497 37
500 40
467 7
511 51
483 23
468 8
469 9
488 28
470 10
460 0
503 43
460 1
478 19
490 33
491 32
497 38
474 15
505 46
476 17
504 45
506 47
489 30
505 50
468 9
471 12
463 4
498 39
462 3
494 35
467 8
499 40
477 18
473 14
496 39
483 24
481 22
504 49
486 27
492 33
475 16
511 52
467 10
479 20
502 43
493 34
501 42
480 21
487 28
470 11
488 29
500 41
505 48
496 37
507 48
459 0
482 23
510 51
509 51
488 30
501 43
483 25
479 21
461 3
471 13
507 49
499 41
502 44
467 11
494 36
459 1
460 2
467 9
481 23
496 40
473 15
493 35
495 37
476 18
487 29
506 50
480 22
492 34
477 19
495 39
470 12
475 17
500 42
474 16
496 38
505 47
462 4
504 48
504 46
497 39
466 8
458 0
510 52
491 33
486 28
482 24
498 40
488 31
501 44
469 12
474 19
458 1
504 47
493 36
468 11
495 38
473 16
474 17
497 40
464 7
461 4
482 25
508 51
494 37
503 46
459 2
480 23
476 19
466 9
472 15
457 0
483 26
494 39
481 24
507 50
471 14
498 41
485 28
479 22
510 53
509 52
486 29
491 34
499 42
487 30
465 8
477 20
500 43
475 18
480 24
459 3
501 45
486 30
509 53
491 35
482 26
458 2
479 23
503 47
472 16
500 44
487 31
477 21
474 20
465 9
502 46
463 7
493 37
456 0
507 51
497 41
484 28
488 32
492 36
474 18
476 20
461 5
508 52
481 25
485 29
470 14
494 38
473 17
510 54
464 8
460 4
499 43
457 1
471 15
468 12
483 27
502 47
461 6
476 21
481 26
487 32
459 4
479 24
462 7
480 25
500 45
455 0
478 23
509 54
460 5
499 44
456 1
457 2
475 20
491 36
497 42
464 9
465 10
507 52
483 28
501 46
485 30
484 29
482 27
471 16
468 13
473 18
472 17
493 38
470 15
477 22
492 37
463 8
486 31
508 53
481 27
475 21
456 2
492 38
472 18
459 5
477 23
483 29
455 1
463 9
509 55
479 25
484 30
467 13
454 0
497 43
500 46
468 14
486 32
501 47
470 16
471 17
499 45
511 57
496 42
507 53
469 15
476 22
502 48
510 56
462 8
460 6
487 33
506 52
480 26
476 24
478 24
465 11
491 37
483 30
510 57
491 38
461 8
511 58
480 27
496 43
475 22
467 14
453 0
494 41
499 46
486 33
466 13
509 56
464 11
508 57
471 18
476 23
478 25
479 26
455 2
484 31
482 29
468 15
470 17
456 3
501 48
481 28
460 7
454 1
488 35
506 53
459 6
490 37
497 44
469 16
485 32
505 52
500 47
489 36
477 24
462 9
466 14
508 58
455 3
477 25
459 7
484 32
471 19
457 5
465 13
505 53
493 41
487 35
475 23
504 52
483 31
495 45
501 49
497 45
506 54
453 1
495 43
460 8
468 16
507 55
508 56
467 15
469 17
494 42
461 9
478 26
462 10
474 22
473 21
510 58
490 38
498 46
488 36
489 37
472 20
481 29
486 34
496 44
456 4
500 48
479 27
509 57
463 11
452 0
485 34
470 19
494 43
483 32
507 56
495 44
472 21
496 45
506 55
466 15
471 20
467 16
469 18
499 48
460 9
478 27
461 10
492 41
487 36
457 6
498 47
509 58
505 54
500 49
453 2
479 28
488 37
473 22
451 0
503 52
490 39
474 23
452 1
465 14
477 26
484 33
458 7
463 12
459 8
501 52
493 42
489 38
456 5
511 60
468 17
459 10
480 29
455 4
473 23
475 25
464 14
458 8
504 54
500 50
486 36
472 22
483 33
485 35
505 55
492 42
479 29
502 52
468 18
470 20
459 9
460 10
452 2
465 15
469 19
455 5
499 49
510 60
503 53
466 16
476 26
493 43
487 37
451 1
488 38
478 28
494 44
501 51
496 46
474 24
489 39
506 56
450 0
454 4
509 59
457 7
491 41
484 34
467 17
477 27
462 12
497 47
456 6
498 48
511 61
463 14
498 49
450 1
491 42
469 20
485 36
474 25
504 55
461 12
472 23
476 27
471 22
477 28
486 37
449 0
467 18
509 60
493 44
454 5
502 53
479 30
511 62
470 21
503 54
456 7
505 56
453 4
492 43
464 15
483 34
465 16
452 3
488 39
475 26
462 13
451 2
460 11
489 40
458 9
510 61
457 8
468 19
497 48
481 32
484 35
490 41
499 50
478 29
500 51
496 47
482 35
485 37
511 63
472 24
477 29
470 22
503 55
487 39
462 14
489 41
475 27
449 1
474 26
471 23
461 13
511 65
497 49
491 43
483 35
492 44
486 38
453 5
478 30
504 56
495 47
493 45
460 12
480 32
482 34
465 17
496 48
455 7
463 15
484 36
450 2
498 50
502 54
466 18
490 42
476 28
508 60
505 57
510 62
457 9
499 51
451 3
488 40
452 4
468 20
481 33
454 6
473 25
501 54
454 7
489 42
475 28
468 21
470 23
502 55
464 17
498 51
497 50
455 8
510 65
504 57
461 14
456 9
494 47
481 34
492 45
460 13
491 44
499 52
465 18
496 49
493 46
462 15
469 22
509 62
484 37
449 2
474 27
507 60
490 43
480 33
471 24
472 25
486 39
511 64
466 19
488 41
459 12
452 5
510 63
495 48
479 32
508 61
485 38
483 36
476 29
487 40
473 26
450 3
477 30
468 22
498 52
500 54
459 13
509 63
489 43
462 16
492 46
502 56
496 50
475 29
501 55
487 41
480 34
508 62
493 47
461 15
466 20
506 60
454 8
467 21
449 3
456 10
485 39
453 7
476 30
465 19
488 42
455 9
490 44
448 2
499 53
474 28
450 4
479 33
460 14
451 5
469 23
483 37
478 32
495 49
473 27
472 26
470 24
497 51
503 57
486 40
464 18
510 64
507 61
491 45
454 9
477 32
456 11
492 47
500 55
448 3
465 20
462 17
496 51
504 61
460 15
480 35
469 24
466 21
467 22
449 4
476 31
475 30
508 63
493 48
494 49
463 18
458 13
499 54
506 61
451 6
479 34
488 43
473 28
461 16
499 56
507 62
490 45
489 44
509 64
468 23
464 19
453 8
447 2
483 38
478 33
455 10
484 39
474 29
486 41
498 53
471 26
495 50
502 57
452 7
482 37
503 58
491 47
458 14
473 29
459 15
484 40
476 32
475 31
500 56
501 57
466 22
482 38
490 46
455 11
495 51
454 10
446 2
478 34
494 50
479 35
453 9
505 61
503 59
461 17
492 48
493 49
470 26
487 43
486 42
480 36
474 30
504 62
477 33
499 55
508 64
488 44
450 6
464 20
460 16
448 4
502 58
467 23
451 7
489 45
449 5
469 25
507 63
468 24
483 39
485 41
497 53
462 18
496 52
465 21
498 54
456 12
468 25
479 36
464 21
495 52
497 54
467 24
511 70
455 12
454 11
477 34
494 51
466 23
463 20
486 43
496 53
475 32
503 60
478 35
509 66
511 68
498 55
447 4
493 50
451 8
489 46
500 57
510 67
472 29
482 39
448 5
470 27
492 49
453 10
445 2
458 15
444 3
456 13
450 7
437 0
474 31
501 58
449 6
506 63
487 44
505 62
491 48
461 18
469 26
483 40
465 22
507 64
485 42
459 16
473 30
484 41
491 49
502 60
488 46
455 13
507 65
493 51
461 19
482 40
464 22
511 69
448 6
452 10
484 42
457 15
478 36
505 63
444 4
456 14
445 3
438 0
509 67
463 21
508 66
467 25
489 47
458 16
450 8
497 55
437 1
473 35
475 33
492 50
454 12
473 31
446 4
485 43
465 23
462 22
483 41
479 37
495 53
500 58
501 59
459 17
481 39
453 11
474 32
451 9
487 45
494 52
506 64
476 34
486 44
510 68
470 28
460 18
462 20
510 70
468 26
472 30
454 13
490 49
487 46
448 7
473 32
508 67
482 41
480 39
481 40
457 16
459 18
479 38
451 10
476 35
474 35
499 58
470 29
505 64
474 33
439 0
453 12
461 22
460 23
462 21
492 51
445 4
441 0
491 50
472 31
438 1
466 25
497 56
471 30
452 11
510 69
507 66
478 37
475 34
455 14
458 17
467 26
506 65
447 6
494 53
477 36
488 47
483 42
468 27
456 27
437 2
489 48
485 44
449 8
461 20
501 60
495 54
502 61
473 34
464 23
472 35
450 9
465 24
473 33
459 25
505 65
441 1
456 26
460 20
461 21
476 36
455 15
498 58
446 6
483 43
495 55
471 31
470 30
445 5
496 56
481 41
479 43
492 52
506 66
477 37
500 60
484 44
457 27
491 51
453 13
487 47
452 12
447 7
440 0
448 10
486 46
480 40
463 23
466 26
485 45
475 35
490 50
488 48
509 69
493 53
472 34
460 22
480 42
465 25
454 14
479 39
456 28
508 68
467 27
494 54
458 18
451 11
501 61
461 23
489 49
499 59
456 16
509 73
478 38
449 9
438 2
509 72
450 11
460 25
480 41
492 53
458 19
506 67
454 15
468 29
457 18
486 47
499 60
498 59
497 58
463 24
485 46
479 42
484 45
507 68
510 73
503 74
467 28
504 65
466 27
449 10
494 55
488 49
461 24
483 46
476 37
477 38
475 36
438 3
460 21
457 28
465 26
471 34
458 27
496 57
448 9
451 12
452 13
491 52
457 26
445 6
471 32
447 10
483 44
459 26
472 33
490 51
493 54
455 16
478 39
500 61
495 56
459 24
459 20
470 31
459 22
489 50
508 69
469 30
478 43
440 1
464 25
446 7
481 42
448 11
471 33
440 2
463 25
443 5
460 26
459 27
459 21
508 70
469 31
465 27
503 65
449 11
497 59
510 74
499 61
509 71
505 67
458 20
445 7
446 8
444 6
481 43
439 3
464 26
504 66
493 55
448 12
457 19
479 41
468 32
495 57
494 56
454 16
490 52
507 69
470 32
489 51
461 25
485 47
441 3
482 44
483 47
476 38
477 39
486 48
468 30
447 9
503 73
487 49
466 28
destination
