map
random512-15-0.map
pivot
308 249
agent & start
46 487
36 477
60 501
6 51
40 481
37 478
10 47
39 18
67 508
54 3
4 445
15 42
54 495
57 498
24 33
20 37
55 2
36 21
13 44
45 486
3 54
27 468
49 490
18 459
27 30
0 441
29 28
46 11
51 492
43 14
50 491
8 49
52 493
25 32
19 38
35 22
3 444
34 475
34 23
2 443
44 485
56 497
5 446
23 464
64 505
70 511
53 494
44 15
24 465
16 41
6 447
51 486
15 456
4 53
40 17
31 472
14 455
35 476
12 45
11 46
2 55
30 27
61 502
49 488
45 12
14 43
38 479
52 5
10 451
5 444
29 30
13 454
19 460
8 449
48 489
62 503
28 469
30 471
1 442
47 488
69 510
44 13
59 500
58 499
26 467
51 6
9 48
39 480
57 0
11 452
33 474
41 16
68 509
55 496
29 470
1 56
48 9
20 461
22 35
5 52
50 487
9 450
65 506
42 483
21 38
16 457
49 8
63 504
22 463
33 24
44 14
55 495
64 504
9 449
19 39
26 32
47 487
7 447
60 500
44 484
13 45
24 34
31 471
11 451
56 496
22 36
18 458
18 40
69 509
48 488
29 29
12 452
3 443
46 486
58 498
59 499
40 18
63 503
29 469
2 442
40 480
62 502
26 466
61 501
69 507
21 37
23 463
28 468
17 457
0 440
15 455
20 38
53 5
35 23
52 6
34 474
11 47
49 487
58 0
32 472
56 2
42 482
46 12
27 31
13 453
10 48
8 448
21 461
25 465
55 3
19 459
20 460
34 24
30 470
57 497
41 17
50 8
9 49
47 11
45 485
33 25
65 505
36 22
37 477
70 510
14 44
27 467
49 489
52 492
51 487
14 454
8 50
17 41
5 445
4 54
36 476
50 488
51 491
16 42
7 51
destination
