map
random512-35-7.map
pivot
483 433
agent & start
34 130
105 49
87 77
115 35
96 82
41 121
93 61
12 180
47 115
111 39
122 30
13 179
80 82
40 120
101 53
66 116
35 125
91 67
15 173
63 107
34 138
117 35
104 50
94 60
60 112
16 174
84 78
66 90
23 151
85 77
10 166
97 83
69 89
132 26
106 50
65 91
48 116
62 108
124 30
64 96
82 80
24 150
91 63
79 83
63 93
120 32
36 124
86 78
36 128
83 79
14 172
89 75
28 138
14 156
18 154
89 65
35 131
15 155
44 116
42 118
11 181
108 52
112 39
12 181
104 51
29 138
15 156
18 155
107 52
62 117
61 112
97 84
66 115
36 129
36 125
92 63
94 81
44 117
102 53
92 67
63 94
17 174
120 33
82 81
99 56
113 38
99 58
66 91
10 165
41 120
65 116
88 77
24 149
42 121
32 137
24 151
17 154
94 61
85 78
37 124
69 90
123 30
133 26
90 65
95 80
67 118
86 79
105 50
100 59
42 119
84 79
36 131
89 76
115 36
64 95
33 138
65 92
35 130
98 81
63 108
96 81
117 36
15 172
132 27
16 173
103 52
83 80
47 116
43 118
91 64
13 180
80 83
66 117
232 26
67 117
64 116
24 148
82 82
62 112
96 80
99 57
63 117
112 40
80 84
121 33
37 125
63 109
84 80
11 165
113 39
98 80
115 37
106 52
29 139
211 21
64 94
42 120
100 56
66 118
95 79
79 85
26 146
62 114
43 121
100 58
83 81
65 117
17 173
64 108
212 10
47 117
105 51
97 81
97 85
93 67
78 86
31 137
85 79
91 79
88 78
24 152
94 80
89 77
65 115
133 27
46 116
15 171
103 53
12 182
36 130
43 119
63 115
18 156
117 39
94 62
68 118
91 65
117 37
33 139
32 138
13 181
65 93
101 59
123 31
69 91
93 81
114 38
104 52
66 92
17 155
61 117
44 118
93 63
67 91
16 156
98 79
100 57
94 63
93 66
64 115
44 119
97 86
12 165
90 77
65 94
104 53
85 80
79 86
232 25
77 86
212 21
105 52
119 36
211 20
122 33
92 79
97 80
133 28
68 119
68 117
18 157
95 78
81 84
43 120
65 118
89 78
116 39
37 130
90 79
117 38
80 85
64 117
101 56
113 40
63 118
15 182
60 117
13 182
115 38
91 80
66 93
17 156
25 148
92 81
32 139
84 81
123 32
213 22
102 59
213 10
17 172
91 78
94 79
47 118
95 62
45 118
14 159
27 146
31 138
103 54
25 152
67 92
106 53
93 82
16 157
12 183
231 26
30 139
103 60
46 117
78 87
212 11
96 85
64 109
68 91
96 87
83 82
26 147
62 113
16 171
63 114
92 65
88 79
38 125
91 81
38 130
89 79
68 120
125 33
96 88
93 65
95 63
211 19
114 40
15 159
15 183
96 86
63 113
102 56
118 38
44 120
46 118
105 53
66 94
120 36
64 110
103 61
91 77
13 183
134 28
104 54
14 182
85 81
68 92
101 57
92 78
76 86
95 85
115 39
18 172
84 82
65 119
94 78
123 33
26 148
39 125
38 126
122 34
213 21
45 119
103 59
17 157
13 161
67 93
80 86
96 78
17 171
64 114
213 11
88 80
119 37
28 146
214 22
82 84
231 25
94 64
97 79
230 26
14 160
26 152
31 139
60 118
32 140
79 87
64 118
93 83
69 117
13 165
67 94
94 85
76 87
230 25
109 56
68 121
70 117
103 56
49 120
27 152
214 11
95 88
210 7
216 13
13 164
104 61
91 76
14 183
111 58
97 78
45 120
13 162
95 86
32 141
50 121
79 88
209 18
64 111
213 20
26 153
134 29
59 118
46 119
120 37
213 8
124 33
82 85
98 77
27 148
91 82
94 65
214 21
135 28
38 127
89 80
93 78
14 161
26 151
103 58
64 119
69 122
84 83
68 93
65 120
67 120
109 58
213 12
95 64
92 77
42 123
90 81
39 130
105 54
122 37
102 57
126 33
114 41
212 19
115 40
18 171
211 18
81 86
31 140
85 82
16 159
40 125
78 89
231 24
123 34
215 22
64 113
92 83
28 147
119 38
96 77
94 77
17 158
92 76
211 17
14 164
212 16
78 90
95 89
210 18
28 148
216 12
85 83
214 20
93 77
39 127
80 88
229 25
214 12
28 154
89 81
209 17
210 4
108 56
66 110
121 37
40 126
120 38
97 77
46 120
31 141
213 7
66 120
27 151
216 22
117 41
64 120
42 124
destination
