map
random512-30-9.map
pivot
455 65
agent & start
16 312
98 406
189 489
119 429
79 385
133 443
36 328
129 439
45 347
42 344
6 300
153 461
78 378
43 349
206 500
138 448
183 483
70 376
68 368
207 495
73 379
95 403
168 472
43 343
90 398
180 482
160 468
66 370
186 486
11 309
132 442
135 445
78 386
49 355
188 490
56 362
39 339
158 468
3 295
100 408
97 405
181 479
109 407
154 460
123 433
23 319
124 434
157 467
117 427
38 340
94 402
162 466
37 329
44 350
69 375
151 461
131 441
36 336
213 511
120 428
38 326
163 467
67 373
79 387
114 424
75 381
122 432
59 365
10 308
44 346
65 371
128 438
22 318
112 420
83 391
88 390
76 380
156 464
109 415
141 451
185 487
74 380
82 390
9 303
36 330
36 334
38 338
107 409
41 343
34 326
8 306
87 391
157 463
110 418
205 501
12 310
2 294
184 486
109 413
159 469
206 504
37 327
190 492
152 462
66 372
181 483
118 428
109 417
7 301
171 473
79 379
96 404
189 491
26 324
127 437
205 503
9 307
37 335
72 378
161 467
35 327
39 341
139 449
204 502
108 412
28 326
137 447
110 414
179 481
5 297
125 435
111 407
183 485
30 326
156 466
126 436
81 389
134 444
108 408
44 348
206 494
71 377
155 465
112 422
207 494
110 417
129 438
6 297
10 307
158 467
145 454
127 436
191 492
79 386
101 408
78 377
38 329
109 416
180 479
59 364
185 486
27 324
87 390
9 302
66 371
37 326
156 465
96 403
17 312
180 481
140 449
8 301
125 434
117 426
171 472
39 338
135 444
12 309
98 405
72 377
119 428
16 311
50 355
58 363
142 451
69 374
123 432
113 422
14 311
30 325
169 472
52 357
39 340
40 341
83 390
22 317
68 373
182 483
207 504
36 327
117 424
36 331
11 308
183 484
214 511
28 325
82 389
115 424
55 360
46 347
26 323
111 408
24 319
109 412
56 361
124 433
73 378
79 378
37 330
111 418
110 407
67 370
141 450
42 343
7 300
186 485
181 482
138 447
38 337
206 503
9 306
132 441
38 327
133 442
205 502
13 310
131 440
109 408
68 369
139 448
57 362
143 450
110 415
153 460
170 473
160 467
207 500
44 349
157 464
37 336
84 391
151 460
163 466
35 326
126 435
108 411
94 401
134 441
3 294
15 312
86 391
51 356
189 490
37 334
4 295
2 293
49 354
75 380
157 466
70 375
162 465
41 342
74 379
181 480
112 421
29 326
114 423
128 437
60 365
152 461
45 346
184 485
5 296
108 409
90 397
136 445
159 468
206 501
71 376
141 449
67 371
158 464
2 292
86 390
11 303
181 481
113 421
128 436
7 297
83 389
45 349
40 340
61 365
15 311
137 445
131 439
206 502
138 446
56 360
208 504
11 307
91 397
184 484
109 411
29 325
96 402
185 485
36 332
10 302
47 347
71 375
191 489
112 418
12 308
127 435
53 357
3 293
92 398
5 295
79 377
215 511
73 377
191 491
146 454
125 433
17 311
136 444
13 309
74 378
28 324
37 333
58 360
8 296
109 409
68 370
93 399
26 322
208 494
180 478
190 490
27 323
126 434
62 366
152 460
6 298
25 321
134 440
75 379
14 310
46 348
6 296
24 320
163 465
142 450
108 410
50 354
110 416
124 432
39 337
7 299
52 356
69 373
117 425
39 327
159 467
23 317
110 408
170 472
129 437
90 396
116 424
101 407
182 482
25 319
207 501
58 362
186 484
135 441
16 310
157 465
115 423
36 326
111 417
46 346
98 404
143 451
39 329
94 400
144 452
133 441
72 376
38 336
113 419
30 324
80 386
132 440
59 363
118 424
145 453
119 427
68 372
114 422
38 330
82 388
57 361
84 390
9 301
117 423
42 342
37 325
55 359
37 331
10 306
139 447
51 355
12 307
28 323
17 310
141 448
185 484
1 290
85 390
27 322
109 410
58 361
147 454
75 378
39 328
38 333
169 470
134 439
111 416
36 325
26 321
207 502
54 357
41 340
215 510
115 422
216 511
133 440
170 471
52 355
7 298
129 436
112 415
96 401
165 464
29 324
11 302
4 293
70 373
81 386
163 464
42 341
130 437
132 439
192 491
81 384
63 366
9 300
56 359
128 435
119 426
209 494
191 488
193 484
38 331
99 404
144 451
95 400
124 431
68 371
119 424
92 397
90 395
61 364
56 353
140 447
131 438
159 466
13 308
9 294
164 465
110 409
74 377
9 296
2 291
210 505
191 486
145 452
182 481
135 442
59 360
6 295
158 465
25 318
142 449
136 443
97 402
191 490
113 418
11 306
80 377
192 485
126 433
73 376
180 477
93 398
86 389
72 375
10 301
16 309
39 336
46 349
209 504
125 432
71 374
12 303
55 358
48 347
18 311
37 332
101 406
7 296
98 403
83 388
26 319
11 304
118 425
39 330
62 365
59 362
5 294
208 503
116 423
84 389
8 295
47 346
127 434
94 399
8 297
152 459
114 421
15 310
114 419
51 354
46 345
24 317
138 445
53 356
25 320
4 292
17 309
164 464
216 510
217 511
48 346
95 399
211 505
81 377
192 486
60 360
42 340
72 374
142 448
131 437
147 451
26 320
51 353
127 433
194 484
75 377
91 395
12 306
29 323
92 396
185 483
42 338
40 336
116 422
41 329
193 485
59 361
69 371
81 385
15 309
57 359
169 469
114 418
93 397
8 294
28 322
56 358
82 382
110 410
130 436
9 297
47 345
61 363
210 494
55 353
115 421
13 303
136 442
112 416
48 348
83 387
39 335
8 298
40 330
192 488
47 349
38 332
184 482
139 445
25 317
39 331
119 425
145 451
53 355
179 477
138 444
54 356
115 419
170 470
40 328
183 481
52 354
133 439
209 501
19 311
10 296
191 487
11 301
60 362
85 389
1 289
36 324
140 446
2 290
12 304
5 293
94 398
7 295
16 308
132 438
210 504
1 285
159 465
152 458
192 490
82 384
6 294
63 365
10 300
208 502
96 398
165 463
70 372
113 415
9 299
101 405
43 341
125 431
56 352
13 307
96 400
99 403
114 420
14 308
129 435
180 476
74 376
148 454
166 464
81 383
98 402
97 397
84 388
9 293
55 357
39 333
36 323
48 345
19 310
2 285
92 395
145 450
97 396
27 316
70 371
14 307
209 502
129 434
55 352
114 413
8 293
115 412
210 503
153 458
160 465
18 309
1 284
194 485
76 377
152 457
26 317
57 358
137 442
41 328
101 404
149 454
116 421
183 480
64 365
180 475
42 339
85 388
100 403
71 372
62 363
91 388
53 354
11 300
39 332
192 487
42 337
63 364
83 384
52 353
148 451
75 376
183 478
51 352
166 465
210 501
29 322
82 383
98 401
12 305
84 387
11 296
179 476
48 349
132 437
114 417
82 385
113 416
120 425
10 297
13 304
3 290
148 453
54 353
83 382
96 397
56 357
125 430
127 432
61 362
133 438
60 361
167 464
171 470
54 355
5 292
55 356
209 500
27 320
94 397
139 444
7 294
146 451
185 482
126 431
140 445
138 441
55 354
83 386
184 481
156 461
193 486
166 463
72 373
40 331
165 462
40 335
82 381
138 443
164 463
143 448
9 298
73 374
115 420
130 435
193 490
111 410
74 375
43 340
15 308
131 436
41 336
102 405
97 398
4 291
142 447
97 400
81 378
96 399
44 341
217 510
210 495
170 469
2 289
42 329
50 343
141 446
211 504
171 469
52 352
184 478
82 378
55 355
139 443
194 486
142 444
58 358
185 481
138 442
148 450
61 361
142 446
210 496
211 503
64 364
42 328
83 377
74 374
92 394
45 341
3 289
130 434
218 510
85 387
70 370
43 339
137 441
117 421
170 468
6 292
210 502
30 322
2 286
83 381
96 396
186 482
84 382
44 340
101 403
41 327
140 444
91 387
35 323
115 413
19 309
49 345
84 384
132 436
42 336
18 308
53 353
149 453
54 352
128 432
164 462
151 455
91 389
14 304
13 305
11 297
167 465
92 388
114 416
114 412
40 334
145 449
178 476
49 349
160 464
117 413
121 425
102 404
153 455
183 479
71 371
133 435
83 383
2 288
150 454
4 290
57 357
27 317
40 332
12 300
63 363
116 420
143 447
15 307
8 292
2 284
181 475
28 320
98 400
154 458
93 395
157 461
75 375
126 430
133 437
73 373
211 495
134 434
194 490
29 321
152 456
111 411
193 487
10 298
76 376
14 306
156 460
51 343
146 450
62 362
33 323
7 293
50 344
97 399
153 457
210 500
166 462
95 397
83 385
84 386
131 435
99 401
28 316
194 487
113 412
59 358
126 429
121 424
137 440
160 463
56 355
127 430
145 448
195 490
3 286
100 401
19 308
170 467
210 499
51 350
63 362
15 306
57 356
62 361
42 327
83 378
143 444
181 474
219 510
130 433
131 434
212 495
101 402
139 442
85 384
133 436
186 481
128 431
94 395
41 326
134 435
85 386
95 396
166 461
172 469
91 390
77 376
153 456
129 432
6 291
12 299
185 480
154 457
96 395
75 374
52 343
28 317
86 387
5 290
42 335
12 297
156 459
34 323
44 339
74 373
92 389
181 472
179 474
84 377
2 283
150 453
149 452
103 404
43 328
72 371
93 394
157 460
13 300
177 474
70 369
50 349
158 461
41 334
184 479
164 461
112 411
91 386
84 383
211 502
71 370
116 413
64 363
178 475
4 283
53 352
84 381
3 284
30 321
169 466
84 385
50 345
7 292
29 320
91 392
3 288
211 496
182 475
102 403
28 319
73 372
152 455
90 387
134 433
20 309
58 357
11 298
168 465
140 443
33 322
171 468
98 399
115 416
83 380
45 340
148 449
14 305
117 412
117 420
151 454
141 444
143 446
41 332
76 375
180 473
146 449
52 351
57 355
115 415
64 362
133 433
194 488
66 364
103 403
144 444
131 433
16 306
61 359
167 461
20 308
101 401
162 462
91 391
220 510
85 385
100 400
90 386
154 456
181 473
219 509
13 299
217 507
122 424
50 346
120 420
3 283
129 431
52 350
155 457
46 340
15 305
62 360
59 357
116 416
118 410
3 287
65 363
7 291
147 449
150 452
19 307
53 351
50 348
140 442
71 369
185 477
4 288
158 460
212 496
136 434
94 394
116 414
136 438
117 419
42 326
182 472
117 411
74 372
172 468
92 390
86 386
128 430
85 383
137 439
12 298
51 345
4 282
181 471
218 504
22 292
141 443
43 327
126 428
73 371
156 458
217 505
212 502
96 394
99 399
135 435
213 503
188 482
184 476
182 474
135 437
179 473
180 472
195 489
113 411
76 374
146 448
84 378
14 300
171 467
160 462
177 473
170 466
4 284
121 423
130 432
29 319
32 322
132 434
84 380
169 465
221 511
211 499
6 290
185 479
102 402
157 457
92 392
178 474
34 322
53 343
35 321
152 454
95 395
77 375
51 349
144 446
163 461
187 481
42 334
13 301
196 490
168 462
44 338
45 339
159 461
41 333
87 387
134 436
43 335
30 320
75 373
58 356
29 317
145 447
214 503
46 339
171 466
65 362
116 415
212 501
14 295
5 284
118 419
44 337
195 488
169 464
7 290
61 358
73 370
54 343
122 423
60 357
141 442
22 291
218 505
147 448
14 301
95 394
186 479
189 482
220 509
100 399
159 460
3 282
72 369
183 474
42 333
63 360
136 437
140 441
186 477
180 471
212 497
116 417
132 433
152 453
4 285
21 292
196 489
170 465
50 347
161 462
16 305
213 502
156 457
136 435
51 348
62 359
0 279
158 459
163 460
84 379
119 412
34 321
86 383
19 306
146 447
45 338
119 420
113 410
168 461
44 335
198 489
51 346
104 403
43 334
66 363
58 355
6 289
218 507
53 350
86 385
127 428
151 452
216 505
36 321
74 371
131 432
217 506
101 400
35 320
118 411
155 456
89 386
5 288
4 287
167 460
13 298
32 321
217 504
31 320
17 306
76 373
57 354
43 324
157 458
182 473
94 393
75 372
78 375
222 511
67 364
137 434
102 401
93 390
1 278
92 379
92 391
129 430
85 380
169 462
117 410
188 481
135 436
120 419
162 461
2 281
168 463
29 318
52 349
184 475
144 445
137 438
178 473
221 510
88 387
20 307
30 319
173 468
185 476
103 402
160 461
43 326
211 498
15 301
21 305
146 446
95 393
78 374
221 509
87 385
53 349
161 461
128 428
17 305
15 303
14 298
145 445
89 385
45 337
212 498
104 402
60 356
119 419
197 489
169 463
72 368
43 325
187 479
141 441
179 471
5 287
44 334
172 466
136 436
158 458
85 379
7 289
51 347
68 364
61 357
117 417
120 412
46 338
31 319
20 292
219 505
77 373
15 295
213 497
66 362
218 506
63 359
178 472
103 401
34 320
14 294
21 291
147 447
113 409
132 432
119 411
155 455
44 336
44 324
64 360
129 429
58 354
30 318
6 288
174 468
216 504
74 370
32 320
65 361
199 487
214 502
196 488
116 410
131 431
55 343
198 488
138 434
54 350
223 511
76 372
43 333
37 321
67 363
2 280
123 423
168 460
215 503
1 279
117 415
0 278
219 507
93 391
14 296
220 508
14 302
88 386
5 285
119 413
152 452
54 344
160 460
162 460
185 475
20 306
16 304
52 346
87 379
94 392
170 464
101 399
150 450
187 477
171 465
92 378
189 481
137 437
159 459
3 281
183 473
118 418
86 382
156 456
212 500
91 379
91 378
8 289
105 402
230 511
125 424
34 319
213 500
17 304
147 446
140 439
32 319
53 346
130 429
136 431
61 356
187 478
221 508
15 294
79 374
188 479
173 466
120 413
179 470
141 440
16 303
120 411
224 511
215 502
14 297
16 295
220 507
33 320
43 332
159 458
19 292
3 280
113 408
15 296
170 463
2 279
45 334
86 379
102 399
74 369
138 435
54 349
87 380
132 431
197 488
119 414
184 473
151 450
95 392
37 320
20 305
54 345
213 498
143 442
150 449
88 385
118 417
15 298
161 460
17 294
216 503
62 357
45 336
0 277
124 423
138 437
59 354
60 355
64 359
219 506
87 378
65 360
63 358
114 409
88 379
115 410
77 372
6 287
118 415
198 487
87 382
178 471
31 318
67 362
223 510
68 363
103 400
171 464
131 430
188 477
20 291
94 391
189 480
47 338
119 418
152 451
185 474
55 342
58 353
156 455
55 344
148 445
186 475
5 286
128 427
169 460
44 325
146 445
15 302
137 436
174 467
200 487
123 422
22 305
116 409
73 368
196 487
36 319
56 343
7 288
187 476
52 347
46 337
190 481
142 441
192 481
66 361
172 465
222 509
202 491
90 378
24 304
75 369
44 332
160 458
20 290
220 506
215 501
203 491
172 464
185 473
170 460
135 431
154 448
143 441
213 499
36 318
191 481
137 429
178 470
113 407
122 420
34 318
96 392
66 360
37 319
62 356
148 444
67 361
200 488
32 318
17 293
54 346
188 476
77 371
151 449
131 429
173 465
153 449
88 384
59 353
224 510
130 428
197 487
60 354
142 440
140 438
214 498
141 439
68 362
159 457
8 288
161 459
46 336
64 358
121 411
103 399
115 409
87 377
229 511
138 436
121 413
126 424
190 476
152 450
63 357
129 427
223 509
3 279
189 479
189 477
17 301
132 430
56 344
95 391
6 286
197 483
188 478
88 380
144 442
202 490
7 287
124 422
89 379
125 423
146 444
134 430
5 281
15 297
190 480
16 298
16 296
16 294
80 374
0 276
13 291
230 510
88 382
186 474
189 475
148 446
61 355
119 415
150 448
118 416
120 414
74 368
116 408
220 498
33 319
55 345
18 304
127 425
45 325
55 349
16 302
47 337
105 401
117 407
91 377
30 316
147 445
76 370
139 435
23 305
20 304
192 480
171 463
192 482
149 447
175 467
4 280
119 417
45 333
86 378
19 291
222 508
157 455
179 469
55 341
65 359
216 502
53 347
136 430
29 315
69 363
17 298
34 317
95 390
46 333
178 469
54 347
12 291
86 377
139 436
187 474
89 378
203 490
135 430
150 447
193 482
67 360
141 438
140 437
105 400
121 414
223 506
223 508
140 435
54 341
30 315
96 391
66 359
171 460
122 411
128 425
197 486
45 326
224 509
39 318
174 465
116 407
201 488
70 363
161 458
19 304
58 349
69 362
56 349
35 318
15 292
119 416
117 406
61 354
114 407
123 420
132 429
221 506
104 399
144 441
158 455
190 477
6 281
33 318
5 280
106 401
191 480
1 276
190 475
220 497
2 277
222 507
133 430
17 296
8 287
136 429
19 290
154 447
89 380
137 428
17 292
55 346
83 374
142 439
81 374
17 302
91 376
120 417
69 358
65 358
172 463
127 424
63 356
129 426
59 352
3 278
197 484
204 491
191 476
216 501
56 345
29 314
186 473
149 446
130 427
147 444
176 467
74 367
198 483
188 475
16 293
125 422
31 316
97 392
7 286
45 332
175 466
47 336
16 297
64 357
121 418
4 279
154 449
24 305
76 369
153 448
218 499
115 408
9 288
18 291
120 415
217 502
124 421
152 449
229 510
88 383
44 331
68 359
228 511
25 304
18 301
3 276
24 307
189 478
160 457
159 456
0 275
38 319
77 370
215 500
126 423
113 406
151 448
214 499
14 291
219 498
60 353
122 419
13 290
191 479
221 505
56 346
220 496
19 301
6 280
144 440
145 441
82 374
224 508
150 446
219 499
60 352
32 316
177 467
47 335
191 477
33 317
161 457
58 350
70 362
137 427
97 391
25 307
129 425
222 506
0 274
127 423
105 399
4 278
45 327
47 333
104 398
3 277
25 305
76 368
125 421
118 406
7 285
63 355
18 302
45 331
192 476
194 482
16 292
187 473
122 418
24 306
5 279
55 347
146 442
35 317
176 466
59 351
40 318
106 400
155 451
89 381
65 357
151 447
124 420
71 363
229 509
57 349
121 415
218 500
202 486
135 429
90 376
131 427
12 290
159 455
14 290
17 291
172 460
53 341
219 497
6 282
172 458
121 417
39 319
89 377
1 275
227 511
204 490
17 297
223 505
191 475
155 449
153 447
215 499
62 354
89 383
2 276
81 373
130 426
202 488
68 358
4 276
142 438
225 509
44 330
120 416
198 484
175 465
95 389
75 367
178 468
140 436
85 375
203 489
217 501
9 287
30 314
19 303
147 443
217 499
143 439
172 462
56 348
228 510
18 300
133 429
83 373
7 283
107 401
86 376
78 370
96 390
152 448
190 478
226 510
188 474
29 313
173 463
116 406
123 419
69 361
69 359
141 437
19 289
123 411
115 407
197 485
39 317
77 369
174 464
67 359
64 356
15 291
114 406
217 498
4 277
204 489
107 400
219 496
12 289
123 412
53 340
38 317
155 450
128 423
108 401
96 389
187 472
192 475
224 507
68 357
67 358
60 351
106 399
44 329
136 427
59 350
125 420
61 352
19 296
129 424
192 477
135 428
145 440
8 283
222 505
65 356
89 376
172 459
70 359
25 306
19 302
90 381
34 315
105 398
178 467
30 313
203 486
10 287
218 501
156 451
218 497
11 288
70 361
76 367
177 464
69 360
8 285
122 417
86 375
41 318
227 510
219 500
150 445
35 316
175 464
2 275
226 509
202 487
203 488
7 284
7 280
174 463
46 331
194 481
193 476
220 495
153 446
122 415
39 320
173 458
18 297
63 354
141 436
225 508
160 455
152 447
191 478
118 405
130 425
77 368
48 335
178 463
144 439
18 289
116 405
127 422
124 419
161 456
31 314
6 279
133 428
228 509
105 396
0 273
115 406
84 373
79 370
188 473
121 416
45 328
131 426
33 316
19 288
71 362
20 295
85 374
57 348
47 334
5 278
173 462
26 305
18 287
143 438
216 499
62 353
66 357
198 485
16 291
97 390
15 290
90 383
75 366
82 373
147 442
146 441
56 347
176 465
162 457
26 307
19 300
7 282
1 274
45 330
177 465
152 446
143 437
97 389
89 375
142 436
8 282
118 404
11 287
20 296
194 480
174 462
153 445
7 279
204 488
53 339
16 290
72 362
26 306
32 314
216 498
0 272
173 459
6 278
5 277
100 392
38 316
107 399
40 320
148 440
108 400
105 397
60 350
124 418
27 305
219 495
106 396
222 504
19 299
34 314
179 467
61 351
17 287
37 317
115 405
149 443
219 501
178 466
199 485
86 374
70 360
84 372
41 319
82 372
227 509
30 312
21 295
36 316
12 288
161 455
188 470
50 338
151 445
130 424
126 420
85 373
123 413
48 332
45 329
64 354
20 302
158 452
206 488
109 401
131 425
81 371
175 463
19 297
134 428
156 450
133 427
176 464
203 487
129 423
2 274
193 475
90 382
116 404
178 464
33 315
148 442
162 456
144 438
46 330
135 427
218 496
214 496
225 507
46 328
80 370
107 395
42 318
127 421
63 353
90 374
8 284
49 333
147 441
76 366
18 288
35 315
83 371
192 478
49 337
193 477
91 381
57 347
9 283
177 463
67 357
128 422
132 426
122 416
77 367
221 503
65 355
48 334
188 472
226 508
220 494
59 341
145 439
99 390
200 485
9 284
118 403
108 399
86 373
110 399
33 314
128 421
108 395
143 436
225 506
101 392
151 444
61 350
206 487
6 277
222 503
204 487
161 454
51 338
81 370
72 361
54 339
107 396
114 403
142 435
195 480
195 474
42 319
8 281
100 391
50 337
226 507
174 459
31 312
85 372
127 420
63 352
82 371
66 355
17 288
84 371
190 473
35 312
16 289
77 366
130 423
11 286
90 369
178 465
219 494
220 493
179 464
46 329
73 362
125 418
146 439
147 440
189 472
8 279
10 285
89 374
152 445
106 397
58 347
62 351
67 356
221 502
220 501
215 496
150 443
180 467
144 437
148 441
49 336
36 315
91 382
13 288
175 462
194 475
189 470
9 280
98 389
207 488
80 369
193 474
176 463
90 373
49 332
123 414
158 451
129 422
37 316
36 311
115 404
30 311
217 496
52 339
41 320
21 302
134 427
0 271
149 442
60 341
28 305
34 313
47 330
37 310
174 461
50 333
68 355
227 508
21 296
162 455
65 354
218 495
19 298
32 313
126 419
8 277
71 360
20 297
132 425
2 273
109 400
214 495
145 438
193 478
59 342
49 334
216 497
7 278
48 331
123 416
157 450
27 306
188 471
159 452
32 312
72 360
134 426
99 389
11 285
144 436
180 466
147 439
150 442
34 312
108 396
33 313
118 402
126 418
73 361
227 507
74 358
36 312
21 297
64 352
12 286
86 372
179 465
82 370
28 306
76 364
109 399
61 349
92 382
151 443
43 319
47 329
51 337
101 391
221 501
10 280
175 461
16 288
217 495
223 503
149 441
20 298
216 496
115 403
50 336
133 425
159 451
218 494
62 350
157 449
37 315
98 388
100 390
3 273
127 419
41 321
214 494
156 448
194 474
8 278
142 434
89 373
131 423
77 365
91 369
35 313
7 277
124 416
190 472
90 372
69 355
55 339
207 487
0 270
132 424
80 368
215 495
225 505
189 471
10 284
31 311
90 370
36 310
152 444
195 479
21 301
35 311
66 354
195 473
58 346
37 311
107 397
9 281
163 455
114 402
125 417
124 414
194 478
174 460
162 454
68 354
63 351
176 462
219 493
205 487
128 420
191 473
30 310
48 330
2 272
130 422
50 334
67 355
145 437
85 371
36 314
160 452
79 367
52 338
226 506
5 275
6 276
50 332
4 274
13 287
200 484
111 399
60 342
96 386
175 460
10 279
99 388
3 272
208 487
194 473
157 448
221 500
201 484
227 506
6 275
97 386
52 337
81 368
37 312
15 288
95 384
22 297
7 276
87 372
207 486
109 398
89 372
147 438
76 363
51 332
86 371
53 330
225 504
22 301
206 485
21 298
73 360
88 373
108 397
68 353
13 286
74 357
214 493
126 417
145 436
158 449
190 471
48 329
1 270
9 278
5 274
66 353
79 366
132 423
218 493
96 385
125 414
33 312
131 422
31 310
146 437
115 402
142 433
50 335
70 355
78 365
195 478
156 447
226 505
196 479
36 309
61 342
69 356
93 382
10 281
164 455
127 418
101 390
102 391
35 310
176 461
49 330
51 336
77 364
67 354
36 313
62 349
59 344
191 472
12 285
14 287
60 343
216 495
150 441
64 351
163 454
125 416
128 419
159 450
213 492
28 307
32 311
113 400
75 358
152 443
74 361
185 468
82 369
0 269
37 314
11 284
43 320
223 502
114 401
134 425
117 402
111 398
60 347
160 451
90 371
180 465
91 370
65 352
112 399
57 340
59 346
56 339
4 273
114 399
217 494
205 486
80 367
42 321
72 359
7 275
224 502
208 486
218 492
77 363
184 466
38 312
32 310
2 270
177 461
152 442
38 314
95 383
114 398
31 309
58 340
153 443
102 390
51 335
72 358
213 491
12 284
145 435
225 503
76 362
87 371
11 281
194 472
64 350
35 309
60 344
70 356
100 388
146 436
161 451
53 329
164 454
109 397
91 371
151 441
73 357
33 311
62 342
52 336
214 492
114 400
10 278
30 308
129 419
22 298
207 485
75 361
51 331
143 433
65 351
48 328
37 313
96 384
147 437
60 346
1 269
97 385
156 446
43 321
185 467
209 487
104 392
61 347
22 300
169 451
57 339
176 460
160 450
132 422
53 337
14 286
167 455
88 372
115 401
169 453
75 359
74 360
80 366
135 425
170 452
15 287
49 329
201 483
215 493
128 418
227 505
154 444
93 381
67 353
134 424
82 368
111 397
162 450
23 301
186 468
126 414
196 478
52 330
157 447
13 285
216 494
11 283
181 465
89 371
29 297
94 382
226 504
5 273
142 432
83 369
23 297
155 445
34 310
4 272
126 416
133 423
113 399
159 449
79 365
11 279
116 402
50 330
66 352
78 364
221 499
29 307
191 471
62 348
59 345
125 415
205 485
22 299
81 366
185 466
12 283
51 330
52 329
171 456
39 314
167 454
88 371
213 490
134 423
178 459
13 284
87 370
177 460
208 485
201 482
175 458
62 343
96 383
31 304
44 321
168 451
29 298
165 454
135 424
2 269
77 362
72 357
115 400
60 345
3 270
30 305
101 388
30 307
214 491
52 335
38 313
133 422
186 467
147 436
23 300
67 352
31 302
35 308
225 502
168 453
58 339
48 327
207 484
149 438
6 273
79 364
110 397
103 390
155 444
62 347
34 309
166 455
153 442
181 464
11 282
126 415
80 365
142 431
194 471
65 350
66 351
50 329
145 434
228 505
209 486
111 396
49 328
78 363
102 389
152 441
161 450
129 418
83 368
113 398
11 278
157 446
154 443
170 453
30 297
136 425
104 385
8 275
162 449
9 276
92 371
32 309
224 501
105 384
12 279
192 471
63 348
132 421
95 382
215 492
169 452
146 435
7 274
76 361
64 349
196 477
33 310
112 397
156 445
160 449
217 492
23 298
97 384
10 277
75 360
205 484
127 416
53 336
94 381
184 465
222 499
30 303
4 271
176 459
31 308
116 401
216 493
105 392
104 391
193 472
5 272
227 504
15 286
162 451
143 432
71 356
224 500
113 397
51 329
12 278
135 423
201 481
225 501
62 346
146 434
157 445
171 453
161 449
216 492
178 460
10 276
185 465
31 303
213 487
176 458
48 326
62 344
93 371
160 448
49 327
227 503
30 298
181 463
72 356
211 487
30 306
97 383
94 380
214 490
147 435
171 455
11 277
77 361
7 273
149 433
6 272
39 313
127 415
133 421
202 482
162 448
230 504
128 416
208 484
31 305
12 282
3 269
53 335
197 477
215 491
105 391
13 279
210 486
102 388
106 392
130 418
175 457
150 438
153 441
4 270
102 386
167 453
179 461
46 324
33 309
65 349
193 471
31 307
29 299
103 385
137 425
217 491
196 472
177 459
209 485
15 285
158 446
13 283
156 444
40 314
30 302
45 323
54 336
152 438
104 384
136 424
82 366
63 343
9 275
41 313
95 381
222 498
168 452
39 315
155 443
2 268
44 322
163 451
12 280
143 431
228 504
61 345
79 363
129 417
166 454
88 370
67 351
110 396
35 307
80 364
112 396
58 338
103 389
32 308
116 400
186 466
205 483
14 284
172 456
195 471
105 383
4 268
134 422
63 347
196 476
50 328
175 455
76 360
149 437
207 483
154 442
83 367
81 365
23 299
32 304
204 483
164 451
223 498
155 442
98 383
62 345
45 322
177 458
30 299
197 476
130 417
182 463
225 500
188 467
13 282
11 276
139 426
141 428
80 363
103 388
46 323
104 389
40 313
14 279
96 381
201 480
63 344
159 446
187 466
212 487
216 491
8 273
206 483
150 433
207 482
180 461
134 421
143 430
33 308
50 327
181 462
30 301
166 453
31 306
211 486
172 455
224 499
38 307
213 488
68 351
135 422
106 391
205 482
32 303
40 315
193 470
48 325
24 299
31 298
66 347
129 416
176 457
94 379
13 280
175 454
32 307
174 455
82 365
15 284
230 503
12 277
146 433
132 419
102 385
180 459
171 454
101 386
185 464
7 272
110 395
165 452
131 418
198 477
179 460
196 471
102 387
208 483
107 392
49 326
15 276
34 307
5 270
103 386
103 384
197 472
152 437
217 490
157 444
215 490
151 438
202 481
14 277
53 334
149 434
161 448
58 337
176 453
105 382
184 463
9 274
167 452
138 425
113 396
88 369
51 328
133 420
136 423
93 372
47 324
196 475
54 335
72 355
78 361
118 399
228 503
150 437
209 484
66 349
77 360
95 380
3 268
16 277
231 504
2 267
148 435
63 346
120 405
137 424
4 269
83 366
13 278
41 314
177 452
128 415
116 399
153 440
149 432
79 362
81 364
69 352
159 445
40 312
104 388
197 471
97 381
197 475
209 483
140 426
177 457
193 469
30 300
103 383
210 484
15 279
124 410
214 488
149 431
118 398
181 459
212 486
16 276
14 280
104 382
40 316
136 422
175 453
149 435
137 423
39 307
146 432
57 337
140 424
150 436
178 452
130 416
33 303
103 387
211 485
5 269
206 482
132 418
15 283
186 464
78 360
180 460
232 504
88 368
133 419
148 432
47 323
68 350
14 282
39 311
13 277
50 326
98 382
188 466
131 417
229 503
79 361
16 278
150 434
69 351
108 392
10 274
114 396
165 451
101 385
128 414
135 421
96 380
65 347
82 364
120 404
70 352
172 454
120 406
160 446
112 394
11 273
33 307
139 425
166 452
66 348
182 462
106 390
67 347
174 454
51 327
93 373
80 362
151 437
189 467
155 441
157 443
107 391
81 363
207 481
142 428
11 275
117 399
94 372
46 322
46 320
185 463
181 461
224 498
199 477
12 276
208 482
141 423
41 315
15 275
73 355
141 427
144 430
110 394
113 395
197 473
180 458
158 444
14 276
8 272
177 453
153 439
202 480
147 433
176 452
31 299
72 354
204 482
226 500
95 379
184 462
49 325
67 349
216 490
54 334
225 499
25 299
231 503
38 308
3 267
6 270
63 345
187 465
2 266
161 447
84 366
32 306
151 436
175 452
156 441
31 300
15 280
133 418
188 465
27 298
9 272
117 398
159 444
49 324
33 302
17 276
116 397
128 413
137 414
47 322
80 361
209 474
178 447
7 270
157 442
227 500
88 367
140 423
178 449
11 274
186 463
40 307
161 446
208 481
145 430
142 427
131 416
82 363
232 503
121 402
25 290
41 316
146 431
198 471
199 476
158 443
50 325
149 430
25 298
26 299
8 271
95 378
165 450
125 410
140 425
39 308
68 349
40 311
141 424
3 266
84 365
69 350
101 384
155 440
14 281
211 484
113 394
96 379
70 351
206 481
225 498
6 269
139 424
106 389
32 299
193 468
97 380
233 504
67 348
15 274
87 368
94 373
212 485
104 387
178 453
215 488
116 395
45 320
182 461
173 454
147 432
132 417
110 393
10 273
81 362
127 412
115 396
14 275
64 345
179 458
124 409
138 423
203 480
189 466
103 382
57 336
109 392
121 406
56 335
142 423
150 435
33 306
17 284
48 323
144 429
32 301
16 279
187 464
13 276
15 282
74 355
209 482
47 320
51 326
228 501
216 489
120 403
46 319
177 454
178 457
137 422
83 364
79 360
99 382
154 439
197 474
229 502
112 393
135 420
224 497
184 461
166 451
16 275
65 346
204 481
185 462
198 473
12 275
108 391
46 321
71 352
98 381
78 359
73 354
39 310
141 426
121 404
181 460
16 283
55 334
186 462
57 335
94 376
178 448
17 279
15 281
228 500
3 265
177 447
47 319
137 413
27 297
134 418
40 308
9 271
174 452
148 430
24 290
128 412
48 320
139 423
33 301
105 387
145 429
117 397
71 351
103 381
99 381
173 453
216 488
129 413
44 318
140 422
73 353
7 267
160 444
210 474
179 457
232 502
182 460
178 454
16 282
162 446
203 479
85 365
226 498
193 467
131 415
79 359
151 435
212 484
65 345
107 389
7 269
18 274
199 475
69 349
161 445
74 354
142 424
51 325
124 408
207 479
14 274
17 283
95 373
138 422
155 439
156 440
122 406
234 504
16 280
185 461
144 428
229 501
233 503
189 465
81 361
25 291
135 419
178 456
45 319
137 421
34 304
200 476
40 310
132 416
177 455
187 463
122 404
32 300
56 334
117 395
49 323
17 275
26 298
121 401
110 392
68 348
141 425
224 496
33 305
72 352
215 487
98 380
142 426
114 394
18 284
75 355
108 390
157 441
13 275
211 483
183 461
116 396
198 474
199 471
6 268
208 480
55 333
42 316
87 367
127 411
34 302
206 480
209 481
147 431
10 272
136 414
41 307
8 270
125 409
12 274
121 403
204 480
143 427
178 450
113 393
159 443
80 360
188 464
166 450
50 324
96 378
47 321
101 383
209 475
165 449
83 363
87 366
162 445
134 417
55 330
47 318
33 300
156 439
130 413
75 354
143 426
122 401
96 377
148 429
225 496
85 364
113 392
208 479
7 268
82 361
18 283
205 480
99 380
117 396
128 411
208 477
132 415
108 389
76 355
177 448
123 404
146 429
6 267
185 460
50 323
17 280
203 478
215 486
131 414
13 274
122 405
142 425
147 430
44 317
25 292
69 348
232 501
106 387
209 476
178 455
107 388
35 304
145 428
207 478
152 435
226 497
18 279
234 503
217 488
125 408
173 452
115 394
165 448
55 332
160 443
139 422
200 471
40 309
8 269
102 381
114 393
18 275
96 373
73 352
233 502
216 487
45 318
66 345
143 424
48 321
227 498
200 475
10 271
110 391
229 500
194 467
123 406
56 333
133 416
79 358
136 413
201 476
136 419
166 449
138 421
118 395
23 290
210 475
70 349
24 295
157 440
183 460
122 403
83 362
101 382
95 374
135 418
3 264
95 376
34 305
17 282
186 461
158 441
80 359
123 400
9 270
24 293
211 482
57 334
43 316
74 353
213 484
224 495
4 265
18 273
199 474
209 480
41 310
94 375
179 450
41 308
179 456
49 322
26 297
187 462
176 447
137 420
189 464
100 381
65 344
212 483
35 302
193 466
34 301
16 281
204 479
137 412
51 324
98 379
71 350
100 380
123 403
147 429
118 396
124 406
200 472
158 438
18 280
201 471
143 425
49 321
180 450
72 350
55 329
124 404
49 319
115 393
99 379
139 421
26 296
173 451
23 289
161 443
50 322
212 482
152 434
96 374
176 448
234 502
135 413
4 262
166 448
185 459
158 440
55 331
35 301
95 375
145 427
175 449
114 392
44 316
162 444
204 478
123 405
10 270
230 500
109 389
76 354
207 477
187 459
13 273
160 442
208 478
136 412
48 318
80 358
144 424
243 511
111 391
50 320
227 497
137 419
75 353
211 481
209 479
25 293
107 387
19 275
126 408
113 391
201 469
24 294
57 333
202 470
138 420
8 268
25 295
202 476
43 315
77 355
4 264
187 461
96 376
155 437
101 381
235 503
205 479
216 486
98 378
208 476
159 441
133 415
129 411
108 388
125 407
144 426
73 351
127 409
156 438
124 400
42 310
123 401
35 305
217 487
131 413
200 474
69 347
82 360
6 266
231 501
17 273
71 349
83 361
79 357
128 410
232 500
97 377
56 332
146 428
41 309
135 417
179 455
183 459
188 462
190 464
47 317
153 435
194 466
45 317
34 300
109 387
9 269
155 435
86 364
181 457
180 456
186 458
136 418
66 344
213 483
5 265
110 390
225 495
87 365
227 495
52 324
157 439
18 282
210 476
17 281
22 287
56 329
71 348
144 425
145 426
243 510
84 361
186 457
194 465
96 375
86 363
9 268
55 328
175 448
190 463
97 376
108 387
49 318
172 451
243 508
212 481
42 309
201 474
124 399
99 378
128 409
82 359
36 305
56 331
187 456
19 282
129 410
133 414
185 458
13 272
188 459
36 301
136 411
230 499
202 475
153 434
111 390
182 457
67 344
234 501
131 412
184 459
69 346
124 401
51 320
58 333
134 413
112 391
66 343
227 496
76 353
203 470
147 428
161 442
207 476
6 265
124 405
73 350
211 480
210 479
101 380
216 485
201 472
156 435
130 411
11 270
188 461
16 273
158 439
205 478
213 482
88 365
180 455
42 311
156 437
125 406
187 458
109 388
209 478
100 379
202 471
132 413
166 447
126 407
215 484
204 477
4 263
127 408
57 332
23 288
43 314
137 418
78 355
65 342
47 316
93 368
61 336
200 473
19 280
45 316
25 294
60 335
244 511
180 451
52 323
206 477
201 468
225 494
53 324
18 281
5 264
202 469
217 486
139 420
235 502
43 310
136 417
70 347
50 319
211 476
231 500
113 390
228 495
188 455
160 441
75 352
155 434
210 477
174 449
173 450
35 300
155 436
123 402
97 374
115 392
26 295
181 456
68 345
74 351
98 373
43 308
162 443
79 356
80 357
48 317
203 476
191 464
50 321
119 396
107 386
157 438
5 262
200 469
125 400
20 275
159 438
20 276
72 346
90 366
163 443
20 282
93 367
46 316
22 286
139 419
211 479
62 336
167 447
54 324
205 477
236 502
23 287
136 416
88 364
56 322
127 407
66 342
201 473
183 457
191 463
43 313
146 426
37 305
126 400
138 418
84 360
166 446
99 377
184 458
70 346
195 465
19 281
78 354
215 483
228 496
161 441
125 401
192 464
135 411
60 334
132 412
214 482
153 433
76 352
231 499
133 413
234 500
159 437
189 461
10 268
225 493
154 434
108 386
125 399
216 484
160 440
159 439
46 308
57 329
210 478
92 368
97 375
44 314
53 323
98 364
126 404
131 411
173 449
59 333
24 288
245 511
52 320
61 335
49 317
50 318
189 455
27 293
57 321
224 492
172 450
230 498
51 321
244 508
213 481
226 494
27 295
44 308
48 316
206 476
203 475
137 417
98 376
174 446
182 456
129 409
188 456
56 328
190 462
7 265
26 294
110 388
81 357
75 351
57 331
16 272
200 468
156 436
42 312
174 448
11 269
45 315
68 342
126 398
36 300
243 509
77 353
83 359
211 477
199 469
98 374
244 510
187 457
68 344
157 437
101 379
43 309
81 355
130 410
134 412
203 471
69 345
112 390
74 350
80 356
188 460
65 341
14 272
94 368
67 343
71 347
180 452
115 391
218 486
202 468
181 455
87 363
99 373
145 425
37 301
147 427
5 263
85 361
96 364
91 367
125 405
120 396
124 402
37 304
82 355
78 353
55 324
138 417
166 445
20 277
198 469
127 406
67 342
204 475
127 398
96 365
190 461
81 356
182 455
66 341
62 335
10 267
99 374
191 462
57 322
244 509
84 359
120 395
180 453
183 456
234 499
236 501
133 412
225 492
137 416
108 385
127 400
163 442
50 317
162 441
24 287
53 322
76 351
100 377
51 316
69 344
68 343
126 403
175 446
141 418
98 375
7 264
125 402
23 286
126 405
94 367
211 478
231 498
48 315
71 346
181 452
62 333
59 332
57 328
172 449
64 339
134 411
28 293
56 327
160 439
129 408
192 463
88 363
116 391
28 295
43 312
148 427
161 440
184 457
139 418
112 389
9 266
46 309
164 443
229 496
15 272
188 457
52 321
199 468
157 436
205 476
246 511
49 316
226 493
99 376
196 465
37 300
56 321
55 322
204 471
82 357
189 456
90 365
20 281
147 426
193 464
202 467
215 482
140 419
101 378
97 364
27 294
14 271
153 432
212 479
56 323
224 491
60 333
44 309
86 361
154 433
141 420
111 388
174 447
126 399
25 288
91 366
203 472
213 480
45 308
75 350
70 345
130 409
202 473
214 481
219 486
146 425
181 454
46 315
165 444
131 410
230 497
237 502
6 263
45 314
217 484
72 345
12 269
167 446
159 436
54 323
92 367
58 331
38 301
216 483
189 460
98 365
235 500
87 362
100 376
69 343
142 418
172 448
92 366
162 438
148 426
190 460
46 314
215 481
127 399
227 493
78 352
204 474
143 421
193 463
167 445
37 299
24 286
9 265
203 467
20 278
139 417
95 367
128 400
61 333
88 362
64 338
225 491
240 500
54 322
182 454
60 332
10 266
238 502
7 257
44 312
154 432
130 408
213 479
57 327
175 445
62 334
150 428
226 492
91 365
97 365
76 350
51 315
192 462
141 419
82 356
127 405
140 418
153 431
117 391
230 496
29 295
14 270
56 324
217 483
232 498
28 294
165 443
39 301
246 510
66 340
204 472
21 281
57 323
96 366
168 446
112 388
235 499
38 302
183 455
158 436
7 263
245 509
196 464
38 304
127 401
83 355
134 410
203 473
128 398
191 461
75 349
84 358
169 447
53 315
53 321
162 440
132 410
205 475
58 330
220 486
131 409
142 420
126 402
50 316
147 425
216 482
67 341
198 468
190 456
28 292
237 501
138 416
189 457
234 498
219 485
102 378
133 411
70 344
231 497
63 335
146 424
87 361
25 287
181 453
161 439
137 409
121 395
235 495
86 360
55 321
164 442
128 406
15 271
6 258
65 339
40 300
52 316
212 478
99 375
109 385
247 511
72 344
239 501
173 447
77 351
49 315
45 309
71 345
184 456
12 268
166 444
190 459
91 364
11 266
149 426
225 490
131 408
41 300
169 446
140 417
214 479
220 485
55 320
213 476
204 467
196 463
144 421
132 409
71 344
39 300
237 500
241 500
143 418
51 314
77 350
158 435
113 388
83 356
79 352
229 494
87 360
138 415
100 375
165 442
28 291
162 439
221 486
59 330
118 391
110 385
128 399
172 447
183 454
137 408
27 290
152 427
44 311
40 301
192 461
114 389
89 362
166 443
142 419
133 410
150 427
76 349
49 314
24 285
239 502
143 420
189 458
26 287
9 264
128 401
54 321
230 495
39 302
193 462
204 473
122 395
191 460
85 358
63 334
236 499
96 367
129 406
154 431
78 351
170 447
21 280
6 257
238 501
66 339
215 480
102 377
147 424
185 456
39 304
64 335
167 444
117 390
153 430
38 299
106 379
61 332
7 256
58 327
235 498
227 492
88 361
7 262
46 313
213 478
92 365
54 315
15 270
53 316
248 511
232 497
136 409
97 366
151 428
226 491
235 496
10 265
29 294
130 407
90 363
12 267
21 278
198 467
57 324
101 376
175 444
50 315
118 393
128 405
7 258
190 457
205 474
246 509
8 263
117 392
217 482
13 268
234 495
129 398
14 269
70 343
65 338
182 453
25 286
239 500
67 340
127 402
233 496
153 426
240 501
163 440
216 481
168 445
86 359
45 310
162 437
15 269
204 468
133 409
213 475
87 359
154 426
59 327
54 316
196 462
10 264
84 356
198 466
221 485
135 409
72 342
49 313
39 303
128 402
68 340
128 404
58 326
153 429
161 437
183 453
7 259
153 427
170 446
229 493
71 343
105 379
114 388
143 419
249 511
192 460
106 380
89 361
136 408
41 301
147 423
59 329
53 317
197 463
118 390
247 509
154 430
148 424
166 442
240 502
102 376
39 299
213 477
193 461
90 362
45 311
60 330
215 479
119 393
28 290
151 427
57 325
38 298
162 436
6 256
46 312
7 261
119 391
79 351
158 432
27 289
152 426
169 445
97 369
22 278
205 467
118 392
85 357
244 504
101 375
238 500
241 501
66 336
232 496
205 473
217 481
67 339
51 313
130 406
237 499
91 363
184 454
131 407
214 478
132 408
174 444
65 337
64 334
30 294
61 331
226 490
129 405
103 377
227 491
163 439
58 324
88 360
248 510
206 474
140 416
115 389
230 494
113 387
25 285
77 349
129 399
145 421
167 443
191 457
220 484
54 320
246 508
122 394
235 497
110 384
139 415
190 458
158 434
168 444
222 486
26 286
130 398
218 482
172 446
8 262
97 367
16 270
14 268
12 266
93 365
155 431
75 347
156 432
185 455
22 280
150 426
50 314
241 503
236 498
233 495
29 291
destination
