map
random512-25-1.map
pivot
454 157
agent & start
207 410
83 46
123 324
95 292
132 333
138 341
283 482
232 435
90 285
156 357
51 176
51 210
202 405
148 349
55 86
210 413
331 508
44 127
220 419
47 120
47 140
96 27
90 33
47 156
92 31
74 251
67 64
228 431
53 90
329 510
293 492
75 252
53 98
86 47
110 309
293 494
103 300
72 245
107 8
251 454
126 327
51 216
268 471
142 345
112 5
88 279
73 244
226 429
72 57
66 235
52 197
100 17
241 444
77 260
184 387
48 147
332 507
257 460
130 331
274 477
79 268
73 250
64 229
52 99
271 474
49 158
200 401
65 230
65 234
78 257
157 360
154 353
66 65
53 218
53 108
149 350
307 506
46 141
159 362
100 297
87 42
78 51
50 163
98 25
206 409
60 71
91 32
188 389
106 9
170 373
127 328
193 396
103 14
124 325
62 73
79 50
116 317
80 269
46 181
79 258
destination
