map
random512-25-1.map
pivot
454 157
agent & start
209 412
53 202
223 422
50 215
140 343
48 147
193 396
47 142
51 206
90 285
117 318
282 481
167 370
48 137
242 445
144 347
87 278
83 272
127 328
118 319
156 357
72 249
109 6
301 502
46 181
49 116
220 419
60 79
66 235
98 295
173 376
47 120
307 506
74 55
62 73
53 108
72 245
52 209
232 435
233 436
61 70
90 33
155 354
43 126
51 162
97 294
192 395
100 17
154 353
69 62
159 362
74 251
47 152
153 352
293 494
231 434
226 429
262 461
188 389
51 96
258 461
50 199
77 260
53 218
106 9
53 90
51 198
308 509
330 505
105 10
65 78
76 53
53 114
50 95
75 252
281 482
100 19
207 410
268 471
60 71
277 480
139 342
54 87
130 331
53 106
91 32
73 250
81 48
103 300
123 324
47 146
57 84
116 317
235 438
206 409
108 307
310 511
71 246
164 367
59 80
68 63
50 163
61 226
300 501
49 158
332 507
157 356
122 321
52 113
197 400
80 269
44 185
199 402
44 127
230 433
293 492
250 453
188 391
50 173
211 414
160 355
306 507
72 57
61 72
88 279
169 372
276 479
244 447
82 47
262 463
47 156
50 211
124 325
110 309
257 460
45 184
267 470
168 371
200 403
249 452
51 216
51 194
46 141
210 413
160 363
136 339
243 446
80 49
46 155
102 299
239 442
279 482
200 401
96 27
297 498
46 149
90 37
228 431
329 510
236 439
139 340
265 468
100 297
76 251
52 203
155 358
126 325
58 223
302 503
88 43
73 244
91 34
224 421
263 462
273 476
66 65
52 197
65 230
45 128
53 88
66 237
284 485
58 107
101 20
157 360
48 179
50 191
50 171
95 292
64 233
65 80
86 47
79 258
134 337
274 477
46 121
221 420
189 392
89 284
291 492
107 8
283 482
149 350
280 481
247 450
187 390
222 421
79 268
48 153
181 384
47 140
262 465
98 25
87 42
52 115
128 329
146 349
138 341
65 234
271 474
132 335
112 311
55 220
78 257
59 82
59 108
252 455
290 491
184 387
64 67
54 89
261 462
272 475
132 333
174 377
142 345
92 31
62 227
283 484
53 98
48 157
202 405
76 255
76 265
112 5
64 77
46 187
51 92
60 225
99 24
304 505
166 369
263 466
64 231
331 508
63 228
101 16
260 463
54 107
71 242
44 123
45 130
79 50
151 352
161 364
155 352
87 276
67 238
114 3
51 210
65 66
51 200
76 263
67 64
251 454
78 51
72 59
172 375
126 327
238 441
97 26
115 4
180 383
84 273
61 78
143 346
121 322
196 397
93 290
163 366
51 164
150 351
131 332
104 11
47 138
52 99
96 293
51 176
198 401
46 129
53 96
64 229
94 291
227 430
103 14
176 379
49 172
91 282
78 267
237 440
77 252
47 182
212 415
46 131
55 86
148 349
241 444
54 219
179 382
208 411
170 373
83 46
141 344
296 497
195 397
72 246
111 309
213 415
52 194
67 65
63 227
44 124
79 51
115 3
52 116
47 151
329 509
47 121
62 72
121 321
79 259
181 383
90 276
276 478
142 344
51 199
55 219
113 311
123 323
45 123
51 163
94 32
277 479
48 188
156 354
48 142
239 441
104 12
158 356
78 260
165 367
109 307
60 82
60 80
52 210
237 439
189 391
89 277
54 218
129 329
221 419
97 27
164 366
304 504
49 137
50 158
183 385
53 197
242 444
54 108
73 59
160 356
55 107
194 396
135 337
51 171
71 241
52 164
260 462
288 486
104 14
54 98
301 501
229 431
139 341
101 297
52 162
48 146
163 365
143 345
127 327
184 386
77 265
238 440
230 432
123 321
56 108
68 64
105 13
84 272
99 25
49 147
264 466
188 390
75 55
80 50
155 353
52 214
79 257
116 316
46 122
134 336
140 340
173 375
63 73
297 497
292 492
48 140
79 267
66 66
53 97
268 470
236 438
65 67
112 312
66 230
157 357
103 299
141 343
330 508
51 211
66 236
91 285
307 507
266 468
54 106
280 480
51 215
67 237
150 350
48 152
220 418
52 208
309 505
74 250
119 319
250 452
88 278
65 79
88 42
274 476
193 395
252 454
81 269
249 451
62 226
50 116
48 120
48 180
77 253
53 105
275 477
92 32
281 481
91 275
272 474
105 11
88 276
95 291
80 268
47 141
258 460
53 203
50 190
197 399
168 370
145 347
53 217
227 429
117 317
90 284
261 461
110 6
107 9
212 414
76 264
48 154
66 78
265 467
169 371
52 206
147 349
196 396
55 87
201 403
56 86
70 240
256 458
65 229
328 510
92 282
46 186
159 361
303 503
72 240
122 322
243 445
134 332
244 446
102 16
207 409
91 33
66 80
175 377
60 224
112 310
279 481
85 47
131 331
46 128
278 480
45 185
128 328
170 372
294 494
59 109
74 244
57 85
118 318
208 410
100 296
180 382
284 484
49 153
275 473
58 108
65 231
72 60
47 183
61 71
228 430
267 469
211 413
111 5
54 88
72 58
102 298
54 90
101 19
99 295
199 401
209 411
98 294
231 433
46 130
56 220
311 511
64 78
75 251
61 79
233 435
294 492
64 232
122 320
152 352
159 355
176 378
93 289
73 241
47 187
91 37
310 510
52 96
93 31
257 459
291 491
53 113
44 126
215 417
283 483
51 95
246 448
157 359
251 453
196 398
226 428
153 351
156 358
223 421
51 93
98 26
73 249
330 506
91 283
161 363
47 181
52 176
222 420
53 205
49 157
207 407
101 17
70 62
47 131
48 138
198 400
269 469
263 463
273 475
202 404
160 362
263 465
140 342
219 419
308 506
53 99
78 52
232 434
50 172
81 49
166 368
204 406
96 292
309 509
73 57
47 155
125 325
48 156
52 204
69 63
210 412
136 338
47 149
46 184
64 228
290 490
182 384
76 254
59 83
151 351
179 381
66 234
76 54
47 145
85 273
247 449
58 84
133 335
59 223
302 502
132 332
331 507
74 56
83 47
215 416
105 14
45 126
48 155
289 488
279 480
310 509
100 295
328 509
166 367
199 400
53 210
316 511
47 186
101 26
67 236
56 87
79 256
111 308
94 31
98 27
163 364
49 148
292 491
260 461
258 459
234 435
81 268
79 260
49 146
128 327
79 52
115 314
80 267
274 475
119 318
53 104
265 466
51 138
184 385
73 62
53 194
67 66
70 63
176 377
58 85
66 79
158 359
123 320
123 322
277 478
264 463
89 278
50 157
99 26
66 67
97 28
77 254
75 250
50 189
55 108
302 501
60 223
50 147
48 145
256 457
47 128
53 204
309 506
236 435
75 56
53 206
245 446
329 508
141 342
108 9
183 384
47 130
204 405
53 214
288 487
58 109
135 336
164 365
235 436
82 261
93 282
50 117
85 272
54 99
72 61
54 197
53 112
124 323
90 277
274 473
113 312
49 138
47 122
117 0
157 358
268 469
56 89
103 20
290 489
65 232
122 319
143 344
53 208
81 50
110 305
54 165
227 428
54 109
223 420
311 510
121 320
259 460
207 408
179 380
222 419
158 357
52 207
52 213
102 19
92 281
95 290
197 398
94 289
146 347
153 350
74 249
129 328
78 255
266 467
69 238
173 372
81 266
209 410
112 309
52 215
105 12
281 480
160 361
244 445
102 17
64 227
63 72
118 317
169 370
77 54
284 483
92 33
81 260
48 121
49 152
79 266
313 510
106 11
91 276
173 374
213 414
136 337
74 245
181 382
48 141
49 180
195 396
52 171
157 354
52 93
170 367
132 331
78 53
49 142
134 331
251 450
52 199
73 240
228 429
46 127
110 307
251 452
59 84
77 264
70 239
108 303
91 274
330 507
106 13
61 80
49 156
61 224
73 58
66 231
295 492
73 248
69 64
140 341
309 504
152 351
51 158
73 60
309 508
273 474
169 368
247 448
180 381
249 450
47 150
230 431
103 298
51 178
280 479
198 399
52 163
308 507
233 434
60 83
171 372
303 502
211 412
115 2
219 418
68 237
113 310
297 496
91 36
236 437
55 202
276 477
51 172
203 404
66 229
64 79
48 139
246 447
66 233
202 403
98 293
52 211
71 240
117 316
73 246
90 275
326 511
212 413
238 439
54 217
134 335
53 100
73 242
80 257
67 80
243 444
74 243
48 187
81 258
111 8
253 454
89 276
151 350
175 376
275 476
52 177
147 348
207 406
304 503
275 472
111 6
48 151
76 55
216 417
57 220
229 430
89 42
295 494
90 39
205 406
189 390
96 289
46 123
156 353
210 411
63 226
55 218
50 137
104 15
52 95
53 176
182 383
49 188
55 106
102 297
59 110
142 343
172 373
54 91
239 440
158 355
287 486
84 47
135 332
264 465
48 181
231 432
96 291
54 97
62 71
57 86
51 116
57 108
125 324
46 125
93 32
54 203
257 458
46 185
240 441
55 98
80 259
48 183
45 124
55 88
78 265
53 198
269 470
194 395
278 479
286 485
310 505
237 438
54 209
91 284
159 356
261 460
destination
