map
random512-35-4.map
pivot
188 411
agent & start
473 48
448 17
487 50
471 46
485 50
433 6
405 6
471 36
459 30
470 33
481 54
402 5
461 28
404 5
447 16
406 3
488 51
473 44
470 47
475 40
468 31
439 12
472 45
469 32
471 34
471 50
435 6
450 27
447 18
472 49
400 3
450 25
460 29
436 7
469 46
438 11
403 6
484 51
480 55
486 51
463 30
472 35
470 51
474 43
482 53
401 4
481 55
470 46
460 30
405 5
406 4
472 38
480 54
468 32
471 45
471 35
446 18
469 33
471 51
484 52
485 51
467 31
450 26
463 31
481 59
401 5
470 36
483 53
505 65
432 6
447 17
486 52
474 40
440 12
472 50
472 44
400 4
435 7
402 6
449 27
482 60
469 45
461 29
473 39
473 49
473 43
436 8
482 54
487 51
504 64
464 30
481 53
438 10
480 59
465 30
487 52
473 50
471 44
441 12
462 31
destination
