map
random512-35-4.map
pivot
188 411
agent & start
488 51
435 6
404 5
487 50
472 45
471 34
406 3
470 51
403 6
486 51
481 54
447 18
460 29
470 33
401 4
471 36
482 53
433 6
471 50
447 16
480 55
472 49
450 25
485 50
439 12
438 11
400 3
473 44
459 30
473 48
461 28
470 47
402 5
450 27
468 31
448 17
474 43
469 46
471 46
463 30
472 35
475 40
469 32
405 6
484 51
436 7
471 35
401 5
472 38
400 4
473 43
449 27
472 50
435 7
402 6
450 26
460 30
482 54
436 8
446 18
473 39
484 52
481 59
473 49
505 65
483 53
440 12
469 33
480 54
481 55
486 52
405 5
468 32
470 46
406 4
463 31
447 17
487 51
474 40
471 45
504 64
432 6
438 10
471 51
485 51
467 31
481 53
470 36
464 30
472 44
482 60
461 29
469 45
488 53
461 30
473 50
473 42
423 0
505 66
483 60
437 10
401 6
427 2
472 39
473 40
483 54
503 64
441 12
442 13
481 56
462 31
406 5
432 7
472 51
487 52
485 52
471 38
400 5
407 4
465 30
435 8
479 54
448 27
449 26
470 35
471 44
484 53
480 53
445 16
470 45
469 34
464 31
479 52
446 17
467 32
482 59
480 59
472 43
504 65
465 31
471 43
401 7
442 14
470 44
483 55
436 10
426 2
473 51
505 67
481 57
435 9
445 17
470 38
480 58
469 35
441 13
422 0
410 10
427 3
479 53
488 54
473 41
461 31
432 8
472 42
503 65
466 32
423 1
444 16
468 34
487 53
478 52
485 53
407 5
472 40
399 5
428 4
448 26
483 59
471 39
482 58
485 54
433 8
441 14
474 51
477 52
471 40
444 17
422 1
473 52
409 8
479 58
483 58
484 55
465 32
407 6
443 16
435 10
461 32
469 38
destination
