map
random512-35-4.map
pivot
188 411
agent & start
472 35
473 44
471 50
463 30
401 4
448 17
468 31
438 11
447 18
485 50
473 48
469 46
470 47
475 40
450 27
433 6
486 51
471 34
405 6
488 51
459 30
472 49
439 12
482 53
450 25
404 5
481 54
406 3
470 51
469 32
474 43
460 29
472 45
402 5
471 46
480 55
471 36
484 51
403 6
436 7
400 3
447 16
487 50
461 28
435 6
470 33
406 4
460 30
473 43
484 52
483 53
449 27
440 12
447 17
470 46
435 7
481 55
450 26
473 49
461 29
472 38
405 5
482 54
436 8
482 60
486 52
467 31
463 31
474 40
470 36
481 59
471 51
473 39
471 45
402 6
469 33
471 35
505 65
487 51
504 64
438 10
472 50
401 5
400 4
469 45
472 44
485 51
464 30
481 53
480 54
468 32
432 6
446 18
483 54
442 13
467 32
483 60
465 30
479 52
448 27
473 42
441 12
480 59
471 44
484 53
471 38
472 43
437 10
445 16
488 53
473 50
432 7
400 5
462 31
504 65
446 17
406 5
473 40
401 6
449 26
481 56
472 39
479 54
464 31
472 51
505 66
469 34
427 2
423 0
461 30
407 4
470 35
480 53
435 8
487 52
503 64
485 52
482 59
470 45
471 43
426 2
483 59
401 7
435 9
469 35
428 4
487 53
480 58
482 58
399 5
503 65
423 1
422 0
442 14
470 44
485 53
448 26
478 52
470 38
488 54
505 67
472 40
473 51
481 57
473 41
466 32
432 8
471 39
461 31
410 10
436 10
407 5
483 55
472 42
465 31
444 16
445 17
441 13
427 3
479 53
468 34
444 17
474 51
425 2
409 10
434 9
432 9
469 38
482 57
468 35
472 41
427 4
407 6
488 55
443 16
477 52
447 26
478 53
480 57
423 2
428 5
473 52
505 68
441 14
410 9
424 1
422 1
398 7
470 43
442 15
485 54
399 6
409 8
503 66
400 7
433 8
479 58
429 6
487 54
483 58
484 55
435 10
461 32
439 14
465 32
471 40
399 7
485 55
478 58
424 2
486 54
502 66
487 55
465 33
469 37
470 40
483 57
441 15
407 7
444 18
422 2
474 52
420 2
484 58
476 52
427 5
470 42
435 11
428 6
429 7
477 53
400 8
434 10
440 14
442 16
439 15
504 68
425 3
504 70
505 69
398 8
484 56
446 26
433 9
443 17
471 41
468 36
408 8
409 9
432 10
408 10
460 32
447 25
479 57
460 33
430 9
407 8
408 9
424 3
503 70
459 32
503 68
474 53
421 2
442 17
430 11
465 34
443 18
435 12
420 3
427 6
486 55
428 7
399 8
469 42
476 53
431 10
446 25
504 69
470 41
433 10
502 67
440 15
468 37
485 56
478 57
487 56
477 54
479 56
439 16
484 57
433 11
427 7
477 57
407 9
459 33
425 5
420 4
445 25
469 41
424 4
474 54
467 37
478 56
395 9
434 12
464 34
429 9
501 67
439 17
431 11
502 68
440 16
419 3
485 57
486 56
476 54
430 10
421 3
442 18
399 9
503 69
429 10
399 10
440 17
426 7
419 4
424 5
466 37
384 13
441 18
467 38
501 70
502 69
394 9
501 68
475 54
486 57
425 6
445 24
459 34
421 4
467 40
389 14
477 56
406 9
433 12
474 55
468 41
463 34
395 10
394 11
390 13
500 67
431 12
464 35
405 9
433 13
388 14
440 18
466 38
476 56
400 10
395 11
407 11
391 13
406 10
422 4
392 12
459 35
394 10
501 71
467 39
462 34
389 13
418 4
444 24
431 13
432 12
467 41
421 5
390 12
501 69
425 7
463 35
423 5
428 10
384 12
486 58
500 68
419 5
385 13
475 55
396 10
489 58
392 11
396 11
501 72
384 11
406 11
465 38
487 58
407 12
388 13
433 14
430 13
427 10
393 10
500 69
462 35
463 36
423 6
418 5
391 12
467 42
385 12
465 40
405 10
466 41
502 71
460 35
466 39
461 34
475 56
431 14
422 5
400 11
432 13
440 19
443 24
424 7
464 41
418 6
427 11
475 57
400 12
464 40
392 10
489 59
430 14
396 12
494 66
438 18
394 14
428 14
463 37
404 10
466 42
499 69
443 23
488 58
464 38
431 15
385 11
387 13
424 8
406 12
498 68
422 6
432 14
462 36
440 20
425 9
465 39
496 66
434 16
500 72
391 11
439 19
465 41
461 35
502 72
422 7
494 65
460 37
429 14
404 11
502 73
396 13
490 61
491 62
488 59
437 18
426 11
474 57
428 15
441 22
387 12
463 38
442 23
418 7
465 42
504 75
430 15
424 9
399 12
427 16
489 60
385 10
386 11
425 10
461 36
500 73
497 68
395 14
432 15
405 12
440 21
495 66
462 37
355 0
391 10
439 20
394 15
435 16
397 12
464 39
496 67
498 69
433 16
438 19
499 70
428 16
488 60
496 68
493 65
352 4
503 75
355 1
440 22
463 39
427 15
504 76
502 74
387 11
497 69
356 0
404 12
430 16
495 67
422 8
424 10
498 70
429 15
396 14
491 63
390 10
398 12
440 24
421 7
489 61
460 38
405 13
435 17
397 13
473 57
386 10
426 16
432 16
395 15
425 11
465 43
439 21
462 38
419 7
441 23
490 62
500 74
461 37
437 19
431 18
426 13
464 43
492 65
355 2
460 39
440 23
421 8
495 68
461 38
500 79
390 9
429 16
489 62
439 24
503 76
351 4
398 13
387 10
420 7
356 1
462 39
428 17
357 2
424 11
389 10
426 15
490 63
496 69
497 70
439 22
425 16
396 15
425 12
404 13
397 14
432 17
485 60
472 57
437 20
488 61
435 18
414 9
502 75
352 5
499 80
501 74
500 78
496 70
357 1
429 17
425 13
471 57
494 68
414 10
439 23
430 18
489 63
425 15
351 5
497 79
388 10
461 39
426 14
492 66
350 4
434 18
397 15
487 61
501 75
423 11
420 8
436 20
498 80
403 13
353 5
438 22
486 60
412 10
499 79
437 21
431 19
490 64
413 9
357 3
488 64
428 18
488 62
485 61
502 76
355 3
463 43
457 39
398 14
390 8
501 77
420 18
462 40
438 26
432 18
436 21
428 19
425 14
414 11
499 78
486 61
458 39
358 1
411 14
498 79
350 5
420 9
433 18
437 22
491 66
431 20
423 12
496 71
461 40
356 3
397 16
422 11
411 12
421 18
353 6
488 63
438 25
389 8
413 10
430 19
388 9
420 17
470 57
493 68
500 77
424 13
462 41
501 76
355 4
494 69
422 17
432 19
488 65
410 13
438 23
437 26
402 13
429 18
463 42
398 15
412 11
424 15
354 7
490 65
497 78
457 40
429 19
409 13
355 5
487 65
490 66
493 69
436 22
489 65
437 25
469 57
402 14
491 67
410 14
356 4
420 16
462 42
458 40
500 76
433 19
397 17
498 78
354 6
436 26
457 41
424 14
437 23
422 12
411 13
412 12
487 63
495 71
413 11
359 1
355 7
492 68
388 8
398 16
461 41
422 16
421 17
423 13
430 20
350 6
402 18
389 7
496 72
486 62
434 20
435 21
420 10
488 66
410 15
425 24
458 41
422 15
499 76
429 22
498 77
387 8
459 40
412 13
409 14
496 73
468 57
428 23
397 18
435 22
354 21
355 6
413 14
495 72
460 41
403 18
360 1
492 69
350 7
493 72
421 12
434 21
493 70
461 42
349 6
420 11
423 14
399 16
489 66
402 17
402 15
421 16
429 20
491 74
422 13
408 13
486 65
490 67
388 7
494 71
413 12
437 24
427 24
356 5
433 20
430 21
486 63
436 25
429 21
409 15
422 14
348 6
498 76
402 16
493 73
403 15
493 71
429 23
460 42
408 14
349 7
420 12
435 23
490 68
485 63
434 22
397 19
490 74
491 73
482 62
414 14
430 22
399 17
492 72
492 70
426 24
459 41
486 64
425 23
403 17
356 6
468 58
387 7
421 15
433 21
452 30
361 1
413 13
427 23
494 72
436 24
354 20
495 73
489 67
355 21
452 31
491 70
428 21
357 6
426 23
490 73
348 7
489 68
419 12
354 19
355 20
485 64
429 24
433 22
460 43
407 14
399 18
431 22
481 62
451 30
482 63
404 15
454 33
432 21
435 24
467 60
404 17
387 4
414 13
421 14
362 3
459 42
492 71
497 76
468 59
430 23
361 2
494 73
491 72
484 63
427 22
408 15
495 74
398 19
387 6
403 16
409 16
356 20
420 14
451 31
482 64
490 72
458 70
432 22
426 22
355 19
425 19
415 13
483 63
386 4
495 75
434 24
469 59
431 23
418 12
423 19
406 14
489 69
408 16
491 81
427 21
459 43
361 3
494 74
450 32
481 63
348 8
433 23
354 18
430 24
362 4
357 7
490 70
405 15
453 33
468 60
450 30
496 76
467 61
484 64
399 19
404 16
426 20
387 5
454 34
491 71
428 26
488 68
347 7
490 71
458 71
406 15
428 27
357 20
423 20
427 26
453 34
468 61
489 70
408 17
419 14
355 18
456 43
481 64
486 69
417 12
418 13
478 63
425 20
433 24
426 21
386 5
491 82
483 64
431 24
493 80
405 16
347 8
434 25
496 77
492 81
430 25
477 62
459 70
455 44
450 31
361 4
459 44
400 19
450 33
488 69
358 7
424 19
484 65
331 4
487 68
360 5
469 60
449 32
494 75
495 76
416 13
432 23
489 71
449 33
480 64
489 87
495 79
447 35
407 17
425 21
434 26
496 80
469 61
487 69
459 45
456 44
485 67
478 64
427 27
451 33
458 72
455 45
330 4
417 13
331 3
477 63
400 20
453 35
346 8
356 18
493 81
486 68
408 18
449 31
432 24
486 70
359 7
494 76
418 14
472 60
406 16
336 2
457 43
494 80
385 5
452 34
454 44
429 27
360 6
483 65
476 62
431 25
492 82
358 20
416 14
489 85
495 77
334 2
357 19
424 20
361 5
488 70
331 5
459 71
433 25
452 35
332 5
359 20
454 43
451 34
453 44
494 77
430 33
401 20
460 71
495 78
463 66
475 62
492 83
356 17
384 5
493 82
360 7
471 60
346 9
483 66
424 21
335 2
357 18
406 17
430 27
474 61
433 26
476 63
385 6
485 68
470 61
490 87
425 28
361 6
457 44
489 88
336 3
461 66
472 61
484 67
448 31
449 34
417 14
426 27
330 3
454 45
478 65
458 45
469 62
496 81
446 35
489 86
490 85
407 18
448 35
432 25
459 72
477 64
486 71
494 81
416 15
487 70
334 3
480 65
495 80
488 71
494 82
358 10
480 66
493 77
463 65
457 45
477 65
359 9
449 35
417 15
483 67
492 90
475 63
493 83
487 71
424 22
453 43
478 66
452 44
490 88
508 84
329 3
346 10
415 15
357 17
360 20
494 78
429 31
507 83
361 7
430 32
491 87
492 84
471 61
470 62
447 31
356 16
432 26
458 46
454 46
406 18
461 71
358 18
335 3
453 45
446 34
451 35
360 8
473 61
488 72
332 6
476 64
426 28
496 82
461 67
431 33
484 68
460 72
431 27
416 16
427 29
495 81
384 6
462 66
334 4
424 26
425 29
490 86
402 20
428 30
330 2
474 62
479 66
332 7
334 5
424 25
328 3
462 67
358 17
460 75
487 72
463 64
470 63
471 62
417 16
507 84
423 26
358 15
475 64
403 20
335 4
333 6
450 35
360 9
473 62
426 29
491 88
484 69
492 85
491 86
430 31
359 18
447 32
460 73
423 22
492 89
415 16
506 83
453 42
329 2
358 11
453 46
359 10
378 5
346 11
446 31
362 7
405 18
492 87
457 46
384 7
432 27
491 76
451 36
483 68
494 83
493 78
461 70
482 67
508 85
487 74
381 6
406 19
476 65
429 30
495 82
493 90
446 33
357 16
360 19
452 43
492 77
427 30
431 32
453 47
505 83
360 18
492 88
493 85
492 78
337 5
457 47
347 15
450 36
462 54
482 68
377 5
432 28
346 12
476 66
494 90
412 16
405 19
422 22
329 1
445 31
358 16
484 70
495 83
414 16
422 26
332 8
335 5
471 63
359 11
474 64
380 6
423 23
463 53
430 30
491 77
404 20
451 37
446 32
431 29
483 69
360 10
381 7
362 8
479 67
434 28
378 6
487 75
334 6
461 75
473 63
345 11
452 42
487 73
384 8
431 31
493 89
359 15
460 74
328 2
492 86
475 65
462 68
452 46
417 17
507 85
406 20
464 64
415 17
426 30
423 25
461 69
445 33
490 76
404 21
451 42
486 73
337 6
490 77
423 24
451 48
335 6
361 18
462 75
438 29
433 28
494 89
378 7
447 54
414 17
426 31
377 6
364 21
495 90
452 47
495 84
432 29
505 84
333 8
474 65
380 7
507 86
462 53
346 15
494 85
365 8
421 20
457 48
450 37
434 29
488 75
482 69
413 16
480 75
412 17
491 78
421 26
346 13
472 63
336 5
479 68
347 14
362 9
383 8
489 76
483 70
360 11
405 20
493 86
431 30
504 85
464 63
359 16
493 88
475 66
461 74
445 32
345 12
444 31
417 18
422 21
328 1
360 17
334 7
506 85
463 54
462 69
336 6
439 29
474 66
470 66
414 18
380 8
345 13
379 7
334 8
418 18
413 17
488 76
378 8
471 65
507 87
360 16
421 21
490 78
496 84
483 71
494 88
464 62
433 29
463 69
344 18
421 25
335 7
322 2
487 77
447 53
364 20
377 7
426 32
326 0
405 21
365 21
494 86
406 22
364 8
416 18
404 22
362 18
420 26
419 19
452 48
472 64
333 9
458 50
465 67
361 15
344 12
327 1
461 53
495 89
457 49
503 85
360 12
443 31
422 24
460 52
481 75
446 54
495 85
383 9
451 49
504 86
363 9
341 19
438 30
343 19
506 86
445 55
449 37
481 73
432 30
485 73
365 7
480 68
489 77
479 75
346 14
505 85
462 74
444 32
450 38
450 42
420 20
496 90
482 70
463 55
482 72
361 14
505 86
480 69
463 74
363 10
489 78
486 77
414 19
345 14
460 53
510 91
466 67
452 49
503 90
413 18
496 89
458 51
416 19
433 30
474 67
325 0
419 26
487 78
377 8
472 65
334 9
450 39
438 31
443 54
451 50
382 9
326 1
506 87
495 88
360 13
457 50
439 30
448 53
335 8
496 85
427 32
364 19
323 2
406 23
363 18
366 21
464 69
449 52
343 18
404 23
504 87
366 7
361 16
464 61
420 21
421 24
342 19
465 68
470 67
443 32
405 22
444 55
488 77
379 8
503 86
419 20
459 52
344 13
481 74
322 3
418 19
445 54
471 66
482 71
484 73
450 41
494 87
344 17
490 79
509 90
463 56
482 73
473 66
502 85
449 38
336 7
341 18
364 9
479 74
464 74
503 89
480 70
343 17
419 25
378 10
439 31
463 57
483 73
502 90
448 52
489 79
510 92
450 40
445 53
459 53
496 88
365 19
367 7
324 2
448 48
361 13
465 69
505 87
415 19
443 53
326 2
442 32
364 10
457 51
335 11
509 91
463 61
363 17
482 74
420 24
433 31
452 50
506 88
496 86
322 4
449 51
451 51
382 10
368 8
474 68
367 21
480 72
449 39
486 76
428 32
470 68
502 86
362 16
503 87
413 19
444 38
405 23
495 87
336 8
416 20
381 9
418 20
456 50
472 66
379 9
479 73
342 18
441 31
444 54
471 67
419 21
466 68
467 67
323 3
406 24
488 78
325 1
362 14
335 9
364 18
344 14
450 46
376 8
481 71
508 90
443 38
405 24
505 88
344 15
365 10
451 52
485 76
509 92
325 2
439 32
508 91
416 21
413 20
440 31
364 17
419 24
453 50
465 74
504 89
415 20
378 11
375 8
474 69
473 68
363 16
479 70
323 4
502 89
448 51
496 87
450 45
448 47
484 79
467 68
417 20
379 10
462 61
367 8
472 67
510 93
365 18
443 52
479 72
322 5
412 21
501 90
381 10
448 49
497 86
480 71
367 20
464 73
465 70
428 33
406 25
336 9
335 10
368 9
457 52
342 17
502 87
382 11
418 21
449 46
483 74
441 32
458 53
368 21
433 32
470 69
336 11
449 40
362 13
471 68
469 68
455 50
376 9
488 79
444 53
343 16
444 37
418 25
339 8
463 58
453 51
484 78
507 91
413 21
465 73
343 15
510 94
497 87
365 11
375 9
415 21
434 32
363 13
462 62
336 10
473 69
448 50
457 53
465 71
448 40
502 88
418 22
443 37
428 34
474 70
467 69
452 52
448 46
366 18
367 9
501 89
364 16
450 44
466 70
501 87
479 71
464 72
368 20
478 70
338 8
378 12
380 10
325 3
444 36
483 75
455 51
323 5
417 21
418 24
381 11
471 69
374 10
472 68
440 32
498 86
462 58
339 9
436 32
508 92
441 33
363 15
469 69
444 52
405 25
411 21
484 76
342 16
419 23
324 4
488 80
505 89
463 59
484 80
458 54
340 10
366 11
324 5
484 81
498 87
375 10
342 15
378 13
404 25
466 71
505 90
484 77
365 16
368 19
440 33
457 54
412 23
418 23
380 11
443 36
442 37
448 41
374 11
364 15
376 11
340 11
488 81
462 59
461 58
381 12
472 69
455 52
466 73
449 44
413 22
510 95
441 34
456 53
462 63
453 52
501 88
339 10
478 71
483 78
417 22
367 18
474 71
508 93
411 22
461 62
327 4
427 34
465 72
435 32
338 9
454 51
468 69
437 32
428 35
364 13
442 35
325 4
414 21
444 51
458 55
448 45
447 50
506 91
473 70
337 10
367 10
429 34
379 12
483 76
452 53
378 14
338 10
460 58
412 24
325 5
411 23
437 33
436 34
427 35
365 15
375 11
488 82
498 88
453 53
447 41
341 15
442 36
449 43
376 12
461 63
473 71
339 11
448 44
441 35
505 91
380 12
445 51
466 72
477 71
426 34
403 25
428 36
472 70
417 23
455 53
435 33
441 37
461 59
467 71
509 95
508 94
457 55
447 45
367 17
507 93
454 52
485 81
468 70
327 5
414 22
428 38
510 96
483 77
499 87
448 42
366 16
440 34
410 24
452 54
365 13
368 18
444 50
456 54
326 4
381 13
429 35
367 11
446 50
500 88
365 14
368 11
435 34
447 44
378 15
441 36
435 36
375 12
429 36
509 102
410 29
504 91
411 24
486 81
382 13
338 11
460 63
426 35
446 41
448 43
487 82
499 88
429 38
430 35
485 82
482 77
403 26
367 12
340 15
508 95
367 16
476 71
410 25
416 23
511 100
460 59
326 5
455 54
339 12
439 34
438 33
454 53
366 13
467 72
456 55
414 23
436 35
437 34
428 37
506 93
381 14
366 15
453 54
445 50
427 36
380 13
461 60
468 71
509 96
510 97
368 17
505 92
444 49
472 71
473 74
446 49
473 73
411 25
504 92
510 100
508 102
437 35
411 29
453 55
499 89
381 15
403 27
368 12
390 16
459 63
369 11
456 56
511 101
440 36
472 74
472 72
338 12
434 34
416 24
366 14
446 48
468 72
481 77
429 37
397 27
457 57
435 35
460 60
399 27
326 6
431 35
506 94
445 41
459 59
438 34
509 101
509 97
498 90
367 15
426 36
508 96
380 14
339 15
410 28
469 71
505 93
486 82
436 36
382 14
414 24
476 72
454 54
375 13
368 16
340 14
447 43
327 7
379 15
445 49
397 28
368 13
425 36
375 14
403 28
457 58
455 56
499 90
374 15
470 71
398 27
326 7
367 14
454 55
381 16
508 101
507 96
411 26
498 91
338 13
445 48
505 94
488 93
472 73
456 57
390 17
481 80
481 78
506 95
511 102
327 8
383 14
415 24
339 14
486 83
504 93
459 60
416 25
437 36
430 37
369 12
399 26
426 37
471 72
490 93
469 72
439 36
445 42
431 36
458 63
389 16
509 100
388 21
410 27
411 28
368 15
459 62
509 98
475 72
446 43
434 35
503 92
438 35
380 15
476 74
480 80
380 16
454 56
445 43
389 17
383 15
374 14
456 58
338 14
506 96
389 21
504 94
458 60
390 18
373 15
369 13
431 37
439 37
395 21
486 84
445 47
396 28
438 36
440 62
455 57
502 92
479 77
481 81
508 100
403 29
509 99
469 73
415 25
432 36
416 26
327 9
368 14
457 63
511 103
458 62
325 7
398 24
411 27
441 61
499 91
489 93
381 17
388 20
471 73
488 92
425 37
433 35
373 13
424 36
505 95
507 97
480 78
457 59
470 72
382 16
475 73
490 94
398 26
437 37
326 8
499 92
486 85
326 9
373 14
489 94
504 95
438 37
505 96
419 32
442 61
455 58
470 73
398 25
510 103
476 75
412 27
337 14
424 37
502 93
457 60
479 78
457 62
390 21
433 36
486 87
488 91
396 23
380 17
388 19
500 91
481 82
508 99
369 14
501 92
445 44
444 47
478 77
480 81
417 28
475 74
440 63
397 24
389 18
511 104
413 26
458 61
415 26
441 62
485 84
372 13
421 32
432 37
507 100
394 21
439 38
507 98
395 22
480 79
388 17
454 57
324 7
395 28
9 16
403 30
383 16
440 71
337 15
470 74
489 95
507 99
421 33
478 78
387 17
457 61
9 17
441 71
415 27
420 32
444 46
396 24
471 75
433 37
402 30
485 87
417 33
445 45
323 7
488 90
487 91
370 14
383 17
402 32
486 104
484 84
418 32
510 104
395 27
454 58
336 14
10 16
326 10
11 15
475 75
505 97
440 64
442 62
388 18
480 82
423 37
417 29
395 23
486 92
390 22
506 98
413 27
396 26
501 93
416 28
504 96
325 9
500 92
479 79
438 38
414 26
477 77
442 70
444 44
486 86
324 16
394 22
372 14
440 70
452 58
397 25
379 17
510 105
444 45
471 76
487 104
438 39
324 17
486 93
506 99
379 18
393 22
11 16
470 75
12 15
416 29
486 97
442 63
324 9
485 102
326 15
325 10
396 25
323 8
486 91
384 17
442 71
478 79
479 82
423 38
477 78
335 16
434 37
476 77
441 70
486 103
417 30
327 12
488 95
387 18
487 94
336 15
9 18
474 75
417 32
485 86
416 33
401 32
324 15
391 22
500 93
371 14
444 63
325 16
452 59
440 65
475 76
455 60
484 85
414 27
402 31
394 23
504 97
395 24
453 58
420 33
456 61
395 26
488 89
370 15
327 15
454 60
485 97
395 25
371 15
486 90
12 16
476 78
381 19
474 76
443 71
444 62
335 17
487 95
483 103
325 17
472 76
414 28
478 82
326 12
505 99
510 106
442 50
416 30
336 16
443 45
416 32
434 38
378 18
422 38
478 80
500 94
484 102
487 89
325 15
394 26
327 13
486 98
455 61
441 69
453 59
392 22
443 63
440 66
394 24
486 102
323 11
415 29
393 23
486 96
386 18
484 86
8 18
401 31
437 39
420 34
323 9
469 75
477 79
487 103
475 77
486 94
384 18
470 76
324 10
11 17
483 85
485 101
504 98
499 94
441 50
486 89
473 76
505 100
504 99
416 31
392 23
326 13
325 14
490 103
327 16
441 68
486 95
483 102
323 10
436 39
484 97
400 31
394 25
482 85
485 98
475 78
435 38
311 0
476 79
382 19
322 9
470 77
415 30
474 77
386 19
477 82
483 86
419 34
472 77
487 102
378 19
442 49
444 65
442 45
381 20
414 29
371 16
12 17
326 17
511 106
468 75
421 38
336 17
486 101
393 24
485 94
477 80
445 62
328 15
485 96
486 99
324 11
454 61
485 100
485 90
384 19
379 20
325 12
443 72
488 103
441 66
443 64
8 19
500 95
453 60
482 103
476 80
421 37
328 16
499 95
372 16
336 18
443 65
322 10
414 30
392 24
484 98
485 89
311 1
485 95
378 20
435 39
385 19
481 85
310 0
441 49
473 77
486 100
7 19
475 79
489 103
381 21
484 100
511 107
325 13
373 17
498 94
477 81
384 20
471 79
399 31
382 20
445 65
439 51
484 90
504 100
503 99
312 2
393 25
440 50
339 17
441 67
441 45
488 102
446 62
485 99
13 17
327 17
469 77
380 20
474 78
453 61
421 39
442 46
324 12
468 76
490 102
444 72
418 34
419 35
480 102
484 88
482 86
487 101
482 102
484 96
415 31
380 21
419 36
481 102
498 95
442 67
471 80
501 98
381 22
481 86
398 31
487 100
503 100
443 66
335 20
321 10
483 94
484 99
21 24
475 80
372 17
484 89
476 81
418 35
501 100
420 37
483 88
399 32
488 101
445 64
377 20
445 72
311 2
435 40
468 77
338 17
309 0
378 21
312 3
446 65
324 13
452 61
480 101
438 51
392 25
453 62
6 19
503 108
489 102
473 78
483 90
414 31
511 108
440 49
310 1
331 16
447 62
337 18
329 16
480 85
421 40
376 19
379 22
373 18
440 45
336 19
441 46
328 17
385 20
470 79
383 20
387 22
339 18
439 50
391 24
386 21
484 95
441 48
6 17
446 63
13 18
322 12
413 31
419 37
500 98
503 101
376 20
398 32
489 101
480 86
310 2
339 19
6 18
483 93
337 19
20 24
439 49
13 21
435 41
334 20
481 101
390 24
385 21
392 26
309 1
380 22
399 35
14 22
443 67
501 101
437 43
468 78
475 81
14 2
511 109
420 40
414 32
334 18
438 50
501 109
417 35
372 18
311 3
502 108
440 48
399 33
482 90
451 61
483 99
5 17
338 18
12 4
445 71
505 107
377 21
21 23
509 107
329 17
387 23
498 96
330 16
504 108
447 63
332 16
18 24
386 22
440 46
500 100
501 99
446 64
321 11
483 89
479 85
320 10
375 19
318 10
335 19
488 100
13 19
472 80
452 62
331 17
323 13
439 45
383 21
483 95
473 79
379 23
470 80
474 80
502 100
482 93
397 32
318 11
5 18
19 24
13 20
376 21
15 22
468 79
321 12
12 5
330 17
500 109
508 107
319 10
435 42
389 24
14 3
418 37
451 62
398 33
481 100
385 22
509 108
13 4
482 99
398 35
482 95
18 23
413 32
447 64
399 34
450 61
439 46
21 22
388 23
383 22
390 25
438 49
322 13
309 2
498 97
472 81
497 96
473 80
481 88
505 108
4 17
502 101
417 36
482 89
372 19
338 19
387 24
446 71
333 20
467 78
311 4
478 85
332 17
511 110
452 63
14 21
439 48
480 87
414 33
377 22
503 102
15 2
20 23
510 109
500 99
444 67
386 23
391 26
333 18
474 81
437 44
470 81
436 43
445 70
310 3
489 100
22 19
380 23
440 47
506 107
488 99
375 20
334 19
420 41
501 108
436 44
419 41
489 99
446 70
448 64
505 109
499 109
377 23
445 67
374 20
397 33
389 25
391 27
417 37
509 109
510 110
490 100
21 19
385 23
330 18
481 99
508 108
479 87
319 11
480 88
388 24
375 21
317 11
311 5
380 24
507 107
15 3
18 2
3 17
396 32
482 92
501 107
14 20
15 21
482 96
438 48
467 79
435 43
13 5
473 81
477 85
474 82
372 20
499 99
4 18
481 93
498 98
338 20
332 18
413 33
21 21
321 13
468 80
490 98
470 82
398 34
309 3
481 89
384 22
20 22
18 22
22 20
506 108
452 64
502 102
439 47
383 23
450 62
19 23
497 97
445 69
434 42
438 46
411 33
333 19
469 81
411 34
468 81
309 4
435 44
491 98
375 22
13 6
393 30
467 80
438 47
480 89
315 12
17 2
499 108
337 22
332 19
502 103
373 20
450 63
381 26
472 83
330 19
501 106
338 23
390 27
446 69
314 13
18 3
448 65
481 96
474 83
418 41
377 24
388 25
413 34
490 99
416 37
437 46
506 109
16 21
481 92
395 32
311 6
21 20
507 108
376 23
436 45
16 3
446 67
394 31
473 82
497 98
19 22
510 111
434 43
382 25
374 21
316 11
469 82
0 19
15 20
320 13
391 28
508 109
476 85
478 87
15 4
498 99
511 112
412 33
397 34
389 26
14 5
452 65
384 23
3 18
338 21
481 98
451 64
380 25
319 12
20 21
471 84
509 110
479 88
392 29
480 91
337 23
52 4
18 4
374 22
501 103
501 105
390 28
315 13
480 90
381 27
0 20
471 85
479 89
377 25
477 87
311 7
510 112
17 21
508 110
382 26
373 21
394 32
384 24
393 31
1 19
500 106
436 46
304 2
497 99
17 3
3 19
338 22
383 25
389 27
491 99
16 4
475 85
449 65
481 97
16 20
450 64
391 29
468 82
499 107
434 44
376 24
15 5
416 38
20 20
480 92
14 6
478 100
412 34
469 83
53 5
498 108
472 84
511 113
396 34
466 80
19 21
319 13
331 19
392 30
506 110
446 68
451 65
507 109
418 42
473 83
388 26
435 45
313 13
316 12
339 21
437 47
509 111
433 43
380 26
58 0
308 4
303 2
53 6
303 4
395 34
447 68
418 43
15 6
313 14
52 5
480 97
480 95
308 5
391 30
475 86
319 14
501 104
58 1
389 28
380 27
467 82
472 85
434 45
478 99
309 6
415 38
304 3
0 21
59 0
95 0
479 90
337 24
331 20
2 19
382 27
307 4
375 24
18 5
17 20
388 27
19 4
380 29
450 65
436 47
499 106
339 22
16 5
318 21
304 1
477 100
497 100
374 23
492 99
475 88
373 22
385 26
19 20
316 13
466 81
56 3
54 5
509 112
479 92
309 8
412 35
471 86
500 105
507 110
432 43
17 4
452 67
510 113
476 87
51 4
376 25
394 33
384 25
310 7
473 84
392 31
463 80
15 16
465 80
497 108
474 85
468 83
453 68
435 46
374 24
497 107
387 27
337 25
479 97
15 7
372 22
432 44
373 23
471 87
306 4
17 5
452 68
450 66
336 24
478 92
473 85
18 6
499 105
16 6
479 95
335 23
435 47
318 14
308 8
308 6
448 68
15 15
379 27
302 0
478 90
412 36
16 18
334 22
498 106
464 80
319 21
302 4
309 7
381 29
500 104
392 32
15 17
419 43
331 21
51 5
388 28
384 26
391 31
509 113
476 100
18 20
2 20
380 28
480 94
17 19
463 81
57 3
507 111
433 45
318 22
508 112
54 6
451 67
498 102
53 7
313 15
472 86
19 19
303 3
96 0
449 67
383 27
492 100
317 13
304 4
415 39
95 1
303 1
414 38
56 4
375 25
385 27
58 2
59 1
475 87
477 99
340 22
393 33
320 20
479 93
466 84
20 4
467 83
302 2
394 34
465 81
496 108
14 8
52 6
476 88
1 21
496 100
453 69
335 24
336 25
411 36
477 98
498 105
412 37
382 29
463 82
465 82
435 48
302 1
16 7
301 0
476 89
17 6
95 2
52 7
305 4
383 28
496 101
451 68
493 100
309 10
16 15
474 87
448 69
51 6
342 23
334 23
479 96
374 25
496 107
393 34
56 5
18 19
2 21
373 24
498 103
330 21
332 21
466 83
478 91
93 4
414 39
317 14
308 7
320 21
18 7
57 4
337 26
340 23
479 94
14 9
320 19
497 106
450 67
319 16
338 25
384 27
319 22
473 86
16 17
476 99
464 81
497 102
307 8
314 15
499 104
468 85
55 6
20 3
420 43
478 97
472 87
449 68
53 8
15 14
508 113
467 84
1 22
507 112
371 22
96 1
59 2
391 32
17 18
50 5
302 3
432 45
388 29
452 69
387 28
58 3
15 8
333 22
379 28
330 22
384 28
301 3
370 24
476 98
17 7
392 34
497 105
54 8
435 49
301 1
338 26
15 13
315 15
432 46
3 21
320 22
14 12
413 39
319 19
309 11
332 22
1 23
96 2
317 15
21 3
306 8
386 28
508 114
477 91
450 68
335 25
2 22
478 94
58 4
14 10
387 29
307 7
95 3
92 4
476 90
321 21
472 88
496 106
420 44
55 7
56 6
496 102
51 7
15 9
383 29
466 86
477 97
436 50
478 96
507 113
373 25
310 12
473 87
307 9
318 16
319 17
451 69
49 5
308 10
378 28
94 4
465 83
305 5
389 31
341 23
449 69
94 6
498 104
411 37
493 101
18 8
464 82
17 15
409 39
430 46
18 18
467 85
333 23
60 2
331 23
371 23
324 22
342 24
468 86
390 32
495 101
388 30
17 17
388 31
497 104
373 26
14 11
18 17
92 5
321 22
496 103
94 7
390 33
3 22
410 39
305 6
412 39
307 16
495 102
392 35
95 4
331 24
475 98
50 7
6 23
473 88
315 16
300 1
318 17
383 30
509 120
389 36
464 83
55 8
378 29
338 27
477 96
56 7
474 89
495 106
60 3
421 44
450 69
311 12
48 5
451 70
17 16
476 91
467 86
96 3
469 86
430 47
477 94
15 12
22 3
449 70
300 3
324 23
332 23
493 102
309 12
508 115
411 38
435 50
335 26
2 23
436 51
97 2
306 7
384 29
17 8
305 8
322 21
409 40
506 113
16 9
369 24
431 46
389 32
308 11
386 29
475 90
339 26
94 5
406 45
372 25
465 86
59 4
330 23
318 19
371 24
341 24
15 10
306 9
317 16
325 22
16 10
407 45
49 7
307 11
507 115
56 8
366 26
508 116
318 18
372 26
7 23
322 22
95 7
3 23
332 24
510 120
449 71
6 22
384 30
48 6
305 7
7 21
304 8
306 10
435 51
95 5
368 24
311 13
392 36
476 94
307 15
19 17
388 36
330 24
369 25
494 102
97 3
378 30
450 70
477 95
22 4
469 87
16 12
21 17
305 9
509 121
92 6
496 104
15 11
422 44
5 23
371 25
325 23
390 40
339 27
306 16
432 50
411 39
410 40
465 85
389 33
335 27
474 90
390 38
388 32
308 12
389 35
373 27
473 89
304 6
0 26
17 9
431 47
60 4
334 26
316 16
324 24
495 105
341 25
475 97
464 84
505 115
476 96
300 2
506 114
436 52
412 40
509 119
317 17
406 46
18 16
385 29
475 91
386 30
425 43
467 87
96 7
90 5
494 103
366 27
56 11
368 25
511 120
305 10
306 13
322 23
7 22
371 26
389 34
298 1
332 25
432 51
435 52
296 1
476 95
17 12
48 7
474 91
423 44
77 0
323 24
91 6
56 9
408 45
386 31
426 43
4 23
509 118
392 37
325 24
21 16
19 16
372 27
409 42
378 31
391 40
306 11
466 89
388 33
467 88
47 6
7 24
387 32
510 121
60 5
391 38
329 24
408 43
340 27
16 11
341 26
495 104
410 41
307 12
22 5
59 6
97 4
405 46
376 29
324 25
388 35
96 5
8 21
434 51
1 26
316 17
317 18
3 24
449 72
334 27
450 71
433 50
393 36
385 30
20 17
335 28
299 2
17 10
431 48
304 9
306 15
424 43
506 115
0 27
469 88
507 116
473 90
58 7
475 96
411 40
505 116
367 26
57 8
304 7
390 39
464 85
311 14
408 41
8 23
407 43
56 10
322 24
392 38
306 12
310 14
407 41
57 9
1 27
47 7
494 104
386 32
57 11
475 95
507 117
58 8
432 52
97 5
333 27
467 89
408 44
470 88
2 26
328 24
433 51
370 26
466 90
391 39
492 104
326 24
303 7
408 42
450 72
466 88
385 31
423 45
98 4
301 5
311 15
4 24
77 1
506 116
510 122
22 6
472 90
298 2
463 85
372 28
341 27
473 91
296 2
76 0
19 15
20 16
409 43
89 5
388 34
297 1
474 96
367 27
392 40
299 15
305 15
449 73
305 21
17 11
368 26
358 28
8 22
332 26
306 14
462 84
375 29
304 10
60 6
365 27
378 32
508 118
316 18
90 6
404 46
426 44
314 18
371 27
325 25
471 89
431 49
8 24
335 29
96 6
376 30
305 11
411 41
324 26
62 2
393 37
435 53
303 9
424 44
17 13
511 121
21 7
59 7
19 14
336 29
310 15
368 27
404 45
315 18
511 126
326 25
467 90
333 28
47 8
75 0
312 17
492 105
313 18
3 26
360 27
62 3
370 27
377 32
89 6
367 28
359 28
2 27
305 12
474 93
472 91
471 90
466 91
465 90
305 22
392 39
511 122
18 11
507 118
423 46
407 42
298 3
322 25
4 25
20 15
411 42
430 51
58 9
405 44
314 19
99 4
60 7
430 49
465 88
316 19
332 29
303 10
97 6
386 33
371 28
474 95
468 89
9 22
59 8
484 105
57 10
323 26
410 43
304 11
464 87
376 31
424 45
101 6
450 73
76 1
299 14
364 27
98 5
65 0
302 7
301 6
306 21
506 117
387 34
493 104
8 25
463 86
102 7
409 44
18 13
365 28
21 8
73 0
462 85
461 84
63 2
433 52
321 24
305 14
335 30
385 32
297 2
302 11
378 33
19 10
298 15
332 27
64 1
329 26
311 16
341 28
357 28
22 7
338 29
426 45
474 101
296 13
448 73
328 25
434 53
393 38
305 24
46 7
375 30
300 5
485 106
470 89
464 91
4 26
22 8
505 121
75 1
485 107
370 28
312 18
471 91
474 100
354 30
102 8
304 14
394 38
341 29
304 24
320 24
66 0
360 28
492 106
5 25
74 0
301 11
405 43
461 85
356 28
369 27
322 26
404 44
76 2
426 46
486 106
296 12
299 13
89 7
98 6
473 93
430 52
44 8
19 11
64 2
338 30
20 10
306 22
101 5
386 34
302 8
301 7
300 6
331 29
425 45
506 118
3 27
372 30
332 28
337 29
385 33
493 105
433 53
311 17
507 119
302 10
297 13
371 29
372 32
336 30
473 101
60 8
62 4
99 5
377 33
310 16
484 106
511 125
10 22
430 50
463 87
299 5
368 28
364 28
470 90
464 90
434 54
332 30
102 6
384 32
315 19
301 9
511 123
20 14
331 27
73 1
63 3
411 43
298 14
297 3
23 7
355 29
325 27
45 7
465 91
483 105
451 73
58 10
406 42
326 26
462 86
376 32
305 23
472 92
328 26
510 126
8 26
46 8
393 39
375 31
19 13
330 26
468 90
464 88
474 94
65 1
304 12
410 44
447 73
424 46
327 25
361 27
337 30
472 93
298 5
325 28
341 30
370 29
433 54
306 23
330 27
89 8
101 4
46 9
331 28
411 44
75 2
99 6
23 8
493 106
484 109
395 38
72 1
452 73
67 0
485 108
410 45
482 105
321 26
303 12
326 27
59 10
473 94
60 9
470 91
374 31
487 106
61 8
384 33
355 30
369 28
510 125
394 39
464 89
361 28
511 124
76 3
304 13
363 28
356 31
327 26
301 10
430 53
88 7
100 7
20 11
74 1
310 17
484 107
473 100
332 31
297 12
505 120
4 27
376 33
386 35
471 92
372 33
44 9
405 42
462 87
362 27
505 118
336 31
311 18
507 120
425 46
24 7
399 42
463 88
469 90
321 28
460 85
65 2
447 74
63 6
63 4
356 29
368 29
103 6
339 32
60 11
354 31
7 26
297 4
301 8
5 26
404 43
429 50
299 6
303 24
22 9
385 34
371 30
11 22
320 25
73 2
298 13
338 31
483 106
375 32
44 7
299 12
506 121
8 27
465 92
300 11
20 13
315 20
372 31
101 8
374 32
88 8
401 41
301 27
22 10
493 107
447 75
74 2
68 0
357 31
320 28
384 36
5 27
100 8
508 126
66 2
510 124
410 46
428 50
300 10
356 32
461 87
356 30
296 4
355 31
354 32
473 99
307 23
6 26
484 108
507 121
452 74
404 42
395 39
424 48
303 13
372 34
411 45
394 40
7 27
43 9
368 30
384 34
472 94
481 105
64 4
299 7
64 6
470 92
509 125
321 27
465 93
43 7
459 85
303 25
425 47
369 29
330 28
339 33
12 22
432 54
431 53
21 11
20 12
336 32
75 3
61 11
327 27
61 9
338 32
342 30
300 8
298 12
60 10
63 7
400 42
469 91
373 33
482 106
472 100
504 118
45 9
320 26
62 8
505 119
371 31
102 4
67 1
426 48
376 34
21 13
331 31
24 8
103 5
508 122
337 31
362 28
310 18
315 21
99 7
385 35
297 5
46 10
488 106
326 28
485 109
462 88
299 11
398 42
72 2
463 89
362 29
395 40
470 93
448 75
426 49
72 5
370 31
314 21
342 31
503 120
493 108
491 108
472 99
63 8
452 75
424 49
507 122
72 3
42 9
48 13
384 35
411 46
486 109
309 18
21 12
373 34
6 27
393 42
509 124
464 95
469 92
428 51
459 86
431 54
45 10
339 34
488 107
374 33
508 125
508 123
409 48
297 6
385 36
401 42
425 48
369 30
483 108
375 34
330 31
295 4
402 41
68 1
294 5
336 33
485 110
480 105
429 54
64 5
5 28
357 30
471 94
61 10
403 42
293 6
507 126
394 41
299 10
65 4
320 27
460 87
67 2
300 27
466 93
298 11
24 9
302 13
99 8
355 32
427 50
463 96
296 5
299 8
423 48
329 28
461 88
47 12
327 28
370 33
504 119
489 108
307 24
22 11
46 11
340 35
12 23
412 45
74 3
302 25
503 118
42 7
337 32
103 4
301 26
398 43
481 106
462 89
386 37
87 8
328 28
296 6
508 124
470 94
488 108
471 95
466 94
298 10
482 110
448 76
465 95
431 55
398 44
302 14
293 5
467 93
375 35
370 32
425 49
46 12
104 2
73 5
492 108
503 119
342 32
349 33
6 28
319 27
506 126
413 45
397 43
12 24
292 6
65 5
451 75
394 42
490 108
345 31
426 50
409 49
329 29
374 34
429 55
362 30
507 123
48 14
486 110
507 125
300 26
410 48
479 105
329 31
422 48
22 12
369 33
74 4
428 54
315 23
45 11
385 37
337 33
469 93
23 11
341 33
463 97
64 8
355 33
412 46
461 89
295 5
487 109
314 22
103 1
48 16
68 2
298 8
452 76
24 10
330 30
393 43
358 30
502 120
471 99
103 3
493 109
72 4
410 50
41 7
464 96
468 92
308 18
363 31
480 106
482 108
369 31
411 47
383 35
365 31
5 29
472 98
395 41
340 34
459 87
339 35
47 13
301 25
386 38
340 36
42 8
99 9
307 25
86 8
402 42
427 51
62 10
466 95
410 49
366 31
317 26
464 97
44 11
461 90
497 114
397 44
374 35
413 46
345 32
318 27
349 34
66 5
430 55
317 28
47 16
505 126
300 25
73 6
427 54
341 34
71 4
451 76
502 119
362 31
63 10
41 8
47 14
45 12
328 29
369 32
471 98
68 3
500 117
470 95
314 23
104 1
428 53
297 10
494 111
465 96
425 50
351 34
395 42
448 77
11 24
422 47
385 38
359 30
307 18
315 24
298 9
501 118
482 109
344 31
295 6
337 34
470 99
104 3
507 124
105 2
429 56
480 107
303 22
468 93
394 43
339 36
463 98
365 32
479 106
393 44
6 29
342 33
292 5
458 87
64 9
355 34
85 8
481 110
490 109
471 96
74 5
492 109
328 31
409 50
412 47
46 13
462 91
329 30
24 11
487 110
467 94
48 15
488 109
428 55
301 24
343 32
396 43
382 35
299 26
292 3
307 26
69 2
408 49
10 25
427 52
364 31
350 33
301 14
402 43
23 12
410 51
98 9
103 0
394 44
73 7
359 31
337 35
493 111
365 33
374 36
430 56
494 112
421 47
349 35
497 115
500 120
470 98
36 10
343 33
426 54
7 29
350 34
43 11
389 43
24 12
355 35
501 119
46 14
448 78
361 31
295 11
427 53
395 43
104 0
426 52
338 36
468 94
316 28
294 24
299 25
328 30
97 9
317 27
409 51
449 77
47 15
490 110
465 97
364 32
481 109
496 114
291 5
471 97
105 3
505 125
70 4
505 127
462 92
301 15
384 38
358 32
301 23
499 117
501 121
11 25
425 55
382 36
458 88
461 91
40 8
75 5
295 7
342 34
85 9
402 44
69 3
492 110
76 6
106 2
300 24
368 32
315 25
291 3
314 24
316 26
105 1
500 118
296 10
408 50
306 18
6 30
429 57
366 32
488 110
63 11
297 9
469 95
305 19
411 49
308 26
352 34
464 98
65 9
292 4
413 47
23 13
396 44
10 26
45 13
354 34
303 21
304 20
425 51
506 124
460 90
344 32
467 95
479 107
428 56
480 108
302 22
451 77
66 6
69 4
39 8
40 9
304 19
504 125
349 36
495 116
106 3
297 24
305 18
425 52
427 56
374 37
37 10
327 30
294 11
295 8
290 3
294 7
337 36
96 9
492 111
315 28
291 4
362 33
505 124
431 58
301 22
299 24
360 31
342 35
426 55
412 49
314 25
480 109
447 78
74 7
354 35
316 27
413 48
467 96
36 13
451 78
388 43
65 10
382 37
42 11
315 26
476 105
359 32
361 32
64 11
381 36
426 53
358 33
23 14
500 119
destination
