map
random512-40-3.map
pivot
327 294
agent & start
227 358
76 101
154 443
243 344
111 264
73 120
132 201
77 126
73 118
80 129
111 266
221 368
237 352
160 429
163 426
228 359
105 188
119 206
137 342
233 354
136 341
161 428
162 427
104 189
227 360
109 188
165 424
116 209
236 351
145 342
231 356
242 343
188 351
82 131
74 117
238 339
234 353
241 342
222 367
107 188
240 341
239 342
141 344
133 198
78 127
143 344
72 119
151 440
130 207
171 428
117 208
144 343
74 118
238 342
116 208
239 341
112 266
227 359
77 101
137 341
221 367
162 428
81 129
130 206
242 344
117 203
189 351
143 343
144 342
152 442
123 209
238 340
111 265
79 127
239 343
171 427
80 128
120 206
133 277
151 441
163 427
161 429
131 201
110 188
226 358
233 353
191 351
129 207
82 130
107 189
112 264
141 343
73 119
104 190
231 355
153 443
119 205
105 189
237 351
133 197
121 207
164 426
78 126
154 444
165 425
240 342
77 125
132 198
104 191
165 426
238 341
119 204
240 343
122 207
151 442
132 197
129 206
152 443
128 207
115 208
112 265
81 128
110 189
121 206
130 201
162 429
118 203
226 359
163 428
142 343
221 366
131 198
237 340
74 119
237 350
150 443
136 273
135 274
132 277
231 354
153 444
80 127
137 340
133 196
77 124
105 190
135 194
75 120
129 196
133 276
232 353
190 351
144 341
82 129
79 126
226 353
117 204
241 344
227 354
108 189
77 102
134 275
123 210
191 352
170 427
225 358
123 208
113 264
238 348
75 121
237 341
231 353
135 273
78 102
190 352
119 203
220 366
80 126
169 427
138 340
130 202
108 190
134 194
221 365
130 276
127 207
163 429
75 119
241 345
226 354
237 349
123 207
240 344
134 274
135 193
76 118
131 277
83 129
127 195
142 342
224 358
164 428
78 124
134 272
132 196
152 444
114 264
139 341
225 359
120 204
116 204
151 443
130 196
82 128
133 275
143 341
105 191
123 211
113 265
114 208
227 353
122 206
130 204
128 196
150 444
165 427
104 192
136 272
110 190
128 206
131 197
129 205
80 125
168 427
151 444
128 195
130 203
134 193
124 207
76 121
76 119
121 204
237 348
223 358
190 353
230 353
129 204
132 195
105 192
114 265
130 275
115 206
238 347
236 341
227 352
221 364
131 276
240 345
115 264
123 206
116 205
134 271
82 127
126 207
83 128
127 194
129 202
164 429
114 207
136 271
127 206
120 203
165 428
225 354
109 190
78 123
123 212
78 103
77 118
131 196
133 274
142 341
220 365
125 206
166 427
224 359
134 273
133 194
140 341
139 340
114 266
133 273
133 193
135 271
219 365
224 354
239 345
79 103
83 127
124 206
132 274
126 206
127 193
221 363
109 191
78 122
150 446
134 192
167 427
227 351
77 121
121 203
230 352
112 206
123 213
114 206
142 340
140 340
84 128
236 342
220 364
82 126
125 215
131 275
86 128
115 205
164 430
105 193
141 341
88 128
190 354
229 353
115 265
81 125
128 194
165 429
127 205
223 359
228 352
131 195
77 119
237 347
139 339
78 104
151 445
129 203
129 194
77 120
228 351
189 354
221 362
236 343
150 447
84 127
131 274
89 126
222 361
124 215
95 94
85 128
237 346
127 204
122 203
167 428
81 124
106 193
114 205
220 363
128 273
83 126
166 429
223 360
105 194
127 192
128 203
87 128
134 191
115 266
126 205
165 430
124 205
86 127
141 340
133 192
125 216
131 194
139 338
90 125
109 192
127 272
122 213
78 121
224 355
123 204
238 345
148 449
132 273
113 206
82 125
79 104
218 365
229 352
112 205
88 127
78 119
164 431
151 446
135 270
219 364
222 360
123 215
135 269
80 104
122 214
128 272
86 126
221 361
111 201
228 350
78 106
223 355
88 126
224 356
126 204
124 216
132 192
109 193
94 94
106 194
131 273
114 204
129 273
90 124
117 263
167 429
108 192
150 448
149 449
236 344
123 203
85 127
237 345
112 204
126 190
188 354
127 203
164 432
116 266
218 364
165 431
87 127
84 126
229 351
234 342
113 205
83 125
133 191
79 105
130 194
82 124
89 125
219 363
78 120
148 450
126 272
124 204
111 203
134 190
141 339
152 446
128 192
95 95
235 343
220 362
127 191
140 338
131 193
127 202
83 124
229 350
112 201
166 431
167 430
164 437
117 266
117 264
132 191
79 106
123 216
123 202
129 192
235 346
128 271
164 433
112 203
129 272
118 263
225 340
126 273
85 126
217 362
140 337
121 214
113 204
95 96
191 486
223 356
90 123
150 449
236 345
135 268
88 125
80 105
234 343
93 94
188 355
141 338
131 192
168 429
107 194
221 360
232 349
152 447
222 355
111 202
149 450
79 120
130 193
222 345
218 363
133 190
84 125
233 342
87 126
78 107
218 361
130 273
220 361
126 189
127 190
134 269
235 344
89 124
125 204
108 193
230 350
134 268
151 449
80 106
125 203
235 345
164 436
82 122
217 363
123 217
217 361
128 270
126 202
113 203
165 437
233 343
117 265
192 486
131 191
164 434
152 448
232 348
223 345
168 430
127 189
188 356
124 202
120 214
229 349
219 361
131 271
76 110
166 432
112 202
224 340
234 346
141 337
193 489
231 349
222 356
87 125
88 124
133 189
125 273
123 201
79 107
93 95
121 215
191 487
85 125
225 341
165 433
122 216
89 123
80 120
220 360
128 190
221 359
221 345
119 267
150 450
83 123
192 488
78 108
118 264
133 269
95 97
130 192
130 272
108 194
222 344
90 122
132 189
221 344
118 265
189 356
134 267
221 358
81 106
224 343
81 120
80 107
192 487
194 489
151 450
124 273
92 95
168 431
231 348
130 271
95 98
85 124
233 344
230 349
216 363
193 488
88 123
128 189
165 434
133 268
119 266
166 437
79 108
150 451
127 270
225 342
108 195
76 111
141 336
124 201
78 109
122 217
89 122
222 357
77 114
77 110
82 121
194 483
130 191
166 433
219 360
121 216
167 432
223 342
234 345
223 344
131 190
119 268
113 202
216 361
129 190
94 97
165 436
229 348
83 122
131 270
224 341
119 214
127 268
153 448
120 215
220 359
125 202
87 124
80 119
92 96
80 108
142 336
77 113
131 189
224 344
215 363
225 343
127 269
166 434
108 196
91 95
85 105
166 436
78 112
231 347
78 114
78 110
233 345
165 435
222 342
191 361
193 483
130 270
232 344
121 217
82 106
151 451
93 97
169 431
194 484
83 121
153 449
126 268
85 123
119 269
81 119
223 341
108 198
230 348
221 357
94 98
120 270
129 189
215 361
81 107
194 488
131 269
120 266
193 487
114 202
109 195
190 356
90 96
229 347
95 99
167 433
130 190
87 123
152 450
133 267
219 359
119 215
88 122
119 265
221 343
80 116
124 272
77 111
143 331
79 109
132 268
125 201
192 361
167 434
168 433
121 270
109 198
221 342
219 358
91 96
85 122
108 197
144 331
231 344
83 106
194 487
191 356
166 435
130 189
120 269
215 362
167 436
81 118
132 267
225 344
94 99
82 107
126 269
86 105
220 357
85 106
169 432
120 217
231 346
143 336
129 188
132 187
125 270
230 347
90 97
232 345
78 113
109 196
190 483
81 116
142 333
192 483
153 450
191 360
93 98
118 215
80 109
124 271
130 269
82 119
87 122
83 120
194 485
125 200
133 186
79 110
120 265
218 359
214 361
152 451
86 123
222 341
190 357
80 115
114 201
143 332
195 488
78 111
119 216
84 121
83 119
84 120
218 358
143 333
226 344
130 188
214 362
153 451
142 334
163 439
220 342
131 187
131 267
168 434
217 359
109 197
191 483
190 482
125 269
192 482
121 265
79 111
191 359
91 97
192 360
195 487
86 122
79 113
130 268
87 105
213 361
129 187
191 357
80 114
133 183
227 345
80 110
93 99
82 108
133 185
144 332
124 270
84 106
231 345
143 335
81 117
125 199
230 346
219 357
132 186
115 215
118 216
121 269
190 358
112 198
115 201
120 218
169 433
167 435
194 486
221 341
87 121
164 439
227 344
87 106
191 482
218 357
124 199
116 215
144 335
213 362
195 486
82 117
163 440
133 184
83 118
110 197
86 121
217 358
220 341
192 357
191 358
230 345
210 363
85 120
83 108
170 433
115 200
93 100
82 109
192 359
168 435
124 269
131 186
221 340
133 182
112 197
116 201
117 216
122 269
122 265
84 107
154 451
111 198
80 111
130 267
144 333
228 345
88 105
115 216
80 113
129 186
130 187
91 98
192 477
196 487
143 334
130 265
119 218
92 99
192 358
88 106
212 362
123 199
222 338
89 107
91 99
116 200
130 186
85 119
211 363
132 184
227 343
132 182
80 112
210 362
83 117
220 340
145 333
81 111
129 265
193 357
164 442
122 266
118 218
123 269
84 118
192 478
129 267
218 356
114 216
155 451
196 486
229 345
82 110
92 100
111 197
145 335
170 434
116 216
88 104
117 201
169 435
83 109
191 481
217 357
84 108
163 441
130 266
164 440
86 120
144 334
191 477
132 181
129 266
122 199
157 450
86 119
117 200
131 184
117 218
88 107
123 268
165 440
216 357
166 439
81 112
220 339
130 185
111 196
116 199
169 436
83 116
145 334
111 220
89 108
191 480
84 109
85 118
211 362
122 267
86 115
171 434
128 267
221 338
191 478
156 451
82 111
222 337
228 343
197 486
229 344
112 219
193 358
83 110
192 479
90 99
91 100
218 339
82 113
170 435
217 356
85 116
88 103
116 217
193 356
230 343
114 217
164 441
165 442
89 100
83 111
84 116
84 110
113 219
114 218
116 218
111 193
111 195
217 339
190 480
88 102
165 441
190 478
82 112
83 115
196 484
88 108
194 356
194 358
86 116
148 334
111 221
196 482
89 101
168 438
128 266
216 356
85 115
169 437
130 184
219 353
230 342
87 119
82 114
123 267
229 343
131 181
221 337
217 355
191 479
197 485
166 440
220 338
158 450
126 266
171 435
218 338
85 117
219 339
90 100
122 198
211 361
146 334
117 199
116 198
157 451
112 220
167 439
217 338
219 352
88 119
167 442
229 342
89 102
130 183
215 356
87 116
87 118
167 440
112 193
84 111
148 333
90 101
117 198
147 334
166 441
195 356
131 180
197 484
217 336
88 109
83 114
175 478
114 219
218 353
169 438
213 358
126 265
219 338
216 355
125 266
211 360
230 341
168 439
84 115
197 482
196 483
127 266
86 117
190 479
176 477
83 112
220 337
111 194
115 198
171 436
112 221
115 218
195 358
157 452
158 451
113 220
124 267
112 195
122 197
198 485
125 265
229 341
217 353
218 336
197 483
232 338
176 478
175 477
199 485
167 441
159 451
217 337
126 264
213 357
84 112
90 102
88 110
128 264
118 198
158 452
84 114
147 333
168 440
113 221
198 484
216 354
124 266
112 194
115 197
212 358
216 352
171 437
189 479
210 360
214 356
188 478
148 332
89 119
87 109
218 352
129 183
160 450
113 193
127 265
169 439
115 219
130 182
219 337
195 357
234 336
130 180
113 195
121 197
87 117
168 442
188 479
115 196
231 338
124 265
88 117
188 477
199 484
129 182
113 222
161 450
118 197
177 478
210 359
90 103
114 193
128 263
211 358
219 336
121 196
87 110
228 341
217 352
168 441
91 102
234 335
232 337
114 195
90 117
129 180
198 483
120 197
84 113
169 440
215 352
233 336
113 194
196 357
147 332
89 118
218 351
159 452
161 454
214 355
209 358
216 337
117 196
160 451
215 354
212 357
171 438
115 220
175 476
127 264
216 351
170 439
210 358
89 117
178 478
199 483
169 441
214 354
85 113
118 196
90 116
129 181
92 102
214 352
124 264
87 111
215 353
128 180
218 350
161 453
170 440
160 452
171 439
188 480
114 194
115 221
233 335
161 455
116 196
213 355
232 336
187 477
147 331
228 340
215 337
217 351
91 103
231 337
114 222
219 335
120 196
121 195
231 335
235 335
174 476
209 357
175 475
116 220
161 449
127 263
197 357
162 448
86 112
212 356
197 356
219 334
91 104
213 354
231 334
163 448
162 455
175 474
170 441
128 181
116 221
210 357
215 338
232 335
92 103
211 356
187 480
214 353
124 263
116 195
86 113
118 195
87 112
89 116
167 446
230 337
120 195
235 334
127 262
115 194
186 477
200 483
87 114
162 449
228 339
161 452
119 196
199 482
147 330
93 102
171 440
179 478
114 223
88 115
231 336
174 475
217 350
115 222
200 482
214 338
127 181
179 479
180 480
228 338
235 333
166 446
89 115
227 339
171 441
88 114
116 222
180 478
213 353
120 194
197 355
163 455
114 224
119 195
175 473
210 356
230 336
162 452
220 332
186 478
167 445
220 334
115 223
231 333
164 448
116 194
163 449
126 262
217 349
94 102
202 484
232 334
125 263
219 333
170 442
174 474
186 480
87 113
92 104
174 442
88 112
147 329
148 329
234 333
164 455
185 480
214 339
125 262
164 449
119 194
215 340
203 484
235 332
212 353
185 478
232 333
171 442
180 479
173 442
198 355
229 336
163 450
197 354
115 224
200 481
89 114
202 483
168 445
163 452
167 448
221 334
174 473
216 349
126 181
174 443
168 447
210 355
220 333
201 482
221 332
181 480
116 223
117 194
173 474
88 113
175 472
166 447
92 105
227 338
94 103
169 446
162 451
163 451
215 347
215 341
212 352
116 192
149 329
203 483
117 193
182 480
222 332
169 447
232 332
173 443
117 223
125 181
168 448
175 471
229 335
153 323
90 114
126 258
181 479
119 193
116 224
185 479
104 102
89 113
174 444
184 480
166 448
94 104
173 473
103 103
124 180
234 332
169 445
202 482
164 450
215 349
165 455
125 261
171 443
221 333
201 481
214 340
167 449
95 103
126 260
227 337
93 105
210 354
198 354
104 101
184 479
125 260
124 261
150 329
214 347
170 445
90 113
90 109
213 350
223 332
233 332
103 102
228 335
153 324
166 449
214 341
174 471
164 451
227 336
126 259
173 444
104 103
100 99
203 482
210 353
117 192
116 225
169 448
94 105
222 333
95 104
182 479
118 193
171 444
165 450
91 114
150 331
155 324
198 353
215 348
124 181
93 106
214 349
154 323
202 481
212 351
116 191
117 224
166 455
125 258
173 472
149 330
123 180
174 445
211 352
199 354
214 348
212 350
214 344
173 445
213 349
174 470
91 113
93 107
103 101
171 445
167 455
173 471
227 335
169 449
214 342
117 225
165 451
105 103
224 332
117 191
91 109
226 336
209 353
223 333
183 479
151 331
123 181
154 324
100 98
104 100
155 325
201 479
199 353
166 450
119 191
211 351
101 99
125 259
95 105
230 328
123 261
118 192
233 331
210 352
203 481
100 100
150 330
90 110
153 325
103 100
167 454
90 111
151 330
100 97
211 350
173 446
203 480
91 110
213 342
95 106
101 100
152 331
173 470
226 335
92 113
214 345
171 446
101 98
213 344
202 479
231 328
224 333
117 190
106 103
117 226
225 334
119 190
183 478
94 107
169 450
153 326
233 330
166 451
212 349
102 99
165 452
225 332
230 329
214 343
232 329
172 445
199 352
201 478
213 348
123 260
174 469
91 112
209 352
100 101
123 182
181 476
154 325
118 191
96 105
124 259
212 348
153 327
209 351
231 323
168 450
91 111
232 330
183 477
225 333
103 99
117 189
123 259
154 326
167 451
200 352
102 98
168 454
212 342
181 475
210 350
153 331
106 102
174 468
101 101
101 97
213 343
166 452
231 329
119 189
172 446
96 106
93 113
173 469
203 479
211 349
100 96
226 334
213 345
230 324
118 190
174 448
152 330
182 476
97 105
123 183
95 107
118 226
100 94
201 477
103 98
184 477
101 94
210 341
93 110
118 189
173 448
208 349
153 330
122 259
230 323
119 226
170 465
168 451
172 447
173 468
94 109
154 327
182 475
226 333
122 183
212 343
101 96
212 347
93 112
100 95
231 330
204 479
203 478
117 188
213 346
168 453
229 324
202 477
92 111
98 105
100 103
108 101
97 106
96 107
209 350
183 476
231 322
200 351
107 102
210 349
167 452
174 449
101 102
122 184
107 101
171 465
228 324
108 100
209 349
210 342
154 328
96 108
100 104
174 450
211 343
231 331
101 95
208 350
183 475
120 226
201 351
117 187
97 107
155 327
184 476
98 106
170 464
121 187
210 348
212 346
104 98
95 109
204 478
118 188
230 322
209 341
227 333
153 329
170 466
102 104
172 448
202 476
102 96
173 449
168 452
93 111
122 186
121 259
172 468
203 477
101 103
94 110
103 94
97 108
121 186
100 105
120 227
121 258
96 109
95 110
207 350
202 351
205 478
173 332
118 187
108 99
101 104
227 324
102 105
209 342
107 100
171 466
122 185
154 329
203 476
121 184
228 321
202 475
228 333
183 474
209 348
120 187
172 467
172 449
173 450
169 452
94 111
170 463
103 96
99 106
184 475
229 322
105 98
156 327
210 343
230 331
102 95
211 346
205 477
173 333
104 94
95 111
210 346
100 106
203 351
103 95
203 475
118 186
184 474
102 106
155 329
157 327
172 466
106 98
229 331
107 99
121 227
119 187
104 96
170 462
120 186
206 350
209 347
209 343
226 324
208 342
108 98
225 325
170 452
227 325
97 109
228 322
98 108
211 345
228 332
202 350
172 450
99 107
121 257
210 344
121 185
174 332
227 321
101 105
172 464
155 330
96 111
205 476
119 186
226 321
120 185
203 350
204 475
205 350
171 462
104 95
173 464
101 106
208 343
227 322
106 97
157 328
210 345
226 325
206 349
184 473
97 110
121 256
225 324
226 323
107 98
175 458
122 257
228 331
173 466
174 333
208 347
172 463
171 452
99 108
121 254
172 451
205 470
175 332
100 107
121 228
120 229
207 347
174 334
157 329
120 230
155 331
123 257
119 185
175 459
209 345
175 457
121 255
174 464
205 471
225 323
208 346
119 183
204 350
121 253
172 462
205 349
227 331
206 348
99 109
172 452
100 108
105 95
122 254
228 330
226 322
172 454
176 458
97 111
107 97
98 110
226 326
208 344
205 475
224 324
173 465
206 476
174 466
121 229
173 461
101 107
106 96
175 333
184 472
122 256
206 470
174 465
173 452
121 250
120 231
118 183
207 344
176 459
122 253
205 472
98 111
207 470
224 323
106 95
174 463
205 474
123 256
204 349
226 331
206 347
178 343
173 454
225 322
176 333
123 254
119 184
157 330
174 461
175 466
223 324
175 456
224 327
122 229
100 109
156 331
227 330
172 453
206 475
173 462
101 108
183 472
208 345
226 327
107 96
114 185
206 471
121 252
122 255
175 460
175 334
115 185
124 256
177 343
122 250
207 471
205 473
174 454
226 330
222 324
177 333
157 331
175 455
223 323
121 251
224 326
206 346
224 322
206 344
205 347
176 334
175 463
106 94
122 230
206 474
226 328
223 325
173 453
101 109
178 342
107 95
225 327
123 255
118 184
207 345
183 471
176 460
114 184
121 231
204 348
175 465
174 462
99 111
122 252
176 465
175 454
226 329
204 347
117 184
222 325
100 111
182 471
178 341
115 184
157 332
106 93
122 249
122 251
222 323
124 255
175 462
207 474
125 256
116 185
207 472
176 461
101 110
122 231
225 328
225 320
110 95
224 321
177 342
177 334
205 344
174 453
179 334
206 345
223 326
203 348
206 473
107 94
205 345
128 228
123 231
116 184
176 342
176 454
108 94
123 251
176 464
179 341
107 93
124 230
123 247
104 112
225 329
177 335
178 334
124 248
207 473
123 249
176 336
203 347
157 333
181 471
175 453
225 319
125 255
222 326
110 94
109 95
208 472
222 322
176 462
179 335
224 320
101 111
176 337
116 183
223 328
110 93
224 319
104 113
177 462
203 346
124 247
181 470
223 320
109 94
128 229
222 321
177 336
224 329
178 335
157 334
108 93
208 473
103 112
176 341
125 254
126 255
221 326
175 342
100 113
179 340
178 339
125 230
204 345
124 231
222 327
102 111
177 464
124 251
124 249
176 453
175 336
128 227
123 246
176 452
224 318
128 226
101 113
209 473
124 232
223 329
175 337
128 230
179 339
177 453
222 328
108 92
124 250
222 320
109 93
125 231
126 230
126 254
217 331
185 343
174 342
178 338
177 463
178 336
125 251
158 334
99 113
124 246
223 319
116 182
103 113
175 341
102 112
203 345
177 337
181 469
178 464
127 229
221 327
127 254
158 335
113 92
125 250
173 342
123 234
128 231
125 232
127 230
217 332
175 338
179 338
215 476
186 343
126 231
210 473
185 342
222 319
109 92
108 91
129 226
223 318
127 252
178 337
174 341
222 329
216 331
221 328
202 345
179 464
98 115
125 246
102 113
115 182
217 330
181 468
177 452
178 463
99 114
129 222
128 225
101 130
113 91
127 231
173 341
221 319
102 130
126 250
220 476
126 232
128 254
182 468
130 222
123 235
126 246
112 92
183 469
184 470
211 473
101 129
109 91
178 452
98 116
128 224
179 463
115 181
125 245
202 344
102 114
179 453
221 329
129 223
128 232
187 343
185 341
174 338
127 251
214 474
221 475
222 318
215 475
216 476
179 337
127 253
218 330
216 332
124 234
129 225
99 115
159 335
98 118
186 341
129 224
126 245
172 341
102 129
173 340
221 318
100 115
180 337
130 223
215 472
160 335
219 476
128 253
184 469
124 235
127 74
211 472
185 470
103 130
185 340
131 222
219 330
215 474
111 92
215 332
218 329
99 118
180 453
220 475
183 468
174 339
212 473
98 117
125 234
221 474
113 90
202 343
128 251
101 128
99 116
173 338
214 473
220 329
217 476
127 232
179 452
114 181
102 115
187 342
109 90
126 249
180 463
160 334
180 462
221 473
126 234
211 471
181 463
220 318
173 339
185 339
219 317
188 342
114 180
99 117
130 224
126 74
103 129
180 336
172 340
217 475
220 474
131 223
132 222
127 75
101 127
219 329
125 235
218 476
187 341
127 233
185 469
215 473
111 91
129 253
109 89
127 245
127 249
112 90
216 474
104 130
183 467
102 128
215 333
186 340
213 473
129 251
180 452
201 343
101 115
191 345
215 335
214 472
179 461
110 89
189 342
180 461
217 474
101 126
211 470
191 344
125 236
187 340
127 234
100 119
181 336
112 89
104 129
126 75
127 76
220 473
219 328
212 471
192 345
219 318
214 335
111 90
133 222
219 474
100 117
218 317
185 336
217 318
132 223
181 452
103 128
102 127
186 335
114 179
179 460
131 224
184 467
181 462
185 468
201 342
180 451
172 339
133 252
101 116
182 337
160 333
186 339
213 472
200 343
126 235
221 472
216 473
128 245
218 475
215 334
182 463
100 121
129 252
127 248
182 464
129 233
219 319
219 327
130 252
182 462
186 336
100 120
183 463
127 247
132 224
166 338
218 318
187 335
183 337
217 319
184 336
126 76
217 473
171 339
133 251
127 235
214 334
130 232
104 128
186 338
189 341
101 117
181 451
102 126
124 74
181 461
113 179
212 470
161 333
125 75
219 473
101 121
182 336
131 225
180 460
220 472
101 125
218 474
120 76
185 467
111 89
114 178
101 119
126 236
192 344
133 223
128 246
200 342
170 340
132 252
179 459
187 339
213 471
124 75
218 327
113 178
185 466
102 121
213 470
123 74
129 234
187 338
198 343
184 465
105 128
101 118
102 125
217 472
125 76
101 120
130 233
180 459
132 225
131 252
184 335
189 340
193 344
134 223
130 231
219 472
183 462
111 88
131 230
199 342
181 460
169 340
170 339
183 464
218 319
212 465
121 76
129 80
220 469
213 334
167 338
182 451
187 336
166 337
129 246
128 235
192 343
162 333
184 463
128 247
183 336
120 77
127 236
216 329
212 467
165 336
132 251
218 473
129 236
217 328
181 459
185 465
129 235
135 223
189 339
221 469
165 335
105 127
217 327
184 334
123 75
122 76
169 339
128 80
162 334
107 127
112 86
132 226
215 329
163 335
134 224
218 326
219 467
132 230
219 321
128 236
213 333
130 234
103 121
198 342
216 328
129 247
102 120
127 237
168 338
213 469
192 342
104 126
131 231
183 461
125 77
219 469
212 468
103 125
218 472
124 76
166 336
102 124
218 320
102 118
197 343
183 335
120 78
193 343
187 337
183 451
131 251
112 178
213 465
111 87
164 336
184 464
129 81
212 466
163 334
182 459
166 333
127 238
213 468
183 452
129 82
104 121
113 86
218 325
123 76
103 124
215 328
132 231
217 326
111 178
221 468
121 78
219 322
164 335
133 228
192 341
196 343
166 335
218 321
106 127
131 250
185 464
170 337
216 327
194 343
184 461
188 337
102 123
129 248
103 122
130 235
135 224
219 466
214 465
183 334
197 342
189 338
127 80
182 457
105 126
169 338
213 466
190 339
220 467
103 118
128 81
104 125
103 120
167 336
218 471
168 337
131 234
112 87
165 334
112 177
216 325
193 342
107 126
119 86
219 470
212 333
122 77
132 227
128 237
124 77
218 470
120 86
216 326
182 456
105 125
214 466
185 461
193 341
186 464
184 460
135 225
131 235
170 336
189 337
220 466
211 333
127 81
169 337
134 228
182 458
128 238
190 336
122 78
190 338
167 333
217 325
123 77
127 239
196 342
133 227
104 120
125 79
218 322
164 334
104 124
221 467
184 452
132 232
171 335
183 459
106 126
113 87
111 177
211 329
134 226
126 80
165 333
166 334
121 79
137 225
104 122
183 453
215 327
167 335
124 78
218 324
168 336
182 334
194 342
103 123
118 86
131 249
128 82
103 119
130 248
214 468
125 80
134 227
106 125
118 87
222 467
168 335
131 236
112 115
186 463
128 239
190 335
190 337
163 332
224 465
164 333
133 234
129 238
124 79
217 322
169 336
104 119
135 226
214 467
181 332
133 232
110 177
215 326
217 324
136 225
183 458
194 341
122 79
114 87
217 470
192 333
131 248
214 327
187 464
171 334
121 86
184 459
210 333
211 328
185 462
211 330
182 455
195 342
170 335
184 453
105 124
137 226
127 82
104 123
183 454
221 466
182 333
121 80
193 340
123 78
167 334
122 80
135 227
131 237
107 177
111 115
115 87
132 242
106 124
214 326
213 327
191 333
184 454
182 332
194 340
191 337
211 331
129 239
222 466
127 83
211 327
132 248
133 235
164 332
176 330
117 87
121 85
181 331
105 119
170 334
105 123
121 81
184 458
136 226
210 332
188 464
190 334
133 233
131 247
114 88
185 459
217 323
224 464
163 331
168 334
120 84
195 341
112 116
169 335
215 467
223 465
124 80
217 469
109 177
137 227
186 462
126 82
123 79
192 334
183 455
117 88
169 334
137 228
134 233
185 454
216 323
192 337
107 176
107 124
189 464
183 332
182 331
132 241
106 119
121 84
217 468
112 117
170 333
133 236
126 83
187 462
115 88
122 81
195 340
108 117
131 242
130 239
132 247
223 464
175 330
132 237
162 331
108 119
184 455
136 227
185 458
186 459
192 335
123 80
106 123
107 118
121 82
190 333
176 329
222 465
210 325
108 177
109 176
213 326
216 467
120 83
194 339
110 115
210 331
131 240
188 463
111 116
212 327
164 331
186 460
193 335
108 176
187 459
135 233
190 464
176 328
115 89
186 458
110 116
111 117
183 331
126 84
188 462
107 119
136 228
109 117
185 455
121 83
131 243
214 324
164 330
162 330
192 336
132 240
116 88
170 332
210 324
216 466
107 123
213 325
133 237
184 456
190 332
169 333
175 327
123 81
124 82
112 118
209 331
132 238
122 82
108 118
195 339
106 120
116 92
131 239
215 323
212 326
174 330
222 464
193 337
211 325
217 467
197 339
132 246
109 118
188 461
101 176
135 232
169 332
123 82
214 323
221 464
176 327
187 458
187 330
209 330
185 328
131 244
183 330
187 460
115 90
165 330
175 326
211 324
213 324
111 118
189 332
208 331
170 331
174 327
197 338
186 457
185 456
108 175
190 463
106 121
116 91
217 466
115 92
207 332
194 337
124 83
132 239
113 94
126 85
178 327
110 117
122 83
116 89
175 328
107 120
177 328
212 325
188 459
116 93
107 122
136 229
134 237
186 329
162 329
133 246
193 336
194 335
174 329
196 339
171 332
136 230
221 463
107 121
184 328
212 324
130 86
203 331
133 245
115 93
217 465
196 338
101 175
176 326
179 327
135 237
166 330
213 319
114 94
170 330
108 122
102 176
207 331
216 464
188 330
206 332
116 90
177 327
186 456
168 332
133 239
118 96
189 331
110 118
191 463
135 231
187 457
163 329
183 329
171 331
187 329
132 244
213 323
174 328
190 462
117 93
108 174
188 460
123 83
111 119
195 337
113 95
204 332
127 85
186 328
194 336
208 330
105 177
205 332
129 86
195 336
108 173
117 94
101 174
204 331
216 463
105 176
134 239
188 325
189 330
180 329
203 330
104 177
110 119
177 326
179 328
213 320
188 457
197 336
135 238
109 120
167 330
200 333
191 462
177 324
183 328
136 231
217 464
118 95
168 331
114 95
188 329
133 244
207 330
102 175
117 90
163 328
187 328
123 84
127 86
220 463
115 94
196 337
137 230
171 330
170 329
184 327
113 96
189 460
123 102
103 176
119 96
212 319
202 331
130 87
173 328
111 120
108 121
212 323
187 456
102 174
168 330
167 329
212 322
178 324
123 85
204 330
123 103
206 330
220 462
181 329
104 176
164 328
188 326
118 94
118 90
134 240
189 457
212 320
129 87
122 104
130 88
191 461
117 95
183 327
172 328
217 463
177 325
189 325
137 231
197 335
180 328
122 102
190 460
171 329
105 175
205 331
218 464
114 96
190 330
109 121
188 328
107 173
198 334
115 95
119 95
135 239
128 86
211 319
199 333
201 331
169 329
189 329
200 332
133 243
127 87
196 336
187 455
110 120
182 319
110 121
191 460
219 462
128 87
135 240
188 455
196 335
119 94
181 328
190 325
171 328
119 90
218 463
167 328
205 330
124 85
103 174
189 456
182 327
206 329
115 96
190 329
123 86
105 174
118 91
210 319
197 334
164 327
129 88
189 454
125 86
198 333
106 173
121 104
188 327
104 175
168 329
212 321
137 232
122 103
134 241
138 231
200 331
178 325
199 332
116 95
190 459
134 243
190 326
200 330
181 319
191 459
124 86
218 462
192 460
121 103
189 455
137 233
189 327
164 326
190 454
135 241
182 320
167 327
196 334
98 166
139 231
198 332
171 327
199 331
99 169
123 87
180 320
181 327
105 173
129 89
125 87
190 328
119 91
104 174
179 325
116 96
205 329
191 325
128 88
110 122
119 93
168 328
197 333
121 105
134 242
211 321
210 320
136 240
121 90
180 321
181 320
192 459
196 333
205 328
99 168
164 325
119 92
120 105
191 454
198 331
135 242
181 326
104 173
99 166
190 327
136 241
171 326
98 167
139 232
195 332
191 326
119 106
120 103
190 455
128 89
138 233
209 320
129 90
193 330
100 169
116 97
199 330
111 122
168 327
218 461
210 321
180 325
191 328
124 87
110 123
204 327
124 88
196 332
120 102
172 324
218 460
119 107
99 167
170 326
104 172
120 106
136 242
128 90
168 326
120 92
116 98
180 324
169 327
127 89
205 327
210 322
198 330
121 91
209 321
181 321
192 458
191 455
197 331
117 99
164 324
122 90
194 330
195 331
217 461
111 123
191 457
171 325
181 325
193 329
207 327
138 234
179 321
204 326
139 233
192 326
100 168
191 327
172 323
193 458
101 168
161 320
209 322
114 107
198 329
181 324
196 331
181 322
192 457
102 167
171 324
118 99
178 321
205 326
124 89
117 98
111 124
195 330
120 101
182 325
139 234
191 456
100 167
128 91
206 327
169 326
118 107
127 90
120 107
180 323
163 324
122 91
121 92
137 242
217 460
104 171
194 329
121 108
192 327
207 326
119 99
193 327
122 92
216 460
207 325
115 107
182 324
103 167
182 322
105 171
195 329
170 324
138 242
209 323
127 91
205 325
163 323
120 108
104 170
193 457
194 328
117 107
172 322
124 90
169 325
121 109
166 324
196 330
208 322
162 320
121 101
120 100
114 108
197 329
111 125
206 326
118 98
181 323
140 234
101 167
103 169
161 321
163 319
192 456
178 320
215 460
164 319
194 327
123 92
138 241
105 170
142 235
178 319
119 98
195 328
171 322
196 329
167 324
104 169
162 321
115 108
169 324
124 91
182 323
121 100
208 323
183 324
116 107
120 109
163 322
141 234
194 457
193 456
103 168
183 322
110 125
166 323
125 90
206 325
163 320
101 166
127 92
165 323
169 323
167 323
170 322
104 168
115 109
105 169
116 108
183 323
110 126
141 235
163 321
193 455
142 236
120 98
206 324
196 328
126 92
179 319
138 240
164 320
214 460
168 324
124 92
119 109
194 456
194 326
125 91
144 236
207 323
121 99
101 165
105 168
143 236
102 165
141 236
110 127
138 239
196 327
184 323
120 97
213 460
118 109
144 237
164 321
206 323
169 322
124 93
195 326
194 455
165 322
121 98
116 109
179 318
165 320
168 323
125 92
142 237
138 237
194 454
138 238
117 109
110 128
205 323
139 237
111 127
121 97
180 318
145 89
196 326
199 327
179 317
125 93
168 322
185 323
141 237
116 110
212 460
143 237
142 238
165 321
102 164
104 166
144 238
140 90
106 130
124 94
105 131
105 167
140 236
122 98
111 128
203 324
104 165
179 316
122 97
142 89
180 317
204 323
123 98
105 132
106 167
102 163
196 325
142 239
105 166
168 321
140 237
124 95
146 89
166 321
197 326
107 130
143 238
199 326
198 327
139 92
141 238
125 94
108 129
103 164
144 89
117 110
140 91
141 90
194 453
106 131
139 238
188 321
185 322
109 128
144 239
212 459
145 90
188 320
140 238
123 97
108 130
142 90
212 456
105 165
147 89
141 91
124 96
106 166
139 93
194 452
202 324
125 95
103 163
187 321
145 91
140 92
105 133
211 459
203 323
197 325
186 322
107 131
117 111
168 320
143 239
180 316
198 326
143 89
179 315
185 321
146 90
112 128
109 129
167 321
105 134
212 457
211 456
109 130
106 133
186 321
114 129
147 90
108 131
125 96
117 112
181 316
143 90
211 458
105 164
113 128
194 451
144 91
187 320
107 132
106 165
167 320
104 163
180 315
202 323
140 239
140 93
198 325
143 240
141 92
124 97
125 97
109 131
181 315
196 450
143 241
146 92
114 130
105 163
167 319
186 320
113 127
106 164
105 135
117 115
211 457
140 240
198 324
113 125
210 456
194 450
202 322
182 316
118 112
141 93
206 458
107 133
147 91
143 91
144 92
113 129
106 135
207 458
106 163
143 92
144 243
117 116
113 130
113 126
195 450
166 319
142 93
114 125
206 457
109 132
198 323
142 241
144 241
117 114
141 240
147 92
202 321
108 133
210 457
209 458
196 449
182 315
146 93
186 319
118 113
114 127
125 98
107 164
108 136
110 132
118 116
108 134
194 448
106 162
142 242
119 113
147 93
118 114
114 126
186 318
206 456
199 453
109 133
112 130
124 110
118 118
207 457
113 131
107 135
107 163
143 93
144 242
208 458
199 323
125 99
143 243
195 449
141 241
184 316
183 315
166 318
209 457
108 164
201 321
145 242
108 135
142 243
124 111
159 238
119 114
109 136
186 317
195 448
108 163
184 315
207 456
199 452
112 131
119 118
199 322
166 317
185 316
119 116
194 447
200 453
125 110
201 454
123 112
109 134
107 162
208 457
120 113
110 133
137 102
147 94
113 132
143 94
200 321
141 242
118 117
115 126
126 99
159 239
136 102
104 154
143 95
119 117
185 315
150 240
165 317
184 308
184 314
199 321
126 100
137 101
195 447
107 161
108 162
112 132
120 118
119 115
198 450
200 320
146 242
202 454
141 243
120 114
127 99
109 135
186 316
196 444
147 95
125 101
125 111
110 136
203 453
122 112
158 238
201 453
124 112
116 126
111 133
208 456
105 157
106 160
144 94
200 452
199 451
147 96
160 243
200 319
185 314
107 160
187 316
141 244
138 101
150 241
146 95
158 239
198 449
184 309
105 158
120 117
165 316
120 115
200 451
146 241
144 95
104 153
106 159
145 94
149 240
135 102
125 112
105 156
184 313
116 127
202 453
112 133
197 444
159 240
121 118
124 113
125 102
203 454
130 101
159 318
199 450
111 136
196 445
108 161
110 135
185 308
126 113
111 134
129 102
122 113
127 100
195 446
126 101
121 114
104 155
199 320
208 455
160 242
196 446
185 309
127 101
112 136
141 245
184 312
107 159
204 454
187 315
108 160
121 115
197 445
111 135
149 241
106 158
186 314
126 102
161 243
145 95
125 113
202 452
112 134
185 313
147 97
131 101
198 448
104 152
158 240
206 454
122 114
139 101
109 161
199 449
164 316
160 318
159 241
129 103
130 102
117 127
146 96
164 246
135 103
128 102
116 128
126 114
201 451
121 117
184 310
105 155
147 241
159 317
148 96
157 239
208 454
198 444
199 319
148 240
198 447
202 451
121 116
108 159
148 97
148 241
198 319
206 453
161 244
142 245
118 127
145 96
160 317
104 151
164 247
128 103
162 245
105 152
191 316
135 104
147 98
164 315
200 449
107 158
163 246
159 242
113 134
205 454
158 241
198 445
197 446
127 102
122 115
106 153
159 316
185 312
126 103
186 309
188 315
187 314
209 454
131 102
112 135
125 114
113 136
157 240
106 155
116 129
185 310
184 311
109 160
139 102
122 116
160 246
140 102
115 133
131 103
126 104
202 450
199 447
188 314
146 98
187 309
142 246
113 135
117 129
106 154
198 446
114 136
160 316
114 134
145 97
163 247
198 318
162 246
148 242
156 240
134 104
127 103
105 149
204 452
104 144
108 158
118 128
159 315
105 151
110 160
185 311
192 316
109 159
107 157
163 315
186 310
190 316
205 453
201 449
209 453
148 98
125 115
206 452
158 242
106 152
186 312
161 245
205 452
109 158
127 104
155 240
161 316
164 311
131 104
163 314
124 115
161 246
146 99
186 311
134 105
188 313
105 150
162 247
143 246
187 310
106 151
192 315
209 452
141 102
149 98
158 243
204 451
202 449
123 116
201 448
200 447
118 129
148 243
103 148
159 246
108 157
107 154
193 316
115 134
199 446
197 318
110 159
156 241
160 245
187 312
190 315
104 149
114 135
159 314
145 98
104 145
116 133
105 144
198 317
109 153
127 105
161 247
115 135
164 310
105 145
108 156
106 150
187 311
146 100
142 102
188 312
116 132
163 311
162 314
194 316
123 117
202 448
158 244
144 246
159 245
157 243
160 314
132 104
161 315
190 314
163 313
118 130
108 154
141 101
205 451
201 447
188 310
155 241
110 158
134 106
143 99
193 315
103 147
200 446
124 116
148 244
197 317
189 313
209 451
158 246
133 105
150 98
204 450
145 99
117 131
104 148
157 244
109 156
121 130
119 130
155 242
145 246
118 131
127 106
156 243
148 245
188 311
117 132
190 313
163 312
104 147
197 316
110 153
201 446
109 152
134 107
143 100
107 150
110 157
106 145
105 146
145 100
194 315
158 245
164 309
142 101
109 154
151 98
161 248
123 118
117 136
132 105
133 106
144 99
124 117
150 99
200 445
205 450
161 314
116 135
146 101
208 451
203 448
191 313
144 100
204 448
203 447
125 117
132 106
113 161
196 316
106 146
110 156
133 107
205 449
155 243
208 450
117 135
118 132
151 99
111 153
118 136
195 315
146 246
202 446
120 130
152 98
189 311
107 149
145 101
119 131
161 313
109 155
124 118
162 312
126 108
161 249
163 309
105 147
147 245
148 246
157 245
110 152
201 445
156 244
121 131
127 107
143 101
118 133
207 450
111 156
118 135
156 245
208 449
147 246
152 99
111 154
202 445
162 249
127 138
114 161
191 312
155 244
106 147
126 109
108 149
110 155
132 107
129 118
202 441
110 151
161 312
127 108
111 152
146 247
204 447
190 311
119 132
162 309
120 131
196 315
112 153
126 117
113 160
125 118
161 250
144 101
206 449
127 139
126 118
113 153
128 118
154 244
161 311
127 109
109 149
111 151
129 119
202 442
191 311
161 309
203 441
119 133
160 312
108 148
111 155
113 159
127 137
204 446
114 160
162 250
207 449
152 100
126 138
112 156
196 314
131 107
112 154
203 445
156 246
107 147
147 247
118 134
120 132
114 152
202 444
155 245
162 310
125 119
144 102
205 447
206 447
110 149
163 250
203 444
127 110
113 154
144 103
159 312
125 120
109 148
202 443
152 101
204 445
147 248
191 310
126 139
114 153
114 159
113 158
112 151
205 446
156 247
128 119
130 107
126 119
126 137
162 251
196 313
127 136
153 244
128 117
112 155
113 152
203 442
119 134
161 310
207 448
125 138
113 156
120 133
155 246
109 146
108 147
153 100
160 311
194 313
114 156
128 116
163 251
113 155
112 150
204 444
120 134
128 110
160 310
117 153
150 244
155 247
121 133
207 447
147 249
126 140
127 119
114 154
125 137
154 246
195 313
126 120
124 138
130 108
126 136
192 310
159 311
113 157
125 139
113 151
123 129
205 445
110 146
153 245
109 147
123 137
115 153
153 101
111 149
114 158
145 103
125 121
203 443
194 312
114 157
115 154
115 158
116 153
130 109
112 149
195 312
124 129
153 102
145 106
126 121
123 130
196 311
206 445
208 447
123 138
193 310
111 148
146 103
122 139
121 134
117 152
129 110
146 107
125 140
145 104
114 155
163 252
128 115
127 120
150 245
113 150
148 251
110 147
146 249
126 131
205 442
147 108
204 443
205 444
155 248
124 137
152 245
151 244
124 139
154 247
153 246
125 130
125 136
159 310
115 155
115 157
206 442
113 149
124 128
126 130
131 109
129 115
130 110
111 147
152 246
195 311
122 134
112 146
146 108
148 252
208 446
147 107
114 150
145 105
147 251
146 250
125 129
124 140
196 310
194 310
207 445
124 130
155 249
209 447
127 121
123 139
116 158
150 246
126 122
164 252
205 443
193 309
153 103
206 444
148 108
117 151
122 140
124 136
145 107
125 131
151 245
116 154
153 247
147 109
146 104
159 309
144 106
150 247
145 110
147 252
208 445
194 309
147 106
113 146
123 140
126 129
146 251
146 105
158 309
154 249
195 310
114 149
127 122
206 443
129 114
112 147
116 157
145 108
153 104
144 107
124 135
131 110
152 247
130 111
207 444
206 441
146 109
122 141
209 446
116 155
124 131
116 151
164 253
148 107
123 134
151 246
125 128
123 141
207 441
147 105
144 108
158 308
130 122
117 157
116 156
194 308
195 309
207 443
145 109
209 445
123 133
164 254
124 134
145 253
117 155
208 444
151 247
116 150
126 128
113 147
154 250
148 106
128 122
146 252
153 105
115 149
144 110
131 111
124 132
129 113
125 127
208 443
152 105
201 306
125 134
126 127
194 307
208 441
146 253
116 149
145 254
128 123
114 147
209 442
195 308
132 111
129 122
143 108
161 252
148 105
151 104
123 142
153 250
152 249
117 156
130 123
209 444
157 308
144 109
115 148
118 155
163 254
130 113
124 133
151 248
161 253
151 249
149 105
195 307
163 255
152 250
200 306
156 308
210 442
146 254
162 254
116 148
119 155
143 109
209 443
133 111
196 308
126 134
211 441
123 143
201 305
151 105
115 147
160 252
119 157
129 123
142 108
209 441
132 112
150 104
121 151
118 156
208 440
126 126
131 113
125 133
120 151
142 109
162 255
120 157
123 144
161 254
201 304
159 252
127 126
210 441
132 113
146 255
156 309
150 105
211 442
116 147
134 111
121 152
200 305
130 125
210 443
199 306
152 251
129 124
133 112
157 252
132 125
127 134
119 156
126 133
196 307
209 440
151 250
210 440
118 148
129 125
120 152
141 109
131 125
155 309
147 255
146 256
134 112
159 253
120 156
120 150
148 254
149 253
127 133
123 145
117 147
150 252
199 305
132 126
133 113
128 126
161 255
157 253
197 307
122 144
158 252
140 110
211 443
200 304
150 106
151 251
122 145
128 133
121 156
152 111
197 306
140 111
212 443
199 304
160 255
154 309
156 253
158 253
135 112
149 254
148 255
151 108
119 148
198 305
131 126
133 114
118 147
120 149
129 126
120 153
147 256
157 254
151 252
210 439
150 107
127 132
150 253
151 308
152 253
128 127
141 110
153 253
120 154
151 307
151 111
155 253
148 256
131 127
154 308
198 304
155 307
211 439
197 305
120 148
161 257
159 255
151 253
213 443
147 257
150 254
158 254
152 112
149 255
141 111
121 145
151 109
135 113
134 114
140 112
150 108
129 127
121 155
152 308
128 132
128 128
152 254
119 147
131 128
148 257
158 255
213 442
135 114
152 307
128 131
129 128
214 443
153 254
142 111
161 258
160 257
121 154
153 308
130 127
154 307
120 147
140 113
128 129
198 303
152 113
159 256
152 255
212 439
197 304
150 109
151 254
150 111
150 255
121 146
154 253
155 254
141 112
155 306
153 307
143 263
160 258
130 128
152 114
139 115
214 442
154 254
196 304
129 129
151 255
198 302
142 112
136 114
135 115
141 113
150 110
158 256
153 115
159 257
155 255
212 440
140 114
154 306
149 257
122 154
129 131
152 306
121 147
150 256
135 116
151 256
141 114
158 257
153 116
139 116
197 302
130 131
160 259
169 268
122 153
142 113
196 303
223 434
140 115
153 306
154 117
130 129
143 264
214 441
136 115
149 110
157 296
150 257
123 154
152 115
154 255
144 263
129 130
213 440
168 271
156 255
122 147
155 257
123 147
156 256
167 271
196 302
215 441
141 115
143 113
159 259
150 258
156 302
144 264
139 117
138 116
169 269
168 268
147 261
197 301
224 434
154 256
153 117
130 130
123 153
152 116
214 440
151 257
168 270
148 110
157 297
145 263
223 433
136 116
156 296
222 432
153 305
146 262
157 257
154 118
131 131
154 257
134 125
225 434
155 296
147 262
159 260
156 257
148 261
123 152
146 263
152 257
145 264
224 433
222 431
156 301
124 153
153 258
150 259
148 111
146 267
135 126
166 271
153 118
138 117
215 440
136 117
124 147
227 434
144 113
223 432
153 304
156 297
140 119
168 267
140 117
196 301
131 130
168 269
141 116
152 117
155 302
142 115
147 112
167 270
132 130
143 115
152 258
214 438
140 118
134 126
139 119
158 260
152 304
148 304
156 298
154 258
221 431
137 117
146 264
194 302
148 262
136 118
145 113
147 303
135 127
152 118
147 113
227 433
225 433
156 258
124 152
144 114
151 259
136 126
165 271
149 261
156 300
146 266
125 153
155 301
195 301
125 147
155 297
147 267
141 119
167 267
226 434
153 303
148 112
167 269
166 270
224 432
142 116
135 125
215 439
133 130
193 302
224 431
149 304
137 118
194 301
142 117
158 261
146 115
149 262
148 303
142 119
166 267
134 127
147 114
145 114
159 262
136 125
136 119
154 297
132 129
152 259
138 119
156 259
147 302
156 299
124 151
141 118
149 114
214 437
125 148
220 431
151 260
165 270
226 433
154 259
146 265
151 118
126 153
215 438
148 113
147 264
143 116
152 303
166 269
216 439
154 301
125 152
147 266
147 115
165 267
153 301
155 259
149 263
225 431
150 118
134 128
154 298
164 266
152 260
158 262
143 119
220 432
153 297
193 301
126 152
125 149
159 263
156 260
143 117
142 118
145 115
149 303
133 129
136 120
148 266
226 432
125 151
154 300
165 269
147 301
136 124
224 430
148 264
137 119
149 115
148 114
151 303
152 302
155 299
155 121
217 439
147 265
134 130
215 437
193 300
154 299
165 268
158 263
154 121
155 260
125 150
217 438
149 264
143 118
225 430
149 116
216 437
155 122
150 117
147 116
156 261
126 151
148 265
145 116
135 130
145 196
226 431
153 298
153 300
143 196
193 298
137 120
219 432
220 433
152 261
157 262
148 301
151 302
149 302
151 262
150 263
163 266
134 129
147 300
148 115
136 123
149 266
164 267
152 301
155 261
137 121
153 121
219 433
157 263
136 122
144 196
145 197
150 266
192 298
149 117
152 300
147 299
136 130
160 122
162 122
144 118
151 263
143 195
218 438
145 117
193 299
154 124
164 268
149 265
191 301
163 267
150 302
226 430
126 150
153 299
148 116
155 123
152 262
135 129
147 297
149 301
153 261
165 121
154 122
192 300
217 437
150 264
191 300
190 301
153 262
166 121
148 117
162 123
145 118
155 262
148 297
147 298
150 265
154 123
127 150
154 261
192 299
149 300
146 197
217 436
137 122
163 268
136 129
160 123
152 121
163 122
153 124
156 123
150 301
152 299
218 433
151 300
154 197
161 122
146 117
218 437
164 121
162 269
151 264
157 264
144 195
151 266
162 267
227 430
144 193
136 128
160 270
128 150
154 262
152 122
138 122
145 119
218 436
148 298
218 434
164 122
161 269
151 265
153 123
190 300
145 193
154 198
150 300
163 123
151 121
228 430
144 194
217 435
191 299
161 123
148 118
146 118
151 299
153 263
162 268
122 160
157 123
153 197
161 267
147 197
166 122
232 432
155 199
157 265
157 266
218 435
190 299
160 269
145 194
149 298
147 198
154 201
154 263
122 159
123 160
146 119
150 299
157 124
153 198
155 200
139 122
219 436
189 298
233 430
153 264
160 267
189 300
154 199
151 298
232 431
164 123
148 119
161 268
159 270
137 128
231 430
233 432
146 193
158 265
161 124
152 123
152 265
140 123
151 122
166 123
228 431
148 197
128 151
146 194
233 431
188 298
153 201
219 435
234 430
124 160
165 123
122 158
158 266
137 127
128 152
129 151
229 431
140 122
230 430
159 269
160 268
231 431
123 159
157 125
154 264
154 200
150 298
148 198
188 300
152 198
141 123
189 299
153 265
147 119
151 123
164 124
161 125
139 186
230 431
125 160
153 200
158 125
234 431
150 123
220 435
148 199
151 124
165 124
128 153
151 296
141 122
158 269
159 268
188 299
123 158
164 125
152 199
160 125
154 265
158 267
138 127
150 297
147 120
235 430
129 152
147 194
148 194
155 265
139 125
157 269
126 160
150 296
142 122
221 435
148 200
159 125
151 199
230 432
158 268
147 121
165 125
125 157
235 431
187 299
140 186
148 122
124 158
126 156
152 200
129 153
128 154
139 185
139 127
150 124
151 295
149 194
140 183
165 126
139 126
221 436
236 431
149 200
149 124
156 267
129 154
157 268
125 158
143 122
159 126
127 156
155 266
147 122
126 159
148 123
150 295
150 199
126 157
140 185
186 299
230 433
127 160
151 200
140 125
155 267
128 156
149 195
231 435
165 127
140 184
221 437
139 135
236 432
159 127
143 123
150 294
127 161
129 155
150 200
149 201
148 188
141 185
147 123
126 158
140 126
156 268
186 298
148 124
144 124
138 134
237 431
141 183
149 187
230 434
127 157
128 162
127 158
147 124
142 181
142 185
155 268
149 202
165 128
150 201
128 161
185 298
149 188
149 294
238 431
134 143
164 127
144 125
148 189
150 195
141 184
221 438
141 126
142 125
135 144
154 267
237 432
137 134
139 134
184 299
129 156
138 135
129 162
149 186
160 127
143 124
231 436
143 180
148 187
230 435
153 267
165 129
160 128
137 135
144 180
135 143
149 189
161 127
148 192
151 195
139 133
150 202
184 298
143 125
136 144
148 186
221 439
129 157
147 125
230 436
129 161
142 184
239 431
163 127
154 268
148 190
142 126
134 142
183 299
148 294
142 182
148 126
164 132
143 181
128 158
238 432
143 185
139 132
145 180
164 133
240 431
128 159
152 267
132 163
183 298
146 293
163 128
161 128
238 433
147 186
222 439
136 143
143 184
154 269
151 194
229 436
129 158
164 131
223 438
148 191
230 437
150 203
135 142
138 137
148 127
130 161
149 190
147 126
171 192
149 206
163 134
165 130
137 136
149 192
172 191
164 129
143 126
143 182
148 293
135 138
136 142
147 293
229 437
163 129
241 431
146 186
152 268
223 439
150 206
230 438
150 190
180 302
150 192
133 163
137 137
143 183
143 127
150 204
172 192
135 139
163 131
130 160
141 129
149 191
145 181
148 292
162 134
239 433
138 138
171 191
144 184
136 138
144 182
224 438
147 127
153 269
151 193
140 132
132 162
164 130
129 159
163 133
146 126
146 292
182 298
162 128
149 205
162 133
181 298
239 434
148 217
132 161
224 439
141 132
172 189
142 129
130 159
229 438
146 185
146 181
150 191
150 205
147 292
162 129
136 139
170 191
131 158
137 138
133 162
137 142
161 134
146 127
147 128
171 190
143 128
179 302
172 193
136 141
141 130
241 432
144 183
163 130
152 269
151 192
180 301
228 438
145 183
132 160
143 129
141 131
180 298
146 290
149 215
223 443
240 434
149 217
138 142
137 141
147 129
169 191
132 158
173 195
180 300
151 269
241 433
147 213
171 189
179 301
148 216
147 291
146 182
145 127
147 181
146 184
131 159
225 439
229 439
170 190
172 194
151 205
137 139
145 289
151 191
162 130
134 162
161 133
172 188
148 214
173 197
146 128
133 161
145 128
133 160
149 214
146 183
147 130
152 205
172 195
149 216
170 189
223 442
225 440
224 443
226 439
179 300
171 194
172 187
146 129
241 434
148 181
161 130
171 186
151 270
137 140
134 161
147 184
147 290
160 133
132 159
148 213
152 191
169 192
143 130
150 217
173 196
146 289
142 131
139 142
147 212
228 439
145 288
180 299
172 197
224 444
150 214
225 443
148 212
172 196
151 217
140 142
149 213
148 182
227 439
224 442
147 183
133 159
241 435
159 133
179 299
144 130
169 189
152 206
160 130
153 191
143 131
146 288
226 440
170 186
171 187
134 160
168 192
171 195
138 140
244 436
150 216
178 300
146 130
147 211
147 289
139 141
145 129
135 161
151 271
244 437
152 217
168 189
145 130
144 131
150 209
225 444
170 195
151 216
226 443
153 190
152 271
150 271
134 159
242 435
151 208
150 213
178 299
159 130
153 206
227 440
140 141
139 140
169 188
149 210
151 214
168 193
159 132
243 436
225 442
148 183
148 211
147 288
149 212
149 182
135 160
170 187
167 192
171 196
145 131
153 207
147 287
135 159
158 130
170 196
152 272
152 216
140 140
177 299
153 189
152 208
149 183
149 273
178 298
163 193
227 441
148 288
149 211
152 214
226 442
150 212
150 210
142 142
134 158
148 274
144 132
158 132
159 131
151 209
243 437
167 193
150 272
226 444
142 144
242 436
136 158
168 188
169 187
151 213
149 274
137 158
242 437
227 442
163 194
158 131
153 188
168 187
143 144
142 143
142 141
148 287
157 130
152 213
134 157
150 183
148 275
145 132
227 444
177 298
135 158
166 193
150 273
153 216
150 211
169 196
144 133
170 197
228 441
143 142
153 208
136 159
141 140
152 209
164 193
152 273
149 275
170 198
165 193
136 152
157 131
151 211
154 216
168 206
135 157
166 194
152 212
171 205
176 298
152 210
146 132
150 276
228 444
134 156
142 140
149 287
151 273
153 187
164 194
153 219
168 186
169 197
151 185
240 438
171 199
153 209
242 438
228 442
145 133
150 274
177 297
151 183
143 143
137 159
144 134
168 205
171 200
168 197
150 275
137 152
153 186
154 217
240 439
153 220
151 276
156 131
150 287
138 159
147 132
146 133
173 182
154 221
166 195
151 274
169 206
151 184
171 204
164 195
168 185
152 185
153 212
144 143
154 187
241 438
154 209
172 183
153 210
152 211
170 199
154 219
144 135
136 153
170 205
165 194
153 218
228 443
142 139
176 297
172 181
135 156
150 286
152 184
171 203
149 131
144 140
151 275
174 298
241 439
239 441
154 218
167 185
136 154
175 297
172 182
136 156
155 221
149 285
169 205
173 181
238 442
170 200
229 443
167 197
139 159
143 139
151 285
145 143
144 136
156 132
171 183
153 185
154 186
168 184
154 220
238 440
165 195
147 133
154 210
137 153
153 211
155 218
237 440
153 184
144 139
154 211
144 141
174 297
169 184
173 180
145 136
155 212
169 204
137 154
152 275
150 285
144 137
241 440
238 441
136 155
237 442
147 134
140 159
156 221
150 131
149 284
240 441
155 132
167 184
149 132
156 219
165 196
155 220
154 275
145 142
151 284
170 201
167 198
171 182
239 442
171 202
156 133
173 178
148 133
154 185
168 199
230 443
166 197
173 298
155 133
156 220
165 197
170 182
154 276
168 200
172 178
173 297
156 212
166 184
144 138
154 132
240 442
156 218
148 134
173 179
172 298
230 444
146 136
174 296
140 158
165 185
242 440
145 141
237 441
137 155
151 131
157 221
170 202
155 211
169 183
167 199
231 443
157 219
150 284
145 139
166 198
236 440
169 203
241 441
150 132
153 275
154 184
165 198
167 200
164 199
241 442
164 185
152 131
146 141
481 446
172 179
148 135
145 138
154 133
154 277
165 184
231 444
171 298
167 182
146 139
162 201
151 132
150 133
235 440
153 276
139 156
155 184
157 220
170 181
156 211
168 201
157 218
166 183
138 155
140 157
153 132
173 296
169 182
154 183
169 202
150 283
236 441
243 440
146 137
171 180
478 452
163 201
166 182
164 184
150 134
234 442
147 141
159 221
164 200
167 181
165 199
231 445
139 155
143 159
152 132
155 183
171 179
242 442
172 296
170 180
168 182
148 144
140 156
235 441
153 133
173 295
480 446
162 202
146 138
144 160
156 210
481 447
243 441
148 136
158 220
150 282
158 218
153 277
167 201
147 137
147 139
168 202
232 444
171 297
157 210
166 181
231 446
172 295
159 220
165 200
243 442
150 135
164 183
140 155
147 140
145 160
153 278
232 445
480 447
234 443
479 452
159 218
151 134
149 136
152 133
163 184
148 143
170 179
153 288
170 177
169 180
160 221
235 442
168 181
171 296
142 157
156 209
155 182
167 202
164 201
163 202
149 144
165 182
456 441
478 451
144 159
166 201
148 137
147 138
143 158
151 282
149 141
244 442
480 448
165 201
479 451
170 178
142 156
149 143
165 181
154 288
161 221
150 136
164 202
456 440
145 159
148 140
143 157
480 456
158 210
479 447
233 445
153 279
151 135
149 139
153 287
166 202
163 203
451 437
169 177
235 443
148 138
159 219
495 461
154 280
156 182
157 209
231 447
152 282
479 449
149 137
457 441
152 134
478 450
171 295
141 155
168 180
155 289
163 183
150 144
168 179
494 461
149 138
150 137
158 209
152 283
479 450
244 443
153 282
166 203
157 182
234 445
155 280
169 178
156 289
472 449
165 180
160 219
142 155
168 177
149 140
481 456
154 279
154 287
146 159
480 455
451 438
495 460
473 450
478 449
150 141
150 143
161 220
162 183
457 442
155 288
165 202
456 439
496 459
143 156
479 448
164 203
171 294
235 444
232 447
152 135
159 210
451 436
161 183
159 209
144 156
166 204
168 178
165 179
159 183
170 294
151 143
455 439
235 445
472 448
481 449
145 157
143 155
478 448
154 286
477 449
494 460
480 454
150 138
150 142
451 439
156 288
232 448
480 450
146 158
159 207
161 219
450 436
150 140
495 459
165 203
456 438
481 455
158 182
244 444
155 279
473 449
152 136
474 450
496 458
457 443
147 159
153 283
451 440
151 138
482 449
169 294
166 179
474 449
477 448
161 182
151 140
160 207
166 205
495 458
151 142
165 204
235 446
481 450
447 442
496 457
482 455
159 208
161 218
456 443
233 448
144 153
455 442
156 279
494 459
154 285
154 283
454 439
450 433
450 435
159 182
496 455
455 438
145 156
481 454
152 137
144 155
146 157
148 159
157 288
167 178
473 448
155 286
143 154
245 444
160 183
156 286
474 448
149 159
475 449
455 437
237 447
448 442
450 434
235 447
160 182
145 155
482 450
155 283
476 448
157 287
152 138
447 451
165 205
451 433
455 443
169 293
454 438
162 218
454 442
144 154
151 139
245 445
495 457
496 456
166 178
150 156
482 454
154 284
233 449
160 208
447 443
445 449
147 157
495 455
481 453
152 142
157 279
145 153
494 458
452 440
156 278
161 209
155 285
158 277
152 141
452 435
449 442
483 454
169 292
170 291
160 181
156 283
166 177
237 448
451 434
151 156
234 449
145 154
446 449
245 446
161 208
475 448
157 286
448 443
157 178
150 159
164 205
152 139
162 217
147 156
157 278
165 206
445 448
476 447
155 284
453 442
493 458
452 433
164 291
448 451
150 157
454 443
483 450
446 447
482 453
447 450
162 209
236 447
454 437
156 285
235 448
495 456
447 444
452 441
452 434
150 158
159 277
160 180
482 452
153 141
448 450
494 456
162 208
446 448
165 177
235 449
158 278
146 154
158 178
165 291
245 449
447 447
483 451
454 436
447 445
484 454
164 290
147 153
165 207
475 447
162 216
156 284
148 156
446 446
157 285
244 446
169 291
447 449
449 443
453 435
452 442
492 458
154 158
236 448
153 139
164 206
147 155
151 157
170 290
243 445
234 450
450 442
157 177
159 179
453 443
484 453
153 140
451 442
242 445
450 443
235 450
448 445
157 284
456 433
148 155
484 451
475 446
164 207
483 452
166 291
449 444
243 446
169 290
245 448
148 153
153 158
492 457
151 158
493 456
154 159
159 178
164 289
454 435
448 449
158 177
159 278
152 157
244 447
453 434
236 449
452 443
162 215
447 448
147 154
163 208
160 179
447 446
244 449
441 494
485 454
165 290
165 176
158 285
454 434
244 448
449 445
158 284
236 450
152 158
455 433
449 447
160 178
154 160
242 446
448 446
475 445
165 287
164 176
457 433
159 279
440 494
484 452
165 289
451 443
167 291
485 453
154 140
159 177
486 454
235 457
149 155
485 451
163 215
493 455
164 208
165 175
166 290
492 456
168 290
153 159
458 432
441 495
474 446
149 153
169 289
148 154
449 449
162 288
448 448
492 455
165 288
164 287
164 209
474 445
167 290
164 175
475 444
440 493
451 444
486 453
493 454
163 214
159 280
159 284
163 288
150 153
149 154
453 432
236 457
160 177
450 445
168 289
458 431
152 159
161 178
158 139
243 448
454 433
485 452
169 288
236 451
440 495
235 456
449 448
153 160
242 447
473 446
162 287
457 432
237 450
166 289
449 446
155 140
166 288
156 140
161 177
153 161
492 454
158 140
450 448
451 445
457 431
472 446
439 493
450 446
165 209
474 444
455 431
237 451
491 455
242 448
160 284
439 495
150 154
453 431
163 287
241 447
168 288
156 148
169 287
451 449
164 214
486 452
152 160
157 139
162 286
237 457
163 175
454 432
159 281
159 283
167 289
236 456
167 288
157 140
453 450
239 450
152 161
237 452
473 444
168 287
237 456
451 446
439 492
454 431
490 455
456 431
163 274
160 275
242 449
241 448
240 449
163 174
489 454
159 282
452 445
438 493
160 283
162 175
165 210
157 148
151 154
164 213
491 454
451 448
150 161
453 430
156 149
472 445
238 457
238 451
151 160
488 453
487 452
452 449
169 286
163 286
161 176
439 496
155 152
488 452
163 285
158 148
239 451
150 162
238 456
238 458
157 141
487 451
168 286
437 491
490 454
456 430
163 275
436 492
154 152
453 429
238 452
454 450
155 151
152 154
437 495
454 430
453 449
452 446
241 449
161 275
472 444
473 443
438 496
154 156
240 450
435 493
153 153
157 149
237 455
165 211
167 287
239 457
160 282
489 453
438 492
451 447
452 448
151 161
162 174
165 213
162 274
161 175
160 276
163 284
158 149
453 448
454 429
238 453
436 495
162 275
237 454
149 164
161 276
151 162
490 453
472 443
489 452
167 286
456 429
438 491
453 428
436 491
161 278
154 155
435 494
149 166
157 172
155 156
162 283
153 154
239 456
455 450
161 174
165 212
238 455
240 451
154 153
241 450
453 446
435 492
160 175
488 451
437 496
239 458
159 148
452 447
157 142
161 282
156 151
454 449
163 283
454 446
239 453
435 491
454 428
166 286
455 449
462 440
240 456
436 496
162 282
160 174
150 164
151 163
455 429
158 142
436 490
439 489
155 155
161 277
157 151
160 148
238 454
239 459
239 455
161 279
167 285
434 494
240 452
159 149
162 276
454 448
241 451
490 452
242 460
471 443
158 150
435 495
453 447
149 165
154 154
240 458
157 171
489 451
438 490
166 212
150 166
158 172
489 450
242 451
240 455
240 453
164 283
159 150
462 441
241 456
435 498
162 277
167 212
163 282
455 428
241 460
454 447
435 496
156 169
490 451
435 490
151 164
240 459
159 142
436 489
438 489
156 153
166 219
162 279
462 439
455 448
155 168
434 495
160 149
166 285
157 170
158 171
470 443
158 151
151 166
155 154
242 461
239 454
150 165
166 215
160 173
463 440
439 488
240 454
152 164
163 277
160 172
437 489
160 142
152 166
463 441
434 498
233 461
167 215
156 168
455 427
170 222
243 451
242 456
241 455
166 216
166 284
151 165
490 450
157 153
154 168
164 282
158 152
464 442
165 283
167 213
163 281
159 171
491 451
470 442
162 280
167 219
157 169
166 218
169 223
435 497
240 460
435 489
463 439
434 496
156 154
455 447
427 503
508 438
241 461
158 170
438 488
160 150
168 221
164 281
456 447
164 277
163 140
167 216
464 441
153 166
169 212
241 454
233 462
464 439
171 222
160 171
170 223
161 142
432 501
160 151
428 503
240 461
154 167
234 461
167 214
437 488
427 502
158 153
242 455
157 154
163 278
456 427
434 497
159 170
243 452
435 488
166 217
168 215
169 222
491 450
166 283
470 441
153 164
465 442
157 168
438 487
508 437
168 213
433 496
167 220
163 280
507 438
152 165
158 169
165 282
168 216
243 453
171 223
158 168
164 140
169 221
164 280
435 487
160 170
243 455
242 454
437 487
154 166
169 213
507 437
163 141
170 212
465 441
235 461
165 277
428 502
162 152
492 450
465 439
167 217
153 165
161 143
168 214
168 220
240 462
159 169
433 497
233 463
232 466
158 154
466 442
232 464
457 447
469 441
457 427
169 215
162 142
160 152
166 282
431 501
432 500
164 278
169 220
436 487
459 446
165 278
492 449
233 466
159 168
243 454
468 441
467 442
161 152
233 464
469 440
235 462
428 501
429 502
163 142
159 154
236 461
507 436
506 437
232 465
169 216
162 143
167 142
166 281
457 426
432 499
154 165
172 223
465 440
434 485
170 213
431 500
458 447
164 141
160 153
165 280
160 169
432 497
169 214
434 487
166 277
168 217
427 500
170 215
239 462
162 153
433 484
166 142
431 497
165 141
432 498
244 454
429 501
434 486
160 154
459 447
165 279
430 500
169 219
170 220
171 213
167 277
235 463
467 441
162 144
435 485
233 465
160 168
166 280
234 466
458 426
505 437
428 500
506 436
433 481
466 440
433 483
436 486
457 425
493 449
460 446
169 217
170 214
166 278
427 499
434 484
167 143
246 452
468 440
431 499
234 464
164 142
161 153
239 463
170 216
236 462
173 223
155 165
172 213
238 463
493 448
460 447
171 216
458 425
246 453
171 220
468 439
161 154
163 144
234 465
434 481
167 280
170 219
166 143
171 214
166 279
239 464
431 498
432 481
160 155
433 482
436 485
435 484
505 436
160 167
252 449
167 144
429 500
467 440
247 452
164 143
505 438
428 499
173 222
165 142
236 463
433 486
170 217
168 277
431 478
504 437
245 454
156 165
499 446
235 464
432 486
494 448
238 464
429 499
430 498
493 447
431 479
435 481
161 167
171 219
237 463
432 482
173 213
172 216
165 143
172 214
171 217
430 478
459 425
492 446
460 448
252 450
247 453
164 144
246 454
505 435
167 279
467 439
239 465
434 482
157 165
236 464
498 446
163 145
166 144
431 485
491 445
436 484
172 220
173 221
253 449
431 487
235 465
168 278
170 218
506 434
156 164
161 155
504 438
503 437
461 447
499 445
493 446
459 424
166 145
172 217
237 464
430 479
471 438
492 445
459 422
430 487
428 477
163 146
430 485
158 165
497 446
171 218
502 437
252 451
247 454
168 279
430 481
436 483
251 450
172 215
495 448
172 219
505 432
162 167
173 216
157 164
436 481
431 480
506 433
429 478
173 220
174 213
238 465
427 478
435 482
169 278
162 155
254 449
249 452
431 486
505 434
503 438
165 144
498 445
429 498
491 444
234 469
461 448
236 465
164 167
173 214
467 438
431 482
250 452
234 468
437 483
430 486
165 145
470 438
460 422
163 167
461 449
497 445
429 497
494 446
174 220
509 433
253 451
467 437
254 450
506 432
251 451
503 439
173 219
172 218
173 215
163 155
502 438
164 166
505 433
504 434
237 465
235 469
495 447
157 163
430 480
248 454
428 478
252 452
431 483
159 165
174 214
169 279
430 482
249 453
249 455
235 467
471 437
426 478
164 146
492 444
459 423
427 477
436 482
502 439
425 476
461 422
492 443
170 279
235 468
159 164
495 446
429 480
255 450
174 219
169 280
236 467
430 483
493 444
175 214
506 431
426 477
470 437
163 148
163 154
468 437
429 496
237 466
254 451
428 479
497 444
164 147
255 452
429 486
425 478
465 434
509 432
158 163
469 438
249 454
508 433
437 482
174 215
494 445
503 434
171 278
251 452
173 218
461 450
496 445
164 165
429 482
428 497
504 433
163 166
248 455
165 146
460 423
469 437
163 149
500 438
507 431
424 498
170 282
172 278
163 165
503 433
236 468
174 218
424 476
160 164
466 434
500 440
251 453
255 451
254 452
508 432
159 163
165 147
426 498
493 443
428 480
427 497
256 450
465 433
172 284
495 445
509 431
429 483
237 467
171 279
248 456
250 454
428 496
501 439
438 482
497 443
164 148
428 486
170 280
496 444
460 450
468 436
425 477
494 444
467 435
461 423
175 215
164 154
467 434
460 451
173 284
503 432
171 282
494 443
172 279
427 496
425 498
496 443
461 428
469 436
258 451
176 215
429 484
508 431
251 454
170 281
174 217
466 433
424 497
499 438
164 153
162 165
163 164
461 424
172 283
499 440
495 444
428 483
426 497
256 451
165 148
428 495
160 163
424 477
428 493
447 484
248 457
175 218
427 486
468 435
254 453
461 454
462 423
500 439
163 150
428 481
237 468
427 480
251 456
439 482
428 492
237 469
494 442
469 435
248 458
412 478
498 438
175 217
460 454
253 453
251 455
165 149
161 163
503 431
427 495
482 430
425 497
467 433
496 442
427 481
172 280
462 428
447 483
444 484
497 441
166 148
173 283
440 482
508 430
461 453
171 281
427 485
176 220
165 153
499 439
460 452
163 151
162 164
257 451
258 452
427 493
172 282
177 215
423 477
498 440
446 484
428 484
176 216
439 481
482 438
461 427
462 424
449 471
495 443
459 455
461 425
250 456
459 451
252 455
483 438
462 425
172 281
449 472
427 492
445 484
459 454
425 480
469 434
427 484
462 427
423 478
443 484
495 442
504 431
482 431
413 478
250 457
447 482
162 163
176 217
426 493
176 221
426 481
422 477
161 162
452 471
463 428
249 458
164 151
418 475
482 429
498 439
468 433
412 479
165 150
460 453
496 441
253 454
167 148
176 219
459 452
426 495
497 440
463 424
440 481
449 470
165 152
237 470
425 496
173 282
442 483
482 437
508 429
458 455
503 430
257 452
177 216
441 482
443 483
177 217
257 453
426 492
413 479
503 429
449 469
497 439
426 482
482 428
480 426
424 480
422 478
469 433
453 471
484 438
458 454
463 427
426 484
250 458
440 480
463 425
162 162
446 482
450 470
240 466
426 494
459 453
495 441
173 281
419 475
504 430
452 470
423 479
462 426
445 483
468 432
425 481
448 472
418 476
507 429
483 437
421 477
425 495
177 219
167 149
482 432
493 441
442 482
253 455
238 470
458 452
483 431
165 151
177 221
454 469
257 454
445 482
419 476
463 426
506 429
412 481
192 225
162 161
425 494
483 436
495 440
450 469
166 151
240 467
482 433
484 437
493 440
448 473
178 219
496 439
479 426
413 480
507 428
480 429
422 479
492 441
254 455
481 428
505 430
177 218
424 481
426 483
256 453
443 482
452 469
464 425
504 429
167 150
175 282
421 478
255 454
178 221
469 432
458 453
480 427
464 427
446 481
241 466
451 470
179 222
441 480
239 468
483 432
453 470
442 481
417 476
425 492
414 479
253 456
239 470
250 459
174 281
164 163
451 469
492 440
178 218
478 426
424 482
239 469
469 431
241 465
457 453
424 492
179 221
479 429
165 163
164 162
162 160
494 440
240 470
422 480
254 456
415 479
465 427
191 225
506 428
413 481
424 494
484 432
453 469
505 429
491 441
454 468
484 436
176 282
421 479
480 428
483 433
504 428
445 481
168 150
180 222
255 455
447 473
444 482
179 219
417 477
448 474
167 151
256 454
483 435
251 459
442 480
241 467
175 281
240 468
423 481
412 482
177 283
175 279
192 224
464 426
425 483
496 438
419 477
417 478
495 438
465 426
485 436
413 484
478 427
176 281
190 223
494 439
424 493
453 468
443 480
454 467
241 468
491 440
478 429
176 279
163 160
423 482
484 435
421 480
179 218
178 283
185 282
180 221
416 479
424 483
254 457
251 462
179 220
484 433
175 280
255 456
445 480
252 459
483 434
419 478
413 482
456 453
165 162
242 465
506 427
469 430
240 469
181 222
256 455
444 481
191 224
479 428
447 474
168 151
505 428
504 427
177 282
251 460
166 163
451 468
421 495
181 221
180 284
174 148
418 478
190 224
176 280
447 475
256 456
451 467
252 460
455 453
423 483
505 427
184 282
251 461
419 479
185 281
414 482
445 479
166 162
255 457
169 151
443 479
466 426
180 220
177 279
494 438
423 493
179 283
491 439
252 462
470 430
421 481
414 484
178 282
453 467
420 480
177 281
413 483
422 494
485 435
165 161
417 479
191 223
241 469
506 426
163 159
179 217
444 480
243 465
254 458
484 434
456 454
478 428
256 457
445 478
182 283
444 479
506 425
189 224
177 280
178 279
485 434
451 466
505 426
470 429
165 160
179 282
447 476
452 467
178 281
257 458
242 469
183 222
180 217
169 152
182 221
455 460
466 423
181 284
180 283
167 162
467 422
243 470
422 493
486 435
252 461
453 466
422 483
414 483
477 428
418 479
455 454
421 494
170 151
255 458
163 158
494 437
183 282
185 280
174 149
491 438
466 425
175 148
184 281
471 430
191 222
181 220
420 481
253 462
253 460
243 466
244 465
493 438
420 495
443 478
489 437
167 161
454 454
467 423
444 478
420 496
493 437
243 469
180 282
165 159
486 434
421 483
466 424
471 429
164 158
499 429
182 220
178 150
178 280
244 470
445 477
253 461
505 425
193 223
188 224
181 283
183 281
184 280
455 461
170 152
175 149
468 422
415 483
244 466
181 217
183 221
418 480
181 219
452 466
454 460
245 465
453 459
257 459
490 438
420 482
192 222
168 162
256 458
421 493
174 150
184 222
166 160
182 282
446 476
166 156
476 428
166 157
193 222
185 222
252 493
472 429
177 150
419 482
244 467
418 481
476 427
176 149
256 459
504 425
194 223
420 497
420 483
416 483
167 160
187 224
244 469
452 465
167 156
183 280
467 424
499 428
245 466
166 159
243 468
420 501
182 219
188 223
500 429
489 436
179 150
468 425
181 282
179 280
170 153
475 428
186 223
454 461
174 151
468 423
444 477
254 461
420 493
453 454
490 437
421 500
453 460
165 158
487 434
421 498
168 161
224 299
445 476
492 437
453 458
453 464
184 221
182 217
183 275
418 482
166 158
182 218
453 457
452 464
474 428
469 423
492 436
502 426
420 492
488 434
468 424
256 460
500 428
171 153
421 499
182 280
420 484
475 427
453 453
490 436
175 151
184 220
419 501
255 461
473 429
185 221
245 467
183 279
177 151
176 150
179 151
224 300
181 281
167 157
252 492
417 483
469 425
187 223
444 476
180 280
194 222
420 498
498 428
225 299
244 468
453 463
503 425
499 427
180 150
420 500
168 160
419 483
186 222
183 217
253 493
245 469
453 461
452 463
419 500
499 426
186 221
469 424
175 152
453 462
500 427
188 221
488 433
252 491
185 220
496 427
184 217
167 158
177 152
443 476
253 492
473 428
183 276
168 159
420 499
172 153
418 483
228 299
187 222
452 453
497 428
183 218
180 151
503 424
472 427
182 275
418 501
502 425
419 484
194 221
420 491
226 299
195 222
246 467
492 435
491 436
474 427
168 157
245 468
225 300
181 280
176 151
182 279
257 462
224 301
453 456
501 426
256 461
419 492
501 425
182 276
496 428
186 220
384 506
185 219
174 154
252 490
488 432
183 277
470 424
419 491
225 301
253 491
419 499
257 489
495 427
499 425
474 426
188 220
256 462
181 279
246 468
187 221
259 463
228 300
471 425
489 433
442 476
500 426
195 221
184 218
169 157
452 462
472 426
502 424
491 435
177 153
168 158
418 500
452 456
443 475
258 462
182 278
418 484
172 154
226 300
227 299
176 152
180 152
473 427
451 453
251 489
452 455
500 425
249 486
442 475
169 158
251 488
450 453
223 304
256 463
252 489
418 499
247 468
256 489
501 424
418 491
257 488
383 506
181 152
195 220
419 490
491 434
227 300
384 507
258 463
250 485
185 218
494 427
246 471
472 423
225 302
416 485
386 511
472 425
176 153
187 220
418 485
385 510
451 462
489 432
499 424
175 154
182 277
473 426
259 464
381 506
440 475
172 155
173 154
495 428
226 301
181 278
253 490
170 157
451 456
471 424
224 305
186 218
223 305
252 488
250 486
491 433
183 153
255 463
258 464
385 511
173 155
195 219
383 507
175 155
255 489
418 490
182 152
225 303
181 277
176 154
495 429
187 219
473 425
490 432
247 469
500 424
180 278
440 474
224 304
418 486
473 423
256 488
253 489
441 475
387 511
472 424
417 499
246 470
386 510
494 428
451 455
442 474
382 506
416 486
498 422
450 462
227 301
170 158
249 485
247 471
450 454
492 432
417 485
385 507
381 507
251 487
449 462
254 489
223 306
252 487
416 499
385 508
187 218
251 486
417 486
194 219
256 487
180 277
258 465
176 155
500 423
249 484
490 431
170 159
230 301
383 508
499 422
492 431
182 153
417 490
473 424
179 278
173 156
474 423
226 303
415 500
247 472
382 507
491 432
441 474
494 429
177 156
227 302
498 421
231 302
253 488
183 154
171 158
450 455
387 510
247 482
248 471
225 304
255 464
384 511
247 470
176 156
387 509
383 511
253 487
254 488
223 307
500 422
229 301
415 499
247 473
416 498
490 430
417 487
188 218
179 277
177 155
182 154
189 219
491 431
247 481
248 482
231 303
474 424
194 218
499 421
255 487
248 470
382 508
493 429
441 473
247 479
228 302
249 483
414 500
171 159
193 219
389 511
258 466
232 304
254 464
448 462
255 465
174 156
449 455
230 302
417 489
249 473
252 486
226 304
386 508
387 508
448 455
174 157
252 485
248 481
189 218
414 499
389 510
188 217
249 472
218 313
448 463
247 480
193 218
500 421
229 302
230 303
254 465
475 424
226 305
182 155
189 216
247 478
382 511
382 509
491 430
176 157
444 473
192 219
441 472
231 304
178 277
172 159
492 429
227 304
415 498
248 473
390 511
250 471
477 424
232 305
224 307
412 495
254 487
249 482
258 467
417 488
249 470
190 219
178 155
247 474
189 215
229 303
175 157
381 511
442 472
414 498
192 218
413 495
476 424
181 155
191 219
254 486
491 429
447 463
217 313
254 466
248 474
230 304
186 216
231 305
247 477
444 472
178 276
412 494
251 471
248 480
477 423
381 509
391 511
249 481
218 312
258 468
448 456
253 465
390 510
188 216
448 464
416 488
227 305
190 218
173 159
250 482
182 156
248 478
250 472
221 313
388 508
247 475
189 217
225 307
414 494
443 473
179 155
253 485
174 158
501 421
250 470
256 467
392 511
180 155
175 158
257 468
220 313
190 217
230 305
219 312
251 472
216 313
491 428
381 510
187 216
191 218
229 304
222 311
380 511
249 480
224 309
413 494
413 498
414 493
225 308
186 215
254 485
221 312
444 471
476 423
248 475
223 310
177 276
182 157
389 508
248 477
224 311
189 214
408 503
251 482
390 509
173 160
391 510
447 464
415 488
252 467
443 472
253 466
228 305
447 456
227 306
501 420
448 457
250 469
251 470
255 467
501 419
220 312
248 476
256 468
255 485
176 276
411 487
228 306
224 310
221 311
476 422
188 214
253 467
215 313
180 156
408 502
249 479
251 481
392 510
413 493
380 510
252 468
222 310
447 457
491 427
379 511
412 498
413 487
225 311
490 428
250 480
174 160
407 503
191 217
390 508
253 481
229 305
443 471
187 215
477 421
175 159
252 482
409 487
181 157
256 484
251 473
448 458
448 460
225 309
226 308
414 488
447 465
227 307
249 475
251 469
254 484
414 492
251 480
490 427
414 489
250 479
412 487
447 460
188 213
215 312
390 507
411 498
477 420
225 310
443 470
414 491
253 482
226 309
407 502
410 487
413 492
256 483
254 483
379 510
250 475
221 310
408 501
255 484
229 306
476 421
175 274
447 466
187 214
227 308
448 459
252 473
253 468
176 275
175 160
180 157
176 159
409 488
191 216
447 458
249 476
214 311
255 468
220 311
252 469
252 481
413 488
392 509
501 418
447 467
175 161
215 311
391 507
442 470
490 426
226 310
253 473
409 489
220 310
446 458
251 479
489 427
255 483
408 500
254 482
413 489
447 459
254 468
378 510
227 309
175 273
412 488
176 160
191 215
392 508
406 502
379 509
180 158
411 497
228 308
252 474
253 469
251 475
409 497
250 476
214 310
414 490
501 417
229 307
407 501
413 491
252 480
410 488
187 213
476 420
176 274
410 489
392 507
377 508
252 479
443 468
489 426
413 490
409 498
501 416
446 459
252 475
215 310
176 161
229 308
228 309
253 474
410 497
391 506
405 502
474 419
180 159
446 467
505 398
187 212
412 489
220 309
254 469
409 490
216 311
177 160
255 482
476 419
227 310
186 213
475 420
407 500
192 215
409 496
408 499
176 273
378 509
251 476
442 469
476 412
391 505
489 425
505 399
220 308
177 273
187 211
254 480
253 479
412 490
411 489
504 398
405 501
501 415
185 213
216 310
407 499
410 496
253 475
410 490
229 309
392 506
252 476
474 418
179 159
378 508
408 498
375 503
445 459
377 507
445 467
255 481
228 310
507 401
406 500
475 419
177 161
178 160
188 210
442 468
186 212
254 470
398 500
397 499
227 311
444 468
196 216
193 215
230 308
187 210
504 399
178 161
178 273
392 505
177 272
216 309
399 500
196 215
195 216
406 499
444 467
489 424
253 476
194 215
411 490
400 501
507 402
228 311
230 309
375 504
504 413
255 470
185 212
444 459
220 307
179 160
376 503
502 415
407 498
256 481
396 499
188 209
255 480
254 479
445 466
378 507
404 501
506 401
475 418
477 412
445 460
397 500
229 310
186 211
501 414
410 495
476 413
441 468
195 215
254 476
411 491
503 399
411 493
407 497
492 420
220 306
444 464
507 403
396 500
406 498
229 311
403 501
477 413
378 506
401 501
506 402
441 467
392 504
503 413
255 471
444 460
256 480
194 214
475 417
502 414
217 309
400 500
187 209
376 504
404 500
504 400
377 505
504 412
377 503
489 423
476 414
177 271
410 494
185 211
179 161
255 479
444 466
178 272
230 310
405 499
257 481
505 401
475 415
219 307
254 478
255 478
395 500
178 269
492 419
477 414
403 500
504 411
218 213
505 402
406 497
444 465
194 213
402 501
219 306
444 461
444 463
504 401
378 503
408 495
184 211
393 504
256 471
491 420
411 492
218 215
255 476
404 499
503 400
378 505
179 272
230 311
180 161
440 467
195 214
229 312
502 413
186 209
400 499
178 271
410 493
185 208
503 412
443 460
216 307
506 403
217 308
179 162
489 422
405 498
475 416
255 472
476 415
377 504
257 480
195 213
395 501
503 411
489 421
502 412
408 494
491 419
180 162
402 500
217 215
378 504
407 495
410 492
256 472
216 306
403 499
217 307
443 465
255 473
502 400
183 211
379 505
504 402
444 462
490 420
439 467
406 496
255 475
505 403
404 498
476 416
394 502
179 271
477 415
401 499
178 270
393 503
217 211
256 478
506 404
257 479
184 210
218 216
217 213
185 209
179 269
443 461
219 305
256 476
185 161
218 214
184 208
255 477
230 312
442 460
502 401
438 467
217 212
403 498
185 162
442 461
182 161
406 495
183 208
181 162
393 502
404 497
184 161
217 306
409 492
256 477
503 402
257 478
195 212
401 498
256 473
394 501
216 305
501 400
217 216
379 504
216 215
184 209
256 475
442 465
407 494
443 462
408 493
230 313
218 305
489 420
183 210
216 211
218 217
380 505
488 421
490 419
217 214
180 269
477 416
505 404
402 499
502 411
179 270
216 212
216 216
218 304
408 492
502 410
256 474
182 208
399 497
442 462
491 417
478 416
380 504
501 401
438 466
180 270
183 161
257 477
182 162
181 271
488 420
217 217
196 212
490 418
503 403
505 405
215 211
183 209
217 305
180 164
502 402
180 168
216 214
393 501
403 497
184 162
257 473
442 464
402 498
230 314
504 404
406 494
399 496
407 492
180 167
406 493
436 465
258 477
381 504
504 405
502 409
215 214
215 212
398 497
181 164
196 211
181 168
490 417
257 474
183 162
217 218
502 403
479 416
378 501
184 163
402 497
489 418
503 404
182 209
180 165
438 465
182 163
442 463
181 270
231 314
182 271
217 304
439 464
488 419
501 402
392 501
380 503
216 303
181 210
216 217
491 416
496 413
197 212
218 303
482 421
437 465
234 316
180 210
232 314
501 409
259 477
495 413
216 218
482 420
480 418
216 302
441 419
258 474
183 163
496 412
382 504
389 503
438 464
503 405
197 211
241 315
439 463
436 464
487 419
479 417
378 500
501 403
215 213
182 164
391 501
488 418
398 496
181 167
490 416
379 501
182 270
180 166
406 492
484 420
491 411
381 503
217 303
441 463
402 496
500 402
502 404
214 214
399 495
483 421
181 209
214 212
489 417
397 496
400 495
208 217
499 402
259 474
490 411
241 314
481 418
440 463
209 216
383 504
502 407
487 418
378 499
375 500
492 411
182 269
181 166
259 476
213 212
390 501
399 494
405 492
483 420
382 503
442 419
182 165
215 218
484 419
217 302
437 464
180 209
379 500
491 410
488 417
183 164
388 503
503 406
214 213
489 416
441 420
177 208
233 314
389 502
501 408
401 496
260 477
234 315
235 316
500 403
502 405
480 417
207 218
398 495
495 412
240 315
198 211
486 419
237 316
383 503
177 207
259 475
199 211
405 491
235 315
260 476
501 407
500 408
180 208
212 212
212 216
207 217
442 420
208 216
238 316
208 218
183 269
213 213
481 417
436 462
440 462
437 463
490 410
374 500
484 418
380 500
237 315
178 208
400 494
217 301
233 313
499 409
387 503
379 499
182 166
214 218
397 495
495 411
261 477
492 410
239 315
498 402
241 313
209 217
486 418
483 419
494 412
183 165
396 496
234 314
499 403
389 501
376 500
390 500
240 314
502 406
401 495
236 314
488 416
210 216
487 417
494 411
489 410
184 269
212 217
239 314
500 407
199 212
235 314
383 502
238 315
374 499
396 495
404 491
485 418
236 313
402 493
483 418
501 406
376 499
242 313
213 218
488 415
436 461
440 461
437 462
492 407
446 423
443 420
212 213
387 502
211 216
206 217
493 410
199 210
204 217
403 492
179 208
260 475
495 410
492 409
261 476
375 498
183 166
389 500
499 408
207 216
200 211
498 409
178 207
379 498
487 416
217 300
401 494
209 218
481 416
381 500
400 493
234 313
442 421
444 421
498 403
241 312
483 417
210 218
237 313
235 313
205 217
179 207
442 422
494 410
402 492
488 410
482 416
383 501
498 404
217 299
387 501
487 415
211 217
493 407
404 490
207 215
436 460
242 312
238 314
444 422
395 495
403 491
485 417
184 268
445 423
401 493
499 405
446 424
243 313
381 499
261 475
374 498
184 166
498 408
488 414
234 312
400 492
437 461
443 421
380 498
499 407
240 312
500 406
239 313
212 214
200 212
438 462
209 219
376 498
388 500
212 218
492 408
439 461
200 210
211 215
204 218
206 216
392 497
373 498
498 405
185 166
499 406
494 409
201 210
400 491
382 499
243 312
239 312
438 461
486 415
401 492
205 216
443 422
218 299
444 423
186 169
437 460
487 414
380 497
206 215
493 408
260 473
488 411
485 416
217 298
261 474
211 218
179 206
482 415
235 312
210 219
483 416
498 407
184 267
403 490
211 214
394 495
205 218
383 500
387 500
212 219
377 498
238 313
381 496
436 459
381 498
201 212
445 424
234 311
498 406
494 408
235 311
487 413
202 210
211 219
212 220
437 459
382 496
215 223
393 495
443 423
214 222
487 411
484 416
238 312
373 497
202 212
234 310
438 460
213 221
445 425
260 472
402 490
392 496
381 497
179 205
485 415
497 407
186 166
488 412
242 310
391 497
210 220
186 168
187 169
444 424
261 473
482 414
205 219
387 499
383 499
380 496
210 214
382 498
483 415
377 497
218 298
243 311
205 215
183 267
401 491
239 311
379 496
261 472
180 205
187 168
239 310
212 221
260 471
486 413
382 497
218 297
182 267
197 238
204 213
210 213
392 495
373 496
202 211
destination
