map
random512-20-0.map
pivot
204 426
agent & start
502 26
504 28
499 23
500 24
486 10
503 27
493 17
496 20
498 22
511 35
491 15
479 3
479 5
510 34
482 6
487 11
476 0
480 4
497 21
490 14
488 12
509 33
494 18
493 18
484 9
483 8
476 3
503 28
502 27
498 23
497 22
475 0
500 25
482 7
480 5
490 15
511 36
485 10
499 24
509 34
492 19
478 3
487 12
495 20
479 4
486 11
494 20
500 26
476 2
482 8
497 23
474 0
487 13
480 6
478 4
493 19
489 15
492 18
503 29
510 36
475 1
481 7
485 11
501 27
499 25
509 35
483 9
476 4
484 10
476 5
473 0
487 14
489 18
491 18
499 26
489 16
509 36
485 12
482 9
483 10
493 20
498 25
497 24
488 15
475 2
502 29
500 27
477 4
486 13
481 8
496 23
511 38
480 7
484 11
510 37
494 21
487 15
490 18
509 37
488 18
511 39
472 0
478 6
483 11
485 13
474 2
489 17
508 36
498 26
510 38
486 14
496 24
479 7
473 1
481 9
477 5
493 21
488 16
502 30
497 25
499 27
482 10
480 8
494 22
478 7
495 24
490 19
492 21
498 27
511 40
499 28
497 26
479 8
491 20
471 0
487 16
509 38
473 2
501 30
502 31
482 11
510 39
472 1
504 33
481 10
474 3
508 37
483 12
488 17
493 22
484 13
496 25
494 23
477 6
494 25
485 14
507 37
509 39
473 3
501 31
500 30
503 33
478 8
485 15
487 17
486 16
494 24
495 25
508 38
497 27
470 0
498 28
491 21
506 36
499 29
496 26
482 12
510 40
472 2
502 32
477 7
490 20
481 11
492 22
471 1
504 34
483 13
480 10
505 36
489 20
511 42
501 32
480 11
504 35
490 21
510 41
483 14
485 16
469 0
502 33
472 3
506 37
498 29
495 26
496 27
497 28
508 39
477 8
499 30
492 23
486 17
473 4
470 1
509 40
503 34
507 38
481 12
493 24
484 15
491 22
489 21
478 10
504 36
488 20
486 18
471 3
499 31
511 43
508 40
473 5
483 15
475 7
497 29
469 1
491 23
496 28
495 27
492 24
490 22
498 30
477 9
509 41
482 14
506 38
480 12
470 2
485 17
500 32
501 33
476 8
510 42
503 35
481 13
479 11
482 15
489 22
501 34
478 11
511 44
474 7
491 24
472 5
484 17
485 18
506 39
508 41
475 8
470 3
507 40
483 16
477 10
484 19
496 29
510 43
490 23
495 28
480 13
488 21
500 33
471 4
498 31
503 36
469 2
481 14
486 19
476 9
504 37
509 42
502 36
487 21
473 7
499 33
496 30
481 15
504 38
490 24
497 31
476 10
484 18
477 11
494 28
505 39
470 4
471 5
491 25
474 8
485 19
486 20
508 42
507 41
479 13
488 22
466 0
468 2
478 12
489 23
498 32
469 3
506 40
510 44
482 16
509 43
500 34
511 45
475 9
501 35
489 25
472 6
472 7
482 17
507 42
468 3
488 23
478 13
476 11
470 5
489 24
474 9
505 40
510 45
495 30
488 25
467 2
465 0
508 43
499 34
498 33
479 14
496 31
473 8
502 37
493 28
487 22
506 41
509 46
489 26
480 15
501 36
466 1
469 4
500 35
490 25
503 38
471 6
509 44
483 18
485 20
464 0
475 11
485 21
500 36
495 31
466 2
487 23
478 14
482 18
488 24
468 4
492 28
510 46
476 12
497 33
474 10
472 8
491 27
509 45
499 35
505 41
471 7
508 44
508 46
494 30
467 3
470 6
473 9
501 37
502 38
482 20
507 43
503 39
511 47
493 29
479 15
465 1
496 32
506 42
469 5
490 26
471 8
487 24
495 32
500 37
472 9
469 6
503 40
475 12
479 16
474 11
476 13
490 27
470 7
494 31
473 10
467 4
504 41
485 22
508 45
491 28
480 17
510 47
499 36
501 38
484 21
482 19
506 43
477 14
464 1
481 18
511 48
483 20
502 39
496 33
507 44
492 29
463 0
465 2
478 16
491 29
473 11
472 10
503 41
489 29
490 28
500 38
470 8
486 24
480 18
494 32
483 21
484 22
465 3
466 4
471 9
493 31
501 39
495 33
467 5
505 43
507 45
478 18
469 7
475 13
502 40
511 49
463 1
479 17
476 14
485 23
510 48
506 44
481 19
499 37
488 30
483 22
494 33
485 24
462 1
468 7
474 13
509 48
500 39
489 30
467 6
478 17
466 5
463 2
506 45
478 19
510 49
480 19
487 30
470 9
471 10
504 43
476 15
477 16
487 26
490 29
489 28
499 38
472 11
464 7
492 31
502 41
493 32
465 4
505 44
488 27
469 8
488 29
475 14
465 6
464 3
486 25
511 50
503 42
477 19
491 31
483 23
485 25
509 49
496 36
486 30
470 10
486 26
462 2
505 45
474 14
511 51
504 44
468 8
488 28
487 27
460 0
506 46
472 12
464 4
464 6
467 7
500 40
503 43
465 7
480 20
463 3
477 17
487 29
493 33
498 38
464 8
499 39
502 42
481 21
490 30
479 19
476 16
484 24
501 41
465 5
482 22
508 48
495 35
475 15
463 7
498 39
500 41
484 25
461 2
466 7
467 8
473 14
486 29
463 8
497 38
464 5
476 19
476 17
463 6
487 28
472 13
460 1
503 44
475 16
496 37
483 24
501 42
479 20
459 0
485 26
482 23
470 11
506 47
505 46
486 27
504 45
491 32
474 15
493 34
509 50
495 36
490 31
494 35
480 21
481 22
471 12
499 40
462 3
508 49
510 51
473 15
496 38
495 37
458 0
503 45
463 5
485 27
509 51
460 2
472 14
459 1
466 8
484 26
490 32
507 49
510 52
485 29
479 21
481 23
470 12
462 4
482 24
491 33
497 39
493 35
476 18
499 41
480 22
498 40
501 43
474 16
506 48
461 3
505 47
471 13
463 9
486 28
504 46
500 42
502 47
503 46
473 16
481 24
457 0
462 9
493 36
497 40
502 45
511 54
482 25
489 32
463 10
500 43
478 21
498 41
484 27
494 37
468 11
472 17
509 52
485 28
504 47
467 10
479 22
475 18
460 3
490 33
491 34
466 9
501 44
461 4
472 15
496 39
501 48
458 1
480 23
470 13
506 49
495 38
462 5
474 17
459 2
483 26
503 47
472 16
495 39
458 2
470 14
498 42
506 50
501 47
501 45
480 24
490 34
469 13
466 10
468 12
502 46
484 28
492 36
507 51
465 9
500 44
493 37
511 55
499 43
497 41
459 3
482 26
478 22
473 17
474 18
502 48
467 11
504 48
461 5
489 33
477 21
471 15
488 32
505 49
508 52
462 10
464 10
481 25
496 40
510 54
460 4
456 0
491 35
478 23
488 33
474 19
490 35
473 18
493 38
494 39
499 44
501 46
509 54
458 3
456 1
475 20
468 13
500 45
505 50
469 14
465 10
461 10
477 22
491 36
460 5
471 16
506 51
457 2
504 49
489 34
492 37
496 41
470 15
510 55
502 49
479 24
487 32
466 11
497 42
507 52
500 47
482 27
459 4
480 25
503 48
495 40
498 43
483 28
511 56
481 26
466 13
477 23
485 31
488 34
482 28
465 11
459 5
500 46
508 54
495 41
509 55
478 24
475 21
474 20
480 26
460 10
510 56
473 19
503 49
467 13
506 52
490 36
491 37
470 16
507 53
454 0
511 63
465 13
484 30
494 40
493 39
455 1
483 29
505 51
469 15
486 32
492 38
498 44
458 4
481 27
460 6
479 25
476 22
468 14
469 17
487 33
497 43
456 2
476 23
456 3
498 45
511 62
465 12
492 39
483 30
503 50
454 1
482 29
493 40
505 52
468 15
485 32
473 20
495 42
453 0
490 37
469 18
458 5
506 53
484 31
496 43
460 9
457 4
509 56
475 22
487 34
474 21
467 14
499 46
497 44
471 18
510 63
508 55
480 27
470 17
507 54
459 6
472 19
478 25
494 41
455 3
480 28
460 8
483 31
492 40
509 57
507 55
470 18
489 37
459 7
488 36
487 35
454 2
471 19
506 54
510 62
468 16
496 44
508 56
498 48
474 22
453 1
511 61
503 51
456 4
504 52
491 39
498 46
467 15
510 58
464 12
494 42
477 25
473 21
485 33
476 24
490 38
497 45
478 26
481 29
452 0
495 43
458 6
475 24
505 54
451 0
504 53
495 44
467 16
502 51
463 12
485 34
508 57
454 3
510 59
497 46
500 49
490 39
498 47
486 35
507 56
503 52
478 27
488 37
474 23
499 48
489 38
482 31
510 61
481 30
453 2
472 21
496 45
480 29
509 58
459 8
456 5
511 60
506 55
501 52
485 38
471 20
476 25
470 19
491 40
457 6
484 39
484 33
494 43
451 2
452 1
483 32
477 26
473 22
487 36
492 41
486 37
455 4
490 40
510 60
484 40
494 44
485 37
486 38
496 46
462 12
476 26
509 59
466 16
455 5
473 23
478 28
477 27
475 25
502 52
452 2
458 8
506 56
470 20
484 38
497 47
479 29
493 43
453 3
483 39
482 32
500 50
495 45
450 0
487 37
472 22
484 34
481 31
492 42
501 51
503 53
505 55
488 38
485 35
480 30
454 4
486 36
491 41
456 6
451 1
508 58
499 49
504 55
457 8
507 58
477 28
489 40
487 38
484 35
479 30
452 3
450 1
458 9
471 22
499 50
491 42
506 57
508 59
449 0
509 60
496 47
503 54
486 39
488 39
453 4
478 29
473 24
502 53
484 37
485 36
490 41
483 38
482 33
480 31
456 7
481 32
455 6
469 20
461 12
466 17
492 43
500 51
505 56
483 34
465 16
494 45
485 40
475 26
474 25
482 34
455 7
496 48
484 36
459 11
493 45
490 42
472 24
480 32
475 27
506 58
471 23
466 18
468 20
467 19
474 26
502 54
488 40
454 6
483 37
499 51
507 59
461 13
508 60
486 40
492 44
464 16
489 41
473 25
452 4
470 22
481 33
476 28
483 35
456 8
487 39
478 30
448 0
449 1
495 47
460 12
503 55
458 10
505 57
465 17
491 43
504 56
494 46
465 18
447 0
493 46
455 8
495 48
492 45
479 32
475 28
467 20
483 36
506 59
460 13
449 2
505 58
487 40
491 44
502 55
477 30
473 26
469 22
457 10
488 41
482 35
464 17
448 1
482 37
496 49
459 12
474 27
454 7
508 61
452 5
466 19
471 24
456 9
451 4
504 57
458 11
490 43
473 28
499 52
476 29
478 31
453 6
493 48
494 47
503 56
463 16
486 41
480 33
461 14
458 12
494 48
446 0
473 29
467 21
489 43
504 58
473 27
457 11
475 29
487 41
462 16
482 36
495 49
463 17
450 6
459 13
499 53
449 3
453 7
507 61
486 42
502 56
452 6
469 23
450 4
456 10
470 24
472 26
461 15
491 45
498 52
476 30
503 57
468 22
501 55
496 50
448 2
493 47
490 44
481 35
455 9
478 32
479 33
465 19
505 59
497 51
480 34
464 18
511 66
501 56
491 46
477 32
458 13
451 6
474 29
456 11
475 30
487 42
505 62
467 22
471 26
462 17
507 62
461 16
452 7
470 25
506 61
463 18
455 10
459 14
488 43
462 19
460 15
454 9
446 1
464 19
449 4
472 27
476 31
504 59
496 51
469 24
453 8
481 36
468 23
494 49
497 52
479 34
492 47
486 43
447 2
450 5
502 57
489 44
495 50
499 54
503 59
477 33
453 9
462 18
510 66
452 8
467 23
463 19
446 2
474 30
495 51
449 5
498 54
490 46
494 50
448 4
511 67
488 44
496 52
479 35
506 62
475 31
456 12
480 36
468 24
455 11
458 14
469 25
497 53
457 13
505 63
487 43
500 56
461 17
489 45
459 15
464 20
454 10
451 7
470 26
491 47
471 27
501 57
460 16
451 8
454 11
460 17
477 34
494 51
480 37
511 68
443 4
488 45
475 32
510 67
490 47
471 28
496 53
455 12
474 31
448 5
479 36
497 54
481 38
468 25
466 23
506 63
508 65
463 20
498 57
491 48
458 15
457 14
459 16
495 52
501 58
469 26
461 18
500 57
452 9
507 64
467 24
446 3
447 4
453 10
456 13
487 44
502 59
478 36
441 5
491 49
488 46
499 57
506 64
481 39
507 65
498 56
511 69
455 13
470 28
508 66
494 52
453 11
509 67
442 4
468 26
489 47
490 48
497 55
469 27
446 4
456 14
474 32
450 8
487 45
451 9
463 21
467 25
459 17
479 37
460 18
495 53
501 59
457 15
500 58
482 40
477 35
448 6
458 16
480 38
445 3
473 31
496 54
493 51
443 3
465 23
502 60
458 17
457 16
511 70
455 14
441 4
441 0
482 41
489 48
490 49
454 13
499 58
456 15
443 2
488 47
506 65
494 53
476 35
481 40
485 44
493 52
497 56
487 46
480 39
453 12
508 67
464 23
477 36
470 29
442 5
491 52
468 27
510 69
463 22
445 4
459 18
502 61
466 25
479 38
474 33
460 19
465 24
469 28
501 60
486 45
442 3
452 11
496 55
472 31
448 7
450 9
452 12
490 50
477 37
441 1
486 46
459 19
487 47
476 36
467 27
482 42
456 16
472 32
509 69
451 11
493 53
455 15
466 26
480 40
505 65
492 52
441 3
496 56
450 10
457 17
442 2
449 9
491 51
484 44
448 8
488 48
485 45
473 33
501 61
489 49
479 39
508 68
458 18
510 70
506 66
465 25
499 59
474 34
445 5
469 29
442 6
462 22
500 60
463 23
440 0
454 14
464 24
468 28
457 18
483 44
452 13
484 45
492 53
478 39
487 48
463 24
441 2
466 27
448 9
476 37
499 60
446 7
479 40
506 67
504 65
501 62
509 70
447 8
443 6
449 10
477 40
445 6
490 51
469 30
467 28
458 19
450 11
482 43
468 29
488 49
440 1
474 35
462 23
477 38
472 33
451 12
453 14
454 15
496 57
486 47
455 16
464 25
460 21
456 17
505 66
508 69
500 61
448 10
453 15
498 60
445 7
509 71
440 2
464 26
477 39
500 62
499 61
457 19
485 47
507 69
474 36
443 7
501 63
476 40
466 28
506 68
488 50
450 12
483 45
467 29
478 40
496 58
459 21
475 37
462 24
503 65
447 9
465 27
477 41
449 11
504 66
461 23
451 13
460 22
482 44
484 46
489 51
508 70
493 55
495 57
502 64
476 38
446 8
472 34
463 25
492 54
486 48
455 17
494 56
468 30
482 45
471 34
438 1
508 71
473 36
504 67
456 19
458 21
461 24
500 63
464 27
449 12
493 56
439 2
476 39
463 26
478 41
454 17
445 8
491 54
451 14
472 35
453 16
455 18
486 49
488 51
494 57
492 55
466 29
498 63
448 11
474 37
503 66
484 47
465 28
452 15
444 7
457 20
460 23
501 64
475 38
505 68
507 70
506 69
496 59
446 9
489 52
467 30
509 72
502 65
459 22
485 48
498 61
487 50
510 75
506 70
496 60
445 9
462 26
478 42
509 75
438 2
471 35
492 56
497 61
446 10
500 64
473 37
493 57
480 44
461 25
502 66
458 22
472 36
437 1
504 68
488 52
475 39
482 46
485 49
511 75
448 12
444 8
501 65
487 51
449 13
484 48
510 74
495 59
467 31
463 27
474 38
447 11
490 54
450 14
505 71
460 24
455 19
483 47
498 62
456 20
503 67
499 63
439 3
453 17
508 72
505 69
470 34
509 73
451 15
464 28
465 29
459 23
486 50
497 62
443 10
470 35
474 39
471 36
485 52
500 65
466 31
503 68
504 69
473 38
469 34
457 22
448 13
480 45
493 58
484 49
495 60
508 75
499 64
501 66
463 28
444 9
486 51
465 30
452 17
436 1
507 72
502 67
487 52
479 44
490 55
437 2
509 74
511 76
455 20
460 25
454 19
446 11
447 12
482 47
461 26
506 71
451 16
491 56
489 54
450 15
449 14
438 3
488 53
478 43
472 37
508 73
505 70
485 50
458 23
459 24
483 48
453 18
440 6
501 67
483 49
455 21
477 43
495 61
449 15
504 70
490 56
489 57
462 28
437 3
454 20
488 54
496 62
460 26
435 1
486 52
470 36
457 25
506 72
461 27
489 55
463 29
507 73
482 48
447 13
464 30
511 77
450 16
484 50
508 74
473 39
472 38
442 10
446 12
458 24
456 22
502 68
445 11
442 8
436 2
492 58
466 32
475 41
469 35
452 18
478 44
480 46
457 23
476 42
481 47
474 40
490 58
438 4
444 10
465 31
453 19
439 5
485 51
479 45
499 65
482 49
479 46
500 67
496 63
501 70
495 62
457 24
455 22
472 39
441 8
487 54
469 36
450 17
481 48
461 28
478 45
437 4
480 47
451 18
464 31
452 19
489 56
474 41
473 40
446 13
453 20
439 6
465 32
499 66
459 26
475 42
501 68
449 16
456 25
497 64
435 2
498 65
503 70
444 11
436 3
476 43
491 58
477 44
511 78
445 12
470 37
462 29
486 53
448 15
442 9
510 77
489 58
488 55
507 74
484 51
440 7
454 21
434 1
438 5
483 50
506 73
458 25
435 3
500 68
461 29
488 56
502 70
482 50
460 28
458 26
487 55
451 19
511 79
471 39
476 44
497 65
506 74
474 42
480 48
452 20
479 47
501 71
436 4
454 22
433 1
463 31
496 66
455 23
493 61
434 2
473 43
464 32
445 13
505 73
447 15
444 12
448 16
498 66
483 51
453 21
450 18
455 25
456 26
510 78
491 59
431 1
500 70
477 45
459 27
441 9
446 14
465 33
488 58
437 5
468 36
439 7
473 41
509 77
456 24
494 62
462 30
486 54
469 37
496 64
509 78
506 75
455 26
472 41
447 16
492 61
495 64
455 24
498 67
431 2
435 4
436 5
502 71
500 69
511 80
453 22
477 46
504 73
444 15
449 18
473 42
439 8
487 56
499 68
437 6
452 21
494 63
475 44
458 27
432 1
464 33
495 66
496 65
462 33
463 32
493 62
482 51
478 47
481 50
470 39
510 79
459 28
444 13
454 23
465 34
497 66
488 59
446 15
448 17
483 52
433 2
440 9
496 67
450 19
485 54
469 38
460 29
468 37
505 74
467 36
474 43
462 31
479 48
484 53
491 60
434 3
451 20
499 70
486 55
445 14
508 78
485 55
483 53
478 48
463 33
435 5
446 16
454 24
499 69
487 57
510 80
484 54
459 29
465 35
466 36
433 3
507 77
498 70
437 7
449 19
477 47
443 15
504 74
491 61
497 67
468 38
457 27
440 10
506 76
436 6
481 51
495 65
493 63
487 59
482 52
454 26
505 75
484 60
438 8
502 72
462 32
461 31
472 42
460 30
455 27
458 28
464 34
448 18
451 21
452 22
448 20
447 17
488 60
503 73
432 2
469 39
492 62
443 13
470 40
494 66
439 9
479 49
471 41
474 44
445 15
444 16
431 3
450 20
509 79
511 81
432 3
477 48
485 60
450 21
506 77
448 21
434 5
451 22
433 4
469 40
505 76
507 78
468 39
463 34
437 8
487 60
484 61
460 31
488 61
481 52
467 38
449 20
492 63
457 28
486 57
498 69
510 81
476 47
493 64
504 75
442 13
502 73
486 59
440 11
465 36
509 80
503 74
497 68
478 49
461 32
435 6
464 35
447 18
453 24
490 61
491 62
494 65
445 16
474 45
452 23
454 27
480 51
471 42
439 10
436 7
466 37
482 53
459 30
448 19
443 14
483 54
446 17
484 55
489 61
506 78
450 22
433 5
479 51
464 36
434 6
438 10
505 77
456 28
481 53
473 45
445 17
436 8
486 60
485 57
487 61
475 47
490 62
469 41
501 73
484 62
497 69
470 42
472 44
509 81
484 56
457 29
503 75
460 32
454 28
452 24
441 13
449 21
435 7
439 11
485 59
468 40
500 72
493 65
491 63
510 82
465 37
508 80
440 12
492 64
466 38
451 23
502 74
480 52
485 61
482 54
437 9
477 49
459 31
471 43
478 50
442 14
453 25
447 19
432 4
463 35
467 39
483 55
452 25
510 83
460 33
478 51
499 72
492 65
500 73
467 40
483 56
506 79
445 18
503 76
457 30
451 24
505 78
434 7
432 5
464 37
450 23
481 54
446 19
439 12
482 55
451 26
458 31
466 39
454 29
507 80
484 57
459 32
504 77
437 10
479 52
485 62
509 82
485 58
502 75
508 81
474 47
486 61
475 48
465 38
471 44
468 41
480 53
477 50
462 35
489 62
461 34
469 42
456 29
441 14
449 22
433 6
435 8
473 46
472 45
490 63
501 74
496 69
468 42
435 9
482 56
480 54
436 10
473 47
437 13
510 84
504 78
481 55
437 11
505 79
479 53
469 43
434 8
484 58
452 26
506 80
438 12
457 31
490 64
464 38
502 76
491 65
446 20
509 83
486 62
501 77
495 69
432 6
450 24
445 19
478 52
467 41
503 77
458 32
508 82
449 23
471 45
456 30
455 29
499 73
500 74
451 25
485 63
466 40
496 70
483 57
459 33
474 48
475 49
439 13
489 63
501 75
431 5
440 14
460 34
433 7
477 51
507 81
462 36
444 18
461 35
462 37
458 33
447 22
433 8
499 74
486 63
467 42
441 18
476 51
500 75
439 14
465 40
491 66
497 72
494 69
435 10
475 50
488 63
468 43
457 32
461 36
505 80
455 30
434 9
495 70
508 83
492 67
448 23
510 85
489 64
482 57
463 38
438 13
430 5
504 79
490 65
501 76
503 78
479 54
483 58
470 45
502 77
446 21
509 84
472 47
498 73
444 19
507 82
473 48
480 55
437 12
481 56
466 41
478 53
436 13
456 31
450 25
452 27
432 7
460 35
445 20
506 81
506 82
435 13
430 6
499 75
504 80
478 54
502 78
508 86
460 36
435 11
428 4
457 33
434 10
431 7
440 18
466 42
447 23
472 48
497 73
469 45
459 35
464 40
429 5
495 71
438 14
475 51
448 24
493 69
490 66
441 17
463 39
458 34
436 12
452 28
456 32
444 20
440 16
461 37
481 57
468 44
482 58
508 84
455 31
439 15
489 65
433 9
491 67
474 50
510 86
496 72
492 68
471 47
449 25
441 19
467 43
486 64
476 52
483 59
499 77
473 49
500 76
488 64
480 56
465 41
498 74
446 22
476 53
504 81
455 32
491 68
488 65
466 43
486 65
493 70
432 9
473 50
430 9
509 86
447 24
465 42
443 20
428 5
446 23
479 56
503 80
494 71
433 10
452 29
462 39
499 78
498 75
444 21
458 35
471 48
478 55
499 76
449 26
496 73
459 36
474 51
457 34
431 8
448 25
481 58
438 15
508 87
461 38
449 28
482 59
478 57
490 67
497 74
439 16
477 54
427 4
492 69
508 85
435 12
442 19
470 49
468 45
424 1
469 46
464 41
434 11
480 57
467 44
450 27
454 31
451 28
511 88
495 72
502 79
487 64
506 83
505 82
507 84
489 66
470 47
440 17
430 7
510 87
423 0
447 25
501 79
432 10
433 11
479 57
446 24
470 48
502 80
459 37
462 40
498 76
449 27
478 56
449 29
490 68
467 45
442 20
473 51
497 75
454 32
431 9
457 35
503 81
424 2
422 0
427 5
470 50
511 89
455 33
429 7
487 65
482 60
438 16
430 8
466 44
481 59
505 83
426 4
492 70
456 34
478 58
489 67
468 46
450 28
475 53
480 58
488 66
465 43
507 85
464 42
448 26
443 21
451 29
509 87
460 38
477 57
439 17
494 72
423 1
500 78
458 36
434 12
510 88
477 55
452 30
428 6
495 73
472 50
496 74
473 52
497 80
500 79
481 60
494 73
426 5
459 38
502 81
444 23
448 27
489 68
456 35
427 6
470 51
505 84
442 21
495 74
479 58
487 66
421 0
451 30
506 85
511 90
461 40
493 72
452 31
467 46
429 8
497 76
477 58
447 26
424 3
432 11
474 53
488 67
454 33
510 89
464 43
450 29
422 1
469 48
446 25
508 89
425 4
466 45
468 47
465 44
438 17
503 82
501 80
457 36
463 42
490 69
475 54
480 59
433 12
458 37
509 88
491 70
472 51
471 50
476 55
498 79
462 41
423 2
445 24
443 22
492 71
431 10
477 56
495 75
451 31
498 80
506 86
473 53
424 4
464 44
462 42
492 72
476 56
475 55
509 89
455 35
489 69
442 22
471 51
447 27
452 32
480 60
425 5
422 2
437 17
421 1
437 19
475 57
428 8
445 25
446 26
501 81
436 16
505 85
463 43
431 11
432 12
474 54
486 68
439 19
460 40
496 80
503 83
496 76
423 3
468 48
490 70
466 46
493 73
457 37
456 36
483 63
426 6
476 58
472 52
507 89
430 12
443 23
497 77
444 24
510 90
427 7
458 38
450 30
502 82
487 67
488 68
433 13
491 71
453 33
500 80
497 79
479 59
480 61
496 77
500 81
506 87
429 10
506 89
443 24
425 6
472 53
491 72
438 19
436 19
421 2
420 1
442 23
459 40
492 75
488 69
452 33
496 79
451 32
423 4
457 38
455 36
494 75
456 37
433 14
462 43
493 74
424 5
499 80
474 55
458 39
461 42
430 11
429 12
490 71
467 48
475 58
444 25
446 27
426 7
435 16
439 20
474 57
502 83
475 56
432 13
436 17
509 90
441 22
507 88
505 86
431 12
497 78
468 49
473 54
492 73
466 47
482 63
501 82
445 26
486 67
450 31
489 70
479 60
487 68
483 64
471 52
428 9
437 18
495 76
463 44
427 8
478 60
451 33
422 4
449 31
466 48
481 63
456 38
506 88
487 69
432 14
428 10
502 84
509 91
418 0
482 64
495 77
458 40
474 56
485 67
495 79
490 72
426 8
475 59
442 24
493 75
461 43
494 76
440 22
443 25
510 92
472 54
439 21
465 47
473 57
423 5
471 53
436 18
505 87
479 61
489 71
420 2
457 39
459 41
460 42
447 29
425 7
435 17
446 28
445 27
433 15
455 37
501 85
496 78
492 74
499 81
434 16
468 50
474 58
431 13
462 44
429 11
501 83
473 55
488 70
491 73
438 20
450 32
470 53
423 6
427 10
459 42
454 37
431 14
500 83
441 24
487 70
490 73
494 77
495 78
511 94
491 74
451 34
493 76
505 88
418 1
468 51
446 29
435 18
455 38
420 3
450 33
478 61
473 56
488 71
475 60
510 93
501 84
502 85
447 30
461 44
472 55
504 87
483 66
438 21
452 35
509 92
473 58
444 27
426 9
421 4
462 45
456 39
419 2
465 48
508 91
449 32
503 86
439 22
428 11
445 28
482 65
499 82
417 0
467 50
479 62
433 16
474 59
481 64
442 25
458 41
477 60
469 54
425 8
480 63
471 54
443 26
484 67
422 5
469 55
461 45
418 2
472 56
504 88
486 70
488 72
473 59
426 10
450 34
498 82
467 51
464 48
502 86
470 54
456 40
494 78
499 83
462 46
471 55
474 60
482 66
419 3
446 30
455 39
426 12
449 33
423 7
509 93
444 28
480 64
430 14
424 8
475 61
468 52
477 61
417 1
460 44
508 92
511 95
510 94
467 55
432 16
476 60
425 9
420 4
483 67
452 36
427 11
503 87
487 71
490 74
422 6
454 38
441 25
440 24
434 18
493 77
469 53
437 21
431 15
451 35
466 50
500 84
489 73
465 49
416 0
459 43
443 27
479 63
458 42
484 68
478 62
438 22
483 68
471 56
476 61
461 46
446 31
428 13
452 37
509 94
434 19
464 49
431 16
481 66
459 44
440 25
417 2
473 60
484 69
435 20
467 52
499 84
477 62
439 24
419 4
466 51
451 36
470 55
457 42
490 75
463 48
429 14
438 23
468 53
454 41
448 33
467 54
462 47
472 59
486 71
432 17
447 32
416 1
437 22
504 89
498 83
454 39
421 6
508 93
426 11
442 27
420 5
424 9
436 21
503 88
427 12
456 41
511 96
502 87
422 7
493 78
430 15
450 35
487 72
488 73
465 50
418 3
460 45
455 40
510 95
445 30
478 63
479 64
441 26
468 55
423 8
443 28
453 39
419 5
464 50
435 21
414 0
478 64
448 36
446 32
456 42
466 52
450 36
460 46
440 26
468 56
511 97
472 60
425 11
471 57
476 62
483 69
437 23
503 89
488 74
431 17
481 67
447 33
490 76
486 72
470 56
451 37
441 27
448 34
485 71
509 95
417 3
449 35
453 41
429 15
461 47
492 78
436 22
455 41
477 63
491 77
487 73
415 1
422 8
504 90
428 14
423 9
430 18
454 40
510 96
469 57
497 83
501 87
482 68
434 20
496 82
421 7
427 15
430 16
499 85
439 25
459 45
427 13
479 65
445 31
463 49
457 43
462 48
467 53
442 28
484 70
508 94
413 0
493 82
441 28
444 31
462 49
509 96
458 45
501 88
491 78
507 94
423 10
471 58
415 2
438 25
502 89
435 22
424 11
421 8
456 43
434 21
420 7
453 40
504 91
485 72
472 61
440 27
459 46
506 93
480 67
457 44
437 24
452 39
436 23
488 75
460 47
493 80
486 73
490 77
439 26
489 76
479 66
431 18
465 52
496 83
450 37
484 71
478 65
503 90
449 36
419 6
487 74
418 5
433 20
476 63
467 58
442 29
482 69
508 95
427 14
466 53
451 44
483 70
448 35
495 82
464 51
430 17
463 50
447 34
468 57
511 98
414 1
455 42
452 43
481 68
428 15
470 57
492 79
447 36
417 4
499 86
446 33
501 89
503 91
412 0
451 45
426 14
452 44
422 10
446 36
440 28
488 76
505 93
418 6
417 5
478 66
496 84
441 29
487 75
498 86
485 73
461 49
437 25
506 94
484 72
431 19
444 32
429 17
435 23
466 58
455 43
492 80
428 16
510 98
500 88
449 37
467 59
433 21
442 30
511 99
419 7
481 69
483 71
438 26
465 53
445 33
480 68
467 57
446 34
489 77
457 45
493 81
486 74
416 4
508 96
447 35
474 62
490 78
450 38
459 47
464 52
472 62
421 9
453 43
470 58
462 50
451 43
415 3
475 63
479 67
509 97
452 42
463 51
491 79
477 65
502 90
494 82
424 12
492 82
425 13
495 83
507 95
482 70
414 2
451 39
434 22
456 44
499 87
452 40
468 59
451 42
484 73
477 66
412 1
510 99
497 86
475 64
504 93
495 84
466 57
432 23
482 71
424 13
444 33
432 21
452 45
499 88
456 47
462 51
492 83
475 66
488 77
419 8
500 89
496 85
473 62
423 12
437 26
478 67
446 35
422 11
456 45
428 17
506 95
434 23
414 3
476 65
465 54
505 94
460 49
455 44
436 25
457 46
445 34
415 4
492 81
507 96
440 29
438 27
435 24
489 78
441 30
485 74
450 39
508 97
449 38
498 87
425 14
481 70
490 79
463 52
453 44
418 7
451 40
431 20
502 91
509 98
459 48
421 10
454 43
458 47
487 76
470 59
474 63
479 68
494 83
479 70
486 75
439 28
501 90
416 5
416 6
475 67
499 89
484 74
491 81
438 28
453 45
435 25
470 60
488 78
507 97
449 39
486 76
422 12
429 19
412 2
462 52
431 21
437 27
473 63
428 18
450 40
433 23
508 98
459 49
500 90
461 51
487 77
504 94
474 64
430 20
506 96
465 57
425 15
421 11
474 66
440 30
479 69
469 59
489 79
509 99
463 53
418 8
415 5
454 44
436 26
457 47
477 67
490 80
432 22
482 72
501 91
503 93
458 48
475 65
424 14
448 38
464 54
497 89
456 46
429 21
460 50
481 71
492 84
439 29
423 13
485 75
443 33
480 70
445 35
497 87
505 95
494 84
414 4
427 17
495 85
502 92
416 8
444 34
496 86
451 41
416 7
464 55
460 51
469 60
462 53
458 49
415 6
504 95
473 64
440 31
477 68
427 18
503 94
430 21
414 5
454 45
465 56
439 30
419 10
413 4
486 77
496 89
497 90
420 11
425 16
487 78
415 8
489 80
431 22
507 98
434 25
428 19
436 27
417 8
511 102
461 52
423 14
505 96
455 46
449 40
429 20
418 9
476 67
450 41
497 88
421 12
474 65
496 87
508 99
424 15
420 13
498 89
483 74
500 91
448 39
506 97
433 24
490 81
411 2
494 85
443 34
485 76
444 35
422 13
503 98
495 86
488 79
481 72
438 29
502 93
478 69
435 26
457 48
493 84
480 71
504 96
501 93
504 98
454 46
444 36
496 88
482 74
428 20
487 79
510 102
458 50
495 87
505 97
488 80
502 94
506 98
457 49
477 69
484 76
503 97
499 91
427 19
497 91
443 35
500 92
426 18
461 53
422 14
430 22
420 12
417 9
436 28
481 73
480 72
413 5
412 4
476 68
459 51
445 37
464 56
434 26
486 78
447 39
472 64
507 99
493 85
462 54
473 65
423 15
421 13
439 31
485 77
414 6
498 90
415 7
435 27
460 52
489 81
483 75
424 16
442 34
509 101
503 95
419 11
433 25
508 100
511 103
448 40
440 32
449 41
469 61
411 3
437 29
490 82
418 10
443 36
435 28
493 86
480 73
507 100
469 62
510 103
499 92
463 56
437 30
479 72
511 104
427 20
446 39
413 6
410 3
476 69
425 18
441 34
498 91
419 12
487 80
444 37
482 75
501 94
424 17
421 14
411 4
502 95
460 53
486 79
439 32
445 38
430 23
417 10
421 16
426 19
434 27
481 74
503 96
432 25
442 35
477 70
418 11
494 87
462 55
423 16
505 98
504 99
440 33
457 50
495 88
431 24
433 26
484 77
483 76
458 51
454 47
509 102
470 63
448 41
449 42
472 65
485 78
508 101
414 7
455 48
436 29
502 97
459 52
489 82
438 31
422 15
485 80
447 40
456 49
469 63
442 36
507 101
479 73
508 106
440 34
444 38
456 50
505 99
464 58
491 85
486 80
453 47
421 15
468 62
492 86
430 24
454 48
502 96
441 35
439 33
428 22
463 57
422 16
458 52
509 103
475 69
462 56
431 25
435 29
406 0
457 51
418 12
416 10
474 68
424 18
510 104
472 66
487 81
460 54
485 79
437 31
511 105
436 30
482 76
447 41
470 64
448 42
409 3
498 92
427 21
426 20
413 7
476 70
467 61
417 11
493 87
446 40
480 74
484 78
501 95
494 88
443 37
429 23
412 6
509 105
438 32
499 93
488 82
455 49
425 19
411 5
407 1
433 27
432 26
434 28
423 17
506 100
486 81
429 24
472 67
506 101
471 68
410 5
490 85
443 38
466 61
494 89
408 3
424 19
411 8
491 86
482 77
484 79
416 11
511 106
478 73
425 20
467 62
458 53
445 42
420 15
500 95
441 38
470 65
499 94
505 100
447 42
471 66
474 69
434 29
479 74
438 33
439 34
418 13
498 93
462 57
457 52
468 63
423 18
476 71
433 28
483 78
454 49
495 90
488 83
453 48
492 87
406 1
428 23
481 76
437 32
435 30
508 105
422 17
509 106
412 7
473 68
436 31
508 103
413 8
461 56
508 107
463 58
441 36
459 54
493 88
509 104
446 41
426 21
431 26
419 14
444 39
456 51
407 2
469 64
507 102
452 47
477 72
464 59
440 35
501 96
475 70
501 98
432 27
417 12
427 22
461 58
405 0
411 7
481 77
436 32
507 103
468 64
460 58
445 41
447 43
438 34
462 58
1 1
491 87
471 67
429 25
501 99
494 90
444 40
441 37
498 94
467 63
466 62
439 35
455 51
405 1
440 38
459 55
509 107
460 56
410 6
422 18
473 69
497 93
419 15
483 79
474 70
408 4
476 72
457 53
415 11
478 74
409 5
495 91
416 12
458 54
425 21
454 50
413 9
407 3
444 42
486 82
472 68
446 42
461 57
452 48
487 83
505 101
465 61
423 19
443 39
492 88
490 86
426 22
506 102
495 93
433 29
432 28
418 14
440 36
489 85
0 2
482 78
445 43
500 96
463 59
430 26
493 89
427 23
448 44
412 8
424 20
456 52
469 65
480 76
406 2
499 95
500 98
496 92
483 81
508 104
435 31
431 27
437 33
511 107
477 73
442 38
475 71
488 85
434 31
450 47
496 93
502 99
468 65
418 15
466 63
479 76
478 75
504 101
430 27
507 104
462 59
429 26
457 54
511 108
422 19
431 28
458 55
476 73
505 102
413 10
477 74
490 87
473 70
421 18
433 30
463 60
482 79
423 20
481 78
492 89
407 4
415 12
419 16
408 5
436 33
426 23
498 95
449 46
486 83
2 1
491 88
427 24
464 61
425 22
506 103
495 92
410 7
447 44
465 62
409 6
1 2
493 90
484 81
442 39
455 52
509 108
424 21
460 59
412 9
467 64
437 34
460 57
446 43
483 80
435 32
448 45
500 97
440 37
475 72
499 96
432 29
444 41
470 67
487 84
405 4
439 36
459 56
416 13
0 3
472 69
469 66
453 50
406 3
405 2
404 1
474 71
452 49
3 1
491 89
499 97
488 86
452 50
510 108
486 84
459 57
462 60
424 22
482 80
425 23
504 102
416 14
498 96
434 32
496 94
473 71
487 85
502 100
417 15
414 12
469 67
429 27
509 109
477 75
430 28
485 83
465 63
490 88
428 26
446 44
449 47
472 70
409 7
463 61
422 20
460 60
455 53
426 24
458 56
481 79
405 3
506 104
407 5
454 52
450 48
413 11
484 82
474 72
456 54
435 33
438 36
423 21
466 64
476 74
412 10
432 30
415 13
418 16
406 4
404 2
478 76
419 17
443 41
475 73
0 4
492 90
442 40
408 6
479 77
431 29
494 92
427 25
433 31
439 37
467 65
511 109
448 46
2 2
436 34
468 66
421 19
505 103
451 49
487 86
403 2
428 27
498 97
404 3
465 64
401 0
407 6
488 87
414 13
490 89
474 73
438 37
434 33
491 90
484 83
506 105
435 34
437 36
477 76
5 2
466 65
456 55
433 32
442 41
448 47
446 45
479 78
462 61
411 10
420 21
408 7
505 104
461 60
493 92
417 16
472 71
510 109
496 95
449 48
422 21
452 51
423 22
402 1
430 29
476 75
481 80
502 101
503 102
450 49
416 15
473 72
436 35
1 4
7 0
429 28
467 66
451 50
511 110
415 14
486 85
425 24
406 5
419 18
418 17
453 52
441 40
464 63
420 19
485 84
471 70
427 26
489 88
431 30
492 91
413 12
494 95
455 54
463 62
426 25
409 8
3 2
458 57
480 79
0 5
475 74
497 96
469 68
412 11
478 77
430 30
485 85
414 14
484 84
447 47
495 95
464 64
448 48
471 71
463 63
465 65
431 31
452 52
487 87
435 35
1 5
4 2
510 110
410 10
426 26
486 86
421 21
492 92
450 50
420 20
496 96
504 104
428 28
498 98
433 33
423 23
8 0
419 19
440 40
408 8
449 49
0 6
402 2
416 16
441 41
480 80
7 1
491 91
418 18
470 70
407 7
479 79
476 76
475 75
505 105
3 3
439 39
473 73
422 22
437 37
413 13
5 3
432 32
494 94
482 82
474 74
469 69
461 61
401 1
453 53
458 58
412 12
415 15
409 9
478 78
451 51
424 24
429 29
481 81
411 11
490 90
466 66
477 77
468 68
456 56
454 54
502 102
497 97
427 27
403 3
442 42
503 103
457 57
501 101
406 6
6 2
455 57
489 89
400 0
438 38
436 36
462 62
446 46
425 25
422 23
487 88
440 41
421 22
454 55
475 78
414 15
441 42
482 83
9 0
447 48
419 20
428 29
461 62
404 5
409 10
449 50
411 12
497 98
11 0
429 30
493 94
427 28
7 2
467 68
3 4
400 1
473 74
470 71
462 63
489 90
401 2
481 82
430 31
451 52
484 85
0 7
455 58
415 16
433 34
413 14
426 27
403 4
457 58
1 6
434 35
453 54
501 102
407 8
506 107
437 38
452 53
477 78
488 89
479 80
491 92
425 26
436 37
480 81
483 84
408 13
416 17
412 13
472 73
471 72
455 56
432 33
500 101
435 36
503 104
423 24
490 91
418 19
406 7
476 77
438 39
399 0
456 57
464 65
468 69
475 76
510 111
466 67
424 25
469 70
504 105
454 57
446 47
485 86
439 40
4 3
507 108
495 96
431 32
505 106
8 1
437 39
481 83
491 93
505 107
427 29
449 51
439 41
409 11
435 37
1 7
504 106
489 91
400 2
4 4
480 82
411 13
507 109
433 35
502 104
451 53
405 7
499 101
508 110
408 10
448 50
412 14
465 67
466 68
475 79
421 23
0 8
446 48
415 17
470 72
459 61
468 70
418 20
399 1
11 1
458 60
482 84
408 12
424 26
425 27
423 25
444 46
432 36
474 76
410 12
492 94
486 88
404 6
414 16
443 45
402 4
432 34
3 5
484 86
452 54
476 78
478 80
441 43
438 40
473 75
477 79
401 3
467 69
495 97
462 64
475 77
445 47
426 28
497 99
454 56
440 42
483 85
490 92
2 6
487 91
431 33
422 24
429 31
456 58
472 74
10 0
469 71
509 111
398 0
434 36
485 87
460 62
498 100
500 102
461 63
453 55
8 2
487 89
488 90
409 13
436 40
403 5
450 52
407 9
506 108
463 65
471 73
457 60
411 14
3 6
2 7
405 8
481 84
498 101
398 1
418 21
487 92
414 17
437 40
448 51
476 79
486 89
9 2
408 11
490 93
443 46
424 27
434 37
449 52
453 56
0 9
417 20
488 91
470 73
429 32
421 24
477 80
491 94
436 39
480 83
510 113
415 18
406 9
426 29
492 95
444 47
422 25
458 61
403 6
468 71
412 15
507 110
501 104
413 16
509 112
430 33
499 102
461 64
397 0
456 59
486 91
504 107
471 74
410 13
467 70
10 1
508 111
401 4
399 2
432 35
473 76
435 38
493 96
485 88
450 53
489 92
505 108
428 31
459 62
400 3
431 34
474 77
502 105
439 42
427 30
484 87
496 99
487 90
442 45
482 85
433 36
494 97
4 5
465 68
407 10
460 63
452 55
469 72
423 26
441 44
1 8
462 65
440 43
502 107
497 100
404 7
445 48
483 86
478 81
479 82
466 69
425 29
483 87
484 92
417 21
413 17
482 86
443 47
441 45
502 106
422 26
407 11
478 82
4 6
0 10
466 72
401 5
480 84
498 102
416 20
438 42
431 35
398 2
496 100
430 34
485 89
2 8
499 103
485 91
420 24
412 16
433 37
397 1
477 81
479 83
509 113
405 9
440 44
484 88
462 66
414 18
457 61
501 105
444 48
489 93
437 41
504 108
465 69
1 9
445 49
481 85
435 39
470 74
456 60
471 75
460 64
415 19
10 2
402 6
500 104
410 14
473 77
442 46
476 80
396 0
490 94
469 73
419 25
486 90
510 114
429 33
9 3
459 63
467 71
497 101
415 21
461 65
404 8
449 53
423 27
458 62
506 110
507 111
505 109
488 92
493 97
428 32
427 31
447 51
424 28
491 95
494 98
403 7
466 70
411 15
452 56
434 38
399 3
502 108
492 96
410 15
496 101
476 81
461 66
402 7
506 111
405 10
441 46
465 70
411 16
434 39
397 2
479 84
400 5
460 65
482 87
507 112
499 104
501 106
422 27
428 33
403 8
477 82
478 83
481 86
494 99
424 29
395 0
489 94
438 43
423 28
2 9
416 21
484 89
503 108
412 17
445 50
483 88
1 10
473 78
4 7
437 42
508 113
414 19
510 115
418 25
447 52
415 20
449 54
472 77
509 114
469 74
433 38
468 73
404 9
420 25
432 39
485 90
490 95
483 92
430 35
440 45
427 32
9 4
399 4
456 61
419 26
414 21
457 62
466 73
466 71
462 67
488 93
406 11
10 3
471 76
467 72
497 102
470 75
452 57
415 22
442 47
458 63
485 92
498 103
491 96
426 31
492 97
505 110
455 60
444 49
417 22
500 105
464 69
396 1
413 18
398 3
401 7
5 7
431 37
449 55
484 90
481 87
420 26
506 112
10 4
422 28
504 110
2 10
464 70
461 67
490 96
443 49
468 74
431 39
434 40
472 78
411 17
436 42
11 3
503 109
509 115
488 94
507 113
412 18
405 13
424 30
410 16
497 103
471 77
485 93
423 29
1 11
495 101
483 91
467 73
500 106
427 33
469 75
465 71
470 76
492 98
399 5
483 89
476 82
418 24
459 65
394 0
478 84
406 12
466 74
432 38
511 117
8 4
416 22
3 9
448 54
425 31
473 79
479 85
441 47
413 19
489 95
498 104
404 10
413 21
447 53
446 52
426 32
4 8
398 4
405 11
505 111
428 34
477 83
451 57
456 62
430 36
453 59
494 100
402 8
457 63
421 27
455 61
437 43
438 44
433 39
462 68
414 20
403 9
496 102
442 48
491 97
395 1
440 46
482 88
444 50
397 3
403 10
449 56
405 12
393 0
455 62
446 53
433 40
436 43
439 46
511 118
489 96
1 12
442 49
479 86
475 82
492 99
404 13
4 9
420 27
468 75
487 94
464 71
443 50
438 45
476 83
467 74
497 104
508 115
509 116
486 93
404 11
499 106
11 4
473 80
2 11
451 58
398 5
498 105
495 102
470 77
435 42
505 112
396 3
417 24
395 2
445 52
447 54
412 19
397 4
423 30
424 31
462 69
490 97
6 7
454 61
11 6
425 32
506 113
5 8
401 8
431 38
472 79
413 20
410 17
402 9
456 63
478 85
483 90
452 59
488 95
496 103
494 101
503 110
481 88
430 37
427 34
453 60
471 78
400 7
399 6
493 100
422 29
469 76
510 117
480 87
8 5
458 65
428 35
461 68
448 55
426 33
409 16
441 48
394 1
457 64
416 23
486 94
495 103
487 97
427 35
410 18
421 29
6 8
507 115
401 9
508 116
506 114
498 106
393 1
470 78
403 11
5 9
7 7
445 53
2 12
477 85
425 33
439 47
496 104
421 31
476 84
4 10
423 31
479 87
474 82
440 48
394 2
457 65
397 5
488 96
420 28
409 17
487 95
447 55
460 68
396 4
472 80
408 16
454 62
400 8
402 10
492 100
10 6
430 38
456 64
510 118
464 72
426 34
469 77
442 50
422 30
418 28
503 111
504 112
438 46
8 6
434 42
473 81
491 99
412 20
435 43
395 3
392 0
489 97
467 75
511 119
399 7
452 60
3 11
453 61
481 89
475 83
482 90
505 113
451 59
450 58
499 107
494 102
404 12
461 69
12 6
11 5
497 105
455 63
471 79
429 37
433 41
502 110
416 24
11 7
448 56
410 19
403 12
491 100
509 118
400 9
392 1
487 96
397 6
461 70
453 62
470 79
391 0
447 56
479 88
416 25
495 104
467 76
488 97
421 30
498 107
432 41
476 85
13 2
408 17
503 112
441 50
3 12
499 108
448 57
420 29
486 95
419 28
475 84
406 15
446 55
469 78
7 8
418 27
424 33
407 16
445 54
456 65
434 43
435 46
457 66
501 110
490 99
463 72
435 44
401 10
395 4
493 102
428 37
454 63
471 80
468 77
426 35
480 89
398 7
442 51
492 101
427 36
438 47
496 105
12 5
423 32
507 116
4 11
497 106
440 49
481 90
411 20
396 5
433 42
8 7
444 53
6 9
422 31
478 87
497 108
417 26
502 111
460 69
455 64
477 86
450 59
510 119
474 83
399 8
10 7
472 81
415 24
489 98
451 60
394 3
500 109
5 10
393 2
429 38
402 11
505 114
473 82
2 13
423 33
488 98
449 59
434 44
439 49
504 114
13 3
409 19
441 51
390 0
463 73
443 53
429 39
437 47
0 16
469 79
393 3
14 2
459 69
481 91
2 14
458 68
435 45
399 9
447 57
457 67
473 83
477 87
424 34
412 22
400 12
478 88
491 101
3 13
456 66
500 110
461 71
489 99
471 81
501 111
509 119
508 118
8 10
411 21
475 85
445 55
495 105
507 117
415 25
510 120
492 102
493 103
508 120
486 96
6 10
406 16
454 64
448 58
465 75
503 113
440 50
4 12
433 43
8 8
450 60
396 6
460 70
506 116
468 78
502 112
9 7
474 84
425 35
430 40
498 108
499 109
466 76
18 0
392 2
431 41
446 56
395 5
400 10
496 106
505 115
476 86
417 27
479 89
485 95
444 54
497 107
391 1
419 29
416 26
405 15
407 17
422 32
452 62
436 46
453 63
7 9
13 5
480 90
467 77
402 12
397 7
410 20
455 65
420 30
451 61
494 104
427 37
397 8
504 115
498 109
439 50
451 62
13 4
18 1
3 14
506 117
404 15
437 48
476 87
395 6
461 72
446 57
493 104
400 13
402 13
4 13
472 83
431 42
458 69
510 121
8 9
501 112
507 120
7 10
467 78
471 82
484 95
485 96
470 81
425 36
419 30
409 20
440 51
414 25
434 45
415 26
457 68
496 107
508 119
445 56
389 0
449 60
505 116
411 22
423 34
489 100
502 113
412 23
509 120
477 88
14 5
491 102
443 54
401 12
427 38
448 59
393 4
426 37
408 19
490 101
492 103
478 89
429 40
465 76
430 41
392 3
474 85
410 21
456 67
455 66
460 71
468 79
15 2
406 17
400 11
0 17
416 27
454 65
480 91
436 47
433 44
399 10
447 58
405 16
444 55
441 52
422 33
469 80
1 16
391 2
464 75
475 86
503 114
462 73
390 1
499 110
19 0
495 106
5 12
466 77
9 8
473 84
488 99
494 105
407 18
452 63
494 106
467 79
404 16
410 22
478 90
423 35
498 110
402 14
415 27
389 1
424 36
394 6
473 85
19 1
388 0
461 73
499 111
393 5
484 96
441 53
440 52
460 72
449 61
459 71
501 113
419 31
395 7
455 67
436 48
495 107
492 104
504 116
406 18
451 63
392 4
462 74
2 16
486 98
509 121
7 11
443 55
0 18
448 60
464 76
441 55
477 89
442 54
474 86
447 59
5 13
454 66
391 3
472 84
398 10
14 4
16 2
507 119
476 88
465 77
429 43
493 105
463 75
485 97
466 78
428 40
401 13
427 39
14 8
418 30
503 115
433 45
475 87
480 92
457 69
450 62
446 58
15 3
408 20
416 28
430 42
421 33
426 38
437 49
399 11
490 102
412 24
500 112
407 19
414 26
411 23
422 34
456 68
3 15
452 64
469 81
444 56
18 2
468 80
471 83
505 117
390 2
491 103
397 9
502 114
440 56
488 100
458 70
438 50
17 1
479 91
489 101
9 9
1 17
432 44
457 70
492 105
430 43
398 11
444 59
1 18
405 18
488 101
436 49
2 17
465 78
439 52
473 86
19 2
17 2
428 41
470 83
501 114
479 92
489 102
461 74
389 2
500 113
0 19
483 96
444 57
506 119
450 63
469 82
491 104
396 9
502 115
443 56
505 118
3 16
441 56
390 3
440 55
462 75
419 32
426 39
440 53
393 6
449 62
468 81
486 99
459 72
447 60
427 40
406 19
15 4
448 61
460 73
408 21
487 100
404 17
397 10
425 38
463 76
416 29
499 112
472 85
6 13
467 80
7 12
437 50
429 42
429 44
477 90
418 31
451 64
410 23
446 59
394 7
475 88
490 103
466 79
4 15
497 110
417 30
452 65
484 97
442 55
16 3
413 26
485 98
476 89
431 44
438 51
454 67
392 5
495 108
456 69
511 124
10 9
401 14
493 106
414 27
474 87
482 95
409 22
423 36
422 35
504 117
395 8
416 31
411 24
478 91
391 4
388 1
455 68
464 77
13 8
509 122
432 45
424 37
421 34
5 14
14 9
453 66
445 58
499 113
508 122
434 48
460 74
414 28
472 86
422 36
13 9
489 103
395 9
466 80
431 45
448 62
389 3
403 17
476 90
470 84
456 70
458 72
450 64
405 19
17 3
2 18
390 4
444 60
391 5
420 34
21 1
416 30
462 76
439 53
423 37
492 106
437 51
424 38
469 83
397 11
502 116
421 35
463 77
425 39
396 10
485 99
401 15
392 6
3 17
475 89
438 52
428 42
449 63
451 65
410 24
440 54
471 85
4 16
409 23
445 59
443 57
442 56
509 123
495 109
430 44
16 4
404 18
491 105
7 13
426 40
413 27
398 12
418 32
8 12
461 75
503 117
493 107
9 11
465 79
497 111
446 60
11 9
505 119
0 20
504 118
488 102
477 91
511 125
479 93
417 31
10 10
436 50
487 101
457 71
474 88
468 82
419 33
467 81
510 124
482 96
393 7
454 68
490 104
408 22
500 114
5 15
453 67
447 61
388 2
20 2
478 92
501 115
427 41
457 73
6 14
481 95
415 29
459 73
409 25
394 8
483 97
388 3
478 93
419 34
393 8
461 76
13 10
454 69
496 111
503 118
508 123
9 12
448 63
23 0
475 90
0 21
394 9
491 106
469 84
4 17
408 23
490 105
451 68
7 14
391 6
484 99
500 115
438 53
417 32
12 9
414 29
466 81
403 18
423 38
11 10
470 85
467 82
392 7
485 100
509 124
434 49
16 5
437 52
502 117
17 4
511 126
483 98
409 24
442 57
472 87
468 83
489 104
474 89
8 13
407 22
389 4
413 28
426 41
463 78
477 92
424 39
499 114
482 97
487 102
415 30
410 25
455 70
453 68
481 96
421 36
439 54
2 19
457 72
463 80
431 46
446 61
495 110
471 86
436 51
462 77
22 1
450 65
456 71
395 10
10 11
408 25
21 2
6 15
492 107
449 64
418 33
504 119
452 67
412 27
450 69
401 16
433 48
465 80
459 74
5 16
458 73
451 66
501 116
405 20
480 95
473 88
398 13
387 2
488 103
460 75
427 42
425 40
385 2
396 11
420 35
430 45
422 37
445 60
397 12
460 76
491 107
1 21
504 120
432 48
500 116
445 63
469 85
472 88
10 12
397 13
406 22
404 20
420 36
7 15
490 106
495 111
18 4
5 17
453 69
410 26
417 33
461 77
511 127
6 16
403 19
492 108
419 35
473 89
395 13
486 102
442 58
430 46
502 118
398 14
463 79
425 41
385 3
412 28
479 95
387 3
507 123
388 4
11 11
381 3
424 40
456 72
466 82
484 100
458 74
0 22
408 24
393 9
450 68
445 61
433 49
421 37
446 62
481 97
452 68
395 11
390 6
459 75
386 2
485 101
427 43
475 93
2 20
8 14
475 91
389 5
396 12
477 93
438 54
422 38
482 98
499 115
470 86
392 8
471 87
450 66
434 50
391 7
435 51
12 10
4 18
17 5
455 71
465 81
451 69
449 65
476 92
384 0
483 99
480 96
448 64
462 80
505 123
508 124
418 34
454 70
394 10
468 84
505 121
24 0
407 23
487 103
22 2
464 80
510 126
413 29
489 105
405 21
21 3
436 52
431 49
478 94
401 17
437 53
414 30
462 78
23 1
461 78
397 14
458 75
505 122
26 1
484 101
471 88
494 111
460 77
485 102
406 23
466 83
447 64
404 21
5 18
477 94
499 116
381 4
481 98
383 0
414 31
391 8
18 5
487 104
505 124
398 15
480 97
400 17
0 23
23 2
405 22
394 11
507 124
10 13
472 89
491 108
445 62
382 3
464 81
8 15
431 48
407 24
429 46
434 51
475 94
508 125
412 29
453 70
395 12
462 79
504 121
416 33
6 17
24 1
403 20
424 41
422 39
479 96
501 118
21 4
384 1
388 5
467 84
488 105
420 37
502 119
486 103
450 67
503 120
423 40
459 76
426 43
11 12
425 42
445 64
468 85
498 115
437 54
4 19
489 106
446 63
509 126
12 11
2 21
417 34
433 50
9 14
386 3
483 100
441 58
25 0
435 52
390 7
454 71
465 82
448 65
395 14
3 20
470 87
393 10
418 35
431 50
413 30
455 72
410 27
452 69
449 66
476 93
385 4
415 32
475 92
432 49
510 127
502 120
410 28
21 5
11 13
386 4
504 122
414 32
422 40
443 61
464 82
435 53
452 70
404 22
456 74
0 24
382 4
472 90
393 11
470 88
485 103
405 23
412 30
416 34
19 5
445 65
493 111
446 64
6 18
430 48
415 33
453 71
7 17
24 2
454 72
3 21
395 15
483 101
417 35
460 78
397 15
420 38
465 83
477 95
448 66
507 125
419 37
466 84
501 119
387 5
428 46
458 76
418 36
455 73
467 85
382 2
425 43
481 99
474 92
426 44
490 108
398 16
508 126
434 52
449 67
383 1
444 62
18 6
461 79
423 41
402 20
5 19
471 89
433 51
26 0
4 20
9 15
388 6
457 75
431 51
476 94
406 24
389 7
396 14
383 3
12 12
503 121
459 77
400 18
488 106
20 4
506 124
409 27
1 23
394 12
10 14
487 105
479 97
486 104
401 19
391 9
498 116
436 54
441 59
25 1
469 87
382 0
17 7
432 50
421 39
509 127
413 31
27 0
477 96
403 22
511 130
490 109
4 21
426 45
455 74
480 99
397 16
468 87
446 65
401 20
3 22
411 30
11 14
482 101
508 127
491 110
414 33
492 111
509 128
460 79
399 18
485 104
448 67
476 95
6 19
507 126
10 15
464 83
1 24
497 116
422 45
423 42
406 25
470 89
405 24
465 84
17 8
421 40
486 105
503 122
19 6
458 77
443 62
13 12
447 66
382 1
25 2
419 38
422 41
432 51
12 13
416 35
434 53
9 16
20 5
439 58
418 37
498 117
428 47
487 106
18 7
442 61
452 71
506 125
502 121
478 97
510 129
21 6
424 43
387 6
389 8
391 10
429 48
402 21
471 90
15 10
488 107
7 18
393 12
466 85
501 120
388 7
459 78
383 4
410 29
470 91
417 36
396 15
456 75
453 72
436 55
469 88
489 108
425 44
400 19
454 73
409 28
415 34
412 31
457 76
435 54
2 23
473 92
386 5
440 59
423 44
22 5
427 46
14 11
479 98
502 122
8 18
509 129
484 104
386 6
412 32
490 110
20 6
433 53
479 99
391 11
466 86
21 7
404 24
399 19
422 42
403 23
436 56
432 52
423 43
510 130
380 2
387 7
460 80
492 112
427 47
448 68
491 111
437 57
18 8
405 25
16 10
488 108
464 84
496 116
487 107
439 59
472 92
440 60
417 37
421 41
420 40
390 10
447 67
401 21
469 89
28 0
402 22
428 48
435 55
497 117
422 44
10 16
482 102
483 103
393 13
453 73
400 20
457 77
25 3
456 76
17 9
468 88
5 21
476 96
438 58
442 62
415 35
503 123
501 121
14 12
7 19
458 78
443 63
414 34
15 11
425 45
383 5
477 97
6 20
478 98
424 44
486 106
471 91
480 100
508 128
434 54
495 115
455 75
410 30
470 90
418 38
396 16
413 33
12 14
2 24
411 31
465 85
499 119
381 1
446 66
429 49
467 87
511 131
423 45
473 93
409 29
441 61
416 36
506 126
419 39
23 5
4 22
22 6
451 71
422 46
389 9
392 12
406 26
452 72
481 101
455 76
392 13
436 57
414 35
439 60
510 131
450 71
468 89
380 1
507 128
20 7
396 17
495 116
17 10
23 6
437 58
405 26
3 24
5 24
447 68
484 105
422 43
511 132
425 46
399 20
500 121
476 97
4 23
16 11
404 25
482 103
7 20
422 47
477 98
498 119
18 9
492 113
464 85
440 61
397 18
419 40
459 80
483 104
452 73
466 87
11 16
506 127
509 130
21 8
478 99
12 15
389 10
428 49
14 13
5 22
489 110
446 67
448 69
379 0
391 12
499 120
456 77
409 30
501 122
433 54
432 53
463 84
416 37
508 129
486 107
438 59
29 0
418 39
388 9
403 24
427 48
435 56
497 118
420 41
502 123
415 36
413 34
471 92
22 7
485 106
479 100
469 90
442 63
2 25
472 93
398 19
462 83
386 7
412 33
15 12
457 78
9 18
387 8
465 86
423 46
384 5
8 19
494 115
454 75
451 72
496 117
13 14
488 109
379 2
390 11
453 74
424 45
401 22
19 8
480 101
449 70
410 31
475 96
417 38
26 3
10 17
25 4
421 42
434 55
490 111
443 65
445 67
414 36
402 24
507 129
391 13
461 83
505 127
420 42
436 58
506 128
427 49
393 15
25 5
26 4
497 121
407 29
481 103
459 81
499 121
489 111
425 47
397 19
401 23
398 20
483 105
30 0
18 10
448 70
17 11
497 119
418 40
491 113
13 15
379 1
423 47
446 68
378 0
510 132
480 102
465 87
14 14
500 122
6 22
509 131
404 26
406 28
501 123
492 114
19 9
430 52
468 90
10 18
4 24
419 41
3 25
444 66
385 7
410 32
466 88
508 130
20 8
442 64
396 18
479 101
472 94
475 97
463 85
454 76
409 31
435 57
484 106
486 108
9 19
464 86
12 16
490 112
494 116
438 60
390 12
485 107
400 22
421 43
488 110
424 46
426 50
434 56
8 20
498 120
455 77
416 38
23 7
412 34
429 51
450 72
2 26
437 59
413 35
24 6
432 54
384 6
449 71
11 17
473 95
477 99
15 13
467 89
511 133
14 16
387 9
16 12
439 61
456 78
411 33
471 93
474 96
440 62
396 20
462 84
7 21
394 16
452 74
415 37
428 50
495 117
6 24
408 30
482 104
502 124
431 53
395 17
496 118
388 10
392 14
3 26
396 19
387 10
454 77
393 16
392 15
492 115
434 57
18 11
416 39
7 22
444 67
430 53
494 117
420 43
405 28
406 29
378 1
404 27
511 134
426 49
457 80
425 48
496 119
429 52
467 90
377 0
472 95
483 106
437 60
496 121
424 47
433 56
389 12
438 61
407 30
477 100
452 75
390 13
501 126
509 132
402 25
507 130
4 25
468 91
11 18
481 104
31 0
500 123
463 86
487 110
456 79
442 65
399 22
413 36
488 111
460 83
478 101
25 6
510 133
414 37
409 32
408 31
471 94
20 9
501 124
410 33
441 64
389 16
490 113
432 55
506 129
459 82
465 88
13 16
411 34
14 17
497 120
458 81
428 51
445 68
486 109
0 29
461 84
443 66
466 89
447 70
476 99
16 13
400 23
479 102
448 71
449 72
508 131
427 50
385 8
440 63
495 118
412 35
9 20
436 59
475 98
418 41
14 15
395 18
417 40
482 105
502 125
6 23
403 26
388 11
7 24
15 14
499 122
10 19
26 5
8 21
484 107
384 7
473 96
464 87
431 54
24 7
398 21
397 20
435 58
446 69
480 103
470 93
508 133
394 17
489 112
504 127
19 10
419 42
507 134
401 25
446 70
483 107
386 10
484 108
430 56
431 55
507 131
427 51
447 71
494 118
445 69
463 87
457 81
415 41
388 12
508 132
410 34
495 119
458 82
468 92
466 90
15 15
443 67
389 17
481 105
416 40
435 59
432 56
31 1
437 61
488 112
509 133
16 14
403 27
415 39
395 19
486 110
376 0
455 79
452 76
400 24
13 17
442 66
456 80
477 101
18 12
385 9
404 28
25 7
438 62
478 102
420 44
496 120
499 123
30 2
20 10
392 16
414 38
3 27
440 64
475 99
429 53
500 124
27 5
393 17
487 111
1 29
489 113
388 16
408 32
389 15
502 126
510 134
17 13
474 98
467 91
433 57
2 28
431 57
479 103
454 78
448 72
501 125
439 63
4 26
9 21
453 77
389 13
399 23
383 7
430 58
425 49
472 96
0 30
23 9
10 20
12 18
8 22
504 128
508 134
409 33
391 15
469 93
19 11
412 36
503 127
387 11
406 30
491 115
441 65
402 26
424 48
506 130
419 43
436 60
476 100
7 23
8 24
465 89
460 84
446 76
397 21
485 109
482 106
470 94
507 133
411 35
418 42
407 31
11 19
377 1
473 97
464 88
398 22
444 68
511 135
24 8
459 83
394 18
33 0
458 83
387 12
430 59
418 43
476 101
1 32
437 62
468 93
469 94
385 10
503 128
413 38
383 8
0 31
26 7
393 18
407 32
10 21
448 73
424 49
500 125
5 26
17 16
402 27
465 90
405 30
448 75
473 100
462 87
3 28
467 92
490 115
453 78
389 18
2 29
377 2
410 35
19 12
427 52
384 9
378 3
397 22
28 5
459 84
472 97
415 40
499 124
495 120
474 99
445 78
447 72
399 24
494 119
387 16
486 111
507 132
30 3
398 23
442 67
445 70
441 66
479 104
473 98
475 100
430 57
484 109
446 77
400 25
480 105
433 58
24 9
377 4
451 76
32 1
416 41
477 102
464 89
429 54
471 96
432 57
17 14
392 17
455 80
487 112
10 25
18 13
23 10
505 130
20 11
502 127
446 79
388 15
9 22
481 106
403 28
456 81
509 134
376 1
408 33
417 42
443 68
511 136
504 129
29 4
382 7
434 59
483 108
21 10
9 24
478 103
454 79
457 82
436 61
488 113
404 29
391 16
430 55
412 37
2 33
489 114
388 13
27 6
420 45
498 123
447 76
16 15
506 133
470 95
463 88
409 34
439 64
431 58
419 44
450 75
442 69
446 71
8 23
25 8
4 27
485 110
444 69
22 9
12 19
406 31
394 19
31 2
440 65
13 18
493 118
466 91
428 53
429 58
425 51
11 21
1 31
381 7
411 37
29 5
379 5
9 23
378 4
2 32
472 100
384 10
424 50
25 9
438 64
27 7
429 57
478 104
17 15
447 77
376 2
446 78
383 9
390 18
486 112
456 82
499 125
441 69
417 43
1 33
23 11
402 28
477 103
434 60
476 102
458 84
387 13
405 31
471 101
489 115
473 99
403 29
28 6
4 28
451 77
482 108
30 4
468 94
462 88
401 27
436 62
509 135
2 30
435 61
31 5
455 81
492 118
33 1
471 97
416 42
480 106
418 44
22 10
412 38
392 18
408 34
447 73
474 100
465 91
493 119
503 129
13 19
34 0
445 71
380 6
484 110
426 52
377 3
442 68
446 72
479 105
414 40
481 107
419 45
502 128
450 76
429 55
494 120
510 136
31 3
449 75
459 85
454 80
452 78
398 24
447 79
420 46
448 76
400 26
12 20
406 32
439 65
432 58
469 95
409 35
488 114
505 131
444 70
472 98
393 19
16 16
437 63
407 33
18 14
394 20
395 21
506 132
19 13
463 89
21 11
11 25
5 27
464 90
448 74
441 67
498 124
391 17
387 15
428 54
413 39
443 69
491 117
385 11
467 93
475 101
511 137
382 8
431 59
445 77
386 12
10 24
3 29
485 111
396 22
20 12
399 25
32 2
1 34
22 11
12 21
462 89
14 19
475 102
441 68
444 71
446 73
463 90
380 7
495 122
28 7
466 93
428 55
464 91
384 11
440 67
21 12
400 27
15 18
469 96
498 125
386 13
385 12
4 29
484 111
391 18
405 32
490 117
503 130
426 53
454 81
382 9
471 100
404 31
471 98
458 85
23 12
491 118
510 137
457 84
395 22
26 9
499 126
449 76
433 60
413 40
456 83
443 70
445 72
34 1
412 39
501 128
419 46
448 77
24 11
401 28
3 30
461 88
30 5
447 74
427 54
432 59
504 131
397 24
439 66
375 2
20 13
417 44
474 101
378 5
476 103
453 80
465 92
483 110
440 69
399 26
32 3
425 52
494 121
451 78
478 105
35 0
486 113
6 27
455 82
18 15
403 30
416 43
488 115
12 25
393 20
396 23
487 114
437 64
418 45
10 23
406 33
13 20
467 94
19 14
5 28
505 132
398 25
387 14
444 77
410 37
392 19
482 109
428 57
447 78
29 6
33 2
480 107
509 136
16 17
409 36
376 3
434 61
477 104
435 62
379 6
459 86
31 4
381 8
2 31
472 101
472 99
424 51
408 35
493 120
394 21
448 78
12 24
4 30
439 67
510 138
13 21
403 31
395 25
382 10
468 96
6 28
476 104
381 9
29 7
483 111
14 20
472 102
503 131
462 90
477 105
475 105
381 11
443 71
440 72
35 1
32 4
435 63
423 51
436 64
441 71
374 2
379 7
467 95
480 108
445 73
495 123
426 54
20 14
11 23
391 19
378 6
508 136
399 27
466 94
16 18
385 13
427 57
406 34
456 84
22 12
424 52
481 109
422 50
439 69
499 127
398 26
7 27
509 137
0 34
482 110
427 55
33 3
494 122
420 48
418 46
395 23
488 116
392 20
446 74
444 76
19 15
25 11
464 92
432 60
487 115
386 14
457 85
471 99
396 24
422 52
402 30
404 32
417 45
407 35
475 103
439 73
500 128
380 8
27 9
449 77
443 77
469 97
455 83
485 113
412 40
501 129
496 124
419 47
491 119
384 12
433 61
393 21
460 88
478 106
453 81
414 42
492 120
3 31
26 10
450 78
462 92
425 53
405 33
15 19
30 6
504 132
411 39
434 62
489 117
36 0
438 66
440 70
416 44
470 98
474 102
440 68
415 43
493 121
465 93
397 25
408 36
375 3
24 12
409 37
401 29
28 8
479 107
383 11
459 87
497 125
13 22
405 34
440 71
479 108
436 65
504 133
464 93
417 46
510 139
14 21
374 3
378 7
487 120
376 5
403 32
449 78
488 117
419 48
411 40
434 63
473 102
17 18
397 26
475 106
427 56
393 22
455 84
491 120
457 86
438 67
35 2
19 16
409 38
480 109
27 10
380 9
25 12
463 92
407 36
466 95
394 23
385 14
435 64
5 30
33 4
486 115
474 105
36 1
4 31
454 83
420 49
416 45
7 28
383 12
437 66
18 17
402 31
441 72
406 35
15 20
482 111
477 106
507 136
509 138
34 3
494 123
444 73
413 42
451 80
501 130
481 110
422 51
499 128
414 43
488 119
379 8
495 124
438 73
470 99
423 52
456 85
12 23
502 131
26 11
395 24
415 44
28 9
424 53
412 41
399 28
418 47
445 74
439 68
452 81
468 97
404 33
408 37
462 91
487 116
484 113
503 132
443 76
506 135
467 96
384 13
458 87
439 72
498 127
16 19
438 69
398 27
461 90
391 20
381 10
492 121
8 27
469 98
508 137
496 125
505 134
22 13
396 25
443 72
392 21
0 35
465 94
475 104
21 14
459 88
442 71
490 119
30 7
426 55
377 6
489 118
432 61
382 11
375 4
401 30
460 89
421 50
485 114
20 16
19 17
394 24
454 84
384 16
451 81
461 91
6 30
382 12
439 71
442 76
476 106
432 62
380 10
438 70
425 55
372 2
443 73
491 121
37 1
376 6
415 45
487 121
500 130
433 63
509 139
5 31
474 104
437 69
485 115
374 4
397 27
437 67
511 141
483 113
402 32
420 50
18 18
31 7
16 20
479 109
431 61
460 90
377 7
437 73
413 43
13 23
449 79
405 35
406 36
467 97
375 5
481 111
0 36
383 13
444 74
424 54
463 93
508 138
457 87
466 96
35 3
379 9
417 47
484 114
486 116
410 40
398 28
407 37
14 22
506 136
488 120
409 39
403 33
442 72
438 72
7 29
435 65
469 99
33 7
408 38
482 112
453 83
464 94
423 53
488 118
4 32
385 15
404 34
34 4
503 133
400 30
502 132
489 119
392 22
510 140
456 86
22 14
495 125
450 80
443 75
487 119
32 6
499 129
38 0
498 128
501 131
493 123
490 120
473 103
391 21
15 21
438 68
17 19
396 26
8 28
26 12
477 107
27 11
411 41
459 89
473 105
504 134
436 66
468 98
465 95
418 48
419 49
505 135
492 122
29 9
421 51
426 56
486 117
491 122
379 10
419 50
19 18
14 23
396 27
433 64
35 4
449 80
10 27
16 21
503 134
29 10
437 72
400 31
4 33
424 55
31 8
21 16
454 85
498 129
416 47
460 91
9 28
404 35
481 112
505 136
452 83
510 141
468 99
473 104
506 137
432 63
487 118
382 13
411 42
442 75
509 140
502 133
399 30
501 132
484 115
397 28
465 96
450 81
369 0
490 121
500 131
504 135
434 65
493 124
15 22
477 108
423 54
511 142
458 89
469 100
418 49
497 128
489 120
483 114
383 14
492 123
27 12
374 5
437 68
401 32
430 63
371 2
417 48
494 125
431 62
391 22
26 13
415 46
482 113
0 37
420 51
402 33
376 7
377 8
8 29
378 9
451 82
459 90
508 139
456 87
388 19
20 17
476 107
29 14
467 98
37 2
28 13
389 20
28 11
435 66
39 0
463 94
392 25
453 84
36 3
372 3
38 1
436 67
455 86
410 41
33 6
438 71
414 45
375 6
390 21
32 7
408 39
392 23
18 21
6 31
3 34
7 30
30 9
18 19
407 38
393 24
413 44
443 74
478 109
442 73
385 16
436 73
460 93
488 121
22 15
464 95
23 14
17 20
425 56
405 36
384 15
462 94
23 15
393 25
437 71
502 134
0 38
450 82
29 11
401 33
459 91
453 85
412 44
471 105
7 31
468 100
372 4
457 89
482 114
491 123
38 2
32 8
385 17
383 15
480 112
484 116
37 3
389 21
16 22
403 35
382 14
497 129
485 117
433 65
418 50
449 81
39 1
19 19
21 17
451 83
496 128
483 115
26 14
469 101
432 64
499 131
481 113
435 67
456 88
27 13
489 121
506 138
388 20
493 125
405 37
394 26
476 108
406 38
6 32
429 63
392 24
505 137
467 99
455 87
413 45
380 12
477 109
368 0
417 49
396 28
5 33
397 29
373 5
463 95
415 47
472 104
28 12
15 23
494 126
508 140
395 27
419 51
381 13
510 142
19 21
20 18
452 84
11 27
501 133
3 35
375 7
498 130
424 56
434 66
36 4
427 59
486 118
458 90
34 6
4 34
8 30
28 14
377 9
460 92
436 72
399 31
391 23
500 132
10 28
1 37
387 19
422 54
404 36
24 14
400 32
369 1
442 74
509 141
18 22
17 21
504 136
410 42
390 22
465 97
423 55
461 93
431 63
398 30
35 5
379 11
408 40
31 9
511 143
371 3
29 13
503 135
436 68
402 34
430 64
459 92
381 14
399 32
432 65
9 30
390 23
31 10
502 135
6 33
474 107
418 51
427 60
489 122
37 4
496 131
403 36
401 34
41 0
397 30
23 16
468 101
396 29
493 126
16 23
408 41
456 89
370 3
477 112
483 116
375 8
497 130
504 137
7 32
509 144
424 57
428 67
367 0
410 43
415 48
453 86
402 35
407 40
451 84
434 67
476 109
386 19
40 1
416 49
452 85
484 117
404 37
412 45
25 14
511 144
422 55
26 15
30 11
36 5
464 97
4 35
1 38
448 81
411 44
490 123
495 128
19 20
369 2
368 1
12 27
380 13
393 26
387 20
376 9
480 113
428 63
482 115
450 83
377 10
406 39
20 21
382 15
394 27
27 14
414 47
436 71
379 12
398 31
501 134
503 136
409 42
435 68
417 50
509 142
426 59
485 118
508 141
400 33
373 6
433 66
35 6
475 108
378 11
32 9
11 28
405 38
477 110
465 98
21 18
388 21
471 104
462 95
457 90
413 46
430 65
39 2
385 18
8 31
435 72
24 15
3 38
429 66
499 132
0 39
429 62
510 143
498 131
2 37
454 87
421 54
505 138
17 22
470 105
371 4
395 28
38 3
467 100
30 13
20 19
431 64
372 5
28 15
461 94
29 12
391 24
478 111
441 74
509 145
478 112
427 61
448 82
42 0
41 1
466 100
31 11
510 144
456 90
428 66
37 5
39 3
390 24
384 18
10 30
481 115
428 64
497 131
20 20
467 101
453 87
496 130
404 38
17 23
0 40
468 102
436 70
11 29
410 44
479 113
429 65
24 16
3 37
429 67
2 38
377 11
412 46
500 136
379 13
27 15
465 99
434 68
408 42
417 51
474 108
434 72
458 92
36 6
489 123
456 92
426 60
367 1
380 14
40 2
394 28
8 32
496 132
484 118
22 18
498 132
383 17
500 134
375 9
374 8
433 67
369 3
476 110
483 117
25 15
5 35
428 62
403 37
409 43
499 133
432 66
406 40
423 57
415 49
389 23
460 98
425 59
32 10
7 33
473 107
416 50
482 116
371 5
494 128
35 7
440 74
6 34
366 0
23 17
511 145
480 114
493 127
508 142
420 54
372 6
405 39
464 98
13 27
470 104
413 47
9 31
461 97
443 79
386 20
393 27
376 10
398 32
449 83
457 91
382 16
435 69
399 33
452 86
387 21
4 36
395 29
431 65
1 39
461 95
397 31
12 28
418 52
401 35
469 103
378 12
35 9
504 138
381 15
368 2
477 111
451 85
422 56
447 81
463 97
503 137
30 12
38 4
502 136
411 45
370 5
415 50
39 4
40 3
462 97
383 18
497 132
390 25
504 139
460 95
452 87
507 142
42 1
27 16
16 27
9 32
7 34
483 118
494 129
408 43
0 41
460 97
366 1
372 7
430 67
32 11
475 110
468 103
390 27
428 65
31 12
397 32
431 66
399 34
380 15
479 114
26 17
433 68
457 92
417 52
16 25
38 5
440 75
435 70
387 22
405 40
35 8
444 79
473 108
489 124
427 62
482 117
17 24
384 19
374 9
423 58
407 42
379 14
37 6
453 88
425 60
398 33
495 130
465 100
394 29
501 136
10 31
382 17
492 127
455 90
424 59
416 53
378 13
386 21
11 30
389 24
474 109
412 47
5 36
410 45
420 55
376 11
4 37
469 104
401 36
510 145
403 38
448 83
446 81
461 98
511 146
1 40
451 86
456 91
392 27
367 2
25 16
461 96
484 119
21 20
476 111
498 133
432 67
419 54
406 41
402 37
22 19
35 10
12 29
464 99
467 102
409 44
503 138
478 113
13 28
23 18
416 51
426 61
2 39
393 28
443 80
458 93
368 3
33 10
445 80
14 27
36 7
463 98
505 140
388 23
377 12
385 20
500 135
24 17
396 31
434 71
422 57
481 116
454 89
404 39
381 16
427 66
413 48
414 49
8 33
15 27
395 31
463 99
511 147
9 33
40 4
465 101
414 50
466 102
1 41
14 28
493 129
397 33
366 2
449 85
370 6
502 138
464 100
367 3
373 9
413 49
453 89
488 124
386 22
0 42
375 11
6 36
378 14
431 67
468 104
439 75
364 0
27 17
434 70
421 57
32 12
422 58
462 98
390 28
423 59
392 28
385 21
412 48
504 140
381 17
409 45
2 40
474 110
398 34
499 135
459 95
483 119
451 87
415 51
505 141
475 111
387 23
39 7
408 44
445 81
427 65
5 37
16 26
424 60
377 13
461 99
444 80
12 30
419 55
447 83
457 93
478 114
405 41
410 46
503 139
402 38
426 62
482 118
480 116
403 39
23 19
376 12
35 11
372 8
417 53
42 2
432 68
430 68
411 47
365 1
492 128
394 30
380 16
25 17
438 76
460 96
393 29
420 56
383 19
384 20
455 91
17 25
10 32
433 69
43 1
507 143
448 84
18 24
390 26
452 88
400 36
501 137
7 35
459 97
494 130
36 8
401 37
41 3
407 43
34 10
17 27
498 134
399 35
406 42
396 32
467 103
510 146
371 7
479 115
416 52
440 76
489 125
473 109
22 20
39 5
389 25
382 18
38 6
497 133
369 5
374 10
388 24
368 4
37 7
450 86
454 90
46 3
38 7
437 76
370 7
450 87
411 48
395 32
423 60
373 10
444 81
446 83
17 26
431 68
375 12
489 128
445 82
366 3
492 129
457 94
28 17
22 21
483 120
430 69
374 11
504 141
14 29
381 18
422 59
392 29
417 54
389 26
474 111
403 40
439 76
18 25
396 33
510 147
2 43
29 16
397 34
377 14
480 117
379 16
13 30
383 20
413 50
25 18
368 5
475 112
390 29
372 9
380 17
454 91
503 140
432 69
481 118
8 35
412 49
6 37
371 8
15 28
365 2
43 2
410 47
451 88
491 128
463 100
37 8
364 1
45 2
400 37
414 51
468 105
448 85
458 95
406 43
488 125
466 103
384 21
472 109
494 131
433 70
388 25
2 41
398 35
459 96
10 33
376 13
0 43
498 135
34 11
41 4
462 99
32 13
39 6
447 84
465 102
426 63
409 46
464 101
44 1
440 77
473 110
425 62
511 150
23 20
40 5
420 57
415 52
391 28
363 0
497 134
476 113
511 148
11 32
12 31
501 138
387 24
382 19
7 36
378 15
502 139
479 116
418 55
385 22
42 3
407 44
3 40
452 89
424 61
487 124
402 39
30 15
405 42
408 45
477 114
469 106
394 31
482 119
401 38
449 86
453 90
399 36
507 144
404 41
426 65
410 48
444 82
30 16
503 141
481 119
417 55
377 15
511 151
464 102
3 43
375 13
18 26
507 145
440 78
15 29
456 96
456 94
494 132
510 148
466 104
9 35
425 63
419 57
380 18
496 134
364 2
402 40
2 42
469 107
388 26
45 3
33 13
8 36
4 40
373 11
493 131
31 15
421 59
23 21
498 136
46 2
396 34
488 126
1 43
474 112
34 12
372 10
473 111
41 5
383 21
485 123
424 62
411 49
476 114
395 33
457 95
406 44
445 87
509 147
365 3
28 18
446 84
475 113
471 109
436 76
404 42
437 75
400 38
477 115
40 6
439 77
11 33
468 106
45 1
366 4
490 128
508 146
393 31
46 4
397 35
392 30
420 58
418 56
453 91
414 52
369 7
506 144
29 17
467 105
472 110
486 124
413 51
450 88
451 89
407 45
489 127
458 96
505 143
362 0
382 20
378 16
497 135
37 9
511 149
10 34
504 142
12 32
394 32
423 61
381 19
44 2
412 50
462 100
386 24
376 14
491 129
432 70
482 120
13 31
3 41
399 37
492 130
374 12
452 90
367 5
14 30
503 143
379 17
384 22
448 86
370 8
447 85
38 8
465 103
391 29
7 37
43 3
426 64
479 117
405 43
385 23
398 36
25 19
409 47
501 139
401 39
431 69
502 140
446 86
0 44
492 131
26 19
1 44
488 127
431 70
504 143
418 57
47 0
33 14
486 125
451 90
420 59
31 16
392 31
381 20
421 60
47 2
454 93
29 18
19 26
417 56
12 33
480 119
402 41
391 30
491 130
374 13
477 116
383 22
482 121
7 38
499 138
30 17
484 123
379 18
452 91
476 115
15 30
6 39
473 112
45 4
42 5
481 120
467 108
502 141
470 109
24 21
0 45
439 78
462 101
395 34
464 103
382 21
405 44
494 133
401 40
46 1
366 5
410 49
412 51
498 137
485 124
411 50
505 144
21 24
372 11
398 37
367 6
456 95
422 61
393 32
490 129
448 87
509 148
445 88
413 52
38 9
507 146
493 132
508 147
497 136
13 32
496 135
400 39
41 6
11 34
32 15
373 12
34 13
361 0
423 62
386 25
380 19
32 17
444 83
449 88
446 87
474 113
469 108
378 17
16 29
510 149
435 74
388 27
364 3
479 118
465 104
10 35
457 96
5 40
29 20
396 35
471 110
394 33
506 145
25 20
408 47
455 94
377 16
368 7
407 46
478 117
445 84
369 8
406 45
375 14
403 42
8 37
446 85
510 151
463 102
436 75
467 106
14 31
3 42
387 26
44 3
399 38
397 36
43 4
425 64
414 53
503 142
468 107
501 140
376 15
409 48
385 24
20 25
475 114
365 4
387 27
481 121
397 37
499 139
471 111
21 25
20 26
47 1
505 145
465 105
9 37
369 9
409 49
406 46
479 119
378 18
404 44
414 54
0 46
395 35
391 31
485 125
500 140
418 58
14 32
34 14
374 14
30 18
468 108
371 11
434 74
365 5
361 1
407 47
366 6
396 36
376 16
477 117
384 24
43 5
462 102
48 0
385 25
403 43
19 27
475 115
8 38
416 56
492 132
438 78
402 42
487 127
473 113
29 21
28 20
455 95
490 130
458 98
494 134
443 83
13 33
508 148
39 9
25 21
420 60
37 11
392 32
364 4
478 118
12 34
413 53
457 97
381 21
383 23
417 57
472 112
483 123
498 138
497 137
452 92
451 91
1 45
370 10
411 51
22 24
504 144
502 142
26 20
424 64
495 135
480 120
476 116
446 88
17 29
467 107
44 4
15 31
35 13
453 93
470 110
29 19
506 146
493 133
375 15
16 30
42 6
362 2
40 8
463 103
367 7
454 94
445 85
412 52
399 39
377 17
447 87
464 104
509 151
363 3
31 17
386 26
393 33
36 12
368 8
410 50
435 75
32 16
449 89
491 131
372 12
380 20
11 35
379 19
373 13
45 5
421 61
10 36
474 114
33 15
405 45
360 0
431 71
4 42
7 39
509 149
501 141
400 40
6 40
422 62
507 147
21 26
369 10
409 50
385 26
472 113
8 39
400 41
493 134
421 62
26 21
407 48
389 30
418 59
451 92
473 114
398 39
22 25
476 117
447 88
393 34
378 19
390 31
469 110
470 111
43 6
443 84
384 25
494 135
497 138
42 7
420 61
377 18
490 131
506 147
366 7
402 43
16 31
399 40
430 71
373 14
383 26
489 130
416 57
492 133
365 6
405 46
387 28
406 47
462 103
500 141
428 69
501 142
370 11
31 18
30 19
481 122
379 20
480 121
411 52
408 49
48 1
41 8
374 15
383 24
412 53
6 41
11 36
23 24
359 0
486 127
368 9
37 12
431 72
382 23
464 105
487 128
424 65
463 104
495 136
0 47
496 137
448 89
434 75
367 8
457 98
453 94
20 27
425 66
475 116
44 5
35 14
49 0
5 42
13 34
438 79
36 13
491 132
403 44
488 129
12 35
478 119
499 140
458 99
465 106
10 37
33 16
372 13
413 54
509 150
28 21
34 15
18 29
466 107
380 21
444 85
468 109
15 32
433 74
376 17
454 95
394 35
361 2
507 148
9 38
381 22
485 126
401 42
471 112
483 124
459 100
508 149
386 27
27 20
38 11
40 9
396 37
2 45
391 32
362 3
423 64
504 145
363 4
382 24
9 39
363 5
4 44
412 54
420 62
461 103
404 46
49 1
448 90
365 7
377 19
439 81
388 30
465 107
358 0
443 85
503 145
462 104
366 8
447 89
383 27
17 31
407 49
405 47
374 16
27 21
486 128
1 47
390 32
391 33
495 137
31 19
6 42
507 149
387 29
21 27
8 40
372 14
428 70
425 67
427 69
380 22
419 61
505 147
28 22
392 34
371 13
20 28
368 10
477 119
424 66
40 10
456 98
508 150
469 111
406 48
504 146
385 27
408 50
490 132
482 124
364 6
394 36
43 7
473 115
42 8
485 127
440 82
396 38
375 17
409 51
12 36
20 30
19 29
376 18
36 14
478 120
382 26
379 21
487 129
494 136
35 15
479 121
454 96
41 9
37 13
402 44
480 122
459 101
481 123
378 20
23 25
5 43
463 105
384 26
457 99
13 35
468 110
493 135
501 143
10 38
464 106
386 28
415 57
497 139
360 2
506 148
430 72
435 77
475 117
410 52
25 23
362 4
434 76
500 142
460 102
50 0
488 130
499 141
458 100
431 73
413 55
437 79
23 27
34 16
45 7
496 138
389 31
416 58
16 32
476 118
38 12
373 15
3 45
453 95
24 24
418 60
397 39
491 133
398 40
400 42
492 134
22 26
471 113
432 74
7 41
370 12
423 65
44 6
359 1
395 37
470 112
451 93
369 11
18 30
393 36
469 112
430 73
485 128
28 23
447 90
480 123
477 120
490 133
37 14
405 48
41 10
410 53
359 2
362 5
450 93
408 51
396 39
5 44
466 109
439 82
376 19
486 129
497 140
358 1
489 132
44 7
448 91
406 49
380 23
395 38
414 57
404 47
434 77
437 80
18 31
401 44
6 43
435 78
479 122
409 52
433 76
45 8
15 34
436 79
458 101
371 14
471 114
493 136
26 23
399 42
372 15
503 146
365 8
49 2
463 106
418 61
457 100
402 45
363 6
374 17
419 62
422 65
487 130
4 45
460 103
438 81
40 11
390 33
50 1
378 21
428 71
429 72
442 85
379 22
451 94
43 8
461 104
397 40
423 66
357 0
484 127
3 46
19 30
499 142
465 108
411 54
420 63
384 27
478 121
452 95
491 134
35 16
33 18
455 98
421 64
373 16
464 107
426 69
11 40
17 32
500 143
476 119
1 48
496 141
403 46
34 17
506 149
440 83
36 15
368 11
505 148
425 68
454 97
21 28
427 70
431 74
398 41
432 75
498 141
475 118
369 12
8 41
392 35
492 135
416 59
473 116
51 0
458 103
31 20
39 12
389 32
2 47
32 19
459 102
383 28
25 24
14 35
474 117
495 138
468 111
494 137
507 150
10 39
386 29
413 56
407 50
12 37
364 7
367 10
382 25
20 29
361 4
13 36
482 125
38 13
370 13
23 26
27 22
388 31
42 9
24 25
412 55
502 145
22 27
496 139
7 42
472 116
386 30
381 25
448 92
395 39
359 3
497 141
388 32
415 59
421 65
380 24
358 2
505 149
384 28
430 74
398 42
44 8
496 140
466 110
486 130
425 69
361 5
405 49
458 102
420 64
450 94
401 45
417 61
48 4
27 23
2 48
11 39
471 115
45 9
392 36
387 31
34 18
469 113
385 29
24 26
439 83
463 107
478 122
364 8
470 114
442 86
437 81
400 44
459 103
511 155
25 25
465 109
33 19
500 144
402 46
389 33
12 38
372 16
433 79
454 98
379 23
10 40
6 44
403 47
367 11
38 14
16 34
37 15
376 20
449 93
406 50
369 13
461 105
510 154
391 35
484 128
408 52
427 71
36 16
41 11
477 121
498 142
4 46
485 129
504 148
499 143
26 24
426 70
399 43
455 101
434 78
32 20
490 134
429 73
7 43
9 41
50 2
433 77
390 34
15 35
370 14
503 147
494 138
42 10
13 37
462 106
17 33
414 58
447 91
371 15
457 101
360 4
3 47
409 53
419 63
473 117
436 80
19 31
362 6
468 112
464 108
475 119
432 76
407 51
474 118
393 37
416 60
destination
