map
random512-20-6.map
pivot
217 427
agent & start
474 84
489 99
503 113
395 5
422 34
483 93
35 11
19 25
477 87
14 30
396 6
406 16
407 17
485 95
442 52
428 38
430 40
43 3
450 62
33 13
398 10
42 4
506 118
394 4
440 50
409 19
32 14
458 70
11 33
501 111
10 34
410 20
17 27
420 30
429 41
495 105
413 23
458 68
499 109
424 36
411 21
402 12
6 38
491 101
488 98
392 2
46 0
427 37
419 29
473 83
45 1
8 36
405 17
431 41
426 36
506 116
441 51
31 15
443 53
44 2
505 115
478 88
500 110
403 13
396 8
425 35
439 49
493 103
429 39
13 31
470 80
7 37
30 14
34 12
487 97
484 94
462 72
421 33
450 60
455 67
480 90
453 63
27 17
16 28
463 73
511 121
486 96
37 9
9 35
29 15
0 44
496 106
412 22
466 76
399 9
469 79
451 61
25 19
492 102
415 25
400 10
510 120
26 18
417 27
457 67
433 43
468 78
26 20
498 108
452 62
461 71
494 104
476 86
509 119
401 11
448 58
408 18
508 118
459 69
445 55
12 32
454 64
432 42
490 100
28 16
22 22
418 28
456 66
464 74
476 87
4 41
457 68
34 13
417 28
28 17
415 26
17 28
418 29
420 33
416 27
10 35
407 18
391 2
447 58
504 117
398 11
400 11
508 119
441 52
392 3
47 0
7 38
37 10
462 73
430 41
9 36
411 22
408 19
15 30
395 6
395 8
487 98
44 3
489 100
414 25
470 81
492 103
38 9
438 49
42 5
406 17
504 115
495 106
46 1
491 102
12 33
511 122
450 61
1 44
436 47
20 25
448 59
442 53
509 120
421 34
35 12
500 111
502 113
497 108
473 84
482 93
32 15
461 72
450 63
453 64
440 51
389 0
452 63
486 97
451 62
destination
