map
random512-40-3.map
pivot
327 294
agent & start
197 304
131 128
140 113
121 154
120 147
150 111
160 257
150 109
154 253
151 254
212 439
141 112
135 114
152 255
121 146
128 131
198 303
214 443
161 258
154 307
150 255
130 127
159 256
152 113
155 254
153 254
155 306
213 442
148 257
158 255
152 307
153 308
142 111
129 128
128 129
196 304
152 114
150 256
212 440
141 113
136 114
151 255
149 257
139 115
130 128
153 307
214 442
140 114
122 154
159 257
142 112
153 115
154 306
129 129
155 255
150 110
135 115
158 256
121 147
160 258
129 131
143 263
198 302
154 254
152 306
223 434
154 255
141 114
135 116
160 259
139 116
169 268
142 113
122 147
130 131
153 116
158 257
136 115
197 302
144 263
140 115
156 255
153 306
152 115
129 130
130 129
196 303
157 296
214 441
123 154
151 256
143 264
168 271
150 257
122 153
213 440
149 110
154 117
223 433
151 257
169 269
146 262
139 117
138 116
224 434
167 271
153 305
156 256
156 296
145 263
136 116
144 264
147 261
157 297
154 118
197 301
141 115
131 131
168 268
153 117
168 270
156 302
130 130
148 110
215 441
222 432
150 258
155 257
157 257
123 147
123 153
154 256
196 302
152 116
159 259
143 113
214 440
136 117
138 117
145 264
225 434
227 434
153 258
152 117
147 262
141 116
155 302
123 152
215 440
146 263
144 113
135 126
148 261
148 111
156 301
156 297
146 267
124 147
153 118
166 271
152 257
142 115
168 269
224 433
167 270
140 117
196 301
134 125
154 257
223 432
140 119
147 112
155 296
131 130
222 431
150 259
153 304
124 153
156 257
159 260
168 267
146 266
136 126
167 267
225 433
166 270
141 119
226 434
132 130
221 431
155 301
149 261
124 152
148 112
135 125
136 118
125 147
154 258
139 119
146 264
143 115
152 304
137 117
144 114
227 433
214 438
167 269
156 300
156 258
152 118
147 303
215 439
165 271
125 153
195 301
151 259
153 303
147 113
224 432
152 258
148 262
147 267
158 260
155 297
194 302
142 116
148 304
156 298
135 127
140 118
145 113
134 126
146 115
147 264
224 431
152 259
151 260
148 303
193 302
142 117
166 269
158 261
143 116
214 437
156 259
146 265
149 262
154 259
138 119
125 152
216 439
137 118
165 270
149 304
145 114
154 301
136 119
147 302
226 433
142 119
124 151
133 130
147 266
125 148
156 299
152 303
154 297
149 114
194 301
136 125
159 262
147 114
132 129
166 267
141 118
126 153
215 438
134 127
151 118
148 113
220 431
151 303
155 259
158 262
147 301
165 267
225 431
149 303
153 301
217 439
149 115
220 432
164 266
154 298
155 299
133 129
224 430
147 265
226 432
148 114
143 117
159 263
148 264
153 297
148 266
126 152
147 115
142 118
152 260
152 302
145 115
125 149
154 300
150 118
136 124
193 301
134 130
215 437
156 260
155 121
137 119
149 263
143 119
134 128
165 269
125 151
136 120
153 298
149 116
217 438
156 261
126 151
148 115
137 120
148 265
143 118
150 263
216 437
226 431
154 299
163 266
136 123
147 116
145 196
149 302
143 196
152 301
193 298
135 130
193 300
145 116
155 122
151 302
149 266
125 150
154 121
165 268
147 300
220 433
153 300
157 262
158 263
155 260
149 264
151 262
134 129
152 261
164 267
148 301
150 117
219 432
225 430
164 268
163 267
165 121
192 298
217 437
153 299
154 124
192 300
191 301
147 297
145 117
153 261
226 430
219 433
135 129
193 299
149 265
152 300
143 195
152 262
144 196
157 263
137 121
147 299
155 123
150 264
148 116
151 263
160 122
149 117
150 266
150 302
153 121
145 197
126 150
136 122
154 122
136 130
149 301
218 438
162 122
155 261
144 118
152 299
156 123
151 300
148 297
144 193
154 197
152 121
153 262
154 123
145 118
150 265
162 267
137 122
147 298
136 129
162 269
218 437
127 150
155 262
161 122
149 300
144 195
191 300
153 124
163 122
148 117
192 299
154 261
146 197
151 264
217 436
227 430
150 301
166 121
190 301
163 268
164 121
157 264
162 123
160 123
151 266
146 117
218 433
146 118
153 197
153 123
154 198
157 123
218 436
218 434
160 270
161 269
145 119
150 300
151 121
128 150
190 300
155 199
157 265
147 197
232 432
153 263
163 123
161 123
148 118
145 193
191 299
154 262
144 194
164 122
151 299
122 160
162 268
136 128
228 430
217 435
152 122
161 267
148 298
166 122
138 122
151 265
145 194
160 267
157 124
destination
