map
random512-15-1.map
pivot
363 91
agent & start
278 504
95 321
83 311
168 394
119 347
488 466
503 451
272 500
262 490
115 343
81 309
113 341
123 351
486 468
27 255
156 384
136 364
154 382
38 264
245 473
242 470
211 439
181 407
69 297
494 460
162 390
448 506
133 361
208 436
104 332
283 509
207 435
51 279
249 477
215 443
478 476
117 345
459 495
201 429
139 367
23 251
122 350
25 253
446 508
230 458
200 428
443 511
474 480
26 254
217 445
452 502
65 293
257 485
481 473
241 469
458 496
266 494
168 396
251 479
93 321
228 456
112 340
87 315
37 265
252 480
15 243
55 283
480 474
152 380
495 459
165 393
33 261
447 507
225 451
95 323
497 457
137 365
7 235
67 295
129 357
455 499
466 488
100 328
236 464
510 444
46 274
35 263
502 452
460 494
451 503
203 431
86 314
171 399
42 270
277 503
149 377
12 240
212 440
185 413
214 442
4 232
52 280
186 414
44 272
20 248
273 501
450 504
91 319
254 482
3 231
62 290
239 467
58 286
49 277
163 391
97 321
190 418
164 392
45 273
485 469
276 502
205 433
96 324
18 246
89 317
275 501
56 284
188 416
467 487
118 346
285 511
116 344
106 334
462 492
224 452
248 476
54 282
120 348
471 483
63 291
96 322
229 457
196 424
444 510
177 405
281 507
483 471
48 276
78 306
235 463
153 381
449 505
71 299
17 245
282 508
219 447
167 395
34 262
160 388
130 358
101 329
213 441
457 497
76 304
198 426
19 247
170 398
108 336
155 383
250 478
453 501
246 474
159 387
16 244
469 485
255 483
21 249
151 379
97 325
141 369
270 498
172 400
176 404
470 484
182 410
256 484
508 446
496 458
194 422
476 478
140 368
126 354
479 475
454 500
482 472
74 302
1 229
183 411
98 326
166 394
61 289
468 486
202 430
232 460
175 403
150 378
64 292
489 465
507 447
221 449
210 438
68 296
490 464
187 415
271 499
40 268
199 427
128 356
103 331
461 493
233 461
121 349
143 371
174 402
66 294
47 275
280 506
238 466
445 509
146 374
216 444
501 453
41 269
244 472
80 308
267 495
243 471
94 322
197 425
253 481
30 258
279 505
237 465
218 446
505 449
111 339
88 316
157 385
70 298
204 432
456 498
498 456
472 482
28 256
53 281
79 307
0 228
258 486
477 477
72 300
77 305
223 451
231 459
29 257
274 502
499 455
105 333
2 230
184 412
138 366
181 409
84 312
191 419
73 301
43 271
50 278
124 352
9 237
473 481
220 448
31 259
161 389
148 376
110 338
206 434
173 401
90 318
75 303
109 337
479 474
504 449
248 475
206 433
197 424
8 235
256 483
457 496
96 323
22 249
453 500
9 236
442 511
172 399
101 328
41 268
19 246
151 378
109 336
146 373
510 443
1 228
190 417
10 237
30 257
249 476
157 384
65 292
43 270
27 254
238 465
483 468
52 279
127 354
489 464
168 395
112 339
209 436
189 416
83 310
111 338
234 461
29 256
228 455
237 464
271 498
257 484
150 377
223 450
186 413
480 473
153 380
104 331
110 337
75 302
165 390
484 469
203 430
447 506
158 385
103 330
448 505
28 255
505 448
46 273
229 456
243 470
272 499
91 318
88 315
68 295
45 272
192 419
37 264
444 509
452 501
97 324
456 497
478 475
468 485
78 305
199 426
155 382
205 432
239 466
87 314
163 390
79 306
276 501
267 494
31 258
460 493
467 486
461 492
77 304
233 460
60 287
2 229
482 471
218 445
16 243
498 455
121 348
147 374
15 242
149 376
202 429
35 262
64 291
198 425
246 473
164 391
114 341
177 404
84 311
500 453
97 322
169 396
116 343
94 321
165 392
67 294
470 483
182 409
279 502
506 447
247 474
72 299
508 445
280 505
222 449
117 344
21 248
98 325
105 332
81 308
220 447
62 289
184 411
477 476
38 263
443 510
231 458
44 271
487 466
281 506
73 300
129 356
113 340
133 360
126 353
224 451
173 400
161 388
266 493
210 437
253 480
476 477
244 471
118 345
12 239
122 349
438 511
187 414
59 286
61 286
503 450
106 333
61 288
58 285
195 422
475 478
219 446
196 423
175 402
472 481
89 316
242 469
100 327
54 281
263 490
496 457
283 508
140 367
466 487
138 365
137 364
119 346
254 481
13 240
32 259
23 250
11 238
141 368
57 284
49 276
455 498
108 335
255 482
56 283
183 410
26 253
51 278
55 282
200 427
134 361
179 406
473 480
445 508
17 244
248 473
115 342
211 438
70 297
251 478
258 485
44 269
450 503
42 269
128 355
47 274
252 479
286 511
494 459
216 443
53 280
107 334
174 401
507 446
207 434
185 412
182 407
4 231
213 440
69 296
278 503
451 502
275 500
34 261
148 375
20 247
131 358
491 462
474 479
488 465
481 472
230 457
501 452
208 435
154 381
124 351
193 420
63 290
71 298
454 499
236 463
282 507
201 428
0 227
39 264
92 319
90 317
493 460
458 495
40 267
273 500
3 230
139 366
204 431
274 501
215 442
178 405
82 309
166 393
188 415
459 494
486 467
259 486
144 371
170 397
80 307
162 389
462 491
125 352
180 407
181 408
33 260
50 277
123 350
212 439
471 482
490 463
277 502
167 394
160 387
485 468
210 436
212 438
124 350
76 302
133 359
157 383
24 250
449 503
30 256
189 415
246 472
207 433
283 507
276 500
272 498
0 226
41 267
92 318
70 296
60 286
27 253
191 417
184 410
18 244
17 243
15 241
90 316
195 421
138 364
44 268
37 263
234 460
474 478
87 313
68 294
197 423
495 457
257 483
115 341
199 425
16 242
498 454
237 463
47 273
482 468
34 260
101 327
109 335
471 481
259 485
77 303
497 455
99 325
502 450
108 334
159 385
83 309
182 408
186 412
86 312
139 365
23 249
192 418
7 233
216 442
126 352
31 257
485 467
488 464
148 374
19 245
445 507
106 332
117 343
254 480
206 432
73 299
13 237
98 322
56 282
29 255
100 326
219 445
267 493
151 377
231 457
479 473
201 427
69 295
154 380
260 486
40 264
107 333
8 234
44 270
179 405
248 474
453 499
442 510
64 290
43 269
466 486
268 494
239 465
447 505
208 434
111 337
93 319
132 358
89 315
139 363
478 474
70 294
131 357
11 237
75 301
52 278
504 448
252 478
444 508
480 472
20 246
104 330
468 484
506 446
53 279
61 287
284 508
172 398
165 389
509 443
153 379
50 276
458 494
116 342
85 311
489 463
435 511
14 240
493 459
507 445
178 404
149 375
59 285
487 465
125 351
484 468
42 268
145 371
13 239
196 422
263 489
459 493
501 451
40 266
460 492
80 306
144 370
455 497
215 441
258 484
112 338
12 238
233 459
66 292
118 344
461 491
1 227
490 462
48 274
4 230
437 511
187 413
448 504
274 500
10 236
475 477
220 446
245 471
114 340
256 482
247 473
505 447
165 391
188 414
82 308
169 395
279 503
121 347
203 429
171 397
476 476
281 505
3 229
134 360
439 511
282 506
67 293
198 424
74 300
123 349
469 483
473 479
142 368
510 442
452 500
244 470
443 509
200 426
46 272
500 452
287 511
477 475
135 361
78 304
143 369
155 381
472 480
255 481
470 482
278 502
62 288
275 499
150 376
120 346
243 469
71 293
152 378
223 449
33 259
162 388
160 386
213 439
194 420
128 354
57 283
494 458
491 461
193 419
209 435
141 367
84 310
503 449
498 452
264 490
22 248
511 441
249 475
205 431
229 455
32 258
51 277
146 372
81 307
170 396
266 492
156 382
49 275
25 251
277 501
456 496
35 261
163 389
28 254
451 501
224 450
72 298
36 262
454 498
71 297
94 320
499 453
161 387
175 401
97 323
180 406
110 336
457 495
140 366
65 291
279 501
280 504
253 479
167 393
55 281
174 400
129 355
481 471
25 250
37 262
230 455
102 327
88 313
174 399
238 463
109 334
257 482
467 484
36 261
228 453
443 508
496 455
189 414
245 470
176 401
70 293
445 504
26 251
9 234
56 281
468 483
466 485
263 488
167 392
464 487
35 260
155 380
119 344
99 322
54 279
159 384
41 266
170 395
487 464
7 232
31 256
120 345
186 411
195 420
6 231
287 510
219 444
482 469
454 497
265 490
90 315
254 479
445 506
494 457
175 400
202 427
448 503
437 510
17 242
74 299
163 388
501 450
273 498
258 483
154 379
435 510
444 507
67 292
171 396
471 480
223 448
217 442
204 429
101 326
462 489
505 446
485 466
282 505
507 444
503 448
489 462
114 339
439 510
486 465
474 477
94 319
456 495
493 458
93 318
277 500
104 329
499 452
206 431
53 278
451 500
236 461
190 415
259 484
71 296
81 306
99 324
106 331
511 440
261 486
24 249
58 283
149 374
200 425
157 382
45 270
64 289
472 479
502 449
153 378
80 305
205 430
115 340
192 417
197 422
16 241
19 244
141 366
172 397
235 460
495 456
278 501
162 387
453 498
108 333
83 308
destination
