map
random512-20-9.map
pivot
107 200
agent & start
510 508
511 507
511 506
510 507
509 508
511 505
507 509
511 503
508 508
510 506
509 507
506 509
507 508
511 504
509 506
510 503
508 506
510 504
507 507
505 509
509 504
504 509
507 506
506 507
508 503
505 508
505 507
497 511
508 504
508 502
507 505
504 508
501 511
506 506
497 510
507 504
502 509
500 511
498 511
505 506
504 507
510 501
506 505
503 508
509 502
501 510
509 501
500 510
502 508
510 500
498 510
503 507
501 509
506 504
505 505
499 511
509 500
505 504
500 509
498 509
499 510
502 507
503 506
504 505
499 509
504 504
509 499
501 507
508 500
503 505
502 506
500 508
511 497
500 507
505 502
499 508
502 505
501 506
511 496
510 497
508 499
504 503
503 504
503 503
508 498
510 496
504 502
505 501
500 506
506 500
501 505
499 507
509 497
503 502
509 496
501 504
500 505
495 510
505 500
508 497
502 503
510 495
498 507
496 509
506 499
504 501
499 505
508 496
503 501
506 498
501 503
493 511
496 508
500 504
511 493
505 499
498 506
509 495
494 510
495 509
502 502
504 500
507 496
492 509
505 498
499 504
508 495
502 501
498 505
501 502
496 507
509 494
507 494
500 503
497 506
503 500
492 511
495 508
510 493
511 492
506 497
493 510
501 501
509 493
506 496
493 509
492 510
503 499
492 508
491 511
507 495
498 504
502 500
496 506
510 492
495 507
494 508
499 503
511 491
500 502
508 494
504 498
497 505
506 494
496 505
500 501
502 499
495 506
499 502
508 493
491 510
505 496
490 511
509 492
501 500
498 503
504 497
493 508
506 495
511 490
503 498
501 499
498 502
511 489
502 498
497 503
504 496
499 501
489 511
495 505
508 492
505 495
493 507
490 510
509 491
503 497
500 500
494 506
493 506
488 511
destination
