map
random512-25-4.map
pivot
471 495
agent & start
74 92
141 25
138 28
127 39
47 119
87 79
123 43
29 137
136 30
48 118
76 90
149 17
39 127
163 5
46 120
72 94
6 160
30 136
120 48
9 159
54 112
132 34
124 42
88 78
43 125
118 50
24 142
135 31
104 62
101 65
162 6
7 161
128 38
158 8
81 85
36 130
146 20
168 0
4 162
43 123
99 67
14 152
3 163
100 66
19 147
18 148
142 24
40 126
121 45
27 139
31 135
151 15
150 18
55 111
152 14
63 103
116 50
8 162
22 144
164 6
106 60
60 106
98 68
155 11
143 23
85 81
41 125
56 110
89 77
150 16
23 143
115 51
105 61
97 69
130 36
11 155
166 0
114 52
46 122
163 3
0 166
129 37
153 13
33 133
73 93
17 149
95 73
94 72
156 10
57 109
38 128
61 105
10 156
34 132
95 71
157 11
161 7
139 27
157 9
42 124
104 64
80 86
8 158
35 131
165 1
131 35
71 95
79 87
105 65
34 133
158 9
57 110
147 20
99 68
165 2
132 35
97 70
167 0
125 42
150 19
41 126
73 94
163 4
55 112
24 143
151 16
20 147
143 24
9 158
29 138
135 32
123 44
148 19
43 124
45 122
74 93
149 18
23 144
157 10
30 137
90 77
164 5
166 1
146 21
122 45
164 3
10 159
105 64
105 62
28 139
155 12
37 130
77 92
152 15
138 29
12 155
98 69
115 52
80 87
106 61
31 136
107 60
25 142
131 36
5 162
85 82
19 148
10 157
38 129
7 162
44 125
117 50
35 132
154 13
81 86
162 7
18 149
49 118
72 95
101 66
141 26
36 131
124 43
1 166
129 38
128 39
64 103
75 92
94 73
47 120
77 90
91 76
56 111
71 96
4 163
0 167
136 31
120 49
88 79
95 72
168 1
6 161
48 119
139 28
40 127
54 113
165 6
14 153
61 106
144 23
78 93
27 140
130 38
17 151
165 5
12 156
52 116
101 67
21 147
5 163
166 2
148 20
141 27
96 72
38 130
25 143
55 113
115 53
56 112
82 86
1 169
90 78
154 14
120 50
36 132
137 31
124 44
24 144
62 106
166 6
98 70
11 157
19 149
10 158
61 107
158 10
78 90
92 76
132 36
34 134
75 93
165 7
155 13
163 7
117 51
40 128
146 22
64 104
138 30
11 159
30 138
108 60
29 139
37 131
91 77
153 15
149 19
86 82
129 39
88 80
44 124
6 162
167 1
73 95
74 94
1 167
18 150
162 8
71 97
22 146
94 74
136 32
15 153
63 105
140 28
45 123
143 25
57 111
65 103
41 127
2 166
164 4
32 136
123 45
81 87
27 141
99 69
87 81
116 52
49 119
17 153
13 155
0 168
16 152
105 63
107 61
125 43
106 64
89 79
152 16
78 92
48 120
72 96
77 93
35 133
144 24
25 144
92 77
77 94
116 53
14 155
48 121
154 15
88 81
153 16
86 83
101 68
123 46
12 157
23 146
165 8
93 76
24 145
120 51
87 82
97 72
52 117
31 138
106 63
22 147
152 17
62 107
53 116
155 14
26 143
90 79
6 163
88 83
58 111
37 132
41 128
141 28
166 7
108 61
11 158
100 69
3 166
79 90
117 52
133 36
32 137
16 153
21 148
146 23
35 134
85 84
107 62
142 27
159 10
57 112
75 94
66 103
56 113
18 151
167 2
65 104
137 32
83 86
71 98
45 124
2 167
109 60
156 13
149 20
136 33
38 131
89 80
5 164
28 141
73 96
163 8
139 30
49 120
130 39
34 135
15 154
94 75
17 152
64 105
76 93
127 42
63 106
82 87
40 129
27 142
143 26
144 25
30 139
165 4
55 114
0 169
72 97
20 149
21 150
124 45
78 91
148 21
138 31
13 156
1 168
99 70
19 150
125 44
144 26
26 144
142 28
95 75
97 73
35 135
38 132
56 114
42 128
31 139
90 80
146 24
160 10
22 148
18 152
53 117
127 43
49 121
154 16
166 8
149 21
83 87
120 52
37 133
103 67
74 96
86 84
43 127
135 35
54 116
100 70
140 30
107 63
80 90
19 151
88 82
66 104
55 115
92 78
156 14
12 158
167 3
89 81
48 122
89 83
20 150
75 95
96 74
36 134
94 76
27 143
109 61
129 41
145 25
155 15
41 129
25 145
24 146
16 154
79 91
77 95
118 52
13 157
99 71
143 27
130 40
165 9
101 69
159 11
134 36
124 46
157 13
144 28
93 77
141 29
152 18
72 98
destination
